{"d":[{"c":{"r":[-0.9980267286300659,2.3263293513764439e-8,0.06279018521308899,2.3877728239085628e-8,1,9.035135306589837e-9,-0.06279018521308899,1.0516593818010734e-8,-0.9980267286300659],"p":[16.501,55.166,-1082.821]},"t":0.073},{"c":{"r":[-0.992965579032898,-2.608469529263857e-8,-0.11840353161096573,-2.1820170559294639e-8,1,-3.731321740474414e-8,0.11840353161096573,-3.446715624022545e-8,-0.992965579032898],"p":[16.501,55.166,-1082.821]},"t":0.637},{"c":{"r":[-0.992965579032898,-6.806031649375655e-8,-0.11840329319238663,-6.28800762569881e-8,1,-4.748658710695963e-8,0.11840329319238663,-3.970733786218261e-8,-0.992965579032898],"p":[16.556,55.166,-1082.357]},"t":0.707},{"c":{"r":[-0.9929654598236084,8.289664776839345e-8,-0.11840423941612244,7.430750770254235e-8,1,7.695550152675423e-8,0.11840423941612244,6.761583648540182e-8,-0.9929654598236084],"p":[16.672,55.166,-1081.388]},"t":0.781},{"c":{"r":[-0.9929654598236084,-2.934239073937306e-9,-0.11840423941612244,-1.5087646687561574e-9,1,-1.2128684723222705e-8,0.11840423941612244,-1.1864720761423087e-8,-0.9929654598236084],"p":[16.774,54.487,-1080.527]},"t":0.852},{"c":{"r":[-0.9929654598236084,-6.21687803459281e-8,-0.11840423941612244,-5.4226696022396939e-8,1,-7.029764503840852e-8,0.11840423941612244,-6.338246549830728e-8,-0.9929654598236084],"p":[16.89,53.931,-1079.56]},"t":0.924},{"c":{"r":[-0.9929654598236084,5.638304756416801e-8,-0.11840423941612244,4.8260236695796269e-8,1,7.146957159420708e-8,0.11840423941612244,6.525259976797315e-8,-0.9929654598236084],"p":[16.999,53.868,-1078.646]},"t":0.995},{"c":{"r":[-0.9929654598236084,2.711588731330039e-9,-0.11840423941612244,2.681342259336361e-9,1,4.1475278766966996e-10,0.11840423941612244,9.435290049264467e-11,-0.9929654598236084],"p":[17.108,53.912,-1077.731]},"t":1.066},{"c":{"r":[-0.9975640177726746,-6.742003932913576e-8,-0.06975659728050232,-6.108486161338078e-8,1,-9.29514598624337e-8,0.06975659728050232,-8.84639561604672e-8,-0.9975640177726746],"p":[17.208,53.915,-1076.87]},"t":1.135},{"c":{"r":[-0.9975640177726746,3.692144900924177e-8,-0.06975659728050232,3.286033845029124e-8,1,5.9365827809187979e-8,0.06975659728050232,5.6928989522475607e-8,-0.9975640177726746],"p":[17.278,53.915,-1075.897]},"t":1.207},{"c":{"r":[-0.9975640177726746,1.4956109239960825e-8,-0.06975659728050232,1.3594156023088999e-8,1,1.9999074396537254e-8,0.06975659728050232,1.900207458049863e-8,-0.9975640177726746],"p":[17.338,53.915,-1075.031]},"t":1.276},{"c":{"r":[-0.9975640773773193,-6.343858416357762e-8,-0.06975635886192322,-5.620282195195614e-8,1,-1.0569171848828774e-7,0.06975635886192322,-1.0151375562372778e-7,-0.9975640773773193],"p":[17.402,53.915,-1074.112]},"t":1.346},{"c":{"r":[-0.9975640773773193,2.1842742725652898e-8,-0.06975635886192322,1.915152658682473e-8,1,3.924899871776688e-8,0.06975635886192322,3.781745050446261e-8,-0.9975640773773193],"p":[17.467,53.915,-1073.193]},"t":1.416},{"c":{"r":[-0.9975640773773193,1.6954718518036317e-8,-0.06975635886192322,1.5012975751460546e-8,1,2.836033452524589e-8,0.06975635886192322,2.7244000833093197e-8,-0.9975640773773193],"p":[17.531,53.915,-1072.273]},"t":1.488},{"c":{"r":[-0.9975640773773193,-5.070389264005826e-8,-0.06975612044334412,-4.446410173386539e-8,1,-9.100421749508314e-8,0.06975612044334412,-8.768089543309543e-8,-0.9975640773773193],"p":[17.595,53.915,-1071.354]},"t":1.559},{"c":{"r":[-0.9975640177726746,1.3417160715789578e-8,-0.06975659728050232,1.1705728830690987e-8,1,2.4943103582586447e-8,0.06975659728050232,2.4065791137672933e-8,-0.9975640177726746],"p":[17.659,53.915,-1070.435]},"t":1.629},{"c":{"r":[-0.9988061785697937,2.388112285700572e-8,-0.04884948581457138,2.181865532691063e-8,1,4.275411669141249e-8,0.04884948581457138,4.16372465394943e-8,-0.9988061785697937],"p":[17.717,53.91,-1069.516]},"t":1.702},{"c":{"r":[-0.9988061189651489,-4.166740197319996e-8,-0.048849720507860187,-3.761119415912617e-8,1,-8.395356587698189e-8,0.048849720507860187,-8.201604373425653e-8,-0.9988061189651489],"p":[17.762,53.881,-1068.596]},"t":1.772},{"c":{"r":[-0.9988061189651489,1.004617544708708e-8,-0.04884995147585869,8.97165097768493e-9,1,2.221568884408498e-8,0.04884995147585869,2.1750901524342227e-8,-0.9988061189651489],"p":[17.81,53.833,-1067.623]},"t":1.846},{"c":{"r":[-0.9988061189651489,2.882498506551201e-8,-0.04884995147585869,2.5971980122108108e-8,1,5.903821076458371e-8,0.04884995147585869,5.769899757979147e-8,-0.9988061189651489],"p":[17.852,53.821,-1066.758]},"t":1.914},{"c":{"r":[-0.9988061189651489,-3.6971986361322709e-8,-0.04884995147585869,-3.3185052927819927e-8,1,-7.833275361690539e-8,0.04884995147585869,-7.66181429412427e-8,-0.9988061189651489],"p":[17.897,53.892,-1065.838]},"t":1.984},{"c":{"r":[-0.9988061189651489,5.170226025086322e-9,-0.04884971305727959,4.609414627765318e-9,1,1.1592995008413709e-8,0.04884971305727959,1.1353986195672406e-8,-0.9988061189651489],"p":[17.945,53.914,-1064.865]},"t":2.057},{"c":{"r":[-0.9988061189651489,2.797266063225834e-8,-0.04884995147585869,2.5095399536212427e-8,1,5.951330805942234e-8,0.04884995147585869,5.8216347298412077e-8,-0.9988061189651489],"p":[17.99,53.915,-1063.946]},"t":2.128},{"c":{"r":[-0.9988061189651489,-3.142230653452316e-8,-0.04884971305727959,-2.8148614106271453e-8,1,-6.770353877527669e-8,0.04884971305727959,-6.624765802598631e-8,-0.9988061189651489],"p":[18.032,53.915,-1063.08]},"t":2.198},{"c":{"r":[-0.9996101260185242,1.885391842648687e-9,-0.027921419590711595,1.8432759762987417e-9,1,1.534111615519862e-9,0.027921419590711595,1.4820465965570407e-9,-0.9996101260185242],"p":[18.077,53.915,-1062.107]},"t":2.272},{"c":{"r":[-0.9996101260185242,3.606449183735094e-8,-0.027921419590711595,3.396350223283662e-8,1,7.572071325512297e-8,0.027921419590711595,7.4742885658452e-8,-0.9996101260185242],"p":[18.103,53.915,-1061.186]},"t":2.342},{"c":{"r":[-0.9996101260185242,-3.778869128723272e-8,-0.027921419590711595,-3.5665820519170668e-8,1,-7.652828770687847e-8,0.027921419590711595,-7.550260505695405e-8,-0.9996101260185242],"p":[18.131,53.915,-1060.21]},"t":2.415},{"c":{"r":[-0.9999756217002869,1.5496934291370224e-10,-0.006981112062931061,1.3345920202301188e-10,1,3.081658039860713e-9,0.006981112062931061,3.080651289621983e-9,-0.9999756217002869],"p":[18.145,53.915,-1059.289]},"t":2.489},{"c":{"r":[-0.9999756217002869,3.656436931009921e-8,-0.006981112062931061,3.599634723627787e-8,1,8.14913079238977e-8,0.006981112062931061,8.123802786030865e-8,-0.9999756217002869],"p":[18.151,53.915,-1058.367]},"t":2.56},{"c":{"r":[-0.9999756217002869,-2.110630425988802e-8,-0.006981112062931061,-2.0762778163430086e-8,1,-4.928051922092891e-8,0.006981112062931061,-4.913437123832409e-8,-0.9999756217002869],"p":[18.157,53.915,-1057.554]},"t":2.621},{"c":{"r":[-0.9999756217002869,-9.768658770781258e-9,-0.006981112062931061,-9.617580509768686e-9,1,-2.1674596339948949e-8,0.006981112062931061,-2.1606927802508836e-8,-0.9999756217002869],"p":[18.163,53.905,-1056.633]},"t":2.692},{"c":{"r":[-0.9999756217002869,4.627333538564926e-8,-0.006981112062931061,4.55170017232831e-8,1,1.0849884546360045e-7,0.006981112062931061,1.081784475331915e-7,-0.9999756217002869],"p":[18.17,53.866,-1055.659]},"t":2.765},{"c":{"r":[-0.9999756217002869,-1.8407796176234116e-8,-0.006981112062931061,-1.810220950915209e-8,1,-4.383663565477036e-8,0.006981112062931061,-4.370919626239811e-8,-0.9999756217002869],"p":[18.176,53.825,-1054.74]},"t":2.838},{"c":{"r":[-0.9999756217002869,-1.2464942855672234e-8,-0.006981112062931061,-1.2261017978687505e-8,1,-2.9253717670485458e-8,0.006981112062931061,-2.9167409820729519e-8,-0.9999756217002869],"p":[18.183,53.833,-1053.82]},"t":2.908},{"c":{"r":[-0.9999756217002869,4.263946351557024e-8,-0.006981112062931061,4.1931755845325827e-8,1,1.0152098184335046e-7,0.006981112062931061,1.0122577975835157e-7,-0.9999756217002869],"p":[18.189,53.904,-1052.899]},"t":2.981},{"c":{"r":[-0.9999756217002869,-1.672333027613604e-8,-0.006981112062931061,-1.6444229089529473e-8,1,-4.003688758302815e-8,0.006981112062931061,-3.9921111749663399e-8,-0.9999756217002869],"p":[18.196,53.915,-1051.923]},"t":3.054},{"c":{"r":[-0.9999756217002869,-1.496317203475428e-8,-0.006981112062931061,-1.4714604645860163e-8,1,-3.565712702879864e-8,0.006981112062931061,-3.55535334506385e-8,-0.9999756217002869],"p":[18.202,53.915,-1051.002]},"t":3.126},{"c":{"r":[-0.9999756217002869,4.369254469338557e-8,-0.006981112062931061,4.296388667057727e-8,1,1.0452565391005919e-7,0.006981112062931061,1.0422316876201876e-7,-0.9999756217002869],"p":[18.209,53.915,-1050.08]},"t":3.198},{"c":{"r":[-0.9999756217002869,-1.5623699667344227e-8,-0.006981112062931061,-1.536254501388612e-8,1,-3.7462228874574069e-8,0.006981112062931061,-3.7354066506622988e-8,-0.9999756217002869],"p":[18.216,53.915,-1049.105]},"t":3.27},{"c":{"r":[-0.9999756217002869,-1.6592101914625347e-8,-0.006981112062931061,-1.631521584499751e-8,1,-3.971904405375426e-8,0.006981112062931061,-3.960417771509128e-8,-0.9999756217002869],"p":[18.222,53.915,-1048.183]},"t":3.34},{"c":{"r":[-0.9999756217002869,4.0469853246349888e-8,-0.006981112062931061,3.979369012085954e-8,1,9.699490277625955e-8,0.006981112062931061,9.671472867012199e-8,-0.9999756217002869],"p":[18.228,53.915,-1047.316]},"t":3.409},{"c":{"r":[-0.9999756217002869,-5.021701721119598e-9,-0.006981112062931061,-4.937636521873401e-9,1,-1.2059082621362905e-8,0.006981112062931061,-1.2024318429837422e-8,-0.9999756217002869],"p":[18.234,53.915,-1046.449]},"t":3.476},{"c":{"r":[-0.9999756217002869,-2.6825702548194387e-8,-0.006981112062931061,-2.6377367845498158e-8,1,-6.43133120092898e-8,0.006981112062931061,-6.412759745444419e-8,-0.9999756217002869],"p":[18.241,53.915,-1045.527]},"t":3.545},{"c":{"r":[-0.9975640773773193,3.198227460643466e-8,0.06975634396076203,3.7236485894709406e-8,1,7.402204005302338e-8,-0.06975634396076203,7.643920696409623e-8,-0.9975640773773193],"p":[18.224,53.915,-1044.607]},"t":3.617},{"c":{"r":[-0.9970527291297913,-4.046003462820913e-11,0.07671919465065003,-1.1292602269952212e-10,1,-9.402232326038984e-10,-0.07671919465065003,-9.461157413070965e-10,-0.9970527291297913],"p":[18.156,53.896,-1043.689]},"t":3.688},{"c":{"r":[-0.9970527291297913,-3.1323629912094478e-8,0.07671919465065003,-3.7133592201143986e-8,1,-7.430374182604283e-8,-0.07671919465065003,-7.693360970506547e-8,-0.9970527291297913],"p":[18.085,53.855,-1042.772]},"t":3.759},{"c":{"r":[-0.9970527291297913,2.7513891609487474e-8,0.07671919465065003,3.2688408424519369e-8,1,6.61917525235367e-8,-0.07671919465065003,6.850449807416226e-8,-0.9970527291297913],"p":[18.014,53.814,-1041.855]},"t":3.829},{"c":{"r":[-0.9970527291297913,3.676009052711038e-9,0.07671919465065003,4.3449870368306169e-9,1,8.55291037993311e-9,-0.07671919465065003,8.861046119079674e-9,-0.9970527291297913],"p":[17.944,53.861,-1040.937]},"t":3.898},{"c":{"r":[-0.9970527291297913,-3.7393075302816217e-8,0.07671919465065003,-4.444111212364987e-8,1,-9.016073931888968e-8,-0.07671919465065003,-9.330450012612346e-8,-0.9970527291297913],"p":[17.877,53.91,-1040.074]},"t":3.968},{"c":{"r":[-0.9970527291297913,1.9871315259933909e-8,0.07671919465065003,2.363683293538088e-8,1,4.817377075028162e-8,-0.07671919465065003,4.984518753303746e-8,-0.9970527291297913],"p":[17.807,53.915,-1039.157]},"t":4.041},{"c":{"r":[-0.9970527291297913,1.0270348127505713e-8,0.07671919465065003,1.220694922920984e-8,1,2.4773772366870618e-8,-0.07671919465065003,2.5637264755573598e-8,-0.9970527291297913],"p":[17.736,53.915,-1038.24]},"t":4.108},{"c":{"r":[-0.9970527291297913,-4.257469043977835e-8,0.07671919465065003,-5.0642501747688587e-8,1,-1.0321479493313746e-7,-0.07671919465065003,-1.0679584505624007e-7,-0.9970527291297913],"p":[17.67,53.915,-1037.376]},"t":4.176},{"c":{"r":[-0.9970527291297913,9.360547004177988e-9,0.07671919465065003,1.1139933420167836e-8,1,2.2765540563796095e-8,-0.07671919465065003,2.3553091921257875e-8,-0.9970527291297913],"p":[17.603,53.915,-1036.513]},"t":4.244},{"c":{"r":[-0.9970527291297913,2.3500838608470077e-8,0.07671919465065003,2.795796483212598e-8,1,5.70225857643436e-8,-0.07671919465065003,5.899943644749328e-8,-0.9970527291297913],"p":[17.532,53.915,-1035.596]},"t":4.312},{"c":{"r":[-0.9970527291297913,-4.072122905540709e-8,0.07671919465065003,-4.845093215521956e-8,1,-9.889187424505508e-8,-0.07671919465065003,-1.0231752867184696e-7,-0.9970527291297913],"p":[17.458,53.915,-1034.625]},"t":4.387},{"c":{"r":[-0.9970527291297913,2.2948365430153219e-9,0.07671919465065003,2.7322839546428669e-9,1,5.5969646695075429e-9,-0.07671919465065003,5.790087520551879e-9,-0.9970527291297913],"p":[17.395,53.915,-1033.815]},"t":4.448},{"c":{"r":[-0.9970527291297913,4.1347824719650819e-8,0.07671919465065003,4.919976959172345e-8,1,1.0045646803291675e-7,-0.07671919465065003,1.039349655229671e-7,-0.9970527291297913],"p":[17.329,53.915,-1032.952]},"t":4.518},{"c":{"r":[-0.9970527291297913,-1.974773766733051e-8,0.07671919465065003,-2.3498952117506634e-8,1,-4.799265340693637e-8,-0.07671919465065003,-4.965402666812224e-8,-0.9970527291297913],"p":[17.262,53.915,-1032.089]},"t":4.586},{"c":{"r":[-0.9970527291297913,-1.0107526371427867e-8,0.07671919465065003,-1.2026875495507739e-8,1,-2.4555816935389886e-8,-0.07671919465065003,-2.5406137638128713e-8,-0.9970527291297913],"p":[17.192,53.9,-1031.171]},"t":4.652},{"c":{"r":[-0.9970527291297913,3.408396054283003e-8,0.07671919465065003,4.0558763458875549e-8,1,8.283799246555646e-8,-0.07671919465065003,8.570548004627199e-8,-0.9970527291297913],"p":[17.129,53.866,-1030.362]},"t":4.717},{"c":{"r":[-0.9970527291297913,-2.535433640815654e-9,0.07671919465065003,-3.0173665788169048e-9,1,-6.165863819518336e-9,-0.07671919465065003,-6.3791816273806038e-9,-0.9970527291297913],"p":[17.063,53.825,-1029.499]},"t":4.782},{"c":{"r":[-0.9970527291297913,-2.913849250774092e-8,0.07671919465065003,-3.4674055626737757e-8,1,-7.082149977577501e-8,-0.07671919465065003,-7.327293616299358e-8,-0.9970527291297913],"p":[17.001,53.833,-1028.689]},"t":4.846},{"c":{"r":[-0.9970527291297913,1.775434022022182e-8,0.07671919465065003,2.1127519289620979e-8,1,4.315622348372017e-8,-0.07671919465065003,4.4649919317407696e-8,-0.9970527291297913],"p":[16.934,53.899,-1027.826]},"t":4.913},{"c":{"r":[-0.9970527291297913,1.8515894595338979e-8,0.07671919465065003,2.2033589175407543e-8,1,4.500510897287313e-8,-0.07671919465065003,4.656286378690311e-8,-0.9970527291297913],"p":[16.868,53.914,-1026.963]},"t":4.98},{"c":{"r":[-0.9970527291297913,-3.973003259716279e-8,0.07671919465065003,-4.7278330583822029e-8,1,-9.657238564386717e-8,-0.07671919465065003,-9.991491367600247e-8,-0.9970527291297913],"p":[16.801,53.915,-1026.1]},"t":5.045},{"c":{"r":[-0.9970527291297913,6.888171699692691e-10,0.07671919465065003,8.197479917093631e-10,1,1.6751321441077494e-9,-0.07671919465065003,1.7330855639485777e-9,-0.9970527291297913],"p":[16.739,53.915,-1025.29]},"t":5.11},{"c":{"r":[-0.9970527291297913,3.3828627010734638e-8,0.07671919465065003,4.0255798694488479e-8,1,8.222880865105253e-8,-0.07671919465065003,8.507485205200283e-8,-0.9970527291297913],"p":[16.668,53.915,-1024.373]},"t":5.182},{"c":{"r":[-0.9970527291297913,-1.9973837694919895e-8,0.07671919465065003,-2.376875585241578e-8,1,-4.855193225239418e-8,-0.07671919465065003,-5.023235516432578e-8,-0.9970527291297913],"p":[16.606,53.915,-1023.563]},"t":5.244},{"c":{"r":[-0.9970527291297913,-9.018416236017402e-9,0.07671943306922913,-1.0731854516166095e-8,1,-2.192154546776237e-8,-0.07671943306922913,-2.268027898821856e-8,-0.9970527291297913],"p":[16.535,53.915,-1022.645]},"t":5.312},{"c":{"r":[-0.9970527291297913,3.5079146698535627e-8,0.07671943306922913,4.1744002032828578e-8,1,8.52694554964728e-8,-0.07671943306922913,8.822071606573445e-8,-0.9970527291297913],"p":[16.473,53.915,-1021.835]},"t":5.375},{"c":{"r":[-0.9970527291297913,4.660011820867283e-10,0.07671919465065003,5.545313652710604e-10,1,1.13264841949956e-9,-0.07671919465065003,1.1718533921012409e-9,-0.9970527291297913],"p":[16.411,53.915,-1021.024]},"t":5.44},{"c":{"r":[-0.9970527291297913,-3.042562113364511e-8,0.07671919465065003,-3.62063090619813e-8,1,-7.395772883000973e-8,-0.07671919465065003,-7.65174732464402e-8,-0.9970527291297913],"p":[16.344,53.915,-1020.16]},"t":5.505},{"c":{"r":[-0.9970527291297913,1.9120324878940666e-8,0.07671919465065003,2.2753077644210863e-8,1,4.647720075467987e-8,-0.07671919465065003,4.8085819770449237e-8,-0.9970527291297913],"p":[16.278,53.914,-1019.296]},"t":5.569},{"c":{"r":[-0.9970527291297913,1.9157958774940199e-8,0.07671943306922913,2.279787025827318e-8,1,4.656863339391748e-8,-0.07671943306922913,4.8180421430288337e-8,-0.9970527291297913],"p":[16.215,53.897,-1018.486]},"t":5.635},{"c":{"r":[-0.9970527291297913,-3.7096594240892958e-8,0.07671943306922913,-4.4144744748564338e-8,1,-9.017328039817585e-8,-0.07671943306922913,-9.329427541615587e-8,-0.9970527291297913],"p":[16.149,53.858,-1017.623]},"t":5.7},{"c":{"r":[-0.9970527291297913,2.2327919513287499e-9,0.07671943306922913,2.657005504502763e-9,1,5.427343019448472e-9,-0.07671943306922913,5.615190978858209e-9,-0.9970527291297913],"p":[16.082,53.82,-1016.759]},"t":5.767},{"c":{"r":[-0.9970527291297913,2.9201238760379057e-8,0.07671943306922913,3.474929854974107e-8,1,7.098130083704746e-8,-0.07671943306922913,7.343804497850215e-8,-0.9970527291297913],"p":[16.016,53.841,-1015.896]},"t":5.833},{"c":{"r":[-0.9970527291297913,-2.1282792417309794e-8,0.07671919465065003,-2.5326375663325963e-8,1,-5.1733341166482208e-8,-0.07671919465065003,-5.3523887544315588e-8,-0.9970527291297913],"p":[15.949,53.905,-1015.032]},"t":5.9},{"c":{"r":[-0.9970527291297913,-1.2473310384564229e-8,0.07671919465065003,-1.484315870214914e-8,1,-3.0319689869884317e-8,-0.07671919465065003,-3.136908333090105e-8,-0.9970527291297913],"p":[15.883,53.914,-1014.167]},"t":5.966},{"c":{"r":[-0.9970527291297913,3.8798489754299229e-8,0.07671919465065003,4.61699123377457e-8,1,9.43094988770099e-8,-0.07671919465065003,9.757366115081823e-8,-0.9970527291297913],"p":[15.821,53.915,-1013.357]},"t":6.029},{"c":{"r":[-0.9970527291297913,-4.819039389758473e-9,0.07671919465065003,-5.7346190018847668e-9,1,-1.1713861880480181e-8,-0.07671919465065003,-1.2119293124612796e-8,-0.9970527291297913],"p":[15.754,53.915,-1012.493]},"t":6.097},{"c":{"r":[-0.9970527291297913,-2.9042952931490619e-8,0.07671919465065003,-3.456088748521324e-8,1,-7.059608719828248e-8,-0.07671919465065003,-7.303950155801431e-8,-0.9970527291297913],"p":[15.688,53.915,-1011.628]},"t":6.163},{"c":{"r":[-0.9970527291297913,2.400993892592851e-8,0.07671943306922913,2.8571653487574623e-8,1,5.836208316623015e-8,-0.07671943306922913,6.038207800429518e-8,-0.9970527291297913],"p":[15.621,53.915,-1010.764]},"t":6.227},{"c":{"r":[-0.9970527291297913,9.870425365932079e-9,0.07671943306922913,1.174573416307112e-8,1,2.3992496878122439e-8,-0.07671943306922913,2.4822909949762108e-8,-0.9970527291297913],"p":[15.555,53.915,-1009.9]},"t":6.295},{"c":{"r":[-0.9970527291297913,-4.0975077553184749e-8,0.07671943306922913,-4.87600360088436e-8,1,-9.959994429209473e-8,-0.07671943306922913,-1.0304723474519051e-7,-0.9970527291297913],"p":[15.492,53.915,-1009.09]},"t":6.36},{"c":{"r":[-0.9970527291297913,6.828842380457445e-9,0.07671943306922913,8.126262329710699e-9,1,1.659904924622424e-8,-0.07671943306922913,1.7173569233364107e-8,-0.9970527291297913],"p":[15.426,53.915,-1008.225]},"t":6.424},{"c":{"r":[-0.9970527291297913,2.7285471659865835e-8,0.07671943306922913,3.246949731305904e-8,1,6.632385662896923e-8,-0.07671943306922913,6.86194212562441e-8,-0.9970527291297913],"p":[15.359,53.915,-1007.361]},"t":6.494},{"c":{"r":[-0.9970527291297913,-2.6919176221440467e-8,0.07671943306922913,-3.203359710823861e-8,1,-6.543335473452317e-8,-0.07671943306922913,-6.769810312334812e-8,-0.9970527291297913],"p":[15.293,53.912,-1006.497]},"t":6.556},{"c":{"r":[-0.9970527291297913,-1.0300913899641273e-8,0.07671919465065003,-1.2257994619346846e-8,1,-2.503875329296079e-8,-0.07671919465065003,-2.5905380951485314e-8,-0.9970527291297913],"p":[15.231,53.89,-1005.687]},"t":6.62},{"c":{"r":[-0.9970527291297913,3.984387930699995e-8,0.07671919465065003,4.7413866610668268e-8,1,9.684988810931827e-8,-0.07671919465065003,1.0020200136295898e-7,-0.9970527291297913],"p":[15.168,53.852,-1004.878]},"t":6.684},{"c":{"r":[-0.9970527291297913,-6.270042263167852e-9,0.07671919465065003,-7.46129469320067e-9,1,-1.5240807726968343e-8,-0.07671919465065003,-1.57683128776398e-8,-0.9970527291297913],"p":[15.102,53.729,-1004.016]},"t":6.747},{"c":{"r":[-0.9970527291297913,-2.9470392348684983e-8,0.07671919465065003,-3.506950818632504e-8,1,-7.163470172599773e-8,-0.07671919465065003,-7.411408375901374e-8,-0.9970527291297913],"p":[15.047,53.718,-1003.301]},"t":6.812},{"c":{"r":[-0.9970527291297913,1.904320789947178e-8,0.07671919465065003,2.2661247101041228e-8,1,4.628895311498127e-8,-0.07671919465065003,4.7891077770145787e-8,-0.9970527291297913],"p":[15,54.106,-1002.689]},"t":6.876},{"c":{"r":[-0.9970527291297913,1.6306589856185384e-8,0.07671919465065003,1.940469829264657e-8,1,3.963697281506029e-8,-0.07671919465065003,4.100886741298382e-8,-0.9970527291297913],"p":[14.948,54.417,-1002.01]},"t":6.94},{"c":{"r":[-0.9970527291297913,-3.7087708903982278e-8,0.07671919465065003,-4.413404397496379e-8,1,-9.015034407866551e-8,-0.07671919465065003,-9.327057881591827e-8,-0.9970527291297913],"p":[14.896,54.86,-1001.334]},"t":7.002},{"c":{"r":[-0.9970527291297913,-5.602988073505344e-10,0.07671919465065003,-6.667493779310973e-10,1,-1.3619214644933209e-9,-0.07671919465065003,-1.4090599798066706e-9,-0.9970527291297913],"p":[14.843,55.303,-1000.653]},"t":7.068},{"c":{"r":[-0.9970527291297913,4.5099902479250889e-8,0.07671919465065003,5.3668486543756447e-8,1,1.0962588703478105e-7,-0.07671919465065003,1.1342019234916734e-7,-0.9970527291297913],"p":[14.787,55.772,-999.926]},"t":7.134},{"c":{"r":[-0.9970527291297913,-1.591382492449611e-8,0.07671919465065003,-1.8937312162847776e-8,1,-3.8682294700720379e-8,-0.07671919465065003,-4.00211419560037e-8,-0.9970527291297913],"p":[14.73,56.224,-999.178]},"t":7.198},{"c":{"r":[-0.9970527291297913,-1.893347345571783e-8,0.07671919465065003,-2.2530668886133755e-8,1,-4.602226155725475e-8,-0.07671919465065003,-4.7615156262281746e-8,-0.9970527291297913],"p":[14.672,56.581,-998.43]},"t":7.262},{"c":{"r":[-0.9970527291297913,2.5223503286042616e-8,0.07671919465065003,3.0015744556521898e-8,1,6.131163843292598e-8,-0.07671919465065003,6.343372405126502e-8,-0.9970527291297913],"p":[14.612,56.834,-997.644]},"t":7.326},{"c":{"r":[-0.9970527291297913,7.927877909708059e-9,0.07671919465065003,9.434105940897553e-9,1,1.9270574469487657e-8,-0.07671919465065003,1.9937557382831984e-8,-0.9970527291297913],"p":[14.546,56.978,-996.786]},"t":7.391},{"c":{"r":[-0.9970527291297913,-4.4310635161082249e-8,0.07671919465065003,-5.272926273391931e-8,1,-1.0770737191023727e-7,-0.07671919465065003,-1.1143527700596678e-7,-0.9970527291297913],"p":[14.484,56.986,-995.977]},"t":7.457},{"c":{"r":[-0.9970527291297913,9.319474969515796e-9,0.07671919465065003,1.1090092399967944e-8,1,2.265315224292408e-8,-0.07671919465065003,2.34372112828396e-8,-0.9970527291297913],"p":[14.417,56.949,-995.114]},"t":7.52},{"c":{"r":[-0.9970527291297913,2.3270761317917278e-8,0.07671919465065003,2.769199802798994e-8,1,5.656501400608249e-8,-0.07671919465065003,5.852281148577276e-8,-0.9970527291297913],"p":[14.351,56.944,-994.25]},"t":7.586},{"c":{"r":[-0.9970527291297913,-2.5306466255869965e-8,0.07671919465065003,-3.011447446965576e-8,1,-6.151329756676205e-8,-0.07671919465065003,-6.364236071476626e-8,-0.9970527291297913],"p":[14.288,56.933,-993.439]},"t":7.65},{"c":{"r":[-0.9970527291297913,-1.2785878134025097e-8,0.07671919465065003,-1.5215084303576988e-8,1,-3.107909307686896e-8,-0.07671919465065003,-3.2154783724536176e-8,-0.9970527291297913],"p":[14.226,56.921,-992.629]},"t":7.714},{"c":{"r":[-0.9970527291297913,4.378800966264862e-8,0.07671919465065003,5.210733888816321e-8,1,1.0643692860412557e-7,-0.07671919465065003,1.1012086531536625e-7,-0.9970527291297913],"p":[14.16,56.916,-991.765]},"t":7.78},{"c":{"r":[-0.9970527291297913,-5.082791521004992e-9,0.07671919465065003,-6.04847283369736e-9,1,-1.2354860245977762e-8,-0.07671919465065003,-1.2782481739748164e-8,-0.9970527291297913],"p":[14.097,56.918,-990.955]},"t":7.843},{"c":{"r":[-0.9970527291297913,-3.021841621375643e-8,0.07671919465065003,-3.5959640598548506e-8,1,-7.345282426740596e-8,-0.07671919465065003,-7.599513907052824e-8,-0.9970527291297913],"p":[14.031,56.925,-990.09]},"t":7.908},{"c":{"r":[-0.9970527291297913,2.160771117587501e-8,0.07671919465065003,2.5712976636782515e-8,1,5.25224983505268e-8,-0.07671919465065003,5.4340379307404876e-8,-0.9970527291297913],"p":[13.968,56.935,-989.28]},"t":7.971},{"c":{"r":[-0.9970527291297913,1.1016934919894084e-8,0.07671919465065003,1.3110052599074607e-8,1,2.6779209960636764e-8,-0.07671919465065003,2.7706077432299027e-8,-0.9970527291297913],"p":[13.902,56.996,-988.423]},"t":8.037},{"c":{"r":[-0.9970527291297913,-3.577006424393403e-8,0.07671919465065003,-4.256604668739783e-8,1,-8.694730979641463e-8,-0.07671919465065003,-8.99566856560341e-8,-0.9970527291297913],"p":[13.843,57.189,-987.655]},"t":8.1},{"c":{"r":[-0.9970527291297913,2.5019137872561716e-9,0.07671919465065003,2.977247337554445e-9,1,6.081383396860929e-9,-0.07671919465065003,6.291872356456452e-9,-0.9970527291297913],"p":[13.786,57.57,-986.916]},"t":8.166},{"c":{"r":[-0.9970527291297913,3.045093777132024e-8,0.07671919465065003,3.6236329492567168e-8,1,7.40178620617371e-8,-0.07671919465065003,7.657973810637486e-8,-0.9970527291297913],"p":[13.736,58.039,-986.265]},"t":8.231},{"c":{"r":[-0.9970527291297913,-2.142852650877103e-8,0.07671919465065003,-2.549973743271039e-8,1,-5.208678999224503e-8,-0.07671919465065003,-5.388959678498395e-8,-0.9970527291297913],"p":[13.681,58.613,-985.546]},"t":8.299},{"c":{"r":[-0.9970527291297913,-1.1984259806752107e-8,0.07671919465065003,-1.4261153147288042e-8,1,-2.9130420742262687e-8,-0.07671919465065003,-3.013866844980839e-8,-0.9970527291297913],"p":[13.627,59.138,-984.843]},"t":8.369},{"c":{"r":[-0.9970527291297913,3.935376469144103e-8,0.07671919465065003,4.6830596289737517e-8,1,9.56580876732005e-8,-0.07671919465065003,9.896896813188505e-8,-0.9970527291297913],"p":[13.561,59.545,-983.982]},"t":8.44},{"c":{"r":[-0.9970527291297913,-1.4700862749350563e-8,0.07671919465065003,-1.7493883675001599e-8,1,-3.57337199829999e-8,-0.07671919465065003,-3.697051909057336e-8,-0.9970527291297913],"p":[13.491,59.617,-983.07]},"t":8.511},{"c":{"r":[-0.9970527291297913,-1.2599280729830298e-8,0.07671919465065003,-1.4993020158726723e-8,1,-3.062533693309888e-8,-0.07671919465065003,-3.1685328139019478e-8,-0.9970527291297913],"p":[13.417,59.759,-982.111]},"t":8.581},{"c":{"r":[-0.9970527291297913,3.494492872846422e-8,0.07671919465065003,4.158412991728255e-8,1,8.494149028592801e-8,-0.07671919465065003,8.788144612026372e-8,-0.9970527291297913],"p":[13.361,59.987,-981.39]},"t":8.642},{"c":{"r":[-0.9970527291297913,-4.61681315400142e-9,0.07671919465065003,-5.493967947245437e-9,1,-1.122225956606826e-8,-0.07671919465065003,-1.1610677752571519e-8,-0.9970527291297913],"p":[13.294,60.267,-980.515]},"t":8.711},{"c":{"r":[-0.9970527291297913,-3.013036220522736e-8,0.07671919465065003,-3.5854846203164928e-8,1,-7.323865247599315e-8,-0.07671919465065003,-7.577355631838145e-8,-0.9970527291297913],"p":[13.226,60.494,-979.627]},"t":8.783},{"c":{"r":[-0.9970527291297913,3.148239358097271e-8,0.07671919465065003,3.746375654145595e-8,1,7.652515421341377e-8,-0.07671919465065003,7.917380173694255e-8,-0.9970527291297913],"p":[13.155,60.572,-978.713]},"t":8.853},{"c":{"r":[-0.9970527291297913,-1.1427270241171073e-10,0.07671919465065003,-1.3598751291699075e-10,1,-2.7781860145736916e-10,-0.07671919465065003,-2.874326332502619e-10,-0.9970527291297913],"p":[13.085,60.583,-977.795]},"t":8.925},{"c":{"r":[-0.9970527291297913,-3.416273131051639e-8,0.07671919465065003,-4.0653340249718897e-8,1,-8.304039056383772e-8,-0.07671919465065003,-8.591453592998733e-8,-0.9970527291297913],"p":[13.01,60.576,-976.823]},"t":8.998},{"c":{"r":[-0.9970527291297913,2.5923242219505484e-8,0.07671919465065003,3.084842603584548e-8,1,6.301245036866021e-8,-0.07671919465065003,6.519340445265698e-8,-0.9970527291297913],"p":[12.943,60.554,-975.958]},"t":9.069},{"c":{"r":[-0.9970527291297913,1.0282127149707776e-8,0.07671919465065003,1.2235638280344574e-8,1,2.4993092040404009e-8,-0.07671919465065003,2.5858138741341464e-8,-0.9970527291297913],"p":[12.881,60.577,-975.149]},"t":9.131},{"c":{"r":[-0.9970527291297913,-3.691457450827329e-8,0.07671919465065003,-4.392801145058911e-8,1,-8.972942566742859e-8,-0.07671919465065003,-9.28350871731709e-8,-0.9970527291297913],"p":[12.811,60.635,-974.233]},"t":9.201},{"c":{"r":[-0.9970527291297913,1.292530971142014e-9,0.07671919465065003,1.53810109093655e-9,1,3.1418081469780647e-9,-0.07671919465065003,3.250550273392605e-9,-0.9970527291297913],"p":[12.748,60.687,-973.424]},"t":9.263},{"c":{"r":[-0.9970527291297913,2.174988011915957e-8,0.07671919465065003,2.5882162191237513e-8,1,5.286812765348259e-8,-0.07671919465065003,5.469797059731718e-8,-0.9970527291297913],"p":[12.678,60.732,-972.509]},"t":9.334},{"c":{"r":[-0.9970527291297913,-2.496826567721655e-8,0.07671919465065003,-2.9712012405980205e-8,1,-6.06911854106329e-8,-0.07671919465065003,-6.279179132206991e-8,-0.9970527291297913],"p":[12.604,60.841,-971.547]},"t":9.408},{"c":{"r":[-0.9970527291297913,-2.1431855401488066e-8,0.07671919465065003,-2.5503716472030648e-8,1,-5.20951068949671e-8,-0.07671919465065003,-5.389819435208665e-8,-0.9970527291297913],"p":[12.546,60.942,-970.797]},"t":9.469},{"c":{"r":[-0.9970527291297913,3.9038372534605517e-8,0.07671919465065003,4.645531248570478e-8,1,9.489183128152945e-8,-0.07671919465065003,9.817617296903336e-8,-0.9970527291297913],"p":[12.484,60.987,-969.987]},"t":9.53},{"c":{"r":[-0.9970527291297913,-4.0294159120435328e-9,0.07671919465065003,-4.79496753413855e-9,1,-9.794413280417303e-9,-0.07671919465065003,-1.0133413219648446e-8,-0.9970527291297913],"p":[12.409,60.993,-969.014]},"t":9.604},{"c":{"r":[-0.9970527291297913,-3.7412235087685988e-8,0.07671919465065003,-4.45202239518494e-8,1,-9.093909625335073e-8,-0.07671919465065003,-9.408663004251139e-8,-0.9970527291297913],"p":[12.351,60.994,-968.258]},"t":9.664},{"c":{"r":[-0.996492862701416,8.726809497261457e-9,0.08367759734392166,1.0625150537180162e-8,1,2.224104456161058e-8,-0.08367759734392166,2.3052129094480734e-8,-0.996492862701416],"p":[12.275,60.994,-967.341]},"t":9.735},{"c":{"r":[-0.996492862701416,2.0758363916684176e-8,0.08367759734392166,2.5150722393618709e-8,1,5.143732551005087e-8,-0.08367759734392166,5.33614787912029e-8,-0.996492862701416],"p":[12.207,60.994,-966.531]},"t":9.796},{"c":{"r":[-0.996492862701416,-1.2013100736396609e-8,0.08367759734392166,-1.4647916657395399e-8,1,-3.08737782006574e-8,-0.08367759734392166,-3.199120257590948e-8,-0.996492862701416],"p":[12.139,60.994,-965.722]},"t":9.856},{"c":{"r":[-0.996492862701416,-4.2505167385797907e-8,0.08367759734392166,-5.16783913440122e-8,1,-1.0745985434823524e-7,-0.08367759734392166,-1.1140731004388727e-7,-0.996492862701416],"p":[12.076,60.994,-964.967]},"t":9.917},{"c":{"r":[-0.996492862701416,2.5950457782641935e-8,0.08367759734392166,3.157753880600467e-8,1,6.592367185476178e-8,-0.08367759734392166,6.833480625800803e-8,-0.996492862701416],"p":[11.994,60.994,-963.995]},"t":9.991},{"c":{"r":[-0.996492862701416,1.1441245284515844e-8,0.08367759734392166,1.390606474416245e-8,1,2.8873307300614216e-8,-0.08367759734392166,2.993566994291541e-8,-0.996492862701416],"p":[11.926,60.994,-963.186]},"t":10.054},{"c":{"r":[-0.996492862701416,-2.2145153266706076e-8,0.08367759734392166,-2.697254153360973e-8,1,-5.6559851913107198e-8,-0.08367759734392166,-5.861848606514286e-8,-0.996492862701416],"p":[11.858,60.994,-962.377]},"t":10.118},{"c":{"r":[-0.996492862701416,-2.396417109196136e-8,0.08367759734392166,-2.9174794136110905e-8,1,-6.10474373274883e-8,-0.08367759734392166,-6.327461221644626e-8,-0.996492862701416],"p":[11.79,60.994,-961.567]},"t":10.179},{"c":{"r":[-0.996492862701416,3.527442871131825e-8,0.08367759734392166,4.2958653523328397e-8,1,9.00308236850833e-8,-0.08367759734392166,9.330975103694073e-8,-0.996492862701416],"p":[11.718,60.994,-960.704]},"t":10.243},{"c":{"r":[-0.9970527291297913,5.241851841475409e-9,0.07671896368265152,6.22656859405879e-9,1,1.2596173881718187e-8,-0.07671896368265152,1.3036745016847817e-8,-0.9970527291297913],"p":[11.654,60.994,-959.949]},"t":10.306},{"c":{"r":[-0.9980267286300659,-2.708245183669078e-8,0.06279034167528153,-3.158853090212688e-8,1,-7.077115782294641e-8,-0.06279034167528153,-7.2614959378825e-8,-0.9980267286300659],"p":[11.598,60.994,-959.138]},"t":10.369},{"c":{"r":[-0.9984408020973206,-1.1301379387873567e-8,0.05582127720117569,-1.2952222405715475e-8,1,-2.9211934204909086e-8,-0.05582127720117569,-2.9889395847249037e-8,-0.9984408020973206],"p":[11.547,60.994,-958.273]},"t":10.432},{"c":{"r":[-0.9996101260185242,3.522698932556523e-8,0.02792142704129219,3.7715384593184356e-8,1,8.859478839440271e-8,-0.02792142704129219,8.961331587897803e-8,-0.9996101260185242],"p":[11.51,60.994,-957.515]},"t":10.493},{"c":{"r":[-0.9997806549072266,-6.261665075335543e-10,0.020942391827702524,-6.147959918934021e-10,1,5.493802635037071e-10,-0.020942391827702524,5.363844368666548e-10,-0.9997806549072266],"p":[11.49,60.994,-956.703]},"t":10.555},{"c":{"r":[-1,-3.681100224639522e-8,-2.5890767574310305e-7,-3.681097737739947e-8,1,-8.806325269006266e-8,2.5890767574310305e-7,-8.806323847920794e-8,-1],"p":[11.483,60.994,-955.891]},"t":10.617},{"c":{"r":[-0.9999756217002869,4.443559409317288e-10,-0.006981336511671543,4.31215230189963e-10,1,1.8837706949881296e-9,0.006981336511671543,1.8807144730459415e-9,-0.9999756217002869],"p":[11.485,60.994,-955.025]},"t":10.683},{"c":{"r":[-0.9999756217002869,2.4577742507858603e-8,-0.006981336511671543,2.4165675682752409e-8,1,5.910825251476126e-8,0.006981336511671543,5.893810595125615e-8,-0.9999756217002869],"p":[11.491,60.994,-954.159]},"t":10.749},{"c":{"r":[-0.9997806549072266,-1.0190313481928115e-8,-0.020942607894539834,-9.614533169610695e-9,1,-2.7593918261459295e-8,0.020942607894539834,-2.73865143896046e-8,-0.9997806549072266],"p":[11.501,60.994,-953.347]},"t":10.815},{"c":{"r":[-0.9997806549072266,-4.542571474530632e-8,-0.020942607894539834,-4.3045318420809056e-8,1,-1.1411353995072204e-7,0.020942607894539834,-1.1318703485585502e-7,-0.9997806549072266],"p":[11.518,60.994,-952.535]},"t":10.875},{"c":{"r":[-0.9997806549072266,1.6772720101698725e-8,-0.020942607894539834,1.5869503044996237e-8,1,4.3294342333410898e-8,0.020942607894539834,4.295249667052303e-8,-0.9997806549072266],"p":[11.535,60.994,-951.723]},"t":10.938},{"c":{"r":[-0.9984407424926758,1.920139958144773e-8,-0.0558214969933033,1.6710613337522774e-8,1,4.508729389840482e-8,0.0558214969933033,4.408418163848182e-8,-0.9984407424926758],"p":[11.557,60.994,-950.91]},"t":11},{"c":{"r":[-0.9980267286300659,-2.229109696827436e-8,-0.06279056519269943,-1.873793920026401e-8,1,-5.717632234336634e-8,0.06279056519269943,-5.588693241520559e-8,-0.9980267286300659],"p":[11.605,60.994,-950.099]},"t":11.063},{"c":{"r":[-0.996492862701416,-2.338951965441538e-8,-0.08367805927991867,-1.8772002619016349e-8,1,-5.59687123313779e-8,0.08367805927991867,-5.4201617416538286e-8,-0.996492862701416],"p":[11.66,60.994,-949.289]},"t":11.126},{"c":{"r":[-0.996492862701416,4.0400305323373689e-8,-0.08367805927991867,3.2115181625158587e-8,1,1.0035791575546682e-7,0.08367805927991867,9.731860473038978e-8,-0.996492862701416],"p":[11.728,60.994,-948.479]},"t":11.188},{"c":{"r":[-0.996492862701416,3.949933713442988e-9,-0.08367805927991867,3.244031487881216e-9,1,8.57189608183262e-9,0.08367805927991867,8.27037816009124e-9,-0.996492862701416],"p":[11.796,60.994,-947.67]},"t":11.251},{"c":{"r":[-0.996492862701416,-3.238383783354948e-8,-0.08367805927991867,-2.553474409694445e-8,1,-8.292077779969986e-8,0.08367805927991867,-8.049326538639434e-8,-0.996492862701416],"p":[11.864,60.994,-946.861]},"t":11.313},{"c":{"r":[-0.996492862701416,-8.314403387998937e-9,-0.08367805927991867,-6.596270640812918e-9,1,-2.0809125089726878e-8,0.08367805927991867,-2.0184179660986957e-8,-0.996492862701416],"p":[11.932,60.994,-946.051]},"t":11.377},{"c":{"r":[-0.996492862701416,2.986809022331727e-8,-0.08367805927991867,2.3540355442719375e-8,1,7.660661793806867e-8,0.08367805927991867,7.436813831418476e-8,-0.996492862701416],"p":[12,60.991,-945.242]},"t":11.439},{"c":{"r":[-0.996492862701416,-5.490341514757802e-9,-0.08367805927991867,-4.276723863938514e-9,1,-1.4682663973530908e-8,0.08367805927991867,-1.42733016517127e-8,-0.996492862701416],"p":[12.073,60.981,-944.379]},"t":11.503},{"c":{"r":[-0.996492862701416,-3.633000034142242e-8,-0.08367805927991867,-2.8538789109688879e-8,1,-9.430549852140757e-8,0.08367805927991867,-9.158667779729513e-8,-0.996492862701416],"p":[12.136,60.979,-943.623]},"t":11.565},{"c":{"r":[-0.996492862701416,1.7908098337571233e-9,-0.08367805927991867,1.3945613552834857e-9,1,4.79384265617e-9,0.08367805927991867,4.660335672923566e-9,-0.996492862701416],"p":[12.209,60.981,-942.76]},"t":11.63},{"c":{"r":[-0.996492862701416,2.3772239288177844e-8,-0.08367805927991867,1.8672613677495066e-8,1,6.172602695642127e-8,0.08367805927991867,5.994705531975342e-8,-0.996492862701416],"p":[12.277,60.974,-941.951]},"t":11.691},{"c":{"r":[-0.996492862701416,-5.4400559612588499e-9,-0.08367805927991867,-4.2531080879371078e-9,1,-1.436295615775407e-8,0.08367805927991867,-1.3956690914085357e-8,-0.996492862701416],"p":[12.345,60.967,-941.141]},"t":11.755},{"c":{"r":[-0.996492862701416,-3.4558958361685657e-8,-0.08367805927991867,-2.7105533817461948e-8,1,-9.020867963727142e-8,0.08367805927991867,-8.762416570107234e-8,-0.996492862701416],"p":[12.413,60.963,-940.332]},"t":11.818},{"c":{"r":[-0.996492862701416,-1.3899196238398304e-9,-0.08367805927991867,-1.0942866612850822e-9,1,-3.5788441099526837e-9,0.08367805927991867,-3.4747247301680774e-9,-0.996492862701416],"p":[12.485,60.981,-939.469]},"t":11.883},{"c":{"r":[-0.996492862701416,2.615169591990707e-8,-0.08367805927991867,2.0511137677203807e-8,1,6.826753207178626e-8,0.08367805927991867,6.631177029703395e-8,-0.996492862701416],"p":[12.553,60.993,-938.659]},"t":11.947},{"c":{"r":[-0.996492862701416,-7.603932594690832e-9,-0.08367805927991867,-5.95736837638583e-9,1,-1.992705378484061e-8,0.08367805927991867,-1.9358665781510355e-8,-0.996492862701416],"p":[12.626,60.989,-937.796]},"t":12.013},{"c":{"r":[-0.996492862701416,-3.9145234609350157e-8,-0.08367805927991867,-3.0689562890984237e-8,1,-1.0233633673806253e-7,0.08367805927991867,-9.940939094121859e-8,-0.996492862701416],"p":[12.694,60.985,-936.987]},"t":12.078},{"c":{"r":[-0.996492862701416,1.037212360444073e-8,-0.08367805927991867,8.130083273272249e-9,1,2.713439783974536e-8,0.08367805927991867,2.6358923932434665e-8,-0.996492862701416],"p":[12.766,60.981,-936.123]},"t":12.143},{"c":{"r":[-0.996492862701416,1.870393084857369e-8,-0.08367805927991867,1.4663606329179402e-8,1,4.8898751714432367e-8,0.08367805927991867,4.7500233080199908e-8,-0.996492862701416],"p":[12.839,60.977,-935.26]},"t":12.207},{"c":{"r":[-0.996492862701416,-1.729948806428183e-8,-0.08367805927991867,-1.3559666278695204e-8,1,-4.526130581439247e-8,0.08367805927991867,-4.3967922636056758e-8,-0.996492862701416],"p":[12.907,60.967,-934.451]},"t":12.271},{"c":{"r":[-0.996492862701416,-2.9229976661326874e-8,-0.08367805927991867,-2.291275258414771e-8,1,-7.645471100659052e-8,0.08367805927991867,-7.426928050335846e-8,-0.996492862701416],"p":[12.979,60.951,-933.588]},"t":12.337},{"c":{"r":[-0.996492862701416,3.778399104703567e-8,-0.08367805927991867,2.961691869529659e-8,1,9.884242047064618e-8,0.08367805927991867,9.601748018894796e-8,-0.996492862701416],"p":[13.052,60.934,-932.724]},"t":12.405},{"c":{"r":[-0.996492862701416,2.0944843637238366e-9,-0.08367805927991867,1.6421970450153368e-9,1,5.4739186516883368e-9,0.08367805927991867,5.317304818674984e-9,-0.996492862701416],"p":[13.124,60.915,-931.861]},"t"