{"v":1,"d":[{"t":0.06311225891113281,"j":false,"c":{"p":[16.46698570251465,55.166542053222656,-1082.2457275390625],"r":[-0.9982125759124756,-4.6199009062775076e-8,0.059763241559267044,-4.3696680052107695e-8,1,4.317758239835712e-8,-0.059763241559267044,4.048894908237344e-8,-0.9982125759124756]}},{"t":0.12808680534362793,"j":false,"c":{"p":[16.418434143066406,55.166542053222656,-1081.4345703125],"r":[-0.9982125759124756,5.831469707118231e-8,0.059763241559267044,5.5187552305824283e-8,1,-5.397608404678067e-8,-0.059763241559267044,-5.058141638869529e-8,-0.9982125759124756]}},{"t":0.1882624626159668,"j":false,"c":{"p":[16.369884490966797,54.55611801147461,-1080.6234130859375],"r":[-0.9982125759124756,1.5654064711156934e-8,0.059763241559267044,1.480622469074433e-8,1,-1.4629484290651362e-8,-0.059763241559267044,-1.3718467251067068e-8,-0.9982125759124756]}},{"t":0.25404953956604004,"j":false,"c":{"p":[16.321367263793945,54.028751373291016,-1079.8126220703125],"r":[-0.9982125759124756,-8.018052000124953e-8,0.059763241559267044,-7.589159167764592e-8,1,7.403516377735286e-8,-0.059763241559267044,6.936731011819575e-8,-0.9982125759124756]}},{"t":0.31981801986694336,"j":false,"c":{"p":[16.269601821899414,53.83317565917969,-1078.9476318359375],"r":[-0.9982125759124756,1.529047999326849e-8,0.059763241559267044,1.4478101384440833e-8,1,-1.4026294792301996e-8,-0.059763241559267044,-1.3135966092647777e-8,-0.9982125759124756]}},{"t":0.3866753578186035,"j":false,"c":{"p":[16.21781349182129,53.90733337402344,-1078.0823974609375],"r":[-0.9982125759124756,5.495873267591378e-8,0.059763241559267044,5.2023423791069945e-8,1,-5.067157360372221e-8,-0.059763241559267044,-4.747191084675251e-8,-0.9982125759124756]}},{"t":0.44674181938171387,"j":false,"c":{"p":[16.17249870300293,53.91484451293945,-1077.3253173828125],"r":[-0.9982125759124756,-4.2321680382428895e-8,0.059763241559267044,-4.006611220574996e-8,1,3.8940040525403674e-8,-0.059763241559267044,3.647596003020226e-8,-0.9982125759124756]}},{"t":0.5125937461853027,"j":false,"c":{"p":[16.120710372924805,53.915706634521484,-1076.4600830078125],"r":[-0.9982125759124756,-2.7898058974074047e-8,0.059763241559267044,-2.64091681856371e-8,1,2.5703029038481873e-8,-0.059763241559267044,2.4078788740666823e-8,-0.9982125759124756]}},{"t":0.5803163051605225,"j":false,"c":{"p":[16.065685272216797,53.915740966796875,-1075.540771484375],"r":[-0.9982125759124756,9.068627093711257e-8,0.059763241559267044,8.585308819419879e-8,1,-8.343994295501034e-8,-0.059763241559267044,-7.815994251814118e-8,-0.9982125759124756]}},{"t":0.6454930305480957,"j":false,"c":{"p":[16.013896942138672,53.91579818725586,-1074.675537109375],"r":[-0.9982125759124756,-2.049975122986325e-8,0.059763241559267044,-1.9408322060598948e-8,1,1.8843032023596606e-8,-0.059763241559267044,1.7649448125212075e-8,-0.9982125759124756]}},{"t":0.712482213973999,"j":false,"c":{"p":[15.965346336364746,53.915855407714844,-1073.8643798828125],"r":[-0.9982125759124756,-5.543311942801665e-8,0.059763241559267044,-5.247968815069726e-8,1,5.098848632201225e-8,-0.059763241559267044,4.7760991606082825e-8,-0.9982125759124756]}},{"t":0.779210090637207,"j":false,"c":{"p":[15.913558006286621,53.915916442871094,-1072.9991455078125],"r":[-0.9982125759124756,5.4288005202351997e-8,0.059763241559267044,5.1396639833001245e-8,1,-4.9917531441678875e-8,-0.059763241559267044,-4.675667852893639e-8,-0.9982125759124756]}},{"t":0.8462862968444824,"j":false,"c":{"p":[15.861769676208496,53.91594696044922,-1072.1339111328125],"r":[-0.9982125759124756,1.414176686864721e-8,0.059763241559267044,1.3388261166369375e-8,1,-1.3008605748154878e-8,-0.059763241559267044,-1.2185227937777654e-8,-0.9982125759124756]}},{"t":0.9122381210327148,"j":false,"c":{"p":[15.809981346130371,53.91594696044922,-1071.2686767578125],"r":[-0.9982125759124756,-8.03281352546037e-8,0.059763241559267044,-7.605012086742136e-8,1,7.385715861119024e-8,-0.059763241559267044,6.918013895074182e-8,-0.9982125759124756]}},{"t":0.9780957698822021,"j":false,"c":{"p":[15.758193016052246,53.915950775146484,-1070.4034423828125],"r":[-0.9982125759124756,2.579411173542212e-8,0.059763241559267044,2.4420645061695723e-8,1,-2.3712173558010363e-8,-0.059763241559267044,-2.2210333128214188e-8,-0.9982125759124756]}},{"t":1.0452914237976074,"j":false,"c":{"p":[15.706404685974121,53.91010284423828,-1069.5382080078125],"r":[-0.9982125759124756,4.804191533480662e-8,0.059763241559267044,4.5483520949574086e-8,1,-4.416921939309759e-8,-0.059763241559267044,-4.1372025805230805e-8,-0.9982125759124756]}},{"t":1.1121041774749756,"j":false,"c":{"p":[15.654633522033691,53.88374328613281,-1068.6729736328125],"r":[-0.9982125759124756,-6.873482050195889e-8,0.059763241559267044,-6.507468697236618e-8,1,6.319016421230117e-8,-0.059763241559267044,5.918814238725645e-8,-0.9982125759124756]}},{"t":1.1800401210784912,"j":false,"c":{"p":[15.6029052734375,53.840850830078125,-1067.8096923828125],"r":[-0.9982125759124756,-1.147869577167171e-9,0.059763241559267044,-1.0866777477858136e-9,1,1.0564050745287545e-9,-0.059763241559267044,9.895734232046038e-10,-0.9982125759124756]}},{"t":1.2456233501434326,"j":false,"c":{"p":[15.547940254211426,53.82258987426758,-1066.89208984375],"r":[-0.9982125759124756,8.46149035282906e-8,0.059763241559267044,8.01092525648528e-8,1,-7.778757549203874e-8,-0.059763241559267044,-7.286094927394515e-8,-0.9982125759124756]}},{"t":1.3112707138061523,"j":false,"c":{"p":[15.496160507202148,53.880855560302734,-1066.02685546875],"r":[-0.9982125759124756,-4.0422023062092194e-8,0.059763241559267044,-3.826963634878666e-8,1,3.715982188623457e-8,-0.059763241559267044,3.480628407714903e-8,-0.9982125759124756]}},{"t":1.3785276412963867,"j":false,"c":{"p":[15.447608947753906,53.912113189697266,-1065.2156982421875],"r":[-0.9982125759124756,-3.2765953505986545e-8,0.059763241559267044,-3.102120871290026e-8,1,3.0122073724214715e-8,-0.059763241559267044,2.8214303782192474e-8,-0.9982125759124756]}},{"t":1.444650650024414,"j":false,"c":{"p":[15.395820617675781,53.915504455566406,-1064.3504638671875],"r":[-0.9982125759124756,6.374852290491617e-8,0.059763241559267044,6.03540541987968e-8,1,-5.860371032895273e-8,-0.059763241559267044,-5.489200560759855e-8,-0.9982125759124756]}},{"t":1.5062174797058105,"j":false,"c":{"p":[15.347269058227539,53.91575241088867,-1063.539306640625],"r":[-0.9982125759124756,9.101150055812468e-9,0.059763241559267044,8.616525271065711e-9,1,-8.366781933943912e-9,-0.059763241559267044,-7.836875148825584e-9,-0.9982125759124756]}},{"t":1.5707333087921143,"j":false,"c":{"p":[15.298717498779297,53.91577911376953,-1062.7281494140625],"r":[-0.9982125759124756,-8.394449935167358e-8,0.059763241559267044,-7.947463842583602e-8,1,7.716980121585948e-8,-0.059763241559267044,7.228220511024119e-8,-0.9982125759124756]}},{"t":1.633000135421753,"j":false,"c":{"p":[15.246929168701172,53.91581726074219,-1061.8629150390625],"r":[-0.9982125759124756,2.5960613214692785e-8,0.059763241559267044,2.4578268309483065e-8,1,-2.3865442955184335e-8,-0.059763241559267044,-2.2353908946115553e-8,-0.9982125759124756]}},{"t":1.6944894790649414,"j":false,"c":{"p":[15.201614379882812,53.915870666503906,-1061.1058349609375],"r":[-0.9982125759124756,5.434867489384487e-8,0.059763241559267044,5.1454723148935955e-8,1,-4.9962523007707205e-8,-0.059763241559267044,-4.67981209339996e-8,-0.9982125759124756]}},{"t":1.7571635246276855,"j":false,"c":{"p":[15.15306282043457,53.91592788696289,-1060.294677734375],"r":[-0.9982125759124756,-4.524356711499422e-8,0.059763241559267044,-4.283444354769017e-8,1,4.159227628974804e-8,-0.059763241559267044,3.895801015119105e-8,-0.9982125759124756]}},{"t":1.8205938339233398,"j":false,"c":{"p":[15.104511260986328,53.915958404541016,-1059.4835205078125],"r":[-0.9982125759124756,-3.3468563032101883e-8,0.059763241559267044,-3.1686429480259903e-8,1,3.076755916708862e-8,-0.059763241559267044,2.881888150341183e-8,-0.9982125759124756]}},{"t":1.8858006000518799,"j":false,"c":{"p":[15.052722930908203,53.915958404541016,-1058.6182861328125],"r":[-0.9982125759124756,8.25177295382673e-8,0.059763241559267044,7.812381852545514e-8,1,-7.58584803861595e-8,-0.059763241559267044,-7.105395383177893e-8,-0.9982125759124756]}},{"t":1.9462416172027588,"j":false,"c":{"p":[15.007408142089844,53.915958404541016,-1057.8612060546875],"r":[-0.9982125759124756,2.9194788808695193e-9,0.059763241559267044,2.764025452961505e-9,1,-2.6838229416625836e-9,-0.059763241559267044,-2.5138386927636702e-9,-0.9982125759124756]}},{"t":2.012538433074951,"j":false,"c":{"p":[14.955619812011719,53.912498474121094,-1056.9959716796875],"r":[-0.9982125759124756,-7.612899111109073e-8,0.059763241559267044,-7.20752524330237e-8,1,6.998551072001646e-8,-0.059763241559267044,6.555296749866102e-8,-0.9982125759124756]}},{"t":2.0791547298431396,"j":false,"c":{"p":[14.903844833374023,53.88860321044922,-1056.1307373046875],"r":[-0.9982125759124756,3.721822849911405e-8,0.059763241559267044,3.523642178038244e-8,1,-3.421486738375279e-8,-0.059763241559267044,-3.204786835908635e-8,-0.9982125759124756]}},{"t":2.1452455520629883,"j":false,"c":{"p":[14.852112770080566,53.84679412841797,-1055.2672119140625],"r":[-0.9982125759124756,2.898586792809965e-8,0.059763241559267044,2.7442419892054204e-8,1,-2.6646814532682583e-8,-0.059763241559267044,-2.4959136979418872e-8,-0.9982125759124756]}},{"t":2.211799383163452,"j":false,"c":{"p":[14.800385475158691,53.8184814453125,-1054.4039306640625],"r":[-0.9982125759124756,-7.33179277290219e-8,0.059763241559267044,-6.941386487824275e-8,1,6.74016149559975e-8,-0.059763241559267044,6.313273814839704e-8,-0.9982125759124756]}},{"t":2.2785134315490723,"j":false,"c":{"p":[14.748611450195312,53.86885452270508,-1053.5386962890625],"r":[-0.9982125759124756,5.127999358478519e-9,0.059763241559267044,4.854938673304332e-9,1,-4.714241885750425e-9,-0.059763241559267044,-4.415668719559562e-9,-0.9982125759124756]}},{"t":2.344784736633301,"j":false,"c":{"p":[14.696823120117188,53.91132736206055,-1052.6734619140625],"r":[-0.9982125759124756,5.6149193738974645e-8,0.059763241559267044,5.315932583016547e-8,1,-5.161841087897301e-8,-0.059763241559267044,-4.834917177731768e-8,-0.9982125759124756]}},{"t":2.412008762359619,"j":false,"c":{"p":[14.645034790039062,53.91544723510742,-1051.8082275390625],"r":[-0.9982125759124756,-4.392155616983473e-8,0.059763241559267044,-4.1582786991511966e-8,1,4.0377535981406254e-8,-0.059763241559267044,3.782024293741415e-8,-0.9982125759124756]}},{"t":2.478984832763672,"j":false,"c":{"p":[14.593254089355469,53.912147521972656,-1050.9429931640625],"r":[-0.9982125759124756,-2.4563938438859623e-8,0.059763241559267044,-2.325594117280616e-8,1,2.258186171388843e-8,-0.059763241559267044,2.115164932092739e-8,-0.9982125759124756]}},{"t":2.5466387271881104,"j":false,"c":{"p":[14.538237571716309,53.91866683959961,-1050.023681640625],"r":[-0.9982125759124756,8.066218981639395e-8,0.059763241559267044,7.6367015822143e-8,1,-7.415375335995122e-8,-0.059763241559267044,-6.945726482854298e-8,-0.9982125759124756]}},{"t":2.6128032207489014,"j":false,"c":{"p":[14.486451148986816,53.92331314086914,-1049.158447265625],"r":[-0.9982125759124756,-2.3625529976811777e-8,0.059763241559267044,-2.2367489194152768e-8,1,2.1719364085015513e-8,-0.059763241559267044,2.0343788875720747e-8,-0.9982125759124756]}},{"t":2.6804399490356445,"j":false,"c":{"p":[14.437899589538574,53.923370361328125,-1048.3472900390625],"r":[-0.9982125759124756,-5.372048406115937e-8,0.059763241559267044,-5.085992071940382e-8,1,4.938607389703975e-8,-0.059763241559267044,4.6258247010655396e-8,-0.9982125759124756]}},{"t":2.7465107440948486,"j":false,"c":{"p":[14.38611125946045,53.92342758178711,-1047.4820556640625],"r":[-0.9982125759124756,5.7721393886822625e-8,0.059763241559267044,5.464777430574941e-8,1,-5.306433692453538e-8,-0.059763241559267044,-4.970356215494576e-8,-0.9982125759124756]}},{"t":2.8120906352996826,"j":false,"c":{"p":[14.334322929382324,53.907814025878906,-1046.6168212890625],"r":[-0.9982125759124756,9.509919074446316e-9,0.059763241559267044,9.003525924811129e-9,1,-8.742600421385305e-9,-0.059763241559267044,-8.188894007332692e-9,-0.9982125759124756]}},{"t":2.878495693206787,"j":false,"c":{"p":[14.2825345993042,53.915016174316406,-1045.7515869140625],"r":[-0.9982125759124756,-9.153695401664663e-8,0.059763241559267044,-8.666266637646913e-8,1,8.415184282739574e-8,-0.059763241559267044,7.882218255872431e-8,-0.9982125759124756]}},{"t":2.9453351497650146,"j":false,"c":{"p":[14.230746269226074,53.915889739990234,-1044.8863525390625],"r":[-0.9982125759124756,2.743268900928797e-8,0.059763241559267044,2.597191084419137e-8,1,-2.5219529575792876e-8,-0.059763241559267044,-2.3622286349223032e-8,-0.9982125759124756]}},{"t":3.0067410469055176,"j":false,"c":{"p":[14.182194709777832,53.905975341796875,-1044.0751953125],"r":[-0.9982125759124756,4.3232891044908683e-8,0.059763241559267044,4.093076100275539e-8,1,-3.974498241632318e-8,-0.059763241559267044,-3.722778529891002e-8,-0.9982125759124756]}},{"t":3.070127010345459,"j":false,"c":{"p":[14.133668899536133,53.87663650512695,-1043.2642822265625],"r":[-0.9982125759124756,-4.983106549616423e-8,0.059763241559267044,-4.7177575623891244e-8,1,4.5811010096485916e-8,-0.059763241559267044,4.290964028541566e-8,-0.9982125759124756]}},{"t":3.137601852416992,"j":false,"c":{"p":[14.081941604614258,53.833465576171875,-1042.4010009765625],"r":[-0.9982125759124756,-2.3788794933921054e-8,0.059763241559267044,-2.2522050002748983e-8,1,2.1869634991844578e-8,-0.059763241559267044,2.048455272074534e-8,-0.9982125759124756]}},{"t":3.2000625133514404,"j":false,"c":{"p":[14.03344440460205,53.81547927856445,-1041.5914306640625],"r":[-0.9982125759124756,7.814167446440479e-8,0.059763241559267044,7.398064383323799e-8,1,-7.183784589415154e-8,-0.059763241559267044,-6.728811996481454e-8,-0.9982125759124756]}},{"t":3.2670199871063232,"j":false,"c":{"p":[13.97842788696289,53.84909439086914,-1040.672119140625],"r":[-0.9982125759124756,-1.8800022871801048e-8,0.059763241559267044,-1.779891967146341e-8,1,1.728347420737464e-8,-0.059763241559267044,1.6188860030297292e-8,-0.9982125759124756]}},{"t":3.3329875469207764,"j":false,"c":{"p":[13.929876327514648,53.90859603881836,-1039.8609619140625],"r":[-0.9982125759124756,-7.678685420842157e-8,0.059763241559267044,-7.269795787578914e-8,1,7.059254159003103e-8,-0.059763241559267044,6.612170011521812e-8,-0.9982125759124756]}},{"t":3.399094820022583,"j":false,"c":{"p":[13.878087997436523,53.90972137451172,-1038.9957275390625],"r":[-0.9982125759124756,5.022912574759175e-8,0.059763241559267044,4.755441906922897e-8,1,-4.6177305534911284e-8,-0.059763241559267044,-4.3252761372514215e-8,-0.9982125759124756]}},{"t":3.4661178588867188,"j":false,"c":{"p":[13.826336860656738,53.886627197265625,-1038.131103515625],"r":[-0.9982125759124756,1.7943406760423386e-8,0.059763241559267044,1.6987920403721546e-8,1,-1.649594771890861e-8,-0.059763241559267044,-1.5451208312811104e-8,-0.9982125759124756]}},{"t":3.5328891277313232,"j":false,"c":{"p":[13.77457332611084,53.890296936035156,-1037.2662353515625],"r":[-0.9982125759124756,-6.709739608368182e-8,0.059763241559267044,-6.352443904233951e-8,1,6.168504995684998e-8,-0.059763241559267044,5.777836520337587e-8,-0.9982125759124756]}},{"t":3.5990662574768066,"j":false,"c":{"p":[13.722803115844727,53.91170883178711,-1036.4013671875],"r":[-0.9982125759124756,-2.569362056448199e-9,0.059763241559267044,-2.432545498365357e-9,1,2.3620618794240045e-9,-0.059763241559267044,2.2124631016140484e-9,-0.9982125759124756]}},{"t":3.664238452911377,"j":false,"c":{"p":[13.671014785766602,53.915531158447266,-1035.5361328125],"r":[-0.9982125759124756,5.055069252080102e-8,0.059763241559267044,4.7858851104365385e-8,1,-4.647318263550915e-8,-0.059763241559267044,-4.35299156720248e-8,-0.9982125759124756]}},{"t":3.727830410003662,"j":false,"c":{"p":[13.62246322631836,53.91591262817383,-1034.7249755859375],"r":[-0.9982125759124756,-2.2937166832548428e-8,0.059763241559267044,-2.1715747422490495e-8,1,2.1087119606022497e-8,-0.059763241559267044,1.975162433609512e-8,-0.9982125759124756]}},{"t":3.790221929550171,"j":false,"c":{"p":[13.573911666870117,53.91596221923828,-1033.913818359375],"r":[-0.9982125759124756,-9.618964469382263e-8,0.059763241559267044,-9.106749132570258e-8,1,8.843112908607509e-8,-0.059763241559267044,8.283057439939512e-8,-0.9982125759124756]}},{"t":3.85503888130188,"j":false,"c":{"p":[13.522123336791992,53.91596221923828,-1033.048583984375],"r":[-0.9982125759124756,4.512453699589969e-8,0.059763241559267044,4.272162357210618e-8,1,-4.148495236222516e-8,-0.059763241559267044,-3.88576175680555e-8,-0.9982125759124756]}},{"t":3.9186477661132812,"j":false,"c":{"p":[13.47357177734375,53.91596221923828,-1032.2374267578125],"r":[-0.9982125759124756,2.9495705433646435e-8,0.059763241559267044,2.7925041834464537e-8,1,-2.7116652034919753e-8,-0.059763241559267044,-2.5399291558869663e-8,-0.9982125759124756]}},{"t":3.9803240299224854,"j":false,"c":{"p":[13.425020217895508,53.906341552734375,-1031.42626953125],"r":[-0.9982125759124756,-3.969603667997035e-8,0.059763241559267044,-3.7582182699225086e-8,1,3.6494455457614094e-8,-0.059763241559267044,3.4183191388592604e-8,-0.9982125759124756]}},{"t":4.0450451374053955,"j":false,"c":{"p":[13.376497268676758,53.87617492675781,-1030.615478515625],"r":[-0.9982125759124756,-6.833693788621531e-8,0.059763241559267044,-6.46979358975841e-8,1,6.282535736090722e-8,-0.059763241559267044,5.8846502781761956e-8,-0.9982125759124756]}},{"t":4.106526613235474,"j":false,"c":{"p":[13.3280029296875,53.83567810058594,-1029.80615234375],"r":[-0.9982125759124756,6.417222664367728e-8,0.059763241559267044,6.07549850428768e-8,1,-5.8996718621529e-8,-0.059763241559267044,-5.5260350961816584e-8,-0.9982125759124756]}},{"t":4.169559717178345,"j":false,"c":{"p":[13.279505729675293,53.81740951538086,-1028.99658203125],"r":[-0.9982125759124756,1.9480102864122273e-8,0.059763241559267044,1.8442769089688227e-8,1,-1.790898274123265e-8,-0.059763241559267044,-1.677477179384823e-8,-0.9982125759124756]}},{"t":4.2324559688568115,"j":false,"c":{"p":[13.230961799621582,53.873512268066406,-1028.1854248046875],"r":[-0.9982125759124756,-5.2221714952338516e-8,0.059763241559267044,-4.944084253111214e-8,1,4.801019315436861e-8,-0.059763241559267044,4.496963512679031e-8,-0.9982125759124756]}},{"t":4.294604063034058,"j":false,"c":{"p":[13.18241024017334,53.90718460083008,-1027.374267578125],"r":[-0.9982125759124756,-4.2460378324449266e-8,0.059763241559267044,-4.019931054699555e-8,1,3.9036063270714294e-8,-0.059763241559267044,3.6563847061188426e-8,-0.9982125759124756]}},{"t":4.36102819442749,"j":false,"c":{"p":[13.130633354187012,53.89577102661133,-1026.509033203125],"r":[-0.9982125759124756,7.089381881542067e-8,0.059763241559267044,6.711862710062633e-8,1,-6.517657880067418e-8,-0.059763241559267044,-6.104885130753246e-8,-0.9982125759124756]}},{"t":4.42812967300415,"j":false,"c":{"p":[13.078939437866211,53.84528732299805,-1025.6456298828125],"r":[-0.9982125759124756,-3.24268678575379e-9,0.059763241559267044,-3.0700069153510867e-9,1,2.9812186053135292e-9,-0.059763241559267044,2.7924162981918244e-9,-0.9982125759124756]}},{"t":4.490795850753784,"j":false,"c":{"p":[13.030399322509766,53.84626388549805,-1024.83447265625],"r":[-0.9982125759124756,-7.251562550436574e-8,0.059763241559267044,-6.865405310918504e-8,1,6.666777352393183e-8,-0.059763241559267044,6.244562200663495e-8,-0.9982125759124756]}},{"t":4.5525062084198,"j":false,"c":{"p":[12.981925010681152,53.88724899291992,-1024.0244140625],"r":[-0.9982125759124756,-6.375072469921861e-9,0.059763241559267044,-6.0355911379872396e-9,1,5.860949503500024e-9,-0.059763241559267044,5.489766863320256e-9,-0.9982125759124756]}},{"t":4.61348819732666,"j":false,"c":{"p":[12.933374404907227,53.9118766784668,-1023.2131958007812],"r":[-0.9982125759124756,5.8347342957176807e-8,0.059763479977846146,5.5240239049680895e-8,1,-5.364216093539653e-8,-0.059763479977846146,-5.0244931770748735e-8,-0.9982125759124756]}},{"t":4.6751792430877686,"j":false,"c":{"p":[12.888059616088867,53.91545104980469,-1022.4561157226562],"r":[-0.9982125759124756,-9.468625883357618e-9,0.059763479977846146,-8.964400777244919e-9,1,8.705127285679737e-9,-0.059763479977846146,8.153824282430833e-9,-0.9982125759124756]}},{"t":4.745394229888916,"j":false,"c":{"p":[12.83303451538086,53.915931701660156,-1021.5368041992188],"r":[-0.9982125759124756,-9.154404523314952e-8,0.059763479977846146,-8.666913942079191e-8,1,8.416211727535483e-8,-0.059763479977846146,7.883203068104194e-8,-0.9982125759124756]}},{"t":4.863627672195435,"j":false,"c":{"p":[12.755352020263672,53.91596221923828,-1020.2389526367188],"r":[-0.9982125759124756,6.71660913553751e-8,0.059763479977846146,6.358935422667855e-8,1,-6.175006461717203e-8,-0.059763479977846146,-5.7839365297240874e-8,-0.9982125759124756]}},{"t":4.925771236419678,"j":false,"c":{"p":[12.700326919555664,53.914649963378906,-1019.3196411132812],"r":[-0.9982125759124756,-1.2719410413808419e-8,0.059763479977846146,-1.204206689919829e-8,1,1.1693904511389519e-8,-0.059763479977846146,1.095332624601042e-8,-0.9982125759124756]}},{"t":4.987082481384277,"j":false,"c":{"p":[12.65178108215332,53.89747619628906,-1018.5087280273438],"r":[-0.998605489730835,-8.254970396137651e-8,0.05279318615794182,-7.863742013114461e-8,1,7.618305630785471e-8,-0.05279318615794182,7.192529238864154e-8,-0.998605489730835]}},{"t":5.05245304107666,"j":false,"c":{"p":[12.620477676391602,53.86112976074219,-1017.6975708007812],"r":[-0.9996901750564575,1.774596114501037e-8,0.024889912456274033,1.7349213621287163e-8,1,-1.6156032955905175e-8,-0.024889912456274033,-1.571920726917142e-8,-0.9996901750564575]}},{"t":5.118915557861328,"j":false,"c":{"p":[12.598706245422363,53.825340270996094,-1016.8323364257812],"r":[-0.9996901750564575,4.101295303371444e-8,0.024889912456274033,4.007882381529271e-8,1,-3.802934145369363e-8,-0.024889912456274033,-3.7020001286691695e-8,-0.9996901750564575]}},{"t":5.185463905334473,"j":false,"c":{"p":[12.577153205871582,53.824188232421875,-1015.9666748046875],"r":[-0.9996901750564575,-4.487887750315167e-8,0.024889912456274033,-4.387084828749721e-8,1,4.104555273443111e-8,-0.024889912456274033,3.9940896812140636e-8,-0.9996901750564575]}},{"t":5.253498554229736,"j":false,"c":{"p":[12.55557918548584,53.9002685546875,-1015.1004638671875],"r":[-0.9996901750564575,-3.5766788641922176e-8,0.024889912456274033,-3.495905431805113e-8,1,3.2887477630083595e-8,-0.024889912456274033,3.2007161365754655e-8,-0.9996901750564575]}},{"t":5.323024272918701,"j":false,"c":{"p":[12.53266716003418,53.89548873901367,-1014.1803588867188],"r":[-0.9996901750564575,7.515628652754458e-8,0.024889912456274033,7.346636721194955e-8,1,-6.881020198079568e-8,-0.024889912456274033,-6.696031817909898e-8,-0.9996901750564575]}},{"t":5.383977890014648,"j":false,"c":{"p":[12.512518882751465,53.82746887207031,-1013.3710327148438],"r":[-0.9996901750564575,-1.1448265446745154e-8,0.024889912456274033,-1.1193286297839222e-8,1,1.0383623738619008e-8,-0.024889912456274033,1.0101806502404997e-8,-0.9996901750564575]}},{"t":5.4510064125061035,"j":false,"c":{"p":[12.490973472595215,53.80065155029297,-1012.5056762695312],"r":[-0.9996901750564575,-7.636568000179977e-8,0.024889912456274033,-7.465231988135201e-8,1,6.976674171710329e-8,-0.024889912456274033,6.788703643678673e-8,-0.9996901750564575]}},{"t":5.518796682357788,"j":false,"c":{"p":[12.47762393951416,53.84297561645508,-1011.6417846679688],"r":[-0.9998555779457092,4.903638028963542e-8,-0.016994761303067207,4.9758181575043636e-8,1,-4.2049133952559714e-8,0.016994761303067207,-4.2888689932851776e-8,-0.9998555779457092]}},{"t":5.581343173980713,"j":false,"c":{"p":[12.491314888000488,53.89630889892578,-1010.8302612304688],"r":[-0.9998555779457092,2.65660275999835e-8,-0.016994761303067207,2.6965805588474723e-8,1,-2.3294481010793788e-8,0.016994761303067207,-2.3749395339223156e-8,-0.9998555779457092]}},{"t":5.650935888290405,"j":false,"c":{"p":[12.51218032836914,53.91427230834961,-1009.909912109375],"r":[-0.9995208382606506,-7.746744756786939e-8,-0.030953140929341316,-7.952303349156864e-8,1,6.517859674204374e-8,0.030953140929341316,6.760885895573665e-8,-0.9995208382606506]}},{"t":5.73044490814209,"j":false,"c":{"p":[12.540681838989258,53.91584396362305,-1008.9895629882812],"r":[-0.9995208382606506,2.0158246627488552e-8,-0.030953140929341316,2.069001858728825e-8,1,-1.685965678177581e-8,0.030953140929341316,-1.7491998960394994e-8,-0.9995208382606506]}},{"t":5.798262119293213,"j":false,"c":{"p":[12.570859909057617,53.91596221923828,-1008.0150756835938],"r":[-0.9995208382606506,3.029912321039774e-8,-0.030953140929341316,3.1102736386401375e-8,1,-2.5480858312221244e-8,0.030953140929341316,-2.643137619884328e-8,-0.9995208382606506]}},{"t":5.866417407989502,"j":false,"c":{"p":[12.599361419677734,53.91596221923828,-1007.0947265625],"r":[-0.9995208382606506,-7.444153027336142e-8,-0.030953140929341316,-7.640947075060467e-8,1,6.23952871592337e-8,0.030953140929341316,6.473050717659135e-8,-0.9995208382606506]}},{"t":5.936561346054077,"j":false,"c":{"p":[12.62618637084961,53.90795135498047,-1006.228515625],"r":[-0.9995208382606506,1.0511814529934327e-8,-0.030953140929341316,1.0788664184246954e-8,1,-8.77715056191164e-9,0.030953140929341316,-9.106887688403731e-9,-0.9995208382606506]}},{"t":6.0069451332092285,"j":false,"c":{"p":[12.654669761657715,53.87568664550781,-1005.3086547851562],"r":[-0.9995208382606506,4.772029171817849e-8,-0.030953140929341316,4.8981210198917324e-8,1,-3.997807596078928e-8,0.030953140929341316,-4.1475043843774984e-8,-0.9995208382606506]}},{"t":6.0161521434783936,"j":true,"c":{"p":[12.654669761657715,53.87568664550781,-1005.3086547851562],"r":[-0.9995208382606506,4.772029171817849e-8,-0.030953140929341316,4.8981210198917324e-8,1,-3.997807596078928e-8,0.030953140929341316,-4.1475043843774984e-8,-0.9995208382606506]}},{"t":6.026428937911987,"j":true,"c":{"p":[12.659693717956543,54.47199249267578,-1005.1464233398438],"r":[-0.9995208382606506,2.8239622196224445e-8,-0.030953140929341316,2.8986043787426752e-8,1,-2.3665844395281965e-8,0.030953140929341316,-2.455171355109087e-8,-0.9995208382606506]}},{"t":6.037760019302368,"j":true,"c":{"p":[12.664722442626953,55.03763961791992,-1004.9840087890625],"r":[-0.9995208382606506,8.771443127386647e-9,-0.030953140929341316,9.00369823142455e-9,1,-7.364072462934246e-9,0.030953140929341316,-7.639236798695492e-9,-0.9995208382606506]}},{"t":6.075852632522583,"j":false,"c":{"p":[12.683164596557617,56.84941864013672,-1004.3884887695312],"r":[-0.9995208382606506,-6.250512996075486e-8,-0.030953140929341316,-6.41553299374209e-8,1,5.231970945374087e-8,0.030953140929341316,5.428044858035719e-8,-0.9995208382606506]}},{"t":6.136826992034912,"j":false,"c":{"p":[12.706636428833008,58.55921936035156,-1003.6305541992188],"r":[-0.9995208382606506,-8.716162369637459e-8,-0.030953140929341316,-8.946327056946757e-8,1,7.29742950511536e-8,0.030953140929341316,7.570849902549526e-8,-0.9995208382606506]}},{"t":6.197327375411987,"j":false,"c":{"p":[12.73178482055664,59.650291442871094,-1002.8184814453125],"r":[-0.9995208382606506,1.3231971962568423e-8,-0.030953140929341316,1.3580998547979561e-8,1,-1.1065729665915569e-8,0.030953140929341316,-1.1480801198615609e-8,-0.9995208382606506]}},{"t":6.2685911655426025,"j":false,"c":{"p":[12.760286331176758,59.96034240722656,-1001.8981323242188],"r":[-0.9995208382606506,1.1343421846277124e-7,-0.030953140929341316,1.1642889319318783e-7,1,-9.494650754504619e-8,0.030953140929341316,-9.850485582774127e-8,-0.9995208382606506]}},{"t":6.338576316833496,"j":false,"c":{"p":[12.788787841796875,59.285987854003906,-1000.977783203125],"r":[-0.9995208382606506,2.638594231996194e-9,-0.030953140929341316,2.708449464705609e-9,1,-2.2148765044249785e-9,0.030953140929341316,-2.2976502922489317e-9,-0.9995208382606506]}},{"t":6.409447908401489,"j":false,"c":{"p":[12.817289352416992,57.62722396850586,-1000.0574340820312],"r":[-0.9995208382606506,-1.0775499958981527e-7,-0.030953140929341316,-1.1059935900448181e-7,1,9.018028634955044e-8,0.030953140929341316,9.356047314668103e-8,-0.9995208382606506]}},{"t":6.47898530960083,"j":false,"c":{"p":[12.840811729431152,57.08302688598633,-999.2979125976562],"r":[-0.9995208382606506,9.063695927125082e-8,-0.030953140929341316,9.302943482225601e-8,1,-7.585355632500068e-8,0.030953140929341316,-7.869676466043529e-8,-0.9995208382606506]}},{"t":6.549132585525513,"j":false,"c":{"p":[12.865735054016113,56.77015686035156,-998.4932250976562],"r":[-0.9995208382606506,4.410628307027764e-8,-0.030953140929341316,4.527055352809839e-8,1,-3.691319250265224e-8,0.030953140929341316,-3.829677197586534e-8,-0.9995208382606506]}},{"t":6.617977619171143,"j":false,"c":{"p":[12.893380165100098,57.05036926269531,-997.6005859375],"r":[-0.9995208382606506,-6.010715480897488e-8,-0.030953140929341316,-6.169377542164511e-8,1,5.0303786025551744e-8,0.030953140929341316,5.218929644001946e-8,-0.9995208382606506]}},{"t":6.688337326049805,"j":false,"c":{"p":[12.921858787536621,57.13439178466797,-996.6807250976562],"r":[-0.9995208382606506,-2.260170184342769e-8,-0.030953140929341316,-2.3198341025931768e-8,1,1.8916397337420676e-8,0.030953140929341316,1.9625394642730498e-8,-0.9995208382606506]}},{"t":6.758608818054199,"j":false,"c":{"p":[12.948585510253906,57.06352233886719,-995.8175659179688],"r":[-0.9995208382606506,1.2573223351353136e-8,-0.030953140929341316,1.290505391438046e-8,1,-1.052063058892827e-8,0.030953140929341316,-1.0915042203407666e-8,-0.9995208382606506]}},{"t":6.827478647232056,"j":false,"c":{"p":[12.976975440979004,56.982295989990234,-994.9008178710938],"r":[-0.9995208382606506,4.9814961045058226e-8,-0.030953140929341316,5.112981682486861e-8,1,-4.168732203879699e-8,0.030953140929341316,-4.3249972492276356e-8,-0.9995208382606506]}},{"t":6.893462896347046,"j":false,"c":{"p":[13.003793716430664,56.965782165527344,-994.034912109375],"r":[-0.9995208382606506,8.474255963619726e-8,-0.030953140929341316,8.697934816837005e-8,1,-7.091736620168376e-8,0.030953140929341316,-7.357567000099152e-8,-0.9995208382606506]}},{"t":6.961817741394043,"j":false,"c":{"p":[13.032295227050781,56.957008361816406,-993.1145629882812],"r":[-0.9995208382606506,1.9266126471961798e-9,-0.030953140929341316,1.9774712978204434e-9,1,-1.6124735990885597e-9,0.030953140929341316,-1.6729098106793572e-9,-0.9995208382606506]}},{"t":7.032121658325195,"j":false,"c":{"p":[13.059120178222656,56.947288513183594,-992.2483520507812],"r":[-0.9995208382606506,-5.1217092789102026e-8,-0.030953140929341316,-5.256897850358655e-8,1,4.286145127707641e-8,0.030953140929341316,4.4468087878613005e-8,-0.9995208382606506]}},{"t":7.099991083145142,"j":false,"c":{"p":[13.085945129394531,56.94407272338867,-991.3821411132812],"r":[-0.9995208382606506,-7.45226458320758e-9,-0.030953140929341316,-7.648979227781183e-9,1,6.236811511683982e-9,0.030953140929341316,6.470582736284314e-9,-0.9995208382606506]}},{"t":7.169843673706055,"j":false,"c":{"p":[13.114446640014648,56.94685363769531,-990.4617919921875],"r":[-0.9995208382606506,3.88840959431036e-8,-0.030953140929341316,3.991042873963124e-8,1,-3.2539816174903535e-8,0.030953140929341316,-3.375957646767347e-8,-0.9995208382606506]}},{"t":7.237955570220947,"j":false,"c":{"p":[13.141271591186523,56.95199203491211,-989.5955810546875],"r":[-0.9995208382606506,8.234119519556771e-8,-0.030953140929341316,8.451457489400127e-8,1,-6.890692105798735e-8,0.030953140929341316,-7.148990022187718e-8,-0.9995208382606506]}},{"t":7.307250499725342,"j":false,"c":{"p":[13.16944408416748,57.02295684814453,-988.6859741210938],"r":[-0.9995208382606506,-1.5715022172457793e-8,-0.030953140929341316,-1.6129817481669306e-8,1,1.3151043809500607e-8,0.030953140929341316,1.3644010365965187e-8,-0.9995208382606506]}},{"t":7.375881910324097,"j":false,"c":{"p":[13.196048736572266,57.27581787109375,-987.8267822265625],"r":[-0.9995208382606506,-4.0286870728323265e-8,-0.030953140929341316,-4.135023701223872e-8,1,3.371396672946503e-8,0.030953140929341316,3.4977730933860585e-8,-0.9995208382606506]}},{"t":7.408623456954956,"j":true,"c":{"p":[13.203469276428223,57.38557815551758,-987.587158203125],"r":[-0.9995208382606506,-2.3194239417989593e-8,-0.030953140929341316,-2.3806450144547853e-8,1,1.9410071772085757e-8,0.030953140929341316,2.0137655099006224e-8,-0.9995208382606506]}},{"t":7.419529914855957,"j":true,"c":{"p":[13.207921028137207,57.98188400268555,-987.4434204101562],"r":[-0.9995208382606506,-1.2947430683141192e-8,-0.030953140929341316,-1.3289177758224469e-8,1,1.0835072394854706e-8,0.030953140929341316,1.1241222175328858e-8,-0.9995208382606506]}},{"t":7.430609703063965,"j":true,"c":{"p":[13.212776184082031,58.54753494262695,-987.2866821289062],"r":[-0.9995208382606506,-2.7071918040633136e-9,-0.030953140929341316,-2.7786499767756823e-9,1,2.265572174309227e-9,0.030953140929341316,2.350494465730435e-9,-0.9995208382606506]}},{"t":7.445064306259155,"j":false,"c":{"p":[13.221150398254395,59.42216873168945,-987.0162353515625],"r":[-0.9995208382606506,1.4345282295380457e-8,-0.030953140929341316,1.4723920749304398e-8,1,-1.200471810847148e-8,0.030953140929341316,-1.2454717257526227e-8,-0.9995208382606506]}},{"t":7.505835294723511,"j":false,"c":{"p":[13.246298789978027,61.53511428833008,-986.2041625976562],"r":[-0.9995208382606506,6.539345775991023e-8,-0.030953140929341316,6.711950106819131e-8,1,-5.47241612025573e-8,0.030953140929341316,-5.677549808069671e-8,-0.9995208382606506]}},{"t":7.566076755523682,"j":false,"c":{"p":[13.269770622253418,62.815731048583984,-985.4462280273438],"r":[-0.9995208382606506,1.1289092327615435e-7,-0.030953140929341316,1.1587065529283791e-7,1,-9.447221316349896e-8,0.030953140929341316,-9.80135084205358e-8,-0.9995208382606506]}},{"t":7.626628875732422,"j":false,"c":{"p":[13.29491901397705,63.44696044921875,-984.6341552734375],"r":[-0.9995208382606506,5.7574933265414074e-8,-0.030953140929341316,5.9094613646948346e-8,1,-4.818131316142171e-8,0.030953140929341316,-4.998739200345881e-8,-0.9995208382606506]}},{"t":7.687872648239136,"j":false,"c":{"p":[13.318390846252441,63.34463882446289,-983.876220703125],"r":[-0.9995208382606506,-8.037031307139841e-8,-0.030953140929341316,-8.249166683071962e-8,1,6.725748136204857e-8,0.030953140929341316,6.977863620249991e-8,-0.9995208382606506]}},{"t":7.755762100219727,"j":false,"c":{"p":[13.346892356872559,62.32284164428711,-982.9558715820312],"r":[-0.9995208382606506,-5.669531688567986e-8,-0.030953140929341316,-5.819177673060949e-8,1,4.744522286159736e-8,0.030953140929341316,4.922370777649121e-8,-0.9995208382606506]}},{"t":7.816233396530151,"j":false,"c":{"p":[13.37036418914795,60.74220657348633,-982.1979370117188],"r":[-0.9995208382606506,-3.6732616948143004e-9,-0.030953140929341316,-3.770218803822445e-9,1,3.074028587235489e-9,0.030953140929341316,3.18925574838147e-9,-0.9995208382606506]}},{"t":7.879183530807495,"j":false,"c":{"p":[13.394474029541016,60.48661422729492,-981.4194946289062],"r":[-0.9995208382606506,5.2960221097464455e-8,-0.030953140929341316,5.435809313780737e-8,1,-4.431936773130474e-8,0.030953140929341316,-4.598068770178543e-8,-0.9995208382606506]}},{"t":7.951229810714722,"j":false,"c":{"p":[13.423192977905273,60.14223861694336,-980.4922485351562],"r":[-0.9995208382606506,3.97658936890366e-8,-0.030953140929341316,4.0815503865587743e-8,1,-3.32778320455418e-8,0.030953140929341316,-3.452525731972855e-8,-0.9995208382606506]}},{"t":8.013180255889893,"j":false,"c":{"p":[13.447563171386719,60.35956954956055,-979.7052612304688],"r":[-0.9995208382606506,-6.573684174782102e-8,-0.030953140929341316,-6.747194447598304e-8,1,5.501142297248407e-8,0.030953140929341316,5.70735316784976e-8,-0.9995208382606506]}},{"t":8.074448347091675,"j":false,"c":{"p":[13.470843315124512,60.496055603027344,-978.9534301757812],"r":[-0.9995208382606506,-1.4432125716723476e-8,-0.030953140929341316,-1.4813059223683922e-8,1,1.2077443933833365e-8,0.030953140929341316,1.2530167126101333e-8,-0.9995208382606506]}},{"t":8.135742425918579,"j":false,"c":{"p":[13.495988845825195,60.54544448852539,-978.1414184570312],"r":[-0.9995208382606506,4.0367044817912756e-8,-0.030953140929341316,4.143251786103974e-8,1,-3.378084656446845e-8,0.030953140929341316,-3.5047126090148595e-8,-0.9995208382606506]}},{"t":8.197770118713379,"j":false,"c":{"p":[13.52113151550293,60.54622268676758,-977.3296508789062],"r":[-0.9995208382606506,9.49907317249199e-8,-0.030953140929341316,9.749798834945977e-8,1,-7.94922883073923e-8,0.030953140929341316,-8.247207006206736e-8,-0.9995208382606506]}},{"t":8.271076440811157,"j":false,"c":{"p":[13.551153182983398,60.44944763183594,-976.3602905273438],"r":[-0.9995208382606506,-6.880870984105059e-8,-0.030953140929341316,-7.062489970621755e-8,1,5.7582042245485354e-8,0.030953140929341316,5.974051475732267e-8,-0.9995208382606506]}},{"t":8.331370830535889,"j":false,"c":{"p":[13.574575424194336,60.41063690185547,-975.6038818359375],"r":[-0.9995208382606506,-2.8982212185724165e-8,-0.030953140929341316,-2.9747189600470847e-8,1,2.4253557384668056e-8,0.030953140929341316,2.5162703920500462e-8,-0.9995208382606506]}},{"t":8.392488718032837,"j":false,"c":{"p":[13.598033905029297,60.429107666015625,-974.8468017578125],"r":[-0.9995208382606506,2.4340053528248973e-8,-0.030953140929341316,2.4982501400927504e-8,1,-2.0368759123812197e-8,0.030953140929341316,-2.1132285255021088e-8,-0.9995208382606506]}},{"t":8.454012155532837,"j":false,"c":{"p":[13.623156547546387,60.46200942993164,-974.0359497070312],"r":[-0.9995208382606506,8.129419626357048e-8,-0.030953140929341316,8.343992874415562e-8,1,-6.803038132829897e-8,0.030953140929341316,-7.058051210151461e-8,-0.9995208382606506]}},{"t":8.514267683029175,"j":false,"c":{"p":[13.648138046264648,60.529563903808594,-973.229248046875],"r":[-0.9995208382606506,-8.07593369955839e-9,-0.030953140929341316,-8.289095632108001e-9,1,6.758282822261208e-9,0.030953140929341316,7.0116183970014845e-9,-0.9995208382606506]}},{"t":8.575346231460571,"j":false,"c":{"p":[13.672737121582031,60.668025970458984,-972.43505859375],"r":[-0.9995208382606506,-5.123371593640513e-8,-0.030953140929341316,-5.25860137656764e-8,1,4.287451460527336e-8,0.030953140929341316,4.448167345572074e-8,-0.9995208382606506]}},{"t":8.636723279953003,"j":false,"c":{"p":[13.695688247680664,60.83241653442383,-971.6940307617188],"r":[-0.9995208382606506,1.4034863049516844e-8,-0.030953140929341316,1.440531072205431e-8,1,-1.1745003192231707e-8,0.030953140929341316,-1.2185264353092862e-8,-0.9995208382606506]}},{"t":8.697409629821777,"j":false,"c":{"p":[13.720698356628418,60.953128814697266,-970.8862915039062],"r":[-0.9995208382606506,8.374900772878391e-8,-0.030953140929341316,8.595954170687037e-8,1,-7.008475932934743e-8,0.030953140929341316,-7.27118916188374e-8,-0.9995208382606506]}},{"t":8.760363578796387,"j":false,"c":{"p":[13.745840072631836,60.98994445800781,-970.0744018554688],"r":[-0.9995208382606506,-1.863590348705202e-8,-0.030953140929341316,-1.9127792683093503e-8,1,1.5595356117614756e-8,0.030953140929341316,1.617994982439086e-8,-0.9995208382606506]}},{"t":8.822127342224121,"j":false,"c":{"p":[13.770988464355469,60.99395751953125,-969.2623291015625],"r":[-0.9995208382606506,-4.216986582150639e-8,-0.030953140929341316,-4.328293101707459e-8,1,3.52895703770173e-8,0.030953140929341316,3.661240555175027e-8,-0.9995208382606506]}},{"t":8.885274648666382,"j":false,"c":{"p":[13.796136856079102,60.99436569213867,-968.4502563476562],"r":[-0.9995208382606506,2.603215243368595e-8,-0.030953140929341316,2.6719265022734362e-8,1,-2.1784851256256843e-8,0.030953140929341316,-2.2601458482540693e-8,-0.9995208382606506]}},{"t":8.946416139602661,"j":false,"c":{"p":[13.821285247802734,60.9943962097168,-967.63818359375],"r":[-0.9995208382606506,9.401577472090139e-8,-0.030953140929341316,9.64973025929794e-8,1,-7.867651419246613e-8,0.030953140929341316,-8.162570708236672e-8,-0.9995208382606506]}},{"t":9.01037859916687,"j":false,"c":{"p":[13.846433639526367,60.9943962097168,-966.8261108398438],"r":[-0.99952