{"v":1,"d":[{"t":0,"j":false,"c":{"p":[16.49546469476361,55.166542053222656,-1082.72152977138],"r":[-0.9982125759124756,-1.0750383759401859e-7,0.059763241559267044,-1.0169941608920476e-7,1,1.0016521668018886e-7,-0.059763241559267044,9.390828847816171e-8,-0.9982125759124756]}},{"t":0.025,"j":false,"c":{"p":[16.47678370270055,55.166542053222656,-1082.4094240041602],"r":[-0.9982125759124756,-6.729051104061924e-8,0.059763241559267044,-6.365211996045566e-8,1,6.278378357312017e-8,-0.059763241559267044,5.886750309704109e-8,-0.9982125759124756]}},{"t":0.03811225891113281,"j":false,"c":{"p":[16.46698570251465,55.166542053222656,-1082.2457275390625],"r":[-0.9982125759124756,-4.6199009062775076e-8,0.059763241559267044,-4.3696680052107695e-8,1,4.317758239835712e-8,-0.059763241559267044,4.048894908237344e-8,-0.9982125759124756]}},{"t":0.05000000000000001,"j":false,"c":{"p":[16.458102710637498,55.166542053222656,-1082.0973182369405],"r":[-0.9982125759124756,-2.7077184487219887e-8,0.059763241559267044,-2.5604823831706558e-8,1,2.5402350466051474e-8,-0.059763241559267044,2.382671771592045e-8,-0.9982125759124756]}},{"t":0.07500000000000001,"j":false,"c":{"p":[16.43942171857444,55.166542053222656,-1081.7852124697208],"r":[-0.9982125759124756,1.313614206617945e-8,0.059763241559267044,1.2442472297042521e-8,1,-1.19790826410172e-8,-0.059763241559267044,-1.1214067665200161e-8,-0.9982125759124756]}},{"t":0.1,"j":false,"c":{"p":[16.420740726511386,55.166542053222656,-1081.4731067025011],"r":[-0.9982125759124756,5.334946861957879e-8,0.059763241559267044,5.048976842579161e-8,1,-4.936051574808588e-8,-0.059763241559267044,-4.6254853046320787e-8,-0.9982125759124756]}},{"t":0.125,"j":false,"c":{"p":[16.400754602448462,54.9442538148206,-1081.1391843207502],"r":[-0.9982125759124756,4.27796654081567e-8,0.059763241559267044,4.0482538141920216e-8,1,-3.964786997143965e-8,-0.059763241559267044,-3.71576331401805e-8,-0.9982125759124756]}},{"t":0.15,"j":false,"c":{"p":[16.380584630777072,54.69065291147465,-1080.8021887384289],"r":[-0.9982125759124756,2.505628925666957e-8,0.059763241559267044,2.37061000249567e-8,1,-2.3301309942166864e-8,-0.059763241559267044,-2.1842906717336284e-8,-0.9982125759124756]}},{"t":0.175,"j":false,"c":{"p":[16.36122818954542,54.46202680211035,-1080.4787541301405],"r":[-0.9982125759124756,-1.444460909594391e-9,0.059763241559267044,-1.375813782891978e-9,1,1.189802256008114e-9,-0.059763241559267044,1.1054535425759006e-9,-0.9982125759124756]}},{"t":0.19999999999999998,"j":false,"c":{"p":[16.34279097154527,54.261620178715376,-1080.1706423195792],"r":[-0.9982125759124756,-3.7862929838202014e-8,0.059763241559267044,-3.584223962714332e-8,1,3.488359599884802e-8,-0.059763241559267044,3.2679199185780946e-8,-0.9982125759124756]}},{"t":0.22499999999999998,"j":false,"c":{"p":[16.324353753545118,54.06121355532039,-1079.8625305090177],"r":[-0.9982125759124756,-7.428139876680964e-8,0.059763241559267044,-7.030866547139465e-8,1,6.857738974168792e-8,-0.059763241559267044,6.425294482898599e-8,-0.9982125759124756]}},{"t":0.24999999999999997,"j":false,"c":{"p":[16.30487745230224,53.96645099411871,-1079.537080601236],"r":[-0.9982125759124756,-4.976836209787973e-8,0.059763241559267044,-4.710444819699676e-8,1,4.5983305271888567e-8,-0.059763241559267044,4.308600308450405e-8,-0.9982125759124756]}},{"t":0.27499999999999997,"j":false,"c":{"p":[16.285200305416037,53.89210850010922,-1079.2082793918962],"r":[-0.9982125759124756,-1.3477801802993748e-8,0.059763241559267044,-1.2753003307047861e-8,1,1.2509269469800319e-8,-0.059763241559267044,1.1724750766761793e-8,-0.9982125759124756]}},{"t":0.3,"j":false,"c":{"p":[16.265587810785433,53.83892347709776,-1078.8805692295123],"r":[-0.9982125759124756,1.8365087861490305e-8,0.059763241559267044,1.738816512256081e-8,1,-1.68665979301326e-8,-0.059763241559267044,-1.579727731168179e-8,-0.9982125759124756]}},{"t":0.325,"j":false,"c":{"p":[16.246222572927934,53.86665331091846,-1078.5570316786957],"r":[-0.9982125759124756,3.3198258721256906e-8,0.059763241559267044,3.14275075331783e-8,1,-3.056938655967536e-8,-0.059763241559267044,-2.8636535426823417e-8,-0.9982125759124756]}},{"t":0.35000000000000003,"j":false,"c":{"p":[16.226857335070434,53.89438314473916,-1078.233494127879],"r":[-0.9982125759124756,4.803142958102351e-8,0.059763241559267044,4.546684994379579e-8,1,-4.4272175189218115e-8,-0.059763241559267044,-4.147579354196504e-8,-0.9982125759124756]}},{"t":0.37500000000000006,"j":false,"c":{"p":[16.207761237521346,53.908999582350454,-1077.914453139245],"r":[-0.9982125759124756,3.3378858291288005e-8,0.059763241559267044,3.159505022158272e-8,1,-3.079288152672294e-8,-0.059763241559267044,-2.8849616271430405e-8,-0.9982125759124756]}},{"t":0.4000000000000001,"j":false,"c":{"p":[16.188900966898135,53.91212576072044,-1077.5993521417736],"r":[-0.9982125759124756,-7.109798159755242e-9,0.059763241559267044,-6.73313392659778e-9,1,6.503977567837361e-9,-0.059763241559267044,6.089960945363398e-9,-0.9982125759124756]}},{"t":0.4250000000000001,"j":false,"c":{"p":[16.169936352263864,53.914887168454115,-1077.2825078553205],"r":[-0.9982125759124756,-4.160803742618909e-8,0.059763241559267044,-3.9390402435797915e-8,1,3.8285107915772417e-8,-0.059763241559267044,3.5862580510759894e-8,-0.9982125759124756]}},{"t":0.4500000000000001,"j":false,"c":{"p":[16.15027545068061,53.91521446395778,-1076.9540306121335],"r":[-0.9982125759124756,-3.6132259378200074e-8,0.059763241559267044,-3.420568549469522e-8,1,3.3259813999011726e-8,-0.059763241559267044,3.1156123201427294e-8,-0.9982125759124756]}},{"t":0.4750000000000001,"j":false,"c":{"p":[16.130614549097356,53.915541759461455,-1076.6255533689464],"r":[-0.9982125759124756,-3.065648133021107e-8,0.059763241559267044,-2.9020968553592536e-8,1,2.823452008225105e-8,-0.059763241559267044,2.6449665892094707e-8,-0.9982125759124756]}},{"t":0.5000000000000001,"j":false,"c":{"p":[16.110630196158116,53.91571292393123,-1076.291672181832],"r":[-0.9982125759124756,-6.174318501385855e-9,0.059763241559267044,-5.843583134893562e-9,1,5.708872982785059e-9,-0.059763241559267044,5.349436677146491e-9,-0.9982125759124756]}},{"t":0.5250000000000001,"j":false,"c":{"p":[16.090317503629713,53.91572559780088,-1075.9523053824416],"r":[-0.9982125759124756,3.760146747953735e-8,0.059763241559267044,3.559838911135371e-8,1,-3.458160542095803e-8,-0.059763241559267044,-3.239231910035527e-8,-0.9982125759124756]}},{"t":0.5500000000000002,"j":false,"c":{"p":[16.07000481110131,53.91573827167053,-1075.6129385830513],"r":[-0.9982125759124756,8.137725346046054e-8,0.059763241559267044,7.704036135760097e-8,1,-7.48720838247011e-8,-0.059763241559267044,-7.013407487785702e-8,-0.9982125759124756]}},{"t":0.5750000000000002,"j":false,"c":{"p":[16.050044939269075,53.91575824765974,-1075.2794664049798],"r":[-0.9982125759124756,5.710753991409873e-8,0.059763241559267044,5.4063619399813006e-8,1,-5.254997640973345e-8,-0.059763241559267044,-4.9225030600341055e-8,-0.9982125759124756]}},{"t":0.6000000000000002,"j":false,"c":{"p":[16.030180359631878,53.91578019585468,-1074.9475862860204],"r":[-0.9982125759124756,1.4459638571323176e-8,0.059763241559267044,1.3688236305287647e-8,1,-1.3317039203091973e-8,-0.059763241559267044,-1.2475182370922103e-8,-0.9982125759124756]}},{"t":0.6250000000000002,"j":false,"c":{"p":[16.0106305029032,53.91580203699469,-1074.620963211712],"r":[-0.9982125759124756,-2.2850035488744526e-8,0.059763241559267044,-2.163333256346156e-8,1,2.100574804924876e-8,-0.059763241559267044,1.9675324538052523e-8,-0.9982125759124756]}},{"t":0.6500000000000002,"j":false,"c":{"p":[15.992511680098163,53.9158233913597,-1074.318243733328],"r":[-0.9982125759124756,-3.588697907113391e-8,0.059763241559267044,-3.397538705598965e-8,1,3.3002257281956356e-8,-0.059763241559267044,3.091278928270684e-8,-0.9982125759124756]}},{"t":0.6750000000000003,"j":false,"c":{"p":[15.974392857293124,53.91584474572471,-1074.015524254944],"r":[-0.9982125759124756,-4.89239226535233e-8,0.059763241559267044,-4.6317441548517747e-8,1,4.499876651466395e-8,-0.059763241559267044,4.215025402736115e-8,-0.9982125759124756]}},{"t":0.7000000000000003,"j":false,"c":{"p":[15.955631127864498,53.91586685757754,-1073.702066629189],"r":[-0.9982125759124756,-3.485003437666109e-8,0.059763241559267044,-3.2993055098822855e-8,1,3.205906728059651e-8,-0.059763241559267044,3.002999176627073e-8,-0.9982125759124756]}},{"t":0.7250000000000003,"j":false,"c":{"p":[15.936228318773361,53.91588972476563,-1073.377901370879],"r":[-0.9982125759124756,6.257644346640049e-9,0.059763241559267044,5.924835435888725e-9,1,-5.7459786798004765e-9,-0.059763241559267044,-5.381621363603467e-9,-0.9982125759124756]}},{"t":0.7500000000000003,"j":false,"c":{"p":[15.916825509682225,53.91591259195371,-1073.0537361125691],"r":[-0.9982125759124756,4.7365323069941186e-8,0.059763241559267044,4.4842725970600306e-8,1,-4.3551024640197466e-8,-0.059763241559267044,-4.0793234493477665e-8,-0.9982125759124756]}},{"t":0.7750000000000004,"j":false,"c":{"p":[15.89750649190837,53.9159259016303,-1072.7309707667093],"r":[-0.9982125759124756,4.184489454645605e-8,0.059763241559267044,3.9616147283017146e-8,1,-3.847780842760045e-8,-0.059763241559267044,-3.604144335136129e-8,-0.9982125759124756]}},{"t":0.8000000000000004,"j":false,"c":{"p":[15.8782044424163,53.91593727584922,-1072.408488912143],"r":[-0.9982125759124756,2.6881973786728294e-8,0.059763241559267044,2.5450029066230855e-8,1,-2.4721467774004897e-8,-0.059763241559267044,-2.3156303990494682e-8,-0.9982125759124756]}},{"t":0.8250000000000004,"j":false,"c":{"p":[15.858853509943236,53.91594696044922,-1072.085190363247],"r":[-0.9982125759124756,8.822229798447542e-9,0.059763241559267044,8.352045630687844e-9,1,-8.117252594873297e-9,-0.059763241559267044,-7.60359849108694e-9,-0.9982125759124756]}},{"t":0.8500000000000004,"j":false,"c":{"p":[15.839222388774276,53.91594696044922,-1071.75721066532],"r":[-0.9982125759124756,-2.6987963204563798e-8,0.059763241559267044,-2.5550876363753755e-8,1,2.481048118221773e-8,-0.059763241559267044,2.323912947360722e-8,-0.9982125759124756]}},{"t":0.8750000000000004,"j":false,"c":{"p":[15.819591267605315,53.91594696044922,-1071.4292309673926],"r":[-0.9982125759124756,-6.279815620757513e-8,0.059763241559267044,-5.945379835819534e-8,1,5.773821495930876e-8,-0.059763241559267044,5.408185743830137e-8,-0.9982125759124756]}},{"t":0.9000000000000005,"j":false,"c":{"p":[15.799945816288039,53.915947699660315,-1071.1010118538115],"r":[-0.9982125759124756,-5.976379238050114e-8,0.059763241559267044,-5.658092060082453e-8,1,5.495019746370128e-8,-0.059763241559267044,5.1470515789121555e-8,-0.9982125759124756]}},{"t":0.9250000000000005,"j":false,"c":{"p":[15.780286622943434,53.91594914774468,-1070.77256315039],"r":[-0.9982125759124756,-1.9479084057341774e-8,0.059763241559267044,-1.844155194573652e-8,1,1.7912232294238556e-8,-0.059763241559267044,1.6778086862672128e-8,-0.9982125759124756]}},{"t":0.9500000000000005,"j":false,"c":{"p":[15.76062742959883,53.915950595829045,-1070.4441144469686],"r":[-0.9982125759124756,2.080562426581758e-8,0.059763241559267044,1.969781670935149e-8,1,-1.9125732875224165e-8,-0.059763241559267044,-1.79143420637773e-8,-0.9982125759124756]}},{"t":0.9750000000000004,"j":false,"c":{"p":[15.741311217403842,53.91404448483063,-1070.12139597428],"r":[-0.9982125759124756,3.304638150676779e-8,0.059763241559267044,3.1286655785715776e-8,1,-3.038069768705924e-8,-0.059763241559267044,-2.8456602066564038e-8,-0.9982125759124756]}},{"t":1.0000000000000004,"j":false,"c":{"p":[15.722043479439968,53.91186877458471,-1069.7994873668836],"r":[-0.9982125759124756,4.132362947707287e-8,0.059763241559267044,3.9123053923307754e-8,1,-3.799169804313926e-8,-0.059763241559267044,-3.558566903759903e-8,-0.9982125759124756]}},{"t":1.0250000000000004,"j":false,"c":{"p":[15.702756153963643,53.90824517513815,-1069.4772312965802],"r":[-0.9982125759124756,3.9812166834852725e-8,0.059763241559267044,3.769201830751513e-8,1,-3.660315137576965e-8,-0.059763241559267044,-3.428512713995162e-8,-0.9982125759124756]}},{"t":1.0500000000000003,"j":false,"c":{"p":[15.683384416873436,53.8983819541756,-1069.1534778485566],"r":[-0.9982125759124756,-3.883358872958916e-9,0.059763241559267044,-3.6766582687467696e-9,1,3.5685889344058894e-9,-0.059763241559267044,3.34248235736138e-9,-0.9982125759124756]}},{"t":1.0750000000000002,"j":false,"c":{"p":[15.664012679783228,53.88851873321304,-1068.829724400533],"r":[-0.9982125759124756,-4.757888458077056e-8,0.059763241559267044,-4.504533484500867e-8,1,4.374032924458142e-8,-0.059763241559267044,4.097009185467438e-8,-0.9982125759124756]}},{"t":1.1,"j":false,"c":{"p":[15.644814297069068,53.87560130014419,-1068.5091027686033],"r":[-0.9982125759124756,-5.5905244906153896e-8,0.059763241559267044,-5.292827423530793e-8,1,5.139573127810016e-8,-0.059763241559267044,4.81407000943968e-8,-0.9982125759124756]}},{"t":1.125,"j":false,"c":{"p":[15.6257786269023,53.85981714606479,-1068.19142069774],"r":[-0.9982125759124756,-3.103367201712512e-8,0.059763241559267044,-2.938108925837444e-8,1,2.8530898671816605e-8,-0.059763241559267044,2.6723992723808393e-8,-0.9982125759124756]}},{"t":1.15,"j":false,"c":{"p":[15.60674295673553,53.844032991985394,-1067.8737386268772],"r":[-0.9982125759124756,-6.162099128096344e-9,0.059763241559267044,-5.833904281440958e-9,1,5.666066065533047e-9,-0.059763241559267044,5.307285353219996e-9,-0.9982125759124756]}},{"t":1.1749999999999998,"j":false,"c":{"p":[15.586176985667704,53.83529321310552,-1067.5304253226375],"r":[-0.9982125759124756,2.4953537620436388e-8,0.059763241559267044,2.3624837087122814e-8,1,-2.2939307369580132e-8,-0.059763241559267044,-2.1486408810997438e-8,-0.9982125759124756]}},{"t":1.1999999999999997,"j":false,"c":{"p":[15.565224594328583,53.82833222777783,-1067.1806398088158],"r":[-0.9982125759124756,5.7645879217605236e-8,0.059763241559267044,5.457632097648614e-8,1,-5.299423973975012e-8,-0.059763241559267044,-4.963785993275515e-8,-0.9982125759124756]}},{"t":1.2249999999999996,"j":false,"c":{"p":[15.544488145708096,53.82647439440975,-1066.8344054571737],"r":[-0.9982125759124756,7.6278805682245e-8,0.059763241559267044,7.221704001773024e-8,1,-7.012413735561807e-8,-0.059763241559267044,-6.568287303277195e-8,-0.9982125759124756]}},{"t":1.2499999999999996,"j":false,"c":{"p":[15.524769247598453,53.84866328471101,-1066.5049046490965],"r":[-0.9982125759124756,2.866191765579209e-8,0.059763241559267044,2.7135683239322072e-8,1,-2.6349570120578432e-8,-0.059763241559267044,-2.468075682279663e-8,-0.9982125759124756]}},{"t":1.2749999999999995,"j":false,"c":{"p":[15.505050349488808,53.87085217501227,-1066.1754038410193],"r":[-0.9982125759124756,-1.8954970370660807e-8,0.059763241559267044,-1.7945673539086085e-8,1,1.7424997114461205e-8,-0.059763241559267044,1.6321359387178677e-8,-0.9982125759124756]}},{"t":1.2999999999999994,"j":false,"c":{"p":[15.48624958382672,53.88723624041574,-1065.861272381219],"r":[-0.9982125759124756,-3.885917483250223e-8,0.059763241559267044,-3.6790000849782887e-8,1,3.572319279415152e-8,-0.059763241559267044,3.3460650438639465e-8,-0.9982125759124756]}},{"t":1.3249999999999993,"j":false,"c":{"p":[15.468202536013209,53.89885498013555,-1065.559758003135],"r":[-0.9982125759124756,-3.6013345472687484e-8,0.059763241559267044,-3.40956956286074e-8,1,3.3107199013049304e-8,-0.059763241559267044,3.101035255076996e-8,-0.9982125759124756]}},{"t":1.3499999999999992,"j":false,"c":{"p":[15.4501554881997,53.91047371985536,-1065.258243625051],"r":[-0.9982125759124756,-3.316751611287274e-8,0.059763241559267044,-3.1401390407431916e-8,1,3.049120523194709e-8,-0.059763241559267044,2.8560054662900465e-8,-0.9982125759124756]}},{"t":1.3749999999999991,"j":false,"c":{"p":[15.430791539993887,53.913214447468235,-1064.9347276206129],"r":[-0.9982125759124756,-1.4244659141218273e-9,0.059763241559267044,-1.348596113752205e-9,1,1.309835774108774e-9,-0.059763241559267044,1.2268977327972816e-9,-0.9982125759124756]}},{"t":1.399999999999999,"j":false,"c":{"p":[15.411211241443372,53.91449662818504,-1064.6075970227907],"r":[-0.9982125759124756,3.506603802221566e-8,0.059763241559267044,3.319885743888908e-8,1,-3.22358942826208e-8,-0.059763241559267044,-3.0194203253252046e-8,-0.9982125759124756]}},{"t":1.424999999999999,"j":false,"c":{"p":[15.391602123972385,53.915525999631676,-1064.2799849435112],"r":[-0.9982125759124756,5.900038297097935e-8,0.059763241559267044,5.5858741535490964e-8,1,-5.4238780169742375e-8,-0.059763241559267044,-5.080353195590367e-8,-0.9982125759124756]}},{"t":1.4499999999999988,"j":false,"c":{"p":[15.371887141205084,53.91562668506714,-1063.9506041589393],"r":[-0.9982125759124756,3.6810117071346635e-8,0.059763241559267044,3.4850055041696916e-8,1,-3.3839431748286857e-8,-0.059763241559267044,-3.169619335235716e-8,-0.9982125759124756]}},{"t":1.4749999999999988,"j":false,"c":{"p":[15.352172158437783,53.91572737050261,-1063.6212233743674],"r":[-0.9982125759124756,1.4619851171713924e-8,0.059763241559267044,1.3841368547902874e-8,1,-1.3440083326831345e-8,-0.059763241559267044,-1.2588854748810657e-8,-0.9982125759124756]}},{"t":1.4999999999999987,"j":false,"c":{"p":[15.3331342224273,53.91576018490954,-1063.3031540981333],"r":[-0.9982125759124756,-1.7987268756014013e-8,0.059763241559267044,-1.7029492044504247e-8,1,1.653551927894949e-8,-0.059763241559267044,1.5488226182578817e-8,-0.9982125759124756]}},{"t":1.5249999999999986,"j":false,"c":{"p":[15.314320405672621,53.91577053232398,-1062.9888292114929],"r":[-0.9982125759124756,-5.4042625528619874e-8,0.059763241559267044,-5.1164976678461546e-8,1,4.968109934867921e-8,-0.059763241559267044,4.65345141221983e-8,-0.9982125759124756]}},{"t":1.5499999999999985,"j":false,"c":{"p":[15.2951688224684,53.91578172770317,-1062.668861216793],"r":[-0.9982125759124756,-7.641350407103046e-8,0.059763241559267044,-7.234465210160842e-8,1,7.024659328436959e-8,-0.059763241559267044,6.579748286489105e-8,-0.9982125759124756]}},{"t":1.5749999999999984,"j":false,"c":{"p":[15.274375916806866,53.9157970436325,-1062.3214714340493],"r":[-0.9982125759124756,-3.228683240841367e-8,0.059763241559267044,-3.056762877816909e-8,1,2.96811551370242e-8,-0.059763241559267044,2.780128200690878e-8,-0.9982125759124756]}},{"t":1.5999999999999983,"j":false,"c":{"p":[15.253583011145333,53.91581235956183,-1061.9740816513058],"r":[-0.9982125759124756,1.1839839254203128e-8,0.059763241559267044,1.1209394545270238e-8,1,-1.088428301032119e-8,-0.059763241559267044,-1.0194918851073493e-8,-0.9982125759124756]}},{"t":1.6249999999999982,"j":false,"c":{"p":[15.234401058500906,53.915832025751264,-1061.653606270413],"r":[-0.9982125759124756,3.380901711025002e-8,0.059763241559267044,3.200876057925435e-8,1,-3.108046267233915e-8,-0.059763241559267044,-2.911196276316877e-8,-0.9982125759124756]}},{"t":1.6499999999999981,"j":false,"c":{"p":[15.215977220265897,53.915853739172874,-1061.3457968056878],"r":[-0.9982125759124756,4.535087948720217e-8,0.059763241559267044,4.293604214019115e-8,1,-4.169087030815626e-8,-0.059763241559267044,-3.9050356369111815e-8,-0.9982125759124756]}},{"t":1.674999999999998,"j":false,"c":{"p":[15.19734555724073,53.91587569752647,-1061.0345151851282],"r":[-0.9982125759124756,4.5592177213963853e-8,0.059763241559267044,4.316449036811711e-8,1,-4.191270535665979e-8,-0.059763241559267044,-3.92581424403294e-8,-0.9982125759124756]}},{"t":1.699999999999998,"j":false,"c":{"p":[15.17797886445255,53.91589852214967,-1060.7109533265952],"r":[-0.9982125759124756,5.8659073064567994e-9,0.059763241559267044,5.5535599382986096e-9,1,-5.392484555771114e-9,-0.059763241559267044,-5.050947773384574e-9,-0.9982125759124756]}},{"t":1.7249999999999979,"j":false,"c":{"p":[15.15861217166437,53.915921346772876,-1060.3873914680623],"r":[-0.9982125759124756,-3.3860362601050255e-8,0.059763241559267044,-3.205737049151989e-8,1,3.1127736245117565e-8,-0.059763241559267044,2.915624689356026e-8,-0.9982125759124756]}},{"t":1.7499999999999978,"j":false,"c":{"p":[15.139410219588035,53.91593646844447,-1060.0665819540561],"r":[-0.9982125759124756,-4.193245965445133e-8,0.059763241559267044,-3.969964441819054e-8,1,3.854838761074726e-8,-0.059763241559267044,3.610690757214043e-8,-0.9982125759124756]}},{"t":1.7749999999999977,"j":false,"c":{"p":[15.120274431040189,53.915948496439626,-1059.7468778427371],"r":[-0.9982125759124756,-3.729153790361769e-8,0.059763241559267044,-3.5305840339659114e-8,1,3.4282005638603464e-8,-0.059763241559267044,3.2110738879142336e-8,-0.9982125759124756]}},{"t":1.7999999999999976,"j":false,"c":{"p":[15.101011808449345,53.915958404541016,-1059.425054698544],"r":[-0.9982125759124756,-2.5631111521726012e-8,0.059763241559267044,-2.426630702428096e-8,1,2.356260075155004e-8,-0.059763241559267044,2.2070252102498652e-8,-0.9982125759124756]}},{"t":1.8249999999999975,"j":false,"c":{"p":[15.081156380419056,53.915958404541016,-1059.0933274766733],"r":[-0.9982125759124756,1.8837545435486317e-8,0.059763241559267044,1.7834480411354623e-8,1,-1.731737455003876e-8,-0.059763241559267044,-1.622057309281706e-8,-0.9982125759124756]}},{"t":1.8499999999999974,"j":false,"c":{"p":[15.061300952388766,53.915958404541016,-1058.7616002548025],"r":[-0.9982125759124756,6.330620239269865e-8,0.059763241559267044,5.99352678469902e-8,1,-5.819734985162754e-8,-0.059763241559267044,-5.451139828813277e-8,-0.9982125759124756]}},{"t":1.8749999999999973,"j":false,"c":{"p":[15.04207713372729,53.915958404541016,-1058.4404254129108],"r":[-0.9982125759124756,6.38177233250454e-8,0.059763241559267044,6.041955257684443e-8,1,-5.86675680537752e-8,-0.059763241559267044,-5.495183389360149e-8,-0.9982125759124756]}},{"t":1.8999999999999972,"j":false,"c":{"p":[15.023333741013845,53.915958404541016,-1058.1272771098986],"r":[-0.9982125759124756,3.089378590242708e-8,0.059763241559267044,2.924875308302853e-8,1,-2.8400598331115345e-8,-0.059763241559267044,-2.6601833194606665e-8,-0.9982125759124756]}},{"t":1.9249999999999972,"j":false,"c":{"p":[15.004472248920576,53.91576226023455,-1057.8121557051677],"r":[-0.9982125759124756,-1.5617983246380746e-9,0.059763241559267044,-1.4786316168239574e-9,1,1.4358194563576299e-9,-0.059763241559267044,1.3448852909941154e-9,-0.9982125759124756]}},{"t":1.949999999999997,"j":false,"c":{"p":[14.984943283088356,53.91445754809476,-1057.485882729755],"r":[-0.9982125759124756,-3.137034529330032e-8,0.059763241559267044,-2.9699925845441512e-8,1,2.8838845041240702e-8,-0.059763241559267044,2.7012334510065312e-8,-0.9982125759124756]}},{"t":1.974999999999997,"j":false,"c":{"p":[14.965414317256133,53.91315283595497,-1057.1596097543427],"r":[-0.9982125759124756,-6.117889226196257e-8,0.059763241559267044,-5.7921220074059065e-8,1,5.624187062612377e-8,-0.059763241559267044,5.267978372913651e-8,-0.9982125759124756]}},{"t":1.999999999999997,"j":false,"c":{"p":[14.94593453389454,53.90802851043526,-1056.8341167493927],"r":[-0.9982125759124756,-5.492571156140973e-8,0.059763241559267044,-5.200101121990892e-8,1,5.049328361718452e-8,-0.059763241559267044,4.729528271299883e-8,-0.9982125759124756]}},{"t":2.024999999999997,"j":false,"c":{"p":[14.9265042363737,53.8990610111779,-1056.5094085259639],"r":[-0.9982125759124756,-1.238836518030186e-8,0.059763241559267044,-1.17287057107821e-8,1,1.13885963413496e-8,-0.059763241559267044,1.0667295046040016e-8,-0.9982125759124756]}},{"t":2.0499999999999967,"j":false,"c":{"p":[14.907073938852863,53.89009351192053,-1056.1847003025352],"r":[-0.9982125759124756,3.014898120080599e-8,0.059763241559267044,2.854359979834472e-8,1,-2.7716090934485304e-8,-0.059763241559267044,-2.5960692620918784e-8,-0.9982125759124756]}},{"t":2.0749999999999966,"j":false,"c":{"p":[14.887528364628384,53.875416483749824,-1055.8583784589312],"r":[-0.9982125759124756,3.462171397005264e-8,0.059763241559267044,3.2778167071055166e-8,1,-3.1827877769413405e-8,-0.059763241559267044,-2.981205836739011e-8,-0.9982125759124756]}},{"t":2.0999999999999965,"j":false,"c":{"p":[14.867959814277562,53.85960147319806,-1055.5317350001192],"r":[-0.9982125759124756,3.1507680775084305e-8,0.059763241559267044,2.982995065213933e-8,1,-2.896513049343939e-8,-0.059763241559267044,-2.7130622752893194e-8,-0.9982125759124756]}},{"t":2.1249999999999964,"j":false,"c":{"p":[14.848417494743869,53.84477153744828,-1055.2055411478534],"r":[-0.9982125759124756,2.1677527263594955e-8,0.059763241559267044,2.0523236492720254e-8,1,-1.9928217659028106e-8,-0.059763241559267044,-1.8666062230102174e-8,-0.9982125759124756]}},{"t":2.1499999999999964,"j":false,"c":{"p":[14.828986872168667,53.83413628075557,-1054.8812618254892],"r":[-0.9982125759124756,-1.675143841934683e-8,0.059763241559267044,-1.585944921026009e-8,1,1.5399737145974943e-8,-0.059763241559267044,1.44243976544835e-8,-0.9982125759124756]}},{"t":2.1749999999999963,"j":false,"c":{"p":[14.809556249593463,53.82350102406286,-1054.556982503125],"r":[-0.9982125759124756,-5.518040410228863e-8,0.059763241559267044,-5.224213491324044e-8,1,5.072769195097799e-8,-0.059763241559267044,4.751485753906918e-8,-0.9982125759124756]}},{"t":2.199999999999996,"j":false,"c":{"p":[14.790141020172587,53.82844869673297,-1054.232727930387],"r":[-0.9982125759124756,-5.779594021772644e-8,0.059763241559267044,-5.471839904583426e-8,1,5.31321497227624e-8,-0.059763241559267044,4.976702794851857e-8,-0.9982125759124756]}},{"t":2.224999999999996,"j":false,"c":{"p":[14.77073954993647,53.84732518474844,-1053.9084954801244],"r":[-0.9982125759124756,-2.839961028955768e-8,0.059763241559267044,-2.6887377938308773e-8,1,2.6107910230915034e-8,-0.059763241559267044,2.4454365734739595e-8,-0.9982125759124756]}},{"t":2.249999999999996,"j":false,"c":{"p":[14.751338079700353,53.86620167276391,-1053.5842630298619],"r":[-0.9982125759124756,9.967196386110859e-10,0.059763241559267044,9.436431692167221e-10,1,-9.163292609323462e-10,-0.059763241559267044,-8.582964790393991e-10,-0.9982125759124756]}},{"t":2.274999999999996,"j":false,"c":{"p":[14.73182057067712,53.88262512174423,-1053.2581688782789],"r":[-0.9982125759124756,2.16701571462433e-8,0.059763241559267044,2.0516249700855105e-8,1,-1.9921572364992873e-8,-0.059763241559267044,-1.8659846037927042e-8,-0.9982125759124756]}},{"t":2.299999999999996,"j":false,"c":{"p":[14.712284087272915,53.89864745573233,-1052.931770305812],"r":[-0.9982125759124756,4.091724844603353e-8,0.059763241559267044,3.8738460315037136e-8,1,-3.761556863291338e-8,-0.059763241559267044,-3.5233196676608454e-8,-0.9982125759124756]}},{"t":2.3249999999999957,"j":false,"c":{"p":[14.692805363403563,53.91164698324872,-1052.6063367294162],"r":[-0.9982125759124756,4.838567005174665e-8,0.059763241559267044,4.580919966703206e-8,1,-4.448133322910671e-8,-0.059763241559267044,-4.166411852387441e-8,-0.9982125759124756]}},{"t":2.3499999999999956,"j":false,"c":{"p":[14.673545757362948,53.913179126333866,-1052.2845639831207],"r":[-0.9982125759124756,1.1170273908924193e-8,0.059763241559267044,1.0575474894511724e-8,1,-1.0268882447405648e-8,-0.059763241559267044,-9.618501728495555e-9,-0.9982125759124756]}},{"t":2.3749999999999956,"j":false,"c":{"p":[14.654286151322331,53.91471126941901,-1051.962791236825],"r":[-0.9982125759124756,-2.604512223389826e-8,0.059763241559267044,-2.465824987800861e-8,1,2.3943568334295423e-8,-0.059763241559267044,2.2427115066883296e-8,-0.9982125759124756]}},{"t":2.3999999999999955,"j":false,"c":{"p":[14.63499097313987,53.9148071952063,-1051.640399457892],"r":[-0.9982125759124756,-4.0166791063767216e-8,0.059763241559267044,-3.8027959009025015e-8,1,3.692573846648273e-8,-0.059763241559267044,3.4587063392895294e-8,-0.9982125759124756]}},{"t":2.4249999999999954,"j":false,"c":{"p":[14.615662912994205,53.91357551905882,-1051.3174354612809],"r":[-0.9982125759124756,-3.2941218701058214e-8,0.059763241559267044,-3.118714044944706e-8,1,3.028318906034403e-8,-0.059763241559267044,2.8365216725895972e-8,-0.9982125759124756]}},{"t":2.4499999999999953,"j":false,"c":{"p":[14.596334852848539,53.912343842911326,-1050.99447146467],"r":[-0.9982125759124756,-2.5715646338349206e-8,0.059763241559267044,-2.4346321889869112e-8,1,2.3640639654205335e-8,-0.059763241559267044,2.214337005889665e-8,-0.9982125759124756]}},{"t":2.474999999999995,"j":false,"c":{"p":[14.576164440211347,53.91417260199743,-1050.6574296267129],"r":[-0.9982125759124756,8.122201830341977e-9,0.059763241559267044,7.689699423895843e-9,1,-7.466890775236365e-9,-0.059763241559267044,-6.993980729675265e-9,-0.9982125759124756]}},{"t":2.499999999999995,"j":false,"c":{"p":[14.555834303229874,53.91658167160178,-1050.317718390849],"r":[-0.9982125759124756,4.7006189644516715e-8,0.059763241559267044,4.450315925591485e-8,1,-4.3213397276012054e-8,-0.059763241559267044,-4.0476500442812266e-8,-0.9982125759124756]}},{"t":2.524999999999995,"j":false,"c":{"p":[14.535606730227505,53.918902879887874,-1049.9797262103923],"r":[-0.9982125759124756,7.536418996346272e-8,0.059763241559267044,7.135112906104755e-8,1,-6.928323012739145e-8,-0.059763241559267044,-6.489521312905559e-8,-0.9982125759124756]}},{"t":2.549999999999995,"j":false,"c":{"p":[14.516039429118372,53.920658466993395,-1049.6528007219486],"r":[-0.9982125759124756,3.5959475221186614e-8,0.059763241559267044,3.404467521296529e-8,1,-3.305794059317945e-8,-0.059763241559267044,-3.096422957903587e-8,-0.9982125759124756]}},{"t":2.574999999999995,"j":false,"c":{"p":[14.49647212800924,53.92241405409891,-1049.3258752335046],"r":[-0.9982125759124756,-3.44523952108949e-9,0.059763241559267044,-3.261778635116959e-9,1,3.1673489410325572e-9,-0.059763241559267044,2.966753970983838e-9,-0.9982125759124756]}},{"t":2.5999999999999948,"j":false,"c":{"p":[14.47769595535332,53.92332345930595,-1049.012173105403],"r":[-0.9982125759124756,-2.9052485431878052e-8,0.059763241559267044,-2.7505465356558188e-8,1,2.6708439706041022e-8,-0.059763241559267044,2.501688488863726e-8,-0.9982125759124756]}},{"t":2.6249999999999947,"j":false,"c":{"p":[14.459750247201084,53.923344609227165,-1048.7123518222372],"r":[-0.9982125759124756,-4.017623241323749e-8,0.059763241559267044,-3.8036885284374045e-8,1,3.693465500090724e-8,-0.059763241559267044,3.459543000434395e-8,-0.9982125759124756]}},{"t":2.6499999999999946,"j":false,"c":{"p":[14.441804539048848,53.92336575914838,-1048.4125305390714],"r":[-0.9982125759124756,-5.129997939459691e-8,0.059763241559267044,-4.856830521218991e-8,1,4.7160870295773456e-8,-0.059763241559267044,4.4173975120050626e-8,-0.9982125759124756]}},{"t":2.6749999999999945,"j":false,"c":{"p":[14.42256781738752,53.923387301264945,-1048.091140125081],"r":[-0.9982125759124756,-2.0728466782237218e-8,0.059763241559267044,-1.9624699620977084e-8,1,1.9055952166357933e-8,-0.059763241559267044,1.784905538176044e-8,-0.9982125759124756]}},{"t":2.6999999999999944,"j":false,"c":{"p":[14.402972045143628,53.923408952457024,-1047.7637510062484],"r":[-0.9982125759124756,2.143913459448369e-8,0.059763241559267044,2.0297513714964504e-8,1,-1.9709439838449935e-8,-0.059763241559267044,-1.8461166509626004e-8,-0.9982125759124756]}},{"t":2.7249999999999943,"j":false,"c":{"p":[14.383355799925173,53.922596844023566,-1047.4360198427637],"r":[-0.9982125759124756,5.515624517897509e-8,0.059763241559267044,5.221921792553722e-8,1,-5.070614635759946e-8,-0.059763241559267044,-4.749472498972733e-8,-0.9982125759124756]}},{"t":2.7499999999999942,"j":false,"c":{"p":[14.363613341861173,53.91664473140895,-1047.1061800248317],"r":[-0.9982125759124756,3.677733591020582e-8,0.059763241559267044,3.481897238442628e-8,1,-3.381006141110488e-8,-0.059763241559267044,-3.1668734970185786e-8,-0.9982125759124756]}},{"t":2.774999999999994,"j":false,"c":{"p":[14.343870883797173,53.91069261879434,-1046.7763402068997],"r":[-0.9982125759124756,1.839842664143655e-8,0.059763241559267044,1.7418726843315337e-8,1,-1.691397646461029e-8,-0.059763241559267044,-1.5842744950644237e-8,-0.9982125759124756]}},{"t":2.799999999999994,"j":false,"c":{"p":[14.324255105314858,53.909214147552404,-1046.4486168412363],"r":[-0.9982125759124756,-1.0133930018853485e-8,0.059763241559267044,-9.594300879812682e-9,1,9.316389124388278e-9,-0.059763241559267044,8.726349435859451e-9,-0.9982125759124756]}},{"t":2.824999999999994,"j":false,"c":{"p":[14.304757972223516,53.91192559328579,-1046.1228756995713],"r":[-0.9982125759124756,-4.817578867984935e-8,0.059763241559267044,-4.561045511429489e-8,1,4.42890426302149e-8,-0.059763241559267044,4.148404866404867e-8,-0.9982125759124756]}},{"t":2.849999999999994,"j":false,"c":{"p":[14.285260839132173,53.914637039019176,-1045.7971345579062],"r":[-0.9982125759124756,-8.621764734084521e-8,0.059763241559267044,-8.162660934877711e-8,1,7.926169613604152e-8,-0.059763241559267044,7.424174789223788e-8,-0.9982125759124756]}},{"t":2.874999999999994,"j":false,"c":{"p":[14.265872702340125,53.91529722723367,-1045.4732144316079],"r":[-0.9982125759124756,-5.326076455542264e-8,0.059763241559267044,-5.042466222743552e-8,1,4.8963711928945094e-8,-0.059763241559267044,4.586264934132808e-8,-0.9982125759124756]}},{"t":2.8999999999999937,"j":false,"c":{"p":[14.246502283748747,53.915623967500125,-1045.1495903255957],"r":[-0.9982125759124756,-8.762481223969627e-9,0.059763241559267044,-8.295887166802781e-9,1,8.055475224511103e-9,-0.059763241559267044,7.545286295930664e-9,-0.9982125759124756]}},{"t":2.9249999999999936,"j":false,"c":{"p":[14.227057930417466,53.915136568309734,-1044.8247309822555],"r":[-0.9982125759124756,2.8632990276932233e-8,0.059763241559267044,2.7108296744026454e-8,1,-2.6322991380793178e-8,-0.059763241559267044,-2.4655861590819643e-8,-0.9982125759124756]}},{"t":2.9499999999999935,"j":false,"c":{"p":[14.207291278634353,53.91110014890417,-1044.4944869567075],"r":[-0.9982125759124756,3.5065679469416545e-8,0.059763241559267044,3.319844885284452e-8,1,-3.223669573043184e-8,-0.059763241559267044,-3.0195027853042056e-8,-0.9982125759124756]}},{"t":2.9749999999999934,"j":false,"c":{"p":[14.187524626851237,53.9070637294986,-1044.1642429311596],"r":[-0.9982125759124756,4.149836866190085e-8,0.059763241559267044,3.9288600961662585e-8,1,-3.81504000800705e-8,-0.059763241559267044,-3.5734194115264465e-8,-0.9982125759124756]}},{"t":2.9999999999999933,"j":false,"c":{"p":[14.16821637064737,53.89752399999294,-1043.8416037853497],"r":[-0.9982125759124756,1.642489878523714e-8,0.059763241559267044,1.5550284026610197e-8,1,-1.5099733382239288e-8,-0.059763241559267044,-1.4143408010196054e-8,-0.9982125759124756]}},{"t":3.0249999999999932,"j":false,"c":{"p":[14.149077350110245,53.88595249619395,-1043.5217722950918],"r":[-0.9982125759124756,-2.0280371392304318e-8,0.059763241559267044,-1.9200444622536826e-8,1,1.864432755400949e-8,-0.059763241559267044,1.7463520888287954e-8,-0.9982125759124756]}},{"t":3.049999999999993,"j":false,"c":{"p":[14.129933187598576,53.87351872843099,-1043.2019366104626],"r":[-0.9982125759124756,-4.795030948200636e-8,0.059763241559267044,-4.539696943660215e-8,1,4.408197939973298e-8,-0.059763241559267044,4.129011489862321e-8,-0.9982125759124756]}},{"t":3.074999999999993,"j":false,"c":{"p":[14.110767787082693,53.85752353391489,-1042.8820836017348],"r":[-0.9982125759124756,-3.830142785341564e-8,0.059763241559267044,-3.626188854415497e-8,1,3.521149731721848e-8,-0.059763241559267044,3.2981430181400616e-8,-0.9982125759124756]}},{"t":3.099999999999993,"j":false,"c":{"p":[14.09160238656681,53.8415283393988,-1042.5622305930071],"r":[-0.9982125759124756,-2.8652546224824914e-8,0.059763241559267044,-2.7126807651707785e-8,1,2.6341015234703968e-8,-0.059763241559267044,2.4672745464178022e-8,-0.9982125759124756]}},{"t":3.124999999999993,"j":false,"c":{"p":[14.072315138385463,53.82989538064604,-1042.240305075126],"r":[-0.9982125759124756,-3.556075908881238e-9,0.059763241559267044,-3.366718912170928e-9,1,3.2691405322184676e-9,-0.059763241559267044,3.0620897908052986e-9,-0.9982125759124756]}},{"t":3.149999999999993,"j":false,"c":{"p":[14.052904040549377,53.822696330340484,-1041.9162729962188],"r":[-0.9982125759124756,3.7241791049851535e-8,0.059763241559267044,3.52586704097837e-8,1,-3.423745941568343e-8,-0.059763241559267044,-3.206909172906206e-8,-0.9982125759124756]}},{"t":3.1749999999999927,"j":false,"c":{"p":[14.033492942713291,53.815497280034926,-1041.5922409173118],"r":[-0.9982125759124756,7.803965800858431e-8,0.059763241559267044,7.388405973173833e-8,1,-7.174405936358533e-8,-0.059763241559267044,-6.720027324892942e-8,-0.9982125759124756]}},{"t":3.1999999999999926,"j":false,"c":{"p":[14.01295418002908,53.82799881323741,-1041.249044406697],"r":[-0.9982125759124756,4.203693294056078e-8,0.059763241559267044,3.9798475493269424e-8,1,-3.8645707578582593e-8,-0.059763241559267044,-3.619814662277598e-8,-0.9982125759124756]}},{"t":3.2249999999999925,"j":false,"c":{"p":[13.992412590511917,53.84054973190996,-1040.9057998546389],"r":[-0.9982125759124756,5.841683963916064e-9,0.059763241559267044,5.530619211576845e-9,1,-5.37036313093354e-9,-0.059763241559267044,-5.030236860863839e-9,-0.9982125759124756]}},{"t":3.2499999999999925,"j":false,"c":{"p":[13.972554665769103,53.856292230521916,-1040.5739944692718],"r":[-0.9982125759124756,-2.5814617060683952e-8,0.059763241559267044,-2.4439987401614142e-8,1,2.3732205163311403e-8,-0.059763241559267044,2.2229173008614933e-8,-0.9982125759124756]}},{"t":3.2749999999999924,"j":false,"c":{"p":[13.954154879728508,53.87884181705982,-1040.2665868476909],"r":[-0.9982125759124756,-4.779012725831738e-8,0.059763241559267044,-4.524530381726602e-8,1,4.3934963736085105e-8,-0.059763241559267044,4.1152428706327064e-8,-0.9982125759124756]}},{"t":3.2999999999999923,"j":false,"c":{"p":[13.935755093687915,53.90139140359773,-1039.9591792261099],"r":[-0.9982125759124756,-6.976563745595082e-8,0.059763241559267044,-6.605062023291789e-8,1,6.413772230885881e-8,-0.059763241559267044,6.00756844040392e-8,-0.9982125759124756]}},{"t":3.324999999999992,"j":false,"c":{"p":[13.91654879948081,53.908885639641134,-1039.6382971675596],"r":[-0.9982125759124756,-4.409977912691699e-8,0.059763241559267044,-4.1751470077226864e-8,1,4.054226947820217e-8,-0.059763241559267044,3.7974602121038685e-8,-0.9982125759124756]}},{"t":3.349999999999992,"j":false,"c":{"p":[13.896963840198655,53.90931121145818,-1039.311088702287],"r":[-0.9982125759124756,3.934262362135779e-9,0.059763241559267044,3.724757916562276e-9,1,-3.6169590173953655e-9,-0.059763241559267044,-3.387889612394681e-9,-0.9982125759124756]}},{"t":3.374999999999992,"j":false,"c":{"p":[13.877389072207004,53.90940947598858,-1038.9840503551081],"r":[-0.9982125759124756,4.9793090812758715e-8,0.059763241559267044,4.7141603072813164e-8,1,-4.577644381254418e-8,-0.059763241559267044,-4.28772873624275e-8,-0.9982125759124756]}},{"t":3.399999999999992,"j":false,"c":{"p":[13.858085584310592,53.90079520780652,-1038.6615403503058],"r":[-0.9982125759124756,3.77503218133496e-8,0.059763241559267044,3.574011368068432e-8,1,-3.470511732577801e-8,-0.059763241559267044,-3.250713945102784e-8,-0.9982125759124756]}},{"t":3.424999999999992,"j":false,"c":{"p":[13.83878209641418,53.89218093962446,-1038.3390303455035],"r":[-0.9982125759124756,2.5707552813940482e-8,0.059763241559267044,2.4338624288555478e-8,1,-2.363379083901184e-8,-0.059763241559267044,-2.213699153962819e-8,-0.9982125759124756]}},{"t":3.4499999999999917,"j":false,"c":{"p":[13.819451099365779,53.887115358388876,-1038.0160558130651],"r":[-0.9982125759124756,6.630990142951871e-9,0.059763241559267044,6.277892717610699e-9,1,-6.0960456989448055e-9,-0.059763241559267044,-5.709961562666057e-9,-0.9982125759124756]}},{"t":3.4749999999999917,"j":false,"c":{"p":[13.800070183201685,53.88848935458253,-1037.6922383317487],"r":[-0.9982125759124756,-2.5209352385965303e-8,0.059763241559267044,-2.3866943841297465e-8,1,2.3175899790704144e-8,-0.059763241559267044,2.1708108658004945e-8,-0.9982125759124756]}},{"t":3.4999999999999916,"j":false,"c":{"p":[13.780689267037591,53.88986335077619,-1037.3684208504321],"r":[-0.9982125759124756,-5.704969491488247e-8,0.059763241559267044,-5.401178040020563e-8,1,5.24478452803531e-8,-0.059763241559267044,4.912617887867595e-8,-0.9982125759124756]}},{"t":3.5249999999999915,"j":false,"c":{"p":[13.761187531674114,53.895833232557095,-1037.0426135544035],"r":[-0.998212575