{"v":1,"d":[{"t":0.0719447135925293,"j":false,"c":{"p":[-508.4376220703125,902.87939453125,1867.759033203125],"r":[-0.4655117988586426,2.930527998046273e-8,-0.8850416541099548,-3.5038707490997467e-9,1,3.495470934922196e-8,0.8850416541099548,1.9372901505221307e-8,-0.4655117988586426]}},{"t":0.03333333333333333,"j":false,"c":{"p":[-508.65152962697476,902.8782367965977,1867.6466043046673],"r":[-0.4655114533974562,8.706122634927156e-8,-0.8850418111377668,-1.1745992632799588e-8,1,1.0454778711214262e-7,0.8850418111377668,5.9063952148040544e-8,-0.4655114533974562]}},{"t":0.06666666666666667,"j":false,"c":{"p":[-508.4668625200007,902.8792362727837,1867.7436645476173],"r":[-0.4655117516352504,3.7200325253017466e-8,-0.8850416755751331,-4.630541325981966e-9,1,4.446785101062164e-8,0.8850416755751331,2.479853577219875e-8,-0.4655117516352504]}},{"t":0.1,"j":false,"c":{"p":[-508.28219541302656,902.8802357489697,1867.8407247905673],"r":[-0.4655120498730446,-1.2660575843236635e-8,-0.8850415400124994,2.484909980835656e-9,1,-1.5612085090899346e-8,0.8850415400124994,-9.466880603643045e-9,-0.4655120498730446]}},{"t":0.13333333333333333,"j":false,"c":{"p":[-508.0975283060525,902.8812352251556,1867.937785033517],"r":[-0.4655123481108388,-6.252147693949071e-8,-0.8850414044498657,9.600361287653276e-9,1,-7.569202119242031e-8,0.8850414044498657,-4.3732296979484825e-8,-0.4655123481108388]}},{"t":0.16666666666666666,"j":false,"c":{"p":[-507.7087195451117,902.8874625648451,1868.1422100948917],"r":[-0.4655124545097351,-5.0014160016330966e-8,-0.885041356086731,7.462117248947286e-9,1,-6.043544757826956e-8,0.885041356086731,-3.4737734708681475e-8,-0.4655124545097351]}},{"t":0.19999999999999998,"j":false,"c":{"p":[-507.2066884559293,902.8965894150759,1868.4061825072213],"r":[-0.4655124545097351,-2.9157896984744856e-9,-0.885041356086731,1.915304888952196e-10,1,-3.3952650539891323e-9,0.885041356086731,-1.7500509612673196e-9,-0.4655124545097351]}},{"t":0.2333333333333333,"j":false,"c":{"p":[-506.70024568379284,902.8928154593073,1868.672473486081],"r":[-0.4655124545097351,2.6096781398233362e-8,-0.885041356086731,-4.2194778991947005e-9,1,3.1705864726670885e-8,0.885041356086731,1.8493886234729264e-8,-0.4655124545097351]}},{"t":0.26666666666666666,"j":false,"c":{"p":[-506.1870814455503,902.8693863444595,1868.9422969414372],"r":[-0.4655124545097351,2.7554542293036816e-8,-0.885041356086731,-4.273745491182638e-9,1,3.338151925085858e-8,0.885041356086731,1.932195393047917e-8,-0.4655124545097351]}},{"t":0.3,"j":false,"c":{"p":[-505.6782772907873,902.7682334381188,1869.2098322337713],"r":[-0.4655124545097351,1.8943499085502983e-8,-0.885041356086731,-2.7679987414699663e-9,1,2.2859991972442208e-8,0.885041356086731,1.3091404274514166e-8,-0.4655124545097351]}},{"t":0.3333333333333333,"j":false,"c":{"p":[-505.18718247214355,902.3513900743691,1869.4680737022031],"r":[-0.4655124545097351,-3.056397122090828e-8,-0.885041356086731,5.074052911001957e-9,1,-3.720278681231337e-8,0.885041356086731,-2.1809107276555144e-8,-0.4655124545097351]}},{"t":0.36666666666666664,"j":false,"c":{"p":[-504.6961424354343,901.9443822135186,1869.7262865690036],"r":[-0.4655124461191762,-7.746879325372301e-8,-0.8850413599006214,1.2498781200198232e-8,1,-9.410535464785272e-8,0.8850413599006214,-5.486915300082839e-8,-0.4655124461191762]}},{"t":0.39999999999999997,"j":false,"c":{"p":[-504.207012757282,901.880358537367,1869.9835020381815],"r":[-0.4655121451325969,-3.361392507924647e-8,-0.8850414967127028,5.370586779318551e-9,1,-4.080487674329016e-8,0.8850414967127028,-2.3748375687385235e-8,-0.4655121451325969]}},{"t":0.4333333333333333,"j":false,"c":{"p":[-503.71788307912965,901.8163348612154,1870.2407175073595],"r":[-0.46551184414601765,1.0240943095230072e-8,-0.8850416335247844,-1.757607641561128e-9,1,1.249560116127239e-8,0.8850416335247844,7.3724016260579135e-9,-0.46551184414601765]}},{"t":0.4666666666666666,"j":false,"c":{"p":[-503.1921988636178,901.815310069899,1870.517128441621],"r":[-0.4655117988586426,2.3854951049381338e-8,-0.8850416541099548,-3.919846813430168e-9,1,2.9015227283076924e-8,0.8850416541099548,1.6976158751161748e-8,-0.4655117988586426]}},{"t":0.49999999999999994,"j":false,"c":{"p":[-502.66004040408785,901.8254431315542,1870.7969391214128],"r":[-0.4655117988586426,3.2112942417750316e-8,-0.8850416541099548,-5.202556154329751e-9,1,3.902052640649644e-8,0.8850416541099548,2.2768995281887124e-8,-0.4655117988586426]}},{"t":0.5333333333333333,"j":false,"c":{"p":[-502.15253900719694,901.8360989397868,1871.0638397811897],"r":[-0.4655117988586426,-1.564828277270689e-9,-0.8850416541099548,3.3639507213169444e-10,1,-1.94502078366294e-9,0.8850416541099548,-1.2031541143106568e-9,-0.4655117988586426]}},{"t":0.5666666666666667,"j":false,"c":{"p":[-501.6541892340529,901.8469487686967,1871.3259488059098],"r":[-0.4655117988586426,-5.080732059238468e-8,-0.8850416541099548,8.407248486449953e-9,1,-6.182871789112146e-8,0.8850416541099548,-3.622276508467145e-8,-0.4655117988586426]}},{"t":0.6,"j":false,"c":{"p":[-501.1570956545602,901.8609188994894,1871.5874325263321],"r":[-0.4655117988586426,-4.9024948432702586e-8,-0.8850416541099548,8.080336434261695e-9,1,-5.964288440045281e-8,0.8850416541099548,-3.491590292740746e-8,-0.4655117988586426]}},{"t":0.6333333333333333,"j":false,"c":{"p":[-500.66086911790416,901.8770427072994,1871.8484846527792],"r":[-0.4655117988586426,-1.2024484543480987e-8,-0.8850416541099548,1.9571664680779147e-9,1,-1.4615772550405672e-8,0.8850416541099548,-8.535989112136989e-9,-0.4655117988586426]}},{"t":0.6666666666666666,"j":false,"c":{"p":[-500.1661678616687,901.8967005284891,1872.109064965419],"r":[-0.4667838999065498,1.7870058886542137e-8,-0.884366877256916,-2.9325634738265623e-9,1,2.17963108087733e-8,0.884366877256916,1.2819730780072973e-8,-0.4667838999065498]}},{"t":0.7,"j":false,"c":{"p":[-499.6733664904593,901.9207603068603,1872.3690575881003],"r":[-0.4696405264618057,3.89134876670534e-8,-0.8828516002430072,-6.285923971282709e-9,1,4.747753877499922e-8,0.8828516002430072,2.7917328773827946e-8,-0.4696405264618057]}},{"t":0.7333333333333333,"j":false,"c":{"p":[-499.1845567618961,901.9461650752653,1872.6278715602893],"r":[-0.4716788994242205,3.855899072005515e-8,-0.8817703664385986,-6.043422098560159e-9,1,4.696181454545787e-8,0.8817703664385986,2.747979510125976e-8,-0.4716788994242205]}},{"t":0.7666666666666666,"j":false,"c":{"p":[-498.7056884066017,901.9749196044462,1872.8837500481345],"r":[-0.4716793734272776,-1.508804408319859e-8,-0.8817701376095366,3.1547436982719586e-9,1,-1.879864809424589e-8,0.8817701376095366,-1.1648712779386462e-8,-0.4716793734272776]}},{"t":0.7999999999999999,"j":false,"c":{"p":[-498.2164125013751,902.003614090638,1873.1451680268767],"r":[-0.4716796278953552,-3.8819781234825524e-8,-0.8817700147628784,7.0727767261879425e-9,1,-4.780823437056604e-8,0.8817700147628784,-2.8786731814520106e-8,-0.4716796278953552]}},{"t":0.8333333333333333,"j":false,"c":{"p":[-497.7150729640587,902.0322389796111,1873.4130069577716],"r":[-0.4716796278953552,-2.7876004257652747e-8,-0.8817700147628784,4.870485612166691e-9,1,-3.42190289709832e-8,0.8817700147628784,-2.043506608897687e-8,-0.4716796278953552]}},{"t":0.8666666666666666,"j":false,"c":{"p":[-497.20967400973433,902.0609660751844,1873.6830146183013],"r":[-0.4716796278953552,-4.7955382029509375e-9,-0.8817700147628784,5.602866265227068e-10,1,-5.738246323313171e-9,0.8817700147628784,-3.200657268825816e-9,-0.4716796278953552]}},{"t":0.8999999999999999,"j":false,"c":{"p":[-496.6966684116768,902.0898846882083,1873.957086102195],"r":[-0.4716796278953552,4.1026979167838113e-8,-0.8817700147628784,-7.69976628384491e-9,1,5.064677048493293e-8,0.8817700147628784,3.067847219916763e-8,-0.4716796278953552]}},{"t":0.9333333333333332,"j":false,"c":{"p":[-496.18525054210147,902.1185672101303,1874.2303028036138],"r":[-0.4716796278953552,7.025303832343693e-8,-0.8817700147628784,-1.2911010968805579e-8,1,8.657915357276608e-8,0.8817700147628784,5.2222163708652346e-8,-0.4716796278953552]}},{"t":0.9666666666666666,"j":false,"c":{"p":[-495.68221230917146,902.1460037018466,1874.4990081754],"r":[-0.4716796278953552,1.188711244912031e-8,-0.8817700147628784,-2.0314029563814142e-9,1,1.4567614925474979e-8,0.8817700147628784,8.662476955767124e-9,-0.4716796278953552]}},{"t":0.9999999999999999,"j":false,"c":{"p":[-495.177330380651,902.173256098585,1874.7686822493472],"r":[-0.4716796278953552,-3.5660881687752255e-8,-0.8817700147628784,6.814639229637316e-9,1,-4.408769370108814e-8,0.8817700147628784,-2.680421109622531e-8,-0.4716796278953552]}},{"t":1.0333333333333332,"j":false,"c":{"p":[-494.66375382693855,902.1996403276927,1875.0429245948992],"r":[-0.4716796278953552,-3.219293680969846e-8,-0.8817700147628784,6.070653238305996e-9,1,-3.9756783451049535e-8,0.8817700147628784,-2.4105384871255436e-8,-0.4716796278953552]}},{"t":1.0666666666666667,"j":false,"c":{"p":[-494.1537228903478,902.2258218811774,1875.3152762042632],"r":[-0.4716796278953552,-2.304891532856168e-8,-0.8817700147628784,4.260487865020512e-9,1,-2.8418408722927607e-8,0.8817700147628784,-1.716115557716917e-8,-0.4716796278953552]}},{"t":1.1,"j":false,"c":{"p":[-493.67262812293535,902.2503493767314,1875.5721973087725],"r":[-0.4716796278953552,3.2418188205212075e-8,-0.8817700147628784,-6.2508840716624485e-9,1,4.010865014361497e-8,0.8817700147628784,2.443027256028341e-8,-0.4716796278953552]}},{"t":1.1333333333333335,"j":false,"c":{"p":[-493.1913457571659,902.275084781835,1875.829229349788],"r":[-0.4716796278953552,8.436564772007391e-8,-0.8817700147628784,-1.609203628012592e-8,1,1.0428562554785042e-7,0.8817700147628784,6.33788754412755e-8,-0.4716796278953552]}},{"t":1.166666666666667,"j":false,"c":{"p":[-492.7047006847507,902.3057635114973,1876.0894326336036],"r":[-0.4716796278953552,3.570018782470477e-8,-0.8817700147628784,-6.774215836763999e-9,1,4.4110651019321624e-8,0.8817700147628784,2.677939359698716e-8,-0.4716796278953552]}},{"t":1.2000000000000004,"j":false,"c":{"p":[-492.2180556123355,902.3364422411595,1876.349635917419],"r":[-0.4716796278953552,-1.2965272070664364e-8,-0.8817700147628784,2.5436046065979226e-9,1,-1.6064323509207155e-8,0.8817700147628784,-9.820088247301175e-9,-0.4716796278953552]}},{"t":1.2333333333333338,"j":false,"c":{"p":[-491.70473942304716,902.3848804493235,1876.6240899936893],"r":[-0.4716796278953552,-4.0874321430073646e-8,-0.8817700147628784,7.86706176449675e-9,1,-5.0563134699404604e-8,0.8817700147628784,-3.0786539007641215e-8,-0.4716796278953552]}},{"t":1.2666666666666673,"j":false,"c":{"p":[-491.1949936178449,902.4342250966745,1876.8967012520739],"r":[-0.4716796278953552,-5.4444209515059875e-8,-0.8817700147628784,1.0439257690195888e-8,1,-6.732843789879123e-8,0.8817700147628784,-4.09624759043896e-8,-0.4716796278953552]}},{"t":1.3000000000000007,"j":false,"c":{"p":[-490.7048263334332,902.4866587301897,1877.1591700712179],"r":[-0.4716796278953552,8.079736647583236e-10,-0.8817700147628784,-1.9256097456348263e-10,1,1.019312057650357e-9,0.8817700147628784,6.505835245333514e-10,-0.4716796278953552]}},{"t":1.3333333333333341,"j":false,"c":{"p":[-490.2144644839092,902.5390081122498,1877.4217671125457],"r":[-0.4716796278953552,4.6520290206736584e-8,-0.8817700147628784,-8.985592349951613e-9,1,5.7564454703508195e-8,0.8817700147628784,3.5075206080573355e-8,-0.4716796278953552]}},{"t":1.3666666666666676,"j":false,"c":{"p":[-489.7228983664207,902.5908360168108,1877.685157789826],"r":[-0.4716796278953552,3.318524906225764e-8,-0.8817700147628784,-6.39738173248535e-9,1,4.105692251044072e-8,0.8817700147628784,2.5006732521829008e-8,-0.4716796278953552]}},{"t":1.400000000000001,"j":false,"c":{"p":[-489.2287282756514,902.642726996681,1877.9499318706785],"r":[-0.4716796278953552,1.4860404326103412e-8,-0.8817700147628784,-2.8473152789444784e-9,1,1.837602179570683e-8,0.8817700147628784,1.1178271184304251e-8,-0.4716796278953552]}},{"t":1.4333333333333345,"j":false,"c":{"p":[-488.7144616386605,902.6951047695128,1878.2253825717692],"r":[-0.4716796278953552,-4.197398244734015e-8,-0.8817700147628784,8.126014850730614e-9,1,-5.194875712565885e-8,0.8817700147628784,-3.166844803980491e-8,-0.4716796278953552]}},{"t":1.466666666666668,"j":false,"c":{"p":[-488.1999678517499,902.7471558996697,1878.5009368517817],"r":[-0.4718537974426203,-9.185200850895251e-8,-0.8816760636759648,1.776230001368332e-8,1,-1.1366357126389085e-7,0.8816760636759648,-6.926840311919609e-8,-0.4718537974426203]}},{"t":1.5000000000000013,"j":false,"c":{"p":[-487.68178332887794,902.7938997337981,1878.7781740839737],"r":[-0.47485787691087183,-2.870296123027736e-8,-0.880055593647485,5.674254628916143e-9,1,-3.548352351760098e-8,0.880055593647485,-2.161884047653691e-8,-0.47485787691087183]}},{"t":1.5333333333333348,"j":false,"c":{"p":[-487.1643883697628,902.8404708765929,1879.0550496461508],"r":[-0.47781839966773987,3.3560382547833964e-8,-0.8784586191177368,-6.243771052824087e-9,1,4.1599875289234585e-8,0.8784586191177368,2.5362082257527045e-8,-0.47781839966773987]}},{"t":1.5666666666666682,"j":false,"c":{"p":[-486.70065957128924,902.8753042961508,1879.3073427209215],"r":[-0.47781839966773987,3.5623006713117954e-8,-0.8784586191177368,-6.605662583501355e-9,1,4.4144723355594374e-8,0.8784586191177368,2.6895963590418022e-8,-0.47781839966773987]}},{"t":1.6000000000000016,"j":false,"c":{"p":[-486.2369307728157,902.9101377157089,1879.5596357956922],"r":[-0.47781839966773987,3.768563087840194e-8,-0.8784586191177368,-6.967554114178622e-9,1,4.668957142195416e-8,0.8784586191177368,2.8429844923308996e-8,-0.47781839966773987]}},{"t":1.633333333333335,"j":false,"c":{"p":[-485.7356245564049,902.946880241147,1879.8326022577628],"r":[-0.47781839966773987,-1.1857661379476048e-8,-0.8784586191177368,2.2265057892832187e-9,1,-1.4709315920704942e-8,0.8784586191177368,-8.984274732841416e-9,-0.47781839966773987]}},{"t":1.6666666666666685,"j":false,"c":{"p":[-485.2287804966527,902.9839041145294,1880.108615389522],"r":[-0.47781839966773987,-6.90061989236796e-8,-0.8784586191177368,1.2828841325424726e-8,1,-8.553169239049878e-8,0.8784586191177368,-5.213822271613234e-8,-0.47781839966773987]}},{"t":1.700000000000002,"j":false,"c":{"p":[-484.7294616657372,903.0220534249405,1880.3805304916436],"r":[-0.483408589501033,-3.9161457157795984e-8,-0.8753671917509387,7.468450382663384e-9,1,-4.8632961287612393e-8,0.8753671917509387,-2.9784073146573586e-8,-0.483408589501033]}},{"t":1.7333333333333354,"j":false,"c":{"p":[-484.2308739419991,903.0603120762244,1880.6520474531976],"r":[-0.48954188945089794,-8.649576741893142e-10,-0.871975419399869,5.572143886070778e-10,1,-1.2686780235775389e-9,0.871975419399869,-1.0655403343491796e-9,-0.48954188945089794]}},{"t":1.7666666666666688,"j":false,"c":{"p":[-483.7338392602255,903.0879404883291,1880.93032847477],"r":[-0.4900394082069397,3.099315137768205e-8,-0.8717002868652344,-4.93589299763544e-9,1,3.832961330767461e-8,0.8717002868652344,2.3085639428348985e-8,-0.4900394082069397]}},{"t":1.8000000000000023,"j":false,"c":{"p":[-483.2369416787899,903.1146304780233,1881.2092066179498],"r":[-0.4900394082069397,6.228288847039738e-8,-0.8717002868652344,-1.030381000536575e-8,1,7.724233390561604e-8,0.8717002868652344,4.6833619753479523e-8,-0.4900394082069397]}},{"t":1.8333333333333357,"j":false,"c":{"p":[-482.7414671455054,903.132140895492,1881.4874582266132],"r":[-0.4900394082069397,1.3752454448946555e-8,-0.8717002868652344,-2.4660032605337867e-9,1,1.716288942128862e-8,0.8717002868652344,1.0560106857818394e-8,-0.4900394082069397]}},{"t":1.8666666666666691,"j":false,"c":{"p":[-482.2460970342245,903.1489777241413,1881.7656638607325],"r":[-0.4900394082069397,-4.063511250786431e-8,-0.8717002868652344,6.340827710214317e-9,1,-5.0180511809218343e-8,0.8717002868652344,-3.0117729655116896e-8,-0.4900394082069397]}},{"t":1.9000000000000026,"j":false,"c":{"p":[-481.7671473412996,903.1673575732178,1882.0391573231225],"r":[-0.5046872748899583,-4.245323607994326e-8,-0.8631259647616192,7.101981510408615e-9,1,-5.333107714616606e-8,0.8631259647616192,-3.3027454542340275e-8,-0.5046872748899583]}},{"t":1.933333333333336,"j":false,"c":{"p":[-481.28910841619637,903.1859326479032,1882.3126071744036],"r":[-0.5201618075370789,-4.026674071318467e-8,-0.8540677428245544,7.252320627317348e-9,1,-5.1563966769294096e-8,0.8540677428245544,-3.301557965377738e-8,-0.5201618075370789]}},{"t":1.9666666666666694,"j":false,"c":{"p":[-480.7920137239576,903.2144743704245,1882.6148760129126],"r":[-0.5201618075370789,1.7672942142889108e-8,-0.8540677428245544,-9.065459100402127e-10,1,2.1244792010999083e-8,0.8540677428245544,1.1824982099491487e-8,-0.5201618075370789]}},{"t":2.0000000000000027,"j":false,"c":{"p":[-480.29491903171885,903.2430160929456,1882.9171448514217],"r":[-0.5201618075370789,7.561262499896251e-8,-0.8540677428245544,-9.065412447397718e-9,1,9.405355079129179e-8,0.8540677428245544,5.666554385276005e-8,-0.5201618075370789]}},{"t":2.033333333333336,"j":false,"c":{"p":[-479.79905462480434,903.2724365936066,1883.218744659],"r":[-0.5201618075370789,4.0939047357916126e-8,-0.8540677428245544,-5.6003720571011975e-9,1,5.134504417806643e-8,0.8540677428245544,3.149082962481187e-8,-0.5201618075370789]}},{"t":2.066666666666669,"j":false,"c":{"p":[-479.30345735704907,903.3020479085841,1883.520199195919],"r":[-0.5201618075370789,-1.3844197571051522e-8,-0.8540677428245544,3.886362795366047e-10,1,-1.644641233461089e-8,0.8540677428245544,-8.88671730221876e-9,-0.5201618075370789]}},{"t":2.1000000000000023,"j":false,"c":{"p":[-478.8383084863792,903.3348836635463,1883.8099326911909],"r":[-0.5343566304240869,-3.771754385688896e-8,-0.8450791743799136,2.655107437283514e-9,1,-4.6692627913749024e-8,0.8450791743799136,-2.7628470850393784e-8,-0.5343566304240869]}},{"t":2.1333333333333355,"j":false,"c":{"p":[-478.3733647764884,903.36774114473,1884.0995872102844],"r":[-0.5486470977850656,-6.138261977403343e-8,-0.8360300411147408,4.8964962031509806e-9,1,-7.668586430126394e-8,0.8360300411147408,-4.622444279261778e-8,-0.5486470977850656]}},{"t":2.1666666666666687,"j":false,"c":{"p":[-477.9147894469791,903.4073709424143,1884.4000175150582],"r":[-0.549653947353363,-1.005619875276416e-8,-0.8353924751281738,4.032603115285144e-11,1,-1.2064227588591718e-8,0.8353924751281738,-6.664839638737459e-9,-0.549653947353363]}},{"t":2.200000000000002,"j":false,"c":{"p":[-477.45669681737417,903.4475140568812,1884.701264584913],"r":[-0.549653947353363,4.695430302849379e-8,-0.8353924751281738,-5.353813108643574e-9,1,5.972886991301779e-8,0.8353924751281738,3.7302743072629416e-8,-0.549653947353363]}},{"t":2.233333333333335,"j":false,"c":{"p":[-476.9684612877588,903.4906817044592,1885.0223790384334],"r":[-0.549653947353363,3.4769931071569454e-8,-0.8353924751281738,-3.630607229082327e-9,1,4.4009863860599584e-8,0.8353924751281738,2.722317611180915e-8,-0.549653947353363]}},{"t":2.2666666666666684,"j":false,"c":{"p":[-476.48216133490905,903.5333795422413,1885.3423828867844],"r":[-0.5500330060310152,1.9858204042986208e-8,-0.8351392601720689,-1.6582443669659415e-9,1,2.4828027992890086e-8,0.8351392601720689,1.4996288721890394e-8,-0.5500330060310152]}},{"t":2.3000000000000016,"j":false,"c":{"p":[-476.0258484301864,903.5689859077653,1885.645068503797],"r":[-0.5560273329897162,-3.2439515363598004e-8,-0.8311349903130394,3.6948073041027314e-9,1,-4.183644859277043e-8,0.8311349903130394,-2.6684426469882375e-8,-0.5560273329897162]}},{"t":2.333333333333335,"j":false,"c":{"p":[-475.5648190717389,903.6034080397877,1885.9517938569697],"r":[-0.5612649917602539,-7.234722445649607e-8,-0.827636182308197,7.709457839099967e-9,1,-9.264248746274889e-8,0.827636182308197,-5.8377613412826674e-8,-0.5612649917602539]}},{"t":2.366666666666668,"j":false,"c":{"p":[-475.07114241080944,903.6296329050516,1886.286482272237],"r":[-0.5612649917602539,-2.64912564162646e-8,-0.827636182308197,2.459692929515173e-9,1,-3.367638751689093e-8,0.827636182308197,-2.0937109067042786e-8,-0.5612649917602539]}},{"t":2.4000000000000012,"j":false,"c":{"p":[-474.5826282344275,903.6543139058865,1886.6178008265595],"r":[-0.5612649917602539,1.538484564837986e-8,-0.827636182308197,-2.280596785006678e-9,1,2.0135495174291538e-8,0.827636182308197,1.3188853070089944e-8,-0.5612649917602539]}},{"t":2.4333333333333345,"j":false,"c":{"p":[-474.11168469936155,903.673740326708,1886.9376499774582],"r":[-0.5612649917602539,4.3715377377743636e-8,-0.827636182308197,-5.286875321479237e-9,1,5.6404874480991e-8,0.827636182308197,3.603369044273396e-8,-0.5612649917602539]}},{"t":2.4666666666666677,"j":false,"c":{"p":[-473.6459863273962,903.6927498053421,1887.2547713467877],"r":[-0.5644973035768124,4.355761270454579e-8,-0.825394414410593,-5.1636319320305535e-9,1,5.599165581290195e-8,0.825394414410593,3.555924635738366e-8,-0.5644973035768124]}},{"t":2.500000000000001,"j":false,"c":{"p":[-473.18957941275676,903.7110206986424,1887.5670606326216],"r":[-0.573455440640784,-7.06527292695687e-9,-0.8191815038895623,5.033512550383719e-10,1,-9.402343653863187e-9,0.8191815038895623,-6.223752750323838e-9,-0.573455440640784]}},{"t":2.533333333333334,"j":false,"c":{"p":[-472.7334091027015,903.7283431291825,1887.8857141447259],"r":[-0.5797925203502103,-3.8315755544615115e-8,-0.8147588379923301,3.826994913967489e-9,1,-4.976557042209753e-8,0.8147588379923301,-3.1987642030156074e-8,-0.5797925203502103]}},{"t":2.5666666666666673,"j":false,"c":{"p":[-472.27753992859726,903.7444584139006,1888.212467657669],"r":[-0.5827936773772928,-4.491021966145003e-8,-0.8126146867705271,4.168178280374535e-9,1,-5.827114926178996e-8,0.8126146867705271,-3.736338080534767e-8,-0.5827936773772928]}},{"t":2.6000000000000005,"j":false,"c":{"p":[-471.81898254926443,903.7477449686958,1888.543902309239],"r":[-0.5874590423169554,-1.4667554162068776e-8,-0.8092289552783604,1.450427568262903e-9,1,-1.883866264051515e-8,0.8092289552783604,-1.1912437722852234e-8,-0.5874590423169554]}},{"t":2.6333333333333337,"j":false,"c":{"p":[-471.35819256964135,903.7403770444932,1888.8792247262763],"r":[-0.5935065603114474,4.61689757489147e-8,-0.8048120701962324,-3.807820066850913e-9,1,6.040720494032615e-8,0.8048120701962324,3.914059039828061e-8,-0.5935065603114474]}},{"t":2.666666666666667,"j":false,"c":{"p":[-470.89627951335586,903.7197165640308,1889.2204497606604],"r":[-0.5993045255050952,4.47090445518067e-8,-0.800493555583953,-3.916456937401161e-9,1,5.858510977357891e-8,0.800493555583953,3.805739773409703e-8,-0.5993045255050952]}},{"t":2.7,"j":false,"c":{"p":[-470.4338437975183,903.6928699684667,1889.5644217663264],"r":[-0.6049863533418822,1.4257467857692056e-8,-0.7962208208079355,-1.6285581608501809e-9,1,1.9035451991924834e-8,0.7962208208079355,1.2710951529091714e-8,-0.6049863533418822]}},{"t":2.7333333333333334,"j":false,"c":{"p":[-469.9974612344317,903.6701289591028,1889.895053092317],"r":[-0.6065878868103027,-2.850247694312264e-8,-0.7950164675712585,1.296195945401488e-9,1,-3.6840413257783394e-8,0.7950164675712585,-2.3377443142047462e-8,-0.6065878868103027]}},{"t":2.7666666666666666,"j":false,"c":{"p":[-469.5713046482776,903.6489994103625,1890.2204481429162],"r":[-0.6065878868103027,-7.609351030885655e-8,-0.7950164675712585,4.470918566906618e-9,1,-9.912438667615132e-8,0.7950164675712585,-6.368209978632681e-8,-0.6065878868103027]}},{"t":2.8,"j":false,"c":{"p":[-469.0988049703791,903.628212126382,1890.5812288080363],"r":[-0.6065878868103027,-3.593544090058567e-8,-0.7950164675712585,2.301992342032501e-9,1,-4.6957272142022155e-8,0.7950164675712585,-3.031383043907438e-8,-0.6065878868103027]}},{"t":2.833333333333333,"j":false,"c":{"p":[-468.6193446963265,903.6074762495622,1890.9473242884408],"r":[-0.6065878868103027,1.740228580510602e-8,-0.7950164675712585,-6.695342318664978e-10,1,2.240005937262458e-8,0.7950164675712585,1.4119895829912916e-8,-0.6065878868103027]}},{"t":2.8666666666666663,"j":false,"c":{"p":[-468.1845851593822,903.5839923338843,1891.2792177146196],"r":[-0.6065878868103027,2.8783297779232393e-8,-0.7950164675712585,-1.4299547508089908e-9,1,3.729569335425827e-8,0.7950164675712585,2.37599532898545e-8,-0.6065878868103027]}},{"t":2.8999999999999995,"j":false,"c":{"p":[-467.7502092524905,903.5604848340251,1891.610817612398],"r":[-0.6065878868103027,3.9804229411982724e-8,-0.7950164675712585,-2.1713991457107615e-9,1,5.1723926902729536e-8,0.7950164675712585,3.31014050028342e-8,-0.6065878868103027]}},{"t":2.9333333333333327,"j":false,"c":{"p":[-467.3093179979381,903.5214172912118,1891.9473074719751],"r":[-0.6065878868103027,8.557397066938723e-10,-0.7950164675712585,-2.365612968002146e-10,1,1.2568719121258455e-9,0.7950164675712585,9.504736531886703e-10,-0.6065878868103027]}},{"t":2.966666666666666,"j":false,"c":{"p":[-466.86669203149575,903.478206885588,1892.285099284313],"r":[-0.6065878868103027,-5.139711284240062e-8,-0.7950164675712585,2.4108369358546244e-9,1,-6.648855938258887e-8,0.7950164675712585,-4.2247808350868166e-8,-0.6065878868103027]}},{"t":2.999999999999999,"j":false,"c":{"p":[-466.4106310204424,903.4239878727168,1892.632720993964],"r":[-0.6065878868103027,-3.888280027594932e-8,-0.7950164675712585,1.890071449616253e-9,1,-5.0350273324356135e-8,0.7950164675712585,-3.2044502522488336e-8,-0.6065878868103027]}},{"t":3.0333333333333323,"j":false,"c":{"p":[-465.9532652011952,903.3684151697025,1892.9812850369394],"r":[-0.6065878868103027,-1.630996994593242e-8,-0.7950164675712585,8.7711079177753e-10,1,-2.1184486420012562e-8,0.7950164675712585,-1.3547569373652006e-8,-0.6065878868103027]}},{"t":3.0666666666666655,"j":false,"c":{"p":[-465.5035832388855,903.3137450708551,1893.3239931192659],"r":[-0.6065878868103027,4.065129610055185e-8,-0.7950164675712585,-1.8212369633617587e-9,1,5.252223026786379e-8,0.7950164675712585,3.330726305018515e-8,-0.6065878868103027]}},{"t":3.0999999999999988,"j":false,"c":{"p":[-465.0527985528293,903.2591922120542,1893.6675705355856],"r":[-0.6065878868103027,7.787877210150413e-8,-0.7950164675712585,-3.6033227742036145e-9,1,1.0070798599712802e-7,0.7950164675712585,6.39529463110353e-8,-0.6065878868103027]}},{"t":3.133333333333332,"j":false,"c":{"p":[-464.5969936505759,903.2051730956176,1894.0151056472102],"r":[-0.6065878868103027,2.5266981703498206e-8,-0.7950164675712585,-1.2140709598333263e-9,1,3.270803158008993e-8,0.7950164675712585,2.0805502838800146e-8,-0.6065878868103027]}},{"t":3.166666666666665,"j":false,"c":{"p":[-464.14607025617465,903.1541315335157,1894.3590548485624],"r":[-0.6065878868103027,-1.7995333794695404e-8,-0.7950164675712585,7.556173384788526e-10,1,-2.3211697297809054e-8,0.7950164675712585,-1.4680662153244962e-8,-0.6065878868103027]}},{"t":3.1999999999999984,"j":false,"c":{"p":[-463.70483693452803,903.1090005873561,1894.695885812583],"r":[-0.6065878868103027,-4.269840597322411e-8,-0.7950164675712585,1.8924480200779344e-9,1,-5.515148638873516e-8,0.7950164675712585,-3.495875043753675e-8,-0.6065878868103027]}},{"t":3.2333333333333316,"j":false,"c":{"p":[-463.26101385228685,903.0646552218678,1895.034634247173],"r":[-0.6065878868103027,-5.249369645514329e-8,-0.7950164675712585,2.3609909564775166e-9,1,-6.782984259994044e-8,0.7950164675712585,-4.302178727866775e-8,-0.6065878868103027]}},{"t":3.266666666666665,"j":false,"c":{"p":[-462.80476847479946,903.024078048335,1895.3825802058868],"r":[-0.6065878868103027,9.219115431453336e-9,-0.7950164675712585,-3.760395095170915e-10,1,1.1883046389380804e-8,0.7950164675712585,7.507068813063423e-9,-0.6065878868103027]}},{"t":3.299999999999998,"j":false,"c":{"p":[-462.34923305696145,902.9830536833687,1895.7300459652784],"r":[-0.6065878868103027,4.6343471513691775e-8,-0.7950164675712585,-2.0295376379916355e-9,1,5.984097985990891e-8,0.7950164675712585,3.791232802378183e-8,-0.6065878868103027]}},{"t":3.3333333333333313,"j":false,"c":{"p":[-461.89516958215745,902.9411021666748,1896.076516138444],"r":[-0.6065878868103027,3.2489146957806e-8,-0.7950164675712585,-1.4365730591283271e-9,1,4.1962093444274533e-8,0.7950164675712585,2.6595796047203624e-8,-0.6065878868103027]}},{"t":3.3666666666666645,"j":false,"c":{"p":[-461.450532908883,902.8987004879392,1896.4158355961574],"r":[-0.6065878868103027,2.075021008997704e-9,-0.7950164675712585,-1.1349525464808338e-10,1,2.696630905779697e-9,0.7950164675712585,1.7259745538144865e-9,-0.6065878868103027]}},{"t":3.3999999999999977,"j":false,"c":{"p":[-461.0165097750902,902.8557919763624,1896.7471041364374],"r":[-0.6065878868103027,-4.698361605413602e-8,-0.7950164675712585,2.031609567351152e-9,1,-6.06477590762808e-8,0.7950164675712585,-3.840335706509166e-8,-0.6065878868103027]}},{"t":3.433333333333331,"j":false,"c":{"p":[-460.5672861206712,902.8091402764746,1897.0900453962015],"r":[-0.6065878868103027,-4.471135711453862e-8,-0.7950164675712585,1.943141056393499e-9,1,-5.7722130478693246e-8,0.7950164675712585,-3.6558372755019614e-8,-0.6065878868103027]}},{"t":3.466666666666664,"j":false,"c":{"p":[-460.110218420449,902.7605569492904,1897.4390102224297],"r":[-0.6065878868103027,-1.59504068152274e-8,-0.7950164675712585,7.020638973648201e-10,1,-2.0598656036657595e-8,0.7950164675712585,-1.3053047670481717e-8,-0.6065878868103027]}},{"t":3.4999999999999973,"j":false,"c":{"p":[-459.6837661953035,902.7183699005499,1897.7644791566854],"r":[-0.6065878868103027,3.268538566806246e-8,-0.7950164675712585,-1.4047324116851635e-9,1,4.2184637227354076e-8,0.7950164675712585,2.6705473115209704e-8,-0.6065878868103027]}},{"t":3.5333333333333306,"j":false,"c":{"p":[-459.264131188723,902.6776071259075,1898.0847162063942],"r":[-0.6065878868103027,8.574675517646586e-8,-0.7950164675712585,-3.7043004039047163e-9,1,1.1068166162924894e-7,0.7950164675712585,7.008313053674735e-8,-0.6065878868103027]}},{"t":3.5666666666666638,"j":false,"c":{"p":[-458.7753364190857,902.6353316367805,1898.4574969507626],"r":[-0.6065878868103027,3.371598655839994e-8,-0.7950164675712585,-1.4612370112059292e-9,1,4.3524076939756106e-8,0.7950164675712585,2.7562883050795155e-8,-0.6065878868103027]}},{"t":3.599999999999997,"j":false,"c":{"p":[-458.28743127883723,902.593628614323,1898.8295875628803],"r":[-0.6065878868103027,-2.0308403238643584e-8,-0.7950164675712585,8.686610923276229e-10,1,-2.6207409506300113e-8,0.7950164675712585,-1.65876971589478e-8,-0.6065878868103027]}},{"t":3.63333333333333,"j":false,"c":{"p":[-457.8354649737723,902.5567380819451,1899.1742701768462],"r":[-0.6065878868103027,-4.4079775216843624e-8,-0.7950164675712585,1.895670977514695e-9,1,-5.689148529507534e-8,0.7950164675712585,-3.60167759062941e-8,-0.6065878868103027]}},{"t":3.6666666666666634,"j":false,"c":{"p":[-457.38781608831476,902.5202333876623,1899.5156602013885],"r":[-0.6065878868103027,-4.769423211922667e-8,-0.7950164675712585,2.0547202508242154e-9,1,-6.155923148723534e-8,0.7950164675712585,-3.897462117987334e-8,-0.6065878868103027]}},{"t":3.6999999999999966,"j":false,"c":{"p":[-456.9527051565725,902.4848491821477,1899.847488418752],"r":[-0.6065878868103027,7.227772856258271e-9,-0.7950164675712585,-3.0682170113846657e-10,1,9.3254508497798e-9,0.7950164675712585,5.9006333384583844e-9,-0.6065878868103027]}},{"t":3.73333333333333,"j":false,"c":{"p":[-456.51277256862625,902.4489277804444,1900.1829772082958],"r":[-0.6065878868103027,3.7028697528744124e-8,-0.7950164675712585,-1.5891202249188828e-9,1,4.778849425771815e-8,0.7950164675712585,3.025129791283347e-8,-0.6065878868103027]}},{"t":3.766666666666663,"j":false,"c":{"p":[-456.0669091388202,902.4123456046192,1900.5229686570508],"r":[-0.6065878868103027,3.592962678121148e-8,-0.7950164675712585,-1.5439035070902126e-9,1,4.6371545152023915e-8,0.7950164675712585,2.9355845376938312e-8,-0.6065878868103027]}},{"t":3.7999999999999963,"j":false,"c":{"p":[-455.6162370811406,902.3777496345655,1900.8665079286163],"r":[-0.6065878868103027,6.413289018052329e-9,-0.7950164675712585,-2.778022787530288e-10,1,8.2788253502027e-9,0.7950164675712585,5.242692331792987e-9,-0.6065878868103027]}},{"t":3.8333333333333295,"j":false,"c":{"p":[-455.1617572696506,902.3447264588292,1901.2128565745356],"r":[-0.6065878868103027,-4.5605508823091846e-8,-0.7950164675712585,1.9550669692688392e-9,1,-5.88559225067832e-8,0.7950164675712585,-3.725559882409041e-8,-0.6065878868103027]}},{"t":3.8666666666666627,"j":false,"c":{"p":[-454.7131122958172,902.3130429172346,1901.5547289188921],"r":[-0.6065878868103027,-4.3245032289239905e-8,-0.7950164675712585,1.8549127552309225e-9,1,-5.581041537243781e-8,0.7950164675712585,-3.532860690430903e-8,-0.6065878868103027]}},{"t":3.899999999999996,"j":false,"c":{"p":[-454.26693907707863,902.281926871723,1901.8947050114853],"r":[-0.6065878868103027,-1.784839667108785e-8,-0.7950164675712585,7.664426756888207e-10,1,-2.303513458556984e-8,0.7950164675712585,-1.458216768482925e-8,-0.6065878868103027]}},{"t":3.933333333333329,"j":false,"c":{"p":[-453.81928896241186,902.2478934420049,1902.2359154700375],"r":[-0.6065878868103027,1.3584517654163731e-8,-0.7950164675712585,-5.815370446495567e-10,1,1.753079625280981e-8,0.7950164675712585,1.1096299859048267e-8,-0.6065878868103027]}},{"t":3.9666666666666623,"j":false,"c":{"p":[-453.3709627664061,902.2125245160049,1902.5776909865428],"r":[-0.6065878868103027,4.7780670277485026e-8,-0.7950164675712585,-2.0483129659193436e-9,1,6.166306715495698e-8,0.7950164675712585,3.903251099205321e-8,-0.6065878868103027]}},{"t":3.9999999999999956,"j":false,"c":{"p":[-452.91441220756053,902.1737051780476,1902.925814734676],"r":[-0.6065878868103027,3.4088276827538804e-8,-0.7950164675712585,-1.4619138998936541e-9,1,4.399287261812958e-8,0.7950164675712585,2.784778781070342e-8,-0.6065878868103027]}},{"t":4.033333333333329,"j":false,"c":{"p":[-452.45126129789986,902.1321167587864,1903.2790331699734],"r":[-0.6065878868103027,-1.8036419557618083e-8,-0.7950164675712585,7.722328962470952e-10,1,-2.3276052067230242e-8,0.7950164675712585,-1.4732910441124682e-8,-0.6065878868103027]}},{"t":4.066666666666662,"j":false,"c":{"p":[-452.00048107998583,902.0836300665408,1903.6228900420347],"r":[-0.6065878868103027,-3.8666283332915994e-8,-0.7950164675712585,1.6566839890184916e-9,1,-4.989985571486502e-8,0.7950164675712585,-3.158573984317984e-8,-0.6065878868103027]}},{"t":4.099999999999995,"j":false,"c":{"p":[-451.55745798308817,902.0308177683028,1903.9608766862689],"r":[-0.6065878868103027,-3.954711181162858e-8,-0.7950164675712585,1.6947997982949406e-9,1,-5.103687745286229e-8,0.7950164675712585,-3.2305745289186074e-8,-0.6065878868103027]}},{"t":4.133333333333328,"j":false,"c":{"p":[-451.1236472056729,902.0114909604912,1904.2919566692667],"r":[-0.6065878868103027,-4.6771127986941985e-9,-0.7950164675712585,2.0079041596608365e-10,1,-6.036239222617684e-9,0.7950164675712585,-3.8211416195176214e-9,-0.6065878868103027]}},{"t":4.166666666666662,"j":false,"c":{"p":[-450.6962124039605,902.0153399309149,1904.6182564550174],"r":[-0.6065878868103027,5.493653604957024e-8,-0.7950164675712585,-2.3536243305134985e-9,1,7.089692148539152e-8,0.7950164675712585,4.487638220437053e-8,-0.6065878868103027]}},{"t":4.199999999999995,"j":false,"c":{"p":[-450.2440302543275,902.0595893329365,1904.9635811460016],"r":[-0.6065878868103027,4.435398331272796e-8,-0.7950164675712585,-1.90042449452903e-9,1,5.7240022949809776e-8,0.7950164675712585,3.6231972074990044e-8,-0.6065878868103027]}},{"t":4.233333333333328,"j":false,"c":{"p":[-449.78366500187366,902.1171977779893,1905.315196723435],"r":[-0.6065878868103027,1.0559943952908666e-8,-0.7950164675712585,-4.5270922791552664e-10,1,1.3628085525721625e-8,0.7950164675712585,8.626542647746054e-9,-0.6065878868103027]}},{"t":4.266666666666661,"j":false,"c":{"p":[-449.3167266173118,902.1920833443959,1905.6717470601288],"r":[-0.6065878868103027,-3.5444920959046356e-8,-0.7950164675712585,1.5181768549865872e-9,1,-4.5742235838201344e-8,0.7950164675712585,-2.8953659004121156e-8,-0.6065878868103027]}},{"t":4.2999999999999945,"j":false,"c":{"p":[-448.8482197764453,902.2710915131582,1906.0294749106995],"r":[-0.6065878868103027,-8.436348758996569e-8,-0.7950164675712585,3.613900009733157e-9,1,-1.0887276409211345e-7,0.7950164675712585,-6.891400365721883e-8,-0.6065878868103027]}},{"t":4.333333333333328,"j":false,"c":{"p":[-448.4192100631511,902.3775170866741,1906.3567588558694],"r":[-0.6065878868103027,-3.848183713986066e-8,-0.7950164675712585,1.6485229622968522e-9,1,-4.966162966994132e-8,0.7950164675712585,-3.1434742835341835e-8,-0.6065878868103027]}},{"t":4.366666666666661,"j":false,"c":{"p":[-447.9939573718164,902.4865506420372,1906.6811469342217],"r":[-0.6065878868103027,1.641734241233821e-8,-0.7950164675712585,-7.031516104753252e-10,1,2.1186814639793952e-8,0.7950164675712585,1.3410681456692737e-8,-0.6065878868103027]}},{"t":4.399999999999994,"j":false,"c":{"p":[-447.55330153449717,902.4151404710966,1907.0172412725242],"r":[-0.6065878868103027,2.9044192027129016e-8,-0.7950164675712585,-1.2441015071472391e-9,1,3.748205204303865e-8,0.7950164675712585,2.372523920301119e-8,-0.6065878868103027]}},{"t":4.433333333333327,"j":false,"c":{"p":[-447.1119296639594,902.3353421629387,1907.3538797899832],"r":[-0.6065878868103027,3.970596304770992e-8,-0.7950164675712585,-1.7008777539096052e-9,1,5.124131995285397e-8,0.7950164675712585,3.2434589316133683e-8,-0.6065878868103027]}},{"t":4.466666666666661,"j":false,"c":{"p":[-446.69221954788696,902.1750471077358,1907.6740595914468],"r":[-0.6065878868103027,-8.962870021235107e-10,-0.7950164675712585,3.8279539550730514e-11,1,-1.156590064484754e-9,0.7950164675712585,-7.320074363083339e-10,-0.6065878868103027]}},{"t":4.499999999999994,"j":false,"c":{"p":[-446.2730572059664,902.0127164816187,1907.9938231912029],"r":[-0.6065878868103027,-4.279488198605674e-8,-0.7950164675712585,1.8329667594789384e-9,1,-5.522745746342264e-8,0.7950164675712585,-3.4957547097369295e-8,-0.6065878868103027]}},{"t":4.533333333333327,"j":false,"c":{"p":[-445.83119529958395,901.849806063044,1908.3309020547613],"r":[-0.6065878868103027,-3.84570118733652e-8,-0.7950164675712585,1.6471953949079897e-9,1,-4.9629387794073564e-8,0.7950164675712585,-3.1414134032444296e-8,-0.6065878868103027]}},{"t":4.56666666666666,"j":false,"c":{"p":[-445.38699547751906,901.6868359294083,1908.6697642841132],"r":[-0.6065878868103027,-2.9357069914238756e-8,-0.7950164675712585,1.25744896328629e-9,1,-3.78857841889927e-8,0.7950164675712585,-2.3980750874219976e-8,-0.6065878868103027]}},{"t":4.599999999999993,"j":false,"c":{"p":[-444.972487976908,901.5001657807245,1908.986014433918],"r":[-0.6065878868103027,2.031905758344327e-8,-0.7950164675712585,-8.703331552134539e-10,1,2.6222088815819555e-8,0.7950164675712585,1.65979304726231e-8,-0.6065878868103027]}},{"t":4.633333333333327,"j":false,"c":{"p":[-444.563729440625,901.3089068853744,1909.2978864808213],"r":[-0.6065878868103027,7.785146009802147e-8,-0.7950164675712585,-3.3346300585324715e-9,1,1.0046862064237414e-7,0.7950164675712585,6.359413418216803e-8,-0.6065878868103027]}},{"t":4.66666666666666,"j":false,"c":{"p":[-444.1200496277356,901.2107369984656,1909.6364328446425],"r":[-0.6065878868103027,4.0225223374704466e-8,-0.7950164675712585,-1.7229854883517674e-9,1,5.191133466644126e-8,0.7950164675712585,3.285858928593924e-8,-0.6065878868103027]}},{"t":4.699999999999993,"j":false,"c":{"p":[-443.6722992667049,901.1234178972986,1909.978088461667],"r":[-0.6065878868103027,-8.49304261338222e-9,-0.7950164675712585,3.637653093625385e-10,1,-1.0960400862361923e-8,0.7950164675712585,-6.937644552903229e-9,-0.6065878868103027]}},{"t":4.733333333333326,"j":false,"c":{"p":[-443.2306021785093,901.1127983844932,1910.315185438737],"r":[-0.6065878868103027,-3.473821174834006e-8,-0.7950164675712585,1.4879222812583431e-9,1,-4.4830228737164825e-8,0.7950164675712585,-2.837639505403427e-8,-0.6065878868103027]}},{"t":4.7666666666666595,"j":false,"c":{"p":[-442.7904446238912,901.1216859375153,1910.65112301337],"r":[-0.6065878868103027,-5.526778072133505e-8,-0.7950164675712585,2.3672620184530633e-9,1,-7.13239789326088e-8,0.7950164675712585,-4.5146272572328284e-8,-0.6065878868103027]}},{"t":4.799999999999993,"j":false,"c":{"p":[-442.3366941916609,901.1422200673086,1910.9973506817844],"r":[-0.6065878868103027,-1.4664630920344503e-8,-0.7950164675712585,6.2809796115449