{"v":1,"d":[{"t":0.06567764282226562,"c":{"r":[-0.9997807145118713,1.0173160092108446e-8,-0.020942088216543198,8.404252405114221e-9,1,8.455467792600757e-8,0.020942088216543198,8.436013132495646e-8,-0.9997807145118713],"p":[60.265995025634766,949.8414916992188,2088.26318359375]},"j":false},{"t":0.03333333333333333,"j":false,"c":{"p":[60.26018344101341,949.824222555529,2087.98590266932],"r":[-0.9997807145118713,3.965637606463166e-9,-0.020942088216543198,2.2423799327847037e-9,1,8.231032774562408e-8,0.020942088216543198,8.22453149797725e-8,-0.9997807145118713]}},{"t":0.06666666666666667,"j":false,"c":{"p":[60.26617273218825,949.8420197548536,2088.27166228599],"r":[-0.9997807145118713,1.036297362808947e-8,-0.020942088216543198,8.59267005562482e-9,1,8.462330563451823e-8,0.020942088216543198,8.442479814966118e-8,-0.9997807145118713]}},{"t":0.1,"j":false,"c":{"p":[60.2721620233631,949.8598169541783,2088.5574219026594],"r":[-0.9997807145118713,1.6760309649715774e-8,-0.020942088216543198,1.4942960178464936e-8,1,8.693628352341239e-8,0.020942088216543198,8.660428131954984e-8,-0.9997807145118713]}},{"t":0.13333333333333333,"j":false,"c":{"p":[60.278395211790645,949.8816410689219,2088.854891502592],"r":[-0.9997807145118713,2.313552007678258e-8,-0.020942088216543198,2.1271287261945403e-8,1,8.924126186421655e-8,0.020942088216543198,8.877622677418662e-8,-0.9997807145118713]}},{"t":0.16666666666666666,"j":false,"c":{"p":[60.287248659191434,949.9467275047625,2089.278164851364],"r":[-0.9997807145118713,2.927302881987935e-8,-0.020942088216543198,2.7363659039147007e-8,1,9.146029873814277e-8,0.020942088216543198,9.08671923661652e-8,-0.9997807145118713]}},{"t":0.19999999999999998,"j":false,"c":{"p":[60.296095078747854,950.011918038042,2089.7011177831014],"r":[-0.9997807145118713,3.5404317081474216e-8,-0.020942088216543198,3.344985625104233e-8,1,9.367708636343215e-8,0.020942088216543198,9.295603825194443e-8,-0.9997807145118713]}},{"t":0.2333333333333333,"j":false,"c":{"p":[60.30484078652079,950.0786003287068,2090.1194790122668],"r":[-0.9997807145118713,4.1446463388094474e-8,-0.020942088216543198,3.9447569505168116e-8,1,9.586164136803912e-8,0.020942088216543198,9.501450791129749e-8,-0.9997807145118713]}},{"t":0.26666666666666666,"j":false,"c":{"p":[60.31358821898863,950.1397280043896,2090.537902762521],"r":[-0.9997807145118713,4.7488560859997304e-8,-0.020942088216543198,4.5445234312099165e-8,1,9.804617854881643e-8,0.020942088216543198,9.707296078551282e-8,-0.9997807145118713]}},{"t":0.3,"j":false,"c":{"p":[60.322418383571836,949.9344056268972,2090.9593255950645],"r":[-0.9997807145118713,5.352831577294671e-8,-0.020942088216543198,5.1440575149203647e-8,1,1.0022986073597536e-7,0.020942088216543198,9.913060849126014e-8,-0.9997807145118713]}},{"t":0.3333333333333333,"j":false,"c":{"p":[60.331248548155045,949.7290832494049,2091.3807484276076],"r":[-0.9997807145118713,5.956807068589611e-8,-0.020942088216543198,5.7435915986308135e-8,1,1.0241354292313429e-7,0.020942088216543198,1.0118825619700746e-7,-0.9997807145118713]}},{"t":0.36666666666666664,"j":false,"c":{"p":[60.34034155011966,949.3642431425423,2091.8146630743836],"r":[-0.9997807145118713,6.575877637906031e-8,-0.020942088216543198,6.35810937409956e-8,1,1.046517947897537e-7,0.020942088216543198,1.0329732364859188e-7,-0.9997807145118713]}},{"t":0.39999999999999997,"j":false,"c":{"p":[60.349439430490236,948.9964422991306,2092.248809576083],"r":[-0.9997807145118713,7.195228380149835e-8,-0.020942088216543198,6.972905255105555e-8,1,1.0689105949955412e-7,0.020942088216543198,1.054073454788616e-7,-0.9997807145118713]}},{"t":0.4333333333333333,"j":false,"c":{"p":[60.358319656421976,948.9944840190911,2092.673191950687],"r":[-0.9997807145118713,7.799212095632103e-8,-0.020942088216543198,7.57244732007159e-8,1,1.0907475636790192e-7,0.020942088216543198,1.0746500676435344e-7,-0.9997807145118713]}},{"t":0.4666666666666666,"j":false,"c":{"p":[60.36716933233992,949.0438754630432,2093.0962038307616],"r":[-0.9997807145118713,8.401038892642392e-8,-0.020942088216543198,8.16984835684165e-8,1,1.1125065372463714e-7,0.020942088216543198,1.0951531871493574e-7,-0.9997807145118713]}},{"t":0.49999999999999994,"j":false,"c":{"p":[60.37621355307549,949.1527274292605,2093.5279810481097],"r":[-0.9997807145118713,2.712615347760083e-8,-0.020942088216543198,2.6423757286377456e-8,1,3.381660415432543e-8,0.020942088216543198,3.325581892657047e-8,-0.9997807145118713]}},{"t":0.5333333333333333,"j":false,"c":{"p":[60.38529336324358,949.2724569211357,2093.9613617693867],"r":[-0.9997807145118713,-4.126527310932379e-8,-0.020942088216543198,-4.00556251108861e-8,1,-5.8181045050210354e-8,0.020942088216543198,-5.732943775047357e-8,-0.9997807145118713]}},{"t":0.5666666666666667,"j":false,"c":{"p":[60.393694664764666,949.4566668036717,2094.3624339223134],"r":[-0.9997807145118713,-4.989034705572707e-8,-0.020942088216543198,-4.8496541578006915e-8,1,-6.706310537029728e-8,0.020942088216543198,-6.60327798127678e-8,-0.9997807145118713]}},{"t":0.6,"j":false,"c":{"p":[60.40192917442401,949.6567273381502,2094.755563941725],"r":[-0.9997807145118713,-4.382357990340059e-8,-0.020942088216543198,-4.267036826321629e-8,1,-5.5513585532525326e-8,0.020942088216543198,-5.4607805100984124e-8,-0.9997807145118713]}},{"t":0.6333333333333333,"j":false,"c":{"p":[60.40979851480011,949.8635259673595,2095.1307297273684],"r":[-0.9997807145118713,-3.7973038386258264e-8,-0.020942088216543198,-3.705184491706633e-8,1,-4.437570751320145e-8,0.020942088216543198,-4.359003317494478e-8,-0.9997807145118713]}},{"t":0.6666666666666666,"j":false,"c":{"p":[60.41751678947907,950.0731120571372,2095.4984639473723],"r":[-0.9997807145118713,-3.221194655126542e-8,-0.020942088216543198,-3.151922361337047e-8,1,-3.340812026346305e-8,0.020942088216543198,-3.274071564944029e-8,-0.9997807145118713]}},{"t":0.7,"j":false,"c":{"p":[60.42579137340555,950.2705853796805,2095.8931086450984],"r":[-0.9997807145118713,-2.6236507823819133e-8,-0.020942088216543198,-2.578075596740499e-8,1,-2.2032483609495494e-8,0.020942088216543198,-2.1487749130993172e-8,-0.9997807145118713]}},{"t":0.7333333333333333,"j":false,"c":{"p":[60.43438163611613,950.4611852884711,2096.3030237466955],"r":[-0.9997807145118713,-2.013943752780568e-8,-0.020942088216543198,-1.9925480406906722e-8,1,-1.0425298513088697e-8,0.020942088216543198,-1.0005731192204925e-8,-0.9997807145118713]}},{"t":0.7666666666666666,"j":false,"c":{"p":[60.44363534795694,950.6290420190082,2096.6999063381536],"r":[-0.9996754279010399,-1.4283412655597245e-8,-0.024711204217833127,-1.4366724700374966e-8,1,6.996595038246907e-10,0.024711204217833127,1.0218688749543578e-9,-0.9996754279010399]}},{"t":0.7999999999999999,"j":false,"c":{"p":[60.45339424486407,950.7795808972932,2097.08686529086],"r":[-0.9994899705264654,-8.610932448476142e-9,-0.031350323404463185,-9.03375480810555e-9,1,1.145742445644138e-8,0.031350323404463185,1.17034512714969e-8,-0.9994899705264654]}},{"t":0.8333333333333333,"j":false,"c":{"p":[60.46532020912514,950.9355201414006,2097.4860308709076],"r":[-0.9993908405303955,-2.7593658773343493e-9,-0.034899041056632996,-3.5506843342245293e-9,1,2.2612529187538578e-8,0.034899041056632996,2.272267116184491e-8,-0.9993908405303955]}},{"t":0.8666666666666666,"j":false,"c":{"p":[60.47973462353956,951.0976606423056,2097.8992133589336],"r":[-0.9993908405303955,3.2978461201950933e-9,-0.034899041056632996,2.1047471023425524e-9,1,3.4223900416720236e-8,0.034899041056632996,3.4129601231902974e-8,-0.9993908405303955]}},{"t":0.8999999999999999,"j":false,"c":{"p":[60.49390317763582,951.2578755077476,2098.305328341129],"r":[-0.9993908405303955,9.243372793235843e-9,-0.034899041056632996,7.655901633023973e-9,1,4.5621169469467256e-8,0.034899041056632996,4.532619724853405e-8,-0.9993908405303955]}},{"t":0.9333333333333332,"j":false,"c":{"p":[60.507697088917176,951.4151560831186,2098.7006738331584],"r":[-0.9993908405303955,1.5018712977185738e-8,-0.034899041056632996,1.3048158648860142e-8,1,5.669218887499395e-8,0.034899041056632996,5.620228549699714e-8,-0.9993908405303955]}},{"t":0.9666666666666666,"j":false,"c":{"p":[60.52183138689489,951.5734088330047,2099.105707506673],"r":[-0.9993908405303955,2.089962129469968e-8,-0.034899041056632996,1.8538981497187742e-8,1,6.796556645948339e-8,0.034899041056632996,6.727716978580356e-8,-0.9993908405303955]}},{"t":0.9999999999999999,"j":false,"c":{"p":[60.53656865724982,951.7333837253381,2099.5279031488653],"r":[-0.9993908405303955,2.6967536534437792e-8,-0.034899041056632996,2.4204407157447236e-8,1,7.95974080894866e-8,0.034899041056632996,7.870420802864766e-8,-0.9993908405303955]}},{"t":1.0333333333333332,"j":false,"c":{"p":[60.55118988356149,951.8736109050869,2099.9467938728994],"r":[-0.9993908405303955,3.290319190660722e-8,-0.034899041056632996,2.974634626469315e-8,1,9.097571137712071e-8,0.034899041056632996,8.98821715375018e-8,-0.9993908405303955]}},{"t":1.0666666666666667,"j":false,"c":{"p":[60.56555248107901,951.969826113614,2100.358318884969],"r":[-0.9993908405303955,3.8544078076505216e-8,-0.034899041056632996,3.5013069364300456e-8,1,1.017889506260618e-7,0.034899041056632996,1.0050501910685102e-7,-0.9993908405303955]}},{"t":1.1,"j":false,"c":{"p":[60.58005095950576,952.0550343640673,2100.773625148711],"r":[-0.9993908405303955,4.2607178975739004e-8,-0.034899041056632996,3.8834936412945856e-8,1,1.0876799902420485e-7,0.034899041056632996,1.0734643683413911e-7,-0.9993908405303955]}},{"t":1.1333333333333335,"j":false,"c":{"p":[60.59497870061933,952.1054704274438,2101.2008768009687],"r":[-0.9993908405303955,4.168588325689168e-8,-0.034899041056632996,3.809234481951202e-8,1,1.036344182419841e-7,0.034899041056632996,1.0224190319103189e-7,-0.9993908405303955]}},{"t":1.166666666666667,"j":false,"c":{"p":[60.60999571266323,952.1584633975357,2101.630623617858],"r":[-0.9993908405303955,3.287708293829875e-8,-0.034899041056632996,3.011441321077611e-8,1,7.96873773427766e-8,0.034899041056632996,7.858787490665058e-8,-0.9993908405303955]}},{"t":1.2000000000000004,"j":false,"c":{"p":[60.62531715486525,952.2201758859825,2102.0688794013345],"r":[-0.9993908405303955,-2.8295469824624052e-9,-0.034899041056632996,-2.5373477928258756e-9,1,-8.416994693863112e-9,0.034899041056632996,-8.323314087775313e-9,-0.9993908405303955]}},{"t":1.2333333333333338,"j":false,"c":{"p":[60.640564390586356,952.2823126479208,2102.5050125765733],"r":[-0.9993908405303955,-3.185518606769294e-8,-0.034899041056632996,-2.9090335534392265e-8,1,-7.973200627214215e-8,0.034899041056632996,-7.866821106092246e-8,-0.9993908405303955]}},{"t":1.2666666666666673,"j":false,"c":{"p":[60.655400073336445,952.3468024525283,2102.929373657033],"r":[-0.9993908405303955,-2.382770534506044e-8,-0.034899041056632996,-2.1819212163965402e-8,1,-5.7932358681512645e-8,0.034899041056632996,-5.713559792403897e-8,-0.9993908405303955]}},{"t":1.3000000000000007,"j":false,"c":{"p":[60.67032049063247,952.4119378165575,2103.356245778009],"r":[-0.9993908405303955,-1.5756755182566773e-8,-0.034899041056632996,-1.4508714942844915e-8,1,-3.6014670918807e-8,0.034899041056632996,-3.5486390760775906e-8,-0.9993908405303955]}},{"t":1.3333333333333341,"j":false,"c":{"p":[60.68577528100435,952.4811443604108,2103.798953617813],"r":[-0.9993908405303955,-7.4116677360476894e-9,-0.034899041056632996,-6.949909012772928e-9,1,-1.3352570247119985e-8,0.034899041056632996,-1.3101890715263465e-8,-0.9993908405303955]}},{"t":1.3666666666666676,"j":false,"c":{"p":[60.701126266600745,952.5500063101288,2104.238684339929],"r":[-0.9993908405303955,8.746749902565861e-10,-0.034899041056632996,5.556873676987588e-10,1,9.149998456225353e-9,0.034899041056632996,9.125031527315142e-9,-0.9993908405303955]}},{"t":1.400000000000001,"j":false,"c":{"p":[60.715341424188445,952.6150977235811,2104.6458395505697],"r":[-0.9993908405303955,8.518235163651475e-9,-0.034899041056632996,7.479066827123309e-9,1,2.9906974270433416e-8,0.034899041056632996,2.962774328627429e-8,-0.9993908405303955]}},{"t":1.4333333333333345,"j":false,"c":{"p":[60.729556581776144,952.6801891370335,2105.05299476121],"r":[-0.9993908405303955,1.6161795337046364e-8,-0.034899041056632996,1.4402446286547858e-8,1,5.066395008464149e-8,0.034899041056632996,5.0130455045233434e-8,-0.9993908405303955]}},{"t":1.466666666666668,"j":false,"c":{"p":[60.74440456215209,952.7342810260579,2105.4780595297634],"r":[-0.9993908405303955,2.40683315986459e-8,-0.034899041056632996,2.1564024610354652e-8,1,7.213503520972191e-8,0.034899041056632996,7.133852876064596e-8,-0.9993908405303955]}},{"t":1.5000000000000013,"j":false,"c":{"p":[60.75926450226945,952.788165034661,2105.9034627717183],"r":[-0.9993908405303955,3.1979837855117324e-8,-0.034899041056632996,2.8730104663358776e-8,1,9.361961631322849e-8,0.034899041056632996,9.255993313790813e-8,-0.9993908405303955]}},{"t":1.5333333333333348,"j":false,"c":{"p":[60.774343375702834,952.8234483485379,2106.33446092395],"r":[-0.9993908405303955,2.886250089824367e-8,-0.034899041056632996,2.5961463414080343e-8,1,8.357973295543653e-8,0.034899041056632996,8.262278884480964e-8,-0.9993908405303955]}},{"t":1.5666666666666682,"j":false,"c":{"p":[60.78943201646508,952.8579018247922,2106.7657086833665],"r":[-0.9993908405303955,2.5253131296009057e-8,-0.034899041056632996,2.2749601864292855e-8,1,7.213344048089226e-8,0.034899041056632996,7.129556013113156e-8,-0.9993908405303955]}},{"t":1.6000000000000016,"j":false,"c":{"p":[60.80423759085073,952.9093123610693,2107.1897189195743],"r":[-0.9993908405303955,-3.176460489237392e-11,-0.034899041056632996,-6.554571865706318e-12,1,-7.225005007174109e-10,0.034899041056632996,-7.21833015476246e-10,-0.9993908405303955]}},{"t":1.633333333333335,"j":false,"c":{"p":[60.819029972859305,952.9615131852379,2107.613391849259],"r":[-0.9993908405303955,-2.6326853661544078e-8,-0.034899041056632996,-2.3673577607346074e-8,1,-7.644045303231575e-8,0.034899041056632996,-7.556770598244601e-8,-0.9993908405303955]}},{"t":1.6666666666666685,"j":false,"c":{"p":[60.83400831302492,953.0834543676231,2108.042400876959],"r":[-0.9993908405303955,-1.8711659790815876e-8,-0.034899041056632996,-1.6849497416470232e-8,1,-5.3652677211018595e-8,0.034899041056632996,-5.303196452037196e-8,-0.9993908405303955]}},{"t":1.700000000000002,"j":false,"c":{"p":[60.8489978490738,953.2095943704387,2108.4717311722566],"r":[-0.9993908405303955,-9.054847660589195e-9,-0.034899041056632996,-8.189655688821164e-9,1,-2.493421971121245e-8,0.034899041056632996,-2.4633220305311494e-8,-0.9993908405303955]}},{"t":1.7333333333333354,"j":false,"c":{"p":[60.86221314369142,953.3954517570234,2108.8501526159835],"r":[-0.9993908405303955,2.922625721002877e-11,-0.034899041056632996,-4.342198652781985e-11,1,2.08092175204637e-9,0.034899041056632996,2.0811688768543944e-9,-0.9993908405303955]}},{"t":1.7666666666666688,"j":false,"c":{"p":[60.87529057723092,953.5859492691087,2109.2246183696666],"r":[-0.9993908405303955,9.068797602776582e-9,-0.034899041056632996,8.062903643016552e-9,1,2.8963713141036113e-8,0.034899041056632996,2.8664681281654317e-8,-0.9993908405303955]}},{"t":1.8000000000000023,"j":false,"c":{"p":[60.88785387958017,953.8138357541944,2109.584062794615],"r":[-0.9993908405303955,1.7999011111871858e-8,-0.034899041056632996,1.607116277523262e-8,1,5.552123716327547e-8,0.034899041056632996,5.492654909776354e-8,-0.9993908405303955]}},{"t":1.8333333333333357,"j":false,"c":{"p":[60.900365555499896,954.0454766490814,2109.9419988544146],"r":[-0.9993908405303955,2.691824346529114e-8,-0.034899041056632996,2.4069574570408106e-8,1,8.2046099497008e-8,0.034899041056632996,8.115611900624472e-8,-0.9993908405303955]}},{"t":1.8666666666666691,"j":false,"c":{"p":[60.916273235056096,954.2908917068337,2110.3236562804295],"r":[-0.9989866333229181,2.4886351562136236e-8,-0.043800573761642134,2.1782164187243815e-8,1,7.43865673612968e-8,0.043800573761642134,7.340324874510608e-8,-0.9989866333229181]}},{"t":1.9000000000000026,"j":false,"c":{"p":[60.932691361459234,954.538377132806,2110.708879219879],"r":[-0.9985216704989407,2.1208417002468417e-8,-0.05404007891564378,1.7948711437453112e-8,1,6.158884391614182e-8,0.05404007891564378,6.054254254118629e-8,-0.9985216704989407]}},{"t":1.933333333333336,"j":false,"c":{"p":[60.95631530382657,954.7389963440701,2111.0706558042293],"r":[-0.9974001435154372,-5.683282153393308e-10,-0.0699921666459663,6.810221665003747e-10,1,-5.237114172786409e-10,0.0699921666459663,-1.3659298121937618e-10,-0.9974001435154372]}},{"t":1.9666666666666694,"j":false,"c":{"p":[60.98145638048557,954.9297482007129,2111.427495922049],"r":[-0.9961403815275928,-2.6155651780434218e-8,-0.0871469987932336,-1.941515190197968e-8,1,-7.301916064041522e-8,0.0871469987932336,-7.088356526948189e-8,-0.9961403815275928]}},{"t":2.0000000000000027,"j":false,"c":{"p":[61.01889536376115,955.0917032378865,2111.856225109596],"r":[-0.9956203976895998,-2.0613189422248404e-8,-0.09342554685428739,-1.5469536925511728e-8,1,-5.711096786334562e-8,0.09342554685428739,-5.546101355514088e-8,-0.9956203976895998]}},{"t":2.033333333333336,"j":false,"c":{"p":[61.05947024349356,955.2463152493764,2112.3032856023056],"r":[-0.9952890530851993,-7.132808162773567e-9,-0.09693070414302701,-5.3934020620447e-9,1,-1.8660347634135356e-8,0.09693070414302701,-1.8065721810364777e-8,-0.9952890530851993]}},{"t":2.066666666666669,"j":false,"c":{"p":[61.104554953569135,955.3274590793859,2112.7312758631397],"r":[-0.993974652325885,5.721526938348023e-9,-0.10875154357950492,3.3788680355055666e-9,1,1.74342580330015e-8,0.10875154357950492,1.679356670829929e-8,-0.993974652325885]}},{"t":2.1000000000000023,"j":false,"c":{"p":[61.150670709833015,955.3918064707907,2113.154906250456],"r":[-0.9924355033555998,1.8432734148583878e-8,-0.12247353044928498,1.1853046033206883e-8,1,5.2990227066614975e-8,0.12247353044928498,5.107306923484482e-8,-0.9924355033555998]}},{"t":2.1333333333333355,"j":false,"c":{"p":[61.20073275985883,955.4612327055968,2113.564347134484],"r":[-0.9921148419380188,3.069695757475895e-8,-0.1253323256969452,1.9839341611855758e-8,1,8.787878461311954e-8,0.1253323256969452,8.469933583353627e-8,-0.9921148419380188]}},{"t":2.1666666666666687,"j":false,"c":{"p":[61.25183333026106,955.5319955064768,2113.97005385953],"r":[-0.9921148419380188,4.2843551195430805e-8,-0.1253323256969452,2.769724435812892e-8,1,1.2259170383398734e-7,0.1253323256969452,1.1815369459601247e-7,-0.9921148419380188]}},{"t":2.200000000000002,"j":false,"c":{"p":[61.30452874886286,955.6325962156808,2114.387593154306],"r":[-0.9921148419380188,1.3723686319729834e-8,-0.1253323256969452,8.874963882619567e-9,1,3.9245280019218716e-8,0.1253323256969452,3.78235102845459e-8,-0.9921148419380188]}},{"t":2.233333333333335,"j":false,"c":{"p":[61.35750347928543,955.7384225510631,2114.8072047319474],"r":[-0.9921148419380188,-2.2623330119728633e-8,-0.1253323256969452,-1.4619918384235422e-8,1,-6.477732480854325e-8,0.1253323256969452,-6.243419309135793e-8,-0.9921148419380188]}},{"t":2.2666666666666684,"j":false,"c":{"p":[61.41021675339345,955.8455635539162,2115.218875885512],"r":[-0.991729951284753,-2.0670492971850125e-8,-0.12829583958762097,-1.3341703475248342e-8,1,-5.8581400612424735e-8,0.12829583958762097,-5.6412821579332297e-8,-0.991729951284753]}},{"t":2.3000000000000016,"j":false,"c":{"p":[61.46289030377055,955.9529042975827,2115.629340630006],"r":[-0.9912865832037284,-1.2898660474703208e-8,-0.13170960777255955,-8.299648139966242e-9,1,-3.5639691570663445e-8,0.13170960777255955,-3.424419662971434e-8,-0.9912865832037284]}},{"t":2.333333333333335,"j":false,"c":{"p":[61.521368027436274,956.0571231802035,2116.0584383714777],"r":[-0.9908288099431309,7.571598478147016e-10,-0.135079705138313,1.0147800985452909e-10,1,3.80843890825419e-9,0.135079705138313,3.708662924663234e-9,-0.9908288099431309]}},{"t":2.366666666666668,"j":false,"c":{"p":[61.580952377644515,956.1607468472572,2116.4910886893454],"r":[-0.9903682901838898,1.553482419180037e-8,-0.13844147620413694,9.143046258268435e-9,1,4.640369184131006e-8,0.13844147620413694,4.467095243544586e-8,-0.9903682901838898]}},{"t":2.4000000000000012,"j":false,"c":{"p":[61.640185578713876,956.2539717531855,2116.914119701927],"r":[-0.9902681112289429,2.308577130389965e-8,-0.1391727775335312,1.377433039253466e-8,1,6.7868811737134e-8,0.1391727775335312,6.529130977658024e-8,-0.9902681112289429]}},{"t":2.4333333333333345,"j":false,"c":{"p":[61.6993211562187,956.3443056819892,2117.3344764352173],"r":[-0.9902681112289429,2.8627606565882023e-8,-0.1391727775335312,1.7179503999462104e-8,1,8.345950769779476e-8,0.1391727775335312,8.025637223555322e-8,-0.9902681112289429]}},{"t":2.4666666666666677,"j":false,"c":{"p":[61.75770061716266,956.4258292943191,2117.7498134061507],"r":[-0.9902681112289429,4.90455136916758e-9,-0.1391727775335312,3.0004668300481103e-9,1,1.3891260013484717e-8,0.1391727775335312,1.333849178280239e-8,-0.9902681112289429]}},{"t":2.500000000000001,"j":false,"c":{"p":[61.81587241728757,956.5049332300678,2118.1637717431317],"r":[-0.9902681112289429,-2.6855850761473333e-8,-0.1391727775335312,-1.6007920470309043e-8,1,-7.906514883846503e-8,0.1391727775335312,-7.606782480748542e-8,-0.9902681112289429]}},{"t":2.533333333333334,"j":false,"c":{"p":[61.87682445022459,956.5751853800255,2118.5976077420573],"r":[-0.990268089657257,-2.3383422047985026e-8,-0.13917286382027483,-1.3978314027307674e-8,1,-6.855609310136908e-8,0.13917286382027483,-6.594350896351475e-8,-0.990268089657257]}},{"t":2.5666666666666673,"j":false,"c":{"p":[61.93874239987266,956.6423622163688,2119.0383496971185],"r":[-0.9902680605910721,-7.670298979129457e-9,-0.1391729800850143,-4.639625540860729e-9,1,-2.210075947438237e-8,0.1391729800850143,-2.1239966261104768e-8,-0.9902680605910721]}},{"t":2.6000000000000005,"j":false,"c":{"p":[61.99785655883428,956.6974647985032,2119.4590418072135],"r":[-0.9902680914028602,7.261105218270648e-9,-0.13917286181018199,4.234466146290833e-9,1,2.204350358779042e-8,0.13917286181018199,2.12396586080577e-8,-0.9902680914028602]}},{"t":2.6333333333333337,"j":false,"c":{"p":[62.055719887231994,956.7471807994375,2119.8707892557086],"r":[-0.9902681489274836,2.1843768027263535e-8,-0.13917263890226625,1.2901291335533561e-8,1,6.515674899526639e-8,0.13917263890226625,6.272714650676903e-8,-0.9902681489274836]}},{"t":2.666666666666667,"j":false,"c":{"p":[62.11827694986081,956.7833365324791,2120.2970087491367],"r":[-0.9896258167579577,2.1924354065732968e-8,-0.14352254168904868,1.2848750928346063e-8,1,6.52097085090427e-8,0.14352254168904868,6.274371587599385e-8,-0.9896258167579577]}},{"t":2.7,"j":false,"c":{"p":[62.18372075320343,956.8111524287322,2120.7321288405237],"r":[-0.9885884020394563,1.3085871962050554e-8,-0.15054785904657733,7.4336257588874e-9,1,3.877972835951005e-8,0.15054785904657733,3.725483839543158e-8,-0.9885884020394563]}},{"t":2.7333333333333334,"j":false,"c":{"p":[62.24893691019161,956.8163897600136,2121.151860439101],"r":[-0.9878852969378843,-1.4551283993318962e-9,-0.15515194588474573,-7.779009895205202e-10,1,-3.448355604095563e-9,0.15515194588474573,-3.2311635292424114e-9,-0.9878852969378843]}},{"t":2.7666666666666666,"j":false,"c":{"p":[62.314032169588515,956.8096361497915,2121.5634195733355],"r":[-0.9873597357619669,-1.9024601249450874e-8,-0.15847017449582815,-1.0474530435823686e-8,1,-5.406643861952713e-8,0.15847017449582815,-5.1681783318633035e-8,-0.9873597357619669]}},{"t":2.8,"j":false,"c":{"p":[62.38351675695447,956.7978730730515,2121.995084023784],"r":[-0.9868143464884434,-1.7083323570154125e-8,-0.16182570082772121,-9.355355380812713e-9,1,-4.929416930429671e-8,0.16182570082772121,-4.7177706927899957e-8,-0.9868143464884434]}},{"t":2.833333333333333,"j":false,"c":{"p":[62.45625186696609,956.7824002292418,2122.4416374928046],"r":[-0.9862542734909546,-6.93333724244565e-10,-0.16520884803619978,-2.2652196569748254e-10,1,-3.5025011491092628e-9,0.16520884803619978,-3.4579600880223974e-9,-0.9862542734909546]}},{"t":2.8666666666666663,"j":false,"c":{"p":[62.52815631755709,956.764981023737,2122.8730126348896],"r":[-0.9856821372322704,1.528877203366944e-8,-0.16858596877904128,8.43016555333445e-9,1,4.0727735492002195e-8,0.16858596877904128,3.868064711305492e-8,-0.9856821372322704]}},{"t":2.8999999999999995,"j":false,"c":{"p":[62.59935055684894,956.7458976848538,2123.2914103532266],"r":[-0.9850996869216497,3.092213812662858e-8,-0.17195793691194042,1.6683169755326333e-8,1,8.362295289825018e-8,0.17195793691194042,7.946738469207417e-8,-0.9850996869216497]}},{"t":2.9333333333333327,"j":false,"c":{"p":[62.67362103962257,956.7173685741508,2123.7199870248487],"r":[-0.9848076826676113,2.5685739233692706e-8,-0.17364850638947696,1.3757606137484217e-8,1,6.989468341765264e-8,0.17364850638947696,6.644382188206866e-8,-0.9848076826676113]}},{"t":2.966666666666666,"j":false,"c":{"p":[62.75098580239078,956.679338309541,2124.1588023306035],"r":[-0.9848078274023357,-5.427874508524191e-10,-0.173647818899536,-4.1206705033743644e-10,1,-7.890656066066211e-10,0.173647818899536,-7.055398065889257e-10,-0.9848078274023357]}},{"t":2.999999999999999,"j":false,"c":{"p":[62.8263174593676,956.6351333240916,2124.586206632429],"r":[-0.9848079085350037,-1.5429033737678184e-8,-0.1736474335193634,-8.41639575021289e-9,1,-4.11206816743567e-8,0.1736474335193634,-3.903448810655162e-8,-0.9848079085350037]}},{"t":3.0333333333333323,"j":false,"c":{"p":[62.89905562635185,956.5830516817697,2124.9990547195102],"r":[-0.9848079085350037,-1.5846731054254177e-8,-0.1736474335193634,-8.556028329522878e-9,1,-4.273421754713232e-8,0.1736474335193634,-4.059926308022094e-8,-0.9848079085350037]}},{"t":3.0666666666666655,"j":false,"c":{"p":[62.97314020944411,956.5271491653996,2125.4194233762523],"r":[-0.9848078641988617,-8.301303898522603e-9,-0.1736476496580554,-4.384714324528078e-9,1,-2.293853242971568e-8,0.1736476496580554,-2.1828658772987984e-8,-0.9848078641988617]}},{"t":3.0999999999999988,"j":false,"c":{"p":[63.049364269023144,956.4651752197467,2125.8517423371086],"r":[-0.9848077494118891,1.1897653966261534e-8,-0.1736482092445468,6.636761972828671e-9,1,3.087674338961398e-8,0.1736482092445468,2.9255184779212275e-8,-0.9848077494118891]}},{"t":3.133333333333332,"j":false,"c":{"p":[63.125418185916274,956.403519013008,2126.275632530854],"r":[-0.9844335663762173,2.3912613543177033e-8,-0.17568691663619065,1.3103402936974898e-8,1,6.300816549087606e-8,0.17568691663619065,5.974949947106727e-8,-0.9844335663762173]}},{"t":3.166666666666665,"j":false,"c":{"p":[63.201091968403595,956.3425727015716,2126.680691093017],"r":[-0.9832236365043067,1.7642806367891177e-8,-0.1822792732238473,9.3935875123296e-9,1,4.669331554056171e-8,0.1822792732238473,4.424249310849465e-8,-0.9832236365043067]}},{"t":3.1999999999999984,"j":false,"c":{"p":[63.27843867889359,956.2796482638008,2127.0909334544695],"r":[-0.9821430751643491,7.999279418340064e-9,-0.18812293418209627,4.057144934003965e-9,1,2.1725509561196982e-8,0.18812293418209627,2.0604041958322873e-8,-0.9821430751643491]}},{"t":3.2333333333333316,"j":false,"c":{"p":[63.36150948119482,956.20995546736,2127.5189127077806],"r":[-0.9815051612982799,-1.3187769847959245e-8,-0.191404857567342,-6.8449664330481885e-9,1,-3.28492577873696e-8,0.191404857567342,-3.08569672741956e-8,-0.9815051612982799]}},{"t":3.266666666666665,"j":false,"c":{"p":[63.44473114354459,956.137106110428,2127.946206240979],"r":[-0.9808640629414296,-2.8451731645569264e-8,-0.19468621199452893,-1.4679056091246833e-8,1,-7.242017524644158e-8,0.19468621199452893,-6.819611333937009e-8,-0.9808640629414296]}},{"t":3.299999999999998,"j":false,"c":{"p":[63.52889263210022,956.0445920490306,2128.3692278828566],"r":[-0.980203125880313,-6.816110837502022e-9,-0.19796402193330503,-3.400019178160349e-9,1,-1.8520280172822627e-8,0.19796402193330503,-1.7559037671524565e-8,-0.980203125880313]}},{"t":3.3333333333333313,"j":false,"c":{"p":[63.61301865653699,955.9512860398182,2128.7914133657177],"r":[-0.9795753941890083,1.4135591880197492e-8,-0.20107715913030105,7.514136929090016e-9,1,3.3693170042805456e-8,0.20107715913030105,3.149408030730412e-8,-0.9795753941890083]}},{"t":3.3666666666666645,"j":false,"c":{"p":[63.69647427836453,955.8430092968462,2129.1977923600866],"r":[-0.979575366421412,2.2158720959012718e-8,-0.20107737432917258,1.1530700423851875e-8,1,5.402659421214235e-8,0.20107737432917258,5.060455762236523e-8,-0.979575366421412]}},{"t":3.3999999999999977,"j":false,"c":{"p":[63.77992990019209,955.7347325538741,2129.604171354455],"r":[-0.9795753386538157,3.0181850037827946e-8,-0.20107758952804408,1.554726391861373e-8,1,7.436001838147925e-8,0.20107758952804408,6.971503493742635e-8,-0.9795753386538157]}},{"t":3.433333333333331,"j":false,"c":{"p":[63.86579574803367,955.6243361006958,2130.0206043941766],"r":[-0.9789582371852678,-7.691024496717703e-10,-0.20403141337977101,-2.631003951998471e-10,1,-1.0988491383450545e-9,0.20403141337977101,-8.964079112930398e-10,-0.9789582371852678]}},{"t":3.466666666666664,"j":false,"c":{"p":[63.95191846971964,955.5137137358782,2130.438108960496],"r":[-0.978275370061171,-3.587378247355325e-8,-0.2073000229839777,-1.818655250199205e-8,1,-8.676693939726993e-8,0.2073000229839777,-8.107011356195221e-8,-0.978275370061171]}},{"t":3.4999999999999973,"j":false,"c":{"p":[64.0368477081808,955.4140840522574,2130.840152664102],"r":[-0.9781474755843245,-2.5291466738383757e-8,-0.20791219449352774,-1.2753272894316769e-8,1,-6.16455301407777e-8,0.20791219449352774,-5.764684696077685e-8,-0.9781474755843245]}},{"t":3.5333333333333306,"j":false,"c":{"p":[64.12150167311064,955.3169897994736,2131.238630363438],"r":[-0.9781475839794159,-4.171574608498691e-9,-0.20791166606745698,-1.9328291563907502e-9,1,-1.097083607140235e-8,0.20791166606745698,-1.0329231623644832e-8,-0.9781475839794159]}},{"t":3.5666666666666638,"j":false,"c":{"p":[64.21011938125032,955.2108389859534,2131.6519786949616],"r":[-0.9772566120297694,1.379377888573321e-8,-0.21196406655000744,7.008751720910157e-9,1,3.176386091757182e-8,0.21196406655000744,2.94615352768984e-8,-0.9772566120297694]}},{"t":3.599999999999997,"j":false,"c":{"p":[64.30123898312445,955.0989717192317,2132.0747132908145],"r":[-0.975803194882897,2.9768004289704297e-8,-0.218574654308053,1.4764404305161685e-8,1,6.948687377477051e-8,0.218574654308053,6.450139528289837e-8,-0.975803194882897]}},{"t":3.63333333333333,"j":false,"c":{"p":[64.39106492056456,954.9803312426614,2132.479685610902],"r":[-0.9751493334770203,1.92818664321726e-8,-0.22154861688613892,9.325823109457992e-9,1,4.598447551066674e-8,0.22154861688613892,4.277560733983964e-8,-0.9751493334770203]}},{"t":3.6666666666666634,"j":false,"c":{"p":[64.4798329239518,954.8561517645094,2132.8701322812963],"r":[-0.9751493334770203,-1.2843050856331556e-8,-0.22154861688613892,-6.902750336296246e-9,1,-2.758689398150737e-8,0.22154861688613892,-2.5372042732868276e-8,-0.9751493334770203]}},{"t":3.6999999999999966,"j":false,"c":{"p":[64.57055667374308,954.727132773459,2133.269271283296],"r":[-0.9751493334770203,-2.4220800531339024e-8,-0.22154861688613892,-1.2512435855662171e-8,1,-5.425132955694648e-8,0.22154861688613892,-5.0131030535138386e-8,-0.9751493334770203]}},{"t":3.73333333333333,"j":false,"c":{"p":[64.6634168363058,954.5928272088822,2133.677905590114],"r":[-0.9751493334770203,-1.2934817439522201e-8,-0.22154861688613892,-6.522290365422605e-9,1,-2.9675700223072484e-8,0.22154861688613892,-2.7493233141173113e-8,-0.9751493334770203]}},{"t":3.766666666666663,"j":false,"c":{"p":[64.75584808846808,954.4539847757092,2134.0846083493548],"r":[-0.9751493334770203,4.041566579311629e-9,-0.22154861688613892,2.3618326564150217e-9,1,7.84670468746434e-9,0.22154861688613892,7.1284480303608305e-9,-0.9751493334770203]}},{"t":3.7999999999999963,"j":false,"c":{"p":[64.84759604044164,954.3079146251271,2134.4882339465066],"r":[-0.9751493334770203,3.008336851164585e-8,-0.22154861688613892,1.5856371726734756e-8,1,6.599470922447153e-8,0.22154861688613892,6.084173910141514e-8,-0.9751493334770203]}},{"t":3.8333333333333295,"j":false,"c":{"p":[64.93828975739397,954.154155279107,2134.884346426997],"r":[-0.9749310764553912,3.925700356745436e-8,-0.22249400173995018,2.0627569006846097e-8,1,8.657640675975999e-8,0.22249400173995018,7.987338533221808e-8,-0.9749310764553912]}},{"t":3.8666666666666627,"j":false,"c":{"p":[65.02634553731951,953.9811558083107,2135.261659372062],"r":[-0.9741666904709332,6.222628945728733e-9,-0.22580495561799194,3.5709709256282673e-9,1,1.315861631960426e-8,0.22580495561799194,1.212362776464722e-8,-0.9741666904709332]}},{"t":3.899999999999996,"j":false,"c":{"p":[65.1144826337082,953.8014605384072,2135.638988434165],"r":[-0.9735789895057678,-1.8650940814298115e-8,-0.22835059463977814,-9.308965325197528e-9,1,-4.1987749118136315e-8,0.22835059463977814,-3.875268291950461e-8,-0.9735789895057678]}},{"t":3.933333333333329,"j":false,"c":{"p":[65.20289021009609,953.5994932750227,2136.0163711057876],"r":[-0.9735789895057678,-1.6379521638965218e-8,-0.22835059463977814,-8.296222962319708e-9,1,-3.635853691014817e-8,0.22835059463977814,-3.350345982187632e-8,-0.9735789895057678]}},{"t":3.9666666666666623,"j":false,"c":{"p":[65.29201607547994,953.4013136083273,2136.3967905099075],"r":[-0.9735789895057678,-1.1038180650657648e-8,-0.22835059463977814,-5.7272343195180404e-9,1,-2.3920525464767882e-8,0.22835059463977814,-2.1980702803280474e-8,-0.9735789895057678]}},{"t":3.9999999999999956,"j":false,"c":{"p":[65.3865983262154,953.2319059083572,2136.8002780423276],"r":[-0.9735789895057678,1.7623406791059675e-8,-0.22835059463977814,8.6635690146683e-9,1,4.023960984601363e-8,0.22835059463977814,3.719810739310904e-8,-0.9735789895057678]}},{"t":4.033333333333329,"j":false,"c":{"p":[65.4813443083397,953.0693692332418,2137.204430311406],"r":[-0.9735789807384806,4.2826663517606176e-8,-0.22835062839383397,2.1327872009080524e-8,1,9.661590061515676e-8,0.22835062839383397,8.919297803949025e-8,-0.9735789807384806]}},{"t":4.066666666666662,"j":false,"c":{"p":[65.57853789367762,953.0095467819244,2137.618519658485],"r":[-0.973578840909944,1.6331700172981268e-8,-0.2283511667337001,8.182904037287423e-9,1,3.663232263371082e-8,0.2283511667337001,3.379589620281429e-8,-0.973578840909944]}},{"t":4.099999999999995,"j":false,"c":{"p":[65.67573147901554,952.9497243306072,2138.032609005564],"r":[-0.9735787010814073,-1.0163263171643634e-8,-0.2283517050735662,-4.962063934505674e-9,1,-2.335125534773509e-8,0.2283517050735662,-2.1601185633861653e-8,-0.9735787010814073]}},{"t":4.133333333333328,"j":false,"c":{"p":[65.77317898383494,952.9367355021285,2138.448160873197],"r":[-0.9735787944380063,-1.589872605382585e-8,-0.22835134307677324,-7.847105324720792e-9,1,-3.6167751879643305e-8,0.22835134307677324,-3.34202614431388e-8,-0.9735787944380063]}},{"t":4.166666666666662,"j":false,"c":{"p":[65.87064520434593,952.9271986484104,2138.8638205391107],"r":[-0.9735789049820266,-2.0104064480716592e-8,-0.22835091471869462,-9.975916351860966e-9,1,-4.550769535377287e-8,0.22835091471869462,-4.202732486049944e-8,-0.9735789049820266]}},{"t":4.199999999999995,"j":false,"c":{"p":[65.96888036784564,952.9102715600505,2139.2909273860555],"r":[-0.9741630166374168,1.8104216783477184e-9,-0.22582086737380697,1.1384883966124391e-9,1,4.032301885065315e-9,0.22582086737380697,3.7715071105058115e-9,-0.9741630166374168]}},{"t":4.233333333333328,"j":false,"c":{"p":[66.06733931390302,952.8911937197697,2139.721365662621],"r":[-0.9749170879183162,3.132646118820284e-8,-0.22255463462223238,1.6107015936878716e-8,1,7.070790465402996e-8,0.22255463462223238,6.540388019244903e-8,-0.9749170879183162]}},{"t":4.266666666666661,"j":false,"c":{"p":[66.15901147163257,952.8566569618716,2140.1241372927],"r":[-0.9757085224071538,2.764724995403493e-8,-0.21904696345060826,1.4142276505923006e-8,1,6.268826728663407e-8,0.21904696345060826,5.801175917289621e-8,-0.9757085224071538]}},{"t":4.2999999999999945,"j":false,"c":{"p":[66.24766083693724,952.8152349002314,2140.514586374119],"r":[-0.9765165982315492,9.183084829492024e-9,-0.21543175713983653,4.635567492827453e-9,1,2.1399844279912238e-8,0.21543175713983653,1.987656678850878e-8,-0.9765165982315492]}},{"t":4.333333333333328,"j":false,"c":{"p":[66.34598271740157,952.7633574947378,2140.958891998895],"r":[-0.976672351360321,-1.6214450394717913e-8,-0.21473494172096252,-8.728227941732419e-9,1,-3.5810807323008474e-8,0.21473494172096252,-3.3101169704302764e-8,-0.976672351360321]}},{"t":4.366666666666661,"j":false,"c":{"p":[66.44661407522936,952.7089836982271,2141.4160567886047],"r":[-0.976672351360321,-4.326744555187276e-8,-0.21473494172096252,-2.301296830449491e-8,1,-9.682316157634196e-8,0.21473494172096252,-8.962281582854212e-8,-0.976672351360321]}},{"t":4.399999999999994,"j":false,"c":{"p":[66.53719281601151,952.6892629115274,2141.8282037043514],"r":[-0.976672351360321,-1.4677377333382914e-8,-0.21473494172096252,-7.73562688504587e-9,1,-3.316742203066645e-8,0.21473494172096252,-3.0732593502684786e-8,-0.976672351360321]}},{"t":4.433333333333327,"j":false,"c":{"p":[66.62774527883984,952.6743063283393,2142.2414548280385],"r":[-0.9767887487880887,1.1644985266593675e-8,-0.21419657775771103,6.343547590155561e-9,1,2.550050050196372e-8,0.21419657775771103,2.3556364142595584e-8,-0.9767887487880887]}},{"t":4.466666666666661,"j":false,"c":{"p":[66.71979588068416,952.6775402265221,2142.667520913614],"r":[-0.9774868024938979,1.761594105184281e-8,-0.21096792428289465,9.643500635149187e-9,1,3.903574965114797e-8,0.21096792428289465,3.614467623612297e-8,-0.9774868024938979]}},{"t":4.499999999999994,"j":false,"c":{"p":[66.81171734177563,952.6803291940008,2143.0933509926367],"r":[-0.9781479269012466,2.1715288322279147e-8,-0.20791007923478497,1.1921661560089054e-8,1,4.835810966102129e-8,0.20791007923478497,4.482275186665947e-8,-0.9781479269012466]}},{"t":4.533333333333327,"j":false,"c":{"p":[66.90132706409094,952.6751534908532,2143.5149563363357],"r":[-0.978147982750944,-7.688885810641278e-9,-0.20790986281720794,-4.0912003934530485e-9,1,-1.7734137781343225e-8,0.20790986281720794,-1.6496017458975205e-8,-0.978147982750944]}},{"t":4.56666666666666,"j":false,"c":{"p":[66.99093678640625,952.6699777877054,2143.9365616800346],"r":[-0.9781480386006413,-3.70930599435617e-8,-0.20790964639963092,-2.0104062346995146e-8,1,-8.382638522370775e-8,0.20790964639963092,-7.781478678460988e-8,-0.9781480386006413]}},{"t":4.599999999999993,"j":false,"c":{"p":[67.0786621677357,952.609540148395,2144.3595430679143],"r":[-0.9787709936113513,-2.0117575480300863e-8,-0.20492769600066257,-1.0987224128615095e-8,1,-4.490044040612464e-8,0.20492769600066257,-4.161988081630523e-8,-0.9787709936113513]}},{"t":4.633333333333327,"j":false,"c":{"p":[67.16622021729323,952.5441951819247,2144.7826466501906],"r":[-0.9794492628253442,9.764790892362896e-10,-0.20168096399673352,3.611620364393022e-10,1,3.351247643484138e-9,0.20168096399673352,3.2343581478619915e-9,-0.9794492628253442]}},{"t":4.66666666666666,"j":false,"c":{"p":[67.24770290812327,952.4674553786392,2145.178759768618],"r":[-0.979575447561276,1.9010314374233367e-8,-0.2010769981073883,1.0240617525111853e-8,1,4.4653859295053235e-8,0.2010769981073883,4.168267456541348e-8,-0.979575447561276]}},{"t":4.699999999999993,"j":false,"c":{"p":[67.32779771422028,952.3881124829668,2145.568707053159],"r":[-0.9795755114123651,3.634505816269939e-8,-0.20107675866580438,1.978450328842517e-8,1,8.436898986539509e-8,0.20107675866580438,7.866759063044789e-8,-0.9795755114123651]}},{"t":4.733333333333326,"j":false,"c":{"p":[67.41137828945189,952.31056104987,2145.996322925137],"r":[-0.9808146211174631,9.359417353693124e-9,-0.1948187279464692,4.622117517104533e-9,1,2.2445826257291928e-8,0.1948187279464692,2.090390741261121e-8,-0.9808146211174631]}},{"t":4.7666666666666595,"j":false,"c":{"p":[67.49515376268019,952.2331097818884,2146.4260449412536],"r":[-0.9821230089489817,-2.0104286068751564e-8,-0.1882108085980317,-1.1921657165063374e-8,1,-4.5160186432216245e-8,0.1882108085980317,-4.215740495919118e-8,-0.9821230089489817]}},{"t":4.799999999999993,"j":false,"c":{"p":[67.57463089988441,952.1581114183733,2146.842163939791],"r":[-0.9822872764925134,-1.82600119