{"v":1,"d":[{"t":0.06190061569213867,"c":{"r":[0.4194503724575043,1.62015698634832e-8,0.907778263092041,1.1294743806899987e-8,1,-2.3066375476332723e-8,-0.907778263092041,1.992832387998078e-8,0.4194503724575043],"p":[262.8547058105469,1270.084228515625,2037.9217529296875]},"j":false},{"t":0.011111111111111113,"j":false,"c":{"p":[263.6422478198302,1270.0819594189265,2038.2859429497673],"r":[0.4194503724575043,-3.2595374812993004e-8,0.907778263092041,-2.2723904748648206e-8,1,4.640662931902586e-8,-0.907778263092041,-4.009354218744174e-8,0.4194503724575043]}},{"t":0.022222222222222223,"j":false,"c":{"p":[263.46995894160625,1270.0824558243503,2038.2062698792768],"r":[0.4194503724575043,-2.1920171763550315e-8,0.907778263092041,-1.5281717882117283e-8,1,3.120816889158676e-8,-0.907778263092041,-2.6962687132389967e-8,0.4194503724575043]}},{"t":0.03333333333333333,"j":false,"c":{"p":[263.2976700633823,1270.0829522297738,2038.1265968087862],"r":[0.4194503724575043,-1.1244968714107626e-8,0.907778263092041,-7.839531015586361e-9,1,1.6009708464147667e-8,-0.907778263092041,-1.3831832077338185e-8,0.4194503724575043]}},{"t":0.044444444444444446,"j":false,"c":{"p":[263.1253811851584,1270.0834486351976,2038.0469237382956],"r":[0.4194503724575043,-5.697656646649329e-10,0.907778263092041,-3.9734414905543737e-10,1,8.112480367085611e-10,-0.907778263092041,-7.009770222863998e-10,0.4194503724575043]}},{"t":0.05555555555555556,"j":false,"c":{"p":[262.9530923069344,1270.0839450406213,2037.967250667805],"r":[0.4194503724575043,1.0105437384777763e-8,0.907778263092041,7.04484271747549e-9,1,-1.4387212390730545e-8,-0.907778263092041,1.2429878032765387e-8,0.4194503724575043]}},{"t":0.06666666666666667,"j":false,"c":{"p":[262.7808034287105,1270.0844414460448,2037.8875775973145],"r":[0.4194503724575043,2.0780640434220452e-8,0.907778263092041,1.4487029584006412e-8,1,-2.958567281816964e-8,-0.907778263092041,2.5560733087817167e-8,0.4194503724575043]}},{"t":0.07777777777777778,"j":false,"c":{"p":[262.6085145504866,1270.0849378514683,2037.8079045268241],"r":[0.4194503724575043,3.1455843483663145e-8,0.907778263092041,2.1929216450537338e-8,1,-4.478413324560874e-8,-0.907778263092041,3.8691588142868956e-8,0.4194503724575043]}},{"t":0.08888888888888889,"j":false,"c":{"p":[262.43622567226265,1270.085434256892,2037.7282314563336],"r":[0.4194503724575043,4.213104653310584e-8,0.907778263092041,2.9371403317068263e-8,1,-5.998259367304785e-8,-0.907778263092041,5.182244319792074e-8,0.4194503724575043]}},{"t":0.1,"j":false,"c":{"p":[262.2639367940387,1270.0859306623156,2037.648558385843],"r":[0.4194503724575043,5.280624958254853e-8,0.907778263092041,3.6813590183599185e-8,1,-7.518105410048695e-8,-0.907778263092041,6.495329825297253e-8,0.4194503724575043]}},{"t":0.11111111111111112,"j":false,"c":{"p":[262.0916479158148,1270.0864270677391,2037.5688853153524],"r":[0.4194503724575043,6.348145263199122e-8,0.907778263092041,4.425577705013012e-8,1,-9.037951452792605e-8,-0.907778263092041,7.808415330802431e-8,0.4194503724575043]}},{"t":0.12222222222222223,"j":false,"c":{"p":[261.9174681575436,1270.0869515841582,2037.4883335188115],"r":[0.4194503724575043,6.889435335425399e-8,0.907778263092041,4.802937808305725e-8,1,-9.808595560328767e-8,-0.907778263092041,8.474221565918079e-8,0.4194503724575043]}},{"t":0.13333333333333333,"j":false,"c":{"p":[261.7413975192252,1270.0875042115724,2037.40690299622],"r":[0.4194503724575043,6.904495174933683e-8,0.907778263092041,4.813439328238063e-8,1,-9.830037732657184e-8,-0.907778263092041,8.492748530644202e-8,0.4194503724575043]}},{"t":0.14444444444444443,"j":false,"c":{"p":[261.5583474893184,1270.0881605989498,2037.3222290245194],"r":[0.4194503724575043,4.977196552760295e-8,0.907778263092041,3.469836067929755e-8,1,-7.086114808338053e-8,-0.907778263092041,6.122115219613226e-8,0.4194503724575043]}},{"t":0.15555555555555553,"j":false,"c":{"p":[261.3752974594116,1270.0888169863274,2037.237555052819],"r":[0.4194503724575043,3.0498979305869074e-8,0.907778263092041,2.1262328076214464e-8,1,-4.342191884018922e-8,-0.907778263092041,3.751481908582251e-8,0.4194503724575043]}},{"t":0.16666666666666663,"j":false,"c":{"p":[261.1922474295048,1270.089473373705,2037.1528810811185],"r":[0.4194503724575043,1.1225993084135196e-8,0.907778263092041,7.82629547313138e-9,1,-1.5982689596997915e-8,-0.907778263092041,1.380848597551275e-8,0.4194503724575043]}},{"t":0.17777777777777773,"j":false,"c":{"p":[261.00919739959795,1270.0901297610824,2037.068207109418],"r":[0.4194503724575043,-8.046993137598703e-9,0.907778263092041,-5.6097371299517095e-9,1,1.1456539646193402e-8,-0.907778263092041,-9.897847134797013e-9,0.4194503724575043]}},{"t":0.18888888888888883,"j":false,"c":{"p":[260.82726661467973,1270.0782590281183,2036.9840563246],"r":[0.4194503724575043,-2.3316184007395862e-8,0.907778263092041,-1.625455484718701e-8,1,3.3195509512111574e-8,-0.907778263092041,-2.8679400124467548e-8,0.4194503724575043]}},{"t":0.19999999999999993,"j":false,"c":{"p":[260.64645507475007,1270.0538611748127,2036.9004287266644],"r":[0.4194503724575043,-3.458157952525623e-8,0.907778263092041,-2.4108157678574473e-8,1,4.923422000075651e-8,-0.907778263092041,-4.253617299349878e-8,0.4194503724575043]}},{"t":0.21111111111111103,"j":false,"c":{"p":[260.4692343905798,1269.9892727620781,2036.8184796608186],"r":[0.4194503724575043,-3.300166258150469e-8,0.907778263092041,-2.300675052453053e-8,1,4.6984879683336185e-8,-0.907778263092041,-4.0592852727463756e-8,0.4194503724575043]}},{"t":0.22222222222222213,"j":false,"c":{"p":[260.29201370640953,1269.9246843493438,2036.7365305949731],"r":[0.4194503724575043,-3.142174563775309e-8,0.907778263092041,-2.1905343370486543e-8,1,4.4735539365915765e-8,-0.907778263092041,-3.864953246142866e-8,0.4194503724575043]}},{"t":0.23333333333333323,"j":false,"c":{"p":[260.1147930222393,1269.8600959366092,2036.6545815291274],"r":[0.4194503724575043,-2.98418286940015e-8,0.907778263092041,-2.0803936216442552e-8,1,4.248619904849535e-8,-0.907778263092041,-3.670621219539355e-8,0.4194503724575043]}},{"t":0.24444444444444433,"j":false,"c":{"p":[259.9375723380691,1269.7955075238747,2036.5726324632817],"r":[0.4194503724575043,-2.8261911750249894e-8,0.907778263092041,-1.9702529062398568e-8,1,4.023685873107493e-8,-0.907778263092041,-3.4762891929358455e-8,0.4194503724575043]}},{"t":0.2555555555555554,"j":false,"c":{"p":[259.75636832896316,1269.7260680498175,2036.4888789920574],"r":[0.4194503724575043,-2.3662399881923805e-8,0.907778263092041,-1.649605576445171e-8,1,3.368848843267983e-8,-0.907778263092041,-2.910540876846704e-8,0.4194503724575043]}},{"t":0.26666666666666655,"j":false,"c":{"p":[259.5711809949215,1269.6517775144378,2036.4033211154544],"r":[0.4194503724575043,-1.6043293089023094e-8,0.907778263092041,-1.1184516322601897e-8,1,2.2841088153309864e-8,-0.907778263092041,-1.9733762712719158e-8,0.4194503724575043]}},{"t":0.2777777777777777,"j":false,"c":{"p":[259.3793383080845,1269.5693818093678,2036.3147484322326],"r":[0.4194503724575043,-3.3790368677891024e-9,0.907778263092041,-2.355825236972611e-9,1,4.810854019508766e-9,-0.907778263092041,-4.156480711162558e-9,0.4194503724575043]}},{"t":0.2888888888888888,"j":false,"c":{"p":[259.1874956212475,1269.486986104298,2036.2261757490107],"r":[0.4194503724575043,9.285219353444942e-9,0.907778263092041,6.472865848656709e-9,1,-1.3219380114292405e-8,-0.907778263092041,1.142080129039411e-8,0.4194503724575043]}},{"t":0.29999999999999993,"j":false,"c":{"p":[258.9956529344105,1269.404590399228,2036.1376030657889],"r":[0.4194503724575043,2.1949475574678992e-8,0.907778263092041,1.5301556934286027e-8,1,-3.1249614248093576e-8,-0.907778263092041,2.699808329195078e-8,0.4194503724575043]}},{"t":0.31111111111111106,"j":false,"c":{"p":[258.8038102475735,1269.322194694158,2036.049030382567],"r":[0.4194503724575043,3.461373179591303e-8,0.907778263092041,2.413024801991535e-8,1,-4.927984838189475e-8,-0.907778263092041,4.257536529350745e-8,0.4194503724575043]}},{"t":0.3222222222222222,"j":false,"c":{"p":[258.6179228631821,1269.2805666419197,2035.9632369217277],"r":[0.4194503724575043,4.085990379117269e-8,0.907778263092041,2.8484679329532977e-8,1,-5.817259273863726e-8,-0.907778263092041,5.0258288181810915e-8,0.4194503724575043]}},{"t":0.3333333333333333,"j":false,"c":{"p":[258.43799078123646,1269.279706242513,2035.8802226832709],"r":[0.4194503724575043,4.0687991560457905e-8,0.907778263092041,2.836485086313887e-8,1,-5.792784731832102e-8,-0.907778263092041,5.0046851956861106e-8,0.4194503724575043]}},{"t":0.34444444444444444,"j":false,"c":{"p":[258.2614798536596,1269.3022657172207,2035.7988050301904],"r":[0.4194503724575043,3.682906979671695e-8,0.907778263092041,2.5674685538180686e-8,1,-5.2433870082130673e-8,-0.907778263092041,4.530032764598365e-8,0.4194503724575043]}},{"t":0.35555555555555557,"j":false,"c":{"p":[258.08496892608275,1269.3248251919283,2035.7173873771098],"r":[0.4194503724575043,3.297014803297599e-8,0.907778263092041,2.29845202132225e-8,1,-4.693989284594032e-8,-0.907778263092041,4.055380333510619e-8,0.4194503724575043]}},{"t":0.3666666666666667,"j":false,"c":{"p":[257.9084579985059,1269.3473846666361,2035.6359697240293],"r":[0.4194503724575043,2.9111226269235028e-8,0.907778263092041,2.0294354888264317e-8,1,-4.144591560974998e-8,-0.907778263092041,3.580727902422873e-8,0.4194503724575043]}},{"t":0.3777777777777778,"j":false,"c":{"p":[257.73194707092904,1269.369944141344,2035.5545520709488],"r":[0.4194503724575043,2.525230450549407e-8,0.907778263092041,1.760418956330613e-8,1,-3.5951938373559625e-8,-0.907778263092041,3.106075471335128e-8,0.4194503724575043]}},{"t":0.38888888888888895,"j":false,"c":{"p":[257.55113254275153,1269.3918208923521,2035.471136881877],"r":[0.4194503724575043,1.6450205620772455e-8,0.907778263092041,1.1468001199822928e-8,1,-2.3420326169303283e-8,-0.907778263092041,2.0234066741947263e-8,0.4194503724575043]}},{"t":0.4000000000000001,"j":false,"c":{"p":[257.3660144139734,1269.4130149196608,2035.3857241568144],"r":[0.4194503724575043,2.70492961507032e-9,0.907778263092041,1.88578979781481e-9,1,-3.851078996981159e-9,-0.907778263092041,3.327215110016846e-9,0.4194503724575043]}},{"t":0.4111111111111112,"j":false,"c":{"p":[257.18033346975716,1269.434119661863,2035.3000501983802],"r":[0.4194503724575043,-1.1686804241933105e-8,0.907778263092041,-8.147084931542924e-9,1,1.6638534625571714e-8,-0.907778263092041,-1.437478697664064e-8,0.4194503724575043]}},{"t":0.42222222222222233,"j":false,"c":{"p":[256.99465252554086,1269.4552244040651,2035.214376239946],"r":[0.4194503724575043,-2.607853809893653e-8,0.907778263092041,-1.8179959660900658e-8,1,3.7128148248124585e-8,-0.907778263092041,-3.207678906329812e-8,0.4194503724575043]}},{"t":0.43333333333333346,"j":false,"c":{"p":[256.80897158132456,1269.4763291462673,2035.1287022815118],"r":[0.4194503724575043,-4.047027195593994e-8,0.907778263092041,-2.821283439025838e-8,1,5.761776187067742e-8,-0.907778263092041,-4.977879114995558e-8,0.4194503724575043]}},{"t":0.4444444444444446,"j":false,"c":{"p":[256.6236955784708,1269.4973546366034,2035.0432095401354],"r":[0.4194503724575043,-5.358892530771722e-8,0.907778263092041,-3.735821233256338e-8,1,7.629488302258569e-8,-0.907778263092041,-6.591489225666489e-8,0.4194503724575043]}},{"t":0.4555555555555557,"j":false,"c":{"p":[256.4424436118847,1269.517592574931,2034.9595176126059],"r":[0.4194503724575043,-5.405655656292646e-8,0.907778263092041,-3.768424113116062e-8,1,7.696066694809072e-8,-0.907778263092041,-6.649011734882645e-8,0.4194503724575043]}},{"t":0.46666666666666684,"j":false,"c":{"p":[256.26521568156636,1269.5370429612503,2034.877626498923],"r":[0.4194503724575043,-4.187316572156854e-8,0.907778263092041,-2.9190920786050715e-8,1,5.961511364719374e-8,-0.907778263092041,-5.1504466426441343e-8,0.4194503724575043]}},{"t":0.47777777777777797,"j":false,"c":{"p":[256.08798775124797,1269.5564933475696,2034.7957353852405],"r":[0.4194503724575043,-2.9689774880210616e-8,0.907778263092041,-2.0697600440940808e-8,1,4.2269560346296754e-8,-0.907778263092041,-3.651881550405623e-8,0.4194503724575043]}},{"t":0.4888888888888891,"j":false,"c":{"p":[255.9107598209296,1269.5759437338888,2034.713844271558],"r":[0.4194503724575043,-1.75063840388527e-8,0.907778263092041,-1.2204280095830902e-8,1,2.4924007045399772e-8,-0.907778263092041,-2.153316458167112e-8,0.4194503724575043]}},{"t":0.5000000000000002,"j":false,"c":{"p":[255.73353189061123,1269.595394120208,2034.6319531578752],"r":[0.4194503724575043,-5.322993197494786e-9,0.907778263092041,-3.7109597507209955e-9,1,7.578453744502794e-9,-0.907778263092041,-6.5475136592860195e-9,0.4194503724575043]}},{"t":0.5111111111111113,"j":false,"c":{"p":[255.55630396029287,1269.6148445065273,2034.5500620441924],"r":[0.4194503724575043,6.860397643863069e-9,0.907778263092041,4.782360594388862e-9,1,-9.767099556394091e-9,-0.907778263092041,8.438137263099015e-9,0.4194503724575043]}},{"t":0.5222222222222224,"j":false,"c":{"p":[255.3817287693988,1269.6328064283632,2034.4693717204636],"r":[0.41945033820928973,1.707729221297901e-8,0.9077782767913268,1.1904787452535478e-8,1,-2.4312937752974803e-8,-0.9077782767913268,2.1004976654743975e-8,0.41945033820928973]}},{"t":0.5333333333333334,"j":false,"c":{"p":[255.20980631792895,1269.6492798857157,2034.3898821866887],"r":[0.4194502697128607,2.53276905098532e-8,0.9077783041898985,1.7656320823718963e-8,1,-3.605906084523956e-8,-0.9077783041898985,3.115300451564905e-8,0.4194502697128607]}},{"t":0.5444444444444445,"j":false,"c":{"p":[255.03805633754283,1269.6656565687374,2034.3104707237349],"r":[0.4194501989897423,3.345023465713967e-8,0.9077783324791459,2.331872388561831e-8,1,-4.7623157051004224e-8,-0.9077783324791459,4.114377039968643e-8,0.4194501989897423]}},{"t":0.5555555555555556,"j":false,"c":{"p":[254.8663063571567,1269.6820332517589,2034.231059260781],"r":[0.4194501282666238,4.157277880442614e-8,0.9077783607683932,2.8981126947517657e-8,1,-5.918725325676888e-8,-0.9077783607683932,5.113453628372381e-8,0.4194501282666238]}},{"t":0.5666666666666667,"j":false,"c":{"p":[254.69455637677058,1269.6984099347806,2034.151647797827],"r":[0.4194500575435054,4.9695322951712613e-8,0.9077783890576405,3.464353000941701e-8,1,-7.075134946253354e-8,-0.9077783890576405,6.112530216776117e-8,0.4194500575435054]}},{"t":0.5777777777777777,"j":false,"c":{"p":[254.52280639638445,1269.7147866178022,2034.0722363348732],"r":[0.419449986820387,5.781786709899909e-8,0.9077784173468879,4.0305933071316355e-8,1,-8.231544566829821e-8,-0.9077784173468879,7.111606805179856e-8,0.419449986820387]}},{"t":0.5888888888888888,"j":false,"c":{"p":[254.34696089606086,1269.731259000503,2033.9909334785682],"r":[0.419449942780108,5.5943689641626384e-8,0.9077784349629995,3.899943382439498e-8,1,-7.964718525262038e-8,-0.9077784349629995,6.881085376827471e-8,0.419449942780108]}},{"t":0.5999999999999999,"j":false,"c":{"p":[254.1670198757998,1269.747827082883,2033.9077392289123],"r":[0.41944992542266846,4.4072790579593696e-8,0.9077784419059753,3.0724032268652316e-8,1,-6.274656821549887e-8,-0.9077784419059753,5.420965931718868e-8,0.41944992542266846]}},{"t":0.6111111111111109,"j":false,"c":{"p":[253.98441468106543,1269.7644574188103,2033.823314609984],"r":[0.41944992542266846,2.5698929519449395e-8,0.9077784419059753,1.7915293817572707e-8,1,-3.658766852202362e-8,-0.9077784419059753,3.160981341601949e-8,0.41944992542266846]}},{"t":0.622222222222222,"j":false,"c":{"p":[253.80180948633108,1269.7810877547372,2033.7388899910559],"r":[0.41944992542266846,7.325068459304904e-9,0.9077784419059753,5.1065553664929586e-9,1,-1.0428768828548097e-8,-0.9077784419059753,9.009967514850055e-9,0.41944992542266846]}},{"t":0.6333333333333331,"j":false,"c":{"p":[253.6192042915967,1269.7977180906641,2033.6544653721276],"r":[0.41944992542266846,-1.1048792600839584e-8,0.9077784419059753,-7.702183084586792e-9,1,1.573013086492743e-8,-0.9077784419059753,-1.3589878386319371e-8,0.41944992542266846]}},{"t":0.6444444444444442,"j":false,"c":{"p":[253.43659909686232,1269.8143484265913,2033.5700407531992],"r":[0.41944992542266846,-2.9422653660984086e-8,0.9077784419059753,-2.051092153566655e-8,1,4.1889030558402965e-8,-0.9077784419059753,-3.618972428748881e-8,0.41944992542266846]}},{"t":0.6555555555555552,"j":false,"c":{"p":[253.25143189693893,1269.8311646334569,2033.484446714693],"r":[0.4194499543852448,-3.8315394590972706e-8,0.9077784303209449,-2.6710217104788486e-8,1,5.454964753657885e-8,-0.9077784303209449,-4.7127806702743804e-8,0.4194499543852448]}},{"t":0.6666666666666663,"j":false,"c":{"p":[253.06370269182645,1269.8481667112608,2033.3976832566086],"r":[0.4194500123103975,-3.772701539080316e-8,0.9077784071508838,-2.630006979195102e-8,1,5.371198179945184e-8,-0.9077784071508838,-4.6404125632081555e-8,0.4194500123103975]}},{"t":0.6777777777777774,"j":false,"c":{"p":[252.87461840788566,1269.8652670986914,2033.3103012768606],"r":[0.41945008555424446,-3.2123944880773643e-8,0.9077783778533449,-2.2394099693602157e-8,1,4.5734893704923114e-8,-0.9077783778533449,-3.9512381800094903e-8,0.41945008555424446]}},{"t":0.6888888888888884,"j":false,"c":{"p":[252.68553412394485,1269.8823674861221,2033.2229192971126],"r":[0.4194501587980914,-2.6520874370743773e-8,0.9077783485558061,-1.8488129595253053e-8,1,3.775780561039389e-8,-0.9077783485558061,-3.262063796810782e-8,0.4194501587980914]}},{"t":0.6999999999999995,"j":false,"c":{"p":[252.49644984000403,1269.8994678735528,2033.1355373173647],"r":[0.4194502320419383,-2.09178038607139e-8,0.9077783192582674,-1.4582159496903946e-8,1,2.978071751586468e-8,-0.9077783192582674,-2.572889413612074e-8,0.4194502320419383]}},{"t":0.7111111111111106,"j":false,"c":{"p":[252.30736555606322,1269.9165682609832,2033.0481553376167],"r":[0.41945030528578525,-1.5314733350684034e-8,0.9077782899607286,-1.0676189398554843e-8,1,2.1803629421335462e-8,-0.9077782899607286,-1.883715030413366e-8,0.41945030528578525]}},{"t":0.7222222222222217,"j":false,"c":{"p":[252.12138265556007,1269.9302522242942,2032.9621889963717],"r":[0.4194503520909739,-7.223924009960676e-9,0.9077782712386532,-5.0359792719810215e-9,1,1.028474233466993e-8,-0.9077782712386532,-8.885490889075441e-9,0.4194503520909739]}},{"t":0.7333333333333327,"j":false,"c":{"p":[251.9385011384946,1269.9405197634853,2032.8776382936294],"r":[0.4194503724575043,3.354624161457164e-9,0.907778263092041,2.3384708828182067e-9,1,-4.775943744133331e-9,-0.907778263092041,4.126084109055145e-9,0.4194503724575043]}},{"t":0.7444444444444438,"j":false,"c":{"p":[251.75800871467476,1269.9481555236807,2032.7941781017685],"r":[0.4194503724575043,1.5849555829773036e-8,0.907778263092041,1.1048860698463335e-8,1,-2.2564989027736253e-8,-0.907778263092041,1.949480835973167e-8,0.4194503724575043]}},{"t":0.7555555555555549,"j":false,"c":{"p":[251.57751629085496,1269.955791283876,2032.7107179099075],"r":[0.4194503724575043,2.8344487498089124e-8,0.907778263092041,1.975925051410861e-8,1,-4.0354034311339476e-8,-0.907778263092041,3.4863532610408454e-8,0.4194503724575043]}},{"t":0.7666666666666659,"j":false,"c":{"p":[251.3970238670352,1269.9634270440713,2032.6272577180464],"r":[0.4194503724575043,4.0839419166405205e-8,0.907778263092041,2.8469640329753884e-8,1,-5.81430795949427e-8,-0.907778263092041,5.0232256861085235e-8,0.4194503724575043]}},{"t":0.777777777777777,"j":false,"c":{"p":[251.2165314432154,1269.9710628042667,2032.5437975261855],"r":[0.4194503724575043,5.333435083472129e-8,0.907778263092041,3.718003014539916e-8,1,-7.593212487854592e-8,-0.907778263092041,6.560098111176202e-8,0.4194503724575043]}},{"t":0.7888888888888881,"j":false,"c":{"p":[251.03614382793936,1269.9759874291524,2032.4603740149666],"r":[0.4194503568727452,5.966975619385133e-8,0.9077782693259446,4.159653763816871e-8,1,-8.495185176025319e-8,-0.9077782693259446,7.339351886557639e-8,0.4194503568727452]}},{"t":0.7999999999999992,"j":false,"c":{"p":[250.85586102120712,1269.9782009187284,2032.37698718439],"r":[0.41945032570322693,5.984563524379189e-8,0.907778281793752,4.171916280806013e-8,1,-8.52022602400596e-8,-0.907778281793752,7.360987012252414e-8,0.41945032570322693]}},{"t":0.8111111111111102,"j":false,"c":{"p":[250.67583631748488,1269.9737379279459,2032.293690684084],"r":[0.41945025615445936,4.4852977233547624e-8,0.907778309613259,3.126761232267786e-8,1,-6.385722054825213e-8,-0.907778309613259,5.5168996800181875e-8,0.41945025615445936]}},{"t":0.8222222222222213,"j":false,"c":{"p":[250.4958116137626,1269.9692749371634,2032.210394183778],"r":[0.4194501866056917,2.9860319223301076e-8,0.907778337432766,2.0816061837294003e-8,1,-4.251218085644141e-8,-0.907778337432766,3.672812347783682e-8,0.4194501866056917]}},{"t":0.8333333333333324,"j":false,"c":{"p":[250.31578691004037,1269.964811946381,2032.127097683472],"r":[0.41945011705692414,1.4867661213054534e-8,0.9077783652522731,1.0364511351910145e-8,1,-2.116714116463069e-8,-0.9077783652522731,1.828725015549177e-8,0.41945011705692414]}},{"t":0.8444444444444434,"j":false,"c":{"p":[250.13576220631813,1269.9603489555984,2032.043801183166],"r":[0.41945004750815656,-1.2499679719200482e-10,0.9077783930717801,-8.703913347371664e-11,1,1.7789852718002243e-10,-0.9077783930717801,-1.5362316685327631e-10,0.41945004750815656]}},{"t":0.8555555555555545,"j":false,"c":{"p":[249.9556433724586,1269.9557260735262,2031.960459055639],"r":[0.4194499893388503,-1.3833116566281901e-8,0.9077784163395026,-9.64312636090008e-9,1,1.9694143299646852e-8,-0.9077784163395026,-1.7014525993417182e-8,0.4194499893388503]}},{"t":0.8666666666666656,"j":false,"c":{"p":[249.77543040846183,1269.9509433001645,2031.8770713008907],"r":[0.4194499425490055,-2.625669809421423e-8,0.9077784350554405,-1.8303750330368303e-8,1,3.738159315276848e-8,-0.9077784350554405,-3.229545832419881e-8,0.4194499425490055]}},{"t":0.8777777777777767,"j":false,"c":{"p":[249.59425123432214,1269.9445193033819,2031.793215200032],"r":[0.41945001256501396,-2.549498197281914e-8,0.9077784070490371,-1.7772783725176326e-8,1,3.6297157063892414e-8,-0.9077784070490371,-3.135859300866704e-8,0.41945001256501396]}},{"t":0.8888888888888877,"j":false,"c":{"p":[249.41307206018243,1269.938095306599,2031.709359099173],"r":[0.4194500825810224,-2.4733265851421553e-8,0.9077783790426337,-1.72418171199826e-8,1,3.5212720975012786e-8,-0.9077783790426337,-3.042172769313219e-8,0.4194500825810224]}},{"t":0.8999999999999988,"j":false,"c":{"p":[249.2318928860427,1269.9316713098165,2031.6255029983142],"r":[0.4194501525970309,-2.397154973002396e-8,0.9077783510362304,-1.6710850514788875e-8,1,3.412828488613315e-8,-0.9077783510362304,-2.948486237759734e-8,0.4194501525970309]}},{"t":0.9111111111111099,"j":false,"c":{"p":[249.050713711903,1269.9252473130339,2031.5416468974554],"r":[0.4194502226130393,-2.3209833608626373e-8,0.907778323029827,-1.617988390959515e-8,1,3.304384879725353e-8,-0.907778323029827,-2.8547997062062492e-8,0.4194502226130393]}},{"t":0.9222222222222209,"j":false,"c":{"p":[248.8695345377633,1269.9188233162513,2031.4577907965963],"r":[0.41945029262904776,-2.2448117487228784e-8,0.9077782950234236,-1.5648917304401423e-8,1,3.195941270837389e-8,-0.9077782950234236,-2.7611131746527644e-8,0.41945029262904776]}},{"t":0.933333333333332,"j":false,"c":{"p":[248.68835536362357,1269.9123993194687,2031.3739346957375],"r":[0.41945036264505625,-2.1686401365831196e-8,0.9077782670170202,-1.51179506992077e-8,1,3.0874976619494264e-8,-0.9077782670170202,-2.6674266430992793e-8,0.41945036264505625]}},{"t":0.9444444444444431,"j":false,"c":{"p":[248.51303728844033,1269.9099112596127,2031.292824180839],"r":[0.4194503080047505,-1.0253766509474688e-8,0.9077782888731425,-7.1481814146380665e-9,1,1.4598366640494028e-8,-0.9077782888731425,-1.2612257584094758e-8,0.4194503080047505]}},{"t":0.9555555555555542,"j":false,"c":{"p":[248.33802123396788,1269.9076260174327,2031.21185514518],"r":[0.41945024694094146,1.7287376606722032e-9,0.9077783132986661,1.2049071910065252e-9,1,-2.4610916048487565e-9,-0.9077783132986661,2.126086060794671e-9,0.41945024694094146]}},{"t":0.9666666666666652,"j":false,"c":{"p":[248.16330720020625,1269.9055435929286,2031.1310275887606],"r":[0.41945017945362906,1.4261111144607553e-8,0.9077783402935911,9.941315117724734e-9,1,-2.030339811653135e-8,-0.9077783402935911,1.7540764503673123e-8,0.41945017945362906]}},{"t":0.9777777777777763,"j":false,"c":{"p":[247.98859316644456,1269.9034611684244,2031.0502000323413],"r":[0.4194501119663167,2.6793484628542902e-8,0.907778367288516,1.8677723044442943e-8,1,-3.814570462821394e-8,-0.907778367288516,3.295544294655157e-8,0.4194501119663167]}},{"t":0.9888888888888874,"j":false,"c":{"p":[247.8138791326829,1269.90137874392,2030.9693724759218],"r":[0.4194500444790043,3.932585811247826e-8,0.907778394283441,2.741413097116115e-8,1,-5.5988011139896536e-8,-0.907778394283441,4.837012138943002e-8,0.4194500444790043]}},{"t":0.9999999999999984,"j":false,"c":{"p":[247.63916509892127,1269.899296319416,2030.8885449195025],"r":[0.4194499769916919,5.185823159641361e-8,0.9077784212783659,3.615053889787936e-8,1,-7.383031765157913e-8,-0.9077784212783659,6.378479983230847e-8,0.4194499769916919]}},{"t":1.0111111111111095,"j":false,"c":{"p":[247.4585634061299,1269.8992210633935,2030.8049902161717],"r":[0.4194499426123429,5.231520828497489e-8,0.9077784350301056,3.646913065965833e-8,1,-7.44809291452771e-8,-0.9077784350301056,6.434691030882658e-8,0.4194499426123429]}},{"t":1.0222222222222206,"j":false,"c":{"p":[247.27490483723602,1269.9001879304515,2030.7200195765276],"r":[0.41944992542266846,4.650263170853937e-8,0.9077784419059753,3.2417187215401235e-8,1,-6.620560226549445e-8,-0.9077784419059753,5.719755858124105e-8,0.41944992542266846]}},{"t":1.0333333333333317,"j":false,"c":{"p":[247.08818939223957,1269.9021969205899,2030.6336330005704],"r":[0.41944992542266846,3.442050186710369e-8,0.9077784419059753,2.399470856510571e-8,1,-4.900433701222635e-8,-0.9077784419059753,4.2336744649547733e-8,0.41944992542266846]}},{"t":1.0444444444444427,"j":false,"c":{"p":[246.9014739472431,1269.9042059107285,2030.547246424613],"r":[0.41944992542266846,2.233837202566801e-8,0.9077784419059753,1.557222991481019e-8,1,-3.180307175895824e-8,-0.9077784419059753,2.747593071785443e-8,0.41944992542266846]}},{"t":1.0555555555555538,"j":false,"c":{"p":[246.7147585022466,1269.906214900867,2030.4608598486554],"r":[0.41944992542266846,1.025624218423233e-8,0.9077784419059753,7.149751264514668e-9,1,-1.4601806505690134e-8,-0.9077784419059753,1.2615116786161118e-8,0.41944992542266846]}},{"t":1.0666666666666649,"j":false,"c":{"p":[246.52804305725016,1269.9082238910055,2030.374473272698],"r":[0.41944992542266846,-1.8258876572033509e-9,0.9077784419059753,-1.2727273857808563e-9,1,2.599458747577971e-9,-0.9077784419059753,-2.2456971455321933e-9,0.41944992542266846]}},{"t":1.077777777777776,"j":false,"c":{"p":[246.34059375108419,1269.9105322628805,2030.2877463390619],"r":[0.41944995507216815,-1.1433650384881085e-8,0.9077784300461754,-7.970326640712416e-9,1,1.627798538308791e-8,-0.9077784300461754,-1.4063091689929084e-8,0.41944995507216815]}},{"t":1.088888888888887,"j":false,"c":{"p":[246.15248860880308,1269.9131081858443,2030.2007152350088],"r":[0.4194500112187949,-1.8830123862245348e-8,0.9077784075875247,-1.3126437874788941e-8,1,2.6808315458030898e-8,-0.9077784075875247,-2.3160647073069438e-8,0.4194500112187949]}},{"t":1.099999999999998,"j":false,"c":{"p":[245.96372763040682,1269.9159516598968,2030.1133799605389],"r":[0.4194500938625487,-2.4015308089294487e-8,0.9077783745300232,-1.674106108800927e-8,1,3.4190448972404584e-8,-0.9077783745300232,-2.9538363294951225e-8,0.4194500938625487]}},{"t":1.1111111111111092,"j":false,"c":{"p":[245.77496665201053,1269.9187951339493,2030.026044686069],"r":[0.41945017650630256,-2.9200492316343623e-8,0.9077783414725217,-2.0355684301229605e-8,1,4.1572582486778264e-8,-0.9077783414725217,-3.591607951683301e-8,0.41945017650630256]}},{"t":1.1222222222222202,"j":false,"c":{"p":[245.58620567361427,1269.9216386080018,2029.9387094115993],"r":[0.4194502591500564,-3.438567654339276e-8,0.9077783084150202,-2.3970307514449938e-8,1,4.8954716001151944e-8,-0.9077783084150202,-4.2293795738714796e-8,0.4194502591500564]}},{"t":1.1333333333333313,"j":false,"c":{"p":[245.397444695218,1269.9244820820543,2029.8513741371294],"r":[0.4194503417938103,-3.95708607704419e-8,0.9077782753575186,-2.7584930727670268e-8,1,5.6336849515525624e-8,-0.9077782753575186,-4.867151196059659e-8,0.4194503417938103]}},{"t":1.1444444444444424,"j":false,"c":{"p":[245.21887451752238,1269.9279054142771,2029.7687659158853],"r":[0.4194503003675355,-3.139674349741141e-8,0.9077782919280286,-2.1886772057589263e-8,1,4.4699415846697925e-8,-0.9077782919280286,-3.861752358469311e-8,0.4194503003675355]}},{"t":1.1555555555555534,"j":false,"c":{"p":[245.04197894383236,1269.9314240317324,2029.686934467978],"r":[0.41945023855344493,-2.1027358113295397e-8,0.9077783166536648,-1.4658289882661495e-8,1,2.9936590530434015e-8,-0.9077783166536648,-2.586339425350987e-8,0.41945023855344493]}},{"t":1.1666666666666645,"j":false,"c":{"p":[244.86675797414802,1269.93503793442,2029.6058797934077],"r":[0.41945015635153865,-8.462704618095045e-9,0.9077783495344273,-5.899484202887793e-9,1,1.20483735667356e-8,-0.9077783495344273,-1.0409123967048321e-8,0.41945015635153865]}},{"t":1.1777777777777756,"j":false,"c":{"p":[244.6915370044636,1269.938651837108,2029.5248251188373],"r":[0.4194500741496323,4.101948877105313e-9,0.9077783824151898,2.8593214768859094e-9,1,-5.839843396962822e-9,-0.9077783824151898,5.045146319413229e-9,0.4194500741496323]}},{"t":1.1888888888888867,"j":false,"c":{"p":[244.51636385210034,1269.9426400434938,2029.4438001763926],"r":[0.4194500023904774,1.614007002012534e-8,0.9077784111188518,1.1251082802110898e-8,1,-2.2978440243448026e-8,-0.9077784111188518,1.9851793567223185e-8,0.4194500023904774]}},{"t":1.1999999999999977,"j":false,"c":{"p":[244.34123851705814,1269.947002553578,2029.3628049660738],"r":[0.41944994107407385,2.7651658810964493e-8,0.9077784356454132,1.9275799772786793e-8,1,-3.936741697271923e-8,-0.9077784356454132,3.401081777638087e-8,0.41944994107407385]}},{"t":1.2111111111111088,"j":false,"c":{"p":[244.16676974094668,1269.9565044656645,2029.2822179946988],"r":[0.4194500231425676,3.193365986544329e-8,0.9077784028180157,2.2260789643394794e-8,1,-4.54636844622026e-8,-0.9077784028180157,3.927761046617984e-8,0.4194500231425676]}},{"t":1.2222222222222199,"j":false,"c":{"p":[243.9923009648352,1269.9660063777508,2029.201631023324],"r":[0.41945010521106124,3.62156609199202e-8,0.9077783699906182,2.5245779514001485e-8,1,-5.155995195168329e-8,-0.9077783699906182,4.45444031559765e-8,0.41945010521106124]}},{"t":1.233333333333331,"j":false,"c":{"p":[243.81783218872377,1269.9755082898373,2029.121044051949],"r":[0.41945018727955496,4.049766197439712e-8,0.9077783371632208,2.8230769384608176e-8,1,-5.7656219441163985e-8,-0.9077783371632208,4.981119584577316e-8,0.41945018727955496]}},{"t":1.244444444444442,"j":false,"c":{"p":[243.6433634126123,1269.9850102019238,2029.040457080574],"r":[0.4194502693480487,4.477966302887403e-8,0.9077783043358233,3.121575925521487e-8,1,-6.375248693064467e-8,-0.9077783043358233,5.507798853556982e-8,0.4194502693480487]}},{"t":1.255555555555553,"j":false,"c":{"p":[243.4644063807016,1269.996655773538,2028.9577849354744],"r":[0.4194503136026212,4.355104647110714e-8,0.9077782866339943,3.035932014016237e-8,1,-6.200332996944427e-8,-0.9077782866339943,5.3566849974672105e-8,0.4194503136026212]}},{"t":1.2666666666666642,"j":false,"c":{"p":[243.28096109299165,1270.01044500468,2028.87302761665],"r":[0.4194503200432726,3.681181230109072e-8,0.9077782840577336,2.566145203944668e-8,1,-5.240874855755464e-8,-0.9077782840577336,4.5277780163072966e-8,0.4194503200432726]}},{"t":1.2777777777777752,"j":false,"c":{"p":[243.08838519136913,1270.0285951564963,2028.784028356842],"r":[0.4194502495577571,1.8862138243595093e-8,0.9077783122519398,1.3148832171148675e-8,1,-2.6853949002292816e-8,-0.9077783122519398,2.3200130523588226e-8,0.4194502495577571]}},{"t":1.2888888888888863,"j":false,"c":{"p":[242.8958092897466,1270.0467453083127,2028.695029097034],"r":[0.4194501790722416,9.124641860965573e-10,0.9077783404461461,6.362123028486377e-10,1,-1.299149447026846e-9,-0.9077783404461461,1.122480884099909e-9,0.4194501790722416]}},{"t":1.2999999999999974,"j":false,"c":{"p":[242.7032333881241,1270.064895460129,2028.6060298372258],"r":[0.4194501085867261,-1.7037209871401975e-8,0.9077783686403523,-1.1876407565451403e-8,1,2.425565010823912e-8,-0.9077783686403523,-2.09551687553884e-8,0.4194501085867261]}},{"t":1.3111111111111085,"j":false,"c":{"p":[242.51065748650154,1270.0830456119454,2028.5170305774177],"r":[0.41945003810121056,-3.4986883928900515e-8,0.9077783968345585,-2.4389027433751437e-8,1,4.9810449663505096e-8,-0.9077783968345585,-4.303281839487672e-8,0.41945003810121056]}},{"t":1.3222222222222195,"j":false,"c":{"p":[242.32048651248076,1270.0999616661454,2028.4291350205476],"r":[0.419449986638349,-4.9119548489874286e-8,0.9077784174197031,-3.424083800452429e-8,1,6.993100868870464e-8,-0.9077784174197031,-6.041565027619701e-8,0.419449986638349]}},{"t":1.3333333333333306,"j":false,"c":{"p":[242.13272046606173,1270.115643622729,2028.3423431666158],"r":[0.4194499541981414,-5.943520355431931e-8,0.9077784303957862,-4.14318392777672e-8,1,8.461732718383212e-8,-0.9077784303957862,-7.310366439934438e-8,0.4194499541981414]}},{"t":1.3444444444444417,"j":false,"c":{"p":[241.95811886451523,1270.1245701950647,2028.2615929234476],"r":[0.41945002588692265,-4.885675309192882e-8,0.9077784017202737,-3.405771298191833e-8,1,6.955690410108532e-8,-0.9077784017202737,-6.009249759099689e-8,0.41945002588692265]}},{"t":1.3555555555555527,"j":false,"c":{"p":[241.78351726296876,1270.1334967674006,2028.180842680279],"r":[0.4194500975757039,-3.8278302629532896e-8,0.9077783730447612,-2.6683586686065684e-8,1,5.4496481018330804e-8,-0.9077783730447612,-4.7081330782642716e-8,0.4194500975757039]}},{"t":1.3666666666666638,"j":false,"c":{"p":[241.60891566142226,1270.1424233397363,2028.1000924371108],"r":[0.4194501692644851,-2.7699852167136984e-8,0.9077783443692486,-1.9309460390213036e-8,1,3.9436057935576284e-8,-0.9077783443692486,-3.407016397428855e-8,0.4194501692644851]}},{"t":1.3777777777777749,"j":false,"c":{"p":[241.43431405987576,1270.151349912072,2028.0193421939425],"r":[0.41945024095326633,-1.7121401704741067e-8,0.9077783156937361,-1.1935334094360391e-8,1,2.4375634852821767e-8,-0.9077783156937361,-2.1058997165934386e-8,0.41945024095326633]}},{"t":1.388888888888886,"j":false,"c":{"p":[241.2589591245615,1270.1599998303946,2027.9382422522817],"r":[0.41945030868427274,-6.393759359400731e-9,0.9077782886013336,-4.457209531636861e-9,1,9.10280932293067e-9,-0.9077782886013336,-7.864330395631143e-9,0.41945030868427274]}},{"t":1.399999999999997,"j":false,"c":{"p":[241.08285085547948,1270.1683730947043,2027.8567926121284],"r":[0.4194503724575043,4.483074868884179e-9,0.907778263092041,3.1249132979576633e-9,1,-6.38241865409723e-9,-0.907778263092041,5.513836336621368e-9,0.4194503724575043]}},{"t":1.411111111111108,"j":false,"c":{"p":[240.89460381376028,1270.1722885206598,2027.7697081382903],"r":[0.4194503724575043,1.7763898436081155e-8,0.907778263092041,1.2382802395051295e-8,1,-2.529017343618859e-8,-0.907778263092041,2.184881240400831e-8,0.4194503724575043]}},{"t":1.4222222222222192,"j":false,"c":{"p":[240.70635677204112,1270.1762039466153,2027.682623664452],"r":[0.4194503724575043,3.1044722003278754e-8,0.907778263092041,2.164069149214537e-8,1,-4.419792821828084e-8,-0.907778263092041,3.818378847139602e-8,0.4194503724575043]}},{"t":1.4333333333333302,"j":false,"c":{"p":[240.51810973032192,1270.1801193725707,2027.5955391906136],"r":[0.4194503724575043,4.432554557047636e-8,0.907778263092041,3.089858058923944e-8,1,-6.310568300037309e-8,-0.907778263092041,5.451876453878374e-8,0.4194503724575043]}},{"t":1.4444444444444413,"j":false,"c":{"p":[240.32986268860273,1270.1840347985262,2027.5084547167755],"r":[0.4194503724575043,5.760636913767396e-8,0.907778263092041,4.015646968633351e-8,1,-8.201343778246534e-8,-0.907778263092041,7.085374060617146e-8,0.4194503724575043]}},{"t":1.4555555555555524,"j":false,"c":{"p":[240.14516529737324,1270.1860784873236,2027.4230090906383],"r":[0.4194503724575043,6.367963422948073e-8,0.907778263092041,4.439008177487016e-8,1,-9.065988338430837e-8,-0.907778263092041,7.832367689131171e-8,0.4194503724575043]}},{"t":1.4666666666666635,"j":false,"c":{"p":[239.96401755663345,1270.1862504389626,2027.3392023122021],"r":[0.4194503724575043,6.254534084588916e-8,0.907778263092041,4.3599416854844165e-8,1,-8.904501980589152e-8,-0.907778263092041,7.692857339419529e-8,0.4194503724575043]}},{"t":1.4777777777777745,"j":false,"c":{"p":[239.79014416523825,1270.1825866129639,2027.2587540477198],"r":[0.4194503724575043,4.6640495143379386e-8,0.907778263092041,3.251242944600048e-8,1,-6.640150906145245e-8,-0.907778263092041,5.736621751056571e-8,0.4194503724575043]}},{"t":1.4888888888888856,"j":false,"c":{"p":[239.61627077384307,1270.1789227869651,2027.1783057832372],"r":[0.4194503724575043,3.0735649440865775e-8,0.907778263092041,2.1425442037154114e-8,1,-4.375799831700792e-8,-0.907778263092041,3.7803861626931414e-8,0.4194503724575043]}},{"t":1.4999999999999967,"j":false,"c":{"p":[239.44239738244792,1270.1752589609664,2027.0978575187548],"r":[0.4194503724575043,1.483080373835216e-8,0.907778263092041,1.033845462830775e-8,1,-2.1114487572563395e-8,-0.907778263092041,1.8241505743297117e-8,0.4194503724575043]}},{"t":1.5111111111111077,"j":false,"c":{"p":[239.26852399105275,1270.1715951349677,2027.0174092542725],"r":[0.4194503724575043,-1.0740419641614474e-9,0.907778263092041,-7.485327805386113e-10,1,1.529023171881134e-9,-0.907778263092041,-1.3208501403371806e-9,0.4194503724575043]}},{"t":1.5222222222222188,"j":false,"c":{"p":[239.0942648073594,1270.1678603331125,2026.9367826720088],"r":[0.4194503724575043,-1.4758405885106018e-8,0.907778263092041,-1.0287662258401334e-8,1,2.1011264844288574e-8,-0.907778263092041,-1.8152098657012425e-8,0.4194503724575043]}},{"t":1.5333333333333299,"j":false,"c":{"p":[238.91961983136787,1270.1640545554005,2026.8559777719643],"r":[0.4194503724575043,-2.6222288024479243e-8,0.907778263092041,-1.8278933805278812e-8,1,3.733223744465563e-8,-0.907778263092041,-3.225223980672577e-8,0.4194503724575043]}},{"t":1.544444444444441,"j":false,"c":{"p":[238.7433207631772,1270.1599444672831,2026.7744083308646],"r":[0.4194503724575043,-2.81658100880414e-8,0.907778263092041,-1.9633733496597408e-8,1,4.00992056338487e-8,-0.907778263092041,-3.464270346438713e-8,0.4194503724575043]}},{"t":1.555555555555552,"j":false,"c":{"p":[238.56702169498655,1270.1558343791658,2026.692838889765],"r":[0.4194503724575043,-3.0109332151601085e-8,0.907778263092041,-2.0988533187914283e-8,1,4.2866173823038245e-8,-0.907778263092041,-3.703316712204545e-8,0.4194503724575043]}},{"t":1.566666666666663,"j":false,"c":{"p":[238.3907226267959,1270.1517242910484,2026.6112694486653],"r":[0.4194503724575043,-3.205285421516077e-8,0.907778263092041,-2.2343332879231158e-8,1,4.563314201222778e-8,-0.907778263092041,-3.9423630779703765e-8,0.4194503724575043]}},{"t":1.5777777777777742,"j":false,"c":{"p":[238.21442355860523,1270.147614202931,2026.5297000075657],"r":[0.4194503724575043,-3.3996376278720456e-8,0.907778263092041,-2.369813257054803e-8,1,4.840011020141733e-8,-0.907778263092041,-4.1814094437362084e-8,0.4194503724575043]}},{"t":1.5888888888888852,"j":false,"c":{"p":[238.03267132596386,1270.1434863613804,2026.4456075152607],"r":[0.4194503724575043,-3.1816374699105094e-8,0.907778263092041,-2.2178526009911514e-8,1,4.529648793412489e-8,-0.907778263092041,-3.913281305527821e-8,0.4194503724575043]}},{"t":1.5999999999999963,"j":false,"c":{"p":[237.84546592887182,1270.1393407663966,2026.3589919717508],"r":[0.4194503724575043,-2.55128494763104e-8,0.907778263092041,-1.7784513197318615e-8,1,3.632227521034436e-8,-0.907778263092041,-3.1379786633446865e-8,0.4194503724575043]}},{"t":1.6111111111111074,"j":false,"c":{"p":[237.64530538203104,1270.1351529943638,2026.2663823845105],"r"