{"v":1,"d":[{"t":0.06328010559082031,"j":false,"c":{"p":[73.15031433105469,1096.956787109375,2457.223388671875],"r":[0.03489704802632332,-1.0225423352494545e-7,-0.9993909001350403,4.768178740732765e-8,1,-1.0065158306815647e-7,0.9993909001350403,-4.4140300303752156e-8,0.03489704802632332]}},{"t":0.03333333333333333,"j":false,"c":{"p":[72.74573093927566,1096.9399310669098,2457.237900496514],"r":[0.03489704802632332,-1.6975519963740892e-7,-0.9993909001350403,7.915823336575684e-8,1,-1.670945827154881e-7,0.9993909001350403,-7.327890918356957e-8,0.03489704802632332]}},{"t":0.06666666666666667,"j":false,"c":{"p":[73.19606705374386,1096.9586932920117,2457.221747587486],"r":[0.03489704802632332,-9.462081839582944e-8,-0.9993909001350403,4.412224163150043e-8,1,-9.31378091484356e-8,0.9993909001350403,-4.084513120211284e-8,0.03489704802632332]}},{"t":0.1,"j":false,"c":{"p":[73.64640316821207,1096.9774555171139,2457.2055946784576],"r":[0.03489704802632332,-1.9486437154249944e-8,-0.9993909001350403,9.086249897244004e-9,1,-1.9181035581383072e-8,0.9993909001350403,-8.411353220656098e-9,0.03489704802632332]}},{"t":0.13333333333333333,"j":false,"c":{"p":[74.08988148896287,1096.9950692961513,2457.189666657263],"r":[0.03489704802632332,4.543130134282441e-8,-0.9993909001350403,-2.1185566659516462e-8,1,4.471922563795413e-8,0.9993909001350403,1.9612094062692023e-8,0.03489704802632332]}},{"t":0.16666666666666666,"j":false,"c":{"p":[74.49006263875808,1097.0054322788485,2457.175158481487],"r":[0.03489704802632332,4.5845535399682826e-8,-0.9993909001350403,-2.1378422602639292e-8,1,4.5126977126262067e-8,0.9993909001350403,1.9790603152299966e-8,0.03489704802632332]}},{"t":0.19999999999999998,"j":false,"c":{"p":[74.90082039123047,1096.934003900335,2457.160264765946],"r":[0.03489704802632332,3.424558151201594e-8,-0.9993909001350403,-1.5968870260881777e-8,1,3.370884582893333e-8,0.9993909001350403,1.47828047592595e-8,0.03489704802632332]}},{"t":0.2333333333333333,"j":false,"c":{"p":[75.34296903425717,1096.6198223669187,2457.1442267853768],"r":[0.03489704802632332,-1.3011952638006659e-8,-0.9993909001350403,6.068382929491073e-9,1,-1.2807984319215807e-8,0.9993909001350403,-5.617725642111364e-9,0.03489704802632332]}},{"t":0.26666666666666666,"j":false,"c":{"p":[75.78218281386648,1096.342183009151,2457.128308170219],"r":[0.03489704802632332,-4.994347631608221e-8,-0.9993909001350403,2.3290345750549806e-8,1,-4.916065352576176e-8,0.9993909001350403,-2.1560598071021596e-8,0.03489704802632332]}},{"t":0.3,"j":false,"c":{"p":[76.21466200947788,1096.1483963955757,2457.1126634609554],"r":[0.03489704802632332,-6.318006943107279e-8,-0.9993909001350403,2.946273901597397e-8,1,-6.218978568984569e-8,0.9993909001350403,-2.7274554267628157e-8,0.03489704802632332]}},{"t":0.3333333333333333,"j":false,"c":{"p":[76.6455967219374,1096.0240304362496,2457.097074747935],"r":[0.03489704802632332,-4.672803995507465e-8,-0.9993909001350403,2.179048299151092e-8,1,-4.599563307318738e-8,0.9993909001350403,-2.0172099718452147e-8,0.03489704802632332]}},{"t":0.36666666666666664,"j":false,"c":{"p":[77.07302922782614,1096.0570799017323,2457.081613009698],"r":[0.03489704802632332,3.704469094161623e-8,-0.9993909001350403,-1.7275331230616688e-8,1,3.646404005479839e-8,0.9993909001350403,1.5992321530508456e-8,0.03489704802632332]}},{"t":0.39999999999999997,"j":false,"c":{"p":[77.5057908599782,1096.0912016649668,2457.0659584982054],"r":[0.03489704802632332,7.09361262356361e-8,-0.9993909001350403,-3.3079861428247054e-8,1,6.98242631368346e-8,0.9993909001350403,3.062305242640016e-8,0.03489704802632332]}},{"t":0.4333333333333333,"j":false,"c":{"p":[77.94618202450212,1096.1268586011365,2457.0500279996722],"r":[0.03489704802632332,3.341417390354316e-8,-0.9993909001350403,-1.5581986933855448e-8,1,3.2890440805732005e-8,0.9993909001350403,1.4424716883166543e-8,0.03489704802632332]}},{"t":0.4666666666666666,"j":false,"c":{"p":[78.38727435322569,1096.1613108219597,2457.034071185281],"r":[0.03489704802632332,-7.822314906029907e-9,-0.9993909001350403,3.6481242611685957e-9,1,-7.699695859235461e-9,0.9993909001350403,-3.377205337942995e-9,0.03489704802632332]}},{"t":0.49999999999999994,"j":false,"c":{"p":[78.82922506574957,1096.19428819832,2457.018082154318],"r":[0.03489704802632332,-5.360623773963572e-8,-0.9993909001350403,2.499888554480826e-8,1,-5.2765989456616494e-8,0.9993909001350403,-2.314228087943815e-8,0.03489704802632332]}},{"t":0.5333333333333333,"j":false,"c":{"p":[79.26078903287406,1096.2264925814645,2457.002467907945],"r":[0.03489704802632332,-6.451092095423672e-8,-0.9993909001350403,3.008407784809027e-8,1,-6.349975234967687e-8,0.9993909001350403,-2.7849799100066606e-8,0.03489704802632332]}},{"t":0.5666666666666667,"j":false,"c":{"p":[79.68176191311225,1096.257908764071,2456.987235819409],"r":[0.03489704802632332,-3.985017504469192e-8,-0.9993909001350403,1.858370386455424e-8,1,-3.9225550598010415e-8,0.9993909001350403,-1.720352826084838e-8,0.03489704802632332]}},{"t":0.6,"j":false,"c":{"p":[80.10122683466798,1096.2889903989296,2456.9720610652303],"r":[0.03489704802632332,3.7224550090378693e-9,-0.9993909001350403,-1.7360420695462257e-9,1,3.664105183161805e-9,0.9993909001350403,1.6071183016270647e-9,0.03489704802632332]}},{"t":0.6333333333333333,"j":false,"c":{"p":[80.51956233531818,1096.3198214664317,2456.956929252959],"r":[0.03489704802632332,6.145958277990415e-8,-0.9993909001350403,-2.8661262789127457e-8,1,6.049624041768182e-8,0.9993909001350403,2.653266491384078e-8,0.03489704802632332]}},{"t":0.6666666666666666,"j":false,"c":{"p":[80.9482783319526,1096.3497859935705,2456.941425985721],"r":[0.03266729455645218,5.243481672008199e-8,-0.9994609824752578,-2.4494018164148728e-8,1,5.160056930928173e-8,0.9994609824752578,2.265261134141453e-8,0.03266729455645218]}},{"t":0.7,"j":false,"c":{"p":[81.38294428878201,1096.3792538314688,2456.925709805508],"r":[0.02915947649211359,5.143034186223713e-9,-0.9995712350670031,-2.5049920514232965e-9,1,5.030606717996624e-9,0.9995712350670031,2.261576525621876e-9,0.02915947649211359]}},{"t":0.7333333333333333,"j":false,"c":{"p":[81.82818186570084,1096.4083144705155,2456.9149741388924],"r":[0.023210764076928396,-4.3142576096010306e-8,-0.9997088136866104,1.934571274171536e-8,1,-4.283024689293982e-8,0.9997088136866104,-1.863932045474052e-8,0.023210764076928396]}},{"t":0.7666666666666666,"j":false,"c":{"p":[82.2791808063314,1096.437153192707,2456.906952772455],"r":[0.015931803315873405,-9.196980659130181e-8,-0.9998612845539504,4.112103463001219e-8,1,-9.139461544420697e-8,0.9998612845539504,-3.9818084152605565e-8,0.015931803315873405]}},{"t":0.7999999999999999,"j":false,"c":{"p":[82.70756858198357,1096.4639109251034,2456.901462884243],"r":[0.011325452849139186,-5.649099537442686e-8,-0.9999301318461288,2.5625305519805714e-8,1,-5.611404824528361e-8,0.9999301318461288,-2.4776804728036076e-8,0.011325452849139186]}},{"t":0.8333333333333333,"j":false,"c":{"p":[83.12758354949221,1096.4898980767568,2456.8969103905224],"r":[0.007708757416019992,1.0205946941433586e-8,-0.999968013721365,-3.6717186415991853e-9,1,1.0213904681603836e-8,0.999968013721365,3.676586469821549e-9,0.007708757416019992]}},{"t":0.8666666666666666,"j":false,"c":{"p":[83.5417784390013,1096.515082900363,2456.893482927096],"r":[0.00432031853455679,3.249326049581976e-8,-0.9999849160901298,-1.3969349127162776e-8,1,3.2452331878172196e-8,0.9999849160901298,1.3867527128044173e-8,0.004320318534557468]}},{"t":0.8999999999999999,"j":false,"c":{"p":[83.9545107143069,1096.540066094988,2456.890338189311],"r":[0.0009892416462691737,4.362021609568283e-8,-0.9999965462058168,-1.949233861133079e-8,1,4.3610844585061706e-8,0.9999965462058168,1.946902421663462e-8,0.0009892416462706985]}},{"t":0.9333333333333332,"j":false,"c":{"p":[84.40363207048675,1096.5652161770613,2456.889404296875],"r":[1.2107192916910425e-8,1.2335524888783081e-8,-1,-6.755756736208865e-9,1,1.2335524888783081e-8,1,6.755756736208865e-9,1.2107194023092017e-8]}},{"t":0.9666666666666666,"j":false,"c":{"p":[84.8681246906018,1096.5904367547598,2456.889404296875],"r":[1.2107193393543812e-8,-3.686444753244001e-8,-1,1.3693927090486449e-8,1,-3.686444753244001e-8,1,-1.3693927090486449e-8,1.210719354645863e-8]}},{"t":0.9999999999999999,"j":false,"c":{"p":[85.30043667811785,1096.6112166665475,2456.889404296875],"r":[1.2107193078497507e-8,-6.116863347722124e-8,-1,2.4057501458792242e-8,1,-6.116863347722124e-8,1,-2.4057501458792242e-8,1.2107194253008648e-8]}},{"t":1.0333333333333332,"j":false,"c":{"p":[85.72660025114416,1096.6311481470764,2456.889404296875],"r":[1.2107192612193303e-8,-8.07162437445588e-8,-1,3.249402913687968e-8,1,-8.07162437445588e-8,1,-3.249402913687968e-8,1.2107195185617056e-8]}},{"t":1.0666666666666667,"j":false,"c":{"p":[86.14845803699777,1096.649337153637,2456.889404296875],"r":[1.2107193013041099e-8,-6.098134174939451e-9,-1,2.9379579258322692e-9,1,-6.098134174939451e-9,1,-2.9379579258322692e-9,1.210719524635806e-8]}},{"t":1.1,"j":false,"c":{"p":[86.57012304066447,1096.667405942099,2456.889404296875],"r":[1.210719347414251e-8,7.405970096741805e-8,-1,-2.8863929062328046e-8,1,7.405970096741805e-8,1,2.88639290602574e-8,1.210719524635806e-8]}},{"t":1.1333333333333335,"j":false,"c":{"p":[87.0031788933362,1096.6855997063562,2456.889404296875],"r":[1.2107193918360823e-8,4.5764416751561586e-8,-1,-1.8048853836351168e-8,1,4.5764416751561586e-8,1,1.8048853612171365e-8,1.210719524635806e-8]}},{"t":1.166666666666667,"j":false,"c":{"p":[87.43649697403367,1096.7037954677066,2456.889404296875],"r":[1.210719435817964e-8,1.7183391782100654e-8,-1,-7.121650310161065e-9,1,1.7183391782100654e-8,1,7.121649868405625e-9,1.2107195255693137e-8]}},{"t":1.2000000000000004,"j":false,"c":{"p":[87.89603005485517,1096.7221908789745,2456.889404296875],"r":[1.210719435817964e-8,-3.99632064878042e-8,-1,1.501504692104222e-8,1,-3.99632064878042e-8,1,-1.5015047127156405e-8,1.2107196198258156e-8]}},{"t":1.2333333333333338,"j":false,"c":{"p":[88.34995943418772,1096.740140892216,2456.889404296875],"r":[1.2107194471882817e-8,-8.443766225313119e-8,-1,3.228275419149146e-8,1,-8.443766225313119e-8,1,-3.228275419149146e-8,1.2107196965863312e-8]}},{"t":1.2666666666666673,"j":false,"c":{"p":[88.76477208383783,1096.7549817972656,2456.889404296875],"r":[1.2107195379292868e-8,-4.045402048651403e-8,-1,1.5562397590748843e-8,1,-4.045402048651403e-8,1,-1.5562397590748843e-8,1.2107196512158286e-8]}},{"t":1.3000000000000007,"j":false,"c":{"p":[89.18528360686396,1096.769783968172,2456.889404296875],"r":[1.210719613453648e-8,1.922353047814635e-9,-1,-5.680837976512806e-10,1,1.922353047814635e-9,1,5.680836433138064e-10,1.2107196288873954e-8]}},{"t":1.3333333333333341,"j":false,"c":{"p":[89.63408019551024,1096.7843938909423,2456.889404296875],"r":[1.210719613453648e-8,3.632141520501681e-8,-1,-1.3770853340590056e-8,1,3.632141520501681e-8,1,1.3770852265896057e-8,1.210719720923048e-8]}},{"t":1.3666666666666676,"j":false,"c":{"p":[90.07627503307233,1096.7988105204602,2456.889404296875],"r":[1.210719624395266e-8,5.146058104794289e-8,-1,-1.964269102071732e-8,1,5.146058104794289e-8,1,1.9642689572609025e-8,1.2107197801477138e-8]}},{"t":1.400000000000001,"j":false,"c":{"p":[90.49728863102244,1096.812606982595,2456.889404296875],"r":[1.2107196704422723e-8,4.805766243517461e-9,-1,-1.993765438903114e-9,1,4.805766243517461e-9,1,1.9937653722050068e-9,1.2107197341007076e-8]}},{"t":1.4333333333333345,"j":false,"c":{"p":[90.91790146268114,1096.8266635063962,2456.889404296875],"r":[1.2107196597452266e-8,-4.176014292198852e-8,-1,1.5621537304892094e-8,1,-4.176014292198852e-8,1,-1.5621536558467887e-8,1.2107197447977533e-8]}},{"t":1.466666666666668,"j":false,"c":{"p":[91.33761710295882,1096.8413022275786,2456.889404296875],"r":[1.2107195220158539e-8,-8.812701994664559e-8,-1,3.316156894649771e-8,1,-8.812701994664559e-8,1,-3.3161568659171406e-8,1.210719882527126e-8]}},{"t":1.5000000000000013,"j":false,"c":{"p":[91.76684639636471,1096.856003126081,2456.889920668467],"r":[-0.004026122250676598,-8.409696907873226e-8,-0.9999578476847794,3.196866796420451e-8,1,-8.401751807279301e-8,0.9999578476847794,-3.174744457998832e-8,-0.004026122250672293]}},{"t":1.5333333333333348,"j":false,"c":{"p":[92.21198939493608,1096.8708080300096,2456.8913007866295],"r":[-0.014786863626929598,4.233175656310967e-9,-0.9998451862278627,-5.592378415492937e-10,1,4.5249771828740875e-9,0.9998451862278627,1.371730024154184e-9,-0.014786863626928031]}},{"t":1.5666666666666682,"j":false,"c":{"p":[92.65719507061173,1096.8838431445417,2456.899080301027],"r":[-0.027085878603280062,4.937028424675386e-8,-0.9995661426073108,-1.709712059886626e-8,1,4.9806111329907086e-8,0.9995661426073108,1.8324074511548823e-8,-0.027085878603280062]}},{"t":1.6000000000000016,"j":false,"c":{"p":[93.1024844192279,1096.8945156182897,2456.9154029079355],"r":[-0.04143846444655758,3.6845374406237515e-8,-0.9990649814362814,-1.2288576107037605e-8,1,3.733401430228258e-8,0.9990649814362814,1.3693957116864351e-8,-0.04143846444655758]}},{"t":1.633333333333335,"j":false,"c":{"p":[93.54824134951636,1096.9039873788365,2456.9345476198805],"r":[-0.04884681850671768,8.398315622035256e-9,-0.9988062977790833,-1.7565889548712825e-9,1,8.494257979397068e-9,0.9988062977790833,2.1694090046734637e-9,-0.04884681850671768]}},{"t":1.6666666666666685,"j":false,"c":{"p":[93.99449711260428,1096.9121781757292,2456.9567030540984],"r":[-0.04884681850671768,-3.7035059353427e-8,-0.9988062977790833,1.4881370894504077e-8,1,-3.780710086231007e-8,0.9988062977790833,-1.671036361524576e-8,-0.04884681850671768]}},{"t":1.700000000000002,"j":false,"c":{"p":[94.4129754018032,1096.9199517240277,2456.977479409218],"r":[-0.04884681850671768,-6.772360907913462e-8,-0.9988062977790833,2.6005729090964987e-8,1,-6.907636521074274e-8,0.9988062977790833,-2.9348846320846906e-8,-0.04884681850671768]}},{"t":1.7333333333333354,"j":false,"c":{"p":[94.81749960522168,1096.9275156664169,2456.9975629803894],"r":[-0.04884681850671768,-9.100505774250073e-8,-0.9988062977790833,3.436031525087291e-8,1,-9.279421805009668e-8,0.9988062977790833,-3.885200091155592e-8,-0.04884681850671768]}},{"t":1.7666666666666688,"j":false,"c":{"p":[95.24832459873751,1096.9367195516004,2457.0189533812554],"r":[-0.051644814569683936,-2.4376751901896943e-8,-0.9986596633784525,8.971398934337493e-9,1,-2.474411776304852e-8,0.9986596633784525,-9.938737849845718e-9,-0.051644814569683936]}},{"t":1.8000000000000023,"j":false,"c":{"p":[95.6859914884664,1096.9463500520435,2457.0406837412297],"r":[-0.055170682251585154,6.564070713839806e-8,-0.998474883456464,-2.5195563249077105e-8,1,6.717852812638733e-8,0.998474883456464,2.8968184774310316e-8,-0.055170682251585154]}},{"t":1.8333333333333357,"j":false,"c":{"p":[96.12790962969667,1096.954604854334,2457.0668981623603],"r":[-0.05840947474614658,5.578929958498735e-8,-0.9982870088834154,-2.071903916080608e-8,1,5.704301444539023e-8,0.9982870088834154,2.3899720646293615e-8,-0.05840947474614658]}},{"t":1.8666666666666691,"j":false,"c":{"p":[96.57078509603868,1096.9625498677574,2457.09412233423],"r":[-0.061583621739095304,2.3448755870882892e-8,-0.9980984374362414,-7.54051760195787e-9,1,2.392536503808326e-8,0.9980984374362414,8.92858620549386e-9,-0.061583621739095304]}},{"t":1.9000000000000026,"j":false,"c":{"p":[97.01055883739936,1096.9677401961915,2457.1236825918163],"r":[-0.07210524873492835,-1.284509160983529e-8,-0.9973100195953793,6.823104207780677e-9,1,-1.3582232349443108e-8,0.9973100195953793,-8.232017819146294e-9,-0.07210524873492835]}},{"t":1.933333333333336,"j":false,"c":{"p":[97.44842419944769,1096.9712356664813,2457.154680158538],"r":[-0.08714751470420133,-5.157126406104476e-8,-0.9961525379415747,2.1915875382948627e-8,1,-5.379080611566848e-8,0.9961525379415747,-2.6739723370838556e-8,-0.08714751470420133]}},{"t":1.9666666666666694,"j":false,"c":{"p":[97.8683378174817,1096.9734870466225,2457.190688198073],"r":[-0.09063423424959183,-6.401432381549857e-8,-0.9958842396736145,2.618609017868485e-8,1,-6.666204417743946e-8,0.9958842396736145,-3.212017702508555e-8,-0.09063423424959183]}},{"t":2.0000000000000027,"j":false,"c":{"p":[98.2828347555568,1096.9753630404962,2457.228208075547],"r":[-0.09063423424959183,-6.852683321847112e-8,-0.9958842396736145,2.7190754607952395e-8,1,-7.128463529313225e-8,0.9958842396736145,-3.353967166544381e-8,-0.09063423424959183]}},{"t":2.033333333333336,"j":false,"c":{"p":[98.70025076419884,1096.9779141663012,2457.2659936407167],"r":[-0.09063423424959183,-1.1854671944892404e-10,-0.9958842396736145,-6.511641619196285e-10,1,-5.977465165202891e-11,0.9958842396736145,6.43068422468816e-10,-0.09063423424959183]}},{"t":2.066666666666669,"j":false,"c":{"p":[99.11852641021181,1096.980624668113,2457.303857348418],"r":[-0.09063423424959183,8.355989889407029e-8,-0.9958842396736145,-3.4516766346056835e-8,1,8.704656094965355e-8,0.9958842396736145,4.2264105497650085e-8,-0.09063423424959183]}},{"t":2.1000000000000023,"j":false,"c":{"p":[99.55712732292976,1096.9840656483993,2457.3435609671083],"r":[-0.09063423424959183,5.045380622867476e-8,-0.9958842396736145,-2.0471940980727655e-8,1,5.252544700092796e-8,0.9958842396736145,2.5148288439358333e-8,-0.09063423424959183]}},{"t":2.1333333333333355,"j":false,"c":{"p":[99.99608632043557,1096.987366697632,2457.383297000829],"r":[-0.09063423424959183,1.5896580815685586e-8,-0.9958842396736145,-5.831909807502487e-9,1,1.649303365972525e-8,0.9958842396736145,7.302740239000255e-9,-0.09063423424959183]}},{"t":2.1666666666666687,"j":false,"c":{"p":[100.4368559528418,1096.9899601936304,2457.4231969392645],"r":[-0.09063423424959183,-2.5998212924831832e-8,-0.9958842396736145,1.1817744910929451e-8,1,-2.7181177149036245e-8,0.9958842396736145,-1.4232651033616971e-8,-0.09063423424959183]}},{"t":2.200000000000002,"j":false,"c":{"p":[100.87598622293002,1096.9918508325336,2457.4629466390365],"r":[-0.09063423424959183,-5.666869808413267e-8,-0.9958842396736145,2.466417511011092e-8,1,-5.9147555184548635e-8,0.9958842396736145,-2.992345655272154e-8,-0.09063423424959183]}},{"t":2.233333333333335,"j":false,"c":{"p":[101.3117800513412,1096.9923110117518,2457.502390572028],"r":[-0.09063423424959183,-6.449539176746546e-8,-0.9958842396736145,2.7735049110344606e-8,1,-6.72860699202961e-8,0.9958842396736145,-3.371932019183499e-8,-0.09063423424959183]}},{"t":2.2666666666666684,"j":false,"c":{"p":[101.7446852052196,1096.9925537109375,2457.5415730495397],"r":[-0.09063423424959183,-2.945517177415183e-8,-0.9958842396736145,1.2458904574176502e-8,1,-3.071077319138826e-8,0.9958842396736145,-1.5191075058141365e-8,-0.09063423424959183]}},{"t":2.3000000000000016,"j":false,"c":{"p":[102.17436671162669,1096.9925537109375,2457.5804637529905],"r":[-0.09063423424959183,5.342284244182866e-8,-0.9958842396736145,-2.3291792992899387e-8,1,5.576338324765121e-8,0.9958842396736145,2.824999981024296e-8,-0.09063423424959183]}},{"t":2.333333333333335,"j":false,"c":{"p":[102.61043223317202,1096.9926711945884,2457.619932277073],"r":[-0.09063423424959183,6.462659189999399e-8,-0.9958842396736145,-2.7990054388906676e-8,1,6.74410187745432e-8,0.9958842396736145,3.398731825064406e-8,-0.09063423424959183]}},{"t":2.366666666666668,"j":false,"c":{"p":[103.05094666506587,1096.9928705505752,2457.659803474416],"r":[-0.09063423424959183,2.5881779003929504e-8,-0.9958842396736145,-1.1048407101061825e-8,1,2.6994245334233403e-8,0.9958842396736145,1.3449537318972834e-8,-0.09063423424959183]}},{"t":2.4000000000000012,"j":false,"c":{"p":[103.48172883292493,1096.9931625557497,2457.698793799325],"r":[-0.09063423424959183,-1.834491341013318e-8,-0.9958842396736145,8.264266817955755e-9,1,-1.917285032624401e-8,0.9958842396736145,-9.967969392099258e-9,-0.09063423424959183]}},{"t":2.4333333333333345,"j":false,"c":{"p":[103.90930737689935,1096.9934850587763,2457.7374941625185],"r":[-0.09063423424959183,-6.437610682148262e-8,-0.9958842396736145,2.8357424858613975e-8,1,-6.722293650433562e-8,0.9958842396736145,-3.4333411573803295e-8,-0.09063423424959183]}},{"t":2.4666666666666677,"j":false,"c":{"p":[104.32094893725412,1096.993700802753,2457.7747520607827],"r":[-0.09063423424959183,-5.6618782904784695e-8,-0.9958842396736145,2.4869727599587872e-8,1,-5.911614134392388e-8,0.9958842396736145,-3.012531610933466e-8,-0.09063423424959183]}},{"t":2.500000000000001,"j":false,"c":{"p":[104.73046141498833,1096.993896484375,2457.811817254638],"r":[-0.09063423424959183,-3.94209240231588e-8,-0.9958842396736145,1.7243568296117156e-8,1,-4.1153158721831514e-8,0.9958842396736145,-2.0902483554884593e-8,-0.09063423424959183]}},{"t":2.533333333333334,"j":false,"c":{"p":[105.17459529582088,1096.993896484375,2457.8520160502444],"r":[-0.09063423424959183,2.7156001065324066e-8,-0.9958842396736145,-1.201094871075202e-8,1,2.8361330932574716e-8,0.9958842396736145,1.4532023320805898e-8,-0.09063423424959183]}},{"t":2.5666666666666673,"j":false,"c":{"p":[105.61483218522058,1096.993896484375,2457.8918621270677],"r":[-0.09063423424959183,7.317730249184383e-8,-0.9958842396736145,-3.221625853653683e-8,1,7.641168822202127e-8,0.9958842396736145,3.900918152648251e-8,-0.09063423424959183]}},{"t":2.6000000000000005,"j":false,"c":{"p":[106.03860378844786,1096.993896484375,2457.930217922014],"r":[-0.09063423424959183,3.234847045533715e-8,-0.9958842396736145,-1.4187513082059842e-8,1,3.377334682633232e-8,0.9958842396736145,1.7190143127208404e-8,-0.09063423424959183]}},{"t":2.6333333333333337,"j":false,"c":{"p":[106.46743246407142,1096.993896484375,2457.9690314352933],"r":[-0.09063423424959183,-8.929195178919053e-9,-0.9958842396736145,4.039429166913484e-9,1,-9.333721509602589e-9,0.9958842396736145,-4.868759092479376e-9,-0.09063423424959183]}},{"t":2.666666666666667,"j":false,"c":{"p":[106.90914738116399,1096.993896484375,2458.009011289195],"r":[-0.09063423424959183,-5.135056168727098e-8,-0.9958842396736145,2.277140902502528e-8,1,-5.363518218594937e-8,0.9958842396736145,-2.753887326788211e-8,-0.09063423424959183]}},{"t":2.7,"j":false,"c":{"p":[107.3442035316708,1096.9940703185216,2458.048389274034],"r":[-0.09063423424959183,-6.342666723505909e-8,-0.9958842396736145,2.808158234613334e-8,1,-6.624446817917619e-8,0.9958842396736145,-3.3970024287341707e-8,-0.09063423424959183]}},{"t":2.7333333333333334,"j":false,"c":{"p":[107.77111654074889,1096.9944567379905,2458.087031220924],"r":[-0.09063423424959183,-3.839293441991915e-8,-0.9958842396736145,1.6977954784988386e-8,1,-4.0096747554839516e-8,0.9958842396736145,-2.0542216153945253e-8,-0.09063423424959183]}},{"t":2.7666666666666666,"j":false,"c":{"p":[108.1936887543699,1096.9955403881602,2458.125282244804],"r":[-0.09063423424959183,3.691466961387867e-9,-0.9958842396736145,-1.6590857004912553e-9,1,3.8577137995311394e-9,0.9958842396736145,2.0018989884484107e-9,-0.09063423424959183]}},{"t":2.8,"j":false,"c":{"p":[108.61277278605313,1096.997184319864,2458.1632191302747],"r":[-0.09063423424959183,5.947746628891449e-8,-0.9958842396736145,-2.6349835731231968e-8,1,6.21213385317895e-8,0.9958842396736145,3.1871707719152934e-8,-0.09063423424959183]}},{"t":2.833333333333333,"j":false,"c":{"p":[109.04989344272833,1097.0001349413992,2458.2027887512468],"r":[-0.09063423424959183,5.034202387237072e-8,-0.9958842396736145,-2.228621070406307e-8,1,5.257831603656305e-8,0.9958842396736145,2.695988272203098e-8,-0.09063423424959183]}},{"t":2.8666666666666663,"j":false,"c":{"p":[109.49789067046827,1097.0038735321257,2458.243342955738],"r":[-0.09063423424959183,2.0572020643591463e-9,-0.9958842396736145,-8.829224151878868e-10,1,2.1460574698860017e-9,0.9958842396736145,1.0737950146986399e-9,-0.09063423424959183]}},{"t":2.8999999999999995,"j":false,"c":{"p":[109.93121249377977,1097.01115042451,2458.282576320532],"r":[-0.09063423424959183,-4.454197490169651e-8,-0.9958842396736145,1.9773186068929054e-8,1,-4.6525590570905286e-8,0.9958842396736145,-2.390861674130874e-8,-0.09063423424959183]}},{"t":2.9333333333333327,"j":false,"c":{"p":[110.3581662694137,1097.019962679941,2458.3212365379068],"r":[-0.09063423424959183,-9.040970580959458e-8,-0.9958842396736145,4.010507339487413e-8,1,-9.44332629526155e-8,0.9958842396736145,-4.8498899505492746e-8,-0.09063423424959183]}},{"t":2.966666666666666,"j":false,"c":{"p":[110.7751563385055,1097.0319765504335,2458.3590047410107],"r":[-0.09063423424959183,-6.885047593933695e-8,-0.9958842396736145,3.0533789698566034e-8,1,-7.191386208930057e-8,0.9958842396736145,-3.692597976432333e-8,-0.09063423424959183]}},{"t":2.999999999999999,"j":false,"c":{"p":[111.18400330109978,1097.0466070267344,2458.396043921519],"r":[-0.09063423424959183,7.815246690206888e-9,-0.9958842396736145,-3.4766628168614716e-9,1,8.16395393977724e-9,0.9958842396736145,4.202287481986386e-9,-0.09063423424959183]}},{"t":3.0333333333333323,"j":false,"c":{"p":[111.62768726280314,1097.0631748460694,2458.4362334132843],"r":[-0.09063423424959183,3.9474992125636055e-8,-0.9958842396736145,-1.7517910048279246e-8,1,4.123241843580575e-8,0.9958842396736145,2.1182880101892114e-8,-0.09063423424959183]}},{"t":3.0666666666666655,"j":false,"c":{"p":[112.09734777742511,1097.081187264398,2458.4787719657947],"r":[-0.09063423424959183,3.757558556357193e-8,-0.9958842396736145,-1.6668921867080248e-8,1,3.924789504542762e-8,0.9958842396736145,2.0157520319558376e-8,-0.09063423424959183]}},{"t":3.0999999999999988,"j":false,"c":{"p":[112.53920868438728,1097.0949566566476,2458.518783786114],"r":[-0.09063423424959183,-5.525728650377187e-10,-0.9958842396736145,2.5408562573556845e-10,1,-5.77979975257824e-10,0.9958842396736145,-3.054234372739241e-10,-0.09063423424959183]}},{"t":3.133333333333332,"j":false,"c":{"p":[112.97111235514254,1097.1072062859778,2458.557890583975],"r":[-0.09063423424959183,-5.165711010556136e-8,-0.9958842396736145,2.293446959086014e-8,1,-5.3957833209671044e-8,0.9958842396736145,-2.773050195852235e-8,-0.09063423424959183]}},{"t":3.166666666666665,"j":false,"c":{"p":[113.39743171605107,1097.119301393104,2458.5964967166883],"r":[-0.09063423424959183,-5.5931135730790936e-8,-0.9958842396736145,2.482819970090232e-8,1,-5.842186875491863e-8,0.9958842396736145,-3.002103276156499e-8,-0.09063423424959183]}},{"t":3.1999999999999984,"j":false,"c":{"p":[113.82023578147478,1097.1312992292656,2458.634787683161],"r":[-0.09063423424959183,-3.072558544568785e-8,-0.9958842396736145,1.3636833810357871e-8,1,-3.20936385092281e-8,0.9958842396736145,-1.648948983802589e-8,-0.09063423424959183]}},{"t":3.2333333333333316,"j":false,"c":{"p":[114.24664915405526,1097.1469367708512,2458.673418600252],"r":[-0.09063423424959183,1.8018028234694657e-8,-0.9958842396736145,-8.001585842620092e-9,1,1.8820706497193993e-8,0.9958842396736145,9.674454243150406e-9,-0.09063423424959183]}},{"t":3.266666666666665,"j":false,"c":{"p":[114.67460269861168,1097.1641274560322,2458.7121945818635],"r":[-0.09063423424959183,7.680585927700141e-8,-0.9958842396736145,-3.409799666587569e-8,1,8.022649579089453e-8,0.9958842396736145,4.122892603680529e-8,-0.09063423424959183]}},{"t":3.299999999999998,"j":false,"c":{"p":[115.10317894229543,1097.183502034479,2458.751027457818],"r":[-0.09063423424959183,4.4430542756456355e-8,-0.9958842396736145,-1.9723316124341375e-8,1,4.640915812705261e-8,0.9958842396736145,2.3848399470760187e-8,-0.09063423424959183]}},{"t":3.3333333333333313,"j":false,"c":{"p":[115.53189930790525,1097.203382068755,2458.7898735018057],"r":[-0.09063423424959183,-9.044222656278477e-9,-0.9958842396736145,4.018282373528315e-9,1,-9.447299008941867e-9,0.9958842396736145,-4.85799203668603e-9,-0.09063423424959183]}},{"t":3.3666666666666645,"j":false,"c":{"p":[115.97263300873145,1097.2219912200633,2458.8297988925233],"r":[-0.09063423424959183,-4.623990683967228e-8,-0.9958842396736145,2.0531955558803657e-8,1,-4.8299592468518836e-8,0.9958842396736145,-2.4825047222195467e-8,-0.09063423424959183]}},{"t":3.3999999999999977,"j":false,"c":{"p":[116.41914532247182,1097.2399890556467,2458.8702434668676],"r":[-0.09063423424959183,-7.560508373028091e-8,-0.9958842396736145,3.3568877134168416e-8,1,-7.89726019869412e-8,0.9958842396736145,-4.0588337106768534e-8,-0.09063423424959183]}},{"t":3.433333333333331,"j":false,"c":{"p":[116.84323055258625,1097.2533473804854,2458.9086442003486],"r":[-0.09063423424959183,-1.852537810871755e-8,-0.9958842396736145,8.22432068675692e-9,1,-1.935042326475289e-8,0.9958842396736145,-9.94428216738548e-9,-0.09063423424959183]}},{"t":3.466666666666664,"j":false,"c":{"p":[117.26379413853293,1097.2659771796616,2458.9467239968594],"r":[-0.09063423424959183,5.212845607145045e-8,-0.9958842396736145,-2.314714101877744e-8,1,5.44504836572091e-8,0.9958842396736145,2.7986950987725677e-8,-0.09063423424959183]}},{"t":3.4999999999999973,"j":false,"c":{"p":[117.6954341549188,1097.276743184467,2458.985803231673],"r":[-0.09063423424959183,3.8780698443099145e-8,-0.9958842396736145,-1.721971493059196e-8,1,4.05081152447021e-8,0.9958842396736145,2.0820265143005782e-8,-0.09063423424959183]}},{"t":3.5333333333333306,"j":false,"c":{"p":[118.1277699380008,1097.2873921149082,2459.0249452462676],"r":[-0.09063423424959183,2.0156375379375002e-8,-0.9958842396736145,-8.949356787513772e-9,1,2.1054147303562038e-8,0.9958842396736145,1.0820750592561057e-8,-0.09063423424959183]}},{"t":3.5666666666666638,"j":false,"c":{"p":[118.57018530421998,1097.2972856212268,2459.0649988933305],"r":[-0.09063423424959183,-3.078008649684958e-8,-0.9958842396736145,1.366846722159584e-8,1,-3.215124386065536e-8,0.9958842396736145,-1.6526213888862856e-8,-0.09063423424959183]}},{"t":3.599999999999997,"j":false,"c":{"p":[119.01478979350648,1097.3070102145527,2459.1052505275197],"r":[-0.09063423424959183,-8.872632056396378e-8,-0.9958842396736145,3.9398818842161776e-8,1,-9.267864442196844e-8,0.9958842396736145,-4.763652036600097e-8,-0.09063423424959183]}},{"t":3.63333333333333,"j":false,"c":{"p":[119.43003532032459,1097.3119102627982,2459.1428399387164],"r":[-0.09063423424959183,-4.11014177652152e-8,-0.9958842396736145,1.825079421445886e-8,1,-4.2932262916464676e-8,0.9958842396736145,-2.2066810965092953e-8,-0.09063423424959183]}},{"t":3.6666666666666634,"j":false,"c":{"p":[119.85024363004882,1097.3165136954958,2459.1808785975886],"r":[-0.09063423424959183,5.739012645050458e-9,-0.9958842396736145,-2.5488524338207653e-9,1,5.994698876460387e-9,0.9958842396736145,3.0816869631205182e-9,-0.09063423424959183]}},{"t":3.6999999999999966,"j":false,"c":{"p":[120.2927408918232,1097.3197849623814,2459.2209349268014],"r":[-0.09063423424959183,4.905620462592935e-8,-0.9958842396736145,-2.1783856778462476e-8,1,5.124146610353529e-8,0.9958842396736145,2.633843131366383e-8,-0.09063423424959183]}},{"t":3.73333333333333,"j":false,"c":{"p":[120.72196900198914,1097.3236009280693,2459.259790088118],"r":[-0.09063423424959183,5.833353392656095e-8,-0.9958842396736145,-2.5903271176867964e-8,1,6.093203948345895e-8,0.9958842396736145,3.131918884255723e-8,-0.09063423424959183]}},{"t":3.766666666666663,"j":false,"c":{"p":[121.12694347180714,1097.3284125059286,2459.29644972895],"r":[-0.09063423424959183,5.3920710012125466e-9,-0.9958842396736145,-2.3940855696769573e-9,1,5.6322379578367085e-9,0.9958842396736145,2.894705067676843e-9,-0.09063423424959183]}},{"t":3.7999999999999963,"j":false,"c":{"p":[121.54317203745128,1097.3332367109783,2459.3341281281027],"r":[-0.09063423424959183,-3.576821279450152e-8,-0.9958842396736145,1.5883518395318304e-8,1,-3.736157523015751e-8,0.9958842396736145,-1.920438479599548e-8,-0.09063423424959183]}},{"t":3.8333333333333295,"j":false,"c":{"p":[121.9987178608427,1097.338105030323,2459.37536565667],"r":[-0.09063423424959183,-3.5769823022638354e-8,-0.9958842396736145,1.588409264334433e-8,1,-3.73632437998935e-8,0.9958842396736145,-1.9205107398373657e-8,-0.09063423424959183]}},{"t":3.8666666666666627,"j":false,"c":{"p":[122.45215128002623,1097.3428968140129,2459.4164119633574],"r":[-0.09063423424959183,-3.006494588199957e-8,-0.9958842396736145,1.3350628346551429e-8,1,-3.140422170077483e-8,0.9958842396736145,-1.614197827025394e-8,-0.09063423424959183]}},{"t":3.899999999999996,"j":false,"c":{"p":[122.88453801414651,1097.3469260439174,2459.4555530538573],"r":[-0.09063423424959183,3.2495831288997395e-8,-0.9958842396736145,-1.44304239788489e-8,1,3.3943424411543654e-8,0.9958842396736145,1.7447468790363665e-8,-0.09063423424959183]}},{"t":3.933333333333329,"j":false,"c":{"p":[123.31692474826681,1097.3509552738217,2459.4946941443577],"r":[-0.09063423424959183,9.505660845999433e-8,-0.9958842396736145,-4.2211476304249225e-8,1,9.929107052386214e-8,0.9958842396736145,5.1036915850981264e-8,-0.09063423424959183]}},{"t":3.9666666666666623,"j":false,"c":{"p":[123.75746628824365,1097.3592737772592,2459.5345876810725],"r":[-0.09063423424959183,3.674642094686739e-8,-0.9958842396736145,-1.631779386232724e-8,1,3.838334793733098e-8,0.9958842396736145,1.972947977224332e-8,-0.09063423424959183]}},{"t":3.9999999999999956,"j":false,"c":{"p":[124.19275222490164,1097.3690195585232,2459.5740117596374],"r":[-0.09063423424959183,-2.114910184518831e-8,-0.9958842396736145,9.391743180828357e-9,1,-2.2091237638159786e-8,0.9958842396736145,-1.1355311869820719e-8,-0.09063423424959183]}},{"t":4.033333333333329,"j":false,"c":{"p":[124.59295167262381,1097.3870326238675,2459.6102970711227],"r":[-0.09063423424959183,-5.296161630213396e-8,-0.9958842396736145,2.3518649594711065e-8,1,-5.5320900457612135e-8,0.9958842396736145,-2.843582177467459e-8,-0.09063423424959183]}},{"t":4.066666666666662,"j":false,"c":{"p":[125.00130177419014,1097.4077567171205,2459.6473293834315],"r":[-0.09063423424959183,-6.112378769006724e-8,-0.9958842396736145,2.7143168583276232e-8,1,-6.384666866435012e-8,0.9958842396736145,-3.281815015823208e-8,-0.09063423424959183]}},{"t":4.099999999999995,"j":false,"c":{"p":[125.43389002797463,1097.4365427779612,2459.6865831027594],"r":[-0.09063423424959183,1.0446703757070368e-9,-0.9958842396736145,-4.6397432134615684e-10,1,1.091210273494763e-9,0.9958842396736145,5.609652015086084e-10,-0.09063423424959183]}},{"t":4.133333333333328,"j":false,"c":{"p":[125.8727809541025,1097.4662703803538,2459.726406508342],"r":[-0.09063423424959183,3.638043558664808e-8,-0.9958842396736145,-1.6155512827184268e-8,1,3.8001078764562844e-8,0.9958842396736145,1.953321982749479e-8,-0.09063423424959183]}},{"t":4.166666666666662,"j":false,"c":{"p":[126.32170651038359,1097.4974970327896,2459.7671369245627],"r":[-0.09063423424959183,2.899525099349416e-8,-0.9958842396736145,-1.2875942463707976e-8,1,3.0286904716056905e-8,0.9958842396736145,1.556797885544037e-8,-0.09063423424959183]}},{"t":4.199999999999995,"j":false,"c":{"p":[126.76913666337721,1097.528604420868,2459.80773166484],"r":[-0.09063423424959183,8.78484536500334e-9,-0.9958842396736145,-3.901060776539932e-9,1,9.176182112636758e-9,0.9958842396736145,4.7166808873166504e-9,-0.09063423424959183]}},{"t":4.233333333333328,"j":false,"c":{"p":[127.21150118767386,1097.5593078049192,2459.8478668073903],"r":[-0.09063423424959183,-5.4870568219141965e-8,-0.9958842396736145,2.4366497823250027e-8,1,-5.731490133937678e-8,0.9958842396736145,-2.9460905193350465e-8,-0.09063423424959183]}},{"t":4.266666666666661,"j":false,"c":{"p":[127.64488739683094,1097.5932126087284,2459.8872478451212],"r":[-0.09063423424959183,-7.177963962936397e-8,-0.9958842396736145,3.187532631411714e-8,1,-7.49772235618209e-8,0.9958842396736145,-3.8539640591340664e-8,-0.09063423424959183]}},{"t":4.2999999999999945,"j":false,"c":{"p":[128.06497503549457,1097.6318593162998,2459.9255119120235],"r":[-0.09063423424959183,-1.9448601169882145e-8,-0.9958842396736145,8.63657784699198e-9,1,-2.0314982297393765e-8,0.9958842396736145,-1.0442265558999258e-8,-0.09063423424959183]}},{"t":4.333333333333328,"j":false,"c":{"p":[128.4872092949673,1097.6823846808195,2459.9641265377286],"r":[-0.09063423424959183,2.2382826765545536e-8,-0.9958842396736145,-9.939594484054298e-9,1,2.337992014805012e-8,0.9958842396736145,1.2017705932548077e-8,-0.09063423424959183]}},{"t":4.366666666666661,"j":false,"c":{"p":[128.91168757467588,1097.7453276770204,2460.003107628272],"r":[-0.09063423424959183,5.3238241431609004e-8,-0.9958842396736145,-2.3641633872570984e-8,1,5.56098586187834e-8,0.9958842396736145,2.8584485869345756e-8,-0.09063423424959183]}},{"t":4.399999999999994,"j":false,"c":{"p":[129.33573702203728,1097.8138210634743,2460.042094347111],"r":[-0.09063423424959183,4.850640391964476e-8,-0.9958842396736145,-2.154034827875546e-8,1,5.0667229605824946e-8,0.9958842396736145,2.604387698734101e-8,-0.09063423424959183]}},{"t":4.433333333333327,"j":false,"c":{"p":[129.75902234570268,1097.8922045264158,2460.081091094843],"r":[-0.09063423424959183,-1.9637307357023402e-8,-0.9958842396736145,8.720415428994624e-9,1,-2.0512099700649554e-8,0.9958842396736145,-1.0543623789821146e-8,-0.09063423424959183]}},{"t":4.466666666666661,"j":false,"c":{"p":[130.18737300728995,1097.9722886176241,2460.120551183521],"r":[-0.09063423424959183,-4.807890136852401e-8,-0.9958842396736145,2.1350551600915216e-8,1,-5.022068904668323e-8,0.9958842396736145,-2.5814392301589434e-8,-0.09063423424959183]}},{"t":4.499999999999994,"j":false,"c":{"p":[130.62118241960556,1098.0542054208709,2460.1605105997387],"r":[-0.09063423424959183,-3.373480864420148e-8,-0.9958842396736145,1.4980731129067744e-8,1,-3.5237604223316233e-8,0.9958842396736145,-1.811280841091446e-8,-0.09063423424959183]}},{"t":4.533333333333327,"j":false,"c":{"p":[131.03306899232425,1098.1321470868568,2460.1984476941316],"r":[-0.09063423424959183,4.9102500495053726e-9,-0.9958842396736145,-2.1805090728816997e-9,1,5.128990579964368e-9,0.9958842396736145,2.636396154839689e-9,-0.09063423424959183]}},{"t":4.56666666666666,"j":false,"c":{"p":[131.4330674504528,1098.2079331521936,2460.2352881425595],"r":[-0.09063423424959183,5.673301169622945e-8,-0.9958842396736145,-2.5193620505948964e-8,1,5.926032028479855e-8,0.9958842396736145,3.0460943722038964e-8,-0.09063423424959183]}},{"t":4.599999999999993,"j":false,"c":{"p":[131.8529295611447,1098.288079819954,2460.273978720648],"r":[-0.09063423424959183,4.502026037815923e-8,-0.9958842396736145,-1.999230437538768e-8,1,4.7025796281824393e-8,0.9958842396736145,2.417216825841757e-8,-0.09063423424959183]}},{"t":4.633333333333327,"j":false,"c":{"p":[132.2779817409967,1098.3693658465554,2460.3131527093715],"r":[-0.09063423424959183,1.670664950724377e-8,-0.9958842396736145,-7.418989066866513e-9,1,1.7450887900140976e-8,0.9958842396736145,8.970102288598584e-9,-0.09063423424959183]}},{"t":4.66666666666666,"j":false,"c":{"p":[132.70748805994182,1098.4527743003794,2460.3527674876495],"r":[-0.09063423424959183,-2.502127327695826e-8,-0.9958842396736145,1.1111284255349208e-8,1,-2.613590421896875e-8,0.9958842396736145,-1.343436033934892e-8,-0.09063423424959183]}},{"t":4.699999999999993,"j":false,"c":{"p":[133.13914983236944,1098.5372098422786,2460.3925955734508],"r":[-0.09063423424959183,-7.324066943538915e-8,-0.9958842396736145,3.252425738261391e-8,1,-7.650334754048578e-8,0.9958842396736145,-3.932421725655305e-8,-0.09063423424959183]}},{"t":4.733333333333326,"j":false,"c":{"p":[133.55249854492652,1098.6192591892943,2460.4307448952854],"r":[-0.09063423424959183,-3.522713130128121e-8,-0.9958842396736145,1.564344403792242e-8,1,-3.6796407291126026e-8,0.9958842396736145,-1.8914072997974072e-8,-0.09063423424959183]}},{"t":4.7666666666666595,"j":false,"c":{"p":[133.962617718963,1098.7009211417928,2460.468598410051],"r":[-0.09063423424959183,1.888341383749467e-8,-0.9958842396736145,-8.385628708430559e-9,1,1.9724619162318456e-8,0.9958842396736145,1.0138841977551789e-8,-0.09063423424959183]}},{"t":4.799999999999993,"j":false,"c":{"p":[134.3866597983351,1098.7855871047384,2460.507736992514],"r":[-0.09063423424959183,3.911381852335404e-8,-0.9958842396736145,-1.7369433003248703e-8,1,4.085623757828493e-8,0.9958842396736145,2.100091988707845e-8,-0.09063423424959183]}},{"t":4.833333333333326,"j":false,"c":{"p":[134.8107018777072,1098.8702530676842,2460.5468755749766],"r":[-0.09063423424959183,5.934422320921341e-8,-0.9958842396736145,-2.6353237298066845e-8,1,6.198785599425139e-8,0.9958842396736145,3.186299779660511e-8,-0.09063423424959183]}},