{"v":1,"d":[{"t":0.06190061569213867,"c":{"r":[0.4194503724575043,1.62015698634832e-8,0.907778263092041,1.1294743806899987e-8,1,-2.3066375476332723e-8,-0.907778263092041,1.992832387998078e-8,0.4194503724575043],"p":[262.8547058105469,1270.084228515625,2037.9217529296875]},"j":false},{"t":0.016666666666666663,"j":false,"c":{"p":[263.5561033807182,1270.0822076216384,2038.246106414522],"r":[0.4194503724575043,-2.7257773288271665e-8,0.907778263092041,-1.900281131538275e-8,1,3.8807399105306315e-8,-0.907778263092041,-3.352811465991586e-8,0.4194503724575043]}},{"t":0.03333333333333333,"j":false,"c":{"p":[263.2976700633823,1270.0829522297738,2038.1265968087862],"r":[0.4194503724575043,-1.1244968714107626e-8,0.907778263092041,-7.839531015586361e-9,1,1.6009708464147667e-8,-0.907778263092041,-1.3831832077338185e-8,0.4194503724575043]}},{"t":0.05,"j":false,"c":{"p":[263.0392367460464,1270.0836968379094,2038.0070872030503],"r":[0.4194503724575043,4.767835860056415e-9,0.907778263092041,3.3237492842100254e-9,1,-6.787982177010992e-9,-0.907778263092041,5.864450505239493e-9,0.4194503724575043]}},{"t":0.06666666666666667,"j":false,"c":{"p":[262.7808034287105,1270.0844414460448,2037.8875775973145],"r":[0.4194503724575043,2.0780640434220452e-8,0.907778263092041,1.4487029584006412e-8,1,-2.958567281816964e-8,-0.907778263092041,2.5560733087817167e-8,0.4194503724575043]}},{"t":0.08333333333333333,"j":false,"c":{"p":[262.52237011137464,1270.0851860541802,2037.7680679915788],"r":[0.4194503724575043,3.6793445008384485e-8,0.907778263092041,2.5650309883802797e-8,1,-5.2383363459328285e-8,-0.907778263092041,4.5257015670394835e-8,0.4194503724575043]}},{"t":0.09999999999999999,"j":false,"c":{"p":[262.2639367940387,1270.0859306623156,2037.648558385843],"r":[0.4194503724575043,5.280624958254852e-8,0.907778263092041,3.681359018359918e-8,1,-7.518105410048693e-8,-0.907778263092041,6.495329825297251e-8,0.4194503724575043]}},{"t":0.11666666666666665,"j":false,"c":{"p":[262.00550347670287,1270.086675270451,2037.5290487801071],"r":[0.4194503724575043,6.881905415671256e-8,0.907778263092041,4.797687048339557e-8,1,-9.797874474164558e-8,-0.907778263092041,8.464958083555018e-8,0.4194503724575043]}},{"t":0.13333333333333333,"j":false,"c":{"p":[261.7413975192252,1270.0875042115724,2037.40690299622],"r":[0.4194503724575043,6.904495174933683e-8,0.907778263092041,4.813439328238063e-8,1,-9.830037732657184e-8,-0.907778263092041,8.492748530644202e-8,0.4194503724575043]}},{"t":0.15,"j":false,"c":{"p":[261.466822474365,1270.0884887926386,2037.2798920386692],"r":[0.4194503724575043,4.013547241673599e-8,0.907778263092041,2.798034437775599e-8,1,-5.714153346178484e-8,-0.907778263092041,4.9367985640977354e-8,0.4194503724575043]}},{"t":0.16666666666666666,"j":false,"c":{"p":[261.1922474295048,1270.089473373705,2037.1528810811185],"r":[0.4194503724575043,1.1225993084135146e-8,0.907778263092041,7.826295473131347e-9,1,-1.598268959699785e-8,-0.907778263092041,1.380848597551269e-8,0.4194503724575043]}},{"t":0.18333333333333332,"j":false,"c":{"p":[260.91767238464456,1270.0904579547712,2037.0258701235678],"r":[0.4194503724575043,-1.7683486248465723e-8,0.907778263092041,-1.2327753431493307e-8,1,2.5176154267789165e-8,-0.907778263092041,-2.1751013689951986e-8,0.4194503724575043]}},{"t":0.19999999999999998,"j":false,"c":{"p":[260.64645507475007,1270.0538611748127,2036.9004287266644],"r":[0.4194503724575043,-3.458157952525629e-8,0.907778263092041,-2.4108157678574512e-8,1,4.923422000075659e-8,-0.907778263092041,-4.253617299349885e-8,0.4194503724575043]}},{"t":0.21666666666666665,"j":false,"c":{"p":[260.38062404849467,1269.956978555711,2036.777505127896],"r":[0.4194503724575043,-3.221170410962888e-8,0.907778263092041,-2.245604694750853e-8,1,4.586020952462596e-8,-0.907778263092041,-3.9621192594446197e-8,0.4194503724575043]}},{"t":0.2333333333333333,"j":false,"c":{"p":[260.1147930222393,1269.8600959366092,2036.6545815291274],"r":[0.4194503724575043,-2.9841828694001485e-8,0.907778263092041,-2.0803936216442546e-8,1,4.248619904849533e-8,-0.907778263092041,-3.670621219539354e-8,0.4194503724575043]}},{"t":0.24999999999999997,"j":false,"c":{"p":[259.848961995984,1269.7632133175075,2036.531657930359],"r":[0.4194503724575043,-2.747195327837408e-8,0.907778263092041,-1.9151825485376566e-8,1,3.91121885723647e-8,-0.907778263092041,-3.379123179634089e-8,0.4194503724575043]}},{"t":0.26666666666666666,"j":false,"c":{"p":[259.5711809949215,1269.6517775144378,2036.4033211154544],"r":[0.4194503724575043,-1.6043293089023018e-8,0.907778263092041,-1.1184516322601844e-8,1,2.2841088153309755e-8,-0.907778263092041,-1.9733762712719065e-8,0.4194503724575043]}},{"t":0.2833333333333333,"j":false,"c":{"p":[259.283416964666,1269.528183956833,2036.2704620906215],"r":[0.4194503724575043,2.9530912428280134e-9,0.907778263092041,2.058520305842115e-9,1,-4.2042630473919536e-9,-0.907778263092041,3.632160289615891e-9,0.4194503724575043]}},{"t":0.3,"j":false,"c":{"p":[258.9956529344105,1269.404590399228,2036.1376030657889],"r":[0.4194503724575043,2.1949475574679055e-8,0.907778263092041,1.5301556934286074e-8,1,-3.124961424809367e-8,-0.907778263092041,2.699808329195086e-8,0.4194503724575043]}},{"t":0.31666666666666665,"j":false,"c":{"p":[258.70788890415497,1269.2809968416232,2036.004744040956],"r":[0.4194503724575043,4.094585990653008e-8,0.907778263092041,2.8544593562730032e-8,1,-5.829496544879538e-8,-0.907778263092041,5.036400629428582e-8,0.4194503724575043]}},{"t":0.3333333333333333,"j":false,"c":{"p":[258.43799078123646,1269.279706242513,2035.8802226832709],"r":[0.4194503724575043,4.0687991560457905e-8,0.907778263092041,2.836485086313887e-8,1,-5.792784731832102e-8,-0.907778263092041,5.0046851956861106e-8,0.4194503724575043]}},{"t":0.35,"j":false,"c":{"p":[258.17322438987117,1269.3135454545745,2035.75809620365],"r":[0.4194503724575043,3.489960891484648e-8,0.907778263092041,2.43296028757016e-8,1,-4.968688146403551e-8,-0.907778263092041,4.292706549054493e-8,0.4194503724575043]}},{"t":0.36666666666666664,"j":false,"c":{"p":[257.9084579985059,1269.3473846666361,2035.6359697240293],"r":[0.4194503724575043,2.9111226269235048e-8,0.907778263092041,2.029435488826433e-8,1,-4.144591560975e-8,-0.907778263092041,3.580727902422876e-8,0.4194503724575043]}},{"t":0.3833333333333333,"j":false,"c":{"p":[257.6436916071406,1269.3812238786977,2035.5138432444085],"r":[0.4194503724575043,2.332284362362362e-8,0.907778263092041,1.6259106900827058e-8,1,-3.320494975546449e-8,-0.907778263092041,2.868749255791259e-8,0.4194503724575043]}},{"t":0.39999999999999997,"j":false,"c":{"p":[257.3660144139734,1269.4130149196608,2035.3857241568144],"r":[0.4194503724575043,2.704929615070464e-9,0.907778263092041,1.88578979781491e-9,1,-3.851078996981364e-9,-0.907778263092041,3.327215110017023e-9,0.4194503724575043]}},{"t":0.41666666666666663,"j":false,"c":{"p":[257.087492997649,1269.444672032964,2035.257213219163],"r":[0.4194503724575043,-1.8882671170434638e-8,0.907778263092041,-1.3163522296221667e-8,1,2.6883341436847895e-8,-0.907778263092041,-2.3225788019969163e-8,0.4194503724575043]}},{"t":0.4333333333333333,"j":false,"c":{"p":[256.80897158132456,1269.4763291462673,2035.1287022815118],"r":[0.4194503724575043,-4.047027195593974e-8,0.907778263092041,-2.8212834390258244e-8,1,5.7617761870677144e-8,-0.907778263092041,-4.977879114995533e-8,0.4194503724575043]}},{"t":0.44999999999999996,"j":false,"c":{"p":[256.5310575770439,1269.5078673817713,2035.0004631694471],"r":[0.4194503724575043,-6.014825198360563e-8,0.907778263092041,-4.193090130371572e-8,1,8.56334435985395e-8,-0.907778263092041,-7.398294281001927e-8,0.4194503724575043]}},{"t":0.4666666666666666,"j":false,"c":{"p":[256.26521568156636,1269.5370429612503,2034.877626498923],"r":[0.4194503724575043,-4.187316572156878e-8,0.907778263092041,-2.9190920786050884e-8,1,5.961511364719409e-8,-0.907778263092041,-5.150446642644164e-8,0.4194503724575043]}},{"t":0.4833333333333333,"j":false,"c":{"p":[255.9993737860888,1269.5662185407293,2034.7547898283992],"r":[0.4194503724575043,-2.359807945953193e-8,0.907778263092041,-1.6450940268386046e-8,1,3.359678369584865e-8,-0.907778263092041,-2.902599004286401e-8,0.4194503724575043]}},{"t":0.49999999999999994,"j":false,"c":{"p":[255.73353189061123,1269.595394120208,2034.6319531578752],"r":[0.4194503724575043,-5.3229931974950905e-9,0.907778263092041,-3.7109597507212077e-9,1,7.578453744503228e-9,-0.907778263092041,-6.547513659286394e-9,0.4194503724575043]}},{"t":0.5166666666666666,"j":false,"c":{"p":[255.4676899951337,1269.624569699687,2034.509116487351],"r":[0.4194503724575043,1.2952093064541756e-8,0.907778263092041,9.02902076694362e-9,1,-1.843987620684219e-8,-0.907778263092041,1.5930962724291236e-8,0.4194503724575043]}},{"t":0.5333333333333333,"j":false,"c":{"p":[255.20980631792895,1269.6492798857157,2034.3898821866887],"r":[0.4194502697128607,2.5327690509853117e-8,0.9077783041898985,1.7656320823718907e-8,1,-3.6059060845239446e-8,-0.9077783041898985,3.115300451564895e-8,0.4194502697128607]}},{"t":0.55,"j":false,"c":{"p":[254.95218134734975,1269.6738449102481,2034.270764992258],"r":[0.41945016362818305,3.75115067307829e-8,0.9077783466237695,2.6149925416567983e-8,1,-5.3405205153886554e-8,-0.9077783466237695,4.613915334170512e-8,0.41945016362818305]}},{"t":0.5666666666666668,"j":false,"c":{"p":[254.69455637677058,1269.6984099347806,2034.151647797827],"r":[0.4194500575435054,4.969532295171269e-8,0.9077783890576405,3.4643530009417066e-8,1,-7.075134946253366e-8,-0.9077783890576405,6.112530216776128e-8,0.4194500575435054]}},{"t":0.5833333333333335,"j":false,"c":{"p":[254.4369314061914,1269.722974959313,2034.0325306033963],"r":[0.4194499514588278,6.187913917264249e-8,0.9077784314915116,4.313713460226614e-8,1,-8.809749377118079e-8,-0.9077784314915116,7.611145099381745e-8,0.4194499514588278]}},{"t":0.6000000000000002,"j":false,"c":{"p":[254.1670198757998,1269.747827082883,2033.9077392289123],"r":[0.41944992542266846,4.407279057959334e-8,0.9077784419059753,3.072403226865207e-8,1,-6.274656821549837e-8,-0.9077784419059753,5.4209659317188243e-8,0.41944992542266846]}},{"t":0.6166666666666669,"j":false,"c":{"p":[253.89311208369824,1269.7727725867737,2033.78110230052],"r":[0.41944992542266846,1.6511998989376412e-8,0.9077784419059753,1.151092459203232e-8,1,-2.3508218675284812e-8,-0.9077784419059753,2.0309890465433864e-8,0.41944992542266846]}},{"t":0.6333333333333336,"j":false,"c":{"p":[253.6192042915967,1269.7977180906641,2033.6544653721276],"r":[0.41944992542266846,-1.10487926008405e-8,0.9077784419059753,-7.70218308458743e-9,1,1.5730130864928733e-8,-0.9077784419059753,-1.3589878386320503e-8,0.41944992542266846]}},{"t":0.6500000000000004,"j":false,"c":{"p":[253.34529649949513,1269.8226635945548,2033.5278284437352],"r":[0.41944992542266846,-3.860958419105744e-8,0.9077784419059753,-2.6915290761207195e-8,1,5.4968480405142304e-8,-0.9077784419059753,-4.748964723807489e-8,0.41944992542266846]}},{"t":0.6666666666666671,"j":false,"c":{"p":[253.06370269182645,1269.8481667112608,2033.3976832566086],"r":[0.4194500123103975,-3.772701539080312e-8,0.9077784071508838,-2.630006979195099e-8,1,5.371198179945178e-8,-0.9077784071508838,-4.64041256320815e-8,0.4194500123103975]}},{"t":0.6833333333333338,"j":false,"c":{"p":[252.78007626591523,1269.8738172924068,2033.2666102869866],"r":[0.41945012217616795,-2.932240962575826e-8,0.9077783632045755,-2.0441114644427293e-8,1,4.1746349657657865e-8,-0.9077783632045755,-3.606650988410081e-8,0.41945012217616795]}},{"t":0.7000000000000005,"j":false,"c":{"p":[252.496449840004,1269.8994678735528,2033.1355373173647],"r":[0.4194502320419383,-2.09178038607134e-8,0.9077783192582674,-1.4582159496903596e-8,1,2.9780717515863962e-8,-0.9077783192582674,-2.5728894136120118e-8,0.4194502320419383]}},{"t":0.7166666666666672,"j":false,"c":{"p":[252.2128234140928,1269.9251184546986,2033.0044643477427],"r":[0.41945034190770875,-1.2513198095668538e-8,0.9077782753119592,-8.723204349379899e-9,1,1.7815085374070053e-8,-0.9077782753119592,-1.5391278388139432e-8,0.41945034190770875]}},{"t":0.733333333333334,"j":false,"c":{"p":[251.93850113849456,1269.9405197634853,2032.8776382936294],"r":[0.4194503724575043,3.3546241614583253e-9,0.907778263092041,2.3384708828190173e-9,1,-4.775943744134985e-9,-0.907778263092041,4.126084109056574e-9,0.4194503724575043]}},{"t":0.7500000000000007,"j":false,"c":{"p":[251.66776250276484,1269.9519734037783,2032.752448005838],"r":[0.4194503724575043,2.209702166393258e-8,0.907778263092041,1.5404055606287017e-8,1,-3.145951166954e-8,-0.907778263092041,2.7179170485071902e-8,0.4194503724575043]}},{"t":0.7666666666666674,"j":false,"c":{"p":[251.39702386703516,1269.9634270440713,2032.6272577180464],"r":[0.4194503724575043,4.083941916640683e-8,0.907778263092041,2.8469640329755016e-8,1,-5.814307959494501e-8,-0.907778263092041,5.0232256861087234e-8,0.4194503724575043]}},{"t":0.7833333333333341,"j":false,"c":{"p":[251.12628523130545,1269.9748806843645,2032.502067430255],"r":[0.4194503724575043,5.958181666888108e-8,0.907778263092041,4.1535225053223014e-8,1,-8.482664752035001e-8,-0.907778263092041,7.328534323710256e-8,0.4194503724575043]}},{"t":0.8000000000000008,"j":false,"c":{"p":[250.8558610212071,1269.9782009187284,2032.37698718439],"r":[0.41945032570322693,5.984563524379192e-8,0.907778281793752,4.171916280806015e-8,1,-8.520226024005963e-8,-0.907778281793752,7.360987012252416e-8,0.41945032570322693]}},{"t":0.8166666666666675,"j":false,"c":{"p":[250.58582396562372,1269.9715064325546,2032.252042433931],"r":[0.41945022138007554,3.735664822842195e-8,0.9077783235230125,2.604183707998426e-8,1,-5.3184700702343355e-8,-0.9077783235230125,4.59485601390064e-8,0.41945022138007554]}},{"t":0.8333333333333343,"j":false,"c":{"p":[250.31578691004034,1269.964811946381,2032.127097683472],"r":[0.41945011705692414,1.4867661213051986e-8,0.9077783652522731,1.0364511351908368e-8,1,-2.1167141164627063e-8,-0.9077783652522731,1.8287250155488638e-8,0.41945011705692414]}},{"t":0.850000000000001,"j":false,"c":{"p":[250.04574985445697,1269.9581174602072,2032.002152933013],"r":[0.41945001273377275,-7.621325802317972e-9,0.9077784069815337,-5.312814376167527e-9,1,1.0850418373089216e-8,-0.9077784069815337,-9.374059828029119e-9,0.41945001273377275]}},{"t":0.8666666666666677,"j":false,"c":{"p":[249.7754304084618,1269.9509433001645,2031.8770713008907],"r":[0.4194499425490055,-2.6256698094216588e-8,0.9077784350554405,-1.8303750330369947e-8,1,3.738159315277184e-8,-0.9077784350554405,-3.2295458324201714e-8,0.4194499425490055]}},{"t":0.8833333333333344,"j":false,"c":{"p":[249.50366164725224,1269.9413073049905,2031.7512871496024],"r":[0.4194500475730182,-2.5114123912120195e-8,0.9077783930458354,-1.7507300422579356e-8,1,3.5754939019452385e-8,-0.9077783930458354,-3.089016035089943e-8,0.4194500475730182]}},{"t":0.9000000000000011,"j":false,"c":{"p":[249.23189288604266,1269.9316713098165,2031.6255029983142],"r":[0.4194501525970309,-2.3971549730023802e-8,0.9077783510362304,-1.6710850514788762e-8,1,3.4128284886132925e-8,-0.9077783510362304,-2.9484862377597145e-8,0.4194501525970309]}},{"t":0.9166666666666679,"j":false,"c":{"p":[248.9601241248331,1269.9220353146427,2031.4997188470259],"r":[0.41945025762104354,-2.282897554792741e-8,0.9077783090266253,-1.591440060699817e-8,1,3.250163075281347e-8,-0.9077783090266253,-2.807956440429486e-8,0.41945025762104354]}},{"t":0.9333333333333346,"j":false,"c":{"p":[248.68835536362354,1269.9123993194687,2031.3739346957375],"r":[0.41945036264505625,-2.168640136583102e-8,0.9077782670170202,-1.5117950699207577e-8,1,3.087497661949401e-8,-0.9077782670170202,-2.6674266430992578e-8,0.41945036264505625]}},{"t":0.9500000000000013,"j":false,"c":{"p":[248.42537825084867,1269.9086672296849,2031.2522689233897],"r":[0.41945028068459767,-4.5374490812924655e-9,0.9077782998012036,-3.163296772350484e-9,1,6.460061650988259e-9,-0.9077782998012036,-5.581253160640857e-9,0.41945028068459767]}},{"t":0.966666666666668,"j":false,"c":{"p":[248.1633072002062,1269.9055435929286,2031.1310275887606],"r":[0.41945017945362906,1.4261111144610683e-8,0.9077783402935911,9.941315117726916e-9,1,-2.0303398116535806e-8,-0.9077783402935911,1.7540764503676974e-8,0.41945017945362906]}},{"t":0.9833333333333347,"j":false,"c":{"p":[247.9012361495637,1269.9024199561723,2031.0097862541315],"r":[0.4194500782226605,3.3059671370513834e-8,0.9077783807859785,2.3045927007804317e-8,1,-4.706685788405987e-8,-0.9077783807859785,4.06627821679948e-8,0.4194500782226605]}},{"t":1.0000000000000013,"j":false,"c":{"p":[247.6391650989212,1269.899296319416,2030.8885449195025],"r":[0.4194499769916919,5.1858231596416867e-8,0.9077784212783659,3.615053889788163e-8,1,-7.383031765158377e-8,-0.9077784212783659,6.378479983231248e-8,0.4194499769916919]}},{"t":1.016666666666668,"j":false,"c":{"p":[247.3682625597342,1269.8991834353822,2030.7632128645064],"r":[0.41944992542266846,5.254369662925407e-8,0.9077784419059753,3.6628426540546806e-8,1,-7.480623489212403e-8,-0.9077784419059753,6.462796554708384e-8,0.41944992542266846]}},{"t":1.0333333333333345,"j":false,"c":{"p":[247.0881893922395,1269.9021969205899,2030.6336330005704],"r":[0.41944992542266846,3.442050186710055e-8,0.9077784419059753,2.3994708565103524e-8,1,-4.9004337012221876e-8,-0.9077784419059753,4.2336744649543875e-8,0.41944992542266846]}},{"t":1.0500000000000012,"j":false,"c":{"p":[246.8081162247448,1269.9052104057978,2030.5040531366342],"r":[0.41944992542266846,1.629730710494703e-8,0.9077784419059753,1.1360990589660241e-8,1,-2.3202439132319718e-8,-0.9077784419059753,2.0045523752003914e-8,0.41944992542266846]}},{"t":1.0666666666666678,"j":false,"c":{"p":[246.5280430572501,1269.9082238910055,2030.374473272698],"r":[0.41944992542266846,-1.8258876572064908e-9,0.9077784419059753,-1.272727385783045e-9,1,2.599458747582441e-9,-0.9077784419059753,-2.2456971455360546e-9,0.41944992542266846]}},{"t":1.0833333333333344,"j":false,"c":{"p":[246.24686909800116,1269.911686448818,2030.2443828722437],"r":[0.41944996989691796,-1.6237531748722127e-8,0.9077784241162755,-1.1319126268179714e-8,1,2.3117248700845974e-8,-0.9077784241162755,-1.9971788962130203e-8,0.41944996989691796]}},{"t":1.100000000000001,"j":false,"c":{"p":[245.96372763040677,1269.9159516598968,2030.1133799605389],"r":[0.4194500938625487,-2.4015308089295834e-8,0.9077783745300232,-1.674106108801021e-8,1,3.4190448972406503e-8,-0.9077783745300232,-2.9538363294952883e-8,0.4194500938625487]}},{"t":1.1166666666666676,"j":false,"c":{"p":[245.68058616281235,1269.9202168709755,2029.9823770488342],"r":[0.4194502178281795,-3.179308442986954e-8,0.907778324943771,-2.216299590784071e-8,1,4.526364924396702e-8,-0.907778324943771,-3.910493762777556e-8,0.4194502178281795]}},{"t":1.1333333333333342,"j":false,"c":{"p":[245.39744469521796,1269.9244820820543,2029.8513741371294],"r":[0.4194503417938103,-3.957086077044325e-8,0.9077782753575186,-2.7584930727671208e-8,1,5.6336849515527543e-8,-0.9077782753575186,-4.867151196059824e-8,0.4194503417938103]}},{"t":1.1500000000000008,"j":false,"c":{"p":[245.1295894286745,1269.9296170803884,2029.7274618052631],"r":[0.4194502796543981,-2.7309684860892308e-8,0.9077783002132835,-1.903769272254607e-8,1,3.888069901227858e-8,-0.9077783002132835,-3.3590529396736625e-8,0.4194502796543981]}},{"t":1.1666666666666674,"j":false,"c":{"p":[244.86675797414796,1269.93503793442,2029.6058797934077],"r":[0.41945015635153865,-8.46270461809178e-9,0.9077783495344273,-5.899484202885518e-9,1,1.2048373566730951e-8,-0.9077783495344273,-1.0409123967044308e-8,0.41945015635153865]}},{"t":1.183333333333334,"j":false,"c":{"p":[244.60392651962138,1269.940458788452,2029.4842977815522],"r":[0.41945003304867917,1.0384275624708756e-8,0.9077783988555711,7.238724316775037e-9,1,-1.4783951878816684e-8,-0.9077783988555711,1.2772281462648023e-8,0.41945003304867917]}},{"t":1.2000000000000006,"j":false,"c":{"p":[244.3412385170581,1269.947002553578,2029.3628049660738],"r":[0.41944994107407385,2.7651658810967484e-8,0.9077784356454132,1.9275799772788877e-8,1,-3.936741697272349e-8,-0.9077784356454132,3.401081777638455e-8,0.41944994107407385]}},{"t":1.2166666666666672,"j":false,"c":{"p":[244.0795353528909,1269.9612554217076,2029.2419245090114],"r":[0.4194500641768144,3.4074660392682856e-8,0.907778386404317,2.3753284578698914e-8,1,-4.851181820694453e-8,-0.907778386404317,4.191100681107954e-8,0.4194500641768144]}},{"t":1.2333333333333338,"j":false,"c":{"p":[243.8178321887237,1269.9755082898373,2029.121044051949],"r":[0.41945018727955496,4.049766197439823e-8,0.9077783371632208,2.823076938460895e-8,1,-5.765621944116557e-8,-0.9077783371632208,4.981119584577453e-8,0.41945018727955496]}},{"t":1.2500000000000004,"j":false,"c":{"p":[243.55612902455653,1269.989761157967,2029.0001635948865],"r":[0.4194503103822955,4.69206635561136e-8,0.9077782879221246,3.270825419051899e-8,1,-6.68006206753866e-8,-0.9077782879221246,5.7711384880469516e-8,0.4194503103822955]}},{"t":1.266666666666667,"j":false,"c":{"p":[243.2809610929916,1270.01044500468,2028.87302761665],"r":[0.4194503200432726,3.6811812301088964e-8,0.9077782840577336,2.566145203944546e-8,1,-5.240874855755215e-8,-0.9077782840577336,4.527778016307081e-8,0.4194503200432726]}},{"t":1.2833333333333337,"j":false,"c":{"p":[242.99209724055783,1270.0376702324045,2028.739528726938],"r":[0.41945021431499935,9.88730121484116e-9,0.907778326349043,6.8925222369954055e-9,1,-1.4076549224653188e-8,-0.907778326349043,1.2161305703838328e-8,0.41945021431499935]}},{"t":1.3000000000000003,"j":false,"c":{"p":[242.70323338812403,1270.064895460129,2028.6060298372258],"r":[0.4194501085867261,-1.7037209871406637e-8,0.9077783686403523,-1.1876407565454652e-8,1,2.4255650108245758e-8,-0.9077783686403523,-2.095516875539414e-8,0.4194501085867261]}},{"t":1.3166666666666669,"j":false,"c":{"p":[242.41436953569024,1270.0921206878536,2028.4725309475136],"r":[0.4194500028584528,-4.3961720957654455e-8,0.9077784109316616,-3.064533736790471e-8,1,6.258784944114472e-8,-0.9077784109316616,-5.407164321462662e-8,0.4194500028584528]}},{"t":1.3333333333333335,"j":false,"c":{"p":[242.13272046606167,1270.115643622729,2028.3423431666158],"r":[0.4194499541981414,-5.943520355432199e-8,0.9077784303957862,-4.1431839277769065e-8,1,8.461732718383593e-8,-0.9077784303957862,-7.310366439934768e-8,0.4194499541981414]}},{"t":1.35,"j":false,"c":{"p":[241.87081806374195,1270.1290334812327,2028.2212178018633],"r":[0.4194500617313133,-4.356752786072811e-8,0.9077783873825174,-3.0370649833990094e-8,1,6.202669255970415e-8,-0.9077783873825174,-5.358691418681642e-8,0.4194500617313133]}},{"t":1.3666666666666667,"j":false,"c":{"p":[241.6089156614222,1270.1424233397363,2028.1000924371108],"r":[0.4194501692644851,-2.7699852167134234e-8,0.9077783443692486,-1.930946039021112e-8,1,3.943605793557237e-8,-0.9077783443692486,-3.407016397428517e-8,0.4194501692644851]}},{"t":1.3833333333333333,"j":false,"c":{"p":[241.34701325910248,1270.1558131982397,2027.9789670723583],"r":[0.41945027679765695,-1.183217647354036e-8,0.9077783013559799,-8.248270946432153e-9,1,1.6845423311440597e-8,-0.9077783013559799,-1.4553413761753922e-8,0.41945027679765695]}},{"t":1.4,"j":false,"c":{"p":[241.08285085547942,1270.1683730947043,2027.8567926121284],"r":[0.4194503724575043,4.483074868887006e-9,0.907778263092041,3.124913297959633e-9,1,-6.382418654101254e-9,-0.907778263092041,5.513836336624841e-9,0.4194503724575043]}},{"t":1.4166666666666665,"j":false,"c":{"p":[240.80048029290066,1270.1742462336374,2027.7261659013711],"r":[0.4194503724575043,2.4404310219683406e-8,0.907778263092041,1.7011746943600737e-8,1,-3.4744050827239626e-8,-0.907778263092041,3.001630043770641e-8,0.4194503724575043]}},{"t":1.4333333333333331,"j":false,"c":{"p":[240.51810973032187,1270.1801193725707,2027.5955391906136],"r":[0.4194503724575043,4.4325545570479807e-8,0.907778263092041,3.089858058924185e-8,1,-6.3105683000378e-8,-0.907778263092041,5.451876453878798e-8,0.4194503724575043]}},{"t":1.4499999999999997,"j":false,"c":{"p":[240.23573916774308,1270.185992511504,2027.4649124798564],"r":[0.4194503724575043,6.424678092127621e-8,0.907778263092041,4.478541423488295e-8,1,-9.146731517351638e-8,-0.907778263092041,7.902122863986956e-8,0.4194503724575043]}},{"t":1.4666666666666663,"j":false,"c":{"p":[239.9640175566334,1270.1862504389626,2027.3392023122021],"r":[0.4194503724575043,6.254534084588887e-8,0.907778263092041,4.359941685484396e-8,1,-8.904501980589109e-8,-0.907778263092041,7.692857339419493e-8,0.4194503724575043]}},{"t":1.483333333333333,"j":false,"c":{"p":[239.70320746954062,1270.1807546999646,2027.2185299154785],"r":[0.4194503724575043,3.868807229211845e-8,0.907778263092041,2.6968935741574418e-8,1,-5.5079753689224295e-8,-0.907778263092041,4.758503956874348e-8,0.4194503724575043]}},{"t":1.4999999999999996,"j":false,"c":{"p":[239.44239738244787,1270.1752589609664,2027.0978575187548],"r":[0.4194503724575043,1.4830803738348028e-8,0.907778263092041,1.0338454628304869e-8,1,-2.1114487572557512e-8,-0.907778263092041,1.8241505743292034e-8,0.4194503724575043]}},{"t":1.5166666666666662,"j":false,"c":{"p":[239.18158729535511,1270.1697632219684,2026.9771851220312],"r":[0.4194503724575043,-9.026464815422386e-9,0.907778263092041,-6.292026484964673e-9,1,1.2850778544109285e-8,-0.907778263092041,-1.1102028082159415e-8,0.4194503724575043]}},{"t":1.5333333333333328,"j":false,"c":{"p":[238.9196198313678,1270.1640545554005,2026.8559777719643],"r":[0.4194503724575043,-2.622228802448222e-8,0.907778263092041,-1.8278933805280886e-8,1,3.733223744465987e-8,-0.907778263092041,-3.2252239806729435e-8,0.4194503724575043]}},{"t":1.5499999999999994,"j":false,"c":{"p":[238.65517122908182,1270.1578894232243,2026.7336236103147],"r":[0.4194503724575043,-2.913757111982175e-8,0.907778263092041,-2.0311133342256198e-8,1,4.148268972844419e-8,-0.907778263092041,-3.5837935293216914e-8,0.4194503724575043]}},{"t":1.566666666666666,"j":false,"c":{"p":[238.39072262679585,1270.1517242910484,2026.6112694486653],"r":[0.4194503724575043,-3.2052854215161273e-8,0.907778263092041,-2.234333287923151e-8,1,4.5633142012228503e-8,-0.907778263092041,-3.942363077970439e-8,0.4194503724575043]}},{"t":1.5833333333333326,"j":false,"c":{"p":[238.12627402450985,1270.1455591588722,2026.4889152870157],"r":[0.4194503724575043,-3.4968137310500805e-8,0.907778263092041,-2.437553241620682e-8,1,4.978359429601282e-8,-0.907778263092041,-4.3009326266191866e-8,0.4194503724575043]}},{"t":1.5999999999999992,"j":false,"c":{"p":[237.84546592887176,1270.1393407663966,2026.3589919717508],"r":[0.4194503724575043,-2.551284947630876e-8,0.907778263092041,-1.7784513197317474e-8,1,3.632227521034203e-8,-0.907778263092041,-3.137978663344485e-8,0.4194503724575043]}},{"t":1.6166666666666658,"j":false,"c":{"p":[237.5452251086106,1270.1330591083474,2026.2200775908902],"r":[0.4194503724575043,-1.3631030100728762e-9,0.907778263092041,-9.503506340395819e-10,1,1.940705369900935e-9,-0.907778263092041,-1.676736545115502e-9,0.4194503724575043]}},{"t":1.6333333333333324,"j":false,"c":{"p":[237.24498428834946,1270.126777450298,2026.0811632100297],"r":[0.4194503724575043,2.278664345616301e-8,0.907778263092041,1.588381192923831e-8,1,-3.244086447054016e-8,-0.907778263092041,2.802631354321385e-8,0.4194503724575043]}},{"t":1.649999999999999,"j":false,"c":{"p":[236.94474346808832,1270.120495792249,2025.942248829169],"r":[0.4194503724575043,4.6936389922398894e-8,0.907778263092041,3.27179744925162e-8,1,-6.682243431098124e-8,-0.907778263092041,5.772936363154319e-8,0.4194503724575043]}},{"t":1.6666666666666656,"j":false,"c":{"p":[236.66626829598357,1270.1150588291496,2025.813404902869],"r":[0.4194503724575043,5.6536361143310825e-8,0.907778263092041,3.940988871556705e-8,1,-8.048975558824302e-8,-0.907778263092041,6.953690119794453e-8,0.4194503724575043]}},{"t":1.6833333333333322,"j":false,"c":{"p":[236.4238876260108,1270.1110226441692,2025.701261055565],"r":[0.4194503724575043,4.2008087258061676e-8,0.907778263092041,2.9282666577099142e-8,1,-5.98061361743101e-8,-0.907778263092041,5.166787640176068e-8,0.4194503724575043]}},{"t":1.6999999999999988,"j":false,"c":{"p":[236.18150695603808,1270.1069864591886,2025.5891172082609],"r":[0.4194503724575043,2.7479813372812527e-8,0.907778263092041,1.9155444438631238e-8,1,-3.9122516760377205e-8,-0.907778263092041,3.379885160557683e-8,0.4194503724575043]}},{"t":1.7166666666666655,"j":false,"c":{"p":[235.93912628606532,1270.1029502742083,2025.4769733609567],"r":[0.4194503724575043,1.2951539487563372e-8,0.907778263092041,9.028222300163328e-9,1,-1.843889734644429e-8,-0.907778263092041,1.5929826809392975e-8,0.4194503724575043]}},{"t":1.733333333333332,"j":false,"c":{"p":[235.67317865341448,1270.0990601968492,2025.3539392474872],"r":[0.4194503724575043,-3.2791008650798986e-9,0.907778263092041,-2.285646340221345e-9,1,4.668338842344601e-9,-0.907778263092041,-4.032996712475714e-9,0.4194503724575043]}},{"t":1.7499999999999987,"j":false,"c":{"p":[235.37777404935505,1270.0953527432796,2025.2172931016382],"r":[0.4194503724575043,-2.1637574194839298e-8,0.907778263092041,-1.5082735901200802e-8,1,3.080491788780084e-8,-0.907778263092041,-2.6612914767917874e-8,0.4194503724575043]}},{"t":1.7666666666666653,"j":false,"c":{"p":[235.08236944529563,1270.0916452897102,2025.080646955789],"r":[0.4194503724575043,-3.9996047524598694e-8,0.907778263092041,-2.7879825462180248e-8,1,5.694149693325708e-8,-0.907778263092041,-4.919283282336003e-8,0.4194503724575043]}},{"t":1.7833333333333319,"j":false,"c":{"p":[234.7869648412362,1270.0879378361406,2024.94400080994],"r":[0.4194503724575043,-5.835452085435809e-8,0.907778263092041,-4.067691502315971e-8,1,8.307807597871333e-8,-0.907778263092041,-7.17727508788022e-8,0.4194503724575043]}},{"t":1.7999999999999985,"j":false,"c":{"p":[234.51279027453955,1270.0850046894266,2024.8171751027096],"r":[0.4194503724575043,-4.5808863796121585e-8,0.907778263092041,-3.193181997775131e-8,1,6.521711630035261e-8,-0.907778263092041,-5.634235745614985e-8,0.4194503724575043]}},{"t":1.816666666666665,"j":false,"c":{"p":[234.24543855153797,1270.082320387053,2024.6935054576456],"r":[0.4194503724575043,-2.333133297020677e-8,0.907778263092041,-1.6263564322272057e-8,1,3.321636381089167e-8,-0.907778263092041,-2.8696327782583735e-8,0.4194503724575043]}},{"t":1.8333333333333317,"j":false,"c":{"p":[233.97808682853642,1270.0796360846796,2024.5698358125817],"r":[0.4194503724575043,-8.538021442919553e-10,0.907778263092041,-5.953086667928116e-10,1,1.2156113214307336e-9,-0.907778263092041,-1.0502981090176221e-9,0.4194503724575043]}},{"t":1.8499999999999983,"j":false,"c":{"p":[233.71073510553487,1270.0769517823062,2024.4461661675177],"r":[0.4194503724575043,2.162372868162286e-8,0.907778263092041,1.5072946988686444e-8,1,-3.078514116803019e-8,-0.907778263092041,2.659573156454849e-8,0.4194503724575043]}},{"t":1.866666666666665,"j":false,"c":{"p":[233.42810970512414,1270.0720466786586,2024.3154089466072],"r":[0.4194503724575043,2.5820186032263103e-8,0.907778263092041,1.7998151619784223e-8,1,-3.675954677518925e-8,-0.907778263092041,3.1757135399384754e-8,0.4194503724575043]}},{"t":1.8833333333333315,"j":false,"c":{"p":[233.1444544833788,1270.0669918384106,2024.1841738488483],"r":[0.4194503724575043,2.878404962170469e-8,0.907778263092041,2.0064161345695893e-8,1,-4.097913678919913e-8,-0.907778263092041,3.540252270657078e-8,0.4194503724575043]}},{"t":1.8999999999999981,"j":false,"c":{"p":[232.86079926163345,1270.0619369981628,2024.0529387510896],"r":[0.4194503724575043,3.1747913211146285e-8,0.907778263092041,2.2130171071607565e-8,1,-4.519872680320901e-8,-0.907778263092041,3.9047910013756805e-8,0.4194503724575043]}},{"t":1.9166666666666647,"j":false,"c":{"p":[232.57838845036457,1270.0553937509073,2023.9222919610606],"r":[0.41945038092166365,3.221576554515713e-8,0.9077782600141648,2.2456319513423716e-8,1,-4.5864808882641556e-8,-0.9077782600141648,3.962336835195298e-8,0.41945038092166365]}},{"t":1.9333333333333313,"j":false,"c":{"p":[232.30754732033856,1270.0350123088106,2023.7971148557],"r":[0.41945046807981357,9.477404857100515e-9,0.9077782283202922,6.606422474787539e-9,1,-1.3492793907829092e-8,-0.9077782283202922,1.16567175702524e-8,0.41945046807981357]}},{"t":1.949999999999998,"j":false,"c":{"p":[232.03670619031254,1270.014630866714,2023.6719377503396],"r":[0.41945055523796343,-1.32609558309561e-8,0.9077781966264195,-9.243474563848635e-9,1,1.887922106698338e-8,-0.9077781966264195,-1.630993321144817e-8,0.41945055523796343]}},{"t":1.9666666666666646,"j":false,"c":{"p":[231.76586506028653,1269.9942494246175,2023.546760644979],"r":[0.41945064239611335,-3.5999316519012714e-8,0.9077781649325468,-2.5093371602484815e-8,1,5.1251236041795844e-8,-0.9077781649325468,-4.427658399314874e-8,0.41945064239611335]}},{"t":1.9833333333333312,"j":false,"c":{"p":[231.49866833651004,1269.970224704144,2023.4233080958363],"r":[0.4194506541462505,-4.771047121077826e-8,0.907778164387996,-3.3256656085992255e-8,1,6.79240840893251e-8,-0.907778164387996,-5.8680469897132684e-8,0.4194506541462505]}},{"t":1.9999999999999978,"j":false,"c":{"p":[231.2386788138135,1269.9389950130778,2023.3032660400868],"r":[0.41945051676901995,-3.761415288121381e-8,0.9077782254445428,-2.6218846477508847e-8,1,5.3550159333368584e-8,-0.9077782254445428,-4.626254533843661e-8,0.41945051676901995]}},{"t":2.0166666666666644,"j":false,"c":{"p":[230.97868929111695,1269.9077653220118,2023.1832239843372],"r":[0.4194503793917894,-2.7517834551649353e-8,0.9077782865010897,-1.918103686902544e-8,1,3.917623457741207e-8,-0.9077782865010897,-3.384462077974054e-8,0.4194503793917894]}},{"t":2.033333333333331,"j":false,"c":{"p":[230.7186997684204,1269.8765356309457,2023.0631819285877],"r":[0.4194502420145588,-1.74215162220849e-8,0.9077783475576366,-1.2143227260542029e-8,1,2.4802309821455552e-8,-0.9077783475576366,-2.142669622104447e-8,0.4194502420145588]}},{"t":2.0499999999999976,"j":false,"c":{"p":[230.457124164697,1269.8444920106472,2022.9423759883357],"r":[0.4194501605035745,-2.2057333140314625e-9,0.9077783823013306,-1.5368703968620325e-9,1,3.139945167030256e-9,-0.9077783823013306,-2.7121878480840107e-9,0.4194501605035745]}},{"t":2.066666666666664,"j":false,"c":{"p":[230.19345428736165,1269.8113736719172,2022.8205614090994],"r":[0.4194501527588121,1.9769830079863332e-8,0.9077783823013306,1.3781423765854903e-8,1,-2.8146131702323282e-8,-0.9077783823013306,2.4316378321852488e-8,0.4194501527588121]}},{"t":2.083333333333331,"j":false,"c":{"p":[229.92978441002631,1269.7782553331874,2022.698746829863],"r":[0.4194501450140497,4.1745393473758124e-8,0.9077783823013306,2.909971792857184e-8,1,-5.943220857167683e-8,-0.9077783823013306,5.134494449178899e-8,0.4194501450140497]}},{"t":2.0999999999999974,"j":false,"c":{"p":[229.66611453269095,1269.7451369944574,2022.5769322506267],"r":[0.41945013726928737,6.372095686765291e-8,0.9077783823013306,4.441801209128877e-8,1,-9.071828544103037e-8,-0.9077783823013306,7.837351066172548e-8,0.41945013726928737]}},{"t":2.116666666666664,"j":false,"c":{"p":[229.39495130716023,1269.7052516229205,2022.4516144486754],"r":[0.41945058869188395,5.956639635931662e-8,0.907778168346997,4.152180544473182e-8,1,-8.480342240021835e-8,-0.907778168346997,7.326339860062934e-8,0.41945058869188395]}},{"t":2.1333333333333306,"j":false,"c":{"p":[229.11842607836368,1269.6605239764663,2022.3237898512107],"r":[0.4194513686801382,3.671394459494686e-8,0.9077778012937009,2.559187738571506e-8,1,-5.226874187728865e-8,-0.9077778012937009,4.5155863606334285e-8,0.4194513686801382]}},{"t":2.1499999999999972,"j":false,"c":{"p":[228.8419008495671,1269.6157963300118,2022.1959652537457],"r":[0.41945214866839253,1.3861492830577088e-8,0.9077774342404048,9.661949326698303e-9,1,-1.973406135435894e-8,-0.9077774342404048,1.7048328612039214e-8,0.41945214866839253]}},{"t":2.166666666666664,"j":false,"c":{"p":[228.56537562077057,1269.5710686835575,2022.0681406562808],"r":[0.4194529286566468,-8.990958933792677e-9,0.9077770671871086,-6.2679787323184545e-9,1,1.2800619168570744e-8,-0.9077770671871086,-1.1059206382255844e-8,0.4194529286566468]}},{"t":2.1833333333333305,"j":false,"c":{"p":[228.29023804075356,1269.5286746005793,2021.9409990441332],"r":[0.419453308994735,-2.01267587799914e-8,0.9077768894272746,-1.4030482667438658e-8,1,2.865450239285528e-8,-0.9077768894272746,-2.4755776604445155e-8,0.419453308994735]}},{"t":2.199999999999997,"j":false,"c":{"p":[228.01573676914623,1269.4873505766,2021.8141706159174],"r":[0.41945350607264564,-2.5889870479943116e-8,0.9077767984682389,-1.8047802134991218e-8,1,3.685938123070845e-8,-0.9077767984682389,-3.184417751787499e-8,0.41945350607264564]}},{"t":2.2166666666666637,"j":false,"c":{"p":[227.74123549753892,1269.4460265526209,2021.6873421877017],"r":[0.4194537031505563,-3.1652982179894836e-8,0.9077767075092033,-2.206512160254378e-8,1,4.5064260068561615e-8,-0.9077767075092033,-3.893257843130482e-8,0.4194537031505563]}},{"t":2.2333333333333303,"j":false,"c":{"p":[227.46673422593162,1269.4047025286416,2021.560513759486],"r":[0.41945390022846696,-3.7416093879846556e-8,0.9077766165501675,-2.6082441070096344e-8,1,5.326913890641479e-8,-0.9077766165501675,-4.6020979344734656e-8,0.41945390022846696]}},{"t":2.249999999999997,"j":false,"c":{"p":[227.20030596012163,1269.3587547092923,2021.437434282597],"r":[0.41945365464504575,-2.266243255079754e-8,0.907776735325737,-1.5797924305641942e-8,1,3.226449444568482e-8,-0.907776735325737,-2.7874469769486802e-8,0.41945365464504575]}},{"t":2.2666666666666635,"j":false,"c":{"p":[226.93651350667903,1269.3112972345155,2021.3155788271597],"r":[0.419453264534017,-1.210105886121565e-9,0.9077769225790308,-8.439005739983274e-10,1,1.7230275561142143e-9,-0.9077769225790308,-1.488837019302331e-9,0.419453264534017]}},{"t":2.28333333333333,"j":false,"c":{"p":[226.67272105323644,1269.2638397597384,2021.1937233717222],"r":[0.4194528744229883,2.024222077855441e-8,0.9077771098323245,1.4110123157645287e-8,1,-2.881843933345639e-8,-0.9077771098323245,2.4896795730882137e-8,0.4194528744229883]}},{"t":2.2999999999999967,"j":false,"c":{"p":[226.40892859979385,1269.2163822849614,2021.0718679162846],"r":[0.4194524843119596,4.1694547443230386e-8,0.9077772970856183,2.90641468892889e-8,1,-5.935990622302699e-8,-0.9077772970856183,5.1282428481066605e-8,0.4194524843119596]}},{"t":2.3166666666666633,"j":false,"c":{"p":[226.14277597726146,1269.15190321206,2020.9489581841017],"r":[0.4194526607552274,3.6651486211272375e-8,0.9077772118352355,2.554876035234188e-8,1,-5.2180179078801694e-8,-0.9077772118352355,4.5079691280231164e-8,0.4194526607552274]}},{"t":2.33333333333333,"j":false,"c":{"p":[225.87645696061438,1269.086224100669,2020.825974124428],"r":[0.41945287714109986,2.9740475504129383e-8,0.9077771073730901,2.0731263223438844e-8,1,-4.2341072691907073e-8,-0.9077771073730901,3.6579443705717615e-8,0.41945287714109986]}},{"t":2.3499999999999965,"j":false,"c":{"p":[225.6101379439673,1269.0205449892776,2020.7029900647547],"r":[0.4194530935269723,2.2829464796986384e-8,0.9077770029109449,1.5913766094535816e-8,1,-3.250196630501245e-8,-0.9077770029109449,2.807919613120407e-8,0.4194530935269723]}},{"t":2.366666666666663,"j":false,"c":{"p":[225.3438189273202,1268.9548658778863,2020.580006005081],"r":[0.4194533099128447,1.5918454089843385e-8,0.9077768984487996,1.1096268965632778e-8,1,-2.2662859918117832e-8,-0.9077768984487996,1.9578948556690517e-8,0.4194533099128447]}},{"t":2.3833333333333298,"j":false,"c":{"p":[225.07959338871578,1268.8913318286777,2020.4579389032338],"r":[0.41945326727430393,-4.239035148384552e-9,0.9077769199917696,-2.9551363671190143e-9,1,6.035150842582056e-9,-0.9077769199917696,-5.2140634207804445e-9,0.41945326727430393]}},{"t":2.3999999999999964,"j":false,"c":{"p":[224.81550138246845,1268.827934602117,2020.33593028948],"r":[0.41945320811390824,-2.524145013472123e-8,0.9077769495719674,-1.7595525917736397e-8,1,3.593607555880274e-8,-0.9077769495719674,-3.104630828717534e-8,0.41945320811390824]}},{"t":2.416666666666663,"j":false,"c":{"p":[224.5514093762211,1268.7645373755563,2020.2139216757266],"r":[0.4194531489535126,-4.624386512105791e-8,0.9077769791521653,-3.223591546835378e-8,1,6.583700027502343e-8,