{"v":1,"d":[{"t":0.06639742851257324,"c":{"r":[0.45709675550460815,-5.3560615498327024e-8,0.8894169926643372,1.0833406394183953e-9,1,5.966315796968047e-8,-0.8894169926643372,-2.6308292433441238e-8,0.45709675550460815],"p":[262.3518981933594,1270.075439453125,2037.880859375]},"j":false},{"t":0.03333333333333333,"j":false,"c":{"p":[262.5461070104968,1270.0750282115853,2037.9807910691543],"r":[0.4570951777782769,-1.0651008014027176e-7,0.8894178245564027,2.1543140631109656e-9,1,1.1864559151200439e-7,-0.8894178245564027,-5.231652827086013e-8,0.4570951777782769]}},{"t":0.06666666666666667,"j":false,"c":{"p":[262.35031676724896,1270.0754428018304,2037.8800456395954],"r":[0.45709676835190133,-5.312945244840382e-8,0.8894169858903098,1.0746197926474501e-9,1,5.918286895996203e-8,-0.8894169858903098,-2.609650955022205e-8,0.45709676835190133]}},{"t":0.1,"j":false,"c":{"p":[262.1545265240011,1270.0758573920755,2037.7793002100364],"r":[0.4570983589255258,2.5117524346412885e-10,0.8894161472242169,-5.074477816065717e-12,1,-2.798535920803407e-10,-0.8894161472242169,1.235091704160383e-10,0.4570983589255258]}},{"t":0.13333333333333333,"j":false,"c":{"p":[261.9587362807532,1270.0762719823206,2037.6785547804775],"r":[0.4570999494991503,5.363180293533205e-8,0.889415308558124,-1.0847687482795807e-9,1,-5.974257614412269e-8,-0.889415308558124,2.6343527891054115e-8,0.4570999494991503]}},{"t":0.16666666666666666,"j":false,"c":{"p":[261.59316717389424,1270.078487301014,2037.4905506114114],"r":[0.45709853714190996,4.5718811077753174e-8,0.8894160604952656,-9.248107368747374e-10,1,-5.09279010706255e-8,-0.8894160604952656,2.2456548041765635e-8,0.45709853714190996]}},{"t":0.19999999999999998,"j":false,"c":{"p":[261.2181008867404,1270.0808033498126,2037.2976653166047],"r":[0.4570969568051272,3.4377144157759155e-8,0.889416901408416,-6.955083973628025e-10,1,-3.829388864544138e-8,-0.889416901408416,1.6885426907304717e-8,0.4570969568051272]}},{"t":0.2333333333333333,"j":false,"c":{"p":[260.8179676711461,1270.0627349549234,2037.091875512116],"r":[0.4570982107818275,-1.5809447403122812e-8,0.889416234154759,3.194779320054228e-10,1,1.7610947054013495e-8,-0.889416234154759,-7.765884613042078e-9,0.4570982107818275]}},{"t":0.26666666666666666,"j":false,"c":{"p":[260.41478305345044,1270.0421851577175,2036.8845148391404],"r":[0.4570998097800624,-7.072463923740862e-8,0.8894153833116615,1.4301057271143973e-9,1,7.878314853308309e-8,-0.8894153833116615,-3.47398314405592e-8,0.4570998097800624]}},{"t":0.3,"j":false,"c":{"p":[260.024694623024,1269.8305996865574,2036.6839792928743],"r":[0.457098707913989,-3.389701582352675e-8,0.8894159696257189,6.858132289377885e-10,1,3.775913296233372e-8,-0.8894159696257189,-1.6649774538243378e-8,0.457098707913989]}},{"t":0.3333333333333333,"j":false,"c":{"p":[259.6367394618716,1269.5878959574554,2036.4845555078255],"r":[0.45709716609766715,1.787481424108877e-8,0.8894167900417433,-3.6063167331007946e-10,1,-1.991186888613646e-8,-0.8894167900417433,8.780865737564524e-9,0.45709716609766715]}},{"t":0.36666666666666664,"j":false,"c":{"p":[259.25955595453684,1269.4560247350496,2036.2908606689944],"r":[0.4570968181719595,4.5164285872011064e-8,0.8894169707543178,-9.123777074103453e-10,1,-5.031075685115806e-8,-0.8894169707543178,2.218540379128475e-8,0.4570968181719595]}},{"t":0.39999999999999997,"j":false,"c":{"p":[258.8859053116311,1269.3605041257556,2036.0990447979293],"r":[0.45709686181599185,6.442408492743232e-8,0.8894169416582963,-1.301873444201449e-9,1,-7.17649940988495e-8,-0.8894169416582963,3.164564605894322e-8,0.45709686181599185]}},{"t":0.4333333333333333,"j":false,"c":{"p":[258.5134784062237,1269.368390779678,2035.9079288947396],"r":[0.4570968747138977,1.9129949644166465e-8,0.8894169330596924,-3.871431409475692e-10,1,-2.1309450899562894e-8,-0.8894169330596924,9.396151445949548e-9,0.4570968747138977]}},{"t":0.4666666666666666,"j":false,"c":{"p":[258.1415648549491,1269.419656463836,2035.71710662593],"r":[0.4570968747138977,-5.3244363398189093e-8,0.8894169330596924,1.0747059919217093e-9,1,5.931202497401224e-8,-0.8894169330596924,-2.6155480677621864e-8,0.4570968747138977]}},{"t":0.49999999999999994,"j":false,"c":{"p":[257.75804812583203,1269.4725215649778,2035.5203309716796],"r":[0.4570968747138977,-5.472190868686917e-8,0.8894169330596924,1.1049639811720647e-9,1,6.095772572998275e-8,-0.8894169330596924,-2.6880813228763632e-8,0.4570968747138977]}},{"t":0.5333333333333333,"j":false,"c":{"p":[257.3682056843777,1269.526258621362,2035.3203097062494],"r":[0.4570968747138977,-1.7548614994805054e-8,0.8894169330596924,3.547604553005846e-10,1,1.954814957889356e-8,-0.8894169330596924,-8.619868411860557e-9,0.4570968747138977]}},{"t":0.5666666666666667,"j":false,"c":{"p":[256.9785950955475,1269.580096267496,2035.1204031860736],"r":[0.4570968747138977,2.7951357085820943e-8,0.8894169330596924,-5.635569484413425e-10,1,-3.113697871532435e-8,-0.8894169330596924,1.373137894161131e-8,0.4570968747138977]}},{"t":0.6,"j":false,"c":{"p":[256.5891653294454,1269.6340123639516,2034.9205861561509],"r":[0.4570968747138977,7.994533676428458e-8,0.8894169330596924,-1.612986993893116e-9,1,-8.905614479516886e-8,-0.8894169330596924,3.927266853166343e-8,0.4570968747138977]}},{"t":0.6333333333333333,"j":false,"c":{"p":[256.21158575699593,1269.684870633767,2034.7266959574577],"r":[0.4570968747138977,7.366039902016111e-8,0.8894169330596924,-1.4863953105276405e-9,1,-8.205484669526907e-8,-0.8894169330596924,3.618499007537469e-8,0.4570968747138977]}},{"t":0.6666666666666666,"j":false,"c":{"p":[255.84713810481176,1269.7323403399184,2034.5393736408946],"r":[0.4570968747138977,2.7930486022478695e-9,0.8894169330596924,-5.6582428781029524e-11,1,-3.1112340491271787e-9,-0.8894169330596924,1.3718110339131312e-9,0.4570968747138977]}},{"t":0.7,"j":false,"c":{"p":[255.4770027141432,1269.7785389421101,2034.3490488300515],"r":[0.45709683614106267,-4.0060449183789987e-8,0.8894169551013124,8.080758900669436e-10,1,4.462595384502611e-8,-0.8894169551013124,-1.967966557649774e-8,0.45709683614106267]}},{"t":0.7333333333333333,"j":false,"c":{"p":[255.0973226795753,1269.8226044935848,2034.1536855071902],"r":[0.45709673283881447,-3.5903654855571414e-8,0.8894170141311685,7.243433738271524e-10,1,3.9995366313556416e-8,-0.8894170141311685,-1.7637508484522143e-8,0.45709673283881447]}},{"t":0.7666666666666666,"j":false,"c":{"p":[254.71102624931567,1269.8675983580122,2033.9549032957266],"r":[0.45709668673300513,-1.4410414219809987e-8,0.8894170419512999,2.908792501132851e-10,1,1.6052596516097498e-8,-0.8894170419512999,-7.078873922330129e-9,0.45709668673300513]}},{"t":0.7999999999999999,"j":false,"c":{"p":[254.3126517820741,1269.914286830606,2033.7498800030316],"r":[0.45709674503762343,3.8730002520779226e-8,0.8894170127989908,-7.810097027041718e-10,1,-4.314399764064659e-8,-0.8894170127989908,1.9026341381468177e-8,0.45709674503762343]}},{"t":0.8333333333333333,"j":false,"c":{"p":[253.91757417885108,1269.9605889191366,2033.5465534403538],"r":[0.45709678530693054,6.366947122922538e-8,0.8894169926643372,-1.284108012073696e-9,1,-7.092568229071991e-8,-0.8894169926643372,3.127779488295379e-8,0.45709678530693054]}},{"t":0.8666666666666666,"j":false,"c":{"p":[253.52985782535862,1270.0060282879535,2033.3470153425055],"r":[0.45709678530693054,2.5641762663429142e-8,0.8894169926643372,-5.172085455849492e-10,1,-2.8564045031678696e-8,-0.8894169926643372,1.259651965748036e-8,0.45709678530693054]}},{"t":0.8999999999999999,"j":false,"c":{"p":[253.14459112431533,1270.0511805637448,2033.1487379575099],"r":[0.45709678530693054,-1.1092088645392436e-8,0.8894169926643372,2.2360647172594697e-10,1,1.2356273752351375e-8,-0.8894169926643372,-5.449133273400562e-9,0.45709678530693054]}},{"t":0.9333333333333332,"j":false,"c":{"p":[252.76862201604462,1270.095243185351,2032.9552455756739],"r":[0.45709678530693054,-4.2915138062651945e-8,0.8894169926643372,8.654186340677698e-10,1,4.780610539008047e-8,-0.8894169926643372,-2.108229815756871e-8,0.45709678530693054]}},{"t":0.9666666666666666,"j":false,"c":{"p":[252.38910704578993,1270.135762435722,2032.7600512225372],"r":[0.45709678530693054,-4.993164103237473e-8,0.8894169926643372,1.0069756744735538e-9,1,5.562223555086551e-8,-0.8894169926643372,-2.4529122796432483e-8,0.45709678530693054]}},{"t":0.9999999999999999,"j":false,"c":{"p":[252.00119764442934,1270.167893151556,2032.5608276429693],"r":[0.45709678530693054,1.7785763472196263e-9,0.8894169926643372,-3.576525708477538e-11,1,-1.9813275247755216e-9,-0.8894169926643372,8.738482096224859e-10,0.45709678530693054]}},{"t":1.0333333333333332,"j":false,"c":{"p":[251.6193034473037,1270.1896882241963,2032.364533582691],"r":[0.4570967344564691,3.916298822154009e-8,0.8894170053769526,-7.896337411007725e-10,1,-4.362638477636479e-8,-0.8894170053769526,1.923916243168002e-8,0.4570967344564691]}},{"t":1.0666666666666667,"j":false,"c":{"p":[251.24509086483357,1270.198284338808,2032.1719806153872],"r":[0.4570966186682873,5.825287289067739e-8,0.889417034323998,-1.1746025602116795e-9,1,-6.489190254274265e-8,-0.889417034323998,2.8617156293414047e-8,0.4570966186682873]}},{"t":1.1,"j":false,"c":{"p":[250.86532387103657,1270.2023135779132,2031.9765906739242],"r":[0.4570965899134884,4.152528242882681e-8,0.8894170415126977,-8.373694467538144e-10,1,-4.625785003499899e-8,-0.8894170415126977,2.0399529745041944e-8,0.4570965899134884]}},{"t":1.1333333333333335,"j":false,"c":{"p":[250.47649731847707,1270.1988939849862,2031.7765734672862],"r":[0.45709670311505507,-3.362263407269113e-8,0.889417013212306,6.778158314741267e-10,1,3.745465637638556e-8,-0.889417013212306,-1.6517548047990634e-8,0.45709670311505507]}},{"t":1.166666666666667,"j":false,"c":{"p":[250.09019897561848,1270.1946983715052,2031.5778568031105],"r":[0.45709675314119086,-7.645038795180624e-8,0.8894170007057721,1.5413674826560674e-9,1,8.516346401356791e-8,-0.8894170007057721,-3.755702711137456e-8,0.45709675314119086]}},{"t":1.2000000000000004,"j":false,"c":{"p":[249.71060170872704,1270.1884458983095,2031.3825872556188],"r":[0.45709663571944364,-3.3612832924471304e-8,0.8894170300612089,6.777497316632618e-10,1,3.744366835749408e-8,-0.8894170300612089,-1.6512578078270167e-8,0.45709663571944364]}},{"t":1.2333333333333338,"j":false,"c":{"p":[249.3278905782032,1270.1823169894815,2031.1857158980101],"r":[0.45709654688835144,9.74568287521432e-9,0.8894170522689819,-1.9636998493176088e-10,1,-1.0856461838751433e-8,-0.8894170522689819,4.787796834118104e-9,0.45709654688835144]}},{"t":1.2666666666666673,"j":false,"c":{"p":[248.9355046813192,1270.1765719948273,2030.9838677204555],"r":[0.45709654688835144,5.472282246522931e-8,0.8894170522689819,-1.1031192818544288e-9,1,-6.09596899704388e-8,-0.8894170522689819,2.688333280038124e-8,0.45709654688835144]}},{"t":1.3000000000000007,"j":false,"c":{"p":[248.54339330847338,1270.1711232687653,2030.7821607614749],"r":[0.4570965511586703,9.567876240869431e-8,0.8894170512014022,-1.928804020418426e-9,1,-1.0658341632452136e-7,-0.8894170512014022,4.700340386129062e-8,0.4570965511586703]}},{"t":1.3333333333333341,"j":false,"c":{"p":[248.1591576796557,1270.1741741102062,2030.5845051830145],"r":[0.45709667793898284,2.1271620434165244e-8,0.8894170195063241,-4.288501166432241e-10,1,-2.3695957971575198e-8,-0.8894170195063241,1.0449909883475115e-8,0.45709667793898284]}},{"t":1.3666666666666676,"j":false,"c":{"p":[247.77499287140256,1270.1787938848904,2030.3868711337707],"r":[0.45709678530693054,-4.029923999378426e-8,0.8894169926643372,8.1234405303321e-10,1,4.489224255024476e-8,-0.8894169926643372,-1.9797586524882448e-8,0.45709678530693054]}},{"t":1.400000000000001,"j":false,"c":{"p":[247.39121976497123,1270.192091280458,2030.1893561605814],"r":[0.45709678530693054,-3.087384528962282e-8,0.8894169926643372,6.223626884764813e-10,1,3.4392604939612254e-8,-0.8894169926643372,-1.516720878572221e-8,0.45709678530693054]}},{"t":1.4333333333333345,"j":false,"c":{"p":[247.00744665853992,1270.205388676026,2029.991841187392],"r":[0.45709678530693054,-2.1448450585461393e-8,0.8894169926643372,4.3238132391975255e-10,1,2.389296732897975e-8,-0.8894169926643372,-1.0536831046561973e-8,0.45709678530693054]}},{"t":1.466666666666668,"j":false,"c":{"p":[246.6188089804398,1270.2203454960725,2029.7917973340482],"r":[0.45709668384630214,2.5898822150464076e-8,0.8894170180294942,-5.219933430262117e-10,1,-2.8850600887518756e-8,-0.8894170180294942,1.2723237594941705e-8,0.45709668384630214]}},{"t":1.5000000000000013,"j":false,"c":{"p":[246.22959959035964,1270.2354973410709,2029.591456272403],"r":[0.4570965704614467,7.770288850657692e-8,0.8894170463757081,-1.5662038348368821e-9,1,-8.655891479140547e-8,-0.8894170463757081,3.817277289445427e-8,0.4570965704614467]}},{"t":1.5333333333333348,"j":false,"c":{"p":[245.84931169773355,1270.2523627315556,2029.3956976800016],"r":[0.45709654688835144,4.9935926632323285e-8,0.8894170522689819,-1.0065549509819677e-9,1,-5.5627254960987937e-8,-0.8894170522689819,2.4531779552326117e-8,0.45709654688835144]}},{"t":1.5666666666666682,"j":false,"c":{"p":[245.47136545066772,1270.2696778801892,2029.201141858639],"r":[0.45709654688835144,1.2837774967541833e-9,0.8894170522689819,-2.593747910510179e-11,1,-1.4300612867770364e-9,-0.8894170522689819,6.306069844013502e-10,0.45709654688835144]}},{"t":1.6000000000000016,"j":false,"c":{"p":[245.06732405654245,1270.2910177603278,2028.9931060973704],"r":[0.45709664577104453,-2.17818698971605e-8,0.8894170275483086,4.3898861252827104e-10,1,2.4264446122374444e-8,-0.8894170275483086,-1.0700755558881617e-8,0.45709664577104453]}},{"t":1.633333333333335,"j":false,"c":{"p":[244.6597770391084,1270.3128983230902,2028.7832594403276],"r":[0.4570967579376433,-4.141022541869791e-8,0.889416999506659,8.346366993814811e-10,1,4.612990129026892e-8,-0.889416999506659,-2.0343489219979846e-8,0.4570967579376433]}},{"t":1.6666666666666685,"j":false,"c":{"p":[244.28122670607578,1270.3392995614317,2028.5888728225411],"r":[0.45709668641938195,-8.904448145334577e-9,0.8894170173862243,1.7954020052885838e-10,1,9.919289371212573e-9,-0.8894170173862243,-4.374393647801176e-9,0.45709668641938195]}},{"t":1.700000000000002,"j":false,"c":{"p":[243.91203537946842,1270.3671598987246,2028.399476106522],"r":[0.45709655561476353,4.042820757552141e-8,0.8894170500873789,-8.146959459053278e-10,1,-4.503602720084099e-8,-0.8894170500873789,1.9861208226913372e-8,0.45709655561476353]}},{"t":1.7333333333333354,"j":false,"c":{"p":[243.53640759365092,1270.3977656471127,2028.2066993688738],"r":[0.45709654688835144,4.309174498072842e-8,0.8894170522689819,-8.684130197125948e-10,1,-4.800312216704705e-8,-0.8894170522689819,2.1169680754988002e-8,0.45709654688835144]}},{"t":1.7666666666666688,"j":false,"c":{"p":[243.16031971592093,1270.4285676433758,2028.0136810200283],"r":[0.45709654688835144,4.241927368937044e-8,0.8894170522689819,-8.548997725108496e-10,1,-4.725398752242071e-8,-0.8894170522689819,2.083927289174368e-8,0.45709654688835144]}},{"t":1.8000000000000023,"j":false,"c":{"p":[242.76695677711197,1270.4509576163741,2027.811455252551],"r":[0.4570966471745238,-1.6662093083829296e-8,0.8894170271974389,3.3568555947531725e-10,1,1.8561208241885654e-8,-0.8894170271974389,-8.185710277881859e-9,0.4570966471745238]}},{"t":1.8333333333333357,"j":false,"c":{"p":[242.36818413615663,1270.4707133561215,2027.6063461729914],"r":[0.45709677886540845,-9.403426217669534e-8,0.8894169942747177,1.8948721574361593e-9,1,1.0475190420768748e-7,-0.8894169942747177,-4.619642755951373e-8,0.45709677886540845]}},{"t":1.8666666666666691,"j":false,"c":{"p":[241.99837525431647,1270.486779926327,2027.4159988599824],"r":[0.45709678530693054,-5.0947533407607515e-8,0.8894169926643372,1.0266567075996963e-9,1,5.675431554081113e-8,-0.8894169926643372,-2.5029089302153153e-8,0.45709678530693054]}},{"t":1.9000000000000026,"j":false,"c":{"p":[241.62745686796825,1270.501961689857,2027.2250836678884],"r":[0.45709678530693054,-1.3402562273494842e-9,0.8894169926643372,2.7047614147291947e-11,1,1.4929923697564419e-9,-0.8894169926643372,-6.583854419862399e-10,0.45709678530693054]}},{"t":1.933333333333336,"j":false,"c":{"p":[241.2376936475194,1270.5121037987487,2027.0245465147996],"r":[0.45709678530693054,5.06263272800833e-8,0.8894169926643372,-1.0200769108098997e-9,1,-5.6396555551741406e-8,-0.8894169926643372,2.487140993978569e-8,0.45709678530693054]}},{"t":1.9666666666666694,"j":false,"c":{"p":[240.84776624741016,1270.519178209344,2026.8239351070208],"r":[0.45709678530693054,7.52101819542415e-8,0.8894169926643372,-1.5154573231692235e-9,1,-8.378238098104415e-8,-0.8894169926643372,3.6948782692775475e-8,0.45709678530693054]}},{"t":2.0000000000000027,"j":false,"c":{"p":[240.4573896428025,1270.5178592302134,2026.6231205343622],"r":[0.45709678530693054,2.4873398200213047e-8,0.8894169926643372,-5.012357737768682e-10,1,-2.7708359239293456e-8,-0.8894169926643372,1.22195939854107e-8,0.45709678530693054]}},{"t":2.033333333333336,"j":false,"c":{"p":[240.0712690587919,1270.51497575358,2026.4244953115453],"r":[0.4570967330400652,-1.7898905023147e-8,0.8894170057310535,3.605721918921475e-10,1,1.9939002440417227e-8,-0.8894170057310535,-8.793350918526939e-9,0.4570967330400652]}},{"t":2.066666666666669,"j":false,"c":{"p":[239.69110656852888,1270.50990210362,2026.2289350061328],"r":[0.45709660760370346,-5.008153107607004e-8,0.889417037090144,1.0090131402919782e-9,1,5.578970348755262e-8,-0.889417037090144,-2.460384708783179e-8,0.45709660760370346]}},{"t":2.1000000000000023,"j":false,"c":{"p":[239.31024151492102,1270.5058617458233,2026.033013293412],"r":[0.45709654688835144,-3.9341394583286496e-8,0.8894170522689819,7.926729088963296e-10,1,4.382540856933604e-8,-0.8894170522689819,-1.932742528618964e-8,0.45709654688835144]}},{"t":2.1333333333333355,"j":false,"c":{"p":[238.92871738042183,1270.502790728549,2025.8367525412973],"r":[0.45709654688835144,1.1664965306580436e-8,0.8894170522689819,-2.349262003070612e-10,1,-1.2994557211661158e-8,-0.8894170522689819,5.730820876593387e-9,0.45709654688835144]}},{"t":2.1666666666666687,"j":false,"c":{"p":[238.54325407596218,1270.500144518244,2025.6384654312426],"r":[0.4570965947044845,4.7291749251832365e-8,0.8894170403149487,-9.52684444895712e-10,1,-5.268201351597978e-8,-0.8894170403149487,2.3233436611374267e-8,0.4570965947044845]}},{"t":2.200000000000002,"j":false,"c":{"p":[238.15106950572928,1270.4982231409808,2025.4367208186172],"r":[0.4570967241075868,5.66769090882803e-8,0.8894170079641731,-1.1417722286051262e-9,1,-6.313687749482927e-8,-0.8894170079641731,2.7844148543950697e-8,0.4570967241075868]}},{"t":2.233333333333335,"j":false,"c":{"p":[237.76314537756528,1270.496801444438,2025.2371678302934],"r":[0.4570967185089244,2.175919836226183e-8,0.8894170093638387,-4.383710129828666e-10,1,-2.4239279535142276e-8,-0.8894170093638387,1.0689806592374814e-8,0.4570967185089244]}},{"t":2.2666666666666684,"j":false,"c":{"p":[237.3790441510146,1270.49582811222,2025.039581390028],"r":[0.4570965917729585,-5.2911550337359445e-8,0.8894170410478301,1.0658620365818398e-9,1,5.8942362971210454e-8,-0.8894170410478301,-2.5994353688563285e-8,0.4570965917729585]}},{"t":2.3000000000000016,"j":false,"c":{"p":[237.0017998610416,1270.494872155831,2024.8455222430794],"r":[0.45709663216215257,-5.8325209065387726e-8,0.8894170309505317,1.1749399221964128e-9,1,6.497305792263498e-8,-0.8894170309505317,-2.8653952252072556e-8,0.45709663216215257]}},{"t":2.333333333333335,"j":false,"c":{"p":[236.62831569073737,1270.4939257277783,2024.6533973483774],"r":[0.45709676419731615,-2.5760545658869083e-8,0.8894169979417408,5.189603636430637e-10,1,2.869669751801705e-8,-0.8894169979417408,-1.265559441109961e-8,0.45709676419731615]}},{"t":2.366666666666668,"j":false,"c":{"p":[236.2457523299222,1270.4936107897681,2024.4566020053417],"r":[0.45709678530693054,2.2604231364118817e-8,0.8894169926643372,-4.5528373983760916e-10,1,-2.5180680228312976e-8,-0.8894169926643372,1.1105069850853593e-8,0.45709678530693054]}},{"t":2.4000000000000012,"j":false,"c":{"p":[235.8614611596722,1270.493416027059,2024.2589178556789],"r":[0.45709678530693054,7.397583871460356e-8,0.8894169926643372,-1.4900949701810258e-9,1,-8.240760811222513e-8,-0.8894169926643372,3.634293477885761e-8,0.45709678530693054]}},{"t":2.4333333333333345,"j":false,"c":{"p":[235.4756299939595,1270.4905924142195,2024.060441513228],"r":[0.4570966630938704,4.437053202741678e-8,0.8894170232176022,-8.937852975426543e-10,1,-4.942787046442118e-8,-0.8894170232176022,2.1798369864930124e-8,0.4570966630938704]}},{"t":2.4666666666666677,"j":false,"c":{"p":[235.08905830517745,1270.4871198143583,2023.8615814346422],"r":[0.4570965575265244,1.0396796613893972e-8,0.8894170496094387,-2.094820848990382e-10,1,-1.15817909025642e-8,-0.8894170496094387,5.1076789564206135e-9,0.4570965575265244]}},{"t":2.500000000000001,"j":false,"c":{"p":[234.6954231925887,1270.4780162619368,2023.6590585698095],"r":[0.45709667930992043,-3.380852891595133e-8,0.8894170191635897,6.809176962496544e-10,1,3.766207085098338e-8,-0.8894170191635897,-1.6609592766233144e-8,0.45709667930992043]}},{"t":2.533333333333334,"j":false,"c":{"p":[234.30298532532868,1270.468703388522,2023.4571476188628],"r":[0.45709678530693054,-6.560116541276085e-8,0.8894169926643372,1.3213095703518407e-9,1,7.307843478941951e-8,-0.8894169926643372,-3.2228721400933064e-8,0.45709678530693054]}},{"t":2.5666666666666673,"j":false,"c":{"p":[233.91858631038158,1270.4579850382954,2023.259345337407],"r":[0.45709678530693054,-1.40493347812199e-8,0.8894169926643372,2.8303409564595335e-10,1,1.5650658827813468e-8,-0.8894169926643372,-6.9021303140422625e-9,0.45709678530693054]}},{"t":2.6000000000000005,"j":false,"c":{"p":[233.53555932611684,1270.443512421944,2023.062319686269],"r":[0.4570967539461239,3.312596348248044e-8,0.8894170005045389,-6.670923334728229e-10,1,-3.690174260493231e-8,-0.8894170005045389,1.62743409542211e-8,0.4570967539461239]}},{"t":2.6333333333333337,"j":false,"c":{"p":[233.1566384240721,1270.4178043969512,2022.8676182600766],"r":[0.4570966287316942,6.720359419954122e-8,0.8894170318081462,-1.3534147285720325e-9,1,-7.486358937536374e-8,-0.8894170318081462,3.301613924331073e-8,0.4570966287316942]}},{"t":2.666666666666667,"j":false,"c":{"p":[232.76889576993685,1270.3850238212472,2022.668336688019],"r":[0.4570965904105013,6.204545039241914e-8,0.8894170413884445,-1.249560698065048e-9,1,-6.911749476965007e-8,-0.8894170413884445,3.048198361799198e-8,0.4570965904105013]}},{"t":2.7,"j":false,"c":{"p":[232.3645060421211,1270.338896999628,2022.460412158769],"r":[0.45709671606105706,-1.7152501234871276e-8,0.8894170099758055,3.4539453804834277e-10,1,1.9107603218815507e-8,-0.8894170099758055,-8.4268311208757e-9,0.45709671606105706]}},{"t":2.7333333333333334,"j":false,"c":{"p":[231.97042249190667,1270.2933221983483,2022.2577043823544],"r":[0.45709678530693054,-5.2762562868144985e-8,0.8894169926643372,1.062552529839005e-9,1,5.877656605294251e-8,-0.8894169926643372,-2.592152662782477e-8,0.45709678530693054]}},{"t":2.7666666666666666,"j":false,"c":{"p":[231.58899144217412,1270.2484250913478,2022.0614010140844],"r":[0.45709678530693054,-3.486143728102024e-8,0.8894169926643372,7.020723820236622e-10,1,3.88350169008401e-8,-0.8894169926643372,-1.7126926104696953e-8,0.45709678530693054]}},{"t":2.8,"j":false,"c":{"p":[231.21915028302863,1270.2052599738627,2021.871081464061],"r":[0.45709678530693054,3.925299826447694e-10,0.8894169926643372,-7.845952332536293e-12,1,-4.3730142036496103e-10,-0.8894169926643372,1.9291042044781048e-10,0.45709678530693054]}},{"t":2.833333333333333,"j":false,"c":{"p":[230.8582428431296,1270.163429908503,2021.6853743607069],"r":[0.45709678530693054,4.902241434418406e-8,0.8894169926643372,-9.871182231290693e-10,1,-5.461016287241781e-8,-0.8894169926643372,2.4084169201865193e-8,0.45709678530693054]}},{"t":2.8666666666666663,"j":false,"c":{"p":[230.46601057294285,1270.1102082957448,2021.4838825729519],"r":[0.45709678530693054,4.850408329732282e-8,0.8894169926643372,-9.767005472016068e-10,1,-5.4032740982895015e-8,-0.8894169926643372,2.382949743381787e-8,0.45709678530693054]}},{"t":2.8999999999999995,"j":false,"c":{"p":[230.06072042613192,1270.0522380724071,2021.2758108784722],"r":[0.45709678530693054,2.7498128623847713e-8,0.8894169926643372,-5.537267903048429e-10,1,-3.063245178818529e-8,-0.8894169926643372,1.3509501154979944e-8,0.45709678530693054]}},{"t":2.9333333333333327,"j":false,"c":{"p":[229.68721800790178,1269.9912457656774,2021.083355125135],"r":[0.45988778261613905,-2.8266267795371566e-8,0.8879702769571686,7.054294450797351e-10,1,3.157792374182669e-8,-0.8879702769571686,-1.4095616402845812e-8,0.45988778261613905]}},{"t":2.966666666666666,"j":false,"c":{"p":[229.3207386034717,1269.9295857757154,2020.8943494758173],"r":[0.46329540821222653,-9.17100117788283e-8,0.8862039314799645,2.149327445541272e-9,1,1.0236279591202076e-7,-0.8862039314799645,-4.5519617872738684e-8,0.46329540821222653]}},{"t":2.999999999999999,"j":false,"c":{"p":[228.93207892231808,1269.8636224975664,2020.691462636336],"r":[0.4632964025351736,-3.891840854494795e-8,0.8862033811605639,1.1399600742435846e-9,1,4.331993351177143e-8,-0.8862033811605639,-1.905973957210682e-8,0.4632964025351736]}},{"t":3.0333333333333323,"j":false,"c":{"p":[228.54434134669862,1269.796466734298,2020.4890028557927],"r":[0.4632963723425088,1.3776909268528018e-8,0.88620337052326,1.323547109106374e-10,1,-1.5615187811442315e-8,-0.88620337052326,7.35176090938753e-9,0.4632963723425088]}},{"t":3.0666666666666655,"j":false,"c":{"p":[228.16121867786168,1269.7233969469426,2020.2886863126191],"r":[0.46329683841440344,6.580363400977548e-8,0.886203145523035,-8.624809154068584e-10,1,-7.380255767367933e-8,-0.886203145523035,3.3428180640111055e-8,0.46329683841440344]}},{"t":3.0999999999999988,"j":false,"c":{"p":[227.77512074528718,1269.6447036420368,2020.0880572451072],"r":[0.4589714864799883,8.00159982941492e-8,0.8883880509197766,-1.6427778898462163e-9,1,-8.950638826010296e-8,-0.8883880509197766,4.0120104171176086e-8,0.4589714864799883]}},{"t":3.133333333333332,"j":false,"c":{"p":[227.38250065143362,1269.5536828624422,2019.8867430839975],"r":[0.4451633843795759,1.1334414572282532e-8,0.8953630435565121,-1.952778510221953e-9,1,-1.2080829553623807e-8,-0.8953630435565121,4.3187156195408474e-9,0.4451633843795759]}},{"t":3.166666666666665,"j":false,"c":{"p":[227.00490238144667,1269.4580984174747,2019.7014123388903],"r":[0.43138765002531304,-3.259846091622243e-8,0.9020802427628902,-2.3427249831033317e-9,1,3.7146228175925726e-8,-0.9020802427628902,-1.7936071946258548e-8,0.43138765002531304]}},{"t":3.1999999999999984,"j":false,"c":{"p":[226.641846097451,1269.358096083008,2019.5315544560442],"r":[0.41764324950343007,-5.257316916568606e-8,0.9085478831616172,-2.8100636207125637e-9,1,5.9075521677730604e-8,-0.9085478831616172,-2.707697377390392e-8,0.41764324950343007]}},{"t":3.2333333333333316,"j":false,"c":{"p":[226.26393533861625,1269.253837230109,2019.3584928430414],"r":[0.4131045639514923,-2.4498847917432616e-8,0.9106836318969727,-1.0669738927095706e-9,1,2.7385601098977183e-8,-0.9106836318969727,-1.2284793614217942e-8,0.4131045639514923]}},{"t":3.266666666666665,"j":false,"c":{"p":[225.87870089112135,1269.1474797896728,2019.183851697778],"r":[0.4131045639514923,2.726504406790151e-8,0.9106836318969727,1.7659213875347725e-9,1,-3.0740153420780394e-8,-0.9106836318969727,1.430709290004021e-8,0.4131045639514923]}},{"t":3.299999999999998,"j":false,"c":{"p":[225.48590200879178,1269.0467141790423,2019.0088633787045],"r":[0.4081519855770343,4.2878390674402604e-8,0.912888634818222,2.756067773651601e-9,1,-4.817479925904269e-8,-0.912888634818222,2.2131653938444248e-8,0.4081519855770343]}},{"t":3.3333333333333313,"j":false,"c":{"p":[225.0912940711914,1268.947285869797,2018.8337920320655],"r":[0.4020149845446875,4.9846235523162284e-8,0.915620970216249,3.3055157239272996e-9,1,-5.5878055212484654e-8,-0.915620970216249,2.5467957782128214e-8,0.4020149845446875]}},{"t":3.3666666666666645,"j":false,"c":{"p":[224.71294311219887,1268.8464247041215,2018.667789877771],"r":[0.4003484568593887,-1.134059169559298e-9,0.9163629655839155,2.0482097809795354e-10,1,1.1480732944679782e-9,-0.9163629655839155,-2.7192144896402543e-10,0.4003484568593887]}},{"t":3.3999999999999977,"j":false,"c":{"p":[224.34065178610734,1268.74502945495,2018.5051681779655],"r":[0.400348255250434,-7.371396725833436e-8,0.9163630807890325,-4.256429459426372e-9,1,8.23014592211037e-8,-0.9163630807890325,-3.684966913308004e-8,0.400348255250434]}},{"t":3.433333333333331,"j":false,"c":{"p":[223.95184755112868,1268.6248105652485,2018.3352852618411],"r":[0.40034904440016783,-6.27818151822738e-8,0.9163627345027493,-3.767488136748764e-9,1,7.015790811360196e-8,-0.9163627345027493,-3.1539966035280834e-8,0.40034904440016783]}},{"t":3.466666666666664,"j":false,"c":{"p":[223.55449702895686,1268.4948494648256,2018.1616442894922],"r":[0.4003503463189328,-8.627838584458832e-9,0.9163621493707201,-7.16565715937822e-10,1,9.728350973589416e-9,-0.9163621493707201,-4.5513336452799455e-9,0.4003503463189328]}},{"t":3.4999999999999973,"j":false,"c":{"p":[223.17654006758755,1268.3721648822902,2017.9967094344706],"r":[0.4003509434124937,4.279052684306186e-8,0.916361889981461,2.1803071724450387e-9,1,-4.764866418422734e-8,-0.916361889981461,2.10741442616112e-8,0.4003509434124937]}},{"t":3.5333333333333306,"j":false,"c":{"p":[222.81038644716352,1268.2539089460665,2017.8370733109286],"r":[0.40035111153417713,9.254394009054895e-8,0.9163618288463034,4.983422180455703e-9,1,-1.0316783620882049e-7,-0.9163618288463034,4.586997683987474e-8,0.40035111153417713]}},{"t":3.5666666666666638,"j":false,"c":{"p":[222.44545501583855,1268.1366737505941,2017.678024738308],"r":[0.40034973730073103,6.030559016518834e-8,0.9163624213873245,3.310757437356673e-9,1,-6.725628000438606e-8,-0.9163624213873245,2.99600298698162e-8,0.40034973730073103]}},{"t":3.599999999999997,"j":false,"c":{"p":[222.08112088723888,1268.0199374069223,2017.5192633109143],"r":[0.40034760929446617,-1.200340319191899e-8,0.9163633333900094,-5.492901298885414e-10,1,1.3338887916591715e-8,-0.9163633333900094,-5.843461460955118e-9,0.40034760929446617]}},{"t":3.63333333333333,"j":false,"c":{"p":[221.7008148702165,1267.8988649810906,2017.353271216896],"r":[0.40034737272026194,-3.8224635265508174e-8,0.916363436416704,-1.9831881467779064e-9,1,4.257982931951716e-8,-0.916363436416704,-1.8864048429132992e-8,0.40034737272026194]}},{"t":3.6666666666666634,"j":false,"c":{"p":[221.3140182387755,1267.7760304694839,2017.1843407434067],"r":[0.40034790478129223,-4.571684294364659e-8,0.9163632106938426,-2.4311538282670576e-9,1,5.0951573901418674e-8,-0.9163632106938426,-2.262617806020365e-8,0.40034790478129223]}},{"t":3.6999999999999966,"j":false,"c":{"p":[220.92065744292407,1267.657227736231,2017.01250337417],"r":[0.4003490619852158,-5.2758023948074e-10,0.9163627061650071,-1.0409026414794073e-10,1,6.211676910597971e-10,-0.9163627061650071,-3.439930310276216e-10,0.4003490619852158]}},{"t":3.73333333333333,"j":false,"c":{"p":[220.5262512310965,1267.5390671083917,2016.840203049549],"r":[0.4003503187500777,5.305179083798891e-8,0.9163621572332284,2.6649274812189637e-9,1,-5.905820701465304e-8,-0.9163621572332284,2.6086037928077e-8,0.4003503187500777]}},{"t":3.766666666666663,"j":false,"c":{"p":[220.1524096670814,1267.4224379627854,2016.6767084890416],"r":[0.40034892543966927,5.4521873079272125e-8,0.9163627842625253,2.7698690662287168e-9,1,-6.070826641888449e-8,-0.9163627842625253,2.6842714426886764e-8,0.40034892543966927]}},{"t":3.7999999999999963,"j":false,"c":{"p":[219.78372399162674,1267.3061927844512,2016.515421675483],"r":[0.40034686771269046,4.292731698322063e-8,0.9163637061242117,2.2068838321333973e-9,1,-4.7809441462780064e-8,-0.9163637061242117,2.116266729309478e-8,0.40034686771269046]}},{"t":3.8333333333333295,"j":false,"c":{"p":[219.39007307798474,1267.135661086464,2016.3432551552905],"r":[0.40034792050772067,-2.0876548787260595e-8,0.9163632448403121,-1.0309606741560517e-9,1,2.323241652328239e-8,-0.9163632448403121,-1.0245859870760526e-8,0.40034792050772067]}},{"t":3.8666666666666627,"j":false,"c":{"p":[218.99614834584136,1266.9645339744318,2016.1709693065768],"r":[0.4003490074189274,-8.525304578302384e-8,0.9163627683860844,-4.298143012185567e-9,1,9.491198675747028e-8,-0.9163627683860844,-4.1936576765453706e-8,0.4003490074189274]}},{"t":3.899999999999996,"j":false,"c":{"p":[218.63176313937382,1266.78106254739,2016.0118161927394],"r":[0.40034860511510406,-3.4033540623487835e-8,0.916362940669533,-1.7315951346645039e-9,1,3.789633566493448e-8,-0.916362940669533,-1.6758536735917083e-8,0.40034860511510406]}},{"t":3.933333333333329,"j":false,"c":{"p":[218.26781612827907,1266.597468568749,2015.8528588801294],"r":[0.40032982101731873,1.8542703592935938e-8,0.9163710673892045,9.037157841874292e-10,1,-2.0628961985517206e-8,-0.9163710673892045,9.085089048822281e-9,0.40032982101731873]}},{"t":3.9666666666666623,"j":false,"c":{"p":[217.91500520511494,1266.419502921755,2015.6990201195063],"r":[0.39719365996456685,5.3915860447261043e-8,0.9177281814194425,2.7206069502922905e-9,1,-5.985968407100217e-8,-0.9177281814194425,2.6146759928962965e-8,0.39719365996456685]}},{"t":3.9999999999999956,"j":false,"c":{"p":[217.5621942819508,1266.241537274761,2015.5451813588832],"r":[0.3940574989118149,8.928901730158614e-8,0.9190852954496803,4.537498116397153e-9,1,-9.90904061564871e-8,-0.9190852954496803,4.320843080910365e-8,0.3940574989118149]}},{"t":4.033333333333329,"j":false,"c":{"p":[217.199040793588,1266.063603314897,2015.4127557326665],"r":[0.35381273143113756,1.9717635789528613e-8,0.9342190934577013,-4.622803032103792e-9,1,-2.1227982221690278e-8,-0.9342190934577013,6.591372025120974e-9,0.35381273143113756]}},{"t":4.066666666666662,"j":false,"c":{"p":[216.8354766672375,1265.8856706131287,2015.2811802868696],"r":[0.3120946153974417,-5.402043099133867e-8,0.9498998766359543,-1.421893920567748e-8,1,6.12834715168108e-8,-0.9498998766359543,-3.215693032447798e-8,0.3120946153974417]}},{"t":4.099999999999995,"j":false,"c":{"p":[216.4619735978112,1265.704092681859,2015.1643897036815],"r":[0.2886712373916355,-4.108736815438827e-8,0.9571218087438318,-6.703656459374516e-9,1,4.535888038262874e-8,-0.9571218087438318,-2.0027819688802204e-8,0.2886712373916355]}},{"t":4.133333333333328,"j":false,"c":{"p":[216.08767985325653,1265.5222247607705,2015.0487753042237],"r":[0.2667032650792872,-2.1259336102142207e-8,0.9636708118385051,2.172895110847445e-9,1,2.1603382900906884e-8,-0.9636708118385051,-3.851245984002689e-9,0.2667032650792872]}},{"t":4.166666666666662,"j":false,"c":{"p":[215.70537056396535,1265.347883580627,2014.9448954275576],"r":[0.2420782909595286,2.3434863550548523e-8,0.9699561256058813,1.7634170413784587e-8,1,-2.7868492125401282e-8,-0.9699561256058813,2.2722841903630415e-8,0.2420782909595286]}},{"t":4.199999999999995,"j":false,"c":{"p":[215.32098889224423,1265.1754884049292,2014.8440494580877],"r":[0.21676636117512185,7.455809710286807e-8,0.9761732637037533,3.479789592044992e-8,1,-8.398921894368571e-8,-0.9761732637037533,5.198515952683858e-8,0.21676636117512185]}},{"t":4.233333333333328,"j":false,"c":{"p":[214.92342976525092,1265.0567373335514,2014.7603018603252],"r":[0.2016238427222778,4.373544945578969e-8,0.9793637061629792,1.845155031204235e-8,1,-4.88319329725855e-8,-0.9793637061629792,2.8429718011289844e-8,0.2016238427222778]}},{"t":4.266666666666661,"j":false,"c":{"p":[214.52470965595057,1264.9427167617682,2014.678052075976],"r":[0.1873796730038757,5.743897721547495e-9,0.9822875857544385,-8.249962567098206e-10,1,-5.690095339616238e-9,-0.9822875857544385,2.558246343345796e-10,0.1873796730038757]}},{"t":4.2999999999999945,"j":false,"c":{"p":[214.11255194558314,1264.890309616604,2014.5992505555168],"r":[0.18737947890931905,-3.3292427256540364e-8,0.9822876168095676,-1.8298326235335668e-8,1,3.738330279184255e-8,-0.9822876168095676,-2.497907548518465e-8,0.18737947890931905]}},{"t":4.333333333333328,"j":false,"c":{"p":[213.6999890915184,1264.8390111753902,2014.520369305723],"r":[0.18737921315007858,-6.525220625319971e-8,0.9822876622988509,-3.224099380390471e-8,1,7.25790528739809e-8,-0.9822876622988509,-4.526974493126037e-8,0.18737921315007858]}},{"t":4.366666666666661,"j":false,"c":{"p":[213.28284796278052,1264.8002415017459,2014.4405870847525],"r":[0.1873781375532201,-1.7244380035794872e-8,0.9822878708994538,-6.285861161393399e-9,1,1.8754446008444502e-8,-0.9822878708994538,-9.688766313603235e-9,0.1873781375532201]}},{"t":4.399999999999994,"j":false,"c":{"p":[212.86570683404267,1264.7614718281015,2014.3608048637818],"r":[0.18737706195636164,3.0763446181609964e-8,0.9822880795000566,1.9669271481117916e-8,1,-3.507016085709191e-8,-0.9822880795000566,2.5892212304053904e-8,0.18737706195636164]}},{"t":4.433333333333327,"j":false,"c":{"p":[212.42062734614484,1264.7129543201138,2014.2756112594134],"r":[0.18737749445269922,3.993552503141982e-8,0.9822879954683927,2.353045152368059e-8,1,-4.514419570232554e-8,-0.9822879954683927,3.1572685433613414e-8,0.18737749445269922]}},{"t":4.466666666666661,"j":false,"c":{"p":[211.9683618539607,1264.6619295790072,2014.1890257972032],"r":[0.18737831484455023,3.911869059370568e-8,0.9822878361690042,2.1708862682961704e-8,1,-4.396517891824939e-8,-0.9822878361690042,2.956247209983067e-8,0.18737831484455023]}},{"t":4.499999999999994,"j":false,"c":{"p":[211.53566710478572,1264.6020759092842,2014.1067958547194],"r":[0.1873796839337804,-2.156006262406422e-8,0.9822875837471977,-1.3983549381490762e-8,1,2.461637396160685e-8,-0.9822875837471977,-1.8348552934400052e-8,0.1873796839337804]}},{"t":4.533333333333327,"j":false,"c":{"p":[211.1079912353118,1264.5416168233712,2014.0255612443636],"r":[0.18738094642923012,-7.768137823484386e-8,0.9822873502036361,-4.6799291919650416e-8,1,8.80095592158418e-8,-0.9822873502036361,-6.246166412919038e-8,0.18738094642923012]}},{"t":4.56666666666666,"j":false,"c":{"p":[210.71461859404255,1264.482308683777,2013.9507417451832],"r":[0.18738069184415287,-3.917429579536164e-8,0.9822873820267708,-2.308584853010532e-8,1,4.428454049266116e-8,-0.9822873820267708,-3.0975012301875146e-8,0.18738069184415287]}},{"t":4.599999999999993,"j":false,"c":{"p":[210.31466068528735,1264.4233437482605,2013.8746788888955],"r":[0.18738012131758733,1.6951883874495758e-9,0.9822874785892116,2.0510589720441427e-9,1,-2.1169856760683534e-9,-0.9822874785892116,2.4113773467467826e-9,0.18738012131758733]}},{"t":4.633333333333327,"j":false,"c":{"p":[209.8910414844523,1264.3656119671966,2013.7941485700865],"r":[0.1873784155928159,5.105293485848388e-8,0.9822878077641675,3.230256511508016e-8,1,-5.8135376240684265e-8,-0.9822878077641675,4.2623647881904673e-8,0.1873784155928159]}},{"t":4.66666666666666,"j":false,"c":{"p":[209.467007799061,1264.310140588479,2013.713397370435],"r":[0.1873780882359481,7.606604277121136e-8,0.9822878748026586,4.741005114503218e-8,1,-8.648133413966476e-8,-0.9822878748026586,6.277492571800648e-8,0.1873780882359481]}},{"t":4.699999999999993,"j":false,"c":{"p":[209.041553932468,1264.2624142050138,2013.6318893492908],"r":[0.1873824836899937,1.7665191055565544e-8,0.9822870436622572,1.062838386927504e-8,1,-2.0011048385581423e-8,-0.9822870436622572,1.4189638371743994e-8,0.1873824836899937]}},{"t":4.733333333333326,"j":false,"c":{"p":[208.6169185705269,1264.211669965425,2013.5507005955724],"r":[0.18738411309947225,-2.517230168981364e-8,0.9822867317022921,-1.6281280326551863e-8,1,2.8732071422765802e-8,-0.9822867317022921,-2.1376791016385412e-8,0.18738411309947225]}},{"t":4.7666666666666595,"j":false,"c":{"p":[208.1937298542809,1264.1555918910688,2013.4700761231277],"r":[0.1873808537322581,-4.050272260358244e-8,0.9822873373548795,-2.574291814450566e-8,1,4.6143752563417345e-8,-0.9822873373548795,-3.3933363618196425e-8,0.1873808537322581]}},{"t":4.799999999999993,"j":false,"c":{"p":[207.75570909549128,1264.0817115975412,2013.386548775527],"r":[0.18738079549203449,-2.2372873163550052e-8,0.9822873430025446,-1.3968898727546157e-8,1,2.5440905729158048e-8,-0.9822873430025446,-1.8488494861093752e-8,0.1