{"v":1,"d":[{"t":0.06639742851257324,"c":{"r":[0.45709675550460815,-5.3560615498327024e-8,0.8894169926643372,1.0833406394183953e-9,1,5.966315796968047e-8,-0.8894169926643372,-2.6308292433441238e-8,0.45709675550460815],"p":[262.3518981933594,1270.075439453125,2037.880859375]},"j":false},{"t":0.05,"j":false,"c":{"p":[262.4482118888729,1270.075235506708,2037.9304183543748],"r":[0.45709597306508915,-7.981976629433779e-8,0.8894174052233562,1.6144669278792076e-9,1,8.89142302359832e-8,-0.8894174052233562,-3.920651891054109e-8,0.45709597306508915]}},{"t":0.1,"j":false,"c":{"p":[262.1545265240011,1270.0758573920755,2037.7793002100364],"r":[0.4570983589255258,2.5117524346412885e-10,0.8894161472242169,-5.074477816065717e-12,1,-2.798535920803407e-10,-0.8894161472242169,1.235091704160383e-10,0.4570983589255258]}},{"t":0.15000000000000002,"j":false,"c":{"p":[261.77595172732373,1270.0773796416674,2037.5845526959445],"r":[0.4570992433205301,4.96753070065426e-8,0.8894156845266948,-1.004789742577159e-9,1,-5.533523860737408e-8,-0.8894156845266948,2.4400037966409872e-8,0.4570992433205301]}},{"t":0.2,"j":false,"c":{"p":[261.2181008867404,1270.0808033498126,2037.2976653166047],"r":[0.4570969568051272,3.4377144157759116e-8,0.889416901408416,-6.955083973628017e-10,1,-3.829388864544133e-8,-0.889416901408416,1.6885426907304697e-8,0.4570969568051272]}},{"t":0.25,"j":false,"c":{"p":[260.61637536229824,1270.0524600563203,2036.988195175628],"r":[0.45709901028094496,-4.326704332026574e-8,0.8894158087332102,8.747918295599106e-10,1,4.819704779354832e-8,-0.8894158087332102,-2.125285802680065e-8,0.45709901028094496]}},{"t":0.3,"j":false,"c":{"p":[260.024694623024,1269.8305996865574,2036.6839792928743],"r":[0.457098707913989,-3.389701582352675e-8,0.8894159696257189,6.858132289377885e-10,1,3.775913296233372e-8,-0.8894159696257189,-1.6649774538243378e-8,0.457098707913989]}},{"t":0.35,"j":false,"c":{"p":[259.44814770820426,1269.5219603462524,2036.38770808841],"r":[0.45709699213481336,3.151955005654992e-8,0.8894168803980306,-6.365046903602124e-10,1,-3.511131286864726e-8,-0.8894168803980306,1.5483134764424636e-8,0.45709699213481336]}},{"t":0.39999999999999997,"j":false,"c":{"p":[258.8859053116311,1269.3605041257556,2036.0990447979293],"r":[0.45709686181599185,6.442408492743232e-8,0.8894169416582963,-1.301873444201449e-9,1,-7.17649940988495e-8,-0.8894169416582963,3.164564605894322e-8,0.45709686181599185]}},{"t":0.44999999999999996,"j":false,"c":{"p":[258.3275216305864,1269.394023621757,2035.8125177603347],"r":[0.4570968747138977,-1.7057206877011314e-8,0.8894169330596924,3.4378142548707007e-10,1,1.9001287037224677e-8,-0.8894169330596924,-8.37966461583616e-9,0.4570968747138977]}},{"t":0.49999999999999994,"j":false,"c":{"p":[257.75804812583203,1269.4725215649778,2035.5203309716796],"r":[0.4570968747138977,-5.472190868686917e-8,0.8894169330596924,1.1049639811720647e-9,1,6.095772572998275e-8,-0.8894169330596924,-2.6880813228763632e-8,0.4570968747138977]}},{"t":0.5499999999999999,"j":false,"c":{"p":[257.17340038996264,1269.553177444429,2035.2203564461615],"r":[0.4570968747138977,5.201371045507868e-9,0.8894169330596924,-1.0439824657037738e-10,1,-5.794414568215309e-9,-0.8894169330596924,2.55575526487534e-9,0.4570968747138977]}},{"t":0.6,"j":false,"c":{"p":[256.5891653294454,1269.6340123639516,2034.9205861561509],"r":[0.4570968747138977,7.994533676428458e-8,0.8894169330596924,-1.612986993893116e-9,1,-8.905614479516886e-8,-0.8894169330596924,3.927266853166343e-8,0.4570968747138977]}},{"t":0.65,"j":false,"c":{"p":[256.02936193090386,1269.7086054868428,2034.6330347991761],"r":[0.4570968747138977,3.822672381120437e-8,0.8894169330596924,-7.714888696543326e-10,1,-4.2583040372197994e-8,-0.8894169330596924,1.877840055464385e-8,0.4570968747138977]}},{"t":0.7000000000000001,"j":false,"c":{"p":[255.4770027141432,1269.7785389421101,2034.3490488300515],"r":[0.45709683614106267,-4.0060449183789973e-8,0.8894169551013124,8.080758900669433e-10,1,4.4625953845026095e-8,-0.8894169551013124,-1.9679665576497735e-8,0.45709683614106267]}},{"t":0.7500000000000001,"j":false,"c":{"p":[254.90417446444548,1269.8451014257985,2034.0542944014583],"r":[0.45709670978590977,-2.5157034537690595e-8,0.8894170280412342,5.076113119702165e-10,1,2.802398141482684e-8,-0.8894170280412342,-1.2358191203426083e-8,0.45709670978590977]}},{"t":0.8000000000000002,"j":false,"c":{"p":[254.3126517820741,1269.914286830606,2033.7498800030316],"r":[0.45709674503762343,3.873000252077939e-8,0.8894170127989908,-7.810097027041751e-10,1,-4.3143997640646773e-8,-0.8894170127989908,1.902634138146826e-8,0.45709674503762343]}},{"t":0.8500000000000002,"j":false,"c":{"p":[253.72371600210485,1269.983308603545,2033.4467843914297],"r":[0.45709678530693054,4.4655616946326943e-8,0.8894169926643372,-9.006582788293162e-10,1,-4.9744863661198954e-8,-0.8894169926643372,2.193715727021692e-8,0.45709678530693054]}},{"t":0.9000000000000002,"j":false,"c":{"p":[253.14459112431533,1270.0511805637448,2033.1487379575099],"r":[0.45709678530693054,-1.1092088645392753e-8,0.8894169926643372,2.2360647172595338e-10,1,1.235627375235173e-8,-0.8894169926643372,-5.449133273400719e-9,0.45709678530693054]}},{"t":0.9500000000000003,"j":false,"c":{"p":[252.57886453091726,1270.1155028105366,2032.8576483991055],"r":[0.45709678530693054,-4.642338954751342e-8,0.8894169926643372,9.361971542706635e-10,1,5.171417047047308e-8,-0.8894169926643372,-2.2805710477000638e-8,0.45709678530693054]}},{"t":1.0000000000000002,"j":false,"c":{"p":[252.00119764442934,1270.167893151556,2032.5608276429693],"r":[0.45709678530693054,1.7785763472199998e-9,0.8894169926643372,-3.5765257084782916e-11,1,-1.9813275247759377e-9,-0.8894169926643372,8.738482096226694e-10,0.45709678530693054]}},{"t":1.0500000000000003,"j":false,"c":{"p":[251.43219715606864,1270.1939862815022,2032.268257099039],"r":[0.4570966765623782,4.870793055610893e-8,0.8894170198504753,-9.821181506562298e-10,1,-5.425914365955393e-8,-0.8894170198504753,2.3928159362547127e-8,0.4570966765623782]}},{"t":1.1000000000000003,"j":false,"c":{"p":[250.86532387103657,1270.2023135779132,2031.9765906739242],"r":[0.4570965899134884,4.1525282428826305e-8,0.8894170415126977,-8.373694467538042e-10,1,-4.625785003499844e-8,-0.8894170415126977,2.03995297450417e-8,0.4570965899134884]}},{"t":1.1500000000000004,"j":false,"c":{"p":[250.28334814704778,1270.1967961782457,2031.6772151351984],"r":[0.45709672812812296,-5.503651101224883e-8,0.889417006959039,1.1095916570651e-9,1,6.130906019497689e-8,-0.889417006959039,-2.7037287579682666e-8,0.45709672812812296]}},{"t":1.2000000000000004,"j":false,"c":{"p":[249.71060170872704,1270.1884458983095,2031.3825872556188],"r":[0.45709663571944364,-3.3612832924471304e-8,0.8894170300612089,6.777497316632618e-10,1,3.744366835749408e-8,-0.8894170300612089,-1.6512578078270167e-8,0.45709663571944364]}},{"t":1.2500000000000004,"j":false,"c":{"p":[249.13169762976122,1270.1794444921545,2031.084791809233],"r":[0.45709654688835144,3.2234252670221666e-8,0.8894170522689819,-6.497446333930919e-10,1,-3.590807590459495e-8,-0.8894170522689819,1.5835564817249598e-8,0.45709654688835144]}},{"t":1.3000000000000005,"j":false,"c":{"p":[248.54339330847338,1270.1711232687653,2030.7821607614749],"r":[0.4570965511586703,9.567876240869404e-8,0.8894170512014022,-1.9288040204184205e-9,1,-1.0658341632452106e-7,-0.8894170512014022,4.700340386129049e-8,0.4570965511586703]}},{"t":1.3500000000000005,"j":false,"c":{"p":[247.96707527552914,1270.1764839975483,2030.4856881583926],"r":[0.45709673162295666,-9.513809779808896e-9,0.8894170060853307,1.9174696819498058e-10,1,1.0598142289334092e-8,-0.8894170060853307,-4.673838320703367e-9,0.45709673162295666]}},{"t":1.4000000000000006,"j":false,"c":{"p":[247.39121976497123,1270.192091280458,2030.1893561605814],"r":[0.45709678530693054,-3.087384528962295e-8,0.8894169926643372,6.223626884764838e-10,1,3.439260493961239e-8,-0.8894169926643372,-1.5167208785722273e-8,0.45709678530693054]}},{"t":1.4500000000000006,"j":false,"c":{"p":[246.81312781948986,1270.212867086049,2029.8918192607202],"r":[0.45709673457661637,2.225185782500552e-9,0.8894170053469157,-4.4806009553213626e-11,1,-2.478816779268627e-9,-0.8894170053469157,1.093203274189479e-9,0.45709673457661637]}},{"t":1.5000000000000007,"j":false,"c":{"p":[246.22959959035964,1270.2354973410709,2029.591456272403],"r":[0.4570965704614467,7.770288850657588e-8,0.8894170463757081,-1.5662038348368612e-9,1,-8.655891479140432e-8,-0.8894170463757081,3.817277289445376e-8,0.4570965704614467]}},{"t":1.5500000000000007,"j":false,"c":{"p":[245.66033857420064,1270.2610203058723,2029.2984197693204],"r":[0.45709654688835144,2.560985206453987e-8,0.8894170522689819,-5.162462150435576e-10,1,-2.852865812388375e-8,-0.8894170522689819,1.2581193268364291e-8,0.45709654688835144]}},{"t":1.6000000000000008,"j":false,"c":{"p":[245.06732405654245,1270.2910177603278,2028.9931060973704],"r":[0.45709664577104453,-2.1781869897159885e-8,0.8894170275483086,4.3898861252825863e-10,1,2.426444612237376e-8,-0.8894170275483086,-1.0700755558881314e-8,0.45709664577104453]}},{"t":1.6500000000000008,"j":false,"c":{"p":[244.4705018725921,1270.3260989422608,2028.6860661314345],"r":[0.45709672217851266,-2.5157336782017216e-8,0.8894170084464416,5.070884499551894e-10,1,2.8024595330741833e-8,-0.8894170084464416,-1.2358941433890989e-8,0.45709672217851266]}},{"t":1.7000000000000008,"j":false,"c":{"p":[243.91203537946842,1270.3671598987246,2028.399476106522],"r":[0.45709655561476353,4.042820757551977e-8,0.8894170500873789,-8.146959459052947e-10,1,-4.5036027200839154e-8,-0.8894170500873789,1.9861208226912565e-8,0.45709655561476353]}},{"t":1.7500000000000009,"j":false,"c":{"p":[243.34836365478594,1270.4131666452442,2028.1101901944512],"r":[0.45709654688835144,4.2755509335049456e-8,0.8894170522689819,-8.616563961117226e-10,1,-4.762855484473391e-8,-0.8894170522689819,2.1004476823365854e-8,0.45709654688835144]}},{"t":1.800000000000001,"j":false,"c":{"p":[242.766956777112,1270.4509576163741,2027.811455252551],"r":[0.4570966471745238,-1.6662093083826934e-8,0.8894170271974389,3.356855594752696e-10,1,1.856120824188302e-8,-0.8894170271974389,-8.185710277880697e-9,0.4570966471745238]}},{"t":1.850000000000001,"j":false,"c":{"p":[242.18327969523656,1270.4787466412242,2027.511172516487],"r":[0.4570967820861695,-7.249089779215329e-8,0.8894169934695274,1.4607644325179654e-9,1,8.075310987425138e-8,-0.8894169934695274,-3.561275843083436e-8,0.4570967820861695]}},{"t":1.900000000000001,"j":false,"c":{"p":[241.62745686796828,1270.501961689857,2027.2250836678884],"r":[0.45709678530693054,-1.340256227351802e-9,0.8894169926643372,2.7047614147338553e-11,1,1.4929923697590144e-9,-0.8894169926643372,-6.583854419873757e-10,0.45709678530693054]}},{"t":1.950000000000001,"j":false,"c":{"p":[241.0427299474648,1270.5156410040463,2026.9242408109103],"r":[0.45709678530693054,6.291825461716118e-8,0.8894169926643372,-1.2677671169895368e-9,1,-7.008946826639142e-8,-0.8894169926643372,3.091009631627998e-8,0.45709678530693054]}},{"t":2.000000000000001,"j":false,"c":{"p":[240.45738964280253,1270.5178592302134,2026.6231205343622],"r":[0.45709678530693054,2.4873398200215727e-8,0.8894169926643372,-5.012357737769222e-10,1,-2.7708359239296447e-8,-0.8894169926643372,1.2219593985412017e-8,0.45709678530693054]}},{"t":2.0500000000000007,"j":false,"c":{"p":[239.8811878136604,1270.5124389286002,2026.326715158839],"r":[0.45709667032188434,-3.399021804960681e-8,0.8894170214105988,6.847926660920283e-10,1,3.786435296398302e-8,-0.8894170214105988,-1.669859900317852e-8,0.45709667032188434]}},{"t":2.1000000000000005,"j":false,"c":{"p":[239.31024151492105,1270.5058617458233,2026.033013293412],"r":[0.45709654688835144,-3.9341394583287065e-8,0.8894170522689819,7.926729088963411e-10,1,4.382540856933668e-8,-0.8894170522689819,-1.9327425286189922e-8,0.45709654688835144]}},{"t":2.1500000000000004,"j":false,"c":{"p":[238.73598572819202,1270.5014676233966,2025.73760898627],"r":[0.45709657079641797,2.94783572792045e-8,0.8894170462919654,-5.938053226013484e-10,1,-3.2838285363818353e-8,-0.8894170462919654,1.4482128743982894e-8,0.45709657079641797]}},{"t":2.2,"j":false,"c":{"p":[238.1510695057293,1270.4982231409808,2025.4367208186172],"r":[0.4570967241075868,5.66769090882798e-8,0.8894170079641731,-1.1417722286051161e-9,1,-6.313687749482872e-8,-0.8894170079641731,2.7844148543950452e-8,0.4570967241075868]}},{"t":2.25,"j":false,"c":{"p":[237.57109476428997,1270.496314778329,2025.1383746101608],"r":[0.4570966551409415,-1.5576175987544827e-8,0.8894170252058344,3.1374551179940645e-10,1,1.7351541718029655e-8,-0.8894170252058344,-7.652273548092282e-9,0.4570966551409415]}},{"t":2.3,"j":false,"c":{"p":[237.00179986104163,1270.494872155831,2024.8455222430794],"r":[0.45709663216215257,-5.8325209065387435e-8,0.8894170309505317,1.174939922196407e-9,1,6.497305792263467e-8,-0.8894170309505317,-2.8653952252072414e-8,0.45709663216215257]}},{"t":2.3499999999999996,"j":false,"c":{"p":[236.4370340103298,1270.4937682587733,2024.5549996768596],"r":[0.45709677475212335,-1.5781571473777107e-9,0.889416995303039,3.183831190277916e-11,1,1.7580086448549087e-9,-0.889416995303039,-7.752622801242738e-10,0.45709677475212335]}},{"t":2.3999999999999995,"j":false,"c":{"p":[235.86146115967222,1270.493416027059,2024.2589178556789],"r":[0.45709678530693054,7.397583871460082e-8,0.8894169926643372,-1.4900949701809706e-9,1,-8.240760811222208e-8,-0.8894169926643372,3.6342934778856267e-8,0.45709678530693054]}},{"t":2.4499999999999993,"j":false,"c":{"p":[235.2823441495685,1270.4888561142889,2023.961011473935],"r":[0.45709661031019744,2.7383664320657184e-8,0.8894170364135204,-5.516336912208827e-10,1,-3.050483068349471e-8,-0.8894170364135204,1.3453024410676259e-8,0.45709661031019744]}},{"t":2.499999999999999,"j":false,"c":{"p":[234.69542319258872,1270.4780162619368,2023.6590585698095],"r":[0.45709667930992043,-3.380852891594898e-8,0.8894170191635897,6.809176962496069e-10,1,3.7662070850980755e-8,-0.8894170191635897,-1.6609592766231986e-8,0.45709667930992043]}},{"t":2.549999999999999,"j":false,"c":{"p":[234.11078581785515,1270.4633442134088,2023.358246478135],"r":[0.45709678530693054,-3.9825250096993115e-8,0.8894169926643372,8.021718329989523e-10,1,4.436454680861955e-8,-0.8894169926643372,-1.9565425857489013e-8,0.45709678530693054]}},{"t":2.5999999999999988,"j":false,"c":{"p":[233.53555932611687,1270.443512421944,2023.062319686269],"r":[0.4570967539461239,3.312596348247793e-8,0.8894170005045389,-6.670923334727723e-10,1,-3.690174260492951e-8,-0.8894170005045389,1.6274340954219865e-8,0.4570967539461239]}},{"t":2.6499999999999986,"j":false,"c":{"p":[232.9627670970045,1270.4014141090993,2022.767977474048],"r":[0.45709660957109777,6.462452229598045e-8,0.8894170365982953,-1.3014877133185458e-9,1,-7.199054207250722e-8,-0.8894170365982953,3.174906143065149e-8,0.45709660957109777]}},{"t":2.6999999999999984,"j":false,"c":{"p":[232.36450604212112,1270.338896999628,2022.460412158769],"r":[0.45709671606105706,-1.7152501234867054e-8,0.8894170099758055,3.4539453804825777e-10,1,1.910760321881081e-8,-0.8894170099758055,-8.426831120873629e-9,0.45709671606105706]}},{"t":2.7499999999999982,"j":false,"c":{"p":[231.77970696704043,1270.270873644848,2022.1595526982194],"r":[0.45709678530693054,-4.381200007458357e-8,0.8894169926643372,8.823124559313527e-10,1,4.8805791476892364e-8,-0.8894169926643372,-2.1524226366261332e-8,0.45709678530693054]}},{"t":2.799999999999998,"j":false,"c":{"p":[231.21915028302865,1270.2052599738627,2021.871081464061],"r":[0.45709678530693054,3.9252998264289004e-10,0.8894169926643372,-7.84595233249845e-12,1,-4.373014203628699e-10,-0.8894169926643372,1.9291042044688734e-10,0.45709678530693054]}},{"t":2.849999999999998,"j":false,"c":{"p":[230.66212670803625,1270.136819102124,2021.5846284668294],"r":[0.45709678530693054,4.876324882075347e-8,0.8894169926643372,-9.819093851653385e-10,1,-5.4321451927656444e-8,-0.8894169926643372,2.3956833317841547e-8,0.45709678530693054]}},{"t":2.8999999999999977,"j":false,"c":{"p":[230.06072042613195,1270.0522380724071,2021.2758108784722],"r":[0.45709678530693054,2.7498128623848832e-8,0.8894169926643372,-5.537267903048655e-10,1,-3.063245178818654e-8,-0.8894169926643372,1.3509501154980493e-8,0.45709678530693054]}},{"t":2.9499999999999975,"j":false,"c":{"p":[229.50397830568676,1269.9604157706965,2020.9888523004763],"r":[0.4615915954141826,-5.998813978709655e-8,0.8870871042185666,1.4273784453104265e-9,1,6.697035982691994e-8,-0.8870871042185666,-2.9807617137790573e-8,0.4615915954141826]}},{"t":2.9999999999999973,"j":false,"c":{"p":[228.9320789223181,1269.8636224975664,2020.691462636336],"r":[0.4632964025351736,-3.8918408544950766e-8,0.8862033811605639,1.1399600742436383e-9,1,4.3319933511774576e-8,-0.8862033811605639,-1.905973957210823e-8,0.4632964025351736]}},{"t":3.049999999999997,"j":false,"c":{"p":[228.35278001228016,1269.7599318406203,2020.388844584206],"r":[0.46329660537845613,3.979027163914898e-8,0.8862032580231476,-3.6506310224805743e-10,1,-4.470887274255772e-8,-0.8862032580231476,2.0389970774747903e-8,0.46329660537845613]}},{"t":3.099999999999997,"j":false,"c":{"p":[227.7751207452872,1269.6447036420368,2020.0880572451072],"r":[0.45897148647998853,8.001599829414844e-8,0.8883880509197765,-1.6427778898461747e-9,1,-8.950638826010212e-8,-0.8883880509197765,4.012010417117573e-8,0.45897148647998853]}},{"t":3.149999999999997,"j":false,"c":{"p":[227.19370151644017,1269.5058906399586,2019.794077711444],"r":[0.43827551720244523,-1.0632023171967606e-8,0.8987216431597008,-2.1477517466626214e-9,1,1.2532699311148336e-8,-0.8987216431597008,-6.808678163357664e-9,0.43827551720244523]}},{"t":3.1999999999999966,"j":false,"c":{"p":[226.64184609745104,1269.358096083008,2019.5315544560442],"r":[0.4176432495034308,-5.257316916568499e-8,0.9085478831616168,-2.810063620712539e-9,1,5.907552167772943e-8,-0.9085478831616168,-2.7076973773903434e-8,0.4176432495034308]}},{"t":3.2499999999999964,"j":false,"c":{"p":[226.07131811486883,1269.200658509891,2019.2711722704098],"r":[0.4131045639514923,1.3830980752316876e-9,0.9106836318969727,3.4947374741245e-10,1,-1.6772761608985085e-9,-0.9106836318969727,1.011149642909716e-9,0.4131045639514923]}},{"t":3.2999999999999963,"j":false,"c":{"p":[225.4859020087918,1269.0467141790423,2019.0088633787045],"r":[0.4081519855770346,4.2878390674401777e-8,0.9128886348182219,2.756067773651548e-9,1,-4.8174799259041765e-8,-0.9128886348182219,2.213165393844383e-8,0.4081519855770346]}},{"t":3.349999999999996,"j":false,"c":{"p":[224.90211859169517,1268.8968552869594,2018.7507909549183],"r":[0.40118172070203817,2.435608817680421e-8,0.9159919679000822,1.7551683510127918e-9,1,-2.7364990959011375e-8,-0.9159919679000822,1.2598018166583466e-8,0.40118172070203817]}},{"t":3.399999999999996,"j":false,"c":{"p":[224.34065178610737,1268.74502945495,2018.5051681779655],"r":[0.400348255250434,-7.37139672583305e-8,0.9163630807890325,-4.256429459426134e-9,1,8.230145922109937e-8,-0.9163630807890325,-3.684966913307809e-8,0.400348255250434]}},{"t":3.4499999999999957,"j":false,"c":{"p":[223.75317229004278,1268.559830015037,2018.2484647756667],"r":[0.4003496953595503,-3.5704826883369203e-8,0.9163624419367348,-2.2420269263434557e-9,1,3.994312954359891e-8,-0.9163624419367348,-1.804564984028183e-8,0.4003496953595503]}},{"t":3.4999999999999956,"j":false,"c":{"p":[223.17654006758758,1268.3721648822902,2017.9967094344706],"r":[0.4003509434124937,4.279052684305912e-8,0.916361889981461,2.1803071724448844e-9,1,-4.7648664184224284e-8,-0.916361889981461,2.1074144261609835e-8,0.4003509434124937]}},{"t":3.5499999999999954,"j":false,"c":{"p":[222.62792073150106,1268.1952913483303,2017.7575490246184],"r":[0.4003504244174541,7.642476512787036e-8,0.9163621251168139,4.147089808906277e-9,1,-8.521205810660519e-8,-0.9163621251168139,3.791500335484631e-8,0.4003504244174541]}},{"t":3.599999999999995,"j":false,"c":{"p":[222.0811208872389,1268.0199374069223,2017.5192633109143],"r":[0.40034760929446617,-1.2003403191915138e-8,0.9163633333900094,-5.492901298883354e-10,1,1.3338887916587413e-8,-0.9163633333900094,-5.843461460953212e-9,0.40034760929446617]}},{"t":3.649999999999995,"j":false,"c":{"p":[221.50741655449602,1267.8374477252873,2017.2688059801515],"r":[0.40034763875077706,-4.197073910457698e-8,0.9163633235552734,-2.207170987522458e-9,1,4.6765701610467475e-8,-0.9163633235552734,-2.074511324466812e-8,0.40034763875077706]}},{"t":3.699999999999995,"j":false,"c":{"p":[220.9206574429241,1267.657227736231,2017.01250337417],"r":[0.4003490619852158,-5.275802394831488e-10,0.9163627061650071,-1.0409026414806481e-10,1,6.211676910624772e-10,-0.9163627061650071,-3.439930310288094e-10,0.4003490619852158]}},{"t":3.7499999999999947,"j":false,"c":{"p":[220.33933044908898,1267.4807525355886,2016.7584557692953],"r":[0.4003496220948735,5.378683195863044e-8,0.9163624707478768,2.7173982737238344e-9,1,-5.988323671676868e-8,-0.9163624707478768,2.6464376177481843e-8,0.4003496220948735]}},{"t":3.7999999999999945,"j":false,"c":{"p":[219.78372399162677,1267.3061927844512,2016.515421675483],"r":[0.40034686771269046,4.2927316983221246e-8,0.9163637061242117,2.206883832133427e-9,1,-4.780944146278075e-8,-0.9163637061242117,2.1162667293095084e-8,0.40034686771269046]}},{"t":3.8499999999999943,"j":false,"c":{"p":[219.19311071191308,1267.050097530448,2016.2571122309337],"r":[0.400348463963324,-5.306479728513879e-8,0.9163630066131982,-2.664551843170635e-9,1,5.9072201640372514e-8,-0.9163630066131982,-2.609121831810543e-8,0.400348463963324]}},{"t":3.899999999999994,"j":false,"c":{"p":[218.63176313937385,1266.78106254739,2016.0118161927394],"r":[0.40034860511510406,-3.403354062349056e-8,0.916362940669533,-1.7315951346646408e-9,1,3.7896335664937515e-8,-0.916362940669533,-1.6758536735918426e-8,0.40034860511510406]}},{"t":3.949999999999994,"j":false,"c":{"p":[218.09141066669702,1266.508485745252,2015.775939499818],"r":[0.398761740490943,3.62292820200966e-8,0.9170496244043234,1.812161367239763e-9,1,-4.0244323028257595e-8,-0.9170496244043234,1.7615924488891713e-8,0.398761740490943]}},{"t":3.999999999999994,"j":false,"c":{"p":[217.56219428195084,1266.241537274761,2015.5451813588832],"r":[0.3940574989118151,8.928901730158426e-8,0.9190852954496802,4.537498116397056e-9,1,-9.909040615648501e-8,-0.9190852954496802,4.320843080910274e-8,0.3940574989118151]}},{"t":4.049999999999994,"j":false,"c":{"p":[217.01725873041278,1265.974636964013,2015.346968009768],"r":[0.3329536734142919,-1.7151397600901098e-8,0.9420594850468269,-9.420871118890124e-9,1,2.0027744647555864e-8,-0.9420594850468269,-1.2782779149676438e-8,0.3329536734142919]}},{"t":4.099999999999993,"j":false,"c":{"p":[216.46197359781124,1265.704092681859,2015.1643897036815],"r":[0.2886712373916368,-4.108736815438896e-8,0.9571218087438315,-6.7036564593749165e-9,1,4.535888038262959e-8,-0.9571218087438315,-2.002781968880285e-8,0.2886712373916368]}},{"t":4.149999999999993,"j":false,"c":{"p":[215.89652520861097,1265.4350541706988,2014.9968353658908],"r":[0.25439077801940924,1.0877637242007755e-9,0.9668134687221929,9.903532762315192e-9,1,-3.132554612244562e-9,-0.9668134687221929,9.435797959812447e-9,0.25439077801940924]}},{"t":4.199999999999993,"j":false,"c":{"p":[215.32098889224426,1265.1754884049292,2014.8440494580877],"r":[0.2167663611751232,7.455809710286534e-8,0.976173263703753,3.4797895920449006e-8,1,-8.398921894368272e-8,-0.976173263703753,5.1985159526837016e-8,0.2167663611751232]}},{"t":4.249999999999993,"j":false,"c":{"p":[214.72406971060076,1264.99972704766,2014.7191769681506],"r":[0.1945017578630775,2.4739673588670617e-8,0.9808256459587087,8.813277027667292e-9,1,-2.726101415610317e-8,-0.9808256459587087,1.4342771322813714e-8,0.1945017578630775]}},{"t":4.299999999999993,"j":false,"c":{"p":[214.11255194558316,1264.890309616604,2014.5992505555168],"r":[0.18737947890931905,-3.3292427256538286e-8,0.9822876168095676,-1.8298326235334738e-8,1,3.7383302791840256e-8,-0.9822876168095676,-2.4979075485183307e-8,0.18737947890931905]}},{"t":4.3499999999999925,"j":false,"c":{"p":[213.49141852714948,1264.819626338568,2014.4804781952378],"r":[0.18737867535164934,-4.124829314449985e-8,0.9822877665991523,-1.9263427482650437e-8,1,4.566674944121557e-8,-0.9822877665991523,-2.7479255622433697e-8,0.18737867535164934]}},{"t":4.399999999999992,"j":false,"c":{"p":[212.8657068340427,1264.7614718281015,2014.3608048637818],"r":[0.18737706195636164,3.07634461816074e-8,0.9822880795000566,1.9669271481116533e-8,1,-3.507016085708904e-8,-0.9822880795000566,2.5892212304052005e-8,0.18737706195636164]}},{"t":4.449999999999992,"j":false,"c":{"p":[212.1944946000528,1264.6874419495605,2014.2323185283083],"r":[0.18737790464862472,3.9527107812562794e-8,0.9822879158186985,2.2619657103321244e-8,1,-4.4554687310287525e-8,-0.9822879158186985,3.056757876672215e-8,0.18737790464862472]}},{"t":4.499999999999992,"j":false,"c":{"p":[211.53566710478574,1264.6020759092842,2014.1067958547194],"r":[0.1873796839337804,-2.156006262406099e-8,0.9822875837471977,-1.3983549381488866e-8,1,2.461637396160319e-8,-0.9822875837471977,-1.8348552934397498e-8,0.1873796839337804]}},{"t":4.549999999999992,"j":false,"c":{"p":[210.9113049146772,1264.5119627535742,2013.9881514947735],"r":[0.1873808191366915,-5.84278370151048e-8,0.9822873661152034,-3.4942570224879134e-8,1,6.61470498542538e-8,-0.9822873661152034,-4.6718338215534446e-8,0.1873808191366915]}},{"t":4.599999999999992,"j":false,"c":{"p":[210.31466068528738,1264.4233437482605,2013.8746788888955],"r":[0.18738012131758733,1.6951883874473987e-9,0.9822874785892116,2.0510589720428027e-9,1,-2.1169856760658818e-9,-0.9822874785892116,2.411377346744999e-9,0.18738012131758733]}},{"t":4.6499999999999915,"j":false,"c":{"p":[209.67902464175668,1264.337876277838,2013.7537729702608],"r":[0.187378251914382,6.355948881484628e-8,0.982287841283413,3.9856308130055366e-8,1,-7.2308355190173e-8,-0.982287841283413,5.2699286799954505e-8,0.187378251914382]}},{"t":4.699999999999991,"j":false,"c":{"p":[209.04155393246802,1264.2624142050138,2013.6318893492908],"r":[0.1873824836899937,1.7665191055568655e-8,0.9822870436622572,1.0628383869277e-8,1,-2.001104838558497e-8,-0.9822870436622572,1.4189638371746581e-8,0.1873824836899937]}},{"t":4.749999999999991,"j":false,"c":{"p":[208.4053242124039,1264.1836309282469,2013.5103883593501],"r":[0.1873824834158652,-3.283751214669722e-8,0.9822870345285858,-2.1012099235528256e-8,1,3.7437911993090646e-8,-0.9822870345285858,-2.765507731729025e-8,0.1873824834158652]}},{"t":4.799999999999991,"j":false,"c":{"p":[207.7557090954913,1264.0817115975412,2013.386548775527],"r":[0.18738079549203449,-2.2372873163551018e-8,0.9822873430025446,-1.3968898727546784e-8,1,2.544090572915915e-8,-0.9822873430025446,-1.8488494861094576e-8,0.18738079549203449]}},{"t":4.849999999999991,"j":false,"c":{"p":[207.09957661958927,1263.9430340127442,2013.2612889645131],"r":[0.1850420075177593,3.793202260628768e-8,0.9827165725782766,2.442099281442699e-8,1,-4.319771988327881e-8,-0.9827165725782766,3.199054330786835e-8,0.1850420075177593]}},{"t":4.899999999999991,"j":false,"c":{"p":[206.51698106202082,1263.8036546911221,2013.1499767357718],"r":[0.17549747201416732,4.037385613632951e-8,0.9844683307496462,2.5212991677862157e-8,1,-4.5520897808795264e-8,-0.9844683307496462,3.282688507457223e-8,0.17549747201416732]}},{"t":4.94999999999999,"j":false,"c":{"p":[205.87874095354542,1263.6519672713487,2013.0576609058503],"r":[0.10611911958362988,-4.012596680272137e-8,0.9928599101263634,-3.254668565024299e-8,1,4.0973497125977836e-8,-0.9928599101263634,-3.3276266874031704e-8,0.10611911958362988]}},{"t":4.99999999999999,"j":false,"c":{"p":[205.23649720128287,1263.5115736431176,2013.0072791719447],"r":[0.03126283195721179,-5.4517031885107096e-8,0.9985772256110088,-4.0175509538618677e-8,1,5.759866082757128e-8,-0.9985772256110088,-4.413006404140488e-8,0.03126283195721179]}},{"t":5.04999999999999,"j":false,"c":{"p":[204.60661679184017,1263.3785941320739,2013.0072330023017],"r":[-0.02583288967387248,1.646312151206167e-8,0.9992734996697128,1.5617317731246983e-8,1,-1.5242877261552905e-8,-0.9992734996697128,1.4142967116267912e-8,-0.02583288967387248]}},{"t":5.09999999999999,"j":false,"c":{"p":[203.97921907276492,1263.2213301860522,2013.0264607614777],"r":[-0.052869553699707805,6.739888891321813e-8,0.99856449003774,5.458309010939259e-8,1,-6.449187594961761e-8,-0.99856449003774,5.0939446160377496e-8,-0.052869553699707805]}},{"t":5.14999999999999,"j":false,"c":{"p":[203.36839922577906,1262.9835849867866,2013.0618653345523],"r":[-0.060694993676097035,-8.136584643088472e-9,0.9981512331807911,-7.348290786863658e-9,1,7.574559605514382e-9,-0.9981512331807911,-6.703151838371525e-9,-0.060694993676097035]}},{"t":5.1999999999999895,"j":false,"c":{"p":[202.76399987467022,1262.7104534328873,2013.099421301136],"r":[-0.06278919832880943,-3.776829597066098e-8,0.998026817089828,-3.1052623064235825e-8,1,3.588934684982064e-8,-0.998026817089828,-2.873789111792809e-8,-0.06278919832880943]}},{"t":5.249999999999989,"j":false,"c":{"p":[202.17883372001498,1262.4365321949776,2013.13588342421],"r":[-0.06278901975975777,-2.6417281652018657e-9,0.9980268281381509,-1.5983072214778744e-9,1,2.546363203802306e-9,-0.9980268281381509,-1.4352252029395963e-9,-0.06278901975975777]}},{"t":5.299999999999989,"j":false,"c":{"p":[201.60928717028753,1262.1769259792256,2013.171261546648],"r":[-0.06278775148911193,5.1969460894064036e-8,0.998026898460005,4.354144465379453e-8,1,-4.933293419366202e-8,-0.998026898460005,4.035803521826029e-8,-0.06278775148911193]}},{"t":5.349999999999989,"j":false,"c":{"p":[201.00982806928158,1261.8962601408678,2013.2088638815487],"r":[-0.06278883598112156,1.579319283713311e-8,0.9980268567487739,1.2999425849477722e-8,1,-1.5006591695302697e-8,-0.9980268567487739,1.203153914278049e-8,-0.06278883598112156]}},{"t":5.399999999999989,"j":false,"c":{"p":[200.44712095040066,1261.6150249147245,2013.2443309978037],"r":[-0.06278906762599945,-6.217634179151667e-8,0.9980268478393555,-5.2351777033891737e-8,1,5.9005650042753254e-8,-0.9980268478393555,-4.854357146463457e-8,-0.06278906762599945]}},{"t":5.449999999999989,"j":false,"c":{"p":[199.85470397642894,1261.3302521191506,2013.2815584111504],"r":[-0.06278906762599945,-3.179591339554872e-8,0.9980268478393555,-2.661543156194238e-8,1,3.018431369869843e-8,-0.9980268478393555,-2.4667671540030935e-8,-0.06278906762599945]}},{"t":5.4999999999999885,"j":false,"c":{"p":[199.2340025066695,1261.086061620924,2013.321335986527],"r":[-0.06586344744239972,3.914583518990603e-8,0.9978226421654024,3.32077461591281e-8,1,-3.692357976352956e-8,-0.9978226421654024,3.0555728669314945e-8,-0.06586344744239972]}},{"t":5.549999999999988,"j":false,"c":{"p":[198.6060861866388,1260.9043842318356,2013.3632112150108],"r":[-0.06972099672889182,5.771009403419817e-8,0.9975664199732327,4.88628444703163e-8,1,-5.443428894180387e-8,-0.9975664199732327,4.494678765516954e-8,-0.06972099672889182]}},{"t":5.599999999999988,"j":false,"c":{"p":[197.98887369182773,1260.7777595448615,2013.4063332332967],"r":[-0.06975634448980458,-2.7486629515662803e-8,0.9975640804252911,-2.3015171889876995e-8,1,2.5944373696738128e-8,-0.9975640804252911,-2.1149323775241366e-8,-0.06975634448980458]}},{"t":5.649999999999988,"j":false,"c":{"p":[197.3520910801175,1260.687029391545,2013.4513782160388],"r":[-0.06975486017292702,-3.451048648856161e-8,0.9975641680602358,-2.9070443424560935e-8,1,3.2561999084843367e-8,-0.9975641680602358,-2.6728279456715906e-8,-0.06975486017292702]}},{"t":5.699999999999988,"j":false,"c":{"p":[196.7036264157125,1260.6050054808063,2013.4971570961643],"r":[-0.06975437700748444,1.4600606077468475e-8,0.9975641965866089,1.2142017324589066e-8,1,-1.3787232720956035e-8,-0.9975641965866089,1.1150722020654123e-8,-0.06975437700748444]}},{"t":5.749999999999988,"j":false,"c":{"p":[196.04492628153213,1260.5282320314943,2013.5436016213812],"r":[-0.06975437700748444,5.1289462819634534e-8,0.9975641965866089,4.301120555646992e-8,1,-4.8407156144801594e-8,-0.9975641965866089,3.952982896099861e-8,-0.06975437700748444]}},{"t":5.799999999999987,"j":true,"c":{"p":[195.38566709804633,1260.454622151377,2013.590059326135],"r":[-0.06975437700748444,1.3102990684417734e-9,0.9975641965866089,1.1574422352258772e-9,1,-1.232564996214291e-9,-0.9975641965866089,1.0686459292512132e-9,-0.06975437700748444]}},{"t":5.849999999999987,"j":false,"c":{"p":[194.77797714693835,1261.3867742987504,2013.633374989017],"r":[-0.07299979156373727,-7.304205396696524e-8,0.9972708183654948,-6.0655476525427e-8,1,6.885163382795788e-8,-0.9972708183654948,-5.5510634346572724e-8,-0.07299979156373727]}},{"t":5.899999999999987,"j":false,"c":{"p":[194.1185109465933,1263.3795782759205,2013.6839778907251],"r":[-0.09804365117968471,-7.197268992246317e-8,0.9950068528899465,-5.5821762304602834e-8,1,6.713416261214191e-8,-0.9950068528899465,-4.9308432068131306e-8,-0.09804365117968471]}},{"t":5.949999999999987,"j":false,"c":{"p":[193.47203032501648,1264.851558084728,2013.750191633354],"r":[-0.11432407800076161,-1.5444397548556536e-8,0.9934350603820117,1.508888983903712e-10,1,1.572714530787814e-8,-0.9934350603820117,1.7630948048992363e-9,-0.11432407800076161]}},{"t":5.999999999999987,"j":false,"c":{"p":[192.82227857687636,1265.8601101287722,2013.8269233437518],"r":[-0.11840563196240554,5.014961208160859e-8,0.9929653067133292,6.409913146272832e-8,1,-4.286141332988631e-8,-0.9929653067133292,5.8573160291760236e-8,-0.11840563196240554]}},{"t":6.0499999999999865,"j":false,"c":{"p":[192.16634254497438,1266.348275750266,2013.9111919092602],"r":[-0.13741194634960524,7.55380158805322e-8,0.9894338978778227,8.64748831142461e-8,1,-6.600973999614776e-8,-0.9894338978778227,7.847192687039946e-8,-0.13741194634960524]}},{"t":6.099999999999986,"j":false,"c":{"p":[191.5324184796278,1266.390265880269,2014.0105412593489],"r":[-0.21916025417356755,3.584773442529927e-9,0.9742445822302548,1.0764291332409768e-8,1,-3.6428696247008503e-9,-0.9742445822302548,1.2491000421132575e-8,-0.21916025417356755]}},{"t":6.149999999999986,"j":false,"c":{"p":[190.9165083907483,1265.8883580945355,2014.1663258569215],"r":[-0.26858895920288234,-6.306743980563863e-8,0.9629987562768011,-4.36153546339414e-8,1,5.295051685920001e-8,-0.9629987562768011,-2.6933942934461302e-8,-0.26858895920288234]}},{"t":6.199999999999986,"j":false,"c":{"p":[190.30840696614277,1264.9813389850208,2014.347576836732],"r":[-0.29742138058468093,-8.800379656230992e-8,0.9546276141426341,-5.840629282172778e-8,1,7.41644908785372e-8,-0.9546276141426341,-3.401246889295134e-8,-0.29742138058468093]}},{"t":6.249999999999986,"j":false,"c":{"p":[189.70034139304929,1263.676057640987,2014.54077987268],"r":[-0.32192864969297114,-5.408248217076087e-8,0.946598282104687,-2.9707456171463254e-8,1,4.727182275361843e-8,-0.946598282104687,-1.3292854209303908e-8,-0.32192864969297114]}},{"t":6.299999999999986,"j":false,"c":{"p":[189.07422471016687,1262.4280033059893,2014.7537059670497],"r":[-0.3486063027188783,-2.1670951714734557e-8,0.9371652840179455,4.394793162573056e-10,1,2.3437709672702738e-8,-0.9371652840179455,8.367089131169057e-9,-0.3486063027188783]}},{"t":6.349999999999985,"j":false,"c":{"p":[188.4809208909165,1261.7094576047218,2015.0040250644522],"r":[-0.3624705161131627,9.291468749416753e-9,0.9319694103268968,3.0562861116880765e-8,1,2.0183397953250004e-9,-0.9319694103268968,2.9074855770413256e-8,-0.3624705161131627]}},{"t":6.399999999999985,"j":false,"c":{"p":[187.89356927348084,1261.1782702591536,2015.2818027150463],"r":[-0.40945524739023476,4.258582938584567e-8,0.9101511757920674,6.171781414156915e-8,1,-1.8173200466278592e-8,-0.9101511757920674,4.7594267540705664e-8,-0.40945524739023476]}},{"t":6.449999999999985,"j":false,"c":{"p":[187.3102941764945,1260.8105021734114,2015.5912802720045],"r":[-0.48279983364555756,6.73372544511487e-8,0.8752229858412829,8.222891389335004e-8,1,-3.142131994904558e-8,-0.8752229858412829,5.657609331562172e-8,-0.48279983364555756]}},{"t":6.499999999999985,"j":false,"c":{"p":[186.75674708465445,1260.750648465919,2015.9188407191805],"r":[-0.4929842510098751,6.191158572645044e-8,0.870034494798898,7.254064601706345e-8,1,-3.0071168071157947e-8,-0.870034494798898,4.8299608787938744e-8,-0.4929842510098751]}},{"t":6.549999999999985,"j":false,"c":{"p":[186.20457490601595,1260.667540136743,2016.2406685172964],"r":[-0.49394533038139343,-1.1297936685311791e-8,0.8694929480552673,-1.4279140443080258e-8,1,4.8819504048564644e-9,-0.8694929480552673,-1.0004195498880116e-8,-0.49394533038139343]}},{"t":6.5999999999999845,"j":false,"c":{"p":[185.64186950913063,1260.713266622712,2016.5675440004607],"r":[-0.4991105219619317,-5.200704802054132e-8,0.8664867305655485,-6.105948619163432e-8,1,2.504705852164492e-8,-0.8664867305655485,-4.060515550000951e-8,-0.4991105219619317]}},{"t":6.649999999999984,"j":false,"c":{"p":[185.0709512747771,1260.8394196538634,2016.9019872150232],"r":[-0.5097125498304861,-2.0740497898134738e-8,0.8603161943699457,-2.158279410987774e-8,1,1.1442191737145805e-8,-0.8603161943699457,-1.2856948277816903e-8,-0.5097125498304861]}},{"t":6.699999999999984,"j":false,"c":{"p":[184.52739849596298,1260.4081732681295,2017.2246962429158],"r":[-0.5120431780815125,9.375741930798968e-9,0.8589597344398499,1.6170732823288523e-8,1,-1.2755297538549304e-9,-0.8589597344398499,1.3236881736819108e-8,-0.5120431780815125]}},{"t":6.749999999999984,"j":false,"c":{"p":[184.04590955729068,1259.9098680592201,2017.5124596225921],"r":[-0.49871262728023946,0.01562698748036409,0.866439008707537,0.012879096238854458,0.9997646717159481,-0.01068769167106215,-0.8665145067609762,0.005991252964561709,-0.4989355203820873]}},{"t":6.799999999999984,"j":false,"c":{"p":[183.54593710256222,1259.6897601264886,2017.809760061739],"r":[-0.483602703002469,0.02024712997996069,0.8749742399748078,0.01773673075853595,0.9997238918036986,-0.013315161353898233,-0.8750486134344159,0.009011904233005448,-0.48386550836975356]}},{"t":6.849999999999984,"j":false,"c":{"p":[183.08721934682913,1259.8024215264977,2018.0788843950543],"r":[-0.4737934151446573,0.009230916208245945,0.8805547255768554,0.009695739471789366,0.9999167530914591,-0.005253667110383732,-0.8805528159514034,0.006022517856431505,-0.4738748522533293]}},{"t":6.8999999999999835,"j":false,"c":{"p":[182.83046985521526,1260.1172585182399,2018.2230358820716],"r":[-0.4701682460914743,0.0011293674924908,0.8825642310876063,0.0012881446420576984,0.99998595604313,-0.0005873283416023478,-0.882562256933632,0.0008530480417273099,-0.4701821185118904]}},{"t":6.949999999999983,"j":false,"c":{"p":[182.62194331728747,1260.3617314458572,2018.332650035662],"r":[-0.46265726278734043,-0.0003468950383994044,0.8865099456401683,-0.00034762447862322557,0.9999998121082445,0.00020806679792230621,-0.8865099456401683,-0.00020927851573418683,-0.46265743725825614]}},{"t":6.999999999999983,"j":false,"c":{"p":[182.2720687820273,1260.5975414312188,2018.5172333307967],"r":[-0.45709484815597545,-0.0000014779524929294993,0.8894179463386535,-0.0000015910916301079122,1,8.440043868099197e-7,-0.8894179463386535,-0.0000010293553614022983,-0.45709484815597545]}},{"t":7.049999999999983,"j":false,"c":{"p":[181.68602626109362,1260.893630981726,2018.8420777647705],"r":[-0.45709484815597534,-1.709940619944431e-7,0.8894179463386536,-1.9063332771576725e-7,1,9.428249511317667e-8,-0.8894179463386536,-1.2645665420783567e-7,-0.45709484815597534]}},{"t":7.099999999999983,"j":false,"c":{"p":[181.1301389806675,1261.2865451971509,2019.192853771782],"r":[-0.45709484815597534,-3.824122503882386e-8,0.8894179463386536,-3.730857036501014e-8,1,2.3821948093493468e-8,-0.8894179463386536,-2.229401970249311e-8,-0.45709484815597534]}},{"t":7.149999999999983,"j":false,"c":{"p":[180.58673263661447,1261.461892575507,2019.5264327266593],"r":[-0.45709484815597534,-1.5156943227284503e-8,0.8894179463386536,-9.654369960582852e-9,1,1.2079786556717706e-8,-0.8894179463386536,-3.065161020377485e-9,-0.45709484815597534]}},{"t":7.199999999999982,"j":false,"c":{"p":[180.04216479500005,1261.4911989712373,2019.8461823030873],"r":[-0.45709484815597534,6.513389915468343e-8,0.889