{"v":1,"d":[{"t":0.06161856651306152,"j":false,"c":{"p":[-418.4583435058594,1302.168701171875,2394.610595703125],"r":[0.36812978982925415,1.4004917225918234e-8,0.9297744035720825,1.4741434739562465e-9,1,-1.5646369533328652e-8,-0.9297744035720825,7.130515733422271e-9,0.36812978982925415]}},{"t":0.12462353706359863,"j":false,"c":{"p":[-419.2630310058594,1302.125732421875,2394.290283203125],"r":[0.36812978982925415,5.333917130201371e-8,0.9297744035720825,5.614569253964419e-9,1,-5.959086379903056e-8,-0.9297744035720825,2.7157454951520776e-8,0.36812978982925415]}},{"t":0.18680858612060547,"j":false,"c":{"p":[-419.9671325683594,1302.088134765625,2394.010009765625],"r":[0.36812978982925415,-3.7821209275534784e-8,0.9297744035720825,-3.98099819776121e-9,1,4.225404737212557e-8,-0.9297744035720825,-1.925640447097976e-8,0.36812978982925415]}},{"t":0.24870061874389648,"j":false,"c":{"p":[-420.7215270996094,1302.0086669921875,2393.709716796875],"r":[0.36812978982925415,-7.128877399509292e-8,0.9297744035720825,-7.503817123222234e-9,1,7.964420944972517e-8,-0.9297744035720825,-3.629626377232853e-8,0.36812978982925415]}},{"t":0.31153202056884766,"j":false,"c":{"p":[-421.52587890625,1301.2647705078125,2393.388916015625],"r":[0.4067375361919403,7.921310185565744e-8,0.9135450720787048,6.896431425928995e-9,1,-8.978007315363357e-8,-0.9135450720787048,4.281712406850602e-8,0.4067375361919403]}},{"t":0.3773665428161621,"j":false,"c":{"p":[-422.23223876953125,1300.8536376953125,2392.993408203125],"r":[0.5764351487159729,1.2922673597870471e-8,0.817142903804779,-4.801227748707504e-10,1,-1.5475768222472652e-8,-0.817142903804779,8.528448169897729e-9,0.5764351487159729]}},{"t":0.4408073425292969,"j":false,"c":{"p":[-422.89569091796875,1300.810546875,2392.525146484375],"r":[0.5764351487159729,-7.481633446104752e-8,0.817142903804779,-4.591573343759592e-9,1,9.479747120622051e-8,-0.817142903804779,-5.839656580519659e-8,0.5764351487159729]}},{"t":0.5085728168487549,"j":false,"c":{"p":[-423.60321044921875,1300.7705078125,2392.025146484375],"r":[0.5764351487159729,4.038771095338234e-9,0.817142903804779,6.850008893444226e-10,1,-5.425770055467183e-9,-0.817142903804779,3.6873482045507444e-9,0.5764351487159729]}},{"t":0.5755412578582764,"j":false,"c":{"p":[-424.3555908203125,1300.720947265625,2391.495849609375],"r":[0.564967155456543,4.8807827113250823e-8,0.8251134157180786,2.533473653087981e-9,1,-6.088757942279699e-8,-0.8251134157180786,3.648988311510948e-8,0.564967155456543]}},{"t":0.638979434967041,"j":false,"c":{"p":[-425.03106689453125,1300.6697998046875,2391.046875],"r":[0.5417079329490662,-3.8481459796457784e-8,0.8405668139457703,-7.517093614239911e-9,1,5.06248021281408e-8,-0.8405668139457703,-3.37424772567374e-8,0.5417079329490662]}},{"t":0.701258659362793,"j":false,"c":{"p":[-425.7242736816406,1300.6160888671875,2390.626708984375],"r":[0.48785674571990967,-4.6547313559131e-8,0.8729236721992493,-7.592513284748748e-9,1,5.756674070767076e-8,-0.8729236721992493,-3.471200926696838e-8,0.48785674571990967]}},{"t":0.7676911354064941,"j":false,"c":{"p":[-426.4835510253906,1300.5574951171875,2390.213623046875],"r":[0.47563284635543823,7.980625582604262e-8,0.8796439170837402,1.777474878394969e-8,1,-1.003366350005308e-7,-0.8796439170837402,6.335884705777062e-8,0.47563284635543823]}},{"t":0.8279018402099609,"j":false,"c":{"p":[-427.1492004394531,1300.5062255859375,2389.854736328125],"r":[0.4756329655647278,9.218458885129621e-9,0.8796438574790955,7.960028747255876e-10,1,-1.091017054477561e-8,-0.8796438574790955,5.889435605865856e-9,0.4756329655647278]}},{"t":0.895073413848877,"j":false,"c":{"p":[-427.90985107421875,1300.446533203125,2389.444580078125],"r":[0.47563284635543823,-8.709890408908905e-8,0.8796439170837402,-2.1978040720682657e-8,1,1.1089986173828947e-7,-0.8796439170837402,-7.208046071127683e-8,0.47563284635543823]}},{"t":0.9582359790802002,"j":false,"c":{"p":[-428.67144775390625,1300.3818359375,2389.036376953125],"r":[0.4694640636444092,2.35319213004459e-8,0.882951557636261,7.547557245857206e-9,1,-3.066445586341615e-8,-0.882951557636261,2.1059987531657498e-8,0.4694640636444092]}},{"t":1.0278892517089844,"j":false,"c":{"p":[-429.43414306640625,1300.3135986328125,2388.630126953125],"r":[0.4694640636444092,3.868617071134395e-8,0.882951557636261,1.0361548063997361e-8,1,-4.932382324795981e-8,-0.882951557636261,3.230450573710186e-8,0.4694640636444092]}},{"t":1.0928940773010254,"j":false,"c":{"p":[-430.19683837890625,1300.2452392578125,2388.223876953125],"r":[0.4694640636444092,-5.525129154193564e-8,0.882951557636261,-1.7165847410183233e-8,1,7.17027290875194e-8,-0.882951557636261,-4.881846749071883e-8,0.4694640636444092]}},{"t":1.1540429592132568,"j":false,"c":{"p":[-430.86419677734375,1300.1854248046875,2387.868408203125],"r":[0.4694640636444092,-2.986576674857133e-8,0.882951557636261,-8.779644566914158e-9,1,3.849304519576435e-8,-0.882951557636261,-2.5823101879041133e-8,0.4694640636444092]}},{"t":1.222245454788208,"j":false,"c":{"p":[-431.6744079589844,1300.1080322265625,2387.436767578125],"r":[0.45710331201553345,7.258537237930796e-8,0.889413595199585,2.2783151365501908e-8,1,-9.3319492577848e-8,-0.889413595199585,6.292029297583213e-8,0.45710331201553345]}},{"t":1.2931039333343506,"j":false,"c":{"p":[-432.4976501464844,1300.01318359375,2387.03564453125],"r":[0.4067435562610626,-2.5089091693075716e-8,0.9135423898696899,-1.1284775780495693e-8,1,3.2487928791624654e-8,-0.9135423898696899,-2.3523377024048386e-8,0.4067435562610626]}},{"t":1.3660812377929688,"j":false,"c":{"p":[-433.3540954589844,1299.9024658203125,2386.71826171875],"r":[0.2689175307750702,-4.7365677602329015e-8,0.9631631970405579,-2.0793370580918236e-8,1,5.4982770336664544e-8,-0.9631631970405579,-3.481324029053212e-8,0.2689175307750702]}},{"t":1.426314353942871,"j":false,"c":{"p":[-434.1383361816406,1299.8046875,2386.531005859375],"r":[0.18738994002342224,7.24467383861338e-8,0.9822856187820435,3.914574264740622e-8,1,-8.122103878349662e-8,-0.9822856187820435,5.3672302158247476e-8,0.18738994002342224]}},{"t":1.4932525157928467,"j":false,"c":{"p":[-434.9846496582031,1299.7030029296875,2386.3740234375],"r":[0.1805134117603302,3.2913090031172487e-9,0.9835725426673889,1.421573858628733e-9,1,-3.607178999942562e-9,-0.9835725426673889,2.049365122047675e-9,0.1805134117603302]}},{"t":1.5540859699249268,"j":false,"c":{"p":[-435.7258605957031,1299.6048583984375,2386.24755859375],"r":[0.1529872715473175,-8.243626581361241e-8,0.9882281422615051,-4.662212660377918e-8,1,9.063580819201889e-8,-0.9882281422615051,-5.993942409077135e-8,0.1529872715473175]}},{"t":1.6153135299682617,"j":false,"c":{"p":[-436.509521484375,1299.42431640625,2386.126708984375],"r":[0.1529872715473175,8.609079671373365e-9,0.9882281422615051,4.642158657475193e-9,1,-9.430282332800743e-9,-0.9882281422615051,6.030225208064621e-9,0.1529872715473175]}},{"t":1.6757659912109375,"j":false,"c":{"p":[-437.2766418457031,1299.1798095703125,2386.010986328125],"r":[0.14608334004878998,6.767137961105618e-8,0.9892722964286804,3.853189056712836e-8,1,-7.40951193733963e-8,-0.9892722964286804,4.894259575394244e-8,0.14608334004878998]}},{"t":1.7125475406646729,"j":true,"c":{"p":[-437.6823425292969,1299.03515625,2385.950439453125],"r":[0.14608334004878998,1.1562682367127763e-8,0.9892722964286804,6.749295788921472e-9,1,-1.2684719941091771e-8,-0.9892722964286804,8.529917217003913e-9,0.14608334004878998]}},{"t":1.724677324295044,"j":true,"c":{"p":[-437.83441162109375,1299.63134765625,2385.927734375],"r":[0.14608334004878998,-9.453354543609294e-9,0.9892722964286804,-5.155187832173169e-9,1,1.0317120491265541e-8,-0.9892722964286804,-6.6070442450438804e-9,0.14608334004878998]}},{"t":1.734100341796875,"j":true,"c":{"p":[-437.9935302734375,1300.1971435546875,2385.904296875],"r":[0.1460833102464676,-3.045591867589792e-8,0.9892722964286804,-1.7052046885623895e-8,1,3.330421805003425e-8,-0.9892722964286804,-2.1734308575105388e-8,0.1460833102464676]}},{"t":1.7439608573913574,"j":false,"c":{"p":[-438.1006164550781,1300.5572509765625,2385.888671875],"r":[0.1460832804441452,-4.445014667453506e-8,0.9892722964286804,-2.4979055268659067e-8,1,4.862075897449358e-8,-0.9892722964286804,-3.181376584393547e-8,0.1460832804441452]}},{"t":1.8148808479309082,"j":false,"c":{"p":[-439.0116271972656,1303.067626953125,2385.755859375],"r":[0.146083265542984,-1.0458264654289451e-7,0.9892722964286804,-5.9110433880960045e-8,1,1.1444542735716823e-7,-0.9892722964286804,-7.519487610352371e-8,0.146083265542984]}},{"t":1.875568151473999,"j":false,"c":{"p":[-439.8154602050781,1304.46533203125,2385.638671875],"r":[0.1396019011735916,1.0142450435068895e-8,0.9902077317237854,5.849488893261423e-9,1,-1.1067426086697196e-8,-0.9902077317237854,7.337242369231944e-9,0.1396019011735916]}},{"t":1.935666799545288,"j":false,"c":{"p":[-440.5682678222656,1305.0782470703125,2385.548828125],"r":[0.08463910967111588,1.1109999320524366e-7,0.9964116811752319,7.048990369185049e-8,1,-1.1748777950515432e-7,-0.9964116811752319,8.018102448659192e-8,0.08463910967111588]}},{"t":1.9982752799987793,"j":false,"c":{"p":[-441.37884521484375,1304.9942626953125,2385.494140625],"r":[0.035537734627723694,3.567371464896496e-8,0.9993683099746704,2.9530118794696136e-8,1,-3.6746360621009444e-8,-0.9993683099746704,3.081734689658333e-8,0.035537734627723694]}},{"t":2.061579704284668,"j":false,"c":{"p":[-442.19097900390625,1304.143798828125,2385.47119140625],"r":[0.014601804316043854,-9.498462105739236e-8,0.9998933672904968,-4.274046716545854e-8,1,9.561890124132333e-8,-0.9998933672904968,-4.413211840414988e-8,0.014601804316043854]}},{"t":2.12707257270813,"j":false,"c":{"p":[-443.05767822265625,1302.391845703125,2385.459228515625],"r":[0.01397157646715641,-6.289251786029126e-8,0.9999023675918579,-3.451961205769294e-8,1,6.338099467484426e-8,-0.9999023675918579,-3.5401775733134855e-8,0.01397157646715641]}},{"t":2.1954431533813477,"j":false,"c":{"p":[-443.9231262207031,1299.767822265625,2385.48681640625],"r":[-0.1506149172782898,1.2109364178058968e-8,0.9885925054550171,1.9925021632616335e-8,1,-9.213461105161969e-9,-0.9885925054550171,1.831004325936192e-8,-0.1506149172782898]}},{"t":2.256500244140625,"j":false,"c":{"p":[-444.7018127441406,1298.2532958984375,2385.666748046875],"r":[-0.3288520574569702,-5.031436600688721e-8,0.9443814754486084,6.821210973839698e-8,1,7.703037852024863e-8,-0.9443814754486084,8.974985377108169e-8,-0.3288520574569702]}},{"t":2.3215739727020264,"j":false,"c":{"p":[-445.4889221191406,1298.4002685546875,2385.963134765625],"r":[-0.42577704787254333,-1.156766682441912e-9,0.9048281311988831,-1.941293348295403e-8,1,-7.856535866324066e-9,-0.9048281311988831,-2.091049999819461e-8,-0.42577704787254333]}},{"t":2.3899612426757812,"j":false,"c":{"p":[-446.2035217285156,1298.3941650390625,2386.358154296875],"r":[-0.5180190205574036,2.2835964230694117e-8,0.8553690910339355,-3.0051165111899536e-8,1,-4.48964527777207e-8,-0.8553690910339355,-4.896205396676123e-8,-0.5180190205574036]}},{"t":2.4542133808135986,"j":false,"c":{"p":[-446.9279479980469,1298.3470458984375,2386.796875],"r":[-0.5180304646492004,5.3338715666484404e-9,0.8553621768951416,4.97322787396115e-8,1,2.388340725190119e-8,-0.8553621768951416,5.4911442504135266e-8,-0.5180304646492004]}},{"t":2.518843650817871,"j":false,"c":{"p":[-447.58197021484375,1298.4515380859375,2387.193359375],"r":[-0.5180320739746094,-5.9657456752404414e-9,0.8553611636161804,6.526052231947688e-8,1,4.649823992508573e-8,-0.8553611636161804,7.990890082965052e-8,-0.5180320739746094]}},{"t":2.5832417011260986,"j":false,"c":{"p":[-448.2558898925781,1298.3043212890625,2387.605712890625],"r":[-0.5239888429641724,-3.0389317728918286e-9,0.8517251014709473,-8.079482682887829e-8,1,-4.613772119910209e-8,-0.8517251014709473,-9.299063208345615e-8,-0.5239888429641724]}},{"t":2.6299307346343994,"j":true,"c":{"p":[-448.745361328125,1298.381591796875,2387.90380859375],"r":[-0.5180213451385498,1.4883478893779056e-9,0.8553677201271057,-3.743866727745626e-8,1,-2.4413331800587912e-8,-0.8553677201271057,-4.467045044975748e-8,-0.5180213451385498]}},{"t":2.6383302211761475,"j":true,"c":{"p":[-448.833251953125,1298.782470703125,2387.95703125],"r":[-0.518034815788269,2.2273511923742717e-9,0.8553595542907715,-2.6830170085645477e-8,1,-1.8853256733564194e-8,-0.8553595542907715,-3.27160876167909e-8,-0.518034815788269]}},{"t":2.653078317642212,"j":false,"c":{"p":[-449.0171813964844,1299.5435791015625,2388.068603515625],"r":[-0.5071483850479126,3.842484108673716e-9,0.8618587851524353,-5.4608837452008174e-9,1,-7.671747681570196e-9,-0.8618587851524353,-8.597225154005628e-9,-0.5071483850479126]}},{"t":2.6541428565979004,"j":true,"c":{"p":[-449.0171813964844,1299.5435791015625,2388.068603515625],"r":[-0.5071483850479126,3.842484108673716e-9,0.8618587851524353,-5.4608837452008174e-9,1,-7.671747681570196e-9,-0.8618587851524353,-8.597225154005628e-9,-0.5071483850479126]}},{"t":2.7236900329589844,"j":false,"c":{"p":[-449.8170166015625,1302.1697998046875,2388.5244140625],"r":[-0.4878668189048767,2.7282209824619486e-9,0.8729180693626404,8.600461853802699e-8,1,4.494187777481784e-8,-0.8729180693626404,9.700063685613713e-8,-0.4878668189048767]}},{"t":2.7904882431030273,"j":false,"c":{"p":[-450.57513427734375,1303.742431640625,2388.94384765625],"r":[-0.48175737261772156,-1.7192627876916333e-10,0.8763046264648438,1.1097549190708378e-7,1,6.120610152038353e-8,-0.8763046264648438,1.2673483240632777e-7,-0.48175737261772156]}},{"t":2.8584909439086914,"j":false,"c":{"p":[-451.33441162109375,1304.44287109375,2389.36181640625],"r":[-0.48175811767578125,-1.91969617979737e-9,0.8763042092323303,-4.761318805890369e-8,1,-2.3985213815080897e-8,-0.8763042092323303,-5.3278711220627883e-8,-0.48175811767578125]}},{"t":2.921400785446167,"j":false,"c":{"p":[-452.09368896484375,1304.2716064453125,2389.77978515625],"r":[-0.4817582368850708,-1.584155917555563e-9,0.8763041496276855,-9.393293254333912e-8,1,-4.983293422355928e-8,-0.8763041496276855,-1.0632125224674382e-7,-0.4817582368850708]}},{"t":2.9873993396759033,"j":false,"c":{"p":[-452.85296630859375,1303.22802734375,2390.19775390625],"r":[-0.4817465543746948,1.4170711271077607e-9,0.8763105869293213,3.3101883456509995e-9,1,2.026686873879413e-10,-0.8763105869293213,2.9983879823447523e-9,-0.4817465543746948]}},{"t":3.052922010421753,"j":false,"c":{"p":[-453.5647888183594,1301.4580078125,2390.589599609375],"r":[-0.48175954818725586,4.221508920210226e-9,0.8763034343719482,9.417417601298439e-8,1,4.695611011129586e-8,-0.8763034343719482,1.0514671089367766e-7,-0.48175954818725586]}},{"t":3.1162729263305664,"j":false,"c":{"p":[-454.276611328125,1298.9212646484375,2390.9814453125],"r":[-0.48174914717674255,3.986867724847798e-9,0.8763091564178467,1.0511131876000945e-7,1,5.3235119423789e-8,-0.8763091564178467,1.1775598807162169e-7,-0.48174914717674255]}},{"t":3.178161144256592,"j":false,"c":{"p":[-454.96966552734375,1298.2919921875,2391.363037109375],"r":[-0.48174789547920227,-2.291151712796591e-9,0.876309871673584,-4.30037658816218e-8,1,-2.102660623393149e-8,-0.876309871673584,-4.781414730814504e-8,-0.48174789547920227]}},{"t":3.243445634841919,"j":false,"c":{"p":[-455.6571960449219,1297.8631591796875,2391.741943359375],"r":[-0.481745183467865,-1.4047023544350168e-9,0.8763113617897034,-3.55002072183197e-8,1,-1.7912983096834978e-8,-0.8763113617897034,-3.9738726087534815e-8,-0.481745183467865]}},{"t":3.2680394649505615,"j":true,"c":{"p":[-455.8720397949219,1297.5501708984375,2391.8603515625],"r":[-0.481743723154068,2.8872995661011203e-10,0.8763121366500854,-2.244952002072864e-9,1,-1.5636226757820282e-9,-0.8763121366500854,-2.7205440122912705e-9,-0.481743723154068]}},{"t":3.278212308883667,"j":true,"c":{"p":[-456.0009460449219,1298.1463623046875,2391.931396484375],"r":[-0.481743723154068,1.303888441661627e-9,0.8763121366500854,1.7691158760158032e-8,1,8.237608817296405e-9,-0.8763121366500854,1.9471393386538693e-8,-0.481743723154068]}},{"t":3.2866933345794678,"j":true,"c":{"p":[-456.0926818847656,1298.5269775390625,2391.98193359375],"r":[-0.48174408078193665,1.9803023665332375e-9,0.8763119578361511,3.097479606140041e-8,1,1.476828348501158e-8,-0.8763119578361511,3.425811812007851e-8,-0.48174408078193665]}},{"t":3.3096344470977783,"j":false,"c":{"p":[-456.376953125,1299.5867919921875,2392.138427734375],"r":[-0.4817447066307068,4.007759901725194e-9,0.8763116002082825,7.079163566459101e-8,1,3.434364614918195e-8,-0.8763116002082825,7.858039907659986e-8,-0.4817447066307068]}},{"t":3.3709375858306885,"j":false,"c":{"p":[-457.0887756347656,1301.69970703125,2392.5302734375],"r":[-0.4817625880241394,6.548641184878079e-9,0.8763017654418945,1.2271743798919488e-7,1,5.999307006732124e-8,-0.8763017654418945,1.3643993668210896e-7,-0.4817625880241394]}},{"t":3.435903310775757,"j":false,"c":{"p":[-457.80059814453125,1303.0462646484375,2392.922119140625],"r":[-0.4817633330821991,-9.79399117362334e-10,0.8763013482093811,-1.4789723223884721e-8,1,-7.013280622913953e-9,-0.8763013482093811,-1.633899593400656e-8,-0.4817633330821991]}},{"t":3.499875783920288,"j":false,"c":{"p":[-458.55987548828125,1303.6378173828125,2393.340087890625],"r":[-0.4817628860473633,-7.1812986668362555e-9,0.876301646232605,-1.2859756282068702e-7,1,-6.25038651946852e-8,-0.876301646232605,-1.4280229265750677e-7,-0.4817628860473633]}},{"t":3.5633199214935303,"j":false,"c":{"p":[-459.2716979980469,1303.4005126953125,2393.73193359375],"r":[-0.48176270723342896,-1.1669040178574619e-9,0.8763017058372498,-2.277532828998119e-8,1,-1.1189525750410212e-8,-0.8763017058372498,-2.5348755983145566e-8,-0.48176270723342896]}},{"t":3.6301348209381104,"j":false,"c":{"p":[-460.0309753417969,1302.302490234375,2394.14990234375],"r":[-0.48176270723342896,5.2278852358256245e-9,0.8763017058372498,8.972862985956453e-8,1,4.336408565563943e-8,-0.8763017058372498,9.95205482468009e-8,-0.48176270723342896]}},{"t":3.700066089630127,"j":false,"c":{"p":[-460.83770751953125,1300.1805419921875,2394.593994140625],"r":[-0.48176270723342896,4.555078092494114e-9,0.8763017058372498,7.944328217490693e-8,1,3.8477310226880945e-8,-0.8763017058372498,8.815321450583724e-8,-0.48176270723342896]}},{"t":3.7613351345062256,"j":false,"c":{"p":[-461.4715270996094,1298.703857421875,2394.942626953125],"r":[-0.4817570447921753,-2.8838558208121867e-9,0.8763048052787781,-4.870552672286976e-8,1,-2.3485407396606206e-8,-0.8763048052787781,-5.3995147908381114e-8,-0.4817570447921753]}},{"t":3.8250041007995605,"j":false,"c":{"p":[-462.226806640625,1298.47802734375,2395.3583984375],"r":[-0.4817614257335663,-1.790650405730787e-9,0.8763024210929871,-3.102077172911777e-8,1,-1.5010753529054455e-8,-0.8763024210929871,-3.44151800391046e-8,-0.4817614257335663]}},{"t":3.886138916015625,"j":false,"c":{"p":[-462.86297607421875,1298.5281982421875,2395.707763671875],"r":[-0.4817614257335663,4.179194323938873e-9,0.8763024210929871,7.020345549335616e-8,1,3.382636037940756e-8,-0.8763024210929871,7.781569166809277e-8,-0.4817614257335663]}},{"t":3.9533932209014893,"j":false,"c":{"p":[-463.619873046875,1298.622802734375,2396.12451171875],"r":[-0.4817614257335663,6.103259009293538e-10,0.8763024210929871,1.0569602970633696e-8,1,5.1143316248669635e-9,-0.8763024210929871,1.1726056570182664e-8,-0.4817614257335663]}},{"t":4.01905083656311,"j":false,"c":{"p":[-464.3522644042969,1298.497802734375,2396.52685546875],"r":[-0.4817447066307068,-4.7808765835100075e-9,0.8763116002082825,-8.014257701915994e-8,1,-3.8602006924293164e-8,-0.8763116002082825,-8.882618374173035e-8,-0.4817447066307068]}},{"t":4.066034555435181,"j":true,"c":{"p":[-464.85614013671875,1298.5760498046875,2396.803955078125],"r":[-0.48175808787345886,5.914570916365491e-11,0.8763042688369751,8.160019882019753e-10,1,3.811117532670494e-10,-0.8763042688369751,8.986696942159256e-10,-0.48175808787345886]}},{"t":4.0758583545684814,"j":true,"c":{"p":[-464.95025634765625,1298.9769287109375,2396.855712890625],"r":[-0.48175808787345886,9.381783128148413e-10,0.8763042688369751,1.5515320583858738e-8,1,7.459112438823468e-9,-0.8763042688369751,1.7189629275549123e-8,-0.48175808787345886]}},{"t":4.0836992263793945,"j":false,"c":{"p":[-465.0924377441406,1299.5528564453125,2396.93408203125],"r":[-0.4817578196525574,2.256026254698895e-9,0.8763043880462646,3.755252819814814e-8,1,1.807043226165206e-8,-0.8763043880462646,4.161302058491856e-8,-0.4817578196525574]}},{"t":4.084635972976685,"j":true,"c":{"p":[-465.0924377441406,1299.5528564453125,2396.93408203125],"r":[-0.4817578196525574,2.256026254698895e-9,0.8763043880462646,3.755252819814814e-8,1,1.807043226165206e-8,-0.8763043880462646,4.161302058491856e-8,-0.4817578196525574]}},{"t":4.147787809371948,"j":false,"c":{"p":[-465.80426025390625,1301.972412109375,2397.325927734375],"r":[-0.481757789850235,8.83286244146575e-9,0.8763043880462646,1.4752701815723412e-7,1,7.102489263388634e-8,-0.8763043880462646,1.634953719076293e-7,-0.481757789850235]}},{"t":4.21116042137146,"j":false,"c":{"p":[-466.5160827636719,1303.6253662109375,2397.7177734375],"r":[-0.48176079988479614,1.172695496265419e-9,0.8763027787208557,1.9658346062101373e-8,1,9.469244943716149e-9,-0.8763027787208557,2.1788574500192226e-8,-0.48176079988479614]}},{"t":4.277593374252319,"j":false,"c":{"p":[-467.2753601074219,1304.5440673828125,2398.1357421875],"r":[-0.4817488193511963,-6.970815480400461e-9,0.876309335231781,-1.162842906410333e-7,1,-5.5972250834201986e-8,-0.876309335231781,-1.2886557954061573e-7,-0.4817488193511963]}},{"t":4.339051961898804,"j":false,"c":{"p":[-467.9871826171875,1304.6131591796875,2398.527587890625],"r":[-0.481756329536438,-3.205960386054585e-9,0.8763052225112915,-5.351830267841251e-8,1,-2.5763648991983246e-8,-0.8763052225112915,-5.931016744398221e-8,-0.481756329536438]}},{"t":4.40269136428833,"j":false,"c":{"p":[-468.6990051269531,1303.9161376953125,2398.91943359375],"r":[-0.4817609190940857,3.3881917271827433e-9,0.8763027191162109,5.641869904593477e-8,1,2.7150585779622816e-8,-0.8763027191162109,6.251995188222281e-8,-0.4817609190940857]}},{"t":4.469153642654419,"j":false,"c":{"p":[-469.4582824707031,1302.3275146484375,2399.33740234375],"r":[-0.4817659258842468,7.48736272981887e-9,0.8762999176979065,1.2475491928398696e-7,1,6.004257357972165e-8,-0.8762999176979065,1.382491916501749e-7,-0.4817659258842468]}},{"t":4.5320117473602295,"j":false,"c":{"p":[-470.17669677734375,1300.0465087890625,2399.717041015625],"r":[-0.43256622552871704,-1.0473971912006164e-8,0.9016021490097046,-1.008059324902888e-8,1,6.780648487136887e-9,-0.9016021490097046,-6.155605358770799e-9,-0.43256622552871704]}},{"t":4.589902639389038,"j":true,"c":{"p":[-470.86285400390625,1298.801513671875,2400.03662109375],"r":[-0.40674108266830444,-2.388571473943557e-8,0.9135434627532959,-1.0259640959020544e-7,1,-1.9533231920831895e-8,-0.9135434627532959,-1.01671247421109e-7,-0.40674108266830444]}},{"t":4.597066879272461,"j":false,"c":{"p":[-470.9617614746094,1298.7620849609375,2400.08056640625],"r":[-0.40674853324890137,-1.9048853161507395e-8,0.9135401844978333,-8.597996270509611e-8,1,-1.7430400234275112e-8,-0.9135401844978333,-8.563593212329579e-8,-0.40674853324890137]}},{"t":4.59833550453186,"j":true,"c":{"p":[-470.9617614746094,1298.7620849609375,2400.08056640625],"r":[-0.40674853324890137,-1.9048853161507395e-8,0.9135401844978333,-8.597996270509611e-8,1,-1.7430400234275112e-8,-0.9135401844978333,-8.563593212329579e-8,-0.40674853324890137]}},{"t":4.610623359680176,"j":true,"c":{"p":[-471.11016845703125,1299.3582763671875,2400.146484375],"r":[-0.40035280585289,-1.1197169413890151e-8,0.9163610935211182,-6.104716021582135e-8,1,-1.4451981833474292e-8,-0.9163610935211182,-6.172713540308905e-8,-0.40035280585289]}},{"t":4.617960691452026,"j":true,"c":{"p":[-471.2093505859375,1299.7388916015625,2400.18994140625],"r":[-0.40035203099250793,-6.364670124270333e-9,0.9163614511489868,-4.4434177226548854e-8,1,-1.2467397780824285e-8,-0.9163614511489868,-4.570911471546424e-8,-0.40035203099250793]}},{"t":4.661205768585205,"j":false,"c":{"p":[-471.75518798828125,1301.588134765625,2400.428955078125],"r":[-0.4003516733646393,2.0176871728949664e-8,0.9163615703582764,4.68105056938839e-8,1,-1.567292851056834e-9,-0.9163615703582764,4.226787808647714e-8,-0.4003516733646393]}},{"t":4.7298743724823,"j":false,"c":{"p":[-472.5527038574219,1303.542236328125,2400.767822265625],"r":[-0.3442671298980713,3.781959989623829e-8,0.9388717412948608,1.4424497862819408e-7,1,1.2610034794136027e-8,-0.9388717412948608,1.3976875834487146e-7,-0.3442671298980713]}},{"t":4.7926881313323975,"j":false,"c":{"p":[-473.3398742675781,1304.5821533203125,2400.95361328125],"r":[0.019185343757271767,-1.356146270836689e-7,0.9998159408569336,1.7827428422378944e-8,1,1.3529749764984444e-7,-0.9998159408569336,1.5228419414370364e-8,0.019185343757271767]}},{"t":4.853213310241699,"j":false,"c":{"p":[-474.0956726074219,1304.8614501953125,2400.9033203125],"r":[0.07736293226480484,-1.476744131423402e-7,0.9970030188560486,-4.519232632560488e-8,1,1.5162504496402107e-7,-0.9970030188560486,-5.678704084743913e-8,0.07736293226480484]}},{"t":4.922356367111206,"j":false,"c":{"p":[-475.0140075683594,1304.3028564453125,2400.834716796875],"r":[0.07672573626041412,-6.560383525311408e-8,0.9970522522926331,-5.03314119271181e-8,1,6.967092502918604e-8,-0.9970522522926331,-5.5528598608134416e-8,0.07672573626041412]}},{"t":4.990296125411987,"j":false,"c":{"p":[-475.8787841796875,1302.8779296875,2400.7783203125],"r":[-0.003890394000336528,1.352522076558671e-7,0.9999924302101135,3.606307075187942e-8,1,-1.351129270688034e-7,-0.9999924302101135,3.553715544057923e-8,-0.003890394000336528]}},{"t":5.0576863288879395,"j":false,"c":{"p":[-476.7903137207031,1300.408447265625,2400.88037109375],"r":[-0.3156280815601349,-9.19918861086444e-8,0.9488829970359802,1.158549967072986e-8,1,1.0080125889544433e-7,-0.9488829970359802,4.2808988354181565e-8,-0.3156280815601349]}},{"t":5.123469352722168,"j":false,"c":{"p":[-477.5291748046875,1298.3929443359375,2401.214111328125],"r":[-0.46327558159828186,-5.2316050158651706e-8,0.8862142562866211,-3.029115802632987e-8,1,4.3198237875685663e-8,-0.8862142562866211,-6.831766707904308e-9,-0.46327558159828186]}},{"t":5.161369800567627,"j":true,"c":{"p":[-477.91229248046875,1298.4862060546875,2401.416748046875],"r":[-0.4939268231391907,7.592197093231334e-9,0.8695034980773926,-4.598200575856026e-8,1,-3.485200750219519e-8,-0.8695034980773926,-5.719585516317238e-8,-0.4939268231391907]}},{"t":5.1715593338012695,"j":true,"c":{"p":[-478.05548095703125,1299.0823974609375,2401.49365234375],"r":[-0.5,3.01135791858087e-8,0.8660253882408142,-5.1040512261124604e-8,1,-6.424042453545553e-8,-0.8660253882408142,-7.632259269030328e-8,-0.5]}},{"t":5.183169841766357,"j":true,"c":{"p":[-478.1966857910156,1299.648193359375,2401.57421875],"r":[-0.511281430721283,5.180779538704883e-8,0.8594133257865906,-5.5762200190656586e-8,1,-9.345674101268742e-8,-0.8594133257865906,-9.57054808736757e-8,-0.511281430721283]}},{"t":5.193019151687622,"j":false,"c":{"p":[-478.3365173339844,1300.1832275390625,2401.65673828125],"r":[-0.5172868371009827,7.336917207112492e-8,0.8558120727539062,-6.028949428582564e-8,1,-1.2217184064411413e-7,-0.8558120727539062,-1.1479436778927266e-7,-0.5172868371009827]}},{"t":5.264543771743774,"j":false,"c":{"p":[-479.11456298828125,1302.6357421875,2402.149169921875],"r":[-0.541703999042511,3.700510831095016e-8,0.8405693173408508,2.6433586430840705e-9,1,-4.23203552202267e-8,-0.8405693173408508,-2.0703179615111367e-8,-0.541703999042511]}},{"t":5.334820032119751,"j":false,"c":{"p":[-479.88861083984375,1304.1038818359375,2402.647216796875],"r":[-0.541709303855896,-2.9429628511934425e-8,0.8405659198760986,8.364224868273595e-8,1,8.891558422874368e-8,-0.8405659198760986,1.1847321701452529e-7,-0.541709303855896]}},{"t":5.398030996322632,"j":false,"c":{"p":[-480.5696105957031,1304.5819091796875,2403.089111328125],"r":[-0.5475747585296631,-2.7265278035315532e-8,0.8367567658424377,3.491889088991229e-8,1,5.543544290276259e-8,-0.8367567658424377,5.9573665112111485e-8,-0.5475747585296631]}},{"t":5.468026876449585,"j":false,"c":{"p":[-481.34002685546875,1304.197021484375,2403.59130859375],"r":[-0.5475761890411377,-1.5139990372503576e-9,0.8367558121681213,-6.940034324998123e-8,1,-4.360648020451663e-8,-0.8367558121681213,-8.194901113256492e-8,-0.5475761890411377]}},{"t":5.531786203384399,"j":false,"c":{"p":[-482.00689697265625,1303.0400390625,2404.054931640625],"r":[-0.6306325793266296,-4.530011921133337e-9,0.7760815620422363,-9.038147652518091e-8,1,-6.760564019714366e-8,-0.7760815620422363,-1.127777125020657e-7,-0.6306325793266296]}},{"t":5.597609519958496,"j":false,"c":{"p":[-482.6247253417969,1300.9610595703125,2404.659912109375],"r":[-0.7698109745979309,-7.309780158948342e-8,0.6382719278335571,3.542793836075475e-9,1,1.187974589811347e-7,-0.6382719278335571,9.371285614179214e-8,-0.7698109745979309]}},{"t":5.6649169921875,"j":false,"c":{"p":[-483.17236328125,1298.2657470703125,2405.326904296875],"r":[-0.7749413847923279,-2.5903477141042686e-9,0.632033109664917,2.65648374409011e-8,1,3.666981740479969e-8,-0.632033109664917,4.520681429198703e-8,-0.7749413847923279]}},{"t":5.724118232727051,"j":true,"c":{"p":[-483.645263671875,1298.375244140625,2405.906982421875],"r":[-0.774947464466095,5.081501797121746e-8,0.6320256590843201,-4.524280505791012e-9,1,-8.594761169433696e-8,-0.6320256590843201,-6.946434183419115e-8,-0.774947464466095]}},{"t":5.7312798500061035,"j":false,"c":{"p":[-483.7108154296875,1298.776123046875,2405.987548828125],"r":[-0.7749372124671936,4.436844491806369e-8,0.6320382356643677,-9.360881847442215e-9,1,-8.167629772515284e-8,-0.6320382356643677,-6.921043649299463e-8,-0.7749372124671936]}},{"t":5.732742071151733,"j":true,"c":{"p":[-483.7108154296875,1298.776123046875,2405.987548828125],"r":[-0.7749372124671936,4.436844491806369e-8,0.6320382356643677,-9.360881847442215e-9,1,-8.167629772515284e-8,-0.6320382356643677,-6.921043649299463e-8,-0.7749372124671936]}},{"t":5.745513439178467,"j":true,"c":{"p":[-483.81268310546875,1299.35205078125,2406.112548828125],"r":[-0.7749451398849487,3.4701184148389075e-8,0.6320284605026245,-1.6612000663940307e-8,1,-7.527283685249131e-8,-0.6320284605026245,-6.883157510628735e-8,-0.7749451398849487]}},{"t":5.799562692642212,"j":false,"c":{"p":[-484.30047607421875,1301.6341552734375,2406.69287109375],"r":[-0.7261450290679932,-9.559768088251985e-9,0.6875415444374084,-4.892627814001571e-8,1,-3.776906964958471e-8,-0.6875415444374084,-6.106467509425784e-8,-0.7261450290679932]}},{"t":5.865318775177002,"j":false,"c":{"p":[-484.905517578125,1303.3382568359375,2407.232421875],"r":[-0.543819785118103,-1.2289081041672034e-7,0.8392020463943481,-4.8089336956991247e-8,1,1.1527483678719364e-7,-0.8392020463943481,2.2332066862418287e-8,-0.543819785118103]}},{"t":5.927743673324585,"j":false,"c":{"p":[-485.5920715332031,1304.276123046875,2407.66748046875],"r":[-0.529914140701294,-4.368769879192769e-8,0.8480513095855713,3.762623634884221e-8,1,7.502656274027686e-8,-0.8480513095855713,7.166661220026072e-8,-0.529914140701294]}},{"t":5.994568586349487,"j":false,"c":{"p":[-486.3328857421875,1304.431640625,2408.11767578125],"r":[-0.4943961203098297,9.520152843833785e-8,0.8692367076873779,1.2495411283452995e-7,1,-3.8452931505617016e-8,-0.8692367076873779,8.960373065747262e-8,-0.4943961203098297]}},{"t":6.057904243469238,"j":false,"c":{"p":[-487.0392150878906,1303.78564453125,2408.5205078125],"r":[-0.49394872784614563,6.752078718363919e-8,0.8694910407066345,5.0926924899385995e-8,1,-4.8724476897632485e-8,-0.8694910407066345,2.0213112961187107e-8,-0.49394872784614563]}},{"t":6.128169059753418,"j":false,"c":{"p":[-487.8868103027344,1301.99853515625,2409.00390625],"r":[-0.4939486086368561,-5.7980113155053914e-8,0.8694911003112793,-1.2943075944349403e-7,1,-6.845418898393518e-9,-0.8694911003112793,-1.1592018012152039e-7,-0.4939486086368561]}},{"t":6.193103075027466,"j":false,"c":{"p":[-488.593994140625,1299.6663818359375,2409.404541015625],"r":[-0.48792678117752075,-4.485280769017663e-8,0.8728845715522766,-6.334345670211405e-8,1,1.5976725720179275e-8,-0.8728845715522766,-4.7496055088913636e-8,-0.48792678117752075]}},{"t":6.255777835845947,"j":false,"c":{"p":[-489.2847900390625,1298.4862060546875,2409.790283203125],"r":[-0.48786526918411255,-3.807176796044587e-9,0.872918963432312,5.646763767686025e-8,1,3.5920603380645844e-8,-0.872918963432312,6.681608510916703e-8,-0.48786526918411255]}},{"t":6.318099021911621,"j":false,"c":{"p":[-489.9822692871094,1298.447509765625,2410.18017578125],"r":[-0.48786526918411255,1.3152418709694302e-8,0.872918963432312,4.032148126498214e-8,1,7.468083040862439e-9,-0.872918963432312,3.884080257421374e-8,-0.48786526918411255]}},{"t":6.384326457977295,"j":false,"c":{"p":[-490.7139587402344,1297.8939208984375,2410.590576171875],"r":[-0.48786526918411255,7.868107054775919e-9,0.872918963432312,-8.798343742455472e-8,1,-5.8186579110497405e-8,-0.872918963432312,-1.0518962056949022e-7,-0.48786526918411255]}},{"t":6.3865578174591064,"j":true,"c":{"p":[-490.7139587402344,1297.8939208984375,2410.590576171875],"r":[-0.48786526918411255,7.868107054775919e-9,0.872918963432312,-8.798343742455472e-8,1,-5.8186579110497405e-8,-0.872918963432312,-1.0518962056949022e-7,-0.48786526918411255]}},{"t":6.399061441421509,"j":true,"c":{"p":[-490.85101318359375,1298.4969482421875,2410.66748046875],"r":[-0.48786526918411255,4.0716456872758044e-9,0.872918963432312,-6.93100048465567e-8,1,-4.340103743061263e-8,-0.872918963432312,-8.167587139951138e-8,-0.48786526918411255]}},{"t":6.408340215682983,"j":true,"c":{"p":[-490.94476318359375,1298.88427734375,2410.719970703125],"r":[-0.4878650903701782,1.5420239529717605e-9,0.8729190230369568,-5.6867701658802616e-8,1,-3.354926292331584e-8,-0.8729190230369568,-6.600841118142853e-8,-0.4878650903701782]}},{"t":6.446660995483398,"j":false,"c":{"p":[-491.4173889160156,1300.616455078125,2410.983642578125],"r":[-0.4878647029399872,-1.108992719878188e-8,0.8729192614555359,5.264126912152278e-9,1,1.5646474338382177e-8,-0.8729192614555359,1.2228521306667517e-8,-0.4878647029399872]}},{"t":6.514435052871704,"j":false,"c":{"p":[-492.1737365722656,1302.6796875,2411.405517578125],"r":[-0.4878646731376648,-3.124476677385246e-8,0.8729192614555359,1.0439939046591462e-7,1,9.414105761607061e-8,-0.8729192614555359,1.3706033996641054e-7,-0.4878646731376648]}},{"t":6.5859715938568115,"j":false,"c":{"p":[-492.97735595703125,1303.9161376953125,2411.853759765625],"r":[-0.4878648519515991,-2.7670041813365742e-9,0.8729192018508911,2.4137467136142732e-8,1,1.6659992496670384e-8,-0.8729192018508911,2.919788322230943e-8,-0.4878648519515991]}},{"t":6.6534528732299805,"j":false,"c":{"p":[-493.73370361328125,1304.1807861328125,2412.275634765625],"r":[-0.48786482214927673,3.397071779431826e-8,0.8729192018508911,-8.842944509979134e-8,1,-8.83384529970499e-8,-0.8729192018508911,-1.2028898765947815e-7,-0.48786482214927673]}},{"t":6.714299201965332,"j":false,"c":{"p":[-494.4427795410156,1303.6368408203125,2412.671142578125],"r":[-0.4878647029399872,1.666698956626078e-8,0.8729192614555359,-5.0346702806791654e-8,1,-4.7231598188091084e-8,-0.8729192614555359,-6.69912338935319e-8,-0.4878647029399872]}},{"t":6.7826526165008545,"j":false,"c":{"p":[-495.1991271972656,1302.2119140625,2413.093017578125],"r":[-0.4878648519515991,-2.1721428211662897e-8,0.8729192018508911,4.56153905759038e-8,1,5.037760075765618e-8,-0.8729192018508911,6.439601207830492e-8,-0.4878648519515991]}},{"t":6.853634834289551,"j":false,"c":{"p":[-496.00274658203125,1299.742431640625,2413.541259765625],"r":[-0.48786482214927673,-3.138785586997983e-8,0.8729192018508911,7.430001147668008e-8,1,7.74827952909618e-8,-0.8729192018508911,1.0265902972150798e-7,-0.48786482214927673]}},{"t":6.916069030761719,"j":false,"c":{"p":[-496.75909423828125,1298.52001953125,2413.963134765625],"r":[-0.4878652095794678,1.2905907453841792e-8,0.872918963432312,-2.4399646747497172e-8,1,-2.8421476727658046e-8,-0.872918963432312,-3.516476354548104e-8,-0.4878652095794678]}},{"t":6.984622001647949,"j":false,"c":{"p":[-497.44927978515625,1298.189453125,2414.34912109375],"r":[-0.4878652095794678,1.988633080429736e-8,0.872918963432312,-4.313062973437809e-8,1,-4.68866723224437e-8,-0.872918963432312,-6.052392365063497e-8,-0.4878652095794678]}},{"t":7.0488080978393555,"j":false,"c":{"p":[-498.1650390625,1298.1580810546875,2414.749755859375],"r":[-0.4878652095794678,-2.7650395750811185e-8,0.872918963432312,5.4345168365443897e-8,1,6.204872704529407e-8,-0.872918963432312,7.771034660208898e-8,-0.4878652095794678]}},{"t":7.0505475997924805,"j":true,"c":{"p":[-498.1650390625,1298.1580810546875,2414.749755859375],"r":[-0.4878652095794678,-2.7650395750811185e-8,0.872918963432312,5.4345168365443897e-8,1,6.204872704529407e-8,-0.872918963432312,7.771034660208898e-8,-0.4878652095794678]}},{"t":7.058715343475342,"j":true,"c":{"p":[-498.2408447265625,1298.5589599609375,2414.792236328125],"r":[-0.4878652095794678,-3.35810597107411e-8,0.872918963432312,6.650622452752941e-8,1,7.563947690414352e-8,-0.872918963432312,9.495641251078268e-8,-0.4878652095794678]}},{"t":7.068669319152832,"j":true,"c":{"p":[-498.3675537109375,1299.1348876953125,2414.86328125],"r":[-0.4878648817539215,-4.2472304784269e-8,0.8729191422462463,8.473809742781668e-8,1,9.60146735451417e-8,-0.8729191422462463,1.208116913176127e-7,-0.4878648817539215]}},{"t":7.110641717910767,"j":false,"c":{"p":[-498.838623046875,1300.8330078125,2415.126220703125],"r":[-0.4878648817539215,-3.639518908471473e-8,0.8729191422462463,7.350221409296864e-8,1,8.277323360061928e-8,-0.8729191422462463,1.0454364485212864e-7,-0.4878648817539215]}},{"t":7.1753551959991455,"j":false,"c":{"p":[-499.5476989746094,1302.74169921875,2415.521728515625],"r":[-0.48786497116088867,8.312031063439917e-9,0.8729190826416016,-1.511611991134032e-8,1,-1.797034343553605e-8,-0.8729190826416016,-2.1962250684737228e-8,-0.48786497116088867]}},{"t":7.240540266036987,"j":false,"c":{"p":[-500.3040466308594,1303.9326171875,2415.943603515625],"r":[-0.4878649413585663,5.584163176308721e-8,0.8729191422462463,-1.0933001703961054e-7,1,-1.2507449298482243e-7,-0.8729191422462463,-1.5645571238565026e-7,-0.4878649413585663]}},{"t":7.305916786193848,"j":false,"c":{"p":[-501.0603942871094,1304.2518310546875,2416.365478515625],"r":[-0.4878646731376648,6.034620358974507e-9,0.8729192614555359,-1.2488091449824879e-8,1,-1.3892599959319796e-8,-0.8729192614555359,-1.7678804198340003e-8,-0.4878646731376648]}},{"t":7.367927551269531,"j":false,"c":{"p":[-501.76947021484375,1303.7589111328125,2416.760986328125],"r":[-0.4878646433353424,-4.050470536753892e-8,0.8729192614555359,7.800120016554501e-8,1,8.999541734056038e-8,-0.8729192614555359,1.1199433913589019e-7,-0.4878646433353424]}},{"t":7.432954788208008,"j":false,"c":{"p":[-502.4785461425781,1302.499755859375,2417.156494140625],"r":[-0.48786497116088867,-2.5461689645567276e-8,0.8729190826416016,4.940698516975317e-8,1,5.678146663967709e-8,-0.8729190826416016,7.082999076146734e-8,-0.48786497116088867]}},{"t":7.498706579208374,"j":false,"c":{"p":[-503.2348937988281,1300.3116455078125,2417.578369140625],"r":[-0.4878647029399872,2.323909420454129e-8,0.8729192614555359,-4.424142829861921e-8,1,-5.1348305163401164e-8,-0.8729192614555359,-6.367022109543541e-8,-0.4878647029399872]}},{"t":7.564057111740112,"j":false,"c":{"p":[-503.99072265625,1298.7769775390625,2418.000244140625],"r":[-0.4878653287887573,1.1525606247175801e-8,0.8729189038276672,-2.2296916313280235e-8,1,-2.566503987111446e-8,-0.8729189038276672,-3.198448084162919e-8,-0.4878653287887573]}},{"t":7.627228260040283,"j":false,"c":{"p":[-504.6979064941406,1298.46484375,2418.395263671875],"r":[-0.4878653287887573,-3.3254472953103686e-8,0.8729189038276672,6.294538934525917e-8,1,7.32752454268848e-8,-0.8729189038276672,9.069467665767661e-8,-0.4878653287887573]}},{"t":7.69362735748291,"j":false,"c":{"p":[-505.44708251953125,1298.653076171875,2418.813232421875],"r":[-0.4878653287887573,3.1211586648538514e-9,0.8729189038276672,-5.691775051275272e-9,1,-6.756616599