{"v":1,"d":[{"t":0.06614089012145996,"c":{"r":[-0.8329241275787354,-8.540864904205137e-9,-0.5533872246742249,1.3730973691394865e-8,1,-3.610080412386196e-8,0.5533872246742249,-3.766777822988843e-8,-0.8329241275787354],"p":[-774.0279541015625,1313.9202880859375,2663.960205078125]},"j":false},{"t":0.04,"j":false,"c":{"p":[-774.1553139246985,1313.9230696646025,2663.7683217498916],"r":[-0.8329252185859922,-1.56139278228088e-8,-0.5533855992960667,4.868202112144299e-9,1,-3.554269253674216e-8,0.5533855992960667,-3.229834933178296e-8,-0.8329252185859922]}},{"t":0.08,"j":false,"c":{"p":[-773.9604317725695,1313.9188133769978,2664.0619358194076],"r":[-0.8329235491596616,-4.790940716035199e-9,-0.5533880864006,1.842974732054531e-8,1,-3.639669801938123e-8,0.5533880864006,-4.051448714982538e-8,-0.8329235491596616]}},{"t":0.12,"j":false,"c":{"p":[-773.7655496204404,1313.9145570893932,2664.355549888924],"r":[-0.832921879733331,6.032046390738402e-9,-0.5533905735051333,3.199129252894632e-8,1,-3.725070350202029e-8,0.5533905735051333,-4.8730624967867796e-8,-0.832921879733331]}},{"t":0.16,"j":false,"c":{"p":[-773.5213856207456,1313.908902581571,2664.721599879167],"r":[-0.824157641938698,9.651419747953627e-9,-0.5660008504751626,5.762280052624918e-9,1,6.131653612985207e-9,0.5660008504751626,1.8203874923145146e-9,-0.824157641938698]}},{"t":0.2,"j":false,"c":{"p":[-773.2439540303907,1313.9023042086112,2665.1365475605253],"r":[-0.8094782537995429,8.408011262958849e-9,-0.5871219851563081,-4.732725106443289e-8,1,7.937565910113277e-8,0.5871219851563081,9.204202100833803e-8,-0.8094782537995429]}},{"t":0.24000000000000002,"j":false,"c":{"p":[-772.9190230275944,1313.8950976404217,2665.5593209949807],"r":[-0.7912848178898537,-6.12733910234732e-10,-0.6109777593562373,-2.274294995905263e-8,1,3.0278803705227386e-8,0.6109777593562373,3.805844150711868e-8,-0.7912848178898537]}},{"t":0.28,"j":false,"c":{"p":[-772.5973054544144,1313.8417575048154,2665.9706470544315],"r":[-0.7793368939326283,-9.514960483369822e-9,-0.6266051764561676,4.693595547204133e-9,1,-2.102281024721403e-8,0.6266051764561676,-1.9324905308343493e-8,-0.7793368939326283]}},{"t":0.32,"j":false,"c":{"p":[-772.2844855262535,1313.7017340162884,2666.3599840873226],"r":[-0.7793403966077105,-1.7726579947890552e-8,-0.626600780942339,3.281944877559942e-8,1,-6.910981292679999e-8,0.626600780942339,-7.442478774681521e-8,-0.7793403966077105]}},{"t":0.36,"j":false,"c":{"p":[-771.9579476013631,1313.2937798157614,2666.7661916221077],"r":[-0.7793386483580313,-6.915685649482157e-9,-0.6266029483201163,2.0141663909940954e-8,1,-3.608874155763083e-8,0.6266029483201163,-4.074629291810423e-8,-0.7793386483580313]}},{"t":0.39999999999999997,"j":false,"c":{"p":[-771.6226953596649,1312.7156234236982,2667.1831160932734],"r":[-0.7793335644739439,1.5979204196915082e-8,-0.6266092847553557,-1.8456511247729546e-8,1,4.8455993714525384e-8,0.6266092847553557,4.93284032236512e-8,-0.7793335644739439]}},{"t":0.43999999999999995,"j":false,"c":{"p":[-771.2797391819973,1312.5146878168787,2667.5922911036178],"r":[-0.763708785766889,1.1031655776175612e-8,-0.6452301914348587,-1.5474146177623276e-8,1,3.574562601539243e-8,0.6452301914348587,3.738978887494553e-8,-0.763708785766889]}},{"t":0.4799999999999999,"j":false,"c":{"p":[-770.9393446652483,1312.3497285744634,2667.9902296207492],"r":[-0.7501282038849019,-1.0980150543679702e-12,-0.6612469190669721,-3.792034864385406e-9,1,4.885150093849029e-9,0.6612469190669721,6.298326487831721e-9,-0.7501282038849019]}},{"t":0.5199999999999999,"j":false,"c":{"p":[-770.6055945178559,1312.2701086733723,2668.3597057362495],"r":[-0.7420054277756443,-2.6059384405677555e-8,-0.6703318378797872,2.934223907169527e-8,1,-7.055793047028762e-8,0.6703318378797872,-7.184889939308332e-8,-0.7420054277756443]}},{"t":0.5599999999999999,"j":false,"c":{"p":[-770.2564925517579,1312.1913257823394,2668.743644680202],"r":[-0.7384598406636799,-2.1463424273495634e-8,-0.6742974144556603,2.583123558826609e-8,1,-6.011993908063988e-8,0.6742974144556603,-6.181408459826852e-8,-0.7384598406636799]}},{"t":0.6,"j":false,"c":{"p":[-769.8975452630464,1312.1099091049812,2669.1365401094185],"r":[-0.7384602217129584,6.210942370552782e-9,-0.6742970084732625,-5.350547410586109e-9,1,1.5070648973719526e-8,0.6742970084732625,1.4736927954563854e-8,-0.7384602217129584]}},{"t":0.64,"j":false,"c":{"p":[-769.5695451362213,1311.978903857593,2669.495465266761],"r":[-0.738457962641001,2.375168868871835e-8,-0.6742994657094267,-2.5656399444294853e-8,1,6.332169274329461e-8,0.6742994657094267,6.406047842490274e-8,-0.738457962641001]}},{"t":0.68,"j":false,"c":{"p":[-769.2483738835156,1311.7942990033116,2669.847202985446],"r":[-0.7384556804549968,1.529370635816272e-8,-0.6743019657169953,-1.7354757757960333e-8,1,4.168697390551362e-8,0.6743019657169953,4.2486398858355894e-8,-0.7384556804549968]}},{"t":0.7200000000000001,"j":false,"c":{"p":[-768.9326083727583,1311.5672646594326,2670.193251122221],"r":[-0.7384533799718953,-1.374488935162437e-8,-0.6743044995824404,1.359259772292013e-8,1,-3.526936778421757e-8,0.6743044995824404,-3.521029858722722e-8,-0.7384533799718953]}},{"t":0.7600000000000001,"j":false,"c":{"p":[-768.6188616996326,1311.3206113340977,2670.5368829032423],"r":[-0.7384563154753467,-1.7890178770620792e-8,-0.6743013190693647,1.8525410302791773e-8,1,-4.68193577373254e-8,0.6743013190693647,-4.70657456361213e-8,-0.7384563154753467]}},{"t":0.8000000000000002,"j":false,"c":{"p":[-768.3046974338391,1311.06630064806,2670.874661295436],"r":[-0.7237628430429781,-7.247958161184647e-9,-0.6880989608109893,7.545639911659565e-9,1,-2.217431569351266e-8,0.6880989608109893,-2.2239014972733215e-8,-0.7237628430429781]}},{"t":0.8400000000000002,"j":false,"c":{"p":[-767.9871694998435,1310.8060160210184,2671.195499685737],"r":[-0.6605651329907808,2.771070092592758e-8,-0.7474458205516864,-3.0360612878227243e-8,1,5.758759826570346e-8,0.7474458205516864,5.8884464175744926e-8,-0.6605651329907808]}},{"t":0.8800000000000002,"j":false,"c":{"p":[-767.6522539972864,1310.5340691822332,2671.4731091061703],"r":[-0.5685698305962767,3.148630262756002e-8,-0.8156017084942062,-3.363100854224492e-8,1,6.853533358182594e-8,0.8156017084942062,6.942827845716231e-8,-0.5685698305962767]}},{"t":0.9200000000000003,"j":false,"c":{"p":[-767.29713902052,1310.24857412683,2671.700498597413],"r":[-0.44311980900089953,-9.64055683559839e-10,-0.8939912146302721,3.335739949890233e-9,1,-4.5969146126796074e-10,0.8939912146302721,-2.021667064401225e-9,-0.44311980900089953]}},{"t":0.9600000000000003,"j":false,"c":{"p":[-766.9152892298755,1309.933146864566,2671.886719652887],"r":[-0.42242086502214776,-2.8258396470695763e-8,-0.9063931008279386,3.0730947453273646e-8,1,-4.5371724178913153e-8,0.9063931008279386,-4.6946088337243915e-8,-0.42242086502214776]}},{"t":1.0000000000000002,"j":false,"c":{"p":[-766.5366731724425,1309.6005272550367,2672.0625553059936],"r":[-0.42138555595839067,-3.6688879254809576e-8,-0.9068676300885136,3.785329007483488e-8,1,-5.7792160558689185e-8,0.9068676300885136,-5.854209777343934e-8,-0.42138555595839067]}},{"t":1.0400000000000003,"j":false,"c":{"p":[-766.1822114826361,1309.2281221226735,2672.2262498696696],"r":[-0.4295318567449995,1.2795446271191898e-8,-0.9030342666537191,-1.518898021978231e-8,1,2.171077353166675e-8,0.9030342666537191,2.3214081584607967e-8,-0.4295318567449995]}},{"t":1.0800000000000003,"j":false,"c":{"p":[-765.8576107149576,1308.8640584673408,2672.3873120795975],"r":[-0.45076355996938117,2.228169110895456e-8,-0.8922335313584464,-2.456076267200671e-8,1,3.69561011212143e-8,0.8922335313584464,3.8387875673297506e-8,-0.45076355996938117]}},{"t":1.1200000000000003,"j":false,"c":{"p":[-765.5466540182767,1308.5038062048495,2672.5471715128233],"r":[-0.47797425336463706,1.3491988193021725e-8,-0.8782492602056617,-1.3978598823486563e-8,1,2.28408034262688e-8,0.8782492602056617,2.3138805125459245e-8,-0.47797425336463706]}},{"t":1.1600000000000004,"j":false,"c":{"p":[-765.2406821111557,1308.1073582041881,2672.7143278904277],"r":[-0.4885953744744254,-2.0179589771817683e-8,-0.8724829983534189,2.5289175122557086e-8,1,-3.772285277434759e-8,0.8724829983534189,-4.069574715547413e-8,-0.4885953744744254]}},{"t":1.2000000000000004,"j":false,"c":{"p":[-764.939409219209,1307.7082282375952,2672.8848960673677],"r":[-0.4990443215374144,-3.587457039664962e-8,-0.8665012385064819,4.2174343543190124e-8,1,-6.518063610235961e-8,0.8665012385064819,-6.88660061587661e-8,-0.4990443215374144]}},{"t":1.2400000000000004,"j":false,"c":{"p":[-764.646108113067,1307.3155310833895,2673.060041205193],"r":[-0.5146041471103067,-6.598857351502165e-9,-0.8573723348724555,3.822320626949795e-9,1,-9.613925303966166e-9,0.8573723348724555,-8.07393316578443e-9,-0.5146041471103067]}},{"t":1.2800000000000005,"j":false,"c":{"p":[-764.3726200265877,1306.9647044868734,2673.2254176016363],"r":[-0.5180330018494178,1.997925782340502e-8,-0.8553606247111071,-3.099594350569794e-8,1,4.212983208997071e-8,0.8553606247111071,4.833736094914167e-8,-0.5180330018494178]}},{"t":1.3200000000000005,"j":false,"c":{"p":[-764.0839304823767,1306.64177964819,2673.400894252162],"r":[-0.5171100738261502,3.1298170057670306e-8,-0.8559151742352837,-4.4265232313967606e-8,1,6.344650119012474e-8,0.8559151742352837,7.07459614585293e-8,-0.5171100738261502]}},{"t":1.3600000000000005,"j":false,"c":{"p":[-763.7280094384349,1306.3707911435145,2673.6179396546145],"r":[-0.5132024792975983,-4.238879634224456e-9,-0.8582631107876187,8.88715623289846e-9,1,-1.0089755897221215e-8,0.8582631107876187,-1.2745722468887884e-8,-0.5132024792975983]}},{"t":1.4000000000000006,"j":false,"c":{"p":[-763.3523912280602,1306.2197943907156,2673.8381510591994],"r":[-0.4899543513477895,-2.1856319152919143e-8,-0.871304907003678,3.3286155512467524e-8,1,-4.334632607266399e-8,0.871304907003678,-5.006527095078349e-8,-0.4899543513477895]}},{"t":1.4400000000000006,"j":false,"c":{"p":[-762.9550146772003,1306.1516483121618,2674.0603151433493],"r":[-0.45195225266008937,-2.4643240502939135e-8,-0.8912539630676214,3.4427324948353737e-8,1,-4.670751864355138e-8,0.8912539630676214,-5.243790646869929e-8,-0.45195225266008937]}},{"t":1.4800000000000006,"j":false,"c":{"p":[-762.483289271653,1306.2606236028314,2674.285857617217],"r":[-0.3776324060363361,1.2659654283342921e-8,-0.9243438457185746,-2.5768171574100106e-8,1,2.0951025067005466e-8,0.9243438457185746,3.036221618052233e-8,-0.3776324060363361]}},{"t":1.5200000000000007,"j":false,"c":{"p":[-761.997679016179,1306.3224529169943,2674.471277723758],"r":[-0.31199210401121485,2.3388177542720917e-8,-0.9488855428199725,-3.740923547184755e-8,1,3.7837438064890536e-8,0.9488855428199725,4.7629466326596746e-8,-0.31199210401121485]}},{"t":1.5600000000000007,"j":false,"c":{"p":[-761.5043931620412,1306.3533055038429,2674.6289151713104],"r":[-0.25544580788062987,1.5287506399435697e-8,-0.9668233903230061,-1.5222453086392753e-8,1,1.9834041448248235e-8,0.9668233903230061,1.9783943379401782e-8,-0.25544580788062987]}},{"t":1.6000000000000008,"j":false,"c":{"p":[-761.0309335456604,1306.3726148103544,2674.753929574733],"r":[-0.2554463109755956,-2.1286085687918768e-8,-0.9668232412578311,4.9755980037446605e-8,1,-3.5162675545643114e-8,0.9668232412578311,-5.708742658008993e-8,-0.2554463109755956]}},{"t":1.6400000000000008,"j":false,"c":{"p":[-760.56768353114,1306.376838331313,2674.8763558484884],"r":[-0.2589470000408812,-2.9125101240845064e-8,-0.9658721221905063,5.812743806569826e-8,1,-4.5407068191463406e-8,0.9658721221905063,-6.777985401417755e-8,-0.2589470000408812]}},{"t":1.6800000000000008,"j":false,"c":{"p":[-760.1164557568667,1306.3632976984175,2674.995734489527],"r":[-0.26656930689505753,-3.127931286829676e-9,-0.9638011955155863,-1.5822370129924332e-10,1,-2.953696292402798e-9,0.9638011955155863,-5.43763056498787e-10,-0.26656930689505753]}},{"t":1.7200000000000009,"j":false,"c":{"p":[-759.6445805846793,1306.3951084068883,2675.126985270738],"r":[-0.2718573294759072,1.3974875030241008e-8,-0.9623313123524303,-3.6014185482263056e-8,1,2.478247033229194e-8,0.9623313123524303,4.143113584776335e-8,-0.2718573294759072]}},{"t":1.760000000000001,"j":false,"c":{"p":[-759.169807802446,1306.4387861096084,2675.2619137092056],"r":[-0.2765831699151252,2.265705639777441e-8,-0.9609832890899388,-5.150193233356185e-8,1,3.82821413774544e-8,0.9609832890899388,6.00418215565772e-8,-0.2765831699151252]}},{"t":1.800000000000001,"j":false,"c":{"p":[-758.74508411968,1306.4163812279219,2675.384093963662],"r":[-0.2850978441223622,-4.256953887193087e-9,-0.9584772607976584,1.586881830598497e-8,1,-9.53393519693254e-9,0.9584772607976584,-1.805066459716939e-8,-0.2850978441223622]}},{"t":1.840000000000001,"j":false,"c":{"p":[-758.2921506002539,1306.410398841981,2675.5179734259054],"r":[-0.2890371819325013,-1.5331069362913307e-8,-0.9573178700042054,4.143196110544386e-8,1,-2.8523955327697678e-8,0.9573178700042054,-4.790805129141622e-8,-0.2890371819325013]}},{"t":1.880000000000001,"j":false,"c":{"p":[-757.8148862996404,1306.4185807404833,2675.661943370704],"r":[-0.28903032501354353,-1.2743389512425947e-8,-0.9573199443662431,3.09363428924125e-8,1,-2.2651709140598145e-8,0.9573199443662431,-3.6163011688599356e-8,-0.28903032501354353]}},{"t":1.920000000000001,"j":false,"c":{"p":[-757.3752059571603,1306.5014840225513,2675.7940622358765],"r":[-0.28902837144130467,1.0551750871870667e-8,-0.9573205363064282,-3.3219380614142274e-8,1,2.1051475477348412e-8,0.9573205363064282,3.788603874190008e-8,-0.28902837144130467]}},{"t":1.960000000000001,"j":false,"c":{"p":[-756.9147821182734,1306.5452517935898,2675.932778068404],"r":[-0.28902924186273576,1.8847828598524332e-8,-0.9573202809566754,-5.451952971515433e-8,1,3.6148261594996e-8,0.9573202809566754,6.264052288984212e-8,-0.28902924186273576]}},{"t":2.000000000000001,"j":false,"c":{"p":[-756.4244703750152,1306.5325519156497,2676.0809968970216],"r":[-0.28903397119203444,5.668332467430088e-9,-0.9573188680450178,-1.4574691341220626e-8,1,1.032141038344246e-8,0.9573188680450178,1.693585553321447e-8,-0.28903397119203444]}},{"t":2.040000000000001,"j":false,"c":{"p":[-755.9811876742441,1306.5252128437985,2676.215087870738],"r":[-0.2929168523982359,-1.3421965570958663e-8,-0.956131718690536,4.188506862469915e-8,1,-2.705332446596931e-8,0.956131718690536,-4.8024243594985206e-8,-0.2929168523982359]}},{"t":2.080000000000001,"j":true,"c":{"p":[-755.5412895360018,1306.5373874943336,2676.3490767056455],"r":[-0.29570883298130896,-1.966608335446407e-8,-0.9552781158026397,5.9030636174461455e-8,1,-3.885980588858742e-8,0.9552781158026397,-6.788185273979306e-8,-0.29570883298130896]}},{"t":2.120000000000001,"j":false,"c":{"p":[-755.0696263858736,1307.7693410961872,2676.496873263907],"r":[-0.31526134779523074,6.958720118082009e-10,-0.9490049031357254,-1.9370515885587105e-9,1,1.3772475290605453e-9,0.9490049031357254,2.272595727743168e-9,-0.31526134779523074]}},{"t":2.160000000000001,"j":false,"c":{"p":[-754.5644780273437,1309.308875732422,2676.6708603515626],"r":[-0.3369982124567039,2.198983872858715e-8,-0.9412012361288068,-6.574505660950239e-8,1,4.83712053824815e-8,0.9412012361288068,7.861387446794957e-8,-0.3369982124567039]}},{"t":2.200000000000001,"j":false,"c":{"p":[-754.0733333962644,1310.6384809776557,2676.8499114628557],"r":[-0.370712344079944,3.8892317899504124e-8,-0.9282292557042219,-1.0574354169304727e-7,1,8.311678402558521e-8,0.9282292557042219,1.2905612805600206e-7,-0.370712344079944]}},{"t":2.240000000000001,"j":false,"c":{"p":[-753.5743842490448,1311.5907453134143,2677.06475859047],"r":[-0.4266432056835152,3.884522301459086e-8,-0.9034108407317755,-4.875444240318308e-8,1,6.404865252893775e-8,0.9034108407317755,7.154072548865809e-8,-0.4266432056835152]}},{"t":2.280000000000001,"j":false,"c":{"p":[-753.1064499122681,1312.2214863646532,2677.287867923098],"r":[-0.4549682093766041,5.1334998415412984e-8,-0.8904766935035507,1.4327115108008202e-8,1,4.9930355951959413e-8,0.8904766935035507,1.007526291491082e-8,-0.4549682093766041]}},{"t":2.320000000000001,"j":false,"c":{"p":[-752.6593701220601,1312.5921525627537,2677.5177921819],"r":[-0.46355643481145326,7.180887497975243e-8,-0.8860661192009317,8.01120799677883e-8,1,3.910384476628757e-8,0.8860661192009317,-5.2852630366643047e-8,-0.46355643481145326]}},{"t":2.360000000000001,"j":false,"c":{"p":[-752.2013082939804,1312.5385880964125,2677.7602336763575],"r":[-0.46751835108656237,8.237743569667025e-8,-0.8839773686877251,1.2665590895890787e-7,1,2.6076904012025424e-8,0.8839773686877251,-9.974536536919016e-8,-0.46751835108656237]}},{"t":2.4000000000000012,"j":false,"c":{"p":[-751.7453211966866,1312.2392300052102,2678.0018847349215],"r":[-0.4694722768336781,5.1522296757612034e-8,-0.8829472212733865,9.861862978693228e-8,1,5.91635159406566e-9,0.8829472212733865,-8.429770582141819e-8,-0.4694722768336781]}},{"t":2.4400000000000013,"j":false,"c":{"p":[-751.2913475931309,1311.7013330501127,2678.2427686878286],"r":[-0.46947747921772714,-1.9533894018541042e-8,-0.8829444315891863,-1.7984469461725724e-9,1,-2.116725923392775e-8,0.8829444315891863,-8.34966958890046e-9,-0.46947747921772714]}},{"t":2.4800000000000013,"j":false,"c":{"p":[-750.8223670812073,1310.6550983003528,2678.5017785883438],"r":[-0.512925480107598,-6.808544318985665e-8,-0.8573355670511836,-7.702188743329314e-8,1,-3.0961998514657896e-8,0.8573355670511836,4.861532075701209e-8,-0.512925480107598]}},{"t":2.5200000000000014,"j":false,"c":{"p":[-750.3732871391488,1309.4301016226245,2678.777930669518],"r":[-0.5750887557994264,-6.549389239395192e-8,-0.8144117329378296,-1.0504536607437969e-7,1,-5.872752272054346e-9,0.8144117329378296,8.811334671887881e-8,-0.5750887557994264]}},{"t":2.5600000000000014,"j":false,"c":{"p":[-749.9702665667716,1307.9029423456116,2679.0883706087952],"r":[-0.6705827994568376,4.487191908706602e-8,-0.738120444229081,-3.437152024393451e-8,1,9.239143934133453e-8,0.738120444229081,9.276299753383241e-8,-0.6705827994568376]}},{"t":2.6000000000000014,"j":false,"c":{"p":[-749.6020459024954,1307.1982016143588,2679.4383487962523],"r":[-0.7116964013072308,5.027857053889995e-8,-0.7021272951290678,1.55758442420998e-8,1,5.341418334483343e-8,0.7021272951290678,2.646023999429294e-8,-0.7116964013072308]}},{"t":2.6400000000000015,"j":false,"c":{"p":[-749.2478194782501,1306.856903519171,2679.8059457801137],"r":[-0.7310567277544976,1.3009268882596877e-8,-0.6822442337793535,4.642050984256627e-8,1,-3.0648947463184395e-8,0.6822442337793535,-5.4292428137006955e-8,-0.7310567277544976]}},{"t":2.6800000000000015,"j":false,"c":{"p":[-748.8965486482778,1306.7951752659571,2680.187919566319],"r":[-0.7465353793691525,-3.617571513747734e-8,-0.6651736705880542,6.48719964868009e-9,1,-6.160797394705899e-8,0.6651736705880542,-5.0808107793175104e-8,-0.7465353793691525]}},{"t":2.7200000000000015,"j":false,"c":{"p":[-748.5697407712299,1306.8078566363183,2680.565576568109],"r":[-0.7779588496422449,-7.917170423202615e-8,-0.6262288074396651,-4.23086784148579e-8,1,-7.16234442623461e-8,0.6262288074396651,-3.083144934301018e-8,-0.7779588496422449]}},{"t":2.7600000000000016,"j":false,"c":{"p":[-748.2599984975233,1306.860922109022,2680.943291749702],"r":[-0.8191681089001015,-1.1160975651378834e-7,-0.5731439465393318,-9.022900633833875e-8,1,-6.556945329397641e-8,0.5731439465393318,-1.4024108275260907e-9,-0.8191681089001015]}},{"t":2.8000000000000016,"j":false,"c":{"p":[-747.9910213434049,1306.812381977064,2681.3739021413185],"r":[-0.8607662655543461,-1.1575876836164427e-8,-0.5055269004896005,-1.475190363997985e-8,1,3.945833986750943e-9,0.5055269004896005,1.532441746093669e-8,-0.8607662655543461]}},{"t":2.8400000000000016,"j":false,"c":{"p":[-747.754095249719,1306.8144080093873,2681.8090243020292],"r":[-0.902696423275955,4.2857730611079405e-8,-0.4215571955648906,2.9681294929810606e-8,1,3.5984025385369635e-8,0.4215571955648906,2.025042035790056e-8,-0.902696423275955]}},{"t":2.8800000000000017,"j":false,"c":{"p":[-747.5537834289447,1306.8741994733107,2682.2493005868996],"r":[-0.945005850123873,4.5198808520502347e-8,-0.31890665116705114,3.865076897145361e-8,1,2.5209386317379124e-8,0.31890665116705114,1.1695476426924846e-8,-0.945005850123873]}},{"t":2.9200000000000017,"j":false,"c":{"p":[-747.4286586225596,1306.9065574642736,2682.74842807038],"r":[-0.9748572080993063,2.11826131534453e-8,-0.17306936632672004,1.8565988779250292e-8,1,-1.8143728618266275e-9,0.17306936632672004,-9.351424105444347e-9,-0.9748572080993063]}},{"t":2.9600000000000017,"j":false,"c":{"p":[-747.3344003042624,1306.9276532050567,2683.271715707521],"r":[-0.9995941611794786,-1.365402066605079e-8,-0.009502650144322222,-1.3446420133158637e-8,1,-3.550887533930026e-8,0.009502650144322222,-3.552664144577925e-8,-0.9995941611794786]}},{"t":3.0000000000000018,"j":false,"c":{"p":[-747.3758461835193,1306.9286755002906,2683.771716933321],"r":[-0.9898761505381056,-4.148175641340886e-8,0.10399396891668136,-5.031318502685256e-8,1,-5.8972634800749383e-8,-0.10399396891668136,-6.646678903234349e-8,-0.9898761505381056]}},{"t":3.040000000000002,"j":false,"c":{"p":[-747.4351080962875,1306.9210598008165,2684.2809228258834],"r":[-0.982080321105984,-5.050118708809671e-8,0.18844581550885506,-6.296738173626738e-8,1,-6.072817654244352e-8,-0.18844581550885506,-7.143836382311692e-8,-0.982080321105984]}},{"t":3.080000000000002,"j":false,"c":{"p":[-747.5389858660341,1306.8897761481514,2684.8173390240268],"r":[-0.9812846209560803,-6.351806597437273e-9,0.19253944121965133,-6.5575471517816696e-9,1,-1.2125619167786672e-9,-0.19253944121965133,-2.3567339719801638e-9,-0.9812846209560803]}},{"t":3.120000000000002,"j":true,"c":{"p":[-747.6296274203731,1306.867090308287,2685.27807568049],"r":[-0.9800453119557024,4.010358514448768e-8,0.19874670493260027,5.256807647204106e-8,1,5.695953241878549e-8,-0.19874670493260027,6.63382877439199e-8,-0.9800453119557024]}},{"t":3.160000000000002,"j":false,"c":{"p":[-747.7360832714028,1308.3105900341027,2685.8011837599165],"r":[-0.9795753636623235,3.551006779151577e-8,0.201077330311416,4.4943430391393886e-8,1,4.234893386428498e-8,-0.201077330311416,5.052107706123684e-8,-0.9795753636623235]}},{"t":3.200000000000002,"j":false,"c":{"p":[-747.8389207929393,1309.7373672267047,2686.302661112128],"r":[-0.9795753359794617,1.1741743826391619e-8,0.20107737183570862,1.2543262864927421e-8,1,2.7120288056954766e-9,-0.20107737183570862,5.178802278854429e-9,-0.9795753359794617]}},{"t":3.240000000000002,"j":false,"c":{"p":[-747.9381999443036,1311.0057706736206,2686.78713614943],"r":[-0.979772228534326,-1.1300265791307297e-8,0.2000846880282337,-1.8718503156594515e-8,1,-3.5537996794973914e-8,-0.2000846880282337,-3.8526654888725676e-8,-0.979772228534326]}},{"t":3.280000000000002,"j":false,"c":{"p":[-748.0522786233198,1311.9707113165864,2687.3464637114494],"r":[-0.9814801628466607,-3.855207517433745e-8,0.19147370353847626,-5.4580681845008285e-8,1,-7.946039689448268e-8,-0.19147370353847626,-8.833487458924844e-8,-0.9814801628466607]}},{"t":3.320000000000002,"j":false,"c":{"p":[-748.1366841802533,1312.5610640879436,2687.852522477162],"r":[-0.9873350982462077,-6.918583172776922e-8,0.14957660994156266,-8.554329427422968e-8,1,-1.087428642637487e-7,-0.14957660994156266,-1.1908936280211972e-7,-0.9873350982462077]}},{"t":3.360000000000002,"j":false,"c":{"p":[-748.2011820499401,1312.9001059870054,2688.322843226029],"r":[-0.9959722552274686,-1.0208853545720307e-7,0.08534787736466753,-1.1321878941057229e-7,1,-1.2820340587502015e-7,-0.08534787736466753,-1.3706070921148532e-7,-0.9959722552274686]}},{"t":3.400000000000002,"j":false,"c":{"p":[-748.2451064051253,1312.7994231840592,2688.8491834490874],"r":[-0.9969999278731108,-5.922224192591238e-8,0.07739920551914173,-6.437851985384389e-8,1,-6.350035667085838e-8,-0.07739920551914173,-6.832451294549602e-8,-0.9969999278731108]}},{"t":3.440000000000002,"j":false,"c":{"p":[-748.2869544698543,1312.555586053188,2689.378157450943],"r":[-0.996733701423634,-7.861415678651537e-9,0.08010265256861329,-6.897997573975488e-9,1,8.428209464744465e-9,-0.08010265256861329,8.092708246592021e-9,-0.996733701423634]}},{"t":3.480000000000002,"j":false,"c":{"p":[-748.3314280628886,1311.8789137053463,2689.8850345660726],"r":[-0.9948351156513033,3.802707263112262e-8,0.1002369709500733,4.536315154010978e-8,1,6.333783377518393e-8,-0.1002369709500733,6.815026276571863e-8,-0.9948351156513033]}},{"t":3.5200000000000022,"j":false,"c":{"p":[-748.3827252433917,1310.9318471060185,2690.4014134841946],"r":[-0.9938054168268711,5.772861436788504e-8,0.11113374795214633,6.69852305229406e-8,1,7.960072447734622e-8,-0.11113374795214633,8.655031365418548e-8,-0.9938054168268711]}},{"t":3.5600000000000023,"j":false,"c":{"p":[-748.4418754708005,1309.6735924769941,2690.928727721154],"r":[-0.9937756919880526,4.7292443253727796e-8,0.11139933629065168,5.334579113590612e-8,1,5.138633498707061e-8,-0.11139933629065168,5.7008086163360645e-8,-0.9937756919880526]}},{"t":3.6000000000000023,"j":false,"c":{"p":[-748.4990531320942,1308.0747841695616,2691.4373841776433],"r":[-0.9937678148221017,3.7276381860903636e-8,0.11146971934204793,4.0227632981082644e-8,1,2.4226544029486543e-8,-0.11146971934204793,2.8559729498347423e-8,-0.9937678148221017]}},{"t":3.6400000000000023,"j":false,"c":{"p":[-748.5554156220993,1306.3856307079836,2691.9383996402375],"r":[-0.9937679157614995,2.740161129210606e-8,0.11146882237909175,2.7283939333378723e-8,1,-2.581055123416192e-9,-0.11146882237909175,4.763384429007636e-10,-0.9937679157614995]}},{"t":3.6800000000000024,"j":false,"c":{"p":[-748.6071403763441,1306.3678290994046,2692.398953706368],"r":[-0.9937678459446987,1.6928952401990485e-8,0.11146959909099971,1.3556565531953918e-8,1,-3.101166261433522e-8,-0.11146959909099971,-2.9307253523184078e-8,-0.9937678459446987]}},{"t":3.7200000000000024,"j":false,"c":{"p":[-748.6587959573751,1306.4250861147657,2692.8588083624345],"r":[-0.9937678088474275,6.662189069072505e-9,0.11147000362276754,9.909124325766975e-11,1,-5.8883289089457963e-8,-0.11147000362276754,-5.850526910409017e-8,-0.9937678088474275]}},{"t":3.7600000000000025,"j":false,"c":{"p":[-748.7102993703384,1306.6474579934827,2693.3171244478335],"r":[-0.9937678437269711,-3.1516427416891163e-9,0.11146958942818852,-1.2764654852400934e-8,1,-8.552526240553681e-8,-0.11146958942818852,-8.641512671263504e-8,-0.9937678437269711]}},{"t":3.8000000000000025,"j":false,"c":{"p":[-748.7642047996854,1306.765356298827,2693.7976440102093],"r":[-0.9937678575515747,-9.051571903076417e-9,0.11146942526102066,-1.895304255270481e-8,1,-8.776713337598261e-8,-0.11146942526102066,-8.93328429512109e-8,-0.9937678575515747]}},{"t":3.8400000000000025,"j":false,"c":{"p":[-748.8196873850134,1306.8146576028366,2694.292742301833],"r":[-0.9937678575515747,-1.2381645582378556e-8,0.11146942526102066,-2.0758412098500434e-8,1,-7.398797817543049e-8,-0.11146942526102066,-7.584080216148419e-8,-0.9937678575515747]}},{"t":3.8800000000000026,"j":false,"c":{"p":[-748.8722561633499,1306.7909652470162,2694.761494002761],"r":[-0.9942019539989166,8.883850319110214e-12,0.10747358462120098,1.487717040510372e-9,1,1.620390423886828e-8,-0.10747358462120098,1.6232844259597414e-8,-0.9942019539989166]}},{"t":3.9200000000000026,"j":false,"c":{"p":[-748.9237910658153,1306.7905112465248,2695.2332063885856],"r":[-0.9948571570778568,9.305342024881255e-9,0.10098173649499177,1.6872286507361336e-8,1,7.235079097220291e-8,-0.10098173649499177,7.368449068877972e-8,-0.9948571570778568]}},{"t":3.9600000000000026,"j":false,"c":{"p":[-748.9730482435324,1306.8537701001237,2695.7145768250507],"r":[-0.9960165656809499,9.57629716299323e-9,0.08871630733955899,1.3218602739773547e-8,1,3.7915063887433655e-8,-0.08871630733955899,3.893932717827249e-8,-0.9960165656809499]}},{"t":4.000000000000003,"j":false,"c":{"p":[-749.0141632028266,1306.8524331369708,2696.1919929336004],"r":[-0.9973188608328233,9.493876593916104e-9,0.0712417620058665,1.0316542927386751e-8,1,5.3372672553567655e-9,-0.0712417620058665,6.061885897299791e-9,-0.9973188608328233]}},{"t":4.040000000000003,"j":false,"c":{"p":[-749.04959982458,1306.8060474128802,2696.666651316001],"r":[-0.9987208042638098,9.165013785157487e-9,0.05013440821473112,7.938661453096274e-9,1,-2.594481908136319e-8,-0.05013440821473112,-2.5513016357969322e-8,-0.9987208042638098]}},{"t":4.080000000000003,"j":false,"c":{"p":[-749.0708247504053,1306.7379682983646,2697.153163150352],"r":[-0.9991358275131585,8.56037478712886e-9,0.04098421899422208,6.3428325201794165e-9,1,-5.885107245029976e-8,-0.04098421899422208,-5.853933603587661e-8,-0.9991358275131585]}},{"t":4.120000000000003,"j":false,"c":{"p":[-749.090333038349,1306.710289856847,2697.642488424647],"r":[-0.9993907910789075,7.873085885914705e-9,0.034901137959877586,4.764866858719081e-9,1,-8.914130117444547e-8,-0.034901137959877586,-8.892069509936821e-8,-0.9993907910789075]}},{"t":4.160000000000003,"j":false,"c":{"p":[-749.1077314008718,1306.7935588757334,2698.1372401135045],"r":[-0.999390828176262,7.013920158806263e-9,0.034899802455112434,3.0997253487212153e-9,1,-1.1220969019472406e-7,-0.034899802455112434,-1.120331528302679e-7,-0.999390828176262]}},{"t":4.200000000000003,"j":false,"c":{"p":[-749.1231026870553,1306.8244652067244,2698.630170947135],"r":[-0.9996249236958475,1.334353641595974e-9,0.023724112550044255,-9.190987786627242e-10,1,-3.5383330297779435e-8,-0.023724112550044255,-3.5304224815550984e-8,-0.9996249236958475]}},{"t":4.240000000000003,"j":false,"c":{"p":[-749.1374461746814,1306.8291565825543,2699.122175316462],"r":[-0.9999753586054188,-6.742352754198179e-9,0.006962776906350026,-6.106529164668323e-9,1,9.120284067621402e-8,-0.006962776906350026,9.115797331966466e-8,-0.9999753586054188]}},{"t":4.280000000000003,"j":false,"c":{"p":[-749.1307369078954,1306.7391344424925,2699.590939253001],"r":[-0.9996221256163663,-1.8649387438880344e-9,-0.018333098359600744,-2.4761808612580335e-9,1,6.081599249718338e-8,0.018333098359600744,6.078525291151501e-8,-0.9996221256163663]}},{"t":4.320000000000003,"j":false,"c":{"p":[-749.1181564638621,1306.711308255321,2700.061389603938],"r":[-0.9991626502259598,2.4569867571015888e-9,-0.039564640400517055,1.496214540576365e-9,1,3.048420577144894e-8,0.039564640400517055,3.0374291162856525e-8,-0.9991626502259598]}},{"t":4.360000000000003,"j":false,"c":{"p":[-749.0944324916868,1306.8015303440177,2700.53504077909],"r":[-0.9985015261474777,5.724591876418598e-9,-0.0530820546329129,6.117817300096058e-9,1,2.5692600036907127e-10,0.0530820546329129,-1.092528697636509e-10,-0.9985015261474777]}},{"t":4.400000000000003,"j":false,"c":{"p":[-749.0685363924417,1306.858314978813,2701.0118131887216],"r":[-0.9979501233248868,8.816483746708745e-9,-0.06394352344081962,1.0783623404569107e-8,1,-2.9663528164195506e-8,0.06394352344081962,-3.02969207212574e-8,-0.9979501233248868]}},{"t":4.440000000000003,"j":false,"c":{"p":[-749.03710281071,1306.8298562970629,2701.4965426748554],"r":[-0.9976784368878573,1.1460423444797993e-8,-0.06803409404534119,1.556211870294224e-8,1,-5.8801780658216904e-8,0.06803409404534119,-5.973030067031855e-8,-0.9976784368878573]}},{"t":4.480000000000003,"j":false,"c":{"p":[-749.0060492575872,1306.7938399330574,2701.9552974831645],"r":[-0.9975639974716968,1.4213688732738827e-8,-0.06975721936689609,2.0395447851222817e-8,1,-8.790577239930798e-8,0.06975721936689609,-8.911436316417184e-8,-0.9975639974716968]}},{"t":4.520000000000003,"j":false,"c":{"p":[-748.9752721925272,1306.7523250121596,2702.395154534336],"r":[-0.9975639624008361,1.7046493349707205e-8,-0.06975792078410958,2.5268671114280696e-8,1,-1.1698483788750845e-7,0.06975792078410958,-1.1846254497078709e-7,-0.9975639624008361]}},{"t":4.560000000000003,"j":false,"c":{"p":[-748.9421220247125,1306.7826871608552,2702.868464955657],"r":[-0.9975639581680298,3.1938390068149544e-9,-0.06975800544023514,4.966377775958049e-9,1,-2.5236398375437867e-8,0.06975800544023514,-2.5521364938385243e-8,-0.9975639581680298]}},{"t":4.600000000000003,"j":true,"c":{"p":[-748.9097178935101,1306.8083928646965,2703.3312191149603],"r":[-0.9975639581680298,-1.096887353325799e-8,-0.06975800544023514,-1.5915480580662018e-8,1,7.035516879232489e-8,0.06975800544023514,7.129401024016975e-8,-0.9975639581680298]}},{"t":4.640000000000003,"j":true,"c":{"p":[-748.8798689873562,1307.7758163147867,2703.75940509134],"r":[-0.9975639581680298,-9.917116670667462e-9,-0.06975792037872947,-1.4663523816263125e-8,1,6.752904839743363e-8,0.06975792037872947,6.838744076890579e-8,-0.9975639581680298]}},{"t":4.680000000000003,"j":false,"c":{"p":[-748.8424029566654,1309.396995499841,2704.2936990483117],"r":[-0.9975639581680298,-4.357103800319213e-9,-0.06975775801989098,-6.854014462874327e-9,1,3.555470501382448e-8,0.06975775801989098,3.594621225441721e-8,-0.9975639581680298]}},{"t":4.720000000000003,"j":false,"c":{"p":[-748.8065161627461,1310.8135109259536,2704.80537527129],"r":[-0.9975639581680298,9.525216302110596e-10,-0.0697578507567409,6.037804383339727e-10,1,5.020399847249317e-9,0.0697578507567409,4.966051462052581e-9,-0.9975639581680298]}},{"t":4.760000000000003,"j":false,"c":{"p":[-748.7718054683103,1311.7657009580191,2705.338113902214],"r":[-0.9980366165279827,6.644136364610871e-9,-0.06225788362633416,8.110684985379628e-9,1,-2.6289081912761722e-8,0.06225788362633416,-2.6710072955834212e-8,-0.9980366165279827]}},{"t":4.800000000000003,"j":false,"c":{"p":[-748.7380979951429,1312.5618511636178,2705.8736354656367],"r":[-0.9984305354067206,1.2332881532173909e-8,-0.05600430913292939,1.5580193297790007e-8,1,-5.7569407647416926e-8,0.05600430913292939,-5.835138459600863e-8,-0.9984305354067206]}},{"t":4.840000000000003,"j":false,"c":{"p":[-748.7076641094728,1312.9135952728218,2706.414141275138],"r":[-0.9984374935216658,1.7923573463091995e-8,-0.05588024970223606,2.290628224441635e-8,1,-8.856832041917503e-8,0.05588024970223606,-8.97095295768684e-8,-0.9984374935216658]}},{"t":4.8800000000000034,"j":false,"c":{"p":[-748.6792922492426,1312.9813203052436,2706.941254414741],"r":[-0.9987906171779293,2.4578739111875325e-8,-0.0475676546688669,2.9969737231892616e-8,1,-1.1849891588501191e-7,0.0475676546688669,-1.197272396475662e-7,-0.9987906171779293]}},{"t":4.9200000000000035,"j":false,"c":{"p":[-748.6528550407957,1312.782570442289,2707.4558021648977],"r":[-0.9994685233363078,3.223262472627794e-8,-0.03157233919033969,3.678678145858575e-8,1,-1.4742718521997927e-7,0.03157233919033969,-1.4848731499706432e-7,-0.9994685233363078]}},{"t":4.9600000000000035,"j":false,"c":{"p":[-748.6363797308171,1312.164607232602,2707.9627953437184],"r":[-0.9995963199041954,2.9043677817160535e-8,-0.028406855947500167,3.2835632313783056e-8,1,-1.3268231184299494e-7,0.028406855947500167,-1.3356372107081022e-7,-0.9995963199041954]}},{"t":5.0000000000000036,"j":false,"c":{"p":[-748.6219392558774,1311.4008958425336,2708.4690105999875],"r":[-0.9996101260185242,2.086285594872073e-8,-0.027921128960938717,2.35608812617016e-8,1,-9.630105488908299e-8,0.027921128960938717,-9.692135997878432e-8,-0.9996101260185242]}},{"t":5.040000000000004,"j":false,"c":{"p":[-748.6075223046964,1310.1732203647257,2708.9811007059325],"r":[-0.9996101260185242,-8.729932332410713e-9,-0.027920917775130404,-9.797688657390105e-9,1,3.810605331884614e-8,0.027920917775130404,3.836475257558008e-8,-0.9996101260185242]}},{"t":5.080000000000004,"j":false,"c":{"p":[-748.5930070374072,1308.8962370309594,2709.497218470811],"r":[-0.9996101260185242,-2.392509973663738e-8,-0.027920791989261187,-2.6941004545287493e-8,1,1.0764030302265398e-7,0.027920791989261187,1.0835055124167311e-7,-0.9996101260185242]}},{"t":5.120000000000004,"j":false,"c":{"p":[-748.5783568344697,1307.5515802750094,2710.0188640660544],"r":[-0.9996101260185242,-1.9360002633194358e-8,-0.027920783412019697,-2.182941377499951e-8,1,8.813867281477658e-8,0.027920783412019697,8.871380143964026e-8,-0.9996101260185242]}},{"t":5.160000000000004,"j":false,"c":{"p":[-748.564778082139,1306.966227770042,2710.502121231635],"r":[-0.9996101260185242,-1.3500182777678396e-8,-0.027920781499941903,-1.5258688096880006e-8,1,6.27688915327846e-8,0.027920781499941903,6.317045216618588e-8,-0.9996101260185242]}},{"t":5.200000000000004,"j":false,"c":{"p":[-748.5518021393746,1306.755500063964,2710.9640879702847],"r":[-0.9996101260185242,-7.027838887156633e-9,-0.027920782566070557,-7.997733205585457e-9,1,3.4625688029993544e-8,0.027920782566070557,3.483549180383808e-8,-0.9996101260185242]}},{"t":5.240000000000004,"j":false,"c":{"p":[-748.5400042247481,1306.8077795731524,2711.3871906835748],"r":[-0.9996101260185242,-3.9273678889456203e-10,-0.027920782566070557,-5.541899715346163e-10,1,5.774805621476363e-9,0.027920782566070557,5.788027849975623e-9,-0.9996101260185242]}},{"t":5.280000000000004,"j":false,"c":{"p":[-748.527339892175,1306.8261114017446,2711.8411768466644],"r":[-0.9996101413238626,6.2087911376800695e-9,-0.02792053768065466,6.851672301764309e-9,1,-2.2930036213958692e-8,0.02792053768065466,-2.3112396578008738e-8,-0.9996101413238626]}},{"t":5.320000000000004,"j":false,"c":{"p":[-748.5135209755621,1306.7992047281282,2712.336318133977],"r":[-0.9996101770250154,1.2765578298070488e-8,-0.027919966462210018,1.4207321123178473e-8,1,-5.144026514294577e-8,0.027919966462210018,-5.181687690025629e-8,-0.9996101770250154]}},{"t":5.360000000000004,"j":false,"c":{"p":[-748.500602153344,1306.787429452533,2712.800399987542],"r":[-0.9996101592402526,1.9173507850532274e-8,-0.027920777027810307,2.1396089748190503e-8,1,-7.930350431003195e-8,0.027920777027810307,-7.986998634628135e-8,-0.9996101592402526]}},{"t":5.400000000000004,"j":false,"c":{"p":[-748.4879603694164,1306.782140091476,2713.254786909987],"r":[-0.9996101273809402,2.454100522393279e-8,-0.02792192188669585,2.7421152167666506e-8,1,-1.0276689552769752e-7,0.02792192188669585,-1.0349247825124884e-7,-0.9996101273809402]}},{"t":5.440000000000004,"j":false,"c":{"p":[-748.4751339644407,1306.8134301855896,2713.712610392279],"r":[-0.9996101583088072,8.355131412300622e-9,-0.02792080848348616,9.34177832367952e-9,1,-3.520438832654836e-8,0.02792080848348616,-3.54515096329279e-8,-0.9996101583088072]}},{"t":5.480000000000004,"j":false,"c":{"p":[-748.4621805192126,1306.8372670423987,2714.1752442809093],"r":[-0.9996101814564173,-6.483994085778801e-9,-0.027919975299731975,-7.234954597212684e-9,1,2.6795701826692865e-8,0.027919975299731975,2.6987255967325308e-8,-0.9996101814564173]}},{"t":5.520000000000004,"j":false,"c":{"p":[-748.4482667810795,1306.8047651344236,2714.6742398658193],"r":[-0.9996101457933336,-1.1143095339370252e-8,-0.0279212602852171,-1.2453276392635472e-8,1,4.674967257082434e-8,0.0279212602852171,4.707916137658587e-8,-0.9996101457933336]}},{"t":5.560000000000004,"j":false,"c":{"p":[-748.434771735889,1306.7924707990805,2715.1585894283794],"r":[-0.9996101430715534,-1.0288572631650451e-8,-0.027921290675153573,-1.1511156537818712e-8,1,4.362519029560805e-8,0.027921290675153573,4.392959495280611e-8,-0.9996101430715534]}},{"t":5.600000000000004,"j":false,"c":{"p":[-748.4217978028745,1306.805327143578,2715.624710308762],"r":[-0.9996101813490653,-2.571702152614268e-9,-0.027919759574675105,-2.9016488949540947e-9,1,1.1776882864008277e-8,0.027919759574675105,1.1853307455062041e-8,-0.9996101813490653]}},{"t":5.640000000000004,"j":false,"c":{"p":[-748.4079039480772,1306.804093295883,2716.1243511655116],"r":[-0.9996101503956638,5.3692758279967105e-9,-0.027920012441451137,5.957817896251913e-9,1,-2.0996075527121086e-8,0.027920012441451137,-2.115423613784981e-8,-0.9996101503956638]}},{"t":5.680000000000004,"j":false,"c":{"p":[-748.3941878722479,1306.7932895454092,2716.61677336511],"r":[-0.9996101124368018,1.316976780280713e-8,-0.02792090332469888,1.4660602201087303e-8,1,-5.318933591526406e-8,0.02792090332469888,-5.35779447230464e-8,-0.9996101124368018]}},{"t":5.720000000000004,"j":false,"c":{"p":[-748.3809399424132,1306.770042496871,2717.0909553986485],"r":[-0.9996100771849449,2.070116376979971e-8,-0.027922454406402106,2.3063263793864035e-8,1,-8.427222534925201e-8,0.027922454406402106,-8.488335693150683e-8,-0.9996100771849449]}},{"t":5.760000000000004,"j":false,"c":{"p":[-748.3680992585994,1306.8295457725228,2717.54