{"v":1,"d":[{"t":0.06235384941101074,"c":{"r":[0.9991227984428406,-2.672904741984894e-8,0.04187621921300888,2.873180271478759e-8,1,-4.7223771559856687e-8,-0.04187621921300888,4.8385526696392844e-8,0.9991227984428406],"p":[-468.8822937011719,1465.62158203125,2769.4501953125]},"j":false},{"t":0.03333333333333333,"j":false,"c":{"p":[-468.8768747006732,1465.6214126874845,2769.5800255327795],"r":[0.9991228260053024,-2.1661192934016593e-8,0.041875795440158,2.3283913315521216e-8,1,-3.826339415564665e-8,-0.041875795440158,3.920485779260415e-8,0.9991228260053024]}},{"t":0.06666666666666667,"j":false,"c":{"p":[-468.8830990334684,1465.6216071978843,2769.430900892896],"r":[0.9991227943467087,-2.7482194959236195e-8,0.04187628219103652,2.9541428268832578e-8,1,-4.8555397440755193e-8,-0.04187628219103652,4.9749890691876016e-8,0.9991227943467087]}},{"t":0.1,"j":false,"c":{"p":[-468.8893233662635,1465.621801708284,2769.2817762530126],"r":[0.999122762688115,-3.33031969844558e-8,0.04187676894191505,3.579894322214394e-8,1,-5.884740072586374e-8,-0.04187676894191505,6.029492359114789e-8,0.999122762688115]}},{"t":0.13333333333333333,"j":false,"c":{"p":[-468.8983904019955,1465.6224846397658,2769.06442587958],"r":[0.9991227542448358,-2.7029816678100533e-8,0.04187692283020724,2.9055672905893786e-8,1,-4.7767135822573455e-8,-0.04187692283020724,4.894200838335387e-8,0.9991227542448358]}},{"t":0.16666666666666666,"j":false,"c":{"p":[-468.9161398632529,1465.6246593485325,2768.6386946574935],"r":[0.9991228167077485,1.618325666075979e-8,0.04187606006122632,-1.739570352713901e-8,1,2.859013162980222e-8,-0.04187606006122632,-2.929348577226541e-8,0.9991228167077485]}},{"t":0.19999999999999998,"j":false,"c":{"p":[-468.9341779152448,1465.6271187872483,2768.20595073725],"r":[0.9991228476699378,3.815321887188069e-8,0.04187564407072713,-4.101213405157346e-8,1,6.741264508778319e-8,-0.04187564407072713,-6.907091648494112e-8,0.9991228476699378]}},{"t":0.2333333333333333,"j":false,"c":{"p":[-468.9527807622836,1465.6301354651464,2767.7594824083176],"r":[0.9991228169827033,1.8548721087680652e-8,0.041876102461292156,-1.9938757162033134e-8,1,3.277665621102475e-8,-0.041876102461292156,-3.3582854752004576e-8,0.9991228169827033]}},{"t":0.26666666666666666,"j":false,"c":{"p":[-468.97129909049033,1465.5343512455465,2767.315042531357],"r":[0.9991227984428406,-2.6266614087262365e-9,0.0418764191768247,2.8232355544493082e-9,1,-4.6349353130214035e-9,-0.0418764191768247,4.749099310689455e-9,0.9991227984428406]}},{"t":0.3,"j":false,"c":{"p":[-468.9896884222705,1465.2877726717777,2766.873698568633],"r":[0.9991227984428406,-2.6199598498751972e-8,0.04187651966157832,2.8162469363981153e-8,1,-4.6282775891727054e-8,-0.04187651966157832,4.742152919951125e-8,0.9991227984428406]}},{"t":0.3333333333333333,"j":false,"c":{"p":[-469.0075779442189,1465.0253639972263,2766.444350041871],"r":[0.9991227984428406,-3.425273339127546e-8,0.041876617670407595,3.6819069573053635e-8,1,-6.051199594686485e-8,-0.041876617670407595,6.200077679297296e-8,0.9991227984428406]}},{"t":0.36666666666666664,"j":false,"c":{"p":[-469.0248075313782,1464.7420537045853,2766.0308399500477],"r":[0.9991227984428406,-2.1813959684558263e-8,0.04187671241009628,2.3448391432518457e-8,1,-3.8538443664050864e-8,-0.04187671241009628,3.948657973216095e-8,0.9991227984428406]}},{"t":0.39999999999999997,"j":false,"c":{"p":[-469.0425391002391,1464.575385559907,2765.6052822973866],"r":[0.9991227844014544,-2.2690203954738003e-9,0.04187694476582608,2.4390715573742986e-9,1,-4.009964537474327e-9,-0.04187694476582608,4.108580668197054e-9,0.9991227844014544]}},{"t":0.4333333333333333,"j":false,"c":{"p":[-469.06084845232255,1464.542973058246,2765.1658578473844],"r":[0.9991227541983688,2.545514781134053e-8,0.04187733551824535,-2.7362359709449355e-8,1,4.4969292510080075e-8,-0.04187733551824535,-4.607571303055649e-8,0.9991227541983688]}},{"t":0.4666666666666666,"j":false,"c":{"p":[-469.07901288066995,1464.5301899581837,2764.7299115670467],"r":[0.999122754415632,2.7672137970893876e-8,0.04187715161970674,-2.9745503538496935e-8,1,4.88870101782768e-8,-0.04187715161970674,-5.008979335223292e-8,0.999122754415632]}},{"t":0.49999999999999994,"j":false,"c":{"p":[-469.097027334835,1464.5377203246096,2764.2975646670848],"r":[0.9991227861133625,3.4930506007925944e-9,0.04187637304420275,-3.754860208615405e-9,1,6.172839173440369e-9,-0.04187637304420275,-6.32467483019832e-9,0.9991227861133625]}},{"t":0.5333333333333333,"j":false,"c":{"p":[-469.1155514926746,1464.5491704886483,2763.8535296051637],"r":[0.9991228174413838,-2.1319169003812146e-8,0.0418756593579013,2.2916267810261157e-8,1,-3.7659622005656446e-8,-0.0418756593579013,3.858620861823184e-8,0.9991228174413838]}},{"t":0.5666666666666667,"j":false,"c":{"p":[-469.1344001186273,1464.5631159247416,2763.4020540713645],"r":[0.9991228485340549,-4.653442910378174e-8,0.041874986978889105,5.002058003805079e-8,1,-8.22039664237247e-8,-0.041874986978889105,8.422646523444627e-8,0.9991228485340549]}},{"t":0.6,"j":false,"c":{"p":[-469.1526019786273,1464.581766784673,2762.9668264969105],"r":[0.9991228361676601,-2.9928230393568375e-8,0.04187541986835383,3.217031969079462e-8,1,-5.2869168483133434e-8,-0.04187541986835383,5.4169913068205895e-8,0.9991228361676601]}},{"t":0.6333333333333333,"j":false,"c":{"p":[-469.1705187051929,1464.6024920791867,2762.5387620027477],"r":[0.9991228046418884,5.115389349135107e-9,0.041876340026814965,-5.498627174874927e-9,1,9.036010595243919e-9,-0.041876340026814965,-9.258357207451406e-9,0.9991228046418884]}},{"t":0.6666666666666666,"j":false,"c":{"p":[-469.188516543785,1464.6256152966823,2762.1206847700223],"r":[0.9988213016762705,1.95947226320408e-8,0.048040801584300116,-2.1441305055008068e-8,1,3.5525361131591844e-8,-0.048040801584300116,-3.657451053974515e-8,0.9988213016762705]}},{"t":0.7,"j":false,"c":{"p":[-469.2065342356093,1464.649325437275,2761.705052050511],"r":[0.9984460096221114,2.9040677114153642e-8,0.055713870730787006,-3.2066193672386615e-8,1,5.33462231723891e-8,-0.055713870730787006,-5.505174965880702e-8,0.9984460096221114]}},{"t":0.7333333333333333,"j":false,"c":{"p":[-469.230919797372,1464.683079757079,2761.267187014089],"r":[0.9984407424926758,5.611618952460129e-9,0.05582165746084636,-6.309857467488246e-9,1,1.2332200062542641e-8,-0.05582165746084636,-1.2665194762267386e-8,0.9984407424926758]}},{"t":0.7666666666666666,"j":false,"c":{"p":[-469.25536650399886,1464.7177333584502,2760.829530497997],"r":[0.9984407424926758,-1.8181139329400638e-8,0.05582175192171532,1.9849880424369274e-8,1,-2.9339646107414e-8,-0.05582175192171532,3.0401954038928445e-8,0.9984407424926758]}},{"t":0.7999999999999999,"j":false,"c":{"p":[-469.2783468356125,1464.7899828057025,2760.4179709403816],"r":[0.9984407424926758,-3.679115495842023e-8,0.055821644588538,4.031945346021307e-8,1,-6.208045917555031e-8,-0.055821644588538,6.423435756552688e-8,0.9984407424926758]}},{"t":0.8333333333333333,"j":false,"c":{"p":[-469.3013271672262,1464.8622322529548,2760.0064113827657],"r":[0.9984407424926758,-5.540117058743982e-8,0.05582153725536068,6.078902649605687e-8,1,-9.482127224368665e-8,-0.05582153725536068,9.806676109212531e-8,0.9984407424926758]}},{"t":0.8666666666666666,"j":false,"c":{"p":[-469.3083099942963,1464.8949497811814,2759.8817130927805],"r":[0.998440750637411,-4.327313869885384e-8,0.05582138000528277,4.749192231141887e-8,1,-7.424948850156667e-8,-0.05582138000528277,7.678479468750271e-8,0.998440750637411]}},{"t":0.8999999999999999,"j":false,"c":{"p":[-469.31483138439546,1464.9265270385038,2759.765289117957],"r":[0.9984407590170755,-3.025848905695097e-8,0.05582122131538633,3.3220841641220004e-8,1,-5.2139939721497377e-8,-0.05582122131538633,5.391309234353956e-8,0.9984407590170755]}},{"t":0.9333333333333332,"j":false,"c":{"p":[-469.32135277449464,1464.9581042958262,2759.6488651431337],"r":[0.99844076739674,-1.7243839415048093e-8,0.055821062625489894,1.8949760971021138e-8,1,-3.003039094142808e-8,-0.055821062625489894,3.104138999957641e-8,0.99844076739674]}},{"t":0.9666666666666666,"j":false,"c":{"p":[-469.3278741645938,1464.9896815531486,2759.53244116831],"r":[0.9984407757764046,-4.229189773145219e-9,0.055820903935593455,4.678680300822271e-9,1,-7.920842161358788e-9,-0.055820903935593455,8.169687655613258e-9,0.9984407757764046]}},{"t":0.9999999999999999,"j":false,"c":{"p":[-469.33439555469306,1465.021258810471,2759.416017193487],"r":[0.998440784156069,8.785459868757655e-9,0.055820745245697016,-9.592400369376595e-9,1,1.4188706618710506e-8,-0.055820745245697016,-1.4702014688349907e-8,0.998440784156069]}},{"t":1.0333333333333332,"j":false,"c":{"p":[-469.34091694479224,1465.0528360677934,2759.299593218663],"r":[0.9984407925357335,2.180010951066053e-8,0.05582058655580058,-2.386348103957546e-8,1,3.62982553987798e-8,-0.05582058655580058,-3.757371703231306e-8,0.9984407925357335]}},{"t":1.0666666666666667,"j":false,"c":{"p":[-469.3474383348914,1465.0844133251157,2759.1831692438395],"r":[0.998440800915398,3.4814759152563455e-8,0.055820427865904146,-3.813456170977438e-8,1,5.840780417884919e-8,-0.055820427865904146,-6.04454193762763e-8,0.998440800915398]}},{"t":1.1,"j":false,"c":{"p":[-469.3701900464048,1465.251751395285,2758.775762321547],"r":[0.998440776207573,2.340249120793461e-8,0.05582111259697678,-2.5653128983053663e-8,1,3.960258863585558e-8,-0.05582111259697678,-4.097281249832145e-8,0.998440776207573]}},{"t":1.1333333333333335,"j":false,"c":{"p":[-469.3956068969318,1465.4413823966668,2758.3205738436213],"r":[0.998440746066537,7.979142436181231e-9,0.055821935824020764,-8.778735368670965e-9,1,1.4078865686383332e-8,-0.055821935824020764,-1.4546956351145817e-8,0.998440746066537]}},{"t":1.166666666666667,"j":false,"c":{"p":[-469.4177852737282,1465.6178361915381,2757.9365071837],"r":[0.9982398763309531,-1.5351972683905613e-8,0.059203176234559944,1.699280380962722e-8,1,-2.4944239614150365e-8,-0.059203176234559944,2.5983931409453236e-8,0.9982398763309531]}},{"t":1.2000000000000004,"j":false,"c":{"p":[-469.4397328724379,1465.793852160496,2757.5606488045178],"r":[0.9980268459741488,-3.729765704233671e-8,0.06278905599919585,4.125339871739785e-8,1,-6.1704108737547e-8,-0.06278905599919585,6.417261576688457e-8,0.9980268459741488]}},{"t":1.2333333333333338,"j":false,"c":{"p":[-469.46461767244705,1465.989005236024,2757.1653041771797],"r":[0.9980268173672477,-2.4128908124390872e-8,0.06278922048887735,2.6691887882047257e-8,1,-3.998004989748339e-8,-0.06278922048887735,4.1577121660626285e-8,0.9980268173672477]}},{"t":1.2666666666666673,"j":false,"c":{"p":[-469.4895024724562,1466.1841583115518,2756.7699595498416],"r":[0.9980267887603466,-1.0960159206445032e-8,0.06278938497855883,1.2130377046696656e-8,1,-1.8255991057419763e-8,-0.06278938497855883,1.8981627554367997e-8,0.9980267887603466]}},{"t":1.3000000000000007,"j":false,"c":{"p":[-469.5194876351902,1466.3647132551166,2756.3539998238757],"r":[0.997499088807762,1.743961994849214e-8,0.07033589425103433,-1.9798001908591245e-8,1,2.8425110273623922e-8,-0.07033589425103433,-2.992797372021777e-8,0.997499088807762]}},{"t":1.3333333333333341,"j":false,"c":{"p":[-469.5497608014714,1466.5342802065675,2755.9393478934694],"r":[0.9970527239260196,3.718149823435527e-8,0.07671928642680659,-4.197903072509202e-8,1,6.09210023533938e-8,-0.07671928642680659,-6.396204887303419e-8,0.9970527239260196]}},{"t":1.3666666666666676,"j":false,"c":{"p":[-469.5809761009721,1466.651416089,2755.532983732967],"r":[0.9970526932583226,1.3162056454507567e-8,0.07671991511459716,-1.4872038742436245e-8,1,2.1717605386042796e-8,-0.07671991511459716,-2.2794564925008875e-8,0.9970526932583226]}},{"t":1.400000000000001,"j":false,"c":{"p":[-469.6125351915781,1466.757257169342,2755.122062438046],"r":[0.9970526838039562,-1.099996911899476e-8,0.07672020441864803,1.239585706435963e-8,1,-1.7718499342720956e-8,-0.07672020441864803,1.8617281341796946e-8,0.9970526838039562]}},{"t":1.4333333333333345,"j":false,"c":{"p":[-469.6452708962293,1466.8244421513323,2754.6955444965565],"r":[0.9970527469515346,-3.564998315894644e-8,0.07671933219272116,4.021444105510271e-8,1,-5.7951038930678674e-8,-0.07671933219272116,6.086544981706187e-8,0.9970527469515346]}},{"t":1.466666666666668,"j":false,"c":{"p":[-469.67833894922296,1466.8849620268925,2754.26520745837],"r":[0.9970527784667617,-4.1674427656069006e-8,0.07671880383784783,4.701781880082542e-8,1,-6.784285873914059e-8,-0.07671880383784783,7.125005962688795e-8,0.9970527784667617]}},{"t":1.5000000000000013,"j":false,"c":{"p":[-469.7120569759124,1466.9324469529583,2753.8274014122867],"r":[0.9970527481185955,-1.1272843425227987e-8,0.07671894799163778,1.2721755015649441e-8,1,-1.8397329009182093e-8,-0.07671894799163778,1.9319103695032493e-8,0.9970527481185955]}},{"t":1.5333333333333348,"j":false,"c":{"p":[-469.7457541015316,1466.9736694217174,2753.3896693363395],"r":[0.9970527178205112,1.1878629362083352e-8,0.07671928981993943,-1.3396782104707666e-8,1,1.927366225308967e-8,-0.07671928981993943,-2.024465388157386e-8,0.9970527178205112]}},{"t":1.5666666666666682,"j":false,"c":{"p":[-469.7794162880122,1467.0044232942926,2752.952060912091],"r":[0.9970526876061463,2.2910500325972446e-8,0.07671996208955792,-2.5845409755401163e-8,1,3.7261822569323226e-8,-0.07671996208955792,-3.9134864450752324e-8,0.9970526876061463]}},{"t":1.6000000000000016,"j":false,"c":{"p":[-469.812310132322,1467.0138126704946,2752.524409548606],"r":[0.9970527063073239,1.9433163641685084e-8,0.07671975748587721,-2.192602795060129e-8,1,3.165029266134636e-8,-0.07671975748587721,-3.3239192227705424e-8,0.9970527063073239]}},{"t":1.633333333333335,"j":false,"c":{"p":[-469.84405900204524,1466.991364922133,2752.11159608152],"r":[0.9970527979018751,-5.665625902906227e-9,0.07671824617578203,6.384771596671803e-9,1,-9.129221748159926e-9,-0.07671824617578203,9.592114896153791e-9,0.9970527979018751]}},{"t":1.6666666666666685,"j":false,"c":{"p":[-469.8757273296764,1466.9209287062902,2751.699742375821],"r":[0.997052835057099,-2.516695367641262e-8,0.07671758330715583,2.8382244753785397e-8,1,-4.082035537799678e-8,-0.07671758330715583,4.287747148421976e-8,0.997052835057099]}},{"t":1.700000000000002,"j":false,"c":{"p":[-469.90729695516785,1466.7916839307884,2751.289064831557],"r":[0.9970528054984102,-3.7808744528225445e-8,0.07671796018043774,4.264290839918211e-8,1,-6.137392593619352e-8,-0.07671796018043774,6.44645257290359e-8,0.9970528054984102]}},{"t":1.7333333333333354,"j":false,"c":{"p":[-469.9393692053802,1466.6439220586524,2750.871911692115],"r":[0.997052788734436,-2.4379857029699243e-8,0.0767182464185385,2.749869948439672e-8,1,-3.9596949857654893e-8,-0.0767182464185385,4.158989503424575e-8,0.997052788734436]}},{"t":1.7666666666666688,"j":false,"c":{"p":[-469.9721000078218,1466.471898595797,2750.446274056266],"r":[0.997052788734436,2.320752412564234e-8,0.07671841390402309,-2.61725526982668e-8,1,3.764263019879863e-8,-0.07671841390402309,-3.953961351879985e-8,0.997052788734436]}},{"t":1.8000000000000023,"j":false,"c":{"p":[-470.0000764031553,1466.3407356979726,2750.032861229826],"r":[0.9976986854638238,4.118943780363815e-8,0.06130804320381426,-4.6210382833396336e-8,1,6.563858358737727e-8,-0.06130804320381426,-6.885465122724675e-8,0.9976986854638238]}},{"t":1.8333333333333357,"j":false,"c":{"p":[-470.02177701981674,1466.2635084132999,2749.6355850522714],"r":[0.9991971606170724,2.0092375461078212e-8,0.025555887572041726,-2.18523697111761e-8,1,2.8633350719004104e-8,-0.025555887572041726,-2.9775009297438127e-8,0.9991971606170724]}},{"t":1.8666666666666691,"j":false,"c":{"p":[-470.0301085072247,1466.1203587853147,2749.232906984846],"r":[0.9993943696827448,-5.438728569772158e-9,-0.0115128816040889,3.947738665689385e-9,1,-1.3896634825667915e-8,0.0115128816040889,1.303440676646358e-8,0.9993943696827448]}},{"t":1.9000000000000026,"j":false,"c":{"p":[-470.02398562870644,1465.905935579605,2748.8243885301076],"r":[0.998184682619239,-3.576380682882145e-8,-0.050005140193234904,3.1307004121216144e-8,1,-6.239984385565213e-8,0.050005140193234904,5.987636071178947e-8,0.998184682619239]}},{"t":1.933333333333336,"j":false,"c":{"p":[-470.00223376585706,1465.7588623046875,2748.4112307104733],"r":[0.9964128458460564,-3.660525076951728e-8,-0.08193545588369225,3.2573253166983785e-8,1,-6.155300733065442e-8,0.08193545588369225,5.9217841930407195e-8,0.9964128458460564]}},{"t":1.9666666666666694,"j":false,"c":{"p":[-469.96400682280614,1465.6827850387142,2747.993182367749],"r":[0.9940484266403914,-6.366924602655997e-9,-0.1069485891621019,6.333905627489004e-9,1,-8.684494845188975e-9,0.1069485891621019,8.487349103838018e-9,0.9940484266403914]}},{"t":2.0000000000000027,"j":false,"c":{"p":[-469.91842028949867,1465.501064881026,2747.585266777015],"r":[0.9921809553697355,1.5718360475022652e-8,-0.12444470100835757,-1.2086465189985972e-8,1,2.8506278238625966e-8,0.12444470100835757,-2.6660124725183233e-8,0.9921809553697355]}},{"t":2.033333333333336,"j":false,"c":{"p":[-469.86661725832323,1465.2301102974766,2747.1859101180894],"r":[0.9907332460247842,3.091693572488081e-8,-0.13559133603896997,-2.3902303631624255e-8,1,5.2454380172579274e-8,0.13559133603896997,-4.864493582459893e-8,0.9907332460247842]}},{"t":2.066666666666669,"j":false,"c":{"p":[-469.82014260415656,1465.1670812470543,2746.8634899471076],"r":[0.9883149609388409,1.699034312156423e-8,-0.151504348031915,-1.3868576743373112e-8,1,2.63017780035065e-8,0.151504348031915,-2.4318263173146684e-8,0.9883149609388409]}},{"t":2.1000000000000023,"j":false,"c":{"p":[-469.7761898407125,1465.2024621762812,2746.5774833810306],"r":[0.9854373078403083,-1.0721026813364899e-8,-0.16967325930192195,6.506425923387103e-9,1,-2.3563204252053576e-8,0.16967325930192195,2.1927372988509665e-8,0.9854373078403083]}},{"t":2.1333333333333355,"j":false,"c":{"p":[-469.7388704560031,1465.2605655617945,2746.359351158083],"r":[0.9828162534945394,-2.4553776850032295e-8,-0.18408806309049858,1.6149363628368223e-8,1,-4.617347724685598e-8,0.18408806309049858,4.2281156627888725e-8,0.9828162534945394]}},{"t":2.1666666666666687,"j":false,"c":{"p":[-469.7034094383806,1465.3250347326168,2746.1602341987536],"r":[0.9802670862964453,-3.4498377051981545e-8,-0.19745113893419036,2.2785671213552485e-8,1,-6.114823647412746e-8,0.19745113893419036,5.53812361639046e-8,0.9802670862964453]}},{"t":2.200000000000002,"j":false,"c":{"p":[-469.62223882122487,1465.2674174419128,2745.836011852411],"r":[0.9608052330109114,-4.548222515125496e-9,-0.26485266477143193,9.715455326730799e-9,1,-3.0438808958299715e-9,0.26485266477143193,3.5611881568115486e-9,0.9608052330109114]}},{"t":2.233333333333335,"j":false,"c":{"p":[-469.5240447613042,1465.1643319801592,2745.4651970087116],"r":[0.9350446559003636,4.025977546937842e-8,-0.3523795137348423,-1.069398203322509e-8,1,8.227703621248943e-8,0.3523795137348423,-7.243680248840513e-8,0.9350446559003636]}},{"t":2.2666666666666684,"j":false,"c":{"p":[-469.38239455830035,1465.1188003010286,2745.1240549548347],"r":[0.9192917544124002,2.7796922077128076e-8,-0.3917398443368792,-8.011704168601396e-9,1,5.561523470177145e-8,0.3917398443368792,-4.8806192789879355e-8,0.9192917544124002]}},{"t":2.3000000000000016,"j":false,"c":{"p":[-469.2356115881874,1465.0800665137838,2744.786417664814],"r":[0.9047208968112044,8.569594863694039e-9,-0.42541104784056594,-2.6019777089617197e-9,1,1.5726736707352795e-8,0.42541104784056594,-1.3408077586101693e-8,0.9047208968112044]}},{"t":2.333333333333335,"j":false,"c":{"p":[-469.12804167265114,1465.3980748710148,2744.572167732865],"r":[0.88186177250353,-2.290591755896906e-8,-0.46902092807641665,1.8170366656800009e-9,1,-4.0555943227960377e-8,0.46902092807641665,3.346671280969744e-8,0.88186177250353]}},{"t":2.366666666666668,"j":false,"c":{"p":[-469.0301677877241,1465.8042932080543,2744.3884272221685],"r":[0.8569532468280963,-5.7409982079351856e-8,-0.5150882989324347,5.991082246006302e-9,1,-1.0089233669383664e-7,0.5150882989324347,8.317928759019498e-8,0.8569532468280963]}},{"t":2.4000000000000012,"j":false,"c":{"p":[-468.80576220671406,1465.999899544473,2744.037310286054],"r":[0.8386442895346337,-2.4161153766934414e-8,-0.5437733489317667,3.2166172760120087e-9,1,-4.2459717729416536e-8,0.5437733489317667,3.503119963778632e-8,0.8386442895346337]}},{"t":2.4333333333333345,"j":false,"c":{"p":[-468.5726067468904,1466.1783752690544,2743.675144941413],"r":[0.8211464242696548,1.3216080335162202e-8,-0.5707176129366097,1.8430884090198395e-11,1,2.3183477800518784e-8,0.5707176129366097,-1.904754991670056e-8,0.8211464242696548]}},{"t":2.4666666666666677,"j":false,"c":{"p":[-468.3331350523792,1466.2221026461402,2743.330084492233],"r":[0.8211491559747663,2.7021122654990163e-8,-0.5707136880729438,-7.780463790092818e-10,1,4.622687661118575e-8,0.5707136880729438,-3.75151757289555e-8,0.8211491559747663]}},{"t":2.500000000000001,"j":false,"c":{"p":[-468.0935764075684,1466.2637981406867,2742.9849826474115],"r":[0.8211515545845032,3.472683899318554e-8,-0.5707102417945862,-1.3596140705623552e-9,1,5.8892217642153335e-8,0.5707102417945862,-4.7583487192318344e-8,0.8211515545845032]}},{"t":2.533333333333334,"j":false,"c":{"p":[-467.8533916362751,1466.2908621104089,2742.6395827138276],"r":[0.8211515545845032,-1.4885069281482392e-9,-0.5707102417945862,-3.936244253731231e-10,1,-3.174522092492107e-9,0.5707102417945862,2.831410401510828e-9,0.8211515545845032]}},{"t":2.5666666666666673,"j":false,"c":{"p":[-467.61012055435026,1466.3099665422728,2742.2899260777563],"r":[0.8202963441065385,-2.965055814515439e-8,-0.571922575983593,4.627241712236148e-10,1,-5.1204519537245566e-8,0.571922575983593,4.174678562630255e-8,0.8202963441065385]}},{"t":2.6000000000000005,"j":false,"c":{"p":[-467.3548807086973,1466.2982037545396,2741.923761878963],"r":[0.8161246132356437,-2.6581799163544948e-8,-0.5778363622297084,8.938829660949402e-10,1,-4.47997979809765e-8,0.5778363622297084,3.6066822710898034e-8,0.8161246132356437]}},{"t":2.6333333333333337,"j":true,"c":{"p":[-467.13968048399056,1466.4828529677739,2741.6156140859816],"r":[0.8010072048282925,-1.972037741502876e-8,-0.5982886970964421,1.6251648163099969e-9,1,-3.105878908960952e-8,0.5982886970964421,2.401697678914562e-8,0.8010072048282925]}},{"t":2.666666666666667,"j":false,"c":{"p":[-466.83898976385984,1468.073011374755,2741.251704069358],"r":[0.726300314590302,-1.4349606546482695e-8,-0.6828255186701412,6.076768614873253e-8,1,3.703006717355068e-8,0.6828255186701412,-7.044663810406745e-8,0.726300314590302]}},{"t":2.7,"j":false,"c":{"p":[-466.5209647717266,1469.3164068624621,2740.948809243254],"r":[0.6354587057928716,-4.492672162431846e-8,-0.7690310562851073,1.3780223342501398e-7,1,5.5355830993022505e-8,0.7690310562851073,-1.4292562257765368e-7,0.6354587057928716]}},{"t":2.7333333333333334,"j":false,"c":{"p":[-466.17392942150656,1470.312325266638,2740.686403280795],"r":[0.5645260338522077,-6.462147841058169e-8,-0.820605726885842,1.5798697453740935e-7,1,2.97944816968116e-8,0.820605726885842,-1.4940251354996453e-7,0.5645260338522077]}},{"t":2.7666666666666666,"j":false,"c":{"p":[-465.8126623220116,1471.1985531062617,2740.446575484002],"r":[0.4822612225619362,-7.046996869414494e-8,-0.8718559652669797,1.7128656355729105e-7,1,1.4040352580475318e-8,0.8718559652669797,-1.5511347916659744e-7,0.4822612225619362]}},{"t":2.8,"j":false,"c":{"p":[-465.4061785463218,1471.736275456985,2740.2784823409265],"r":[0.3639922865737786,-3.232652679407872e-8,-0.9220754275757437,1.6271085905535792e-7,1,2.944542186457697e-8,0.9220754275757437,-1.5839097029405064e-7,0.3639922865737786]}},{"t":2.833333333333333,"j":false,"c":{"p":[-464.99992594884395,1472.2062561142577,2740.120811964368],"r":[0.260466974359705,7.781161135655336e-10,-0.9654059459242998,1.4817182054802433e-7,1,4.108857865230549e-8,0.9654059459242998,-1.5373055049375064e-7,0.260466974359705]}},{"t":2.8666666666666663,"j":false,"c":{"p":[-464.594931874484,1472.307454235377,2740.0198826297587],"r":[0.23720524415153993,6.451778528446042e-9,-0.9712333831472942,1.0116867719745533e-7,1,3.225206390348505e-8,0.9712333831472942,-1.0585652361367456e-7,0.23720524415153993]}},{"t":2.8999999999999995,"j":false,"c":{"p":[-464.18275946375485,1472.2660403156935,2739.920447594433],"r":[0.2217761012975479,9.056871800905111e-9,-0.97509762862814,4.1394993019279094e-8,1,1.871007670632301e-8,0.97509762862814,-4.451386876314443e-8,0.2217761012975479]}},{"t":2.9333333333333327,"j":false,"c":{"p":[-463.7565634998043,1471.9460204013478,2739.82393181288],"r":[0.221648652313915,5.66722750911004e-9,-0.9751265949491343,-4.3327140179239987e-8,1,-4.0244921581945945e-9,0.9751265949491343,4.314101380200433e-8,0.221648652313915]}},{"t":2.966666666666666,"j":false,"c":{"p":[-463.3280731340521,1471.5142722618978,2739.728482399086],"r":[0.21853945433377747,2.3109081705084735e-9,-0.9757896129796553,-1.02096092260759e-7,1,-2.0656937489392903e-8,0.9757896129796553,1.041264874148857e-7,0.21853945433377747]}},{"t":2.999999999999999,"j":false,"c":{"p":[-462.8919645609886,1470.7115477831203,2739.636573694967],"r":[0.2055298186935896,-9.34760800807595e-10,-0.9785579019202281,-7.469150926938584e-8,1,-1.7028222774466063e-8,0.9785579019202281,7.656030189353732e-8,0.2055298186935896]}},{"t":3.0333333333333323,"j":false,"c":{"p":[-462.4582955457051,1469.8402171683724,2739.5461771779646],"r":[0.19407515970870431,-3.815694177739575e-9,-0.9809846128444117,-4.1622166356056686e-8,1,-1.2195233621452047e-8,0.9809846128444117,4.319630849934708e-8,0.19407515970870431]}},{"t":3.0666666666666655,"j":false,"c":{"p":[-462.03698727314554,1468.621273226734,2739.463442605295],"r":[0.19049925093672476,-4.84858653610795e-9,-0.9816806174842458,2.014936207817788e-8,1,-1.2604310083316852e-9,0.9816806174842458,-1.954399730234454e-8,0.19049925093672476]}},{"t":3.0999999999999988,"j":false,"c":{"p":[-461.6218594642142,1467.477815182883,2739.3822180295865],"r":[0.18744196295116158,-5.260679791330601e-9,-0.9822756609648547,6.960332933357026e-8,1,7.926614070942197e-9,0.9822756609648547,-6.985540770988519e-8,0.18744196295116158]}},{"t":3.133333333333332,"j":false,"c":{"p":[-461.2427608814618,1466.7744047872843,2739.3097960333157],"r":[0.18740799275193865,-2.0538032338437232e-9,-0.9822821478808027,4.725164827769438e-8,1,6.925046243278097e-9,0.9822821478808027,-4.7712143152796386e-8,0.18740799275193865]}},{"t":3.166666666666665,"j":false,"c":{"p":[-460.86036287559034,1466.1260655873955,2739.23676771096],"r":[0.18737639486789703,1.2440330816713384e-9,-0.9822881817817688,2.215406027753498e-8,1,5.492462436437532e-9,0.9822881817817688,-2.279083052298144e-8,0.18737639486789703]}},{"t":3.1999999999999984,"j":false,"c":{"p":[-460.43401843716236,1466.2112432784097,2739.1556634712647],"r":[0.18737639486789703,5.753401452127664e-9,-0.9822881817817688,-3.951744079146228e-8,1,-1.6810081788572665e-9,0.9822881817817688,3.91324966596064e-8,0.18737639486789703]}},{"t":3.2333333333333316,"j":false,"c":{"p":[-460.0106228689094,1466.291605001853,2739.0751192778457],"r":[0.18737639486789703,9.489911265209967e-9,-0.9822881817817688,-9.33430235725743e-8,1,-8.144624633121712e-9,0.9822881817817688,9.321586095596031e-8,0.18737639486789703]}},{"t":3.266666666666665,"j":false,"c":{"p":[-459.6318205317073,1466.2991389838642,2739.003044183273],"r":[0.18737639486789703,1.5391448766707187e-9,-0.9822881817817688,-2.852152247143876e-8,1,-3.873726260998448e-9,0.9822881817817688,2.8742199794504637e-8,0.18737639486789703]}},{"t":3.299999999999998,"j":false,"c":{"p":[-459.24980424141876,1466.3049355095093,2738.9313463150847],"r":[0.18445530814309902,-5.614816800371303e-9,-0.9827717498611656,3.1290546185786704e-8,1,3.7781046984868425e-11,0.9827717498611656,-3.077159101986834e-8,0.18445530814309902]}},{"t":3.3333333333333313,"j":false,"c":{"p":[-458.84369815816336,1466.2977091430903,2738.862475901213],"r":[0.15963957250930702,-6.796426044614414e-9,-0.986879843440647,5.35550255634372e-8,1,1.2555165119161854e-9,0.986879843440647,-5.310927920037824e-8,0.15963957250930702]}},{"t":3.3666666666666645,"j":true,"c":{"p":[-458.44396782289846,1466.2882157636445,2738.798026693353],"r":[0.1344233409826789,-6.222118934573048e-9,-0.9908176942883327,5.947789560010359e-8,1,2.339165286181746e-9,0.9908176942883327,-5.9179677180234454e-8,0.1344233409826789]}},{"t":3.3999999999999977,"j":true,"c":{"p":[-458.0742756937865,1466.2680417542945,2738.7544072136775],"r":[0.10732024407017354,2.6248767314808273e-9,-0.9939534766914507,-1.1589829189755618e-8,1,2.791088392719698e-9,0.9939534766914507,1.1390378214534976e-8,0.10732024407017354]}},{"t":3.433333333333331,"j":true,"c":{"p":[-457.6836577680796,1466.877677847128,2738.71074539673],"r":[0.09063502568827625,1.1505667323960313e-8,-0.9958841933904478,-8.60123139240967e-8,1,3.7252867421053215e-9,0.9958841933904478,8.532066281700577e-8,0.09063502568827625]}},{"t":3.466666666666664,"j":false,"c":{"p":[-457.235576008912,1468.2967624712571,2738.6698638173434],"r":[0.09062778839129865,1.2949116880878651e-8,-0.9958848378168506,-1.0397195644749016e-7,1,3.54094070315916e-9,0.9958848378168506,1.032231901124573e-7,0.09062778839129865]}},{"t":3.4999999999999973,"j":false,"c":{"p":[-456.7816899347378,1469.590033276064,2738.6287770426657],"r":[0.09063181368469338,1.0275616318093324e-8,-0.9958844780921936,-8.792861393573885e-8,1,2.3160178512453268e-9,0.9958844780921936,8.735683492301553e-8,0.09063181368469338]}},{"t":3.5333333333333306,"j":false,"c":{"p":[-456.33279430162366,1470.5493953516986,2738.58815300347],"r":[0.09063181755890366,1.0861434062394482e-9,-0.9958844780921936,-1.790953138947185e-8,1,-5.392493338139717e-10,0.9958844780921936,1.7884698754249124e-8,0.09063181755890366]}},{"t":3.5666666666666638,"j":false,"c":{"p":[-455.89188866389355,1471.366684619773,2738.5482520407795],"r":[0.09063182026147842,-7.93111389047043e-9,-0.9958844780921936,5.079742535485475e-8,1,-3.341000819540124e-9,0.9958844780921936,-5.0285562677978436e-8,0.09063182026147842]}},{"t":3.599999999999997,"j":false,"c":{"p":[-455.4694132969644,1471.8562590155673,2738.510018975899],"r":[0.09063182026147842,-1.6551126849641452e-8,-0.9958844780921936,1.1647774282187993e-7,1,-6.019309326464681e-9,0.9958844780921936,-1.1545283064272908e-7,0.09063182026147842]}},{"t":3.63333333333333,"j":false,"c":{"p":[-455.04379815234705,1472.1864938494796,2738.471501768241],"r":[0.09063182169871305,-1.814850793402191e-8,-0.9958844780921936,1.3106516145131164e-7,1,-6.295743577342346e-9,0.9958844780921936,-1.2995516124805508e-7,0.09063182169871305]}},{"t":3.6666666666666634,"j":false,"c":{"p":[-454.61320426484554,1472.2640640718603,2738.4325339956167],"r":[0.09063182541496945,-8.610107461003971e-9,-0.9958844780921936,6.463461263863483e-8,1,-2.763527806325671e-9,0.9958844780921936,-6.41181425733575e-8,0.09063182541496945]}},{"t":3.6999999999999966,"j":false,"c":{"p":[-454.1894925885369,1472.1810919293923,2738.392115758159],"r":[0.0969077935565604,1.7779985801238953e-9,-0.9952038569931428,-1.203168378938491e-9,1,9.755562217088662e-10,0.9952038569931428,9.837999632145766e-10,0.0969077935565604]}},{"t":3.73333333333333,"j":false,"c":{"p":[-453.77692058616344,1471.8382629549983,2738.349349771578],"r":[0.113342153437203,1.3541453721203676e-8,-0.993421570033446,-6.608148451352946e-8,1,5.049481024920399e-9,0.993421570033446,6.489593470881754e-8,0.113342153437203]}},{"t":3.766666666666663,"j":false,"c":{"p":[-453.35712267239876,1471.3593327405083,2738.3025273439275],"r":[0.12804133283110986,2.1619714118988908e-8,-0.9917411297981178,-1.0740614312528237e-7,1,8.014121739850029e-9,0.9917411297981178,1.0550248802748774e-7,0.12804133283110986]}},{"t":3.7999999999999963,"j":false,"c":{"p":[-452.9198446469887,1470.5511617225877,2738.2458920305467],"r":[0.1385429588658592,2.0783166119541682e-8,-0.9903070656967199,-9.17524441476027e-8,1,8.295307225412032e-9,0.9903070656967199,8.973080152986426e-8,0.1385429588658592]}},{"t":3.8333333333333295,"j":false,"c":{"p":[-452.47964412090516,1469.5886903610785,2738.1865068586644],"r":[0.14569538196347548,1.4509004484584723e-8,-0.9893294635205082,-5.020686422867831e-8,1,7.284229338826984e-9,0.9893294635205082,4.861217634558827e-8,0.14569538196347548]}},{"t":3.8666666666666627,"j":false,"c":{"p":[-452.03342260673156,1468.3083266755366,2738.121456379181],"r":[0.14594771734526962,-2.967825890978632e-9,-0.9892922723560618,4.4681631296053646e-8,1,3.6108073700432255e-9,0.9892922723560618,-4.4726664677617966e-8,0.14594771734526962]}},{"t":3.899999999999996,"j":false,"c":{"p":[-451.5994456364385,1467.3913307977598,2738.058166697485],"r":[0.14609820003468815,-1.2420557944411384e-8,-0.9892700881081279,8.662950625903113e-8,1,2.383930463714401e-10,0.9892700881081279,-8.573481095871051e-8,0.14609820003468815]}},{"t":3.933333333333329,"j":false,"c":{"p":[-451.1834434232403,1467.0077519377546,2737.997461833389],"r":[0.14609916491251765,-1.0094066561353472e-8,-0.9892699337276751,5.086155902881832e-8,1,-2.692147790021794e-9,0.9892699337276751,-4.992249452761756e-8,0.14609916491251765]}},{"t":3.9666666666666623,"j":true,"c":{"p":[-450.76948775239305,1466.6330591341803,2737.937004579317],"r":[0.14357240937864155,-5.6878938848133026e-9,-0.9896340820236587,7.006281101223114e-10,1,-5.506056953497058e-9,0.9896340820236587,1.1138310225334735e-10,0.14357240937864155]}},{"t":3.9999999999999956,"j":true,"c":{"p":[-450.34443352906544,1466.6536837443932,2737.8748303505354],"r":[0.1391892284154892,1.2809272177448753e-9,-0.9902657866477966,-6.75546561592889e-8,1,-8.201791032303172e-9,0.9902657866477966,6.803866358875972e-8,0.1391892284154892]}},{"t":4.033333333333329,"j":false,"c":{"p":[-449.95171956010364,1467.9443395619683,2737.8252378938446],"r":[0.11666195083454005,4.370473153653137e-9,-0.9930515050481455,-1.0113042236209139e-7,1,-7.357967146548911e-9,0.9930515050481455,1.0134115880811332e-7,0.11666195083454005]}},{"t":4.066666666666662,"j":false,"c":{"p":[-449.50679055575074,1469.2777138884392,2737.7755920509035],"r":[0.09742259936042952,6.789766669398184e-9,-0.9951490857960863,-1.1134709278763793e-7,1,-3.982607781429201e-9,0.9951490857960863,1.112381065118206e-7,0.09742259936042952]}},{"t":4.099999999999995,"j":false,"c":{"p":[-449.0662308956626,1470.3025049591897,2737.735730255961],"r":[0.07791368607267044,7.279351928486108e-9,-0.9967756900823179,-5.047556737687082e-8,1,1.5320960654205037e-9,0.9967756900823179,5.0188812230321195e-8,0.07791368607267044]}},{"t":4.133333333333328,"j":false,"c":{"p":[-448.6279066697974,1471.1694193489893,2737.700874153957],"r":[0.058266860167615855,6.781664128789505e-9,-0.9981613344356877,4.67659431363963e-8,1,8.141326591619262e-9,0.9981613344356877,-4.715784103918394e-8,0.058266860167615855]}},{"t":4.166666666666662,"j":false,"c":{"p":[-448.1838568994402,1471.7744143857053,2737.673165496181],"r":[0.04950965887571938,5.1033280497893094e-9,-0.9987735484716238,8.85554677734202e-8,1,9.499572139300238e-9,0.9987735484716238,-8.891817287337757e-8,0.04950965887571938]}},{"t":4.199999999999995,"j":false,"c":{"p":[-447.73543959060794,1472.1796130792907,2737.650909025128],"r":[0.04905924037844495,2.524374257927939e-9,-0.9987957772801597,8.804531555585188e-8,1,6.852280928472102e-9,0.9987957772801597,-8.827635450330756e-8,0.04905924037844495]}},{"t":4.233333333333328,"j":false,"c":{"p":[-447.290991740601,1472.3522004305987,2737.6288495717718],"r":[0.04884347535070797,-8.497077362576953e-10,-0.9988064359921671,6.940474947139985e-8,1,2.5431901454939256e-9,0.9988064359921671,-6.944611785559097e-8,0.04884347535070797]}},{"t":4.266666666666661,"j":false,"c":{"p":[-446.8502672982453,1472.306595103832,2737.6069749237586],"r":[0.04884781854485194,-4.969631056062738e-9,-0.9988062417925222,3.3757602721116466e-8,1,-3.3246917760492147e-9,0.9988062417925222,-3.355489159705943e-8,0.04884781854485194]}},{"t":4.2999999999999945,"j":false,"c":{"p":[-446.4202737395568,1471.991520387913,2737.5856328858767],"r":[0.04884922986465424,-8.980435697454807e-9,-0.9988061785697937,-9.474508971745842e-10,1,-9.037507529130269e-9,0.9988061785697937,1.3877944376638026e-9,0.04884922986465424]}},{"t":4.333333333333328,"j":false,"c":{"p":[-445.99545999241144,1471.546372446366,2737.5645479396],"r":[0.0488492259648876,-1.2938568610447141e-8,-0.9988061785697937,-3.519775493182649e-8,1,-1.4675472640432922e-8,0.9988061785697937,3.5872618869119004e-8,0.0488492259648876]}},{"t":4.366666666666661,"j":false,"c":{"p":[-445.5784243511654,1470.820142061924,2737.5436435915317],"r":[0.05169168134931219,-1.6512090490500754e-8,-0.9986574488146577,-6.847580311625166e-8,1,-2.0179306304265487e-8,0.9986574488146577,6.943826371749492e-8,0.05169168134931219]}},{"t":4.399999999999994,"j":false,"c":{"p":[-445.1637923694162,1470.007049079825,2737.522795053529],"r":[0.055412538794771135,-1.9966756446774242e-8,-0.9984627572671486,-1.0145339614642302e-7,1,-2.5641689474660018e-8,0.9984627572671486,1.0271985551197906e-7,0.055412538794771135]}},{"t":4.433333333333327,"j":false,"c":{"p":[-444.71557873626875,1469.4721560984424,2737.4924894589935],"r":[0.0731027682293057,-8.381802670307515e-9,-0.9971701999490835,-4.622921310447244e-8,1,-1.0768007383830763e-8,0.9971701999490835,4.669252523727157e-8,0.0731027682293057]}},{"t":4.466666666666661,"j":false,"c":{"p":[-444.26797300935914,1468.9621349133272,2737.460666553668],"r":[0.09179664486514662,3.61843129928323e-9,-0.9957537701091058,1.2648303752996654e-8,1,4.856388091762219e-9,0.9957537701091058,-1.3048286976398323e-8,0.09179664486514662]}},{"t":4.499999999999994,"j":false,"c":{"p":[-443.86588703178904,1468.5509122635021,2737.4147949566736],"r":[0.11154907925979449,6.172630010597234e-9,-0.9935381825172787,3.5507213780786295e-8,1,1.071851479684853e-8,0.9935381825172787,-3.654575450451167e-8,0.11154907925979449]}},{"t":4.533333333333327,"j":false,"c":{"p":[-443.46380105421895,1468.139689613677,2737.368923359679],"r":[0.13130151365444237,8.72682872191124e-9,-0.9913225949254516,5.836612380857595e-8,1,1.6580641501934843e-8,0.9913225949254516,-6.004322203262502e-8,0.13130151365444237]}},{"t":4.56666666666666,"j":false,"c":{"p":[-443.0672464277017,1468.0857513317278,2737.316285952271],"r":[0.13225361750567702,4.431073867880434e-9,-0.9912159136299792,3.5202588515463305e-8,1,9.167424399580892e-9,0.9912159136299792,-3.610581685916063e-8,0.13225361750567702]}},{"t":4.599999999999993,"j":false,"c":{"p":[-442.6709736619245,1468.050019168931,2737.263303779848],"r":[0.13224771398588572,-2.137336792204345e-10,-0.9912166957523464,9.69389010150809e-9,1,1.0777363601301924e-9,0.9912166957523464,-9.751275583389261e-9,0.13224771398588572]}},{"t":4.633333333333327,"j":false,"c":{"p":[-442.22676995250555,1468.100328151299,2737.20434766891],"r":[0.13224753737449646,-5.307800739368318e-9,-0.9912167191505432,-1.8280338133356547e-8,1,-7.793785698639594e-9,0.9912167191505432,1.9150485811288543e-8,0.13224753737449646]}},{"t":4.66666666666666,"j":false,"c":{"p":[-441.7810881069003,1468.1532905454405,2737.1452073284527],"r":[0.13224753737449646,-1.0415722455669721e-8,-0.9912167191505432,-4.633060052423331e-8,1,-1.6689418635848713e-8,0.9912167191505432,4.813080059853765e-8,0.13224753737449646]}},{"t":4.699999999999993,"j":true,"c":{"p":[-441.35461797153675,1469.0355674066147,2737.0887849086444],"r":[0.13224830460590922,-1.5276931185439192e-8,-0.9912166113572461,-7.302624229399428e-8,1,-2.515547921341225e-8,0.9912166113572461,7.571159352807167e-8,0.13224830460590922]}},{"t":4.733333333333326,"j":false,"c":{"p":[-440.9074089672748,1470.4743758236245,2737.029798804551],"r":[0.1322487561299089,-2.0349204055862456e-8,-0.9912165433434367,-1.0088008732939507e-7,1,-3.398900817128637e-8,0.9912165433434367,1.0448901624356816e-7,0.1322487561299089]}},{"t":4.7666666666666595,"j":false,"c":{"p":[-440.4632117900671,1471.611830365253,2736.971212252469],"r":[0.13224855884222006,-2.537612321316759e-8,-0.9912165762247181,-1.284841606025555e-7,1,-4.2743395050513847e-8,0.9912165762247181,1.330083834814491e-7,0.13224855884222006]}},{"t":4.799999999999993,"j":false,"c":{"p":[-440.0213614518975,1472.6274491222143,2736.91387191949],"r":[0.12914645951802148,-2.7769280218105725e-8,-0.9915977654860507,-1.402188889734794e-7,1,-4.6416667931414854e-8,0.9915