{"v":1,"d":[{"t":0.06267571449279785,"c":{"r":[0.8443289399147034,-7.14962311576528e-8,0.5358251333236694,8.527639039357382e-8,1,-9.426446290206059e-10,-0.5358251333236694,4.648913787264064e-8,0.8443289399147034],"p":[-467.659423828125,1537.3052978515625,2836.887451171875]},"j":false},{"t":0.03333333333333333,"j":false,"c":{"p":[-467.4943000634061,1537.3261402149922,2837.1412673389245],"r":[0.8513666335414568,-5.763670506715295e-8,0.5250703620945445,6.926413416043495e-8,1,-3.0797604279170184e-9,-0.5250703620945445,3.839643541972915e-8,0.8513666335414568]}},{"t":0.06666666666666667,"j":false,"c":{"p":[-467.6818828454822,1537.3024630142947,2836.852928813988],"r":[0.8433717204400442,-7.338131013195515e-8,0.537287924546477,8.745426915790775e-8,1,-6.519685963884037e-10,-0.537287924546477,4.758985251033128e-8,0.8433717204400442]}},{"t":0.1,"j":false,"c":{"p":[-467.86946562755827,1537.278785813597,2836.5645902890515],"r":[0.8353768073386315,-8.912591519675736e-8,0.5495054869984095,1.0564440415538057e-7,1,1.7758232351402119e-9,-0.5495054869984095,5.678326960093341e-8,0.8353768073386315]}},{"t":0.13333333333333333,"j":false,"c":{"p":[-468.0697870075582,1537.25270232822,2836.26430065462],"r":[0.8245634740603162,-9.183460043250474e-8,0.5653510736896205,1.0857156219386504e-7,1,3.3726273815618775e-9,-0.5653510736896205,5.800965923278336e-8,0.8245634740603162]}},{"t":0.16666666666666666,"j":false,"c":{"p":[-468.31890925933595,1537.217400497872,2835.918226973503],"r":[0.8029529272667534,-4.460338993679675e-8,0.5950954227694227,5.3027090467904293e-8,1,1.7859631657534059e-9,-0.5950954227694227,2.871480250862731e-8,0.8029529272667534]}},{"t":0.19999999999999998,"j":false,"c":{"p":[-468.5731019532966,1537.1732554513985,2835.5767461612445],"r":[0.7837227633316135,-4.218512202191886e-10,0.6209190365873019,4.035320417079151e-10,1,-2.9489111476931743e-10,-0.6209190365873019,7.30593344144713e-11,0.7837227633316135]}},{"t":0.2333333333333333,"j":false,"c":{"p":[-468.8386541418867,1537.1092986286624,2835.245554918859],"r":[0.7698254570291299,3.692739773806004e-8,0.6379588856871705,-4.567619889478141e-8,1,-3.482897234026207e-9,-0.6379588856871705,-2.710548998109557e-8,0.7698254570291299]}},{"t":0.26666666666666666,"j":false,"c":{"p":[-469.11086191810386,1536.9125961214186,2834.919721861104],"r":[0.7540971316129571,5.3007022646784723e-8,0.6563841017361406,-6.589907478887248e-8,1,-4.7485357304727664e-9,-0.6563841017361406,-3.941427862709551e-8,0.7540971316129571]}},{"t":0.3,"j":false,"c":{"p":[-469.39289686247207,1536.51989076122,2834.601800318349],"r":[0.7356652533737468,3.76814308026045e-8,0.6768548522627051,-4.794355433411198e-8,1,-3.1757426809518102e-9,-0.6768548522627051,-2.9767434404278235e-8,0.7356652533737468]}},{"t":0.3333333333333333,"j":false,"c":{"p":[-469.68509360714785,1536.1704327948366,2834.286143195892],"r":[0.7191414462015473,2.240482244385294e-8,0.6947207041216737,-2.980457605628112e-8,1,-1.2306166841271012e-9,-0.6947207041216737,-1.9664952362168963e-8,0.7191414462015473]}},{"t":0.36666666666666664,"j":false,"c":{"p":[-469.9941213822172,1535.8926056593805,2833.9742366418072],"r":[0.7057779847505875,7.209345627454511e-9,0.7082720519243036,-1.1361735854126528e-8,1,1.3312058588757562e-9,-0.7082720519243036,-8.807795582032075e-9,0.7057779847505875]}},{"t":0.39999999999999997,"j":false,"c":{"p":[-470.29867226223234,1535.7304218577362,2833.6721960755413],"r":[0.6901267769542617,-7.2513122177471254e-9,0.7233655339126537,6.649183433607079e-9,1,3.977764094413371e-9,-0.7233655339126537,2.3372170810502734e-9,0.6901267769542617]}},{"t":0.4333333333333333,"j":false,"c":{"p":[-470.5994478705584,1535.6657576536904,2833.378475289848],"r":[0.6725463606540565,-2.109231263855109e-8,0.7397594653110705,2.4295872874446984e-8,1,6.695778161997789e-9,-0.7397594653110705,1.3724972571979306e-8,0.6725463606540565]}},{"t":0.4666666666666666,"j":false,"c":{"p":[-470.9046850211496,1535.5954667273843,2833.1033639502953],"r":[0.6488307972075976,-3.4202196811637525e-8,0.760022427549959,4.139779587956262e-8,1,1.0150682375028584e-8,-0.760022427549959,2.5373627335607156e-8,0.6488307972075976]}},{"t":0.49999999999999994,"j":false,"c":{"p":[-471.2142191066624,1535.5197566751485,2832.8461754666164],"r":[0.619206441138567,-4.66079390647712e-8,0.7840116738276323,5.797505145296102e-8,1,1.4315289379412678e-8,-0.7840116738276323,3.727355556684831e-8,0.619206441138567]}},{"t":0.5333333333333333,"j":false,"c":{"p":[-471.5305711291817,1535.4386861219607,2832.5894173123415],"r":[0.5913384144936268,-5.922887854861549e-8,0.8063613424566486,7.474756310296947e-8,1,1.8708354986299833e-8,-0.8063613424566486,4.9288419303264466e-8,0.5913384144936268]}},{"t":0.5666666666666667,"j":false,"c":{"p":[-471.89271931563366,1535.3216090201454,2832.3355496857916],"r":[0.5752676734718257,-7.329530038968689e-8,0.8176979485262088,9.283161214102518e-8,1,2.463597974241245e-8,-0.8176979485262088,6.207530619444338e-8,0.5752676734718257]}},{"t":0.6,"j":false,"c":{"p":[-472.2548675020856,1535.20453191833,2832.0816820592418],"r":[0.5591969324500247,-8.736172223075829e-8,0.8290345545957689,1.1091566117908088e-7,1,3.056360449852507e-8,-0.8290345545957689,7.48621930856223e-8,0.5591969324500247]}},{"t":0.6333333333333333,"j":false,"c":{"p":[-472.5979465552835,1535.0690626809946,2831.8645608044844],"r":[0.5216515119546912,-6.42297215736456e-8,0.8521331404184417,8.302651675786763e-8,1,2.3611908529355898e-8,-0.8521331404184417,5.761730546563165e-8,0.5216515119546912]}},{"t":0.6666666666666666,"j":false,"c":{"p":[-472.943039902421,1534.9320602723337,2831.6502598681345],"r":[0.48586506962322107,-3.792914065372431e-8,0.8739827993463604,5.0652023470571476e-8,1,1.4999144797367866e-8,-0.8739827993463604,3.6764227156570586e-8,0.48586506962322107]}},{"t":0.7,"j":false,"c":{"p":[-473.30633766780056,1534.7813638346365,2831.461135183052],"r":[0.46599936842733347,1.6676671155685366e-8,0.8845454377533464,-2.182346328601618e-8,1,-8.484730559553948e-9,-0.8845454377533464,-1.6381923235759424e-8,0.46599936842733347]}},{"t":0.7333333333333333,"j":true,"c":{"p":[-473.6471963469647,1534.9483722374187,2831.284602862882],"r":[0.4508739411830902,5.566554073178443e-8,0.8925876617431641,-7.388918650304024e-8,1,-2.504049149762545e-8,-0.8925876617431641,-5.4662467231796565e-8,0.4508739411830902]}},{"t":0.7666666666666666,"j":false,"c":{"p":[-474.06531845975445,1536.5207242291283,2831.073191027299],"r":[0.45087833938585636,3.965559005280115e-8,0.8925854249711279,-5.4606404988420086e-8,1,-1.6844097092618328e-8,-0.8925854249711279,-4.114629963116818e-8,0.45087833938585636]}},{"t":0.7999999999999999,"j":false,"c":{"p":[-474.44981558679706,1537.7796515392463,2830.8790298496406],"r":[0.45041586789503096,2.511280912815259e-8,0.892817037470626,-3.7085328100863025e-8,1,-9.405527191161166e-9,-0.892817037470626,-2.8860478359316748e-8,0.45041586789503096]}},{"t":0.8333333333333333,"j":false,"c":{"p":[-474.84234693839943,1538.7571733434472,2830.6811209886196],"r":[0.4471222723952116,9.920441828739584e-9,0.8944667381466853,-1.87509736274735e-8,1,-1.6748228644319896e-9,-0.8944667381466853,-1.597837279112407e-8,0.4471222723952116]}},{"t":0.8666666666666666,"j":false,"c":{"p":[-475.233774623412,1539.6103877614405,2830.484464002442],"r":[0.4447732651436212,-5.607992834865608e-9,0.8956431982433795,1.5558996084712611e-10,1,6.184877125738924e-9,-0.8956431982433795,-2.6107812309887574e-9,0.4447732651436212]}},{"t":0.8999999999999999,"j":false,"c":{"p":[-475.62255887031444,1540.1658683483356,2830.2908054341738],"r":[0.44468668079814727,-2.1941356528841552e-8,0.8956861799923737,2.043267558470645e-8,1,1.4353540036322457e-8,-0.8956861799923737,1.1919618177782211e-8,0.44468668079814727]}},{"t":0.9333333333333332,"j":false,"c":{"p":[-476.0104745012188,1540.5483326188464,2830.096477447114],"r":[0.44870938164100393,-3.903420725138394e-8,0.8936375192382772,4.1665691722980216e-8,1,2.2638326559475742e-8,-0.8936375192382772,2.695810400825408e-8,0.44870938164100393]}},{"t":0.9666666666666666,"j":false,"c":{"p":[-476.3972025373083,1540.6942443958521,2829.9012342129404],"r":[0.4583504061086928,-5.716544876935369e-8,0.8887291094156105,6.42056813972072e-8,1,3.108188036355522e-8,-0.8887291094156105,4.269125906115057e-8,0.4583504061086928]}},{"t":0.9999999999999999,"j":false,"c":{"p":[-476.7649530046618,1540.626875048283,2829.706221111671],"r":[0.4789825819293121,-7.612569509720303e-8,0.8772884171331597,8.90698548181883e-8,1,3.7485235423653e-8,-0.8772884171331597,5.970891653922895e-8,0.4789825819293121]}},{"t":1.0333333333333332,"j":false,"c":{"p":[-477.116972542827,1540.382712228665,2829.511398772689],"r":[0.5087255677823295,-9.57731219665835e-8,0.8604329705035051,1.1586059588591718e-7,1,4.2197424327641145e-8,-0.8604329705035051,7.779132667207509e-8,0.5087255677823295]}},{"t":1.0666666666666667,"j":false,"c":{"p":[-477.49348629791837,1539.8719740666884,2829.2841538116445],"r":[0.5331548179321306,-9.180113453982361e-8,0.8457953755771521,1.1855794719971598e-7,1,3.390052659151773e-8,-0.8457953755771521,8.263483739378897e-8,0.5331548179321306]}},{"t":1.1,"j":false,"c":{"p":[-477.89190047337564,1539.1228893564455,2829.027919597558],"r":[0.5528330263987238,-6.671089281486862e-8,0.8331407746268042,9.97132600298523e-8,1,1.3972129597683195e-8,-0.8331407746268042,7.564137193619922e-8,0.5528330263987238]}},{"t":1.1333333333333335,"j":false,"c":{"p":[-478.2524903760424,1538.6357138765704,2828.787064032406],"r":[0.5698523981026777,-4.935292864879576e-8,0.8215668427038534,9.080959199014966e-8,1,-3.0126481805327896e-9,-0.8215668427038534,7.65602056708784e-8,0.5698523981026777]}},{"t":1.166666666666667,"j":false,"c":{"p":[-478.5967594692845,1538.2615497071588,2828.5528442061577],"r":[0.5857245073507367,-3.533136778002753e-8,0.8104592090583306,8.619537796342898e-8,1,-1.872728261712528e-8,-0.8104592090583306,8.089312030388515e-8,0.5857245073507367]}},{"t":1.2000000000000004,"j":false,"c":{"p":[-478.86143598615666,1538.1157210564743,2828.353424452208],"r":[0.6180379267895124,-2.3718935316348543e-8,0.7850391266127864,8.083607947061933e-8,1,-3.367259785651277e-8,-0.7850391266127864,8.486053667017906e-8,0.6180379267895124]}},{"t":1.2333333333333338,"j":false,"c":{"p":[-479.1142486712433,1538.0039274164449,2828.1591918931285],"r":[0.6528020388347126,-1.2465600339536054e-8,0.7574856732833426,7.5365720911974e-8,1,-4.85032406734047e-8,-0.7574856732833426,8.877347295614461e-8,0.6528020388347126]}},{"t":1.2666666666666673,"j":false,"c":{"p":[-479.3414662287024,1538.08618472488,2827.9492830497607],"r":[0.6902618087274562,-2.2352537256283496e-9,0.7219116599930511,6.848917952794146e-8,1,-6.26947745842393e-8,-0.7219116599930511,9.341015513871166e-8,0.6902618087274562]}},{"t":1.3000000000000007,"j":false,"c":{"p":[-479.5694096475172,1538.1755511704057,2827.7331127200987],"r":[0.728455437323428,7.728639985210236e-9,0.684477676221208,6.145759257260425e-8,1,-7.678376557275492e-8,-0.684477676221208,9.817890585194323e-8,0.728455437323428]}},{"t":1.3333333333333341,"j":false,"c":{"p":[-479.80851716917874,1538.2989987982703,2827.460654428006],"r":[0.7731008683647239,1.5357468594565205e-8,0.6308926590789098,5.320449063165675e-8,1,-9.001565111630062e-8,-0.6308926590789098,1.0406837049325747e-7,0.7731008683647239]}},{"t":1.3666666666666676,"j":true,"c":{"p":[-480.0357207940311,1538.4227148736254,2827.186754259857],"r":[0.8184997881222245,2.2101001696513046e-8,0.5723717260547723,4.4716020460916176e-8,1,-1.0274904329953036e-7,-0.5723717260547723,1.1005542643165155e-7,0.8184997881222245]}},{"t":1.400000000000001,"j":true,"c":{"p":[-480.21393121073373,1538.5475358059855,2826.906919721233],"r":[0.8669998629135282,2.5200898788849456e-8,0.4935359030340088,3.525883854317453e-8,1,-1.134307721195073e-7,-0.4935359030340088,1.164441416592769e-7,0.8669998629135282]}},{"t":1.4333333333333345,"j":true,"c":{"p":[-480.40217430048665,1539.4177717714583,2826.582614451252],"r":[0.9021423758804635,2.413979872164272e-8,0.43048820806867005,3.1669168362840815e-8,1,-1.2262402676396105e-7,-0.43048820806867005,1.2409581520261988e-7,0.9021423758804635]}},{"t":1.466666666666668,"j":false,"c":{"p":[-480.5868938963333,1540.8809417000928,2826.146397905866],"r":[0.9328325685107595,-7.545335448438486e-8,0.3581125222493635,1.0021624478522364e-7,1,-4.507998068295393e-8,-0.3581125222493635,7.478617663858974e-8,0.9328325685107595]}},{"t":1.5000000000000013,"j":false,"c":{"p":[-480.7502843054598,1542.1320171752466,2825.7167428528282],"r":[0.9473100324636042,-1.3743203510104156e-7,0.3202256172089657,1.3324666168994064e-7,1,3.604619615250504e-8,-0.3202256172089657,8.806079947804263e-9,0.9473100324636042]}},{"t":1.5333333333333348,"j":false,"c":{"p":[-480.8875265338378,1543.0348795944524,2825.3018459614773],"r":[0.9507175412643891,-8.489869310052587e-8,0.30988827182384715,6.435796576532162e-8,1,7.845242902844526e-8,-0.30988827182384715,-5.413715309511005e-8,0.9507175412643891]}},{"t":1.5666666666666682,"j":false,"c":{"p":[-481.0241336039347,1543.8030602682484,2824.883844827312],"r":[0.9530778871946267,-3.5282492709336634e-8,0.30272518306821145,4.310541582941196e-9,1,1.0297797051260669e-7,-0.30272518306821145,-9.683608388186802e-8,0.9530778871946267]}},{"t":1.6000000000000016,"j":false,"c":{"p":[-481.15935090815566,1544.2765488952425,2824.4590514165407],"r":[0.9531469755478479,7.950820163976921e-9,0.3025075655074205,-3.639162940183694e-8,1,8.83794456399337e-8,-0.3025075655074205,-9.523922053720665e-8,0.9531469755478479]}},{"t":1.633333333333335,"j":false,"c":{"p":[-481.2893435717451,1544.5819454815219,2824.0371712195943],"r":[0.9569351391692775,3.186162455726873e-8,0.28881906714070554,-5.0547166929962855e-8,1,5.0706019437236906e-8,-0.28881906714070554,-6.33254093346022e-8,0.9569351391692775]}},{"t":1.6666666666666685,"j":false,"c":{"p":[-481.4105683805032,1544.6052544152271,2823.620179901656],"r":[0.9669645573301526,2.3345902175128308e-8,0.2525240900347738,-2.0152840682909333e-8,1,-2.5691100771965586e-8,-0.2525240900347738,1.9465508351428582e-8,0.9669645573301526]}},{"t":1.700000000000002,"j":false,"c":{"p":[-481.51521625216503,1544.4784587478546,2823.2102111241584],"r":[0.9774448332113558,-1.1757668926408536e-8,0.2040842719982226,2.6168859227097357e-8,1,-6.654367166576558e-8,-0.2040842719982226,6.721575917566977e-8,0.9774448332113558]}},{"t":1.7333333333333354,"j":false,"c":{"p":[-481.5925946695546,1544.104737455356,2822.811794592067],"r":[0.9886667807244442,-9.059888110390072e-8,0.1356659028891851,9.869146617192802e-8,1,-4.892461679657077e-8,-0.1356659028891851,5.73232828113433e-8,0.9886667807244442]}},{"t":1.7666666666666688,"j":false,"c":{"p":[-481.6492413732109,1543.595211091689,2822.4176140932445],"r":[0.9962938733262979,-1.2959574713478915e-7,0.08321786819608107,1.3255242043271514e-7,1,-1.713771757758221e-8,-0.08321786819608107,2.8590204615595497e-8,0.9962938733262979]}},{"t":1.8000000000000023,"j":false,"c":{"p":[-481.67150055759805,1542.8604259982458,2822.0304598671896],"r":[0.9979582103103558,-1.0250313120061643e-7,0.057259692929313676,1.0228561643138438e-7,1,3.814926594933514e-8,-0.057259692929313676,-3.139362143700354e-8,0.9979582103103558]}},{"t":1.8333333333333357,"j":false,"c":{"p":[-481.69305002339206,1542.0220776855017,2821.628569087995],"r":[0.9993896130251811,-7.12673362809587e-8,0.03493346276403101,6.820561531457593e-8,1,8.883942659607509e-8,-0.03493346276403101,-8.640228278801975e-8,0.9993896130251811]}},{"t":1.8666666666666691,"j":false,"c":{"p":[-481.71024002613956,1540.547589877676,2821.136158686712],"r":[0.9993902115470032,-1.4581967606757497e-8,0.03491654027203695,1.0702961792225221e-8,1,1.1129349526235883e-7,-0.03491654027203695,-1.1085087867782545e-7,0.9993902115470032]}},{"t":1.9000000000000026,"j":false,"c":{"p":[-481.72721768227336,1539.1362963085958,2820.6498431820487],"r":[0.9993907809257507,3.9758917808400524e-8,0.034900443818750994,-4.425718398548825e-8,1,1.281160065067319e-7,-0.034900443818750994,-1.295825484088146e-7,0.9993907809257507]}},{"t":1.933333333333336,"j":false,"c":{"p":[-481.74004664612636,1538.9596513447736,2820.2826058680616],"r":[0.9993907809257507,4.8294789296503975e-8,0.03490048598124863,-4.9543440131641464e-8,1,3.491275188280983e-8,-0.03490048598124863,-3.662057250831285e-8,0.9993907809257507]}},{"t":1.9666666666666694,"j":false,"c":{"p":[-481.7531405121015,1538.8238470968809,2819.9077652940687],"r":[0.9993907809257507,4.878990542831398e-8,0.034900519996881485,-4.7392179146096666e-8,1,-4.087613514288157e-8,-0.034900519996881485,3.9197219112638386e-8,0.9993907809257507]}},{"t":2.0000000000000027,"j":false,"c":{"p":[-481.7673404248278,1538.8585652321244,2819.501178802153],"r":[0.9993907809257507,1.571242778037581e-8,0.034900519996881485,-1.4187027036134226e-8,1,-4.395475262293718e-8,-0.034900519996881485,4.3432838537292286e-8,0.9993907809257507]}},{"t":2.033333333333336,"j":false,"c":{"p":[-481.77877394095856,1538.9709818635272,2819.173759083247],"r":[0.9993907809257507,-2.2500487797938758e-8,0.034900519996881485,2.3700683410167668e-8,1,-3.397533761484094e-8,-0.034900519996881485,3.478180423763945e-8,0.9993907809257507]}},{"t":2.066666666666669,"j":false,"c":{"p":[-481.78430656430606,1539.249134129505,2819.0152069230567],"r":[0.9993907809257507,-7.166760591928609e-8,0.034900519996881485,7.157657658426067e-8,1,3.8576576775434615e-9,-0.034900519996881485,-1.3572489830476614e-9,0.9993907809257507]}},{"t":2.1000000000000023,"j":false,"c":{"p":[-481.79021050413434,1539.5694636509625,2818.846148509802],"r":[0.9993907809257507,-8.617758500139869e-8,0.034900519996881485,8.522222743751647e-8,1,2.8861329303332992e-8,-0.034900519996881485,-2.586944753052602e-8,0.9993907809257507]}},{"t":2.1333333333333355,"j":false,"c":{"p":[-481.7971044297543,1540.0022441026215,2818.6490788398496],"r":[0.9993907809257507,-8.286399551103065e-9,0.034900519996881485,7.604884854089496e-9,1,1.9660087314801082e-8,-0.034900519996881485,-1.9382696325189327e-8,0.9993907809257507]}},{"t":2.1666666666666687,"j":false,"c":{"p":[-481.80501302253936,1540.3921062802688,2818.42279469059],"r":[0.9994132398219373,5.358440176428235e-8,0.0341858876849618,-5.397528454302531e-8,1,1.0120580515358066e-8,-0.0341858876849618,-1.1968592197441228e-8,0.9994132398219373]}},{"t":2.200000000000002,"j":false,"c":{"p":[-481.81731061832505,1540.596322918269,2818.070141578424],"r":[0.999532846005577,4.6158081363022636e-8,0.03038007092423528,-4.618571018592649e-8,1,-8.821107855779602e-10,-0.03038007092423528,-5.431680041153055e-10,0.999532846005577]}},{"t":2.233333333333335,"j":true,"c":{"p":[-481.8286487346653,1540.7618706423589,2817.722312577894],"r":[0.9996101260185242,2.0919374430103935e-8,0.02792105399071355,-2.061102927433608e-8,1,-1.1331289738134865e-8,-0.02792105399071355,1.0751390152488119e-8,0.9996101260185242]}},{"t":2.2666666666666684,"j":true,"c":{"p":[-481.8385151034372,1541.0002058169027,2817.3725670490676],"r":[0.9996101260185242,-3.7833958812252226e-8,0.027921052649617195,3.843338636747736e-8,1,-2.0932019038356085e-8,-0.027921052649617195,2.1996958256221453e-8,0.9996101260185242]}},{"t":2.3000000000000016,"j":false,"c":{"p":[-481.85118473028274,1542.5048446184,2816.9198246303563],"r":[0.9996101260185242,-8.743424918379787e-8,0.027921353521908315,8.824209749162108e-8,1,-2.7700773202373563e-8,-0.027921353521908315,3.0153818284228915e-8,0.9996101260185242]}},{"t":2.333333333333335,"j":false,"c":{"p":[-481.8636905435319,1543.7989128245842,2816.4756181437474],"r":[0.9996101260185242,-1.0628514218213761e-7,0.02792201402587956,1.0708874323691584e-7,1,-2.728480543083291e-8,-0.02792201402587956,3.0264307039287275e-8,0.9996101260185242]}},{"t":2.366666666666668,"j":false,"c":{"p":[-481.87954024631745,1544.856741314978,2816.030057812582],"r":[0.9992885674557435,-7.699145711563879e-8,0.035658281318137884,7.727694531774048e-8,1,-1.4314282752960989e-8,-0.035658281318137884,1.6325054363297103e-8,0.9992885674557435]}},{"t":2.4000000000000012,"j":false,"c":{"p":[-481.89810388752613,1545.722834990338,2815.583398685921],"r":[0.9987060283404292,-8.623090049704654e-9,0.04967285423637789,7.973406288776658e-9,1,8.845658138290585e-9,-0.04967285423637789,-9.017126755708238e-9,0.9987060283404292]}},{"t":2.4333333333333345,"j":false,"c":{"p":[-481.9218278483143,1546.3072367168336,2815.145753330309],"r":[0.9982048118655296,5.269643199672259e-8,0.05952401328054737,-5.4868035339517176e-8,1,3.206608811500762e-8,-0.05952401328054737,-3.56241314844495e-8,0.9982048118655296]}},{"t":2.4666666666666677,"j":false,"c":{"p":[-481.94884413641114,1546.711916609907,2814.7138588364655],"r":[0.9977554799194315,1.0951873161444667e-7,0.06671887924370457,-1.1358660445659347e-7,1,5.532511063718341e-8,-0.06671887924370457,-6.303810431793931e-8,0.9977554799194315]}},{"t":2.500000000000001,"j":false,"c":{"p":[-481.9778408907518,1546.8674672915436,2814.2974901054254],"r":[0.9972252042310239,1.0027329869159303e-7,0.0741480767200502,-1.0408941102265868e-7,1,4.975657622682553e-8,-0.0741480767200502,-5.7040602408406266e-8,0.9972252042310239]}},{"t":2.533333333333334,"j":false,"c":{"p":[-482.00810396593613,1546.8637234059538,2813.8910486312193],"r":[0.9966431726753435,4.878379971961084e-8,0.08172710703520929,-5.097468951589828e-8,1,2.5755545766372124e-8,-0.08172710703520929,-2.9679622571487594e-8,0.9966431726753435]}},{"t":2.5666666666666673,"j":false,"c":{"p":[-482.0447557466395,1546.5453828510547,2813.458028361074],"r":[0.9957736170536616,-2.361088546719697e-8,0.09131826268793636,2.4490701358139987e-8,1,-4.437908886390949e-9,-0.09131826268793636,7.3954390724274434e-9,0.9957736170536616]}},{"t":2.6000000000000005,"j":false,"c":{"p":[-482.08352033997835,1546.1230018428942,2813.016218201377],"r":[0.9948089741756014,-1.0291913732997658e-7,0.10157484951830219,1.073476955087705e-7,1,-3.667926385917472e-8,-0.10157484951830219,4.768305053906954e-8,0.9948089741756014]}},{"t":2.6333333333333337,"j":false,"c":{"p":[-482.12767519317833,1545.3651872012642,2812.579293516399],"r":[0.9945742647757221,-9.508639191284742e-8,0.10402812613273783,9.910759074096829e-8,1,-3.354489800254739e-8,-0.10402812613273783,4.366085666250767e-8,0.9945742647757221]}},{"t":2.666666666666667,"j":false,"c":{"p":[-482.1731986147251,1544.522207119558,2812.1436092365648],"r":[0.9945248829628609,-6.512884849838366e-8,0.10450016925631236,6.773824744449218e-8,1,-2.1428758907237176e-8,-0.10450016925631236,2.8388556370814912e-8,0.9945248829628609]}},{"t":2.7,"j":false,"c":{"p":[-482.21933157683816,1543.2828639933987,2811.704919799446],"r":[0.9945218551519049,-1.8307202299563556e-8,0.10452886181858427,1.874922307611698e-8,1,-3.2461617639103978e-9,-0.10452886181858427,5.188198873153415e-9,0.9945218551519049]}},{"t":2.7333333333333334,"j":false,"c":{"p":[-482.26461015167376,1542.130383468796,2811.274513682857],"r":[0.9945217967033386,2.8723287105785184e-8,0.10452918192518691,-3.04542165733803e-8,1,1.49632442833981e-8,-0.10452918192518691,-1.806462765243418e-8,0.9945217967033386]}},{"t":2.7666666666666666,"j":false,"c":{"p":[-482.3014618575398,1542.0362703838994,2810.9240551030134],"r":[0.9945217967033386,6.755482736663194e-8,0.10452920584277266,-7.105565915217845e-8,1,2.9767502272295254e-8,-0.10452920584277266,-3.7031823014784236e-8,0.9945217967033386]}},{"t":2.8,"j":false,"c":{"p":[-482.3333873694445,1542.0080128598916,2810.620415844066],"r":[0.9945217967033386,8.082098850042798e-8,0.10452922433614731,-8.482931029980327e-8,1,3.3900641707927534e-8,-0.10452922433614731,-4.258206976304779e-8,0.9945217967033386]}},{"t":2.833333333333333,"j":false,"c":{"p":[-482.3485174526332,1542.2042841277155,2810.4764029767784],"r":[0.9945217967033386,6.924218961915298e-9,0.10452922433614731,-7.135946114482427e-9,1,1.6515330246556208e-9,-0.10452922433614731,-2.3884002536351716e-9,0.9945217967033386]}},{"t":2.8666666666666663,"j":false,"c":{"p":[-482.3755270372988,1542.3730556775722,2810.2194218493155],"r":[0.9945217967033386,-3.777433857954397e-8,0.10452922433614731,3.982369894403574e-8,1,-1.7518536783561083e-8,-0.10452922433614731,2.1585307749221e-8,0.9945217967033386]}},{"t":2.8999999999999995,"j":false,"c":{"p":[-482.41966982261806,1542.5021657831528,2809.799512347053],"r":[0.9945217967033386,-4.0361800310941676e-8,0.10452922433614731,4.245766437261907e-8,1,-1.7825374171020233e-8,-0.10452922433614731,2.2165790402968835e-8,0.9945217967033386]}},{"t":2.9333333333333327,"j":false,"c":{"p":[-482.46101171587634,1542.7703112830527,2809.4061902850776],"r":[0.9945217967033386,-1.37860685077297e-8,0.10452922433614731,1.4398473446156602e-8,1,-5.1040944190864424e-9,-0.10452922433614731,6.581194489030704e-9,0.9945217967033386]}},{"t":2.966666666666666,"j":false,"c":{"p":[-482.5003949222017,1543.1356853816028,2809.0314610395103],"r":[0.9945217967033386,3.318372520624267e-8,0.10452922433614731,-3.5124695017559864e-8,1,1.6727855164191467e-8,-0.10452922433614731,-2.03077742711272e-8,0.9945217967033386]}},{"t":2.999999999999999,"j":false,"c":{"p":[-482.54320596794054,1543.1929815569822,2808.624285440886],"r":[0.9945217967033386,4.709243514476477e-8,0.10452922433614731,-4.9754222859449446e-8,1,2.2856999015826196e-8,-0.10452922433614731,-2.7932554628697658e-8,0.9945217967033386]}},{"t":3.0333333333333323,"j":false,"c":{"p":[-482.58733329849446,1543.1319763059494,2808.2046504949353],"r":[0.9945217967033386,4.830574215039158e-8,0.10452922433614731,-5.0984648890324606e-8,1,2.2956290752079912e-8,-0.10452922433614731,-2.8159917659989757e-8,0.9945217967033386]}},{"t":3.0666666666666655,"j":true,"c":{"p":[-482.6306281331302,1544.1084292960895,2807.7930561559183],"r":[0.9945217967033386,1.1416817105387846e-9,0.10452920327035616,-1.1557901419528982e-9,1,7.439600326763312e-11,-0.10452920327035616,-1.9480227418106523e-10,0.9945217967033386]}},{"t":3.0999999999999988,"j":false,"c":{"p":[-482.6799304991088,1545.5467464006229,2807.3244186126376],"r":[0.9945217967033386,-7.937738904156071e-8,0.10452917514679207,8.388456609902609e-8,1,-3.872259444919931e-8,-0.10452917514679207,4.727884809573453e-8,0.9945217967033386]}},{"t":3.133333333333332,"j":false,"c":{"p":[-482.7273561103369,1546.7172898917559,2806.873620329566],"r":[0.9945217967033386,-1.000606534840232e-7,0.10452916886539988,1.0571359853541822e-7,1,-4.8539801417190483e-8,-0.10452916886539988,5.9324045264625004e-8,0.9945217967033386]}},{"t":3.166666666666665,"j":false,"c":{"p":[-482.7737126946542,1547.6729333697458,2806.432983549604],"r":[0.9945217967033386,-6.436651970692426e-8,0.10452917697832137,6.79844973210629e-8,1,-3.104919073184927e-8,-0.10452917697832137,3.798546119491566e-8,0.9945217967033386]}},{"t":3.1999999999999984,"j":false,"c":{"p":[-482.81631165542154,1548.3206368646681,2806.028064395644],"r":[0.9945217967033386,-2.1521650385976318e-8,0.10452918517222479,2.270289203716527e-8,1,-1.011078137069625e-8,-0.10452918517222479,1.2428506979176506e-8,0.9945217967033386]}},{"t":3.2333333333333316,"j":false,"c":{"p":[-482.85708339721526,1548.8185984356576,2805.6405136456906],"r":[0.9945217967033386,2.4800405908891734e-8,0.10452919340550727,-2.625126813427552e-8,1,1.2504188474440026e-8,-0.10452919340550727,-1.5179713380164572e-8,0.9945217967033386]}},{"t":3.266666666666665,"j":false,"c":{"p":[-482.90270392387924,1549.039568964686,2805.2068733707342],"r":[0.9945217967033386,7.64954899559783e-8,0.10452918752759707,-8.088375164030669e-8,1,3.7742277979211466e-8,-0.10452918752759707,-4.599023288797154e-8,0.9945217967033386]}},{"t":3.299999999999998,"j":false,"c":{"p":[-482.9490807282851,1549.2051005333426,2804.7660443912205],"r":[0.9945217967033386,1.2627596239950802e-7,0.10452917963266373,-1.3349218655987843e-7,1,6.203949638811599e-8,-0.10452917963266373,-7.565346323428903e-8,0.9945217967033386]}},{"t":3.3333333333333313,"j":false,"c":{"p":[-482.9949730140324,1548.966921215199,2804.3298209439017],"r":[0.9945217967033386,7.847204077676401e-8,0.10452917963266373,-8.294860898444991e-8,1,3.847887570661398e-8,-0.10452917963266373,-4.6938632442872165e-8,0.9945217967033386]}},{"t":3.3666666666666645,"j":false,"c":{"p":[-483.04070172919296,1548.6650287020148,2803.8987848007564],"r":[0.9944564327694588,2.6960906210676148e-8,0.10513089723110862,-2.848121833276828e-8,1,1.3379515094843287e-8,-0.10513089723110862,-1.6223401257120465e-8,0.9944564327694588]}},{"t":3.3999999999999977,"j":false,"c":{"p":[-483.08564456785604,1548.0570255148518,2803.4926711116755],"r":[0.9940770271705638,-4.23615695062408e-8,0.10862357296607007,4.483817094464922e-8,1,-1.911273668861654e-8,-0.10862357296607007,2.4102773353319768e-8,0.9940770271705638]}},{"t":3.433333333333331,"j":false,"c":{"p":[-483.1331666580106,1547.3392544482524,2803.074471037073],"r":[0.9933675299383999,-9.69354987579249e-8,0.11455730061469213,1.0243686888342834e-7,1,-4.289518525296029e-8,-0.11455730061469213,5.429035666862404e-8,0.9933675299383999]}},{"t":3.466666666666664,"j":false,"c":{"p":[-483.19201866908907,1546.1393041920371,2802.6031788957775],"r":[0.9912080336988209,-8.672324265968783e-8,0.13121387760307784,9.097902451854201e-8,1,-2.8417936358630692e-8,-0.13121387760307784,3.9941981380674406e-8,0.9912080336988209]}},{"t":3.4999999999999973,"j":false,"c":{"p":[-483.2499448497906,1545.056554236828,2802.1501367073206],"r":[0.9891038347438033,-7.571148178344272e-8,0.1471183524122713,7.824782817590423e-8,1,-1.2019904011138497e-8,-0.1471183524122713,2.3357423409251183e-8,0.9891038347438033]}},{"t":3.5333333333333306,"j":false,"c":{"p":[-483.3018907909531,1544.7308391462957,2801.8149769002134],"r":[0.9873568189357188,-5.9535459499749354e-8,0.15816475461789975,5.729163723950864e-8,1,1.6785093412843873e-8,-0.15816475461789975,-7.671365853746117e-9,0.9873568189357188]}},{"t":3.5666666666666638,"j":false,"c":{"p":[-483.35438115063585,1544.4679232108674,2801.484992378579],"r":[0.98585124069539,-4.354432512466341e-8,0.16760713059084034,3.6402802588095433e-8,1,4.542941414270248e-8,-0.16760713059084034,-3.87063874522225e-8,0.98585124069539]}},{"t":3.599999999999997,"j":false,"c":{"p":[-483.4087882755788,1544.4261078339002,2801.1732287789678],"r":[0.9851957054369438,-2.8204136128988496e-8,0.17140212014199366,1.5751113041593738e-8,1,7.35080312935294e-8,-0.17140212014199366,-6.976335158882159e-8,0.9851957054369438]}},{"t":3.63333333333333,"j":false,"c":{"p":[-483.4648589486892,1544.4461621174787,2800.853289576061],"r":[0.9848078489303589,-1.3605400978444681e-8,0.17364747822284698,-1.5026976377796992e-9,1,8.687295153433229e-8,-0.17364747822284698,-8.581410575286549e-8,0.9848078489303589]}},{"t":3.6666666666666634,"j":false,"c":{"p":[-483.5233400409168,1544.5558632267246,2800.5215042295526],"r":[0.9848078489303589,-8.100473663675813e-11,0.17364747822284698,-1.3833108839088665e-8,1,7.891827489720543e-8,-0.17364747822284698,-8.01214225444507e-8,0.9848078489303589]}},{"t":3.6999999999999966,"j":false,"c":{"p":[-483.5863512408233,1544.7117891717278,2800.1642368908415],"r":[0.9848078489303589,8.341447611060472e-9,0.17364747822284698,-1.2899267225326683e-8,1,2.5119011127783147e-8,-0.17364747822284698,-2.6977323891332166e-8,0.9848078489303589]}},{"t":3.73333333333333,"j":false,"c":{"p":[-483.6531866388265,1544.9067369107934,2799.7854583225985],"r":[0.9848078489303589,1.2456972726013048e-8,0.17364747822284698,-7.680912509921378e-10,1,-6.738105078682048e-8,-0.17364747822284698,6.622401522791235e-8,0.9848078489303589]}},{"t":3.766666666666663,"j":false,"c":{"p":[-483.72193391153877,1545.061537835193,2799.3957965084246],"r":[0.9848078489303589,4.727934163938135e-9,0.17364747822284698,7.152995625609564e-9,1,-6.779401600100699e-8,-0.17364747822284698,6.800618276580661e-8,0.9848078489303589]}},{"t":3.7999999999999963,"j":false,"c":{"p":[-483.7914266506114,1545.200684961952,2799.001891166317],"r":[0.9848078489303589,-7.61946340084997e-9,0.17364747822284698,1.3432510603328227e-8,1,-3.2300950087601745e-8,-0.17364747822284698,3.4142752406989905e-8,0.9848078489303589]}},{"t":3.8333333333333295,"j":true,"c":{"p":[-483.85919941792736,1545.7686963149736,2798.6180691466425],"r":[0.9848078489303589,-1.8948304272488113e-8,0.17364747822284698,1.9194011593268672e-8,1,2.6427722622096923e-10,-0.17364747822284698,3.0727296184270217e-9,0.9848078489303589]}},{"t":3.8666666666666627,"j":false,"c":{"p":[-483.94066285982774,1547.31698449802,2798.156795631466],"r":[0.9848078489303589,-3.236547094405097e-8,0.17364756671575202,2.6017559214742873e-8,1,3.883252119630686e-8,-0.17364756671575202,-3.3724684914866473e-8,0.9848078489303589]}},{"t":3.899999999999996,"j":false,"c":{"p":[-484.0146169244765,1548.4116675712721,2797.7380427459225],"r":[0.9848078489303589,-4.4515683480034874e-8,0.17364756762981415,3.2196774458980944e-8,1,7.375886279334926e-8,-0.17364756762981415,-6.704741743841105e-8,0.9848078489303589]}},{"t":3.933333333333329,"j":false,"c":{"p":[-484.087956452041,1549.4687474185914,2797.3227695768564],"r":[0.9848078489303589,-5.656217053083633e-8,0.17364756762981415,3.832323820182232e-8,1,1.0838704139020269e-7,-0.17364756762981415,-1.0008567689110726e-7,0.9848078489303589]}},{"t":3.9666666666666623,"j":false,"c":{"p":[-484.16361121577336,1550.16385421749,2796.894386758839],"r":[0.9848078489303589,-6.895071383692832e-8,0.17364756762981415,4.4623659677500756e-8,1,1.4399847868612485e-7,-0.17364756762981415,-1.3406204623556826e-7,0.9848078489303589]}},{"t":3.9999999999999956,"j":false,"c":{"p":[-484.2393009505674,1550.7865978332238,2796.46724927869],"r":[0.9843391488161493,-7.158729252045467e-8,0.17610878896113377,4.515970990231606e-8,1,1.563207847292991e-7,-0.17610878896113377,-1.4611261266132839e-7,0.9843391488161493]}},{"t":4.033333333333329,"j":false,"c":{"p":[-484.31515673842557,1551.0657394036568,2796.046025035351],"r":[0.981644920320917,-2.7918625311626442e-8,0.19025662559031328,1.8324800682878064e-8,1,5.8059327293428186e-8,-0.19025662559031328,-5.4052906456644916e-8,0.981644920320917]}},{"t":4.066666666666662,"j":false,"c":{"p":[-484.39481121136953,1551.2269124186446,2795.6207281878837],"r":[0.9794918032415701,8.661467752284276e-9,0.20146829342066658,-3.0229408850872754e-9,1,-2.78580350524435e-8,-0.20146829342066658,2.66468489810314e-8,0.9794918032415701]}},{"t":4.099999999999995,"j":false,"c":{"p":[-484.48429799952027,1551.0827418751537,2795.184890027674],"r":[0.9787392702809022,2.6893871079871006e-8,0.20508013750184387,-1.0167988435582426e-8,1,-8.182459570579491e-8,-0.20508013750184387,7.794310974800508e-8,0.9787392702809022]}},{"t":4.133333333333328,"j":false,"c":{"p":[-484.57515427349045,1550.8058088593616,2794.7587310912377],"r":[0.9771637734983359,2.9853495643641455e-8,0.21221959704697987,-8.690679292849745e-9,1,-1.0218443207465874e-7,-0.21221959704697987,9.823017901302348e-8,0.9771637734983359]}},{"t":4.166666666666662,"j":false,"c":{"p":[-484.6687438710537,1550.2638984391663,2794.3518906832037],"r":[0.9739457431468729,2.3305508132527025e-9,0.2263997388961631,9.995782834224041e-9,1,-5.54694210333522e-8,-0.2263997388961631,5.6626753664543595e-8,0.9739457431468729]}},{"t":4.199999999999995,"j":false,"c":{"p":[-484.7664003193197,1549.5473215745124,2793.9355588049234],"r":[0.9719707769056464,-2.85004867962271e-8,0.2351016454041883,3.10729309167229e-8,1,-7.240267496958389e-9,-0.2351016454041883,1.4343213549751934e-8,0.9719707769056464]}},{"t":4.233333333333328,"j":false,"c":{"p":[-484.87049580258673,1548.5541957456646,2793.5041991044786],"r":[0.9719639511002013,-6.456921979907341e-8,0.23512987498527887,5.5935246360566557e-8,1,4.338622423428441e-8,-0.23512987498527887,-2.9017150649595962e-8,0.9719639511002013]}},{"t":4.266666666666661,"j":false,"c":{"p":[-484.9736663897533,1547.3422547996747,2793.0766720670113],"r":[0.9719609022140503,-8.83104417609235e-8,0.23514248430728912,7.141656309122843e-8,1,8.036121055080967e-8,-0.23514248430728912,-6.131488751177934e-8,0.9719609022140503]}},{"t":4.2999999999999945,"j":false,"c":{"p":[-485.0760903623666,1545.9536772013369,2792.652238914312],"r":[0.9719609022140503,-1.0210038471377501e-7,0.23514248430728912,7.932514796486944e-8,1,1.0631613459986433e-7,-0.23514248430728912,-8.468241203518692e-8,0.9719609022140503]}},{"t":4.333333333333328,"j":false,"c":{"p":[-485.175715244959,1545.4164755170775,2792.2503634651075],"r":[0.9680716561647074,-5.781903295355369e-8,0.24986267632185066,4.340067930392654e-8,1,6.708309147141008e-8,-0.24986267632185066,-5.540828112806592e-8,0.9680716561647074]}},{"t":4.366666666666661,"j":false,"c":{"p":[-485.2740803918872,1545.262437144717,2791.858640152271],"r":[0.9624320477050433,1.2597412882705663e-8,0.2712077181011498,-1.2250936537505722e-8,1,-1.487917397738187e-9,-0.2712077181011498,-2.4426753917204083e-9,0.9624320477050433]}},{"t":4.399999999999994,"j":false,"c":{"p":[-485.3793536538765,1545.0734047796982,2791.480905957093],"r":[0.9612618048108088,3.441544330585432e-8,0.2756369304448378,-2.7984268359179994e-8,1,-2.726501198456153e-8,-0.2756369304448378,1.849532201325681e-8,0.9612618048108088]}},{"t":4.433333333333327,"j":false,"c":{"p":[-485.48643605315976,1544.8752079846397,2791.1068353132946],"r":[0.961262025328534,4.350623844526371e-8,0.27563612713026736,-3.326356811985153e-8,1,-4.1834987755811605e-8,-0.27563612713026736,3.10457433348623e-8,0.961262025328534]}},{"t":4.466666666666661,"j":false,"c":{"p":[-485.5775150135217,1545.3039776825103,2790.7893060820293],"r":[0.961262047290802,3.2726264066591867e-9,0.27563604712486267,1.855061755561087e-10,1,-1.251993540223727e-8,-0.27563604712486267,1.2086069805938831e-8,0.961262047290802]}},{"t":4.499999999999994,"j":false,"c":{"p":[-485.6672005136666,1545.7948914414826,2790.477162673572],"r":[0.9610603120211931,-4.171537026309159e-8,0.27628775047327386,3.729684768494242e-8,1,2.1189208922924765e-8,-0.27628775047327386,-1.0031369317129366e-8,0.9610603120211931]}},{"t":4.533333333333327,"j":false,"c":{"p":[-485.7688284534256,1546.0573815200542,2790.1374925793293],"r":[0.9544627365961116,-6.44660882666019e-8,0.2976011380839652,5.4704463606472914e-8,1,4.031313124892672e-8,-0.2976011380839652,-2.1763369547663038e-8,0.9544627365961116]}},{"t":4.56666666666666,"j":false,"c":{"p":[-485.8722972871371,1546.3026061216503,2789.79928743054],"r":[0.9485388393867514,-7.165000981861686e-8,0.3166394859305518,5.929715513304907e-8,1,4.8813244080068516e-8,-0.3166394859305518,-2.7681564100781683e-8,0.9485388393867514]}},{"t":4.599999999999993,"j":false,"c":{"p":[-485.9859429904474,1546.452383341555,2789.4691808247576],"r":[0.9463391845997474,7.222768062270782e-9,0.32310090995164215,-6.953894398350724e-9,1,-1.4174155621314388e-9,-0.32310090995164215,-1.4597528857548217e-9,0.9463391845997474]}},{"t":4.633333333333327,"j":false,"c":{"p":[-486.1030142850056,1546.593018170746,2789.1297002417023],"r":[0.9443759918212891,7.451697570408336e-8,0.32886773347854614,-6.339504795562934e-8,1,-4.454135968447501e-8,-0.32886773347854614,2.1215206177307615e-8,0.9443759918212891]}},{"t":4.66666666666666,"j":false,"c":{"p":[-486.24852607214547,1546.6577495787571,2788.7123935224245],"r":[0.9443759918212891,4.568172213550488e-8,0.32886773347854614,-3.839091120065727e-8,1,-2.8662791424608282e-8,-0.32886773347854614,1.4442920950172386e-8,0.9443759918212891]}},{"t":4.699999999999993,"j":true,"c":{"p":[-486.3929963236776,1546.7058421022425,2788.2980355329846],"r":[0.9443759918212891,9.063078882198924e-9,0.32886773347854614,-6.816277616344093e-9,1,-7.984817428840625e-9,-0.32886773347854614,5.299016717110531e-9,0.9443759918212891]}},{"t":4.733333333333326,"j":true,"c":{"p":[-486.5347852065354,1546.7577562183703,2787.8912745462335],"r":[0.9443759918212891,-4.716121796188805e-8,0.32886773347854614,4.130856333631239e-8,1,2.478322536158072e-8,-0.32886773347854614,-9.819628676797867e-9,0.9443759918212891]}},{"t":4.7666666666666595,"j":false,"c":{"p":[-486.6603948752978,1548.0743161054163,2787.5306086929577],"r":[0.9443759966043276,-8.989834327086381e-8,0.3288676690908629,7.785637913327415e-8,1,4.9784922013519546e-8,-0.3288676690908629,-2.1411241764049496e-8,0.9443759966043276]}},{"t":4.799999999999993,"j":false,"c":{"p":[-486.81978993658197,1549.471206385643,2787.072074955017],"r":[0.9443760299218017,-1.0452768170009518e-7,0.3288676357733887,9.015002527996983e-8,1,5.8966473740740856e-8,-0.32886763