{"d":[{"t":0,"c":{"r":[0.9271838068962097,2.933719933650991e-8,0.3746066391468048,-1.680320416141967e-8,1,-3.6725296581607839e-8,-0.3746066391468048,2.7756509979326439e-8,0.9271838068962097],"p":[-424.3701477050781,249.25177001953126,783.6978759765625]},"j":false},{"t":0.0626070499420166,"c":{"r":[0.9271838068962097,4.52051267529896e-8,0.3746066391468048,-2.685655431378109e-8,1,-5.4201290566879837e-8,-0.3746066391468048,4.019391397491745e-8,0.9271838068962097],"p":[-424.9320983886719,249.22897338867188,782.3071899414063]},"j":false},{"t":0.12333226203918457,"c":{"r":[0.9323234558105469,-3.5795522990156317e-8,0.36162540316581728,2.012258981665127e-8,1,4.710609502467378e-8,-0.36162540316581728,-3.664127845581788e-8,0.9323234558105469],"p":[-425.4427185058594,249.0439910888672,781.0034790039063]},"j":false},{"t":0.18393254280090333,"c":{"r":[0.9466491937637329,-3.069256138132914e-8,0.3222658634185791,1.9291967134904554e-8,1,3.8570131977166969e-8,-0.3222658634185791,-3.029524009434681e-8,0.9466491937637329],"p":[-425.9463806152344,248.26254272460938,779.5906982421875]},"j":false},{"t":0.2488999366760254,"c":{"r":[0.955278217792511,8.125637407374598e-8,0.2957085371017456,-5.069796316092834e-8,1,-1.1100700447741474e-7,-0.2957085371017456,9.105075093884807e-8,0.955278217792511],"p":[-426.42657470703127,247.99440002441407,778.0642700195313]},"j":false},{"t":0.3148469924926758,"c":{"r":[0.9685828685760498,3.792958835902027e-9,0.24869108200073243,-2.442405389047053e-9,1,-5.739196673459901e-9,-0.24869108200073243,4.951482779347316e-9,0.9685828685760498],"p":[-426.8179016113281,247.99440002441407,776.6163940429688]},"j":false},{"t":0.38752007484436037,"c":{"r":[0.9702956676483154,-5.262705826680758e-8,0.24192212522029878,3.613196497553872e-8,1,7.261994028340269e-8,-0.24192212522029878,-6.172168554030577e-8,0.9702956676483154],"p":[-427.2535095214844,247.99440002441407,774.8695678710938]},"j":false},{"t":0.4538240432739258,"c":{"r":[0.9702956676483154,4.1412604900870068e-8,0.24192212522029878,-2.8569921539656208e-8,1,-5.659396506985104e-8,-0.24192212522029878,4.800118347247917e-8,0.9702956676483154],"p":[-427.61651611328127,247.99440002441407,773.4138793945313]},"j":false},{"t":0.5182061195373535,"c":{"r":[0.9702956676483154,2.1991374055119196e-8,0.24192212522029878,-1.5047159962477964e-8,1,-3.0551898788644397e-8,-0.24192212522029878,2.600413218090125e-8,0.9702956676483154],"p":[-428.00372314453127,247.99440002441407,771.8611450195313]},"j":false},{"t":0.5803928375244141,"c":{"r":[0.9702956676483154,-6.392030371671354e-8,0.24192212522029878,4.430375000197273e-8,1,8.652606453551926e-8,-0.24192212522029878,-7.32378069301376e-8,0.9702956676483154],"p":[-428.3667297363281,247.99440002441407,770.4054565429688]},"j":false},{"t":0.641442060470581,"c":{"r":[0.9735788702964783,1.0390114324465572e-9,0.22835089266300202,-9.683699397911028e-10,1,-4.2139933209561777e-10,-0.22835089266300202,1.8913734467496114e-10,0.9735788702964783],"p":[-428.7246398925781,247.99440002441407,768.94873046875]},"j":false},{"t":0.7018210887908936,"c":{"r":[0.978147566318512,7.10610308374271e-8,0.20791184902191163,-5.2682544549043089e-8,1,-9.393274069680047e-8,-0.20791184902191163,8.092675329862687e-8,0.978147566318512],"p":[-429.0199890136719,247.99440002441407,767.5800170898438]},"j":false},{"t":0.7664570808410645,"c":{"r":[0.978147566318512,-2.381490205038972e-8,0.20791184902191163,1.74431722399504e-8,1,3.2479658074180409e-8,-0.20791184902191163,-2.814325661404382e-8,0.978147566318512],"p":[-429.3525085449219,247.99440002441407,766.0145874023438]},"j":false},{"t":0.8358414173126221,"c":{"r":[0.9822871685028076,-2.92882997854349e-8,0.18738161027431489,2.228525985970009e-8,1,3.94797261549229e-8,-0.18738161027431489,-3.460457875803513e-8,0.9822871685028076],"p":[-429.6939392089844,247.99440002441407,764.34912109375]},"j":false},{"t":0.8973982334136963,"c":{"r":[0.9929653406143189,5.960524163128867e-8,0.11840513348579407,-5.088203636205435e-8,1,-7.669551393973961e-8,-0.11840513348579407,7.013129277311237e-8,0.9929653406143189],"p":[-429.8844299316406,247.99440002441407,762.8612670898438]},"j":false},{"t":0.9672513008117676,"c":{"r":[0.9929654598236084,2.390264548790544e-11,0.11840442568063736,-2.036636310986939e-11,1,-3.1076127782192489e-11,-0.11840442568063736,2.844605280494239e-11,0.9929654598236084],"p":[-430.0738830566406,247.99440002441407,761.2723999023438]},"j":false},{"t":1.032642126083374,"c":{"r":[0.9929654598236084,-6.575550060006208e-8,0.11840442568063736,5.613231834900034e-8,1,8.46086862793527e-8,-0.11840442568063736,-7.736718288242628e-8,0.9929654598236084],"p":[-430.2514953613281,247.99440002441407,759.7828369140625]},"j":false},{"t":1.0973753929138184,"c":{"r":[0.9929654598236084,2.9144578306272707e-8,0.11840442568063736,-2.4879426518964466e-8,1,-3.750001198454811e-8,-0.11840442568063736,3.429038386570937e-8,0.9929654598236084],"p":[-430.4409484863281,247.99440002441407,758.1939697265625]},"j":false},{"t":1.1616787910461426,"c":{"r":[0.9929654598236084,3.620867516929138e-8,0.11840442568063736,-3.090963218710385e-8,1,-4.659014152252894e-8,-0.11840442568063736,4.260256503130222e-8,0.9929654598236084],"p":[-430.6185607910156,247.99440002441407,756.7044067382813]},"j":false},{"t":1.2274892330169678,"c":{"r":[0.9929654598236084,-5.660837487653225e-8,0.11840442568063736,4.83241642257326e-8,1,7.283637160071521e-8,-0.11840442568063736,-6.660220464027589e-8,0.9929654598236084],"p":[-430.8080139160156,247.99440002441407,755.1155395507813]},"j":false},{"t":1.2907495498657227,"c":{"r":[0.9929654598236084,-8.432697207183537e-9,0.11840442568063736,7.19846493524301e-9,1,1.0851539222755946e-8,-0.11840442568063736,-9.92287318979379e-9,0.9929654598236084],"p":[-430.9856262207031,247.99440002441407,753.6259765625]},"j":false},{"t":1.3533718585968018,"c":{"r":[0.9929654598236084,7.382207201089841e-8,0.11840442568063736,-6.301912947037636e-8,1,-9.498169362132103e-8,-0.11840442568063736,8.685179864187376e-8,0.9929654598236084],"p":[-431.1632385253906,247.99440002441407,752.1364135742188]},"j":false},{"t":1.4153358936309815,"c":{"r":[0.9929654598236084,-1.5819578536024893e-8,0.11840442568063736,1.3504940277186961e-8,1,2.035091739571726e-8,-0.11840442568063736,-1.860871279291132e-8,0.9929654598236084],"p":[-431.3408508300781,247.99440002441407,750.6468505859375]},"j":false},{"t":1.4755346775054932,"c":{"r":[0.9929654002189636,-4.8232546845383698e-8,0.11840462684631348,4.11744949246895e-8,1,6.205581826179696e-8,-0.11840462684631348,-5.674402814292989e-8,0.9929654002189636],"p":[-431.5184631347656,247.99440002441407,749.1572875976563]},"j":false},{"t":1.5443437099456788,"c":{"r":[0.9929654002189636,3.9990744937767889e-8,0.11840462684631348,-3.4139741700300877e-8,1,-5.1443588944266597e-8,-0.11840462684631348,4.7039403483495337e-8,0.9929654002189636],"p":[-431.7079162597656,247.99440002441407,747.5684204101563]},"j":false},{"t":1.6138319969177247,"c":{"r":[0.9929654002189636,9.698373659716708e-9,0.11840462684631348,-8.27858492868927e-9,1,-1.2482834321758674e-8,-0.11840462684631348,1.1414799772069273e-8,0.9929654002189636],"p":[-431.9092102050781,247.99440002441407,745.8802490234375]},"j":false},{"t":1.6790454387664796,"c":{"r":[0.9929654002189636,-7.094309495414564e-8,0.11840462684631348,6.056462353853931e-8,1,9.12508255623834e-8,-0.11840462684631348,-8.343778290509363e-8,0.9929654002189636],"p":[-432.0986633300781,247.99440002441407,744.2913818359375]},"j":false},{"t":1.7390625476837159,"c":{"r":[0.9929654002189636,1.4976830442492429e-8,0.11840462684631348,-1.2787569225736206e-8,1,-1.9249391414177809e-8,-0.11840462684631348,1.7599871782181255e-8,0.9929654002189636],"p":[-432.2644348144531,247.99440002441407,742.901123046875]},"j":false},{"t":1.7994248867034913,"c":{"r":[0.9929654002189636,4.958066668336869e-8,0.11840462684631348,-4.2328309746153539e-8,1,-6.376539829489048e-8,-0.11840462684631348,5.830496974112975e-8,0.9929654002189636],"p":[-432.4420471191406,247.99440002441407,741.4115600585938]},"j":false},{"t":1.8675060272216797,"c":{"r":[0.9929654002189636,-3.677312676586553e-8,0.11840462684631348,3.139910376148691e-8,1,4.725239577396678e-8,-0.11840462684631348,-4.320219559872385e-8,0.9929654002189636],"p":[-432.6315002441406,247.99440002441407,739.8226928710938]},"j":false},{"t":1.9322888851165772,"c":{"r":[0.9929654002189636,-2.4427324163411869e-8,0.11840462684631348,2.0853743620818933e-8,1,3.1420032797768729e-8,-0.11840462684631348,-2.8729827405982179e-8,0.9929654002189636],"p":[-432.8091125488281,247.99440002441407,738.3331298828125]},"j":false},{"t":2.0014400482177736,"c":{"r":[0.9929654002189636,7.118266864836187e-8,0.11840462684631348,-6.078457204239385e-8,1,-9.142959100927328e-8,-0.11840462684631348,8.358924930007561e-8,0.9929654002189636],"p":[-433.0104064941406,247.99440002441407,736.6449584960938]},"j":false},{"t":2.0653164386749269,"c":{"r":[0.9929654002189636,-1.0323724985994432e-8,0.11840462684631348,8.82587247730271e-9,1,1.317464004557678e-8,-0.11840462684631348,-1.2036937668824521e-8,0.9929654002189636],"p":[-433.1998596191406,247.99440002441407,735.0560913085938]},"j":false},{"t":2.1299028396606447,"c":{"r":[0.9929654002189636,-5.316086415518839e-8,0.11840462684631348,4.540531506336265e-8,1,6.819797704338271e-8,-0.11840462684631348,-6.234203198118849e-8,0.9929654002189636],"p":[-433.3774719238281,247.99440002441407,733.5665283203125]},"j":false},{"t":2.1952083110809328,"c":{"r":[0.9929654002189636,4.55767796836426e-8,0.11840462684631348,-3.8951231573491898e-8,1,-5.8270963165796277e-8,-0.11840462684631348,5.32490460614099e-8,0.9929654002189636],"p":[-433.5669250488281,247.99440002441407,731.9776611328125]},"j":false},{"t":2.259065628051758,"c":{"r":[0.9929654002189636,2.3125609871499365e-8,0.11840462684631348,-1.9743588097753674e-8,1,-2.9736241913269624e-8,-0.11840462684631348,2.7189328122290136e-8,0.9929654002189636],"p":[-433.7445373535156,247.99440002441407,730.4880981445313]},"j":false},{"t":2.325011730194092,"c":{"r":[0.9929654002189636,-6.251349304875476e-8,0.11840462684631348,5.346470288714045e-8,1,7.95990402480129e-8,-0.11840462684631348,-7.270863022768026e-8,0.9929654002189636],"p":[-433.9339904785156,247.99440002441407,728.8992309570313]},"j":false},{"t":2.391300678253174,"c":{"r":[0.9929654002189636,1.1804340616095033e-8,0.11840462684631348,-1.0139452832902407e-8,1,-1.4663400271786032e-8,-0.11840462684631348,1.3359692019321301e-8,0.9929654002189636],"p":[-434.1234436035156,247.99440002441407,727.3103637695313]},"j":false},{"t":2.458317756652832,"c":{"r":[0.9929654002189636,4.895521854564322e-8,0.11840462684631348,-4.189006119759142e-8,1,-6.21583566839945e-8,-0.11840462684631348,5.67611202484386e-8,0.9929654002189636],"p":[-434.3103942871094,247.99440002441407,725.7426147460938]},"j":false},{"t":2.458317756652832,"c":{"r":[0.998440682888031,-3.3033135338200739e-8,0.05582315847277641,3.724470687416215e-8,1,-7.44045323131104e-8,-0.05582315847277641,7.636762688889576e-8,0.998440682888031],"p":[-434.3514709472656,247.99436950683595,725.3981323242188]},"j":false},{"t":2.521719455718994,"c":{"r":[0.998440682888031,1.1755370898924867e-8,0.05582315847277641,-1.411999761558036e-8,1,4.196481739882074e-8,-0.05582315847277641,-4.268760278591799e-8,0.998440682888031],"p":[-434.43524169921877,247.99436950683595,723.9003295898438]},"j":false},{"t":2.588690996170044,"c":{"r":[0.998440682888031,1.7916779171400777e-8,0.05582315847277641,-2.064316007022171e-8,1,4.8262961627187909e-8,-0.05582315847277641,-4.934006980761296e-8,0.998440682888031],"p":[-434.52459716796877,247.99436950683595,722.3026733398438]},"j":false},{"t":2.6592812538146974,"c":{"r":[0.998440682888031,-3.208774401741721e-8,0.05582315847277641,3.801856252039215e-8,1,-1.0518095194811394e-7,-0.05582315847277641,1.0713925746586028e-7,0.998440682888031],"p":[-434.6195373535156,247.99436950683595,720.6051635742188]},"j":false},{"t":2.7193262577056886,"c":{"r":[0.9975639581680298,-1.0803425931626976e-9,0.06975746154785156,1.0887295509576234e-9,1,-8.220959329952038e-11,-0.06975746154785156,1.57956342450305e-10,0.9975639581680298],"p":[-434.69976806640627,247.99436950683595,719.2073364257813]},"j":false},{"t":2.787376642227173,"c":{"r":[0.9975639581680298,2.6441965061962948e-8,0.06975746154785156,-3.303051343550578e-8,1,9.329588834816605e-8,-0.06975746154785156,-9.537274792137396e-8,0.9975639581680298],"p":[-434.8183898925781,247.99436950683595,717.5119018554688]},"j":false},{"t":2.8505518436431886,"c":{"r":[0.9975639581680298,-1.2037662422414997e-8,0.06975746154785156,1.5218674320749416e-8,1,-4.5069572962574969e-8,-0.06975746154785156,4.602140180054448e-8,0.9975639581680298],"p":[-434.923095703125,247.9706268310547,716.0167846679688]},"j":false},{"t":2.9192280769348146,"c":{"r":[0.9964928030967712,-1.0745927703226244e-8,0.08367859572172165,1.3960698375115044e-8,1,-3.783294744152954e-8,-0.08367859572172165,3.886847110834424e-8,0.9964928030967712],"p":[-435.0439758300781,247.62733459472657,714.4525146484375]},"j":false},{"t":2.9837515354156496,"c":{"r":[0.9964928030967712,2.1117898540978787e-8,0.08367862552404404,-2.866705628434829e-8,1,8.901455572640771e-8,-0.08367862552404404,-9.110117815680496e-8,0.9964928030967712],"p":[-435.1738586425781,247.24053955078126,712.9056396484375]},"j":false},{"t":3.054534673690796,"c":{"r":[0.9929654002189636,-3.750371124766616e-9,0.11840497702360153,5.428133942331215e-9,1,-1.3847204272110503e-8,-0.11840497702360153,1.439251295920485e-8,0.9929654002189636],"p":[-435.31146240234377,246.5639190673828,711.4512939453125]},"j":false},{"t":3.070277214050293,"c":{"r":[0.9929653406143189,-7.820141867398434e-9,0.11840531975030899,1.1669933464020233e-8,1,-3.182034191695493e-8,-0.11840531975030899,3.297827788628638e-8,0.9929653406143189],"p":[-435.32684326171877,246.42361450195313,711.3201904296875]},"j":true},{"t":3.079328775405884,"c":{"r":[0.9929653406143189,-1.3921545694017823e-8,0.11840519309043884,2.1027627639114145e-8,1,-5.876565722928717e-8,-0.11840519309043884,6.084204073886213e-8,0.9929653406143189],"p":[-435.35009765625,247.08460998535157,711.1237182617188]},"j":true},{"t":3.0885801315307619,"c":{"r":[0.9921458959579468,-1.7634869564631118e-8,0.12508626282215119,2.744041438518252e-8,1,-7.666728407684787e-8,-0.12508626282215119,7.949755342906428e-8,0.9921458959579468],"p":[-435.366455078125,247.51052856445313,710.9854125976563]},"j":true},{"t":3.1205575466156008,"c":{"r":[0.9921153783798218,-3.305595797087335e-8,0.125327929854393,5.105202305344392e-8,1,-1.4038003826044588e-7,-0.125327929854393,1.4567145001365135e-7,0.9921153783798218],"p":[-435.4576110839844,249.25852966308595,710.2412719726563]},"j":false},{"t":3.1871373653411867,"c":{"r":[0.9921146035194397,-6.6213643457047059e-9,0.12533390522003175,9.93051418873847e-9,1,-2.5777891821121558e-8,-0.12533390522003175,2.6819252596510524e-8,0.9921146035194397],"p":[-435.6446228027344,251.55873107910157,708.7604370117188]},"j":false},{"t":3.2503271102905275,"c":{"r":[0.9921146035194397,2.1481161738279299e-8,0.12533392012119294,-3.3787163289389358e-8,1,9.605999906625584e-8,-0.12533392012119294,-9.953720336852712e-8,0.9921146035194397],"p":[-435.8453063964844,253.16754150390626,707.1735229492188]},"j":false},{"t":3.3121018409729006,"c":{"r":[0.9921146035194397,2.1082332324340315e-8,0.12533392012119294,-3.294201889048054e-8,1,9.25521703720733e-8,-0.12533392012119294,-9.595111549742797e-8,0.9921146035194397],"p":[-436.033447265625,253.88385009765626,705.685791015625]},"j":false},{"t":3.379011869430542,"c":{"r":[0.9921146035194397,-1.1783352960037519e-8,0.12533393502235413,1.869774202134522e-8,1,-5.399136071559951e-8,-0.12533393502235413,5.5909080032279238e-8,0.9921146035194397],"p":[-436.234130859375,253.8031463623047,704.098876953125]},"j":false},{"t":3.442905902862549,"c":{"r":[0.9921146035194397,-2.4232495121623289e-8,0.12533392012119294,3.817874016931455e-8,1,-1.0887069379350578e-7,-0.12533392012119294,1.127973021652906e-7,0.9921146035194397],"p":[-436.4222717285156,252.935546875,702.6111450195313]},"j":false},{"t":3.5037753582000734,"c":{"r":[0.9921146035194397,-1.7915921524114254e-10,0.12533392012119294,1.4721064645062399e-10,1,2.64169408570325e-10,-0.12533392012119294,-2.4363583372988275e-10,0.9921146035194397],"p":[-436.61041259765627,251.30154418945313,701.1234130859375]},"j":false},{"t":3.5690219402313234,"c":{"r":[0.9921146035194397,2.53929002269615e-8,0.12533389031887055,-4.028558109325786e-8,1,1.1628949181385906e-7,-0.12533389031887055,-1.2042166019909929e-7,0.9921146035194397],"p":[-436.81109619140627,249.13768005371095,699.5364990234375]},"j":false},{"t":3.6320762634277345,"c":{"r":[0.9921146035194397,-3.175743890082572e-9,0.12533389031887055,5.132875013913463e-9,1,-1.529240378772556e-8,-0.12533389031887055,1.581513942028323e-8,0.9921146035194397],"p":[-436.9527587890625,249.7254180908203,698.4150390625]},"j":false},{"t":3.6974904537200929,"c":{"r":[0.9929654002189636,-1.3614188887345336e-8,0.1184050440788269,2.1155305063302877e-8,1,-6.243227801405738e-8,-0.1184050440788269,6.449798917174121e-8,0.9929654002189636],"p":[-437.10107421875,251.0027313232422,697.2412109375]},"j":false},{"t":3.7644565105438234,"c":{"r":[0.9964928030967712,1.3116626895737227e-8,0.08367875218391419,-1.843953079117e-8,1,6.283831766040748e-8,-0.08367875218391419,-6.416092901417869e-8,0.9964928030967712],"p":[-437.1934509277344,252.1520233154297,696.4036865234375]},"j":false},{"t":3.83008074760437,"c":{"r":[0.9997807145118713,1.0173485165410057e-8,-0.02094072662293911,-9.546228696422077e-9,1,3.005388293786382e-8,0.02094072662293911,-2.984738500799722e-8,0.9997807145118713],"p":[-437.2376403808594,253.1479034423828,695.8692626953125]},"j":false},{"t":3.8968164920806886,"c":{"r":[0.9631630778312683,-3.106022106180717e-8,-0.26891809701919558,5.630771848785798e-9,1,-9.533337674838549e-8,0.26891809701919558,9.03073740232685e-8,0.9631630778312683],"p":[-437.1033935546875,253.76596069335938,694.4193725585938]},"j":false},{"t":3.9597742557525636,"c":{"r":[0.8480485677719116,5.25008303497998e-8,-0.5299185514450073,-4.828760058472881e-9,1,9.134575407188095e-8,0.5299185514450073,-7.490677944588242e-8,0.8480485677719116],"p":[-436.8350830078125,255.23960876464845,693.4218139648438]},"j":false},{"t":4.147676229476929,"c":{"r":[0.38751617074012759,7.592414874579845e-8,-0.9218629002571106,9.220882724036983e-9,1,8.623558755971317e-8,0.9218629002571106,-4.1918074344948766e-8,0.38751617074012759],"p":[-436.8350830078125,255.29603576660157,693.4218139648438]},"j":false},{"t":4.213111877441406,"c":{"r":[0.07672108709812164,-6.10314501159337e-8,-0.9970526099205017,-3.407385307241384e-8,1,-6.383378092778003e-8,0.9970526099205017,3.8870819452085928e-8,0.07672108709812164],"p":[-436.7102355957031,255.58607482910157,693.4115600585938]},"j":false},{"t":4.236867427825928,"c":{"r":[0.06279163807630539,-3.7379777495516467e-8,-0.9980266690254211,-1.4173766160752166e-8,1,-3.834544060055123e-8,0.9980266690254211,1.6553569182065077e-8,0.06279163807630539],"p":[-436.46038818359377,255.67271423339845,693.392822265625]},"j":true},{"t":4.246117353439331,"c":{"r":[0.048850059509277347,-1.9479477586514805e-8,-0.9988061189651489,1.0054160837214e-9,1,-1.9453587185580546e-8,0.9988061189651489,-5.3906826918970199e-11,0.048850059509277347],"p":[-436.2354431152344,256.326904296875,693.3770751953125]},"j":true},{"t":4.256911039352417,"c":{"r":[0.03540102392435074,-7.347377817268352e-9,-0.999373197555542,1.158152862501538e-8,1,-6.9417311898689608e-9,0.999373197555542,-1.1328524784914862e-8,0.03540102392435074],"p":[-436.07806396484377,256.7460021972656,693.3666381835938]},"j":true},{"t":4.275487899780273,"c":{"r":[-0.004507164936512709,2.59131169855209e-8,-0.9999898672103882,4.8547924791364497e-8,1,2.569456469814213e-8,0.9999898672103882,-4.843162315637528e-8,-0.004507164936512709],"p":[-435.6413879394531,257.7341613769531,693.344482421875]},"j":false},{"t":4.337967872619629,"c":{"r":[-0.11080997437238693,5.622219845236032e-8,-0.9938415884971619,1.4559545036263445e-7,1,4.033718070672876e-8,0.9938415884971619,-1.4022906213995157e-7,-0.11080997437238693],"p":[-434.1556091308594,260.1876220703125,693.4186401367188]},"j":false},{"t":4.398139238357544,"c":{"r":[-0.11840242147445679,-3.08522771774733e-8,-0.9929656982421875,1.5069435477244043e-8,1,-3.286773875288418e-8,0.9929656982421875,-1.8855052630328829e-8,-0.11840242147445679],"p":[-432.5664367675781,261.9599304199219,693.6051025390625]},"j":false},{"t":4.460588455200195,"c":{"r":[-0.11840298771858216,-1.0750905943268663e-7,-0.9929656386375427,-9.777117071507746e-8,1,-9.661226840762538e-8,0.9929656386375427,8.564423126244947e-8,-0.11840298771858216],"p":[-431.1761779785156,262.7953796386719,693.7708740234375]},"j":false},{"t":4.527976036071777,"c":{"r":[-0.11840161681175232,-2.5630541244936468e-8,-0.992965817451477,-4.5412114957343877e-8,1,-2.039715063517633e-8,0.992965817451477,4.267761966048056e-8,-0.11840161681175232],"p":[-429.5873107910156,262.93267822265627,693.9603271484375]},"j":false},{"t":4.595642328262329,"c":{"r":[-0.1322323977947235,1.0368877667588095e-7,-0.9912187457084656,5.888975351808767e-8,1,9.67512434613127e-8,0.9912187457084656,-4.5578978813409779e-8,-0.1322323977947235],"p":[-427.9003601074219,262.12310791015627,694.1705322265625]},"j":false},{"t":4.6644885540008549,"c":{"r":[-0.04884939268231392,-1.5372657813372826e-8,-0.9988061785697937,1.6602822228151127e-8,1,-1.6203038910589386e-8,0.9988061785697937,-1.7374508942680224e-8,-0.04884939268231392],"p":[-426.3905029296875,261.9171142578125,694.3615112304688]},"j":false},{"t":4.729638338088989,"c":{"r":[0.49394330382347109,1.3521375130665092e-8,-0.8694940805435181,-1.814005834432919e-8,1,5.245825551725147e-9,0.8694940805435181,1.3181534086470493e-8,0.49394330382347109],"p":[-425.83465576171877,260.78662109375,694.3828735351563]},"j":false},{"t":4.791941404342651,"c":{"r":[0.5180283188819885,-4.531123920514801e-8,-0.8553634881973267,4.4303529733724648e-8,1,-2.6141817599523166e-8,0.8553634881973267,-2.435342061346546e-8,0.5180283188819885],"p":[-425.3267517089844,261.0752868652344,694.07763671875]},"j":false},{"t":4.852704048156738,"c":{"r":[0.5180279016494751,-5.0619128444395758e-8,-0.8553637266159058,4.406629372510906e-8,1,-3.249092728196956e-8,0.8553637266159058,-2.0861500971136594e-8,0.5180279016494751],"p":[-424.3585510253906,261.03802490234377,693.4912109375]},"j":false},{"t":4.901080846786499,"c":{"r":[0.5180274248123169,2.716783598089023e-8,-0.8553640246391296,-2.9160553083329434e-8,1,1.4101446232928084e-8,0.8553640246391296,1.7637951543747478e-8,0.5180274248123169],"p":[-423.642333984375,260.9040832519531,693.0575561523438]},"j":true},{"t":4.9098711013793949,"c":{"r":[0.5180276036262512,4.270530951089313e-8,-0.8553639054298401,-4.3787164116793068e-8,1,2.3407990212831465e-8,0.8553639054298401,2.5327974384481423e-8,0.5180276036262512],"p":[-423.47625732421877,261.3470153808594,692.9569702148438]},"j":true},{"t":4.913292646408081,"c":{"r":[0.5180271863937378,6.599906754445328e-8,-0.8553641438484192,-6.571536914634635e-8,1,3.736036902068918e-8,0.8553641438484192,3.685688199084325e-8,0.5180271863937378],"p":[-423.2271423339844,261.9909973144531,692.8060913085938]},"j":false},{"t":4.9303061962127689,"c":{"r":[0.5180274844169617,8.151997832328562e-8,-0.8553639650344849,-8.032637310861901e-8,1,4.665698938310925e-8,0.8553639650344849,4.453868029941077e-8,0.5180274844169617],"p":[-423.057373046875,262.4032897949219,692.7033081054688]},"j":true},{"t":4.9811341762542729,"c":{"r":[0.5120474100112915,9.549522417273693e-8,-0.8589571714401245,-9.119820987280036e-8,1,5.6810069537505117e-8,0.8589571714401245,4.9245908684270037e-8,0.5120474100112915],"p":[-421.85699462890627,264.9078063964844,691.9832153320313]},"j":false},{"t":5.048223495483398,"c":{"r":[0.5120447278022766,-3.0833561481813379e-8,-0.8589587807655335,3.376582569103448e-8,1,-1.576786878842995e-8,0.8589587807655335,-2.0929597610575e-8,0.5120447278022766],"p":[-420.48248291015627,266.9526062011719,691.1638793945313]},"j":false},{"t":5.113386154174805,"c":{"r":[0.5120446085929871,-1.2570271223921737e-7,-0.8589588403701782,1.2704342111646839e-7,1,-7.060968698624493e-8,0.8589588403701782,-7.296976178849946e-8,0.5120446085929871],"p":[-419.10797119140627,268.1253967285156,690.3445434570313]},"j":false},{"t":5.178337812423706,"c":{"r":[0.5120447278022766,-3.4206772969724854e-9,-0.8589587807655335,1.5562344746200552e-9,1,-3.0546467577607929e-9,0.8589587807655335,2.273744525993493e-10,0.5120447278022766],"p":[-417.7655029296875,268.7403259277344,689.5443115234375]},"j":false},{"t":5.2405431270599369,"c":{"r":[0.5118343234062195,-0.0012398288818076254,-0.8590832948684692,0.0006525336066260934,0.9999992251396179,-0.0010544249089434744,0.8590839505195618,-0.00002088985638692975,0.5118347406387329],"p":[-417.8184814453125,269.7579650878906,689.4034423828125]},"j":false},{"t":5.304019927978516,"c":{"r":[0.5120446085929871,0.00003166859096381813,-0.858958899974823,-0.000016762565792305396,1,0.000026876034098677338,0.858958899974823,6.366273055391503e-7,0.5120446085929871],"p":[-417.7231140136719,270.65472412109377,689.3463134765625]},"j":false},{"t":5.3685619831085209,"c":{"r":[0.5120446085929871,-3.685476031023427e-7,-0.8589588403701782,1.9562911290904595e-7,1,-3.124442855551024e-7,0.8589588403701782,-8.051950217691229e-9,0.5120446085929871],"p":[-417.165283203125,270.91754150390627,689.0133666992188]},"j":false},{"t":5.43304705619812,"c":{"r":[0.2419235110282898,-6.032943389300272e-8,-0.9702953100204468,1.231668456114221e-8,1,-5.910544231824133e-8,0.9702953100204468,2.348175431876598e-9,0.2419235110282898],"p":[-416.0735778808594,271.14697265625,688.440673828125]},"j":true},{"t":5.442648887634277,"c":{"r":[0.2419235110282898,-7.50650670511277e-8,-0.9702953100204468,1.578084152242809e-8,1,-7.342848107327882e-8,0.9702953100204468,2.4520001584704689e-9,0.2419235110282898],"p":[-415.9034729003906,271.8079833984375,688.398193359375]},"j":true},{"t":5.450445890426636,"c":{"r":[0.2419234961271286,-8.48835739475362e-8,-0.9702953100204468,1.8089043152258456e-8,1,-8.297207187979439e-8,0.9702953100204468,2.5211797094470968e-9,0.2419234961271286],"p":[-415.7828369140625,272.23388671875,688.3680419921875]},"j":true},{"t":5.47929835319519,"c":{"r":[0.2419234812259674,-1.2411567240633304e-7,-0.9702953100204468,2.7311985562050724e-8,1,-1.211056712691061e-7,0.9702953100204468,2.7976114758132555e-9,0.2419234812259674],"p":[-415.203857421875,273.8013000488281,688.2234497070313]},"j":false},{"t":5.541242837905884,"c":{"r":[0.24192214012145997,-1.2758130196743878e-7,-0.9702956676483154,2.8774438831646877e-8,1,-1.2431274853952346e-7,0.9702956676483154,2.154293632372628e-9,0.24192214012145997],"p":[-413.7962341308594,276.152587890625,687.87255859375]},"j":false},{"t":5.602588415145874,"c":{"r":[0.2882292568683624,6.041013733693035e-8,-0.9575614333152771,-8.707798926366195e-9,1,6.046640521617519e-8,0.9575614333152771,-9.089934138728495e-9,0.2882292568683624],"p":[-412.344970703125,277.73748779296877,687.4942626953125]},"j":false},{"t":5.667988538742065,"c":{"r":[0.34820041060447695,9.099660758238315e-8,-0.937420129776001,2.8657421324851385e-8,1,1.0771599079362204e-7,0.937420129776001,-6.43707949166128e-8,0.34820041060447695],"p":[-410.8262023925781,278.5832824707031,686.992431640625]},"j":false},{"t":5.731644630432129,"c":{"r":[0.34857288002967837,-3.6524250290881357e-10,-0.9372816681861877,1.1444340231037131e-7,1,4.217155336050382e-8,0.9372816681861877,-1.2196557008792298e-7,0.34857288002967837],"p":[-409.42034912109377,278.5842590332031,686.4697265625]},"j":false},{"t":5.799093008041382,"c":{"r":[0.34857243299484255,-5.0500357673399779e-8,-0.9372818470001221,1.0214873213953979e-7,1,-1.5890766036363858e-8,0.9372818470001221,-9.020307345508627e-8,0.34857243299484255],"p":[-407.92083740234377,277.7405700683594,685.912109375]},"j":false},{"t":5.865390062332153,"c":{"r":[0.3485724925994873,-2.2337085070489594e-8,-0.9372818470001221,-8.232625248183467e-8,1,-5.444867312576207e-8,0.9372818470001221,9.614220886078329e-8,0.3485724925994873],"p":[-406.42132568359377,276.0248718261719,685.3544921875]},"j":false},{"t":5.93120551109314,"c":{"r":[0.3485724925994873,1.0622733803700158e-8,-0.9372818470001221,-8.013413577145912e-8,1,-1.8468107043645433e-8,0.9372818470001221,8.154574260288428e-8,0.3485724925994873],"p":[-405.1031799316406,273.43719482421877,684.8643188476563]},"j":false},{"t":5.997690439224243,"c":{"r":[0.34857216477394106,4.569017519884255e-8,-0.9372819662094116,6.4687948331254578e-9,1,5.11532469715803e-8,0.9372819662094116,-2.389368169986028e-8,0.34857216477394106],"p":[-404.6076965332031,270.9982604980469,684.6800537109375]},"j":false},{"t":6.065254211425781,"c":{"r":[0.2890331745147705,-7.864959883363554e-8,-0.9573190808296204,-4.232951411609065e-8,1,-9.493619756995031e-8,0.9573190808296204,6.796256002417067e-8,0.2890331745147705],"p":[-403.8957214355469,271.4649658203125,684.4376831054688]},"j":false},{"t":6.065254211425781,"c":{"r":[0.2890331745147705,-7.864959883363554e-8,-0.9573190808296204,-4.232951411609065e-8,1,-9.493619756995031e-8,0.9573190808296204,6.796256002417067e-8,0.2890331745147705],"p":[-403.8957214355469,271.4649658203125,684.4376831054688]},"j":true},{"t":6.078968524932861,"c":{"r":[0.2621901333332062,-9.555766666835552e-8,-0.96501624584198,-5.490651133754909e-8,1,-1.1393964882699947e-7,0.96501624584198,8.285952901587734e-8,0.2621901333332062],"p":[-403.7590026855469,271.9045104980469,684.3948364257813]},"j":true},{"t":6.087153911590576,"c":{"r":[0.24917635321617127,-1.1175072245350748e-7,-0.9684581160545349,-6.739527691479452e-8,1,-1.3273060517349223e-7,0.9684581160545349,9.834283076770589e-8,0.24917635321617127],"p":[-403.6149597167969,272.3304138183594,684.3507690429688]},"j":true},{"t":6.125343084335327,"c":{"r":[0.20849767327308656,-6.123275397840189e-8,-0.9780228734016419,-3.156500127943218e-8,1,-6.933782970008906e-8,0.9780228734016419,4.532806840984449e-8,0.20849767327308656],"p":[-402.74761962890627,274.255615234375,684.1233520507813]},"j":false},{"t":6.1735615730285648,"c":{"r":[0.23608948290348054,1.2097234503016808e-7,-0.9717313051223755,0.0000072651528171263639,1,0.0000018896154188041692,0.9717313051223755,-0.000007505894700443605,0.23608948290348054],"p":[-401.70001220703127,275.9798889160156,683.8563232421875]},"j":true},{"t":6.186047554016113,"c":{"r":[0.263294517993927,3.227263505323208e-7,-0.9647154808044434,0.00001355406129732728,1,0.000004033765435451642,0.9647154808044434,-0.000014137881407805253,0.263294517993927],"p":[-401.35504150390627,276.5047302246094,683.7056274414063]},"j":false},{"t":6.253423452377319,"c":{"r":[0.206192284822464,0.0000020771101389982506,-0.9785115122795105,0.000016462901839986445,1,0.000005591793069470441,0.9785115122795105,-0.00001726212394714821,0.206192284822464],"p":[-400.1940612792969,278.05902099609377,682.7710571289063]},"j":false},{"t":6.319063186645508,"c":{"r":[0.2455991953611374,0.0000028760719033016359,-0.9693714380264282,0.000026262994651915507,1,0.000009620916898711585,0.9693714380264282,-0.00002782148658297956,0.2455991953611374],"p":[-399.4911804199219,278.7413024902344,681.4570922851563]},"j":false},{"t":6.381846904754639,"c":{"r":[0.24560905992984773,0.000003054040007555159,-0.9693689346313477,0.000026260879167239183,1,0.000009804264664126095,0.9693689346313477,-0.000027864498406415806,0.24560905992984773],"p":[-399.389892578125,278.5890197753906,680.0780029296875]},"j":false},{"t":6.448595762252808,"c":{"r":[0.07672064751386643,-8.689337582801215e-10,-0.9970526099205017,-1.5160880550979529e-8,1,-2.0380934717678658e-9,0.9970526099205017,1.527256010547262e-8,0.07672064751386643],"p":[-399.5892639160156,276.85833740234377,679.3472290039063]},"j":false},{"t":6.514718770980835,"c":{"r":[0.06279072165489197,9.841581771752317e-9,-0.9980267286300659,7.141539271060538e-8,1,1.435413121697593e-8,0.9980267286300659,-7.217578001927905e-8,0.06279072165489197],"p":[-399.4662170410156,276.8832702636719,680.6984252929688]},"j":false},{"t":6.581610202789307,"c":{"r":[0.027923235669732095,3.626624001107359e-10,-0.9996100664138794,5.608771225240616e-9,1,5.194800145602585e-10,0.9996100664138794,-5.621089815832647e-9,0.027923235669732095],"p":[-399.4289855957031,277.37493896484377,681.21630859375]},"j":true},{"t":6.581610202789307,"c":{"r":[0.027923235669732095,3.626624001107359e-10,-0.9996100664138794,5.608771225240616e-9,1,5.194800145602585e-10,0.9996100664138794,-5.621089815832647e-9,0.027923235669732095],"p":[-399.4289855957031,277.37493896484377,681.21630859375]},"j":true},{"t":6.635765552520752,"c":{"r":[0.048849862068891528,-4.536155007173193e-9,-0.9988061189651489,-2.144202859710731e-8,1,-5.590269136490633e-9,0.9988061189651489,2.168951418468623e-8,0.048849862068891528],"p":[-399.4363098144531,276.9353942871094,681.099609375]},"j":true},{"t":6.639311075210571,"c":{"r":[0.027923235669732095,3.626624001107359e-10,-0.9996100664138794,5.608771225240616e-9,1,5.194800145602585e-10,0.9996100664138794,-5.621089815832647e-9,0.027923235669732095],"p":[-399.4289855957031,277.37493896484377,681.21630859375]},"j":false},{"t":6.654285192489624,"c":{"r":[-0.04163084551692009,6.831413656982477e-7,-0.9991330504417419,0.0000030511876047967236,1,5.566003551393806e-7,0.9991330504417419,-0.000003025370688192197,-0.04163084551692009],"p":[-399.4184265136719,278.0086975097656,681.4061889648438]},"j":true},{"t":6.700602054595947,"c":{"r":[-0.05422192066907883,0.000003735465952559025,-0.9985288977622986,0.000027632328055915424,1,0.0000022404840365197744,0.9985288977622986,-0.000027470194254419768,-0.05422192066907883],"p":[-399.38909912109377,280.2371826171875,682.388427734375]},"j":false},{"t":6.755828857421875,"c":{"r":[-0.12217443436384201,0.000005317612249200465,-0.9925086498260498,0.000028004315026919359,1,0.00000191051367437467,0.9925086498260498,-0.000027561107344808989,-0.12217443436384201],"p":[-399.42779541015627,281.97515869140627,683.583251953125]},"j":true},{"t":6.770947694778442,"c":{"r":[-0.12217456102371216,0.000005342270014807582,-0.9925086498260498,0.000027950900403084235,1,0.0000019419289856159596,0.9925086498260498,-0.000027504254831001164,-0.12217456102371216],"p":[-399.4559326171875,282.5545349121094,684.0823364257813]},"j":false},{"t":6.835024356842041,"c":{"r":[-0.15516725182533265,0.0000062464482653012969,-0.9878882169723511,0.000027963335014646874,1,0.0000019308401988382686,0.9878882169723511,-0.00002732504617597442,-0.15516725182533265],"p":[-399.54632568359377,283.8363342285156,685.679443359375]},"j":false},{"t":6.900404214859009,"c":{"r":[-0.17364661395549775,-7.039242078121788e-9,-0.9848080277442932,-1.0511563175441552e-7,1,1.1386718234973614e-8,0.9848080277442932,1.054959852808679e-7,-0.17364661395549775],"p":[-399.0782775878906,282.375,686.0868530273438]},"j":true},{"t":6.9073731899261479,"c":{"r":[-0.15298575162887574,-3.597147468781259e-9,-0.9882283806800842,-7.560062442735216e-8,1,8.063592460416658e-9,0.9882283806800842,7.59442997377846e-8,-0.15298575162887574],"p":[-398.8911437988281,282.81793212890627,686.1253051757813]},"j":true},{"t":6.9159746170043949,"c":{"r":[-0.15298572182655335,-2.3663055959133318e-9,-0.9882283806800842,-4.6098222128421187e-8,1,4.741883774528333e-9,0.9882283806800842,4.628101279990915e-8,-0.15298572182655335],"p":[-398.697998046875,283.25067138671877,686.1592407226563]},"j":true},{"t":6.934096336364746,"c":{"r":[-0.10603626072406769,4.437557432623862e-9,-0.9943622350692749,3.597025610702076e-8,1,6.269403884928693e-10,0.9943622350692749,-3.570098527916343e-8,-0.10603626072406769],"p":[-398.2041931152344,284.27288818359377,686.2332153320313]},"j":false},{"t":6.998891592025757,"c":{"r":[-0.09063553065061569,1.9444884813424325e-8,-0.995884120464325,1.4713286589085329e-7,1,6.134667884793998e-9,0.995884120464325,-1.4597127062643268e-7,-0.09063553065061569],"p":[-396.61175537109377,286.9716796875,686.3871459960938]},"j":false},{"t":7.062423944473267,"c":{"r":[-0.05711816996335983,1.8902538201359677e-8,-0.998367428779602,1.5615265169799387e-7,1,9.999708616703629e-9,0.998367428779602,-1.5532656050254446e-7,-0.05711816996335983],"p":[-395.11749267578127,288.7098388671875,686.516357421875]},"j":false},{"t":7.124627590179443,"c":{"r":[-0.04884984344244003,4.8586277223705569e-9,-0.9988061189651489,-2.236600415983503e-8,1,5.9583169509380699e-9,0.9988061189651489,2.2630365137388254e-8,-0.04884984344244003],"p":[-393.61932373046877,289.6816101074219,686.5916137695313]},"j":false},{"t":7.189481258392334,"c":{"r":[-0.04884934425354004,-4.851115509296733e-9,-0.9988061785697937,-1.208029800636723e-7,1,1.0512865022960228e-9,0.9988061785697937,1.2071012633896317e-7,-0.04884934425354004],"p":[-392.02117919921877,289.8734130859375,686.6697387695313]},"j":false},{"t":7.2559216022491459,"c":{"r":[-0.008810729719698429,-2.8499613780041956e-9,-0.9999611973762512,-1.2534862925406287e-8,1,-2.7396263035939229e-9,0.9999611973762512,1.2510238178720101e-8,-0.008810729719698429],"p":[-390.42266845703127,289.1932067871094,686.7396240234375]},"j":false},{"t":7.325677156448364,"c":{"r":[0.11677032709121704,1.530183091347226e-8,-0.9931589365005493,1.5731630753634818e-7,1,3.390364256006251e-8,0.9931589365005493,-1.6019903625874577e-7,0.11677032709121704],"p":[-388.8257751464844,287.6410217285156,686.6703491210938]},"j":false},{"t":7.391774415969849,"c":{"r":[0.12533345818519593,1.0810099482227998e-8,-0.9921146631240845,3.386352886991517e-8,1,1.5173984735383784e-8,0.9921146631240845,-3.549831006921522e-8,0.12533345818519593],"p":[-387.23797607421877,286.8601379394531,686.4736328125]},"j":false},{"t":7.458470344543457,"c":{"r":[0.14608418941497804,8.12370881675406e-9,-0.9892721772193909,-8.69083010002214e-8,1,-4.621801608095666e-9,0.9892721772193909,8.665113426786775e-8,0.14608418941497804],"p":[-385.6524963378906,286.123779296875,686.2593383789063]},"j":false},{"t":7.518791198730469,"c":{"r":[0.14608418941497804,-3.590648889328918e-9,-0.9892721772193909,-8.954373242886504e-9,1,-4.951864251978577e-9,0.9892721772193909,9.58170165432648e-9,0.14608418941497804],"p":[-384.1686096191406,286.168701171875,686.04052734375]},"j":false},{"t":7.579509735107422,"c":{"r":[0.14608418941497804,-1.5159001165443443e-8,-0.9892721772193909,1.0973008812698026e-7,1,8.802731876755843e-10,0.9892721772193909,-1.0868151179010965e-7,0.14608418941497804],"p":[-382.7835693359375,286.1742858886719,685.8363037109375]},"j":false},{"t":7.6409265995025639,"c":{"r":[0.12533576786518098,6.440616928671261e-9,-0.9921143651008606,-2.0305137127252239e-8,1,3.926620806282699e-9,0.9921143651008606,1.965287310667918e-8,0.12533576786518098],"p":[-381.2994079589844,286.1789855957031,685.6184692382813]},"j":false},{"t":7.71109676361084,"c":{"r":[0.01396207045763731,8.102609250215665e-9,-0.9999025464057922,-6.114400719070545e-8,1,7.2496191272364289e-9,0.9999025464057922,6.10368289244434e-8,0.01396207045763731],"p":[-379.6198425292969,286.31036376953127,685.4752197265625]},"j":false},{"t":7.775392293930054,"c":{"r":[0.013962785713374615,-9.667211919861529e-9,-0.9999024868011475,8.197888234917628e-8,1,-8.523389105619117e-9,0.9999024868011475,-8.185187994058652e-8,0.013962785713374615],"p":[-378.0422058105469,286.55792236328127,685.3756103515625]},"j":false},{"t":7.839125156402588,"c":{"r":[0.013962917029857636,-1.3284408240110679e-8,-0.9999024868011475,1.0896960134232359e-7,1,-1.1764021756732746e-8,0.9999024868011475,-1.0879472256419831e-7,0.013962917029857636],"p":[-376.5477294921875,286.52423095703127,685.3362426757813]},"j":false},{"t":7.903069734573364,"c":{"r":[0.013962860219180584,2.559206180308138e-9,-0.9999024868011475,-2.398425458238762e-8,1,2.224534112471588e-9,0.9999024868011475,2.3950855521093218e-8,0.013962860219180584],"p":[-375.048095703125,285.7343444824219,685.315185546875]},"j":false},{"t":7.9703569412231449,"c":{"r":[0.013962815515697003,1.940310490056163e-8,-0.9999024868011475,-1.653325369943559e-7,1,1.7096263960070247e-8,0.9999024868011475,1.650777079476029e-7,0.013962815515697003],"p":[-373.448486328125,284.04705810546877