{"v":1,"d":[{"t":0.07240939140319824,"c":{"r":[0.41152629256248474,-5.229849975307843e-8,0.9113978743553162,1.0542245121314409e-7,1,9.781007115350349e-9,-0.9113978743553162,9.205665207900893e-8,0.41152629256248474],"p":[70.69622802734375,1718.6619873046875,3427.13134765625]},"j":false},{"t":0.03333333333333333,"j":false,"c":{"p":[71.17628097175482,1718.6527634093177,3427.2883102147484],"r":[0.5202016649052966,-5.14034009874159e-8,0.8736652628444355,1.0904844649249051e-7,1,-3.4719943693820034e-9,-0.8736652628444355,9.373899613432431e-8,0.5202016649052966]}},{"t":0.06666666666666667,"j":false,"c":{"p":[70.76677792553934,1718.6606317357093,3427.154415304624],"r":[0.42749752353693504,-5.216695358191606e-8,0.905852586212125,1.059553374307871e-7,1,7.833309644853542e-9,-0.905852586212125,9.230389397849999e-8,0.42749752353693504]}},{"t":0.1,"j":false,"c":{"p":[70.35727487932387,1718.6685000621012,3427.0205203944997],"r":[0.33479338216857346,-5.2930506176416224e-8,0.9380399095798145,1.028622283690837e-7,1,1.913861365908909e-8,-0.9380399095798145,9.086879182267567e-8,0.33479338216857346]}},{"t":0.13333333333333333,"j":false,"c":{"p":[69.94777183310839,1718.6763683884928,3426.8866254843756],"r":[0.24208924080021194,-5.369405877091639e-8,0.9702272329475041,9.976911930738031e-8,1,3.0443917673324636e-8,-0.9702272329475041,8.943368966685133e-8,0.24208924080021194]}},{"t":0.16666666666666666,"j":false,"c":{"p":[69.51173722870722,1718.6919441792993,3426.777081692142],"r":[0.24187175524416887,-5.670422073140784e-8,0.9703082373385693,9.036906258565461e-8,1,3.591354217372835e-8,-0.9703082373385693,7.899917238606027e-8,0.24187175524416887]}},{"t":0.19999999999999998,"j":false,"c":{"p":[69.07562411952452,1718.7075427758832,3426.66760995294],"r":[0.2419279303852254,-5.972103023126384e-8,0.9702942416720016,8.095034410480213e-8,1,4.1365899360163596e-8,-0.9702942416720016,6.85380265479389e-8,0.2419279303852254]}},{"t":0.2333333333333333,"j":false,"c":{"p":[68.68357412816269,1718.492204099722,3426.5700709488165],"r":[0.2419344292327702,-6.245302125733122e-8,0.970292610479373,7.240738714666245e-8,1,4.631093297320263e-8,-0.970292610479373,5.9052152690218926e-8,0.2419344292327702]}},{"t":0.26666666666666666,"j":false,"c":{"p":[68.30059237027287,1718.229338303143,3426.4749877134404],"r":[0.241930704649703,-6.512639635821691e-8,0.9702935239077785,6.404466278091579e-8,1,5.115155889026063e-8,-0.9702935239077785,4.9766990776055783e-8,0.241930704649703]}},{"t":0.3,"j":false,"c":{"p":[67.87362512626285,1718.0476361279257,3426.368638030512],"r":[0.24192542195918268,-6.82424731659851e-8,0.9702948553211044,5.4297102264877545e-8,1,5.6793626377327124e-8,-0.9702948553211044,3.894439507784722e-8,0.24192542195918268]}},{"t":0.3333333333333333,"j":false,"c":{"p":[67.4436987262036,1717.8713942952513,3426.261530389008],"r":[0.2419200344458332,-7.138833305789028e-8,0.9702962148546744,4.445637587452971e-8,1,6.248961143764745e-8,-0.9702962148546744,2.8018367386869296e-8,0.2419200344458332]}},{"t":0.36666666666666664,"j":false,"c":{"p":[67.06195190809508,1717.9203500837216,3426.1661932951633],"r":[0.24192511365032884,-7.418199319276123e-8,0.9702949495550306,3.571840679519198e-8,1,6.754738884389715e-8,-0.9702949495550306,1.8315957264961812e-8,0.24192511365032884]}},{"t":0.39999999999999997,"j":false,"c":{"p":[66.68700043720719,1718.001068207334,3426.0725163435422],"r":[0.24193166910221262,-7.692597835032504e-8,0.9702933140435177,2.7135972872553415e-8,1,7.251515213145417e-8,-0.9702933140435177,8.786128678851063e-9,0.24193166910221262]}},{"t":0.4333333333333333,"j":false,"c":{"p":[66.29467211251963,1718.1166645854948,3425.9725138309054],"r":[0.25956349488957525,-7.954775928681411e-8,0.9653040634439527,1.8369333395998065e-8,1,7.776860822596794e-8,-0.9653040634439527,-2.534888740035269e-9,0.25956349488957525]}},{"t":0.4666666666666666,"j":false,"c":{"p":[65.89312228452754,1718.2507700645137,3425.8691544861003],"r":[0.28654865301866583,-8.210468920703405e-8,0.9576679983205126,9.504940198099363e-9,1,8.317367503170742e-8,-0.9576679983205126,-1.4806449561709447e-8,0.28654865301866583]}},{"t":0.49999999999999994,"j":false,"c":{"p":[65.49711019205367,1718.3939364124649,3425.7544794392375],"r":[0.308333152289989,-8.465281041006498e-8,0.9512068012932327,7.546802415104562e-10,1,8.884535021528982e-8,-0.9512068012932327,-2.6703262399683225e-8,0.308333152289989]}},{"t":0.5333333333333333,"j":false,"c":{"p":[65.10893408653043,1718.5499240391648,3425.623792487622],"r":[0.32275863363600693,-8.718846713321638e-8,0.946408061969095,-7.834079299142213e-9,1,9.489428064387876e-8,-0.946408061969095,-3.806980066957908e-8,0.32275863363600693]}},{"t":0.5666666666666667,"j":false,"c":{"p":[64.72999075429239,1718.718905648889,3425.4905334365485],"r":[0.33895903737111505,-8.931973561960656e-8,0.9406232237731799,-1.6237437599703266e-8,1,1.0099769662494214e-7,-0.9406232237731799,-4.955893814155555e-8,0.33895903737111505]}},{"t":0.6,"j":false,"c":{"p":[64.35784842208535,1718.8974588224564,3425.3553797382274],"r":[0.3564668757036454,-9.115312563267194e-8,0.93411201027806,-2.4504226550984207e-8,1,1.0714124748559384e-7,-0.93411201027806,-6.1138384034566e-8,0.3564668757036454]}},{"t":0.6333333333333333,"j":false,"c":{"p":[63.98806820935664,1719.070041076385,3425.2144821435004],"r":[0.3752859275085941,-9.270458192812412e-8,0.9267661840784633,-3.257514034517063e-8,1,1.1333829923828043e-7,-0.9267661840784633,-7.275611493503952e-8,0.3752859275085941]}},{"t":0.6666666666666666,"j":false,"c":{"p":[63.6229959792368,1719.2307225835154,3425.0621362860443],"r":[0.39671838235318746,-9.369411108502289e-8,0.9177568763598869,-4.025565185802786e-8,1,1.1964198457642723e-7,-0.9177568763598869,-8.445015236910308e-8,0.39671838235318746]}},{"t":0.7,"j":false,"c":{"p":[63.245265586927694,1719.3791704642695,3424.896162366727],"r":[0.41229612627303686,-7.124108419199719e-8,0.9110000409838429,-3.4440609996308933e-8,1,9.345100955133588e-8,-0.9110000409838429,-6.956976565304663e-8,0.41229612627303686]}},{"t":0.7333333333333333,"j":false,"c":{"p":[62.85643744590381,1719.5168927981892,3424.71824036176],"r":[0.422740888827269,-2.823534258539892e-8,0.9062180082427033,-1.679365621258143e-8,1,3.877109830539157e-8,-0.9062180082427033,-3.139087185134113e-8,0.422740888827269]}},{"t":0.7666666666666666,"j":false,"c":{"p":[62.476611962294896,1719.6413399750522,3424.5322833904524],"r":[0.4447417449421737,1.1008229608743212e-8,0.8952487654928043,1.6372153067327415e-9,1,-1.4212307278942505e-8,-0.8952487654928043,8.722221631419845e-9,0.4447417449421737]}},{"t":0.7999999999999999,"j":false,"c":{"p":[62.10050220255764,1719.7603080121785,3424.343010096546],"r":[0.4715122208179088,4.8699017769160524e-8,0.8817258363291318,2.0391638163087325e-8,1,-6.649550332572885e-8,-0.8817258363291318,4.9633629611352234e-8,0.4715122208179088]}},{"t":0.8333333333333333,"j":false,"c":{"p":[61.73285743910098,1719.86902560953,3424.141051826777],"r":[0.4919870884183126,4.693665030722655e-8,0.8703531266089536,2.1725023073560985e-8,1,-6.606259022586402e-8,-0.8703531266089536,5.125841244728082e-8,0.4919870884183126]}},{"t":0.8666666666666666,"j":false,"c":{"p":[61.366747163335624,1719.975885063872,3423.936794094766],"r":[0.5113207229823886,3.802243307725141e-8,0.8593701967729345,1.99004186108931e-8,1,-5.6073592523252716e-8,-0.8593701967729345,4.576153323891691e-8,0.5113207229823886]}},{"t":0.8999999999999999,"j":false,"c":{"p":[61.01791656468857,1720.0520936412568,3423.690136359899],"r":[0.5949662902245803,2.5595758178426387e-8,0.7964721500819077,1.962928388827696e-8,1,-4.59501205135834e-8,-0.7964721500819077,4.211305666113876e-8,0.5949662902245803]}},{"t":0.9333333333333332,"j":false,"c":{"p":[60.66975328577837,1720.1271185197213,3423.441841189416],"r":[0.6810955046840866,1.3033436513101012e-8,0.7315692058525212,1.9418142243716387e-8,1,-3.582145527266418e-8,-0.7315692058525212,3.853596310450085e-8,0.6810955046840866]}},{"t":0.9666666666666666,"j":false,"c":{"p":[60.39120814802849,1720.1365540040401,3423.1246105218715],"r":[0.7530522980694104,-2.9441231484842966e-8,0.6496027363626411,4.5166858169582135e-8,1,-6.188098165805648e-9,-0.6496027363626411,2.9977249495569855e-8,0.7530522980694104]}},{"t":0.9999999999999999,"j":false,"c":{"p":[60.11699633839764,1720.1422721129143,3422.802455689284],"r":[0.821524884439153,-6.85975532732496e-8,0.5701572158006462,6.71171248487641e-8,1,2.37381709314341e-8,-0.5701572158006462,1.8835288646567402e-8,0.821524884439153]}},{"t":1.0333333333333332,"j":false,"c":{"p":[59.87262273165337,1720.1275249623568,3422.4374946943935],"r":[0.8294416630503629,-1.2111459894119283e-8,0.5584198909484734,-1.3170263568989624e-8,1,4.2737335395833946e-8,-0.5584198909484734,-4.2037156405959444e-8,0.8294416630503629]}},{"t":1.0666666666666667,"j":false,"c":{"p":[59.62888797646753,1720.1150099950164,3422.0728343631945],"r":[0.836760669433367,3.945627003753419e-8,0.547568808946034,-8.438139528321632e-8,1,5.688916593769631e-8,-0.547568808946034,-9.38072426771576e-8,0.836760669433367]}},{"t":1.1,"j":false,"c":{"p":[59.39297309364636,1720.1298181008103,3421.711854310551],"r":[0.8367626356275129,3.0820696251625104e-8,0.5475657962291977,-4.4494466682011266e-8,1,1.1707130758701938e-8,-0.5475657962291977,-3.4159765746581766e-8,0.8367626356275129]}},{"t":1.1333333333333335,"j":true,"c":{"p":[59.172382213835114,1720.3483627522617,3421.374267393867],"r":[0.8367632944805776,2.2143614791701333e-8,0.5475647803954116,-6.083813447869859e-9,1,-3.114309481460066e-8,-0.5475647803954116,2.2728124570573844e-8,0.8367632944805776]}},{"t":1.166666666666667,"j":false,"c":{"p":[58.92570099800549,1721.8898310394136,3420.996847430489],"r":[0.8367672841122629,8.364774981502096e-9,0.5475586946241324,4.4303846578831414e-8,1,-8.298040779722941e-8,-0.5475586946241324,9.36942760480838e-8,0.8367672841122629]}},{"t":1.2000000000000004,"j":false,"c":{"p":[58.67864587129788,1723.1774004164183,3420.6185909380997],"r":[0.8367612430272343,-3.581781296247829e-9,0.5475679373602244,7.824622785381858e-8,1,-1.1302991936538653e-7,-0.5475679373602244,1.374241854535416e-7,0.8367612430272343]}},{"t":1.2333333333333338,"j":false,"c":{"p":[58.4480104303339,1724.1271141499105,3420.265473987716],"r":[0.8367628942305271,-8.266853019614929e-9,0.5475653881340883,5.120550162951792e-8,1,-6.31519735571087e-8,-0.5475653881340883,8.088158014631747e-8,0.8367628942305271]}},{"t":1.2666666666666673,"j":false,"c":{"p":[58.21829388847421,1725.0103178864508,3419.9093857294642],"r":[0.8404592782438255,-2.1705135901278302e-8,0.5413301471112706,3.396313924313874e-8,1,-1.1804937057695448e-8,-0.5413301471112706,2.753086481390415e-8,0.8404592782438255]}},{"t":1.3000000000000007,"j":false,"c":{"p":[57.993290424662675,1725.5523886246488,3419.5380574891283],"r":[0.8631061259364493,-8.003906311303805e-8,0.5031271277425919,6.697705994291145e-8,1,4.707713680858845e-8,-0.5031271277425919,-9.44849211547496e-9,0.8631061259364493]}},{"t":1.3333333333333341,"j":false,"c":{"p":[57.77256931985848,1726.021403490469,3419.1647692766574],"r":[0.8828297270021576,-1.2344627547954532e-7,0.46965250422171206,9.231222127610437e-8,1,8.90932088975502e-8,-0.46965250422171206,-3.519355486631375e-8,0.8828297270021576]}},{"t":1.3666666666666676,"j":false,"c":{"p":[57.57320099365139,1726.1261457987055,3418.781708214461],"r":[0.887977381048424,-9.242562303456301e-8,0.4597546965363079,7.935940900085586e-8,1,4.7011707394012536e-8,-0.4597546965363079,-4.921969812103674e-9,0.887977381048424]}},{"t":1.400000000000001,"j":false,"c":{"p":[57.37490071106253,1726.1592282846743,3418.395851066003],"r":[0.8969816742633834,-6.849402944289518e-8,0.4402003636652157,7.233673184812729e-8,1,6.174275991148169e-9,-0.4402003636652157,2.6113471297546397e-8,0.8969816742633834]}},{"t":1.4333333333333345,"j":false,"c":{"p":[57.18215232406041,1725.819809269578,3417.995459324846],"r":[0.9260335176109364,-8.141272350800545e-8,0.3704495606814292,9.614003450881954e-8,1,-2.8196240405985354e-8,-0.3704495606814292,6.111958269697341e-8,0.9260335176109364]}},{"t":1.466666666666668,"j":false,"c":{"p":[57.01004672543881,1725.3966225194324,3417.592825961641],"r":[0.9544387680005482,-1.0025840892857289e-7,0.2859995366631534,1.2082043198996168e-7,1,-4.4949730056356446e-8,-0.2859995366631534,7.55905338586962e-8,0.9544387680005482]}},{"t":1.5000000000000013,"j":false,"c":{"p":[56.91497276713264,1724.6608439857828,3417.1818276517974],"r":[0.9804311604347086,-1.412215456270545e-7,0.14669717938573268,1.4877383946791268e-7,1,4.037340278140971e-9,-0.14669717938573268,1.34314751548908e-8,0.9804311604347086]}},{"t":1.5333333333333348,"j":false,"c":{"p":[56.842504526538825,1723.7838089752474,3416.7594769484213],"r":[0.9989295948526412,-1.6324738737981292e-7,0.046017496385233156,1.6174343159393235e-7,1,3.5802222107433745e-8,-0.046017496385233156,-2.824355705416874e-8,0.9989295948526412]}},{"t":1.5666666666666682,"j":false,"c":{"p":[56.824986899773364,1722.563403751439,3416.309530527849],"r":[0.9992115055469959,-1.392399204468084e-7,0.03922289530139433,1.3828994432224208e-7,1,2.5702924180497617e-8,-0.03922289530139433,-2.0125442065458318e-8,0.9992115055469959]}},{"t":1.6000000000000016,"j":false,"c":{"p":[56.81073206184557,1721.3586068218278,3415.868212818387],"r":[0.9993398073755219,-1.1982461395091498e-7,0.020216813468601828,1.1940857750915787e-7,1,1.6797435052699615e-8,-0.020216813468601828,-1.4125833310805007e-8,0.9993398073755219]}},{"t":1.633333333333335,"j":false,"c":{"p":[56.80216082280838,1720.180998683156,3415.441925849599],"r":[0.9992005309993737,-1.084085986333535e-7,-0.020060996903999366,1.0849159333288928e-7,1,9.971495262591653e-9,0.020060996903999366,-1.1816546020615915e-8,0.9992005309993737]}},{"t":1.6666666666666685,"j":false,"c":{"p":[56.81717256856345,1719.5617410036612,3415.0160587177643],"r":[0.9872016410129221,-1.0095028482247737e-7,-0.10743857797513201,1.0244591267085088e-7,1,4.731171760605606e-9,0.10743857797513201,-1.5704576592734087e-8,0.9872016410129221]}},{"t":1.700000000000002,"j":false,"c":{"p":[56.85988463163749,1719.5983156978302,3414.5906847218466],"r":[0.9612725779300763,-9.8140644135664e-8,-0.2501390371930707,1.021220121095863e-7,1,1.3532958967796037e-9,0.2501390371930707,-2.6871909289865343e-8,0.9612725779300763]}},{"t":1.7333333333333354,"j":true,"c":{"p":[56.96191271741358,1719.616406847636,3414.1829378440643],"r":[0.9334092058665618,-7.739288556316407e-8,-0.35395430301795133,8.517234189844354e-8,1,6.058720753258539e-9,0.35395430301795133,-3.441806058604784e-8,0.9334092058665618]}},{"t":1.7666666666666688,"j":false,"c":{"p":[57.110088925345025,1719.6573779135074,3413.7898715212423],"r":[0.9048161804488095,-4.269594356042586e-8,-0.42580240223813265,5.519348652186272e-8,1,1.7012614086584218e-8,0.42580240223813265,-3.889482826810897e-8,0.9048161804488095]}},{"t":1.8000000000000023,"j":false,"c":{"p":[57.28198151154666,1721.085803097329,3413.4186039281826],"r":[0.9044180046140025,-3.0218563311642854e-9,-0.42663340778732667,1.689777273495942e-8,1,2.8748838210815558e-8,0.42663340778732667,-3.316308027467013e-8,0.9044180046140025]}},{"t":1.8333333333333357,"j":false,"c":{"p":[57.47966523814709,1722.4521253339944,3413.0044301562702],"r":[0.8998605035307737,3.861750778946545e-8,-0.43614865377203665,-2.2039264210916115e-8,1,4.30921579268587e-8,0.43614865377203665,-2.906514740964064e-8,0.8998605035307737]}},{"t":1.8666666666666691,"j":true,"c":{"p":[57.67429337180072,1723.5702971640023,3412.6041710777704],"r":[0.9010444084921003,7.603913993283041e-8,-0.43372018618975156,-5.6611603631857244e-8,1,5.770617449057514e-8,0.43372018618975156,-2.7476157446197423e-8,0.9010444084921003]}},{"t":1.9000000000000026,"j":false,"c":{"p":[57.84724632633627,1724.3884399388278,3412.2347403268504],"r":[0.9136610914479281,9.065252601911011e-8,-0.406301218381602,-6.574419482593174e-8,1,7.542594987730326e-8,0.406301218381602,-4.224502117163061e-8,0.9136610914479281]}},{"t":1.933333333333336,"j":false,"c":{"p":[58.00083845251331,1724.8968713816257,3411.839101628508],"r":[0.9260042520446559,2.3346038756313914e-8,-0.37563744566518104,-1.1704550742286464e-9,1,6.023960099870478e-8,0.37563744566518104,-5.1977964243111074e-8,0.9260042520446559]}},{"t":1.9666666666666694,"j":false,"c":{"p":[58.15212133637307,1725.3646567424805,3411.4382734810265],"r":[0.9379345158702007,-5.6212428116523535e-8,-0.345269567956945,7.424923290962819e-8,1,3.9694154119589565e-8,0.345269567956945,-6.032339695553887e-8,0.9379345158702007]}},{"t":2.0000000000000027,"j":false,"c":{"p":[58.30094345061777,1725.6018347200595,3411.0285812249617],"r":[0.9443629646200135,-1.0126018760281417e-7,-0.3289051450389029,1.0574803385143288e-7,1,-4.247533183726382e-9,0.3289051450389029,-3.076976977026697e-8,0.9443629646200135]}},{"t":2.033333333333336,"j":false,"c":{"p":[58.44689377828329,1725.5698874677512,3410.608544307655],"r":[0.9443706421611168,-1.0603299176443026e-7,-0.3288831433221721,8.598993809664007e-8,1,-7.54932837534295e-8,0.3288831433221721,4.30131143563467e-8,0.9443706421611168]}},{"t":2.066666666666669,"j":false,"c":{"p":[58.59442367495776,1725.4057037212199,3410.18287457509],"r":[0.944698193348713,-8.679706922583566e-8,-0.32793210987381766,5.217791035151323e-8,1,-1.1424661874808172e-7,0.32793210987381766,9.068257321395539e-8,0.944698193348713]}},{"t":2.1000000000000023,"j":false,"c":{"p":[58.746348414499,1724.873597705976,3409.741532632059],"r":[0.9459157306056672,-7.615445928209467e-10,-0.3243962267255826,-2.073644366600684e-8,1,-6.259614105403805e-8,0.3243962267255826,6.569651647203833e-8,0.9459157306056672]}},{"t":2.1333333333333355,"j":false,"c":{"p":[58.89485510342768,1724.1933645285278,3409.3200719262177],"r":[0.9380818372360583,4.3244189549243325e-8,-0.3433373540966538,-4.624761616834358e-8,1,-8.20555708361289e-9,0.3433373540966538,2.2867810453253956e-8,0.9380818372360583]}},{"t":2.1666666666666687,"j":false,"c":{"p":[59.038355005716426,1723.2961535526797,3408.92773340844],"r":[0.9169893391615449,2.568436561101052e-8,-0.39520297812672567,-2.322246383079496e-9,1,5.019875548584192e-8,0.39520297812672567,-4.6096944485352315e-8,0.9169893391615449]}},{"t":2.200000000000002,"j":false,"c":{"p":[59.20915915018995,1722.2697586447766,3408.55020930163],"r":[0.8536620931686525,-2.1219346309074703e-8,-0.49262700557880235,9.10022110382228e-8,1,8.711708982812777e-8,0.49262700557880235,-1.3769957759580927e-7,0.8536620931686525]}},{"t":2.233333333333335,"j":false,"c":{"p":[59.43497907068806,1720.9830688631384,3408.2025350002164],"r":[0.7052353444608532,-1.2724855081653009e-7,-0.6818474250252204,2.8386171956296943e-7,1,8.07429658844316e-8,0.6818474250252204,-2.749156515315352e-7,0.7052353444608532]}},{"t":2.2666666666666684,"j":false,"c":{"p":[59.74744956216016,1720.1593623653525,3407.9563516028275],"r":[0.47383210702825423,-1.4388144985119178e-7,-0.8273726921862348,2.889914546027385e-7,1,5.251655566867309e-8,0.8273726921862348,-2.6159349963496056e-7,0.47383210702825423]}},{"t":2.3000000000000016,"j":false,"c":{"p":[60.14312277969336,1719.780216946671,3407.8076207644967],"r":[0.1627540332584394,-7.46751416940481e-8,-0.9309414465980088,1.1386122434503912e-7,1,3.307366365997307e-9,0.9309414465980088,-1.0372307038884527e-7,0.1627540332584394]}},{"t":2.333333333333335,"j":false,"c":{"p":[60.530680741206204,1719.5578528506762,3407.7178060871747],"r":[-0.047914348023334365,-2.3731751342111297e-8,-0.9987661003723349,-9.26588131394038e-9,1,-2.3079946214068074e-8,0.9987661003723349,8.30815188131134e-9,-0.047914348023334365]}},{"t":2.366666666666668,"j":false,"c":{"p":[60.90260689710957,1719.6374847919349,3407.7414771672743],"r":[-0.065171111686543,-7.966842146868145e-9,-0.9977395889522954,-3.222329019732072e-8,1,-5.507198917072564e-9,0.9977395889522954,3.204276700242878e-8,-0.065171111686543]}},{"t":2.4000000000000012,"j":false,"c":{"p":[61.28408741665789,1719.6774792619588,3407.7674886079462],"r":[-0.07672397792339325,1.684607664201571e-8,-0.9970523715019226,-2.5272429891117148e-8,1,1.8840613501347173e-8,0.9970523715019226,2.6643462998290983e-8,-0.07672397792339325]}},{"t":2.4333333333333345,"j":false,"c":{"p":[61.684919666596436,1719.6371906607924,3407.7982402938605],"r":[-0.07672397792339325,5.998513924653356e-8,-0.9970523715019226,4.225564762208832e-8,1,5.6910871336134657e-8,0.9970523715019226,-3.77646634741311e-8,-0.07672397792339325]}},{"t":2.4666666666666677,"j":false,"c":{"p":[62.09270053523751,1719.600442731187,3407.829534546121],"r":[-0.07672397792339325,5.76756574365034e-8,-0.9970523715019226,6.193041938270269e-8,1,5.308057270620597e-8,0.9970523715019226,-5.7675316770306665e-8,-0.07672397792339325]}},{"t":2.500000000000001,"j":false,"c":{"p":[62.50900975460221,1719.5680404262532,3407.86149471434],"r":[-0.07672397792339325,-4.148570129913726e-10,-0.9970523715019226,2.287268728699728e-8,1,-2.176154159825014e-9,0.9970523715019226,-2.2972229723603696e-8,-0.07672397792339325]}},{"t":2.533333333333334,"j":false,"c":{"p":[62.91195849609372,1719.5590342831126,3407.892362244412],"r":[-0.07672397792339325,-4.365363008561283e-8,-0.9970523715019226,-8.515117070567896e-9,1,-4.312744130405348e-8,0.9970523715019226,5.1811084452517674e-9,-0.07672397792339325]}},{"t":2.5666666666666673,"j":false,"c":{"p":[63.30239149477208,1719.5719450464326,3407.922206219926],"r":[-0.07672397792339325,-7.297968408002086e-8,-0.9970523715019226,-3.2717935690561125e-8,1,-7.06777703323755e-8,0.9970523715019226,2.719881484824356e-8,-0.07672397792339325]}},{"t":2.6000000000000005,"j":false,"c":{"p":[63.6872225631572,1719.5678317865436,3407.950841032892],"r":[-0.06997386594355197,-3.726974231141103e-8,-0.9975007063953937,-2.4364114690820083e-8,1,-3.5452690089794684e-8,0.9975007063953937,2.1165181469516096e-8,-0.06997386594355197]}},{"t":2.6333333333333337,"j":false,"c":{"p":[64.0688307382717,1719.55392429378,3407.978780192462],"r":[-0.059340290704268384,3.5856600968935394e-8,-0.998206976578223,2.72013836571096e-9,1,3.5888234782927573e-8,0.998206976578223,-1.0069023150371085e-9,-0.059340290704268384]}},{"t":2.666666666666667,"j":false,"c":{"p":[64.46775567205414,1719.5695551213937,3407.9960316122383],"r":[-0.03416861122144876,4.777458382586539e-8,-0.9989699346291878,1.2100960650940397e-8,1,4.743888469243795e-8,0.9989699346291878,-9.970544122604972e-9,-0.03416861122144876]}},{"t":2.7,"j":false,"c":{"p":[64.87526093525085,1719.599821974377,3408.007987333791],"r":[-0.0017934056134252113,2.936426417478308e-8,-0.999760981111234,1.2709860274828933e-8,1,2.9363883243579355e-8,0.999760981111234,-1.2389497897910395e-8,-0.0017934056134252113]}},{"t":2.7333333333333334,"j":false,"c":{"p":[65.2923089006629,1719.5677711112075,3408.005536078954],"r":[0.014619356382412747,-1.9215557264692415e-8,-0.9998423387809021,6.145473532897095e-9,1,-1.9228449993339843e-8,0.9998423387809021,-5.283578745232465e-9,0.014619356382412747]}},{"t":2.7666666666666666,"j":false,"c":{"p":[65.71290899962617,1719.5125233751414,3407.997722034516],"r":[0.025090328491612125,-7.902554151422499e-8,-0.999659525004738,-3.0890658133550922e-9,1,-7.918042075136322e-8,0.999659525004738,5.36783726306507e-9,0.025090328491612125]}},{"t":2.8,"j":false,"c":{"p":[66.13020094942782,1719.5275708266108,3407.9870686558475],"r":[0.027926567941904068,-5.6329471895824396e-8,-0.9996100068092346,-4.763222281873957e-9,1,-5.648452407851007e-8,0.9996100068092346,6.33878324303373e-9,0.027926567941904068]}},{"t":2.833333333333333,"j":false,"c":{"p":[66.54626394943139,1719.5687323534462,3407.9753604882144],"r":[0.027926567941904068,-2.983092001643678e-9,-0.9996100068092346,-3.6287596231570545e-9,1,-3.0856345750610584e-9,0.9996100068092346,3.7135154171814185e-9,0.027926567941904068]}},{"t":2.8666666666666663,"j":false,"c":{"p":[66.94191580346852,1719.57859825324,3407.964021160065],"r":[0.027926567941904068,3.408052067449915e-8,-0.9996100068092346,-1.4750676566637857e-9,1,3.405260863888438e-8,0.9996100068092346,5.235198142167691e-10,0.027926567941904068]}},{"t":2.8999999999999995,"j":false,"c":{"p":[67.3299155117745,1719.576731411557,3407.9528201099665],"r":[0.027926567941904068,6.503971825001783e-8,-0.9996100068092346,1.0607337322682146e-9,1,6.509472989601694e-8,0.9996100068092346,-2.8781924290574937e-9,0.027926567941904068]}},{"t":2.9333333333333327,"j":false,"c":{"p":[67.7369717317673,1719.574467412772,3407.9412549163812],"r":[0.027926567941904068,2.407076496091357e-8,-0.9996100068092346,2.4697137747297155e-9,1,2.4149154886560795e-8,0.9996100068092346,-3.1431535639720787e-9,0.027926567941904068]}},{"t":2.966666666666666,"j":false,"c":{"p":[68.14986027570613,1719.5720818624195,3407.929578275181],"r":[0.027926567941904068,-3.891209536300265e-8,-0.9996100068092346,3.5338254997402303e-9,1,-3.8828551273404285e-8,0.9996100068092346,-2.448099093581622e-9,0.027926567941904068]}},{"t":2.999999999999999,"j":false,"c":{"p":[68.51521828155136,1719.558959681183,3407.9208136679304],"r":[0.02503242070678881,-5.3794331856422666e-8,-0.9996807398462599,2.7855530112388292e-9,1,-5.373755578495085e-8,0.9996807398462599,-1.4543079972335063e-9,0.02503242070678881]}},{"t":3.0333333333333323,"j":false,"c":{"p":[68.87022590266815,1719.543499460766,3407.912683193448],"r":[0.021508035764599837,-5.820204013513007e-8,-0.9997668759099622,1.6426105981387718e-9,1,-5.817898354665616e-8,0.9997668759099622,-3.954631662729583e-10,0.021508035764599837]}},{"t":3.0666666666666655,"j":true,"c":{"p":[69.25198902919472,1719.7805499428316,3407.904810215275],"r":[0.020941808819770813,8.186291953276903e-9,-0.9997807145118713,-1.8379508714760345e-9,1,8.149589747183299e-9,0.9997807145118713,1.6668806175686517e-9,0.020941808819770813]}},{"t":3.0999999999999988,"j":false,"c":{"p":[69.67490678198418,1721.3901690577202,3407.8958302681554],"r":[0.020939955742351496,9.397663364161377e-8,-0.9997807609209285,-6.053413777920876e-9,1,9.387045832442116e-8,0.9997807609209285,4.086455747689162e-9,0.020939955742351496]}},{"t":3.133333333333332,"j":false,"c":{"p":[70.10455854000794,1722.555750164285,3407.886139834956],"r":[0.020937379474604962,9.413661743049414e-8,-0.9997808030217775,-5.517768116662037e-9,1,9.404170272720717e-8,0.9997808030217775,3.547557776049573e-9,0.020937379474604962]}},{"t":3.166666666666665,"j":false,"c":{"p":[70.5292075720213,1723.68112230069,3407.876567051431],"r":[0.02093527000735775,8.634426428201234e-8,-0.999780832335097,-4.543200722926248e-9,1,8.626805679653024e-8,0.999780832335097,2.736167028001838e-9,0.02093527000735775]}},{"t":3.1999999999999984,"j":false,"c":{"p":[70.9659437413504,1724.4326022126002,3407.8667223364273],"r":[0.020939339925344094,2.1119656019396673e-8,-0.9997807361953021,-3.3638697241606993e-10,1,2.1117251986513532e-8,0.9997807361953021,-1.0564040115852702e-10,0.020939339925344094]}},{"t":3.2333333333333316,"j":false,"c":{"p":[71.400856786601,1725.1189941805142,3407.8569187174867],"r":[0.02094302376668344,-4.380130036501491e-8,-0.9997806500904296,3.8509068621955e-9,1,-4.373023946553086e-8,0.9997806500904296,-2.9341919351123264e-9,0.02094302376668344]}},{"t":3.266666666666665,"j":false,"c":{"p":[71.82579130729245,1725.4491396069404,3407.8473400300663],"r":[0.020944594490572784,-1.0706027566991038e-7,-0.9997806189098065,7.931362131904708e-9,1,-1.069176026644719e-7,0.9997806189098065,-5.690189835755304e-9,0.020944594490572784]}},{"t":3.299999999999998,"j":false,"c":{"p":[72.25446837883585,1725.6813202298563,3407.837676979708],"r":[0.02094577732800521,-1.3860639808519543e-7,-0.9997805953025818,9.802328251633718e-9,1,-1.3843144596241011e-7,0.9997805953025818,-6.9006231177878266e-9,0.02094577732800521]}},{"t":3.3333333333333313,"j":false,"c":{"p":[72.69481144690664,1725.6081323747555,3407.8277509595764],"r":[0.020945751075103658,-7.129961340051927e-8,-0.9997805953025818,4.786041860790882e-9,1,-7.12149879783601e-8,0.9997805953025818,-3.293339236614879e-9,0.020945751075103658]}},{"t":3.3666666666666645,"j":false,"c":{"p":[73.14019058886967,1725.3581986231168,3407.817711418478],"r":[0.02094572286752618,5.603330628586293e-10,-0.9997805953025818,-5.50419140517414e-10,1,5.489250939113036e-10,0.9997805953025818,5.388022784396839e-10,0.02094572286752618]}},{"t":3.3999999999999977,"j":false,"c":{"p":[73.59318119170192,1724.8411332717296,3407.807500303171],"r":[0.020945691705675264,7.930187289661982e-8,-0.9997805953025818,-6.37078815648281e-9,1,7.918580651393663e-8,0.9997805953025818,4.710790888284058e-9,0.020945691705675264]}},{"t":3.433333333333331,"j":false,"c":{"p":[74.0109376533715,1724.1900854245891,3407.7980834204054],"r":[0.02094572467020266,1.0904865972643842e-7,-0.9997805953025818,-8.462047236724735e-9,1,1.0889530689809773e-7,0.9997805953025818,6.17930137339005e-9,0.02094572467020266]}},{"t":3.466666666666664,"j":false,"c":{"p":[74.39134671312266,1723.3970191273372,3407.789508406379],"r":[0.020945825607257412,8.686210372588638e-8,-0.9997805953025818,-6.600533155144939e-9,1,8.674287723184621e-8,0.9997805953025818,4.782185486726233e-9,0.020945825607257412]}},{"t":3.4999999999999973,"j":false,"c":{"p":[74.81725198042813,1722.274716125403,3407.7799078368143],"r":[0.02094582878611891,4.054090042351398e-8,-0.9997805953025818,-2.8749197416082384e-9,1,4.048956106820043e-8,0.9997805953025818,2.026196092928091e-9,0.02094582878611891]}},{"t":3.5333333333333306,"j":false,"c":{"p":[75.29004649346729,1720.8130955939375,3407.7692503104568],"r":[0.020945731213550936,-3.0653923535688084e-8,-0.9997805953025818,2.7718694434197837e-9,1,-3.060258123334703e-8,0.9997805953025818,-2.1302738512746774e-9,0.020945731213550936]}},{"t":3.5666666666666638,"j":false,"c":{"p":[75.73406604101868,1719.7838048275162,3407.75933332439],"r":[0.02094362019934552,-6.36733739991083e-8,-0.99978064611378,5.305710383692875e-9,1,-6.3576194985538e-8,0.99978064611378,-3.97297397866465e-9,0.02094362019934552]}},{"t":3.599999999999997,"j":false,"c":{"p":[76.14005971140455,1719.3258342438257,3407.750394956147],"r":[0.02093884843879036,-4.624438643002078e-8,-0.9997807640715536,3.7258161527494994e-9,1,-4.617649082834246e-8,0.9997807640715536,-2.758046569342646e-9,0.02093884843879036]}},{"t":3.63333333333333,"j":false,"c":{"p":[76.51583711859828,1719.1171639016968,3407.7421612413423],"r":[0.0209360308945179,-1.1268236803574775e-8,-0.9997808337211609,7.376202950269644e-10,1,-1.1255260162953546e-8,0.9997808337211609,-5.018182770399379e-10,0.0209360308945179]}},{"t":3.6666666666666634,"j":false,"c":{"p":[76.8480494096653,1719.2679289372975,3407.7349434797234],"r":[0.0209360308945179,4.900700913608151e-8,-0.9997808337211609,-4.2810325891635965e-9,1,4.892810606807575e-8,0.9997808337211609,3.255733775962425e-9,0.0209360308945179]}},{"t":3.6999999999999966,"j":false,"c":{"p":[77.15677452275452,1719.4411194361662,3407.7282396122014],"r":[0.020936267359739483,9.030000662843674e-8,-0.9997808293421753,-7.682772941368307e-9,1,9.015892204358566e-8,0.9997808293421753,5.7935283898311816e-9,0.020936267359739483]}},{"t":3.73333333333333,"j":false,"c":{"p":[77.32504381465532,1719.7484165893914,3407.724608886007],"r":[0.02093791791212435,1.8077140435895677e-8,-0.9997807987763904,-1.4152044611199714e-9,1,1.8051472678217268e-8,0.9997807987763904,1.0370438473750544e-9,0.02093791791212435]}},{"t":3.766666666666663,"j":false,"c":{"p":[77.52854717788126,1720.031279665417,3407.7201911653274],"r":[0.02093924954533577,-4.226605586070052e-8,-0.9997807741165161,3.809685732159636e-9,1,-4.219553735296925e-8,0.9997807741165161,-2.9253076423002556e-9,0.02093924954533577]}},{"t":3.7999999999999963,"j":false,"c":{"p":[77.87916888160629,1720.2121193091793,3407.712487383221],"r":[0.02093924954533577,-5.300620445269659e-8,-0.9997807741165161,4.680917847219805e-9,1,-5.291979605823205e-8,0.9997807741165161,-3.5717909263840126e-9,0.02093924954533577]}},{"t":3.8333333333333295,"j":false,"c":{"p":[78.13490962421156,1720.4411237991192,3407.7069171606795],"r":[0.02093924954533577,-3.407715206123241e-8,-0.9997807741165161,2.9460152980746365e-9,1,-3.402292939978978e-8,0.9997807741165161,-2.232954962015293e-9,0.02093924954533577]}},{"t":3.8666666666666627,"j":false,"c":{"p":[78.21836725055276,1720.7575851370498,3407.70522101663],"r":[0.02093924954533577,3.8724693587909074e-8,-0.9997807741165161,-3.521058975029981e-9,1,3.865943568404739e-8,0.9997807741165161,2.7107874331667086e-9,0.02093924954533577]}},{"t":3.899999999999996,"j":false,"c":{"p":[78.43904100679438,1720.9803859499534,3407.701511558611],"r":[0.01925209446852953,6.073509798082572e-8,-0.9998102099639761,-5.347258599370043e-9,1,6.063709765558486e-8,0.9998102099639761,4.0965708764629735e-9,0.01925209446852953]}},{"t":3.933333333333329,"j":false,"c":{"p":[78.80603866909304,1721.1033094825752,3407.6956551520943],"r":[0.015765798713864264,2.858275864769218e-8,-0.9998710354751844,-2.2245436418670165e-9,1,2.8544511324405243e-8,0.9998710354751844,1.6882344024557407e-9,0.015765798713864264]}},{"t":3.9666666666666623,"j":false,"c":{"p":[79.06394519383213,1721.3058764757602,3407.691704663373],"r":[0.009016238430347108,-1.957375328901904e-8,-0.9999197403295298,1.998642774394944e-9,1,-1.9597295550583795e-8,0.9999197403295298,-2.3268548455609203e-9,0.009016238430347108]}},{"t":3.9999999999999956,"j":false,"c":{"p":[79.20504640470716,1721.5937187682632,3407.6897948658693],"r":[-0.0012273420462017692,-8.486614304233472e-8,-0.9999554674373708,7.400118435908984e-9,1,-8.492321366347444e-8,0.9999554674373708,-8.062315392919909e-9,-0.0012273420462017692]}},{"t":4.033333333333329,"j":false,"c":{"p":[79.41657798936103,1721.8719907810662,3407.6904818842527],"r":[-0.008561860057870761,-8.590755556618166e-8,-0.9999590886454596,7.019630773882281e-9,1,-8.595067800629935e-8,0.9999590886454596,-7.562401225267354e-9,-0.008561860057870761]}},{"t":4.066666666666662,"j":false,"c":{"p":[79.71864396446222,1722.137960723149,3407.69450696732],"r":[-0.012156937500076511,-4.3578536742524415e-9,-0.9999214394767507,-7.932542616018252e-10,1,-4.32599943906537e-9,0.9999214394767507,9.527458418555197e-10,-0.012156937500076511]}},{"t":4.099999999999995,"j":false,"c":{"p":[80.04396045270045,1722.3448938006436,3407.6988551945096],"r":[-0.013967484712131948,4.4607092009645124e-8,-0.999902470604221,-5.245259660401286e-9,1,4.468471803723091e-8,0.999902470604221,5.868897599865204e-9,-0.013967484712131948]}},{"t":4.133333333333328,"j":false,"c":{"p":[80.39284603652303,1722.491981080487,3407.703530993597],"r":[-0.013969049760240233,6.054079966742612e-8,-0.9999024379884349,-6.290334083633239e-9,1,6.063459243427975e-8,0.9999024379884349,7.136740008827412e-9,-0.013969049760240233]}},{"t":4.166666666666662,"j":false,"c":{"p":[80.72607020045388,1722.6651026153036,3407.704718693372],"r":[-0.016535561972990102,2.0090418098373722e-8,-0.9998576298707796,-1.7659723119947121e-9,1,2.0097504759233833e-8,0.9998576298707796,1.8965726747178407e-9,-0.016535561972990102]}},{"t":4.199999999999995,"j":false,"c":{"p":[81.05154976604817,1722.851098132757,3407.7041815222024],"r":[-0.02037044484957711,-4.8241989918769044e-8,-0.9997906801925446,5.512484975164331e-9,1,-4.837248015798104e-8,0.9997906801925446,-6.5618163646454425e-9,-0.02037044484957711]}},{"t":4.233333333333328,"j":true,"c":{"p":[81.43724844023629,1722.890361482389,3407.712052240259],"r":[-0.024931901547417406,-7.014599927293877e-8,-0.9996831835826762,7.600580835086176e-9,1,-7.036166150815915e-8,0.9996831835826762,-9.387671532602017e-9,-0.024931901547417406]}},{"t":4.266666666666661,"j":false,"c":{"p":[81.8647061465863,1723.5369813955363,3407.722736320153],"r":[-0.027926017162362576,-4.901669375891314e-8,-0.9996100068092346,4.998225881488878e-9,1,-4.917545076091033e-8,0.9996100068092346,-6.3695514452552195e-9,-0.027926017162362576]}},{"t":4.2999999999999945,"j":false,"c":{"p":[82.30751156011725,1724.9227610607286,3407.734715838175],"r":[-0.025398877044245694,2.688528098776754e-8,-0.9996723031417777,-3.484691567208162e-9,1,2.6955136301167563e-8,0.9996723031417777,3.9665293859713e-9,-0.025398877044245694]}},{"t":4.333333333333328,"j":false,"c":{"p":[82.73886872254965,1726.194213626386,3407.7463856388213],"r":[-0.02167052130329694,1.0080400305587748e-7,-0.9997642196449619,-1.1732107009124477e-8,1,1.010770566651707e-7,0.9997642196449619,1.388293231645512e-8,-0.02167052130329694]}},{"t":4.366666666666661,"j":false,"c":{"p":[83.16752178167148,1727.0977087711308,3407.7518174214974],"r":[-0.0014070873580817392,9.74884134614326e-8,-0.9997876207328158,-3.4705892289509458e-9,1,9.770299794328253e-8,0.9997876207328158,3.803498508572009e-9,-0.0014070873580817392]}},{"t":4.399999999999994,"j":false,"c":{"p":[83.59625775901657,1727.9593225890032,3407.7562669591157],"r":[0.020084670309161713,8.618893109981163e-8,-0.9997938423666904,7.115944045066803e-9,1,8.637935931317643e-8,0.9997938423666904,-8.807359189479662e-9,0.020084670309161713]}},{"t":4.433333333333327,"j":false,"c":{"p":[84.03781175587783,1728.4137316959263,3407.7427969121263],"r":[0.033421197145164755,2.2074128175679097e-8,-0.9993446215613244,5.401856125536528e-8,1,2.4544600954198488e-8,0.9993446215613244,-5.3885179826017064e-8,0.033421197145164755]}},{"t":4.466666666666661,"j":false,"c":{"p":[84.47936575273907,1728.8681408028494,3407.7293268651365],"r":[0.0467577239811678,-4.2040674748453434e-8,-0.9988954007559583,1.0092117846566375e-7,1,-3.729015740477947e-8,0.9988954007559583,-9.896300046255446e-8,0.0467577239811678]}},{"t":4.499999999999994,"j":false,"c":{"p":[84.8991937865922,1728.9042627228841,3407.7088762314356],"r":[0.05145190341911063,-5.045260645943313e-8,-0.9986673989765722,8.423519453320715e-8,1,-4.6262060531146985e-8,0.9986673989765722,-8.172512287309125e-8,0.05145190341911063]}},{"t":4.533333333333327,"j":false,"c":{"p":[85.31765249682334,1728.9133606707614,3407.6879761525074],"r":[0.05559030937850296,-5.52803358030257e-8,-0.9984536733693334,6.345306905897393e-8,1,-5.1833119914088205e-8,0.9984536733693334,-6.047353169491702e-8,0.05559030937850296]}},{"t":4.56666666666666,"j":false,"c":{"p":[85.78395738088847,1728.4686311854794,3407.662717149054],"r":[0.05571480664393525,-2.9963401384868955e-8,-0.9984467357768322,-1.174350288960241e-9,1,-3.0082312636211646e-8,0.9984467357768322,2.8458568897403533e-9,0.05571480664393525]}},{"t":4.599999999999993,"j":false,"c":{"p":[86.24178622367896,1727.976225558518,3407.637917279449],"r":[0.05582128663536382,-5.1157956849623e-9,-0.9984408020973206,-6.460057167148479e-8,1,-8.73550295664036e-9,0.9984408020973206,6.498747402747286e-8,0.05582128663536382]}},{"t":4.633333333333327,"j":false,"c":{"p":[86.64951698728059,1727.2020276367964,3407.6158311441372],"r":[0.055821274599375255,1.6957818415480626e-8,-0.9984408020973206,-1.2092705051585143e-7,1,1.0223458077996285e-8,0.9984408020973206,1.2016781227300483e-7,0.055821274599375255]}},{"t":4.66666666666666,"j":false,"c":{"p":[87.06213631795477,1726.3069751767512,3407.593074680113],"r":[0.05686467769592384,3.027879145953581e-8,-0.9983788343439873,-1.3908858778961078e-7,1,2.253492778826651e-8,0.9983788343439873,1.3759636047632074e-7,0.05686467769592384]}},{"t":4.699999999999993,"j":false,"c":{"p":[87.48686307498043,1725.1126044501714,3407.5686580249944],"r":[0.06049228832889875,2.1922255450648323e-8,-0.998163392167881,-6.272769908109095e-8,1,1.8382675013522347e-8,0.998163392167881,6.15257276744153e-8,0.06049228832889875]}},{"t":4.733333333333326,"j":false,"c":{"p":[87.91836823909993,1723.735658649694,3407.5428924322578],"r":[0.06275728524255218,1.3350108850923692e-8,-0.998028844128153,1.5163045347038735e-8,1,1.4330961735276507e-8,0.998028844128153,-1.6032416343747974e-8,0.06275728524255218]}},{"t":4.7666666666666595,"j":false,"c":{"p":[88.36103519859773,1722.0580720662401,3407.5149055852557],"r":[0.06277850787351785,4.422922894163681e-9,-0.9980275019854832,9.557295633808301e-8,1,1.0444803766975476e-8,0.9980275019854832,-9.603999952792149e-8,0.06277850787351785]}},{"t":4.799999999999993,"j":false,"c":{"p":[88.77986032685638,1720.6812956827896,3407.4886582741783],"r":[0.0613108116425894,-2.1811421665030866e-9,-0.9981146565353286,1.2138136594210543e-7,1,5.384421167923258e-9,0.9981146565353286,-1.214914259960287e-7,0.0613108116425894]}},{"t":4.833333333333326,"j":false,"c":{"p":[89.16626874875504,1719.7135179129853,3407