{"v":1,"d":[{"t":0.06171751022338867,"c":{"r":[0.027917081490159035,-1.6678860959018493e-8,0.9996102452278137,-9.40668876125983e-9,1,1.694807494345696e-8,-0.9996102452278137,-9.876162998523341e-9,0.027917081490159035],"p":[625.267822265625,1799.2823486328125,3433.137939453125]},"j":false},{"t":0.04,"j":false,"c":{"p":[625.5126918872617,1799.3177717444726,3433.144754826152],"r":[0.027917081490159035,7.791887992201585e-9,0.9996102452278137,-3.4402319539238404e-8,1,-6.834136494962866e-9,-0.9996102452278137,-3.419812083534323e-8,0.027917081490159035]}},{"t":0.08,"j":false,"c":{"p":[625.0616832419466,1799.2525283325053,3433.1322020556786],"r":[0.027917081490159035,-3.727911452974738e-8,0.9996102452278137,1.1635426999606611e-8,1,3.6968695770418225e-8,-0.9996102452278137,1.0598833487029056e-8,0.027917081490159035]}},{"t":0.12,"j":false,"c":{"p":[624.6106745966315,1799.187284920538,3433.1196492852055],"r":[0.027917081490159035,-8.235011705169633e-8,0.9996102452278137,5.7673173538451614e-8,1,8.077152803579932e-8,-0.9996102452278137,5.5395787809401335e-8,0.027917081490159035]}},{"t":0.16,"j":false,"c":{"p":[624.0710074718493,1799.1063702195818,3433.104855842481],"r":[0.027917081490159035,-2.158061231790259e-8,0.9996102452278137,2.1322681213965538e-8,1,2.0993525811461064e-8,-0.9996102452278137,2.072829198596025e-8,0.027917081490159035]}},{"t":0.2,"j":false,"c":{"p":[623.5281436494696,1798.9707197006642,3433.0899958633377],"r":[0.027917081490159035,3.6217598426790836e-8,0.9996102452278137,-1.6560791466889416e-8,1,-3.576921043579703e-8,-0.9996102452278137,-1.5555764219497294e-8,0.027917081490159035]}},{"t":0.24000000000000002,"j":false,"c":{"p":[623.0141025229128,1798.6607178739316,3433.0759115399273],"r":[0.027917081490159035,3.712296724854236e-8,0.9996102452278137,-2.289770178169841e-8,1,-3.649795384637566e-8,-0.9996102452278137,-2.1869860605503373e-8,0.027917081490159035]}},{"t":0.28,"j":false,"c":{"p":[622.5038122918393,1798.3594692104318,3433.0598321344505],"r":[0.04207081657775665,9.397501006779326e-10,0.9989179992016393,-6.7066543993329855e-9,1,-1.1346910993642446e-9,-0.9989179992016393,-7.665262218168827e-9,0.04207081657775665]}},{"t":0.32,"j":false,"c":{"p":[621.9963772438509,1798.0648834581532,3433.0422340717373],"r":[0.0669983802603768,-6.347531295890924e-8,0.9976988152339653,2.6632683050857386e-8,1,6.170182062297287e-8,-0.9976988152339653,2.2158174526206018e-8,0.0669983802603768]}},{"t":0.36,"j":false,"c":{"p":[621.4972278535075,1797.8954799648586,3432.9979001314114],"r":[0.1063861919853212,-4.1533694636321175e-8,0.9937142276201405,2.0062660532052142e-8,1,3.988741401727627e-8,-0.9937142276201405,1.6671997578230073e-8,0.1063861919853212]}},{"t":0.39999999999999997,"j":false,"c":{"p":[621.0022078640249,1797.7485794414508,3432.9450313981497],"r":[0.14091630238933384,-1.4771336137663436e-9,0.9900106224467075,4.400067365499157e-9,1,9.208949939600447e-10,-0.9900106224467075,4.397275289429505e-9,0.14091630238933384]}},{"t":0.43999999999999995,"j":false,"c":{"p":[620.5192634989165,1797.6285707329316,3432.871877475073],"r":[0.14947050369634973,6.723669829367842e-8,0.9887474812543046,-2.731755342634759e-8,1,-6.377731868710295e-8,-0.9887474812543046,-1.718347977563621e-8,0.14947050369634973]}},{"t":0.4799999999999999,"j":false,"c":{"p":[620.0094432886325,1797.4988391850768,3432.7856965819115],"r":[0.17003850454918432,4.865461714767431e-8,0.9851602458330881,-2.0285019047580463e-8,1,-4.626866286657369e-8,-0.9851602458330881,-1.3597522263752557e-8,0.17003850454918432]}},{"t":0.5199999999999999,"j":false,"c":{"p":[619.4808541166351,1797.3623176145065,3432.6904181998657],"r":[0.19899643852722965,-3.089126398761406e-8,0.9799499605946955,1.380899652479797e-8,1,2.8649818623248652e-8,-0.9799499605946955,7.563810523598604e-9,0.19899643852722965]}},{"t":0.5599999999999999,"j":false,"c":{"p":[619.0099018101001,1797.252145552281,3432.590400315615],"r":[0.19726458087024562,-5.364293785606638e-8,0.980344175811838,2.4346474926686983e-8,1,4.983466542550527e-8,-0.980344175811838,1.4090254869072613e-8,0.19726458087024562]}},{"t":0.6,"j":false,"c":{"p":[618.5245612682728,1797.1602869909755,3432.4914645471003],"r":[0.18997077804791324,-4.2454629931488686e-8,0.9817377172937081,2.091997064349832e-8,1,3.90641426925758e-8,-0.9817377172937081,1.2532189740521135e-8,0.18997077804791324]}},{"t":0.64,"j":false,"c":{"p":[617.985604317986,1797.1147731288042,3432.396650069425],"r":[0.17358442758406295,5.287472872912535e-8,0.9847450812943765,-1.7083183471358334e-8,1,-5.0870157709349706e-8,-0.9847450812943765,-8.825273761140493e-9,0.17358442758406295]}},{"t":0.68,"j":false,"c":{"p":[617.467427019937,1797.081581452853,3432.3074296781156],"r":[0.1667626053094864,6.016428560138497e-8,0.9859970808029175,-2.2354611922929166e-8,1,-5.72378742039284e-8,-0.9859970808029175,-1.2496445528891847e-8,0.1667626053094864]}},{"t":0.7200000000000001,"j":false,"c":{"p":[616.9640706405667,1797.0571784764345,3432.2221992236036],"r":[0.1667626053094864,4.660166820866879e-9,0.9859970808029175,-4.280402116509903e-9,1,-4.002401473895674e-9,-0.9859970808029175,-3.553012946335926e-9,0.1667626053094864]}},{"t":0.7600000000000001,"j":false,"c":{"p":[616.4468615206794,1797.0400271435103,3432.134706760248],"r":[0.1667626053094864,-5.231814169418329e-8,0.9859970808029175,1.5263970960356027e-8,1,5.0479542269573145e-8,-0.9859970808029175,6.63213067848438e-9,0.1667626053094864]}},{"t":0.8000000000000002,"j":false,"c":{"p":[615.9405334079096,1797.024701178671,3432.049064976602],"r":[0.16676303937120363,-7.636233925751323e-8,0.9859970100960315,2.4413043341647188e-8,1,7.331782099722891e-8,-0.9859970100960315,1.1844540590431352e-8,0.16676303937120363]}},{"t":0.8400000000000002,"j":false,"c":{"p":[615.4739016778634,1797.0122354453113,3431.9701375525487],"r":[0.16676483773916437,3.6940771085887317e-9,0.9859967171492143,3.0519003030670925e-10,1,-3.798145087870975e-9,-0.9859967171492143,9.34419914814891e-10,0.16676483773916437]}},{"t":0.8800000000000002,"j":false,"c":{"p":[614.9687861113025,1796.9983906005739,3431.8870570950535],"r":[0.16121040901951664,4.722430548302279e-8,0.9868764345299733,-1.3118971826059823e-8,1,-4.5705754892108587e-8,-0.9868764345299733,-5.5225378314529646e-9,0.16121040901951664]}},{"t":0.9200000000000003,"j":false,"c":{"p":[614.4083308313193,1796.9825625952342,3431.7980045801623],"r":[0.14766613202630052,3.8229916799215865e-8,0.989021605767395,-1.1179997442506787e-8,1,-3.698378814912326e-8,-0.989021605767395,-5.575852317292276e-9,0.14766613202630052]}},{"t":0.9600000000000003,"j":false,"c":{"p":[613.9005644492014,1796.966110080486,3431.726165144631],"r":[0.12465714639657394,-3.3615988400884757e-8,0.9919790668938733,7.143996456862705e-9,1,3.3180009461862055e-8,-0.9919790668938733,4.3882698365797954e-9,0.12465714639657394]}},{"t":1.0000000000000002,"j":false,"c":{"p":[613.3969579057563,1796.950639416135,3431.663489738945],"r":[0.09011821901140542,-8.872845825237803e-8,0.9950753460388237,2.227226976691802e-8,1,8.69792597785763e-8,-0.9950753460388237,1.2999071825129614e-8,0.09011821901140542]}},{"t":1.0400000000000003,"j":false,"c":{"p":[612.8796598287965,1796.940351131344,3431.6343395987033],"r":[0.005544108650659255,-2.18852489545385e-8,0.9983241538908261,1.128684985618349e-8,1,2.1526882518988085e-8,-0.9983241538908261,8.567891890041776e-9,0.005544108650659255]}},{"t":1.0800000000000003,"j":false,"c":{"p":[612.3669450362936,1796.9360745490212,3431.644342208583],"r":[-0.05595346002599687,2.7118765888084393e-8,0.9976500863527462,3.928898076508348e-9,1,-2.721869208333644e-8,-0.9976500863527462,1.1402736904272342e-9,-0.05595346002599687]}},{"t":1.1200000000000003,"j":false,"c":{"p":[611.857232338984,1796.9357356893636,3431.679990244587],"r":[-0.1023356729963136,6.443793759448198e-8,0.9944064978819166,-1.0530273529023907e-9,1,-6.502115101706572e-8,-0.9944064978819166,-8.250040256255591e-9,-0.1023356729963136]}},{"t":1.1600000000000004,"j":false,"c":{"p":[611.3166391958321,1796.9375564296665,3431.7510682190114],"r":[-0.15476916927494283,1.2367609683957247e-9,0.9869098783567181,-5.77771114712607e-9,1,-1.8097665485293376e-9,-0.9869098783567181,-2.6826361793035744e-9,-0.15476916927494283]}},{"t":1.2000000000000004,"j":false,"c":{"p":[610.7771471275305,1796.9402429402758,3431.8364431300315],"r":[-0.20771316846448523,-6.942226439897282e-8,0.9779209243276322,-9.120781458259076e-9,1,6.901241791459334e-8,-0.9779209243276322,5.0486410930742616e-9,-0.20771316846448523]}},{"t":1.2400000000000004,"j":false,"c":{"p":[610.2904579991574,1796.944974934413,3431.9559436386958],"r":[-0.25473043719454824,-3.540753238082754e-8,0.9661981551233905,-4.438655405118308e-9,1,3.5355051687603765e-8,-0.9661981551233905,3.6201161401955553e-9,-0.25473043719454824]}},{"t":1.2800000000000005,"j":false,"c":{"p":[609.8045960366381,1796.9490387418487,3432.085225484418],"r":[-0.28234301618676216,1.5232914731180367e-8,0.9593135070444917,2.704048663684558e-9,1,-1.5083131967276364e-8,-0.9593135070444917,-1.6646435439574903e-9,-0.28234301618676216]}},{"t":1.3200000000000005,"j":false,"c":{"p":[609.3199110553605,1796.9521517808137,3432.228425276803],"r":[-0.2823444991512081,8.953023150658531e-8,0.9593130621551579,1.3347929859877658e-8,1,-8.939888169950457e-8,-0.9593130621551579,-1.2436472019689802e-8,-0.2823444991512081]}},{"t":1.3600000000000005,"j":true,"c":{"p":[608.8361507869694,1797.8340271332202,3432.371613831756],"r":[-0.287156399875147,4.154213260908279e-8,0.95787924366084,5.921013960300499e-9,1,-4.1590825639509034e-8,-0.95787924366084,-6.250306300455821e-9,-0.287156399875147]}},{"t":1.4000000000000006,"j":false,"c":{"p":[608.2778122800801,1799.6184304315543,3432.539639450426],"r":[-0.28902831494168374,-4.783719232894003e-8,0.9573205471940808,-7.0391259214877185e-9,1,4.7844667072047947e-8,-0.9573205471940808,7.089750133339755e-9,-0.28902831494168374]}},{"t":1.4400000000000006,"j":false,"c":{"p":[607.8067231390168,1800.8357247720621,3432.681520415264],"r":[-0.289027827832048,-1.2308540834982878e-7,0.9573206915228617,-1.7886019051068928e-8,1,1.2317277174814702e-7,-0.9573206915228617,1.8477683190726908e-8,-0.289027827832048]}},{"t":1.4800000000000006,"j":true,"c":{"p":[607.3313286146785,1801.8518435066846,3432.830636003869],"r":[-0.3245252381328792,-1.1151743661950079e-7,0.9455474389731247,1.5087123340879275e-9,1,1.186614002375739e-7,-0.9455474389731247,3.925816020228342e-8,-0.3245252381328792]}},{"t":1.5200000000000007,"j":false,"c":{"p":[606.8310684113352,1802.5863066257225,3433.0283908716306],"r":[-0.4872242261783583,5.446546565804152e-9,0.8709046213098359,1.273695643368199e-7,1,6.518080547221487e-8,-0.8709046213098359,1.4210379949687768e-7,-0.4872242261783583]}},{"t":1.5600000000000007,"j":false,"c":{"p":[606.4175939803567,1802.8855156118295,3433.362711888479],"r":[-0.6644938278632535,7.048550481361576e-8,0.7263046730390702,1.543130220871454e-7,1,4.573183675078506e-8,-0.7263046730390702,1.3812661218205345e-7,-0.6644938278632535]}},{"t":1.6000000000000008,"j":false,"c":{"p":[606.0371358817972,1802.9565523681417,3433.7305860843594],"r":[-0.7672877172912782,8.704554061720937e-8,0.641258057554196,1.3702752396117357e-7,1,2.77276166255906e-8,-0.641258057554196,1.0939026807573708e-7,-0.7672877172912782]}},{"t":1.6400000000000008,"j":false,"c":{"p":[605.6991344688992,1802.734175655198,3434.141607312956],"r":[-0.7743110691379983,4.1265085498988204e-8,0.6327928472392602,6.286669356146398e-8,1,1.1581241770194579e-8,-0.6327928472392602,4.881538649021373e-8,-0.7743110691379983]}},{"t":1.6800000000000008,"j":false,"c":{"p":[605.4342338913796,1802.4026839048743,3434.3776074072293],"r":[-0.7749426144718894,-1.558413430048505e-8,0.6320316160990549,-2.5005029207776365e-8,1,-6.001997340901941e-9,-0.6320316160990549,-2.0455069570383985e-8,-0.7749426144718894]}},{"t":1.7200000000000009,"j":false,"c":{"p":[605.2670445677988,1802.303611348752,3434.5196554577446],"r":[-0.7813990977901226,-4.61360318861319e-8,0.6237080539352614,-7.087524614982072e-8,1,-1.421657502895431e-8,-0.6237080539352614,-5.5598463157207354e-8,-0.7813990977901226]}},{"t":1.760000000000001,"j":false,"c":{"p":[605.2662231694381,1802.651510890799,3434.5207008738403],"r":[-0.7997199127713086,-2.6346052802216126e-8,0.6000890226369503,-3.705901718728637e-8,1,-4.95026557773473e-9,-0.6000890226369503,-2.6437724579963942e-8,-0.7997199127713086]}},{"t":1.800000000000001,"j":false,"c":{"p":[605.1612104323912,1802.8468957875823,3434.64954216416],"r":[-0.8191238352228278,-0.0009600891863055246,0.5729806116233069,0.001980093086925614,0.9999710856493518,0.004763133071671094,-0.5729746586687617,0.00506817784946528,-0.8190955518304954]}},{"t":1.840000000000001,"j":false,"c":{"p":[605.0382686885533,1803.0180305104768,3434.8003175245785],"r":[-0.8381414959967286,-0.0018739584011591027,0.5452913620686488,0.0038645429603206016,0.9999434955138337,0.009295407643429062,-0.5452797287920852,0.009890783299230073,-0.8380862185355836]}},{"t":1.880000000000001,"j":false,"c":{"p":[605.03788121925,1803.3791519011284,3434.8004725123],"r":[-0.8528434965340396,-0.0005356425296278698,0.5218106087738353,0.001101859866445524,0.9999833776081356,0.0026452468133823766,-0.5218071865166868,0.002815058409825783,-0.8528271930360168]}},{"t":1.920000000000001,"j":false,"c":{"p":[605.0377197265625,1803.7395328220687,3434.800627085682],"r":[-0.8641130364178988,0.000014169853997923382,0.5031177572287822,-0.000031514871567974635,1,-0.00008058325415949904,-0.5031177572287822,-0.0000853604138971157,-0.8641129987801259]}},{"t":1.960000000000001,"j":false,"c":{"p":[605.0376281669243,1804.0992323213563,3434.8009687279778],"r":[-0.8729284745152298,2.0132524634514663e-7,0.4878478847944645,1.239830812625147e-7,0.9999999954807058,-8.812239057442679e-8,-0.4878478839405281,-8.384984909782366e-9,-0.8729284700747606]}},{"t":2.000000000000001,"j":false,"c":{"p":[604.9125780345058,1804.2511445304124,3435.0570220111667],"r":[-0.8802200320293508,-0.0003988143171127692,0.4744026177684617,0.0009041253630960368,0.9999938231285372,0.0025756084604842333,-0.47440145062705164,0.00270039961336275,-0.8802139628940183]}},{"t":2.040000000000001,"j":false,"c":{"p":[604.8299902806895,1804.4764783251073,3435.2386209029387],"r":[-0.8838516278242877,-0.0005155124558538222,0.4677430126325988,0.0011692950839902543,0.9999919995511626,0.0033305342260294265,-0.4677415009198824,0.0034919876410561615,-0.8838437669181626]}},{"t":2.080000000000001,"j":false,"c":{"p":[604.829911378539,1804.8444779552535,3435.275547109394],"r":[-0.8803715344361954,-0.00008363809829350748,0.4742686596841703,0.00019314794188820855,0.9999986260989623,0.0005475114773851931,-0.47426840008077653,0.0005745384221312096,-0.880370184498548]}},{"t":2.120000000000001,"j":false,"c":{"p":[604.8298950195312,1805.2195140186616,3435.283203125],"r":[-0.8796490862896053,0.0000032350384940457076,0.4756232684884696,-0.000005081824804562854,1,-0.00001620040699989939,-0.4756232684884696,-0.00001666771328967115,-0.8796490862896053]}},{"t":2.160000000000001,"j":false,"c":{"p":[604.8298950195312,1805.5952222753485,3435.283203125],"r":[-0.8796480328459305,1.3054534966339105e-7,0.4756251573562622,-2.429880040434063e-7,1,-7.238668297958055e-7,-0.4756251573562622,-7.523192281962958e-7,-0.8796480328459305]}},{"t":2.200000000000001,"j":false,"c":{"p":[604.8298950195312,1805.957533135664,3435.283203125],"r":[-0.8796480707686744,3.195331022138971e-8,0.4756251573562622,-6.27787592367147e-8,1,-1.8328829349536392e-7,-0.4756251573562622,-1.9108833595463185e-7,-0.8796480707686744]}},{"t":2.240000000000001,"j":false,"c":{"p":[604.808033311556,1806.2811055047812,3435.3232699563428],"r":[-0.8775040588343493,-1.1881008894946284e-8,0.47952508437252306,1.4659805071019153e-8,1,5.2234661847180184e-8,-0.47952508437252306,5.291137016854851e-8,-0.8775040588343493]}},{"t":2.280000000000001,"j":false,"c":{"p":[604.7650381565497,1806.5672298459256,3435.4020689059093],"r":[-0.8732874199974467,-2.781706203641165e-9,0.48719502337117454,-7.2487966846225145e-9,1,-7.135900230266621e-9,-0.48719502337117454,-9.752450453276802e-9,-0.8732874199974467]}},{"t":2.320000000000001,"j":false,"c":{"p":[604.6802590204621,1806.7960534639194,3435.6094254849304],"r":[-0.8569906756498067,8.440944484454217e-9,0.5145849219339651,-3.234839461861952e-8,1,-6.743049623208482e-8,-0.5145849219339651,-7.422793315323831e-8,-0.8569906756498067]}},{"t":2.360000000000001,"j":false,"c":{"p":[604.6158447265625,1807.0532619533874,3435.768798828125],"r":[-0.8417738963621147,1.3177814395833413e-8,0.5397297401317552,-3.904281676798916e-8,1,-8.647775716408973e-8,-0.5397297401317552,-9.395425535830531e-8,-0.8417738963621147]}},{"t":2.4000000000000012,"j":false,"c":{"p":[604.6158447265625,1807.4000152425624,3435.768798828125],"r":[-0.8324636704298036,2.2388627122189783e-10,0.5539573419827669,3.749537793598799e-9,1,3.806142997236757e-9,-0.5539573419827669,5.136912782175026e-9,-0.8324636704298036]}},{"t":2.4400000000000013,"j":false,"c":{"p":[604.5459696995258,1807.6264842661992,3435.8691712690065],"r":[-0.8317228172570761,-0.0018399150194553452,0.5551501604410792,0.0000034198857115442136,0.9999855388007024,0.003357513239067035,-0.5551580652767081,0.0028084910449496054,-0.8317107275084672]}},{"t":2.4800000000000013,"j":false,"c":{"p":[604.4367016692638,1807.7852581731006,3436.0261301359005],"r":[-0.8358132562254382,-0.004682485409712001,0.5489891407226374,0.000008675591661981265,0.9999631950377678,0.008544667801512425,-0.5490092591907386,0.007147430741322244,-0.8357824868036363]}},{"t":2.5200000000000014,"j":false,"c":{"p":[604.4362814711021,1808.1413570151683,3436.0267413332263],"r":[-0.8265710230273959,-0.0017091508717473301,0.562681356014508,0.0000033760347918810676,0.9999863984518779,0.003120674159543992,-0.5626887909443496,0.00261104187233436,-0.8265596519582263]}},{"t":2.5600000000000014,"j":false,"c":{"p":[604.4274403555032,1808.5014668943097,3436.0395038273027],"r":[-0.8211527739430335,0.00002534109965128134,0.5707084050705634,1.9859513333122802e-7,1,-0.00004411720123996306,-0.5707084050705634,-0.00003611364634120846,-0.8211527739430335]}},{"t":2.6000000000000014,"j":false,"c":{"p":[604.4066705675089,1808.8672586184014,3436.069479272247],"r":[-0.8211513994542876,0.00000494742631264018,0.5707104482295101,2.7246104458656838e-8,1,-0.000008629722075867233,-0.5707104482295101,-0.000007070771857059812,-0.8211513994542876]}},{"t":2.6400000000000015,"j":false,"c":{"p":[604.3053137352664,1809.0583326338576,3436.199590886491],"r":[-0.8218225304549269,-0.00020515557212309014,0.5697424066174132,0.0003162008264991811,0.9999992806279061,0.0008177861339762532,-0.5697423127862704,0.0008524491999000093,-0.821821811082833]}},{"t":2.6800000000000015,"j":false,"c":{"p":[604.2170384377057,1809.2605366676105,3436.3125527203943],"r":[-0.8228967234575693,-0.00032529149939208293,0.5681880332562457,0.0005003274517599099,0.9999988672280559,0.001295220233106053,-0.5681878855033834,0.0013498546862561727,-0.8228955906856251]}},{"t":2.7200000000000015,"j":false,"c":{"p":[604.2168001947475,1809.606306614254,3436.3136645208656],"r":[-0.8246424037528913,-0.00007574198015886666,0.5656515445479692,0.0001173402464116894,0.9999997590880881,0.000303040781885343,-0.5656515131246763,0.00031601367609017925,-0.8246421628409795]}},{"t":2.7600000000000016,"j":false,"c":{"p":[604.0897586045262,1809.7891276195019,3436.50409536952],"r":[-0.8304487056443577,-0.000004422927639501435,0.5569973655683735,0.000007373539689228558,1,0.000018581602386421774,-0.5569973655683735,0.000019495659585129487,-0.8304487056443577]}},{"t":2.8000000000000016,"j":false,"c":{"p":[603.9286921391596,1809.9906356678368,3436.746443091953],"r":[-0.8404315104254169,1.9102865528521503e-7,0.5414116845785292,-3.122443167151497e-7,1,-8.270883980366056e-7,-0.5414116845785292,-8.631991694528681e-7,-0.8404315104254169]}},{"t":2.8400000000000016,"j":false,"c":{"p":[603.8498300354933,1810.6953575771477,3436.873176145919],"r":[-0.8674465977652688,7.1246400990429e-8,0.4960932658579115,-1.1342347021550136e-7,1,-3.1226337493632396e-7,-0.4960932658579115,-3.2462798138585135e-7,-0.8674465977652688]}},{"t":2.8800000000000017,"j":false,"c":{"p":[603.814208984375,1811.2134218609244,3436.930419921875],"r":[-0.8879294113000312,1.1960714246472809e-8,0.45923091647308967,-2.408933189532352e-8,1,-7.208287283006214e-8,-0.45923091647308967,-7.492219804590714e-8,-0.8879294113000312]}},{"t":2.9200000000000017,"j":false,"c":{"p":[603.814208984375,1811.577721598536,3436.930419921875],"r":[-0.9030310778594547,2.510801569564865e-9,0.429334495536356,-2.494799414341682e-8,1,-5.8148633133822324e-8,-0.429334495536356,-6.31775359492354e-8,-0.9030310778594547]}},{"t":2.9600000000000017,"j":false,"c":{"p":[603.814208984375,1811.9401413518306,3436.930419921875],"r":[-0.934582597557835,-9.114923258255916e-9,0.344906907539409,-2.7171044866120874e-8,1,-4.451185897695373e-8,-0.344906907539409,-5.043153664583071e-8,-0.934582597557835]}},{"t":3.0000000000000018,"j":false,"c":{"p":[603.814208984375,1812.3040392642495,3436.930419921875],"r":[-0.9661634096832066,-2.0753247733806625e-8,0.25714074744474674,-2.980510960501734e-8,1,-3.0908708698865215e-8,-0.25714074744474674,-3.7467829950327494e-8,-0.9661634096832066]}},{"t":3.040000000000002,"j":false,"c":{"p":[603.814208984375,1812.6837153555878,3436.930419921875],"r":[-0.9777614186918464,-2.98279327087732e-8,0.20609228222934783,-3.450338034751091e-8,1,-1.724564702579255e-8,-0.20609228222934783,-2.375375405261621e-8,-0.9777614186918464]}},{"t":3.080000000000002,"j":false,"c":{"p":[603.814208984375,1813.0428402706486,3436.929643904863],"r":[-0.9874848420598935,-3.7701835934083026e-8,0.15195047716480742,-3.9213396099930514e-8,1,-4.444364017712176e-9,-0.15195047716480742,-1.0152706850734323e-8,-0.9874848420598935]}},{"t":3.120000000000002,"j":false,"c":{"p":[603.814208984375,1813.3813385320332,3436.928089020796],"r":[-0.9953267950793143,-4.437054735154547e-8,0.09470397147824407,-4.393519999765629e-8,1,7.491975308868e-9,-0.09470397147824407,3.3348965398103316e-9,-0.9953267950793143]}},{"t":3.160000000000002,"j":false,"c":{"p":[603.7917897433125,1813.6307413199065,3436.9113983695015],"r":[-0.9965743028377687,-5.115135130501484e-8,0.08241649865440977,-4.975135159780739e-8,1,1.981653547757884e-8,-0.08241649865440977,1.568504116651746e-8,-0.9965743028377687]}},{"t":3.200000000000002,"j":false,"c":{"p":[603.7667983051654,1813.8533732470125,3436.9481830290774],"r":[-0.9970528483390808,-5.806807874067106e-8,0.07671777904033661,-5.57486534475686e-8,1,3.237480876578958e-8,-0.07671777904033661,2.8002481453033632e-8,-0.9970528483390808]}},{"t":3.240000000000002,"j":false,"c":{"p":[603.740256055295,1814.0398946115695,3437.083834930573],"r":[-0.9970528483390808,-6.521526097876275e-8,0.07671777904033661,-6.192226047670946e-8,1,4.530227175463785e-8,-0.07671777904033661,4.041822070160839e-8,-0.9970528483390808]}},{"t":3.280000000000002,"j":false,"c":{"p":[603.7315033119979,1814.2976693308156,3437.150641572843],"r":[-0.9977260488293442,-7.111780468111983e-8,0.06659320152169827,-6.755109686583673e-8,1,5.722582806320599e-8,-0.06659320152169827,5.264740353206867e-8,-0.9977260488293442]}},{"t":3.320000000000002,"j":false,"c":{"p":[603.7286325058902,1814.597218548171,3437.193166815275],"r":[-0.9984338958784935,-7.67089417084534e-8,0.05594467692937607,-7.295612182348534e-8,1,6.912905876555054e-8,-0.05594467692937607,6.493943326141342e-8,-0.9984338958784935]}},{"t":3.360000000000002,"j":false,"c":{"p":[603.7265170974384,1814.9706842948553,3437.2268595026176],"r":[-0.9984388914275719,-8.263688564714898e-8,0.055855451915572576,-7.816798704882784e-8,1,8.220238702163731e-8,-0.055855451915572576,7.770819321615464e-8,-0.9984388914275719]}},{"t":3.400000000000002,"j":false,"c":{"p":[603.7250397922717,1815.2923767364068,3437.265921709417],"r":[-0.9990190776624798,-8.61841593759731e-8,0.03754321564621026,-8.293472105416628e-8,1,9.453272965133162e-8,-0.03754321564621026,9.141693609277865e-8,-0.9990190776624798]}},{"t":3.440000000000002,"j":false,"c":{"p":[603.7239577066624,1815.582002546714,3437.3083096146615],"r":[-0.9999555175221176,-8.825692662816598e-8,0.007944263556811361,-8.742575586180599e-8,1,1.0640289215459893e-7,-0.007944263556811361,1.0570787254686331e-7,-0.9999555175221176]}},{"t":3.480000000000002,"j":false,"c":{"p":[603.7236252215242,1815.7584679451227,3437.4703306704337],"r":[-0.999488838660841,-2.9860923282043334e-8,-0.02065189354805834,-2.9476054696916523e-8,1,4.498811544937021e-8,0.02065189354805834,4.436499136586387e-8,-0.999488838660841]}},{"t":3.5200000000000022,"j":false,"c":{"p":[603.7235025562184,1815.988290540396,3437.5920573875633],"r":[-0.9980332816638796,1.8163744193265652e-8,-0.05484889347267336,1.9476636121995154e-8,1,-1.0844059139681273e-8,0.05484889347267336,-1.2193270440476277e-8,-0.9980332816638796]}},{"t":3.5600000000000023,"j":false,"c":{"p":[603.7239448792784,1816.3780508767459,3437.591172741443],"r":[-0.9938009396698262,3.304100235959478e-8,-0.10525221899480035,3.9139870638126694e-8,1,-4.665334253739349e-8,0.10525221899480035,-5.0904264674470626e-8,-0.9938009396698262]}},{"t":3.6000000000000023,"j":false,"c":{"p":[603.7271673884823,1816.7209852968301,3437.6105169030975],"r":[-0.9907861224423007,2.85155786655494e-8,-0.13478642735935786,3.671750591178462e-8,1,-5.88194913203494e-8,0.13478642735935786,-6.304525325449339e-8,-0.9907861224423007]}},{"t":3.6400000000000023,"j":false,"c":{"p":[603.7322309094149,1817.032912058939,3437.643256380908],"r":[-0.9885775380564944,1.1141891212669012e-8,-0.1505013130352267,1.9670276108478883e-8,1,-5.532939052904324e-8,0.1505013130352267,-5.759184724656228e-8,-0.9885775380564944]}},{"t":3.6800000000000024,"j":false,"c":{"p":[603.7829023497038,1817.003231245446,3437.927336163668],"r":[-0.9876706063254778,-8.41662747691374e-9,-0.15650759334112332,-3.8272637857869855e-10,1,-5.149249463998644e-8,0.15650759334112332,-5.0740949399962034e-8,-0.9876706063254778]}},{"t":3.7200000000000024,"j":false,"c":{"p":[603.8307460198754,1816.9945425797373,3438.194896566346],"r":[-0.9868620707092974,-2.795952852847884e-8,-0.1615023122921456,-2.053966432102243e-8,1,-4.7706523492799436e-8,0.1615023122921456,-4.3721030438909955e-8,-0.9868620707092974]}},{"t":3.7600000000000025,"j":false,"c":{"p":[603.8310435116047,1817.3411948172802,3438.196532770857],"r":[-0.9854433924993319,-4.572448825761325e-8,-0.16989009377807904,-3.8773598094026995e-8,1,-4.440477522551373e-8,0.16989009377807904,-3.70918906319784e-8,-0.9854433924993319]}},{"t":3.8000000000000025,"j":false,"c":{"p":[603.8311767578125,1817.701268289653,3438.197265625],"r":[-0.9848078924792991,-6.393097615344716e-8,-0.17364734988511316,-5.767928781896384e-8,1,-4.104847350076199e-8,0.17364734988511316,-3.0408995519875795e-8,-0.9848078924792991]}},{"t":3.8400000000000025,"j":false,"c":{"p":[603.8311767578125,1818.072229904541,3438.197265625],"r":[-0.9848077554385569,-8.249565922764661e-8,-0.1736480350888242,-7.712994785648382e-8,1,-3.764791460987388e-8,0.1736480350888242,-2.3682490752543786e-8,-0.9848077554385569]}},{"t":3.8800000000000026,"j":false,"c":{"p":[603.8311767578125,1818.445764401477,3438.197265625],"r":[-0.9848077297210693,-1.0113393408335319e-7,-0.17364827594999138,-9.665773298751819e-8,1,-3.42338503087789e-8,0.17364827594999138,-1.6929309882774672e-8,-0.9848077297210693]}},{"t":3.9200000000000026,"j":false,"c":{"p":[603.8311767578125,1818.818339706481,3438.197265625],"r":[-0.9848077297210693,-1.1435033461662136e-7,-0.173648402094841,-1.1085210168093844e-7,1,-2.984378924610029e-8,0.173648402094841,-1.0141103968464276e-8,-0.9848077297210693]}},{"t":3.9600000000000026,"j":false,"c":{"p":[603.8311767578125,1819.17467303049,3438.197265625],"r":[-0.9848077297210693,-7.070535909913901e-8,-0.173648402094841,-6.910135432154487e-8,1,-1.5282670599944188e-8,0.173648402094841,-3.051152305983905e-9,-0.9848077297210693]}},{"t":4.000000000000003,"j":false,"c":{"p":[603.8570585383452,1819.351180623557,3438.3439549246236],"r":[-0.9848077297210693,-1.221687437804117e-8,-0.173648402094841,-1.2447690208349942e-8,1,2.401846331930996e-10,0.173648402094841,2.3980574953964863e-9,-0.9848077297210693]}},{"t":4.040000000000003,"j":false,"c":{"p":[603.9246957636074,1819.23757280668,3438.7273001581434],"r":[-0.9848077297210693,7.021885490616685e-8,-0.173648402094841,6.824906151380639e-8,1,1.731462318384669e-8,0.173648402094841,5.200235110942853e-9,-0.9848077297210693]}},{"t":4.080000000000003,"j":false,"c":{"p":[603.9389851759536,1819.5209577102055,3438.8081775476876],"r":[-0.9848077297210693,5.888428448706238e-8,-0.173648402094841,5.788905541941743e-8,1,1.0795947370458958e-8,0.173648402094841,5.795910950177237e-10,-0.9848077297210693]}},{"t":4.120000000000003,"j":false,"c":{"p":[603.9447631835938,1819.8644422460568,3438.8408203125],"r":[-0.9848077297210693,3.440362057528811e-8,-0.173648402094841,3.476767947890535e-8,1,9.452599784598886e-10,0.173648402094841,-5.106452344800595e-9,-0.9848077297210693]}},{"t":4.160000000000003,"j":false,"c":{"p":[603.9447631835938,1820.2342799690555,3438.8408203125],"r":[-0.9848077297210693,9.09194553578753e-9,-0.173648402094841,1.0861436501003551e-8,1,-9.23982284989197e-9,0.173648402094841,-1.0985520328056935e-8,-0.9848077297210693]}},{"t":4.200000000000003,"j":false,"c":{"p":[603.9447631835938,1820.5853728239615,3438.8408203125],"r":[-0.9848077297210693,-1.490610854045932e-8,-0.173648402094841,-1.1804123188351063e-8,1,-1.8896325879916606e-8,0.173648402094841,-1.655948102679866e-8,-0.9848077297210693]}},{"t":4.240000000000003,"j":false,"c":{"p":[603.9447631835938,1820.9103491167427,3438.8408203125],"r":[-0.9848077297210693,-3.707394096213382e-8,-0.173648402094841,-3.274108270712015e-8,1,-2.7816377361031912e-8,0.173648402094841,-2.1708346530878405e-8,-0.9848077297210693]}},{"t":4.280000000000003,"j":false,"c":{"p":[603.9447631835938,1821.2969250917886,3438.8408203125],"r":[-0.9822470140119531,-6.371792917146956e-8,-0.1870721489626338,-5.740821801411095e-8,1,-3.878789986688697e-8,0.1870721489626338,-2.7054033196194998e-8,-0.9822470140119531]}},{"t":4.320000000000003,"j":false,"c":{"p":[603.9558109470757,1821.6316716897395,3438.8947089305916],"r":[-0.9794007828693971,-9.09176041334947e-8,-0.2019131172159585,-8.249484453105397e-8,1,-5.0100226106424394e-8,0.2019131172159585,-3.2384416698321e-8,-0.9794007828693971]}},{"t":4.360000000000003,"j":false,"c":{"p":[604.0159423481185,1821.6600118098797,3439.188016993477],"r":[-0.9784510396049892,-1.1505367910665043e-7,-0.20645912145853895,-1.0483478970461342e-7,1,-6.039111851264156e-8,0.20645912145853895,-3.740354350011231e-8,-0.9784510396049892]}},{"t":4.400000000000003,"j":false,"c":{"p":[604.0519401743688,1821.799712790829,3439.3610704802304],"r":[-0.9705482522603341,-4.3218496513926676e-8,-0.23839115862544777,-4.081756049836582e-8,1,-1.9279095154952168e-8,0.23839115862544777,-1.2043105509522314e-8,-0.9705482522603341]}},{"t":4.440000000000003,"j":false,"c":{"p":[604.0724487304688,1822.0212973950229,3439.4580078125],"r":[-0.9569766236243531,5.416331926750918e-8,-0.28780504328595874,4.628918708832573e-8,1,3.447242030564259e-8,0.28780504328595874,1.9668651613660283e-8,-0.9569766236243531]}},{"t":4.480000000000003,"j":false,"c":{"p":[604.0724487304688,1822.3888802692263,3439.4580078125],"r":[-0.9315447466813878,5.524025598564172e-8,-0.3600231978921332,4.724212022228595e-8,1,3.1493990571212736e-8,0.3600231978921332,1.233288492468081e-8,-0.9315447466813878]}},{"t":4.520000000000003,"j":false,"c":{"p":[604.1230740070138,1822.6547269518078,3439.539233360417],"r":[-0.8816329189594732,3.483357138685621e-8,-0.46009275506483394,3.367396127625761e-8,1,1.3495440448494033e-8,0.46009275506483394,-8.868461501259644e-10,-0.8816329189594732]}},{"t":4.560000000000003,"j":false,"c":{"p":[604.2056733959436,1822.8570715011474,3439.671530139577],"r":[-0.8171453475952148,1.2190157674527223e-9,-0.5764316916465759,1.1194263841144576e-8,1,-1.375414407107324e-8,0.5764316916465759,-1.7691863070583007e-8,-0.8171453475952148]}},{"t":4.600000000000003,"j":false,"c":{"p":[604.4056585074176,1822.9266112481944,3439.9607345909426],"r":[-0.8171453475952148,-3.2795439896220264e-8,-0.5764316916465759,-9.384685744049646e-9,1,-4.3590223709730194e-8,0.5764316916465759,-3.0209919457040715e-8,-0.8171453475952148]}},{"t":4.640000000000003,"j":false,"c":{"p":[604.5606839108158,1822.8712770658851,3440.1843685087993],"r":[-0.803751364733841,-6.819887962040448e-8,-0.5939503042447416,-2.9746578914073996e-8,1,-7.405815056268117e-8,0.5939503042447416,-4.1018719006475386e-8,-0.803751364733841]}},{"t":4.680000000000003,"j":false,"c":{"p":[604.658002221644,1822.6556635643956,3440.323840740361],"r":[-0.7731658154246313,-1.0538512077254382e-7,-0.6339545654862094,-4.982987386406605e-8,1,-1.0533707168685386e-7,0.6339545654862094,-4.9633637707007317e-8,-0.7731658154246313]}},{"t":4.720000000000003,"j":false,"c":{"p":[604.6664428710938,1822.4361402479092,3440.3359375],"r":[-0.6668540576756156,-3.048546143764798e-8,-0.734766575384346,-2.2205641701594077e-8,1,-2.6425058718406705e-8,0.734766575384346,-9.940025811084253e-9,-0.6668540576756156]}},{"t":4.800000000000003,"j":false,"c":{"p":[604.6664428710938,1822.9611092589323,3440.3359375],"r":[-0.5492330170425174,5.0144629927835875e-8,-0.8354141756233835,1.1141205962356742e-8,1,5.2693658025588513e-8,0.8354141756233835,1.945027190018743e-8,-0.5492330170425174]}},{"t":4.840000000000003,"j":false,"c":{"p":[604.6664428710938,1823.1500329873154,3440.3359375],"r":[-0.5180988815070976,2.422856575438017e-8,-0.8548648926946167,1.2074095873568676e-8,1,2.15792273205845e-8,0.8548648926946167,1.7073485600792597e-9,-0.5180988815070976]}},{"t":4.8800000000000034,"j":false,"c":{"p":[604.6664428710938,1823.23079853168,3440.3359375],"r":[-0.4543859414868301,-1.653500047412747e-8,-0.8853166910489519,1.2270908664273699e-8,1,-2.3668616323919575e-8,0.8853166910489519,-1.9607619549802634e-8,-0.4543859414868301]}},{"t":4.9200000000000035,"j":false,"c":{"p":[604.6664428710938,1823.3274854351355,3440.3359375],"r":[-0.287485258988626,-5.888453950351182e-8,-0.9520715285362218,1.8302782651488402e-8,1,-6.601572078446669e-8,0.9520715285362218,-3.415325722712942e-8,-0.287485258988626]}},{"t":4.9600000000000035,"j":false,"c":{"p":[604.6664714738694,1823.4998704027405,3440.3359375],"r":[0.11934869143003757,-4.193358911763656e-8,-0.9132799227643589,6.099118500974694e-8,1,-1.5114687569082463e-8,0.9132799227643589,-7.683167362846596e-8,0.11934869143003757]}},{"t":5.040000000000004,"j":false,"c":{"p":[604.66650390625,1822.811667596905,3440.3359375],"r":[0.8689221189300965,-4.243470266964104e-8,-0.36002441112272787,7.36295199341271e-8,1,4.443581941972046e-8,0.36002441112272787,-6.926464908163717e-8,0.8689221189300965]}},{"t":5.080000000000004,"j":false,"c":{"p":[604.66650390625,1822.5415345592996,3440.3359375],"r":[0.979593617373032,-2.1660824196336964e-8,-0.20098846781464336,3.283472963170071e-8,1,5.225875029956148e-8,0.20098846781464336,-5.778899188239605e-8,0.979593617373032]}},{"t":5.160000000000004,"j":false,"c":{"p":[604.6994406030099,1822.528218085195,3440.1635437450504],"r":[0.9851768481105705,4.6372540806531266e-8,-0.16994977028276959,-5.0029657644472104e-8,1,-2.7564433368043045e-8,0.16994977028276959,3.5360484825903395e-8,0.9851768481105705]}},{"t":5.200000000000004,"j":false,"c":{"p":[604.7483781926281,1822.5422189421406,3439.8567089248504],"r":[0.9910659818636198,1.7471270364267364e-8,-0.1112064381625339,-2.7505433010954806e-8,1,-5.737997706109431e-8,0.1112064381625339,6.510008138203394e-8,0.9910659818636198]}},{"t":5.240000000000004,"j":false,"c":{"p":[604.8174449294381,1822.6046683074412,3439.3823863760504],"r":[0.9973965127120615,-6.829017831139488e-8,-0.01812248092721927,6.530912260249042e-8,1,-4.9172158669003194e-9,0.01812248092721927,8.370297450992191e-9,0.9973965127120615]}},{"t":5.280000000000004,"j":true,"c":{"p":[604.8735499116618,1823.486619205829,3438.9792990238334],"r":[0.9955385249237012,-4.6425153228204783e-7,0.0752357753254939,4.522856901809192e-7,1,1.242263293750569e-7,-0.0752357753254939,-6.946451616859318e-8,0.9955385249237012]}},{"t":5.320000000000004,"j":false,"c":{"p":[604.8908472749634,1825.3659461950863,3438.427001641581],"r":[0.9893741481869833,-3.4916948088994566e-7,0.14514724423552622,3.39025447266257e-7,1,9.52672971862293e-8,-0.14514724423552622,-4.572300387958221e-8,0.9893741481869833]}},{"t":5.360000000000004,"j":false,"c":{"p":[604.8087639360167,1826.5555338114523,3437.9136703739828],"r":[0.9846412342877283,-8.178136775331009e-8,0.17287128669985863,8.050422666549292e-8,1,1.8492163231968403e-8,-0.17287128669985863,-9.976328303927228e-9,0.9846412342877283]}},{"t":5.400000000000004,"j":false,"c":{"p":[604.720266537267,1827.5967533518233,3437.3979358870215],"r":[0.980956380875088,1.0998890715465675e-7,0.1942016712115196,-1.046619295236194e-7,1,-3.7653578795130857e-8,-0.1942016712115196,1.6611551388780443e-8,0.980956380875088]}},{"t":5.440000000000004,"j":false,"c":{"p":[604.6154871645346,1828.2613432336843,3436.876100871481],"r":[0.9799320099181517,1.0980467703640446e-7,0.19930187146558967,-1.0361759080643037e-7,1,-4.1431985162680845e-8,-0.19930187146558967,1.9949994552624327e-8,0.9799320099181517]}},{"t":5.480000000000004,"j":false,"c":{"p":[604.5108883855758,1828.5848218385026,3436.360332075136],"r":[0.9811822971756295,1.0816028661956941e-7,0.19283380018214633,-1.0141833195543888e-7,1,-4.501359020068465e-8,-0.19283380018214633,2.4593917565429927e-8,0.9811822971756295]}},{"t":5.520000000000004,"j":false,"c":{"p":[604.4090165206162,1828.6776860714047,3435.847488087803],"r":[0.9838966869874214,1.004682425492237e-7,0.17831061807661133,-9.351205573649249e-8,1,-4.7518742564546295e-8,-0.17831061807661133,2.982733763377239e-8,0.9838966869874214]}},{"t":5.560000000000004,"j":false,"c":{"p":[604.3301446163622,1828.3288491430114,3435.3322177415994],"r":[0.9889121872186826,4.6656838925507446e-8,0.14676113010028022,-4.105521903721953e-8,1,-4.152373546731755e-8,-0.14676113010028022,3.418955262329784e-8,0.9889121872186826]}},{"t":5.600000000000004,"j":false,"c":{"p":[604.2607814131667,1827.808347063171,3434.8320915131217],"r":[0.9920466440443831,-1.5802942351268792e-8,0.12548714491066726,2.0233732570669054e-8,1,-3.40052120421963e-8,-0.12548714491066726,3.574920832132163e-8,0.9920466440443831]}},{"t":5.640000000000004,"j":false,"c":{"p":[604.1994093807364,1827.1435765358133,3434.3446924941845],"r":[0.9936002604400688,-8.553087331963616e-8,0.1128487553675747,8.894524778809646e-8,1,-2.5206316138800112e-8,-0.1128487553675747,3.4953575979514436e-8,0.9936002604400688]}},{"t":5.680000000000004,"j":false,"c":{"p":[604.1641899372717,1827.4154923296967,3434.054575566768],"r":[0.9950612652436289,-0.00024680475087503976,0.0985935300149649,0.0006177426123353369,0.9999843567750102,-0.004161008083363132,-0.09859032719950361,0.00419936767830357,0.9950459591571087]}},{"t":5.720000000000004,"j":false,"c":{"p":[604.1416015625,1827.7826760572354,3433.8666203795087],"r":[0.9964489729830277,-0.0003481406059083927,0.08357696573318239,0.0008740400558586952,0.9999776855832415,-0.005885616945256247,-0.08357239796878045,0.00593997657646643,0.9964271392317577]}},{"t":5.760000000000004,"j":false,"c":{"p":[604.1416015625,1828.1439213095312,3433.8647590901023],"r":[0.9976914987806231,-0.00005890147549370792,0.06720853820312463,0.0001584680396671534,0.9999952184810925,-0.0010582896145973388,-0.06720756316806094,0.0010685049320028495,0.9976868192469049]}},{"t":5.800000000000004,"j":false,"c":{"p":[604.1416015625,1828.500882602846,3433.8643691401167],"r":[0.9985262099310006,0.000010320443629415714,0.05325892455890285,-0.000018611014890637844,0.9999999675749491,0.00013137641297521527,-0.05325892050577148,-0.00013228611320225807,0.9985261775059496]}},{"t":5.840000000000004,"j":false,"c":{"p":[604.1416015625,1828.8592334555667,3433.864501953125],"r":[0.9991228032083429,-2.7320129405388665e-8,0.0418761533850243,4.114333235849438e-8,1,-3.292350406437029e-7,-0.0418761533850243,3.306691636799747e-7,0.9991228032083429]}},{"t":5.880000000000004,"j":false,"c":{"p":[604.1416015625,1829.2377531544105,3433.8645019