{"v":1,"d":[{"t":0,"j":false,"c":{"p":[-37.24393844604492,406.6781311035156,616.1778564453125],"r":[-0.9859962463378906,-1.0355276458540175e-7,-0.16676762700080872,-9.84063106557187e-8,1,-3.912341384193496e-8,0.16676762700080872,-2.2164551083392325e-8,-0.9859962463378906]}},{"t":0.04,"j":false,"c":{"p":[-37.219514314417864,406.6827120225501,616.3223437876729],"r":[-0.9859962463378906,-3.402434722979521e-8,-0.16676762700080872,-3.252174012767864e-8,1,-1.1741103138004873e-8,0.16676762700080872,-6.153109842707991e-9,-0.9859962463378906]}},{"t":0.08,"j":false,"c":{"p":[-37.16745863549025,406.7198923118687,616.6300992908899],"r":[-0.9859962288149682,2.664458537010339e-8,-0.1667676970924987,2.503397504462069e-8,1,1.1759946200243851e-8,0.1667676970924987,7.420400071261664e-9,-0.9859962288149682]}},{"t":0.12,"j":false,"c":{"p":[-37.08310966933877,406.7951718366898,617.1286680538818],"r":[-0.9859961908128172,7.695934262254344e-8,-0.16676784910110237,7.285566716988021e-8,1,3.072492353682344e-8,0.16676784910110237,1.8144673360539038e-8,-0.9859961908128172]}},{"t":0.16,"j":false,"c":{"p":[-36.99684569534547,406.8787838747832,617.6384942903536],"r":[-0.9859962191482976,1.2635991506284353e-8,-0.166767735759181,1.2141544229689227e-8,1,3.984413443346614e-9,0.166767735759181,1.903790700346145e-9,-0.9859962191482976]}},{"t":0.2,"j":false,"c":{"p":[-36.90883954288087,406.8419282821379,618.1586631384038],"r":[-0.9859962366677613,-4.6558046703571547e-8,-0.166767665681326,-4.378987090019946e-8,1,-2.027610853552398e-8,0.166767665681326,-1.2689431986037055e-8,-0.9859962366677613]}},{"t":0.24000000000000002,"j":false,"c":{"p":[-36.816327852139935,406.4430813836963,618.7056193890533],"r":[-0.9859961981797253,-4.9381098735913165e-8,-0.16676781963346998,-4.6570216605218086e-8,1,-2.076564265923175e-8,0.16676781963346998,-1.2708430291243617e-8,-0.9859961981797253]}},{"t":0.28,"j":false,"c":{"p":[-36.72808441002313,406.0485671142972,619.223903312856],"r":[-0.9849129298078361,1.4372662463889489e-8,-0.172911290052399,1.3225840833249025e-8,1,7.027560175271956e-9,0.172911290052399,4.13599978037977e-9,-0.9849129298078361]}},{"t":0.32,"j":false,"c":{"p":[-36.63767015132669,405.7071698782942,619.7304917054942],"r":[-0.9806639000801529,8.713073368216211e-8,-0.1918431143611618,8.165602891657333e-8,1,3.800361347544041e-8,0.1918431143611618,2.254024667669309e-8,-0.9806639000801529]}},{"t":0.36,"j":false,"c":{"p":[-36.52063968296691,405.7089403474224,620.2400327205938],"r":[-0.9582990097739325,3.156236444122968e-8,-0.27894891794974286,3.061390384842442e-8,1,1.0166787713418929e-8,0.27894891794974286,3.6162583222245716e-9,-0.9582990097739325]}},{"t":0.39999999999999997,"j":false,"c":{"p":[-36.37312303336212,405.72086452785607,620.7240291794525],"r":[-0.9426130810321335,-3.56550367981792e-8,-0.33304498847056596,-2.8194216680301913e-8,1,-2.6290415776007457e-8,0.33304498847056596,-1.4071266859755762e-8,-0.9426130810321335]}},{"t":0.43999999999999995,"j":false,"c":{"p":[-36.202320431615725,405.7399604659201,621.1908589415176],"r":[-0.9322422545068698,-1.0369840664319613e-7,-0.36183268121514056,-8.626084467000005e-8,1,-6.436813703456643e-8,0.36183268121514056,-2.8821184499778066e-8,-0.9322422545068698]}},{"t":0.4799999999999999,"j":false,"c":{"p":[-36.01053788231452,405.75480589736156,621.6852416986486],"r":[-0.9305787597746161,-2.439046760197759e-8,-0.3660773716304499,-2.1222225598251614e-8,1,-1.283185215748837e-8,0.3660773716304499,-4.35510961032914e-9,-0.9305787597746161]}},{"t":0.5199999999999999,"j":false,"c":{"p":[-35.8185395224161,405.7685110035957,622.171729345233],"r":[-0.9289235346481169,3.187991970933827e-8,-0.37025701984818793,2.503860952770896e-8,1,2.3222111580605636e-8,0.37025701984818793,1.2216523207791522e-8,-0.9289235346481169]}},{"t":0.5599999999999999,"j":false,"c":{"p":[-35.626340269312244,405.7811546068772,622.6508676119189],"r":[-0.9272760075106381,6.67051709969574e-8,-0.3743761217548183,5.3819630146370294e-8,1,4.486393262746451e-8,0.3743761217548183,2.1439398395947476e-8,-0.9272760075106381]}},{"t":0.6,"j":false,"c":{"p":[-35.43095815552373,405.79320116629776,623.134774600126],"r":[-0.9271840453147888,2.377021003217447e-10,-0.37460604310035706,1.0318688021617308e-9,1,-1.919425897237191e-9,0.37460604310035706,-2.1662065312577713e-9,-0.9271840453147888]}},{"t":0.64,"j":false,"c":{"p":[-35.2344462851425,405.8066961088347,623.6179918677577],"r":[-0.9262523516730762,-5.66800859053961e-8,-0.37684431521690415,-4.4254989327975394e-8,1,-4.168105252661858e-8,0.37684431521690415,-2.1975758725121517e-8,-0.9262523516730762]}},{"t":0.68,"j":false,"c":{"p":[-35.03367106591536,405.8269088707344,624.0968097385368],"r":[-0.9211021252941097,-4.3245090617889554e-8,-0.38921706048621313,-3.3745167730243726e-8,1,-3.133382387692766e-8,0.38921706048621313,-1.58101043866233e-8,-0.9211021252941097]}},{"t":0.7200000000000001,"j":false,"c":{"p":[-34.82881463105883,405.8583801291946,624.5688725304811],"r":[-0.9141989403574116,1.0175153045962194e-8,-0.40492586355137133,7.007228732976246e-9,1,8.31989883906179e-9,0.40492586355137133,3.667881606090738e-9,-0.9141989403574116]}},{"t":0.7600000000000001,"j":false,"c":{"p":[-34.62143809339309,405.8968033773035,625.0367641404313],"r":[-0.9062133240603168,8.828581885636e-8,-0.42269464319863137,6.64340606579794e-8,1,6.607003809651318e-8,0.42269464319863137,3.136607634188373e-8,-0.9062133240603168]}},{"t":0.8000000000000002,"j":false,"c":{"p":[-34.39143441230287,405.94705792583534,625.5150518856235],"r":[-0.8981341484045472,3.697228235108077e-8,-0.43950174094710875,2.8555748440148482e-8,1,2.6445314148202725e-8,0.43950174094710875,1.2024759996175613e-8,-0.8981341484045472]}},{"t":0.8400000000000002,"j":false,"c":{"p":[-34.15644914684376,405.99993361236136,625.9856872804397],"r":[-0.8897455924115416,-2.5652476063201247e-8,-0.4562644426967554,-1.7781492328419102e-8,1,-2.1364130821736692e-8,0.4562644426967554,-1.064325295420489e-8,-0.8897455924115416]}},{"t":0.8800000000000002,"j":false,"c":{"p":[-33.920965885165906,406.0531052750985,626.4349328836995],"r":[-0.8807269751970572,-5.375910655370908e-8,-0.47336985879381066,-3.806863517643722e-8,1,-4.249532590841769e-8,0.47336985879381066,-1.905979427197491e-8,-0.8807269751970572]}},{"t":0.9200000000000003,"j":false,"c":{"p":[-33.679287807133164,406.1071035925148,626.8834201057075],"r":[-0.8723756936752666,-2.3656641606709357e-8,-0.4886734602783797,-1.7532632171318896e-8,1,-1.7742910889361956e-8,0.4886734602783797,-7.786026691350147e-9,-0.8723756936752666]}},{"t":0.9600000000000003,"j":false,"c":{"p":[-33.43165640968065,406.1618963385425,627.3311785109797],"r":[-0.864665732623887,6.238571218021743e-8,-0.5022454885719371,4.22350789363977e-8,1,5.1104400805163726e-8,0.5022454885719371,2.2410448461367998e-8,-0.864665732623887]}},{"t":1.0000000000000002,"j":false,"c":{"p":[-33.163897316310695,406.21186887665203,627.7707209759642],"r":[-0.8473444483344659,4.9095596037726446e-8,-0.5299365818357613,3.47114284931701e-8,1,3.824683634960067e-8,0.5299365818357613,1.5574006656379598e-8,-0.8473444483344659]}},{"t":1.0400000000000003,"j":false,"c":{"p":[-32.8883484673259,406.2599759135214,628.2070837343767],"r":[-0.826303420887825,-2.6378505555856377e-9,-0.5630919898467601,1.1448934782934825e-9,1,-6.231884365473159e-9,0.5630919898467601,-5.594794599396048e-9,-0.826303420887825]}},{"t":1.0800000000000003,"j":false,"c":{"p":[-32.58604466592313,406.2899443039174,628.6335996121372],"r":[-0.7996766996569706,-4.069616941525688e-8,-0.5989690524304586,-2.1939082543507073e-8,1,-3.791778911718711e-8,0.5989690524304586,-1.5759295449799807e-8,-0.7996766996569706]}},{"t":1.1200000000000003,"j":false,"c":{"p":[-32.278193722304515,406.3174193984436,629.0579857773528],"r":[-0.772845779534542,-6.725814622711244e-8,-0.6344264980859856,-3.8438854360128754e-8,1,-5.9445101129331796e-8,0.6344264980859856,-2.2060557787650057e-8,-0.772845779534542]}},{"t":1.1600000000000004,"j":false,"c":{"p":[-31.926607791386235,406.329298084206,629.4652983300065],"r":[-0.747461571710195,2.457341765302591e-8,-0.6634227530880917,1.1106978964569397e-8,1,2.3173473833228005e-8,0.6634227530880917,7.165301818224316e-9,-0.747461571710195]}},{"t":1.2000000000000004,"j":false,"c":{"p":[-31.57772850346832,406.3375937178166,629.8608637371668],"r":[-0.7289692759513855,7.69260727507109e-8,-0.6845464110374451,3.969869876243083e-8,1,7.01003418366592e-8,0.6845464110374451,2.3925394123691848e-8,-0.7289692759513855]}},{"t":1.2400000000000004,"j":false,"c":{"p":[-31.236111647572223,406.33627534888615,630.224909344492],"r":[-0.7289692759513855,2.3349393507239224e-8,-0.6845464110374451,1.2066592571632262e-8,1,2.1259649988980254e-8,0.6845464110374451,7.237489184343093e-9,-0.7289692759513855]}},{"t":1.2800000000000005,"j":false,"c":{"p":[-30.880846416059537,406.33137072113686,630.6033956744695],"r":[-0.7289692759513855,-2.7721116303969924e-8,-0.6845464110374451,-1.42785830638274e-8,1,-2.5290422399746276e-8,0.6845464110374451,-8.661588497423908e-9,-0.7289692759513855]}},{"t":1.3200000000000005,"j":false,"c":{"p":[-30.51373789406803,406.3233541402791,630.9944128489886],"r":[-0.7289692759513855,-7.661691365054294e-8,-0.6845464110374451,-3.9507032956889806e-8,1,-6.985282443187413e-8,0.6845464110374451,-2.3876166381442158e-8,-0.7289692759513855]}},{"t":1.3600000000000005,"j":false,"c":{"p":[-30.164397093060074,406.3124292899284,631.3665506033001],"r":[-0.7289693611879579,-1.644692019782198e-8,-0.6845463258008727,-8.491322403631578e-9,1,-1.4983651707492715e-8,0.6845463258008727,-5.109911526081535e-9,-0.7289693611879579]}},{"t":1.4000000000000006,"j":false,"c":{"p":[-29.817431250339204,406.2998593617931,631.7359141965252],"r":[-0.7278464713361658,5.7093878624636316e-8,-0.6857091160247532,2.948062844964231e-8,1,5.199971340068314e-8,0.6857091160247532,1.76925552472303e-8,-0.7278464713361658]}},{"t":1.4400000000000006,"j":false,"c":{"p":[-29.45659995665969,406.2784213803185,632.1177891348249],"r":[-0.7167681043754939,3.481632129187139e-8,-0.6971811049680706,1.8581179194881933e-8,1,3.0959277244324846e-8,0.6971811049680706,9.492389312687106e-9,-0.7167681043754939]}},{"t":1.4800000000000006,"j":false,"c":{"p":[-29.08866855979858,406.2501327150964,632.4983493671599],"r":[-0.7076543971944083,3.4389165805243684e-10,-0.7065371639003801,1.7957177202916712e-9,1,-1.2137557610462403e-9,0.7065371639003801,-1.902769707066521e-9,-0.7076543971944083]}},{"t":1.5200000000000007,"j":false,"c":{"p":[-28.707575984517803,406.20914521032347,632.876472581422],"r":[-0.7021825015802461,-5.673368695096799e-8,-0.7119710076639584,-2.5900410124098194e-8,1,-5.402284005422306e-8,0.7119710076639584,-1.9220360129375956e-8,-0.7021825015802461]}},{"t":1.5600000000000007,"j":true,"c":{"p":[-28.434800958002036,406.1770895152354,633.1458578946744],"r":[-0.6996635794639587,-6.259619830475495e-8,-0.7144724130630493,-2.9363903678740097e-8,1,-5.885649724963281e-8,0.7144724130630493,-2.0200049758602173e-8,-0.6996635794639587]}},{"t":1.6000000000000008,"j":true,"c":{"p":[-28.081104347612822,407.8109611462555,633.4923012812363],"r":[-0.6996635794639587,1.1292478821895411e-8,-0.7144724130630493,4.249713890949428e-9,1,1.1643709115119098e-8,0.7144724130630493,5.1103763322304845e-9,-0.6996635794639587]}},{"t":1.6400000000000008,"j":true,"c":{"p":[-27.698242470445503,409.3707410259909,633.8672769406527],"r":[-0.6996635794639587,9.094687001803458e-8,-0.7144724130630493,4.0486302003128026e-8,1,8.764520072010899e-8,0.7144724130630493,3.239581142233315e-8,-0.6996635794639587]}},{"t":1.6800000000000008,"j":false,"c":{"p":[-27.250685863767742,410.76859249486193,634.3056133077251],"r":[-0.6996635794639587,1.1584271148862865e-7,-0.7144724130630493,5.213108965948636e-8,1,1.1108684173539915e-7,0.7144724130630493,4.047719431051928e-8,-0.6996635794639587]}},{"t":1.7200000000000009,"j":false,"c":{"p":[-26.88816927789562,411.4499508942103,634.6606615873925],"r":[-0.6996635794639587,3.7462070159203996e-8,-0.7144724130630493,1.719373803338283e-8,1,3.55958274221169e-8,0.7144724130630493,1.262065301887243e-8,-0.6996635794639587]}},{"t":1.760000000000001,"j":false,"c":{"p":[-26.52139298625848,412.0304633057645,635.0177738261191],"r":[-0.6951486494724987,-3.8141437392307155e-8,-0.7186895076099769,-1.3335444212978983e-8,1,-3.9697940772114766e-8,0.7186895076099769,-1.7490780392851416e-8,-0.6951486494724987]}},{"t":1.800000000000001,"j":false,"c":{"p":[-26.137632072580523,412.2088749428745,635.3831156390141],"r":[-0.6726314480388516,-1.0267174642339163e-7,-0.7397213215157324,-2.6288039028893074e-8,1,-1.1420523427398513e-7,0.7397213215157324,-5.659309076064248e-8,-0.6726314480388516]}},{"t":1.840000000000001,"j":false,"c":{"p":[-25.72590349890874,412.01785688221975,635.7203283171889],"r":[-0.6142866303883299,-3.6248127792800834e-8,-0.7846600262146513,3.1095360047795565e-8,1,-6.944170541987641e-8,0.7846600262146513,-7.722049027240626e-8,-0.6142866303883299]}},{"t":1.880000000000001,"j":false,"c":{"p":[-25.300224919764627,411.64257076672607,636.043510447818],"r":[-0.5380713351077134,9.549407694424777e-8,-0.8415232629432262,1.235616906217867e-7,1,3.4812986617778673e-8,0.8415232629432262,-8.863277820174962e-8,-0.5380713351077134]}},{"t":1.920000000000001,"j":false,"c":{"p":[-24.852048187444883,410.826991342737,636.2834542474628],"r":[-0.4549750646506392,9.616213403655923e-8,-0.8867998235143608,1.394176891667652e-7,1,3.760225400593774e-8,0.8867998235143608,-1.0562108186932934e-7,-0.4549750646506392]}},{"t":1.960000000000001,"j":false,"c":{"p":[-24.42781099682023,410.03770730647284,636.501414803695],"r":[-0.37340816550769595,-0.0005303643598198095,-0.9270728889528992,-0.00033066179329756875,0.9999976305510399,-0.00046084566462018184,0.9270741972127524,0.00020103866218024476,-0.373410138023326]}},{"t":2.000000000000001,"j":false,"c":{"p":[-24.185560717599138,409.93859790036396,636.6748329554941],"r":[-0.3098896003399208,-0.0045050753207745275,-0.9485264168507285,-0.002809443029593485,0.999979875731441,-0.003914247143548115,0.9485375281990097,0.0017083753809675364,-0.3099063533634904]}},{"t":2.040000000000001,"j":false,"c":{"p":[-23.98646800249714,409.9264451380905,636.823953869969],"r":[-0.2454029280238409,-0.006940062218085679,-0.9687655409143741,-0.0043884563584934266,0.9999687956318443,-0.006018881682489981,0.9687827595638818,0.002688644752976954,-0.24542887352905265]}},{"t":2.080000000000001,"j":false,"c":{"p":[-23.998756042423466,410.3401959550355,636.8540697276127],"r":[-0.17617457892099492,-0.0018336588226061188,-0.98305665552432,-0.001560510594642958,0.9999904075384451,-0.001517411823493047,0.9830618799370029,0.0010873992506707075,-0.1761823474016686]}},{"t":2.120000000000001,"j":false,"c":{"p":[-24.004104378419942,410.72164684530105,636.8671226914379],"r":[-0.1460431029453462,0.00025098558316473364,-0.9892781807992115,-0.00021044662395873736,0.9999998844756771,0.0002847671696035947,0.9892781807992115,0.0002497726549139577,-0.14604300667507716]}},{"t":2.160000000000001,"j":false,"c":{"p":[-24.00409720200344,411.0781712170843,636.8670078687738],"r":[-0.1460834889767505,0.0000036763577731954928,-0.9892722378292963,-8.944630317327291e-7,0.999999996607185,0.0000038478223834089494,0.9892722378292963,0.0000014464924535144896,-0.14608348614940467]}},{"t":2.200000000000001,"j":false,"c":{"p":[-24.004098145836195,411.4580924008269,636.8670043945312],"r":[-0.1460847109556198,-0.0000015381356162932989,-0.9892720580101013,0.000002166316583980303,1,-0.0000018747131355911904,0.9892720580101013,-0.000002416943408957195,-0.1460847109556198]}},{"t":2.240000000000001,"j":false,"c":{"p":[-24.004098892211914,411.83478875941927,636.8670043945312],"r":[-0.14449644643373508,-4.5152215887253233e-8,-0.9895009349607283,5.723069346434898e-8,1,-5.401905550210331e-8,0.9895009349607283,-6.462203819650464e-8,-0.14449644643373508]}},{"t":2.280000000000001,"j":false,"c":{"p":[-24.004098892211914,412.20493751794584,636.8670043945312],"r":[-0.14027866562427624,4.678341070260304e-8,-0.9901087385077951,5.5685871177407466e-8,1,3.9338174663108584e-8,0.9901087385077951,-4.97583387522937e-8,-0.14027866562427624]}},{"t":2.320000000000001,"j":false,"c":{"p":[-24.004098892211914,412.56903363144784,636.8670043945312],"r":[-0.13917437195777893,5.020448309389412e-8,-0.9902678728103638,1.809236665805638e-8,1,4.815514042751833e-8,0.9902678728103638,-1.1214328062395639e-8,-0.13917437195777893]}},{"t":2.360000000000001,"j":false,"c":{"p":[-24.004098892211914,412.9293226236195,636.8670043945312],"r":[-0.13917437195777893,1.8499102361509204e-8,-0.9902678728103638,-2.9554349726512034e-8,1,2.283453927087548e-8,0.9902678728103638,3.244470611294356e-8,-0.13917437195777893]}},{"t":2.4000000000000012,"j":false,"c":{"p":[-24.004098892211914,413.2813535656843,636.8670043945312],"r":[-0.13917437195777893,-3.1768146097541234e-8,-0.9902678728103638,-6.361031850521295e-8,1,-2.3140424861284214e-8,0.9902678728103638,5.977069746339788e-8,-0.13917437195777893]}},{"t":2.4400000000000013,"j":false,"c":{"p":[-24.004098892211914,413.65088716301494,636.8670043945312],"r":[-0.13917437195777893,-3.530446211155532e-8,-0.9902678728103638,-2.9469356892411353e-8,1,-3.1509739119082114e-8,0.9902678728103638,2.479720452210492e-8,-0.13917437195777893]}},{"t":2.4800000000000013,"j":false,"c":{"p":[-24.004098892211914,414.0346047621551,636.8670043945312],"r":[-0.13917437195777893,-9.70431010172432e-10,-0.9902678728103638,5.993781258320997e-8,1,-9.403757042547293e-9,0.9902678728103638,-6.066325651069016e-8,-0.13917437195777893]}},{"t":2.5200000000000014,"j":false,"c":{"p":[-24.004098892211914,414.3761906908736,636.8670043945312],"r":[-0.13917437195777893,9.21890887542299e-9,-0.9902678728103638,4.675214648666411e-8,1,2.738863257334871e-9,0.9902678728103638,-4.59159706757886e-8,-0.13917437195777893]}},{"t":2.5600000000000014,"j":false,"c":{"p":[-24.004098892211914,414.7283091935399,636.8670043945312],"r":[-0.13794645899195657,1.4429985431213655e-8,-0.9904360827475024,8.768084878016952e-9,1,1.3193022093999307e-8,0.9904360827475024,-6.855853453170162e-9,-0.13794645899195657]}},{"t":2.6000000000000014,"j":false,"c":{"p":[-24.004098892211914,415.1076429783622,636.8670043945312],"r":[-0.13387441785266055,9.7260090063261e-9,-0.9909939054948242,-7.97893043833327e-8,1,2.0403058504312173e-8,0.9909939054948242,8.181252209420378e-8,-0.13387441785266055]}},{"t":2.6400000000000015,"j":false,"c":{"p":[-24.004098892211914,415.4554469128007,636.8670043945312],"r":[-0.13225747644901276,1.4079614992017354e-9,-0.9912154078483582,-6.915290188233905e-8,1,1.0647484367868144e-8,0.9912154078483582,6.99536339985962e-8,-0.13225747644901276]}},{"t":2.6800000000000015,"j":false,"c":{"p":[-24.004098892211914,415.78248512444765,636.8670043945312],"r":[-0.13225747644901276,-9.290331944062532e-9,-0.9912154078483582,6.8130457106386205e-9,1,-1.0281728758835322e-8,0.9912154078483582,-8.113030677149046e-9,-0.13225747644901276]}},{"t":2.7200000000000015,"j":false,"c":{"p":[-24.004098892211914,416.18394859099953,636.8670043945312],"r":[-0.13225747644901276,-1.0840550526429808e-8,-0.9912154078483582,4.171544217168351e-8,1,-1.650269988123823e-8,0.9912154078483582,-4.35315959894679e-8,-0.13225747644901276]}},{"t":2.7600000000000016,"j":false,"c":{"p":[-24.004098892211914,416.57815828310413,636.8670043945312],"r":[-0.13225747644901276,-4.621054150081784e-9,-0.9912154078483582,3.700653433529423e-8,1,-9.599776360265874e-9,0.9912154078483582,-3.7951091729197885e-8,-0.13225747644901276]}},{"t":2.8000000000000016,"j":false,"c":{"p":[-24.004098892211914,416.92920588042045,636.8670043945312],"r":[-0.13225747644901276,1.6048715033284724e-8,-0.9912154078483582,-4.3366035224104735e-8,1,2.1977258164050815e-8,0.9912154078483582,4.589173839927164e-8,-0.13225747644901276]}},{"t":2.8400000000000016,"j":false,"c":{"p":[-24.004098892211914,417.290266140053,636.8670043945312],"r":[-0.13225747644901276,1.4251440552489743e-8,-0.9912154078483582,-4.758163493981876e-8,1,2.072654164457782e-8,0.9912154078483582,4.990489029158e-8,-0.13225747644901276]}},{"t":2.8800000000000017,"j":false,"c":{"p":[-24.004098892211914,417.6545476590033,636.8670043945312],"r":[-0.13225747644901276,6.407508808805475e-10,-0.9912154078483582,-1.1691897270835921e-8,1,2.2064747255279823e-9,0.9912154078483582,1.1881012491520967e-8,-0.13225747644901276]}},{"t":2.9200000000000017,"j":false,"c":{"p":[-24.004098892211914,418.0096386229193,636.8670043945312],"r":[-0.13225747644901276,-2.292752840971256e-8,-0.9912154078483582,5.835926457530609e-8,1,-3.0917576563506035e-8,0.9912154078483582,-6.19356832115694e-8,-0.13225747644901276]}},{"t":2.9600000000000017,"j":false,"c":{"p":[-24.004098892211914,418.36706861737684,636.8670043945312],"r":[-0.13225747644901276,-2.1206009881142505e-8,-0.9912154078483582,5.846003403317376e-8,1,-2.9194246678413158e-8,0.9912154078483582,-6.180764462214281e-8,-0.13225747644901276]}},{"t":3.0000000000000018,"j":false,"c":{"p":[-24.004098892211914,418.72657888030136,636.8670043945312],"r":[-0.13225747644901276,3.0075488333774504e-9,-0.9912154078483582,-3.651122751716174e-9,1,3.5213712173677966e-9,0.9912154078483582,4.0847763929283615e-9,-0.13225747644901276]}},{"t":3.040000000000002,"j":false,"c":{"p":[-24.004098892211914,419.1027437853994,636.8670043945312],"r":[-0.13225747644901276,1.4887740150267297e-8,-0.9912154078483582,-3.6162060842066604e-8,1,1.984477256523741e-8,0.9912154078483582,3.846900891280777e-8,-0.13225747644901276]}},{"t":3.080000000000002,"j":false,"c":{"p":[-24.004098892211914,419.47986554514904,636.8670043945312],"r":[-0.13225747644901276,1.52569941528994e-8,-0.9912154078483582,-3.989117371101367e-8,1,2.0714873196557416e-8,0.9912154078483582,4.228043877671048e-8,-0.13225747644901276]}},{"t":3.120000000000002,"j":false,"c":{"p":[-24.004098892211914,419.8502797756298,636.8670043945312],"r":[-0.13225747644901276,-1.2971634155186959e-8,-0.9912154078483582,2.86051543864006e-8,1,-1.690337020844597e-8,0.9912154078483582,-3.058946948012672e-8,-0.13225747644901276]}},{"t":3.160000000000002,"j":false,"c":{"p":[-24.004098892211914,420.21484743726273,636.8670043945312],"r":[-0.13225747644901276,-2.0469293310885213e-8,-0.9912154078483582,4.7870862930464774e-8,1,-2.7038093295334783e-8,0.9912154078483582,-5.102632793219019e-8,-0.13225747644901276]}},{"t":3.200000000000002,"j":false,"c":{"p":[-24.004098892211914,420.5753309543107,636.8670043945312],"r":[-0.13225747644901276,-1.3761790074734879e-8,-0.9912154078483582,3.339533134954201e-8,1,-1.8339679897675622e-8,0.9912154078483582,-3.5527526090021676e-8,-0.13225747644901276]}},{"t":3.240000000000002,"j":false,"c":{"p":[-24.004098892211914,420.9266420051207,636.8670043945312],"r":[-0.13225747644901276,1.6636217024451536e-8,-0.9912154078483582,-3.7584953293447646e-8,1,2.1798600039014325e-8,0.9912154078483582,4.0137815542565355e-8,-0.13225747644901276]}},{"t":3.280000000000002,"j":false,"c":{"p":[-24.004098892211914,421.28047202342043,636.8670043945312],"r":[-0.13225747644901276,3.4975006989501595e-8,-0.9912154078483582,-8.0721880044094e-8,1,4.605566019584683e-8,0.9912154078483582,8.610398079894058e-8,-0.13225747644901276]}},{"t":3.320000000000002,"j":false,"c":{"p":[-24.004098892211914,421.6446198118621,636.8670043945312],"r":[-0.13225747644901276,3.918863915414079e-9,-0.9912154078483582,-9.81153628131017e-9,1,5.26274414938861e-9,0.9912154078483582,1.0421384605629882e-8,-0.13225747644901276]}},{"t":3.360000000000002,"j":false,"c":{"p":[-24.004098892211914,422.0116660064322,636.8670043945312],"r":[-0.13225747644901276,-1.874502608826483e-8,-0.9912154078483582,4.206646573549665e-8,1,-2.4524065444839346e-8,0.9912154078483582,-4.4940417677752805e-8,-0.13225747644901276]}},{"t":3.400000000000002,"j":false,"c":{"p":[-24.004098892211914,422.37880812101747,636.8670043945312],"r":[-0.13225747644901276,-3.171779181590236e-8,-0.9912154078483582,7.196269704244173e-8,1,-4.16008447027469e-8,0.9912154078483582,-7.683255202437839e-8,-0.13225747644901276]}},{"t":3.440000000000002,"j":false,"c":{"p":[-24.004098892211914,422.7306274194119,636.8670043945312],"r":[-0.13225747644901276,2.782339545946818e-9,-0.9912154078483582,-5.839276275402055e-9,1,3.586130091031999e-9,0.9912154078483582,6.262275320582805e-9,-0.13225747644901276]}},{"t":3.480000000000002,"j":false,"c":{"p":[-24.004098892211914,423.0959279708092,636.8670043945312],"r":[-0.13225747644901276,1.6949890681708363e-8,-0.9912154078483582,-3.795726784263927e-8,1,2.2164731796679337e-8,0.9912154078483582,4.055528094576096e-8,-0.13225747644901276]}},{"t":3.5200000000000022,"j":false,"c":{"p":[-24.004098892211914,423.47601211464405,636.8670043945312],"r":[-0.13225747644901276,8.820658335871856e-9,-0.9912154078483582,-1.9978034249853103e-8,1,1.1564492108530376e-8,0.9912154078483582,2.13320264458499e-8,-0.13225747644901276]}},{"t":3.5600000000000023,"j":false,"c":{"p":[-24.004098892211914,423.84560902169943,636.8670043945312],"r":[-0.13225747644901276,-1.3853473760955097e-8,-0.9912154078483582,3.069694995170594e-8,1,-1.8072130492717917e-8,0.9912154078483582,-3.281746348416864e-8,-0.13225747644901276]}},{"t":3.6000000000000023,"j":false,"c":{"p":[-24.004098892211914,424.2086029658428,636.8670043945312],"r":[-0.13225747644901276,-3.6493501040909903e-8,-0.9912154078483582,8.139970781736055e-8,1,-4.7678051602237366e-8,0.9912154078483582,-8.699042255300077e-8,-0.13225747644901276]}},{"t":3.6400000000000023,"j":false,"c":{"p":[-24.004098892211914,424.55939540201956,636.8670043945312],"r":[-0.13225747644901276,-1.0551456798729864e-8,-0.9912154078483582,2.3638191249904254e-8,1,-1.3799002487331285e-8,0.9912154078483582,-2.5255560368676096e-8,-0.13225747644901276]}},{"t":3.6800000000000024,"j":false,"c":{"p":[-24.004098892211914,424.91926142594224,636.8670043945312],"r":[-0.13225747644901276,1.3490516423810613e-8,-0.9912154078483582,-2.9934660472217606e-8,1,1.7604245989628756e-8,0.9912154078483582,3.1999988071704474e-8,-0.13225747644901276]}},{"t":3.7200000000000024,"j":false,"c":{"p":[-24.004098892211914,425.28446191165017,636.8670043945312],"r":[-0.13225747644901276,3.335518105936906e-8,-0.9912154078483582,-7.423599343301214e-8,1,4.3556070470339984e-8,0.9912154078483582,7.934447203557921e-8,-0.13225747644901276]}},{"t":3.7600000000000025,"j":false,"c":{"p":[-24.004098892211914,425.64187600128696,636.8670043945312],"r":[-0.13225747644901276,2.7920857627511375e-9,-0.9912154078483582,-6.303261376722291e-9,1,3.6578723138663225e-9,0.9912154078483582,6.73166859681969e-9,-0.13225747644901276]}},{"t":3.8000000000000025,"j":false,"c":{"p":[-24.004098892211914,426.011484769272,636.8670043945312],"r":[-0.13225747644901276,-1.4295982368744496e-8,-0.9912154078483582,3.1703172694891435e-8,1,-1.8652821948502297e-8,0.9912154078483582,-3.3891648990818627e-8,-0.13225747644901276]}},{"t":3.8400000000000025,"j":false,"c":{"p":[-24.004098892211914,426.3951346861487,636.8670043945312],"r":[-0.13225747644901276,-1.586868737692554e-8,-0.9912154078483582,3.5251985681289784e-8,1,-2.071298120222606e-8,0.9912154078483582,-3.768175778219286e-8,-0.13225747644901276]}},{"t":3.8800000000000026,"j":false,"c":{"p":[-24.004098892211914,426.76229750328724,636.8670043945312],"r":[-0.13225747644901276,7.62130634451307e-9,-0.9912154078483582,-1.6865967068147195e-8,1,9.939268504846096e-9,0.9912154078483582,1.8032348251169883e-8,-0.13225747644901276]}},{"t":3.9200000000000026,"j":false,"c":{"p":[-24.004098892211914,427.1222208847217,636.8670043945312],"r":[-0.13225747644901276,3.632668685833991e-8,-0.9912154078483582,-8.058300914080093e-8,1,4.7400787703309876e-8,0.9912154078483582,8.614422667479821e-8,-0.13225747644901276]}},{"t":3.9600000000000026,"j":false,"c":{"p":[-24.004098892211914,427.4845992663857,636.8670043945312],"r":[-0.13225747644901276,1.2264046470587393e-8,-0.9912154078483582,-2.7225665057748652e-8,1,1.6005445129858505e-8,0.9912154078483582,2.9103337690786322e-8,-0.13225747644901276]}},{"t":4.000000000000003,"j":false,"c":{"p":[-24.004098892211914,427.84428250955784,636.8670043945312],"r":[-0.13225747644901276,-1.182033312560956e-8,-0.9912154078483582,2.6186788411155973e-8,1,-1.5419181974324396e-8,0.9912154078483582,-2.799605023442092e-8,-0.13225747644901276]}},{"t":4.040000000000003,"j":false,"c":{"p":[-24.004098892211914,428.2016390208721,636.8670043945312],"r":[-0.13225747644901276,-3.592348033208057e-8,-0.9912154078483582,7.964681819723715e-8,1,-4.6869090618138e-8,0.9912154078483582,-8.51459407035734e-8,-0.13225747644901276]}},{"t":4.080000000000003,"j":false,"c":{"p":[-24.004098892211914,428.5725704314129,636.8670043945312],"r":[-0.13225747644901276,-6.543638896264301e-9,-0.9912154078483582,1.4523527792115615e-8,1,-8.539499177528522e-9,0.9912154078483582,-1.5525356407021535e-8,-0.13225747644901276]}},{"t":4.120000000000003,"j":false,"c":{"p":[-24.004098892211914,428.94539836638756,636.8670043945312],"r":[-0.13225747644901276,1.7397481192132415e-8,-0.9912154078483582,-3.854850791252677e-8,1,2.269517708632821e-8,0.9912154078483582,4.1211482467630306e-8,-0.13225747644901276]}},{"t":4.160000000000003,"j":false,"c":{"p":[-24.004098892211914,429.3206648103783,636.8670043945312],"r":[-0.13225747644901276,2.2767793300335826e-8,-0.9912154078483582,-5.046156480822552e-8,1,2.9702638358651605e-8,0.9912154078483582,5.394667595259706e-8,-0.13225747644901276]}},{"t":4.200000000000003,"j":false,"c":{"p":[-24.004098892211914,429.68460612929084,636.8670043945312],"r":[-0.13225747644901276,-3.450401949018788e-9,-0.9912154078483582,7.63634560700444e-9,1,-4.4998960968946735e-9,0.9912154078483582,-8.164408031448537e-9,-0.13225747644901276]}},{"t":4.240000000000003,"j":false,"c":{"p":[-24.004098892211914,430.0454849030041,636.8670043945312],"r":[-0.13225747644901276,-3.6782576239817086e-8,-0.9912154078483582,8.150166903395127e-8,1,-4.79832968166001e-8,0.9912154078483582,-8.713185819716569e-8,-0.13225747644901276]}},{"t":4.280000000000003,"j":false,"c":{"p":[-24.004098892211914,430.39189067294717,636.8670043945312],"r":[-0.13225747644901276,-1.50971626425873e-8,-0.9912154078483582,3.34555494816418e-8,1,-1.969492170213558e-8,0.9912154078483582,-3.5766456122547023e-8,-0.13225747644901276]}},{"t":4.320000000000003,"j":false,"c":{"p":[-24.004098892211914,430.74999251703076,636.8670043945312],"r":[-0.13225747644901276,9.014202804591632e-9,-0.9912154078483582,-1.9966480403345617e-8,1,1.175821079629952e-8,0.9912154078483582,2.1346194424483183e-8,-0.13225747644901276]}},{"t":4.360000000000003,"j":false,"c":{"p":[-24.004098892211914,431.1277138876456,636.8670043945312],"r":[-0.13225747644901276,3.719497018204876e-8,-0.9912154078483582,-8.240630669895044e-8,1,4.852005121796154e-8,0.9912154078483582,8.80995408608033e-8,-0.13225747644901276]}},{"t":4.400000000000003,"j":false,"c":{"p":[-24.004098892211914,431.48878116527516,636.8670043945312],"r":[-0.13225747644901276,1.2325778107251457e-8,-0.9912154078483582,-2.731060579185024e-8,1,1.607905848456401e-8,0.9912154078483582,2.9197269542641377e-8,-0.13225747644901276]}},{"t":4.440000000000003,"j":false,"c":{"p":[-24.004098892211914,431.8527557204919,636.8670043945312],"r":[-0.13225747644901276,-1.3631059811791692e-8,-0.9912154078483582,3.0196036838660555e-8,1,-1.7780909952774505e-8,0.9912154078483582,-3.2282434899927895e-8,-0.13225747644901276]}},{"t":4.480000000000003,"j":false,"c":{"p":[-24.004098892211914,432.23052374571,636.8670043945312],"r":[-0.13225747644901276,-2.1921815359196014e-8,-0.9912154078483582,4.856539183283187e-8,1,-2.859615671362833e-8,0.9912154078483582,-5.192082102835188e-8,-0.13225747644901276]}},{"t":4.520000000000003,"j":false,"c":{"p":[-24.004098892211914,432.591145816652,636.8670043945312],"r":[-0.1293509171127175,-2.1656480910985536e-9,-0.9915929033989843,4.7646181005156005e-9,1,-3.0222599094885332e-9,0.9915929033989843,-5.206286416554312e-9,-0.1293509171127175]}},{"t":4.560000000000003,"j":false,"c":{"p":[-24.004098892211914,432.94436517966864,636.8670043945312],"r":[-0.1253345012664795,2.8086367813363893e-8,-0.9921145439147949,-6.230440918043037e-8,1,3.618055839985494e-8,0.9921145439147949,6.634778745460375e-8,-0.1253345012664795]}},{"t":4.600000000000003,"j":false,"c":{"p":[-24.004098892211914,433.30879400216423,636.8670043945312],"r":[-0.1253345012664795,1.6463290719378292e-8,-0.9921145439147949,-3.658996935679322e-8,1,2.1216577658761427e-8,0.9921145439147949,3.896061116005759e-8,-0.1253345012664795]}},{"t":4.640000000000003,"j":false,"c":{"p":[-24.004098892211914,433.669262770264,636.8670043945312],"r":[-0.1253345012664795,-6.271348021405196e-9,-0.9921145439147949,1.3808285758437624e-8,1,-8.065604357470274e-9,0.9921145439147949,-1.4710300497466977e-8,-0.1253345012664795]}},{"t":4.680000000000003,"j":false,"c":{"p":[-24.004098892211914,434.02583512164176,636.8670043945312],"r":[-0.1253345012664795,-3.993898673664822e-8,-0.9921145439147949,8.84936897489418e-8,1,-5.143589560185029e-8,0.9921145439147949,-9.424257054784673e-8,-0.1253345012664795]}},{"t":4.720000000000003,"j":false,"c":{"p":[-23.995787840060274,434.38741298680793,636.8679990626247],"r":[-0.12144054617021438,-1.5038488146352403e-8,-0.9925926518204425,3.295906075740064e-8,1,-1.9387132866604043e-8,0.9925926518204425,-3.5155274545618855e-8,-0.12144054617021438]}},{"t":4.760000000000003,"j":false,"c":{"p":[-23.980813169056376,434.7435997157881,636.8697832323905],"r":[-0.11718593609560576,1.059342147636853e-8,-0.9931064196485,-2.40115625288695e-8,1,1.3448674549886267e-8,0.9931064196485,2.5400186172842012e-8,-0.11718593609560576]}},{"t":4.800000000000003,"j":false,"c":{"p":[-23.951614019108604,435.08543712528996,636.8732502928667],"r":[-0.11299570089047663,2.3821097143190678e-8,-0.9935912735907974,-5.2939168559429086e-8,1,2.993414751162644e-8,0.9935912735907974,5.595646770646821e-8,-0.11299570089047663]}},{"t":4.840000000000003,"j":false,"c":{"p":[-23.940990447998047,435.43355455049806,636.87451171875],"r":[-0.10600566072542086,7.498831235747982e-9,-0.9943421177214663,-1.7069284111460798e-8,1,9.777499522162184e-9,0.9943421177214663,1.8188393295720563e-8,-0.10600566072542086]}},{"t":4.8800000000000034,"j":false,"c":{"p":[-23.940990447998047,435.7854608800566,636.87451171875],"r":[-0.09742023938362576,-2.490767156814011e-8,-0.9952421719894524,5.406981445658848e-8,1,-3.032458704670938e-8,0.9952421719894524,-5.676912625547697e-8,-0.09742023938362576]}},{"t":4.9200000000000035,"j":false,"c":{"p":[-23.940990447998047,436.147208024148,636.87451171875],"r":[-0.0891269581019601,-1.6629007092906566e-8,-0.9959969567252298,3.59686877176414e-8,1,-2.0020670823237014e-8,0.9959969567252298,-3.765716251923829e-8,-0.0891269581019601]}},{"t":4.9600000000000035,"j":false,"c":{"p":[-23.930388501243023,436.49391053521765,636.8753208494923],"r":[-0.082260519083563,7.03085514455263e-10,-0.9966069055289267,-1.291436218406398e-9,1,6.647906879045241e-10,0.9966069055289267,1.2759334062520623e-9,-0.082260519083563]}},{"t":5.0000000000000036,"j":false,"c":{"p":[-23.89949889060042,436.8118239507459,636.8776783159243],"r":[-0.07812445562039663,3.535962911360038e-8,-0.9969396993179095,-7.521381705303044e-8,1,4.121616044179731e-8,0.9969396993179095,7.813833392253546e-8,-0.07812445562039663]}},{"t":5.040000000000004,"j":false,"c":{"p":[-23.748438759454853,437.05642959919476,636.8892678148347],"r":[-0.07114897065174597,3.9418953987283967e-8,-0.9974422493313397,-8.250201703915619e-8,1,4.555987501274339e-8,0.9974422493313397,8.560093764101575e-8,-0.07114897065174597]}},{"t":5.080000000000004,"j":false,"c":{"p":[-23.53489432146301,437.2628771788437,636.9056156451499],"r":[-0.06275198258628162,2.7540774294371043e-8,-0.9980289904993866,-5.5099690987108504e-8,1,3.106436687247526e-8,0.9980289904993866,5.6942573259080295e-8,-0.06275198258628162]}},{"t":5.120000000000004,"j":false,"c":{"p":[-23.247722804125583,437.41998948823914,636.9230583477175],"r":[-0.05857845207169389,-6.132390111924442e-9,-0.9982769639308047,1.7818455668940065e-8,1,-6.97922621758201e-9,0.9982769639308047,-1.8102880048080397e-8,-0.05857845207169389]}},{"t":5.160000000000004,"j":false,"c":{"p":[-22.916052309887846,437.6209012403107,636.9425095718806],"r":[-0.05582397592391063,-2.5227471321960505e-8,-0.9984406232833862,5.8039676585469065e-8,1,-2.851193625534074e-8,0.9984406232833862,-5.9540818863077967e-8,-0.05582397592391063]}},{"t":5.200000000000004,"j":false,"c":{"p":[-22.498006279671504,437.90683068492797,636.9658594728542],"r":[-0.05582398066655574,-1.6025503086600534e-8,-0.9984406232833862,3.4793944274496216e-8,1,-1.799590107548924e-8,0.9984406232833862,-3.5744289845869874e-8,-0.05582398066655574]}},{"t":5.240000000000004,"j":false,"c":{"p":[-22.142513263261144,438.0956443137981,636.9893394406258],"r":[-0.05268416033415075,8.759055690931303e-9,-0.9986051745176189,-2.1997652405338813e-8,1,9.72942405152476e-9,0.9986051745176189,2.239294683955911e-8,-0.05268416033415075]}},{"t":5.280000000000004,"j":false,"c":{"p":[-21.799066915024664,438.2585422688929,637.0127157166987],"r":[-0.04857610135799762,3.476232015480539e-8,-0.9988185390489677,-8.084487009594719e-8,1,3.876200541298234e-8,0.9988185390489677,8.264339916405793e-8,-0.04857610135799762]}},{"t":5.320000000000004,"j":false,"c":{"p":[-21.352655339165615,438.4711055167692,637.0339110900417],"r":[-0.044082115570528914,7.888048703437774e-9,-0.9990226449766799,-1.7181230817699628e-8,1,8.806238900998193e-9,0.9990226449766799,1.761598352975576e-8,-0.044082115570528914]}},{"t":5.360000000000004,"j":false,"c":{"p":[-20.899110760860616,438.5891176496491,637.0507053810485],"r":[-0.03377700378833122,-1.5355058062581136e-8,-0.9993490526937528,3.717026519032485e-8,1,-1.6157473044350862e-8,0.9993490526937528,-3.750123829920211e-8,-0.03377700378833122]}},{"t":5.400000000000004,"j":false,"c":{"p":[-20.438693859299104,438.616034085949,637.0632594295037],"r":[-0.01787313655599247,-3.50997028969716e-8,-0.999793292619311,8.25499349233819e-8,1,-3.6311567587203174e-8,0.999793292619311,-8.307043937797262e-8,-0.01787313655599247]}},{"t":5.440000000000004,"j":false,"c":{"p":[-19.997311595412,438.8002375936279,637.0661716907524],"r":[-0.0007318274572169509,-8.42609070739698e-9,-0.9999025150440009,1.794024876419887e-8,1,-9.553383164809549e-9,0.9999025150440009,-1.8411446530670398e-8,-0.0007318274572169509]}},{"t":5.480000000000004,"j":true,"c":{"p":[-19.56856781785489,439.006416443612,637.06286806628],"r":[0.02256910218139361,2.6707302764244654e-8,-0.9994514532229637,-6.514386704949448e-8,1,2.5320984905398703e-8,0.9994514532229637,6.456351811660772e-8,0.02256910218139361]}},{"t":5.520000000000004,"j":true,"c":{"p":[-19.172985909234143,439.06167355070426,637.0437251997254],"r":[0.07553473497922447,2.747616282368305e-8,-0.9966756931017396,-5.8702927619977943e-8,1,2.3230392289843702e-8,0.9966756931017396,5.6795692058024836e-8,0.07553473497922447]}},{"t":5.560000000000004,"j":true,"c":{"p":[-18.663386046559168,440.49947027006573,636.9959173900255],"r":[0.14625190747930303,6.617173853334723e-9,-0.9892442367875259,-1.6479803513624265e-9,1,6.467019237679006e-9,0.9892442367875259,6.92680669039121e-10,0.14625190747930303]}},{"t":5.600000000000004,"j":false,"c":{"p":[-18.051216219331003,442.3202530292912,636.8998610642934],"r":[0.1789062854809038,-3.001297900470229e-8,-0.9838627793608098,1.0394412142898513e-7,1,-1.1589589328563995e-8,0.9838627793608098,-1.0018898001210692e-7,0.1789062854809038]}},{"t":5.640000000000004,"j":true,"c":{"p":[-17.634758461314902,443.3074156173358,636.8170091683727],"r":[0.2425841893407342,-3.341463364585973e-8,-0.9701090742749343,1.4821899042417803e-7,1,2.5857627595152753e-9,0.9701090742749343,-1.4444862585869835e-7,0.2425841893407342]}},{"t":5.680000000000004,"j":true,"c":{"p":[-17.148350215959812,444.20981596471603,636.6841400079508],"r":[0.3281573484799634,-1.4709070669496164e-8,-0.9445268081421931,1.54880175243427e-7,1,3.8233887064358e-8,0.9445268081421931,-1.5887801274336172e-7,0.3281573484799634]}},{"t":5.720000000000004,"j":false,"c":{"p":[-16.57827657640529,444.8751741139653,636.4502039878383],"r":[0.47731081972594214,-4.8428665056793664e-8,-0.875436122220618,1.7052734977730874e-7,1,3.8289673012362643e-8,0.875436122220618,-1.6712388901252646e-7,0.47731081972594214]}},{"t":5.760000000