{"v":1,"d":[{"t":0.06244015693664551,"j":false,"c":{"p":[-246.3308563232422,665.8123779296875,733.393798828125],"r":[-0.9448390603065491,-3.48765070157242e-8,0.3275350034236908,-4.352654414674362e-8,1,-1.907910451848238e-8,-0.3275350034236908,-3.228315037517859e-8,-0.9448390603065491]}},{"t":0.04,"j":false,"c":{"p":[-246.26772748772385,665.8285170808443,733.211687609214],"r":[-0.9448390603065491,-6.718606512270837e-8,0.3275350034236908,-8.384961560656366e-8,1,-3.675432655116286e-8,-0.3275350034236908,-6.219060695424596e-8,-0.9448390603065491]}},{"t":0.08,"j":false,"c":{"p":[-246.38025581931544,665.7997487416524,733.5363042675112],"r":[-0.9448390603065491,-9.593672701919889e-9,0.3275350034236908,-1.1972985556849243e-8,1,-5.2479122554299025e-9,-0.3275350034236908,-8.88000549365187e-9,-0.9448390603065491]}},{"t":0.12,"j":false,"c":{"p":[-246.49278415090703,665.7709804024605,733.8609209258085],"r":[-0.9448390603065491,4.799871971886858e-8,0.3275350034236908,5.990364449286518e-8,1,2.625850204030305e-8,-0.3275350034236908,4.443059596694221e-8,-0.9448390603065491]}},{"t":0.16,"j":false,"c":{"p":[-246.64596757398888,665.7302006690225,734.3027621689587],"r":[-0.9448390603065491,3.760518256857632e-8,0.3275350034236908,4.693217891836357e-8,1,2.057236591730423e-8,-0.3275350034236908,3.480950417439198e-8,-0.9448390603065491]}},{"t":0.2,"j":false,"c":{"p":[-246.81808090422578,665.6838281655389,734.7991857639424],"r":[-0.9448390603065491,-4.444102667634687e-9,0.3275350034236908,-5.546431113755999e-9,1,-2.4314418791730255e-9,-0.3275350034236908,-4.113971814567796e-9,-0.9448390603065491]}},{"t":0.24000000000000002,"j":false,"c":{"p":[-246.9962818545597,665.6358154742572,735.313167779586],"r":[-0.9448390603065491,-2.2850688239928435e-8,0.3275350034236908,-2.8518288392177092e-8,1,-1.2500969967856806e-8,-0.3275350034236908,-2.1152142049701103e-8,-0.9448390603065491]}},{"t":0.28,"j":false,"c":{"p":[-247.17201057046958,665.5768335351236,735.8200312275314],"r":[-0.9448390603065491,-2.9165022611936865e-8,0.3275350034236908,-3.639869082064105e-8,1,-1.5955189712452372e-8,-0.3275350034236908,-2.6996931050769502e-8,-0.9448390603065491]}},{"t":0.32,"j":false,"c":{"p":[-247.33218771934483,665.4592412475807,736.2821046254953],"r":[-0.9448390603065491,2.1212000330954353e-8,0.3275350034236908,2.6473236052762183e-8,1,1.1604709315238796e-8,-0.3275350034236908,1.963549458833775e-8,-0.9448390603065491]}},{"t":0.36,"j":false,"c":{"p":[-247.4981602651704,665.2938992659757,736.7609042845208],"r":[-0.9448390603065491,4.3050770700465005e-8,0.3275350034236908,5.372861127401359e-8,1,2.3552054044283672e-8,-0.3275350034236908,3.985090177190343e-8,-0.9448390603065491]}},{"t":0.39999999999999997,"j":false,"c":{"p":[-247.6731769271029,665.0540405979604,737.2658064259776],"r":[-0.9448390603065491,2.0353632317512087e-8,0.3275350034236908,2.5401904502718548e-8,1,1.1134932453972951e-8,-0.3275350034236908,1.8840732146833407e-8,-0.9448390603065491]}},{"t":0.43999999999999995,"j":false,"c":{"p":[-247.84311757285357,664.9400141371052,737.7560425659441],"r":[-0.9448390603065491,-1.2082641620756726e-8,0.3275350034236908,-1.5079519820574678e-8,1,-6.6102141939108635e-9,-0.3275350034236908,-1.1184659217525639e-8,-0.9448390603065491]}},{"t":0.4799999999999999,"j":false,"c":{"p":[-248.01055650114355,664.8880041510778,738.2390505587393],"r":[-0.9448390603065491,-4.931885405362708e-8,0.3275350034236908,-6.155140359866011e-8,1,-2.698128102010943e-8,-0.3275350034236908,-4.5653207740752105e-8,-0.9448390603065491]}},{"t":0.5199999999999999,"j":false,"c":{"p":[-248.1831977942676,664.8720026983298,738.7370657175619],"r":[-0.9448390603065491,-9.704180550310414e-9,0.3275350034236908,-1.2111078195201919e-8,1,-5.308861409061615e-9,-0.3275350034236908,-8.982821928391039e-9,-0.9448390603065491]}},{"t":0.5599999999999999,"j":false,"c":{"p":[-248.35648909633775,664.8604953509662,739.2369725149596],"r":[-0.9448390603065491,3.533767929993444e-8,0.3275350034236908,4.4102534153429614e-8,1,1.9332644045296917e-8,-0.3275350034236908,3.271136063270517e-8,-0.9448390603065491]}},{"t":0.6,"j":false,"c":{"p":[-248.52892473666026,664.843032629783,739.7345203669084],"r":[-0.9448390603065491,4.0183344849107305e-8,0.3275350034236908,5.015006285155135e-8,1,2.1983583573443e-8,-0.3275350034236908,3.7196848207958014e-8,-0.9448390603065491]}},{"t":0.64,"j":false,"c":{"p":[-248.69773347612258,664.8183792981831,740.2215029305219],"r":[-0.9448390603065491,1.7294300890734324e-8,0.3275350034236908,2.158380107935752e-8,1,9.461333028456368e-9,-0.3275350034236908,1.600888520661328e-8,-0.9448390603065491]}},{"t":0.68,"j":false,"c":{"p":[-248.8607237763123,664.7821904624005,740.6915361781912],"r":[-0.9448390603065491,-5.008802513716616e-8,0.3275350034236908,-6.251147722975947e-8,1,-2.7402438946014534e-8,-0.3275350034236908,-4.636559456325366e-8,-0.9448390603065491]}},{"t":0.7200000000000001,"j":false,"c":{"p":[-249.02659247814822,664.7402290176873,741.1699213205718],"r":[-0.9448390603065491,-4.4301457228181144e-8,0.3275350034236908,-5.528962627378045e-8,1,-2.423661402187886e-8,-0.3275350034236908,-4.100898960086053e-8,-0.9448390603065491]}},{"t":0.7600000000000001,"j":false,"c":{"p":[-249.19403288058402,664.6951155413833,741.6528668681844],"r":[-0.9448390603065491,1.4376984813256839e-9,0.3275350034236908,1.794337232408332e-9,1,7.866683361575709e-10,-0.3275350034236908,1.3309830741071425e-9,-0.9448390603065491]}},{"t":0.8000000000000002,"j":false,"c":{"p":[-249.3710691562365,664.6474166484613,742.1634896321563],"r":[-0.9448390603065491,4.963468848001934e-8,0.3275350034236908,6.194579087639055e-8,1,2.7154691525603917e-8,-0.3275350034236908,4.594622700600139e-8,-0.9448390603065491]}},{"t":0.8400000000000002,"j":false,"c":{"p":[-249.54679308088913,664.6000713423374,742.670327204125],"r":[-0.9448390603065491,6.633008781554758e-8,0.3275350034236908,8.278219134505398e-8,1,3.628850724330596e-8,-0.3275350034236908,6.140086293874992e-8,-0.9448390603065491]}},{"t":0.8800000000000002,"j":false,"c":{"p":[-249.7177359181586,664.5540142048347,743.1633747658522],"r":[-0.9448390603065491,-4.368005349217478e-9,0.3275350034236908,-5.451453366500253e-9,1,-2.3897991547265976e-9,-0.3275350034236908,-4.0435176454777264e-9,-0.9448390603065491]}},{"t":0.9200000000000003,"j":false,"c":{"p":[-249.8870818914141,664.4953501335234,743.6518230192011],"r":[-0.9448390603065491,-3.1125826160140255e-8,0.3275350034236908,-3.884611871579226e-8,1,-1.7028729844644416e-8,-0.3275350034236908,-2.8812872314891728e-8,-0.9448390603065491]}},{"t":0.9600000000000003,"j":false,"c":{"p":[-250.0554144344384,664.42868522574,744.137352377696],"r":[-0.9448390603065491,-2.9997490116346154e-8,0.3275350034236908,-3.7437896000716055e-8,1,-1.6411364526935442e-8,-0.3275350034236908,-2.776831887749849e-8,-0.9448390603065491]}},{"t":1.0000000000000002,"j":false,"c":{"p":[-250.22025892996788,664.3339942585,744.6128612364342],"r":[-0.9448390603065491,1.4781039390300303e-8,0.3275350034236908,1.844731596676919e-8,1,8.086783967303432e-9,-0.3275350034236908,1.3682851646703004e-8,-0.9448390603065491]}},{"t":1.0400000000000003,"j":false,"c":{"p":[-250.38254877801197,664.2338315123473,745.0811003961227],"r":[-0.9448390603065491,4.48367031171102e-8,0.3275350034236908,5.5957856725866774e-8,1,2.4530095185048726e-8,-0.3275350034236908,4.1505148741401686e-8,-0.9448390603065491]}},{"t":1.0800000000000003,"j":false,"c":{"p":[-250.54055971957357,664.126913095502,745.537174267978],"r":[-0.9448390603065491,4.27597968825506e-8,0.3275350034236908,5.336578755666983e-8,1,2.3393783389349472e-8,-0.3275350034236908,3.958252191958473e-8,-0.9448390603065491]}},{"t":1.1200000000000003,"j":false,"c":{"p":[-250.70654637578315,664.0145978955294,746.0162687928614],"r":[-0.9448390603065491,-1.3819472857918318e-8,0.3275350034236908,-1.7247249834529866e-8,1,-7.56073200929224e-9,-0.3275350034236908,-1.2792752903243795e-8,-0.9448390603065491]}},{"t":1.1600000000000004,"j":false,"c":{"p":[-250.87597226145772,663.8996302782348,746.5052570912808],"r":[-0.9448390603065491,-7.069641949451217e-8,0.3275350034236908,-8.823178749287614e-8,1,-3.86780725453712e-8,-0.3275350034236908,-6.544355003838782e-8,-0.9448390603065491]}},{"t":1.2000000000000004,"j":false,"c":{"p":[-251.0461600629676,663.7826021354807,746.9962876735864],"r":[-0.9448390603065491,-2.2558303673059093e-8,0.3275350034236908,-2.8153583093160255e-8,1,-1.2341588497689441e-8,-0.3275350034236908,-2.088209801928357e-8,-0.9448390603065491]}},{"t":1.2400000000000004,"j":false,"c":{"p":[-251.2151358459869,663.6608879104265,747.4837759190542],"r":[-0.9448390603065491,2.525927475015236e-8,0.3275350034236908,3.1524595544119995e-8,1,1.3819572758299278e-8,-0.3275350034236908,2.3382681252889944e-8,-0.9448390603065491]}},{"t":1.2800000000000005,"j":false,"c":{"p":[-251.38310667375248,663.5352881810967,747.9683270063488],"r":[-0.9448390603065491,7.281107691261434e-8,0.3275350034236908,9.087108947962497e-8,1,3.983536365733137e-8,-0.3275350034236908,6.740147183925624e-8,-0.9448390603065491]}},{"t":1.3200000000000005,"j":false,"c":{"p":[-251.55280880814144,663.3970317493813,748.4579466344167],"r":[-0.9448390603065491,2.8197456566589362e-8,0.3275350034236908,3.5191511357069295e-8,1,1.5426925558768096e-8,-0.3275350034236908,2.6102415634758683e-8,-0.9448390603065491]}},{"t":1.3600000000000005,"j":false,"c":{"p":[-251.72160271881506,663.255846369418,748.9449564363123],"r":[-0.9448390603065491,-3.3377321106421333e-8,0.3275350034236908,-4.1656254552261016e-8,1,-1.826104891987378e-8,-0.3275350034236908,-3.089763167172241e-8,-0.9448390603065491]}},{"t":1.4000000000000006,"j":false,"c":{"p":[-251.87723975048954,663.1164705180055,749.3939324060467],"r":[-0.9448390603065491,-3.870089703492944e-8,0.3275350034236908,-4.830027266643047e-8,1,-2.117357444317778e-8,-0.3275350034236908,-3.582564819549636e-8,-0.9448390603065491]}},{"t":1.4400000000000006,"j":false,"c":{"p":[-252.0343733278247,662.968670041255,749.8472120412631],"r":[-0.9448390603065491,-1.3812002539302429e-8,0.3275350034236908,-1.7237897544381612e-8,1,-7.556560926897864e-9,-0.3275350034236908,-1.2785748602000816e-8,-0.9448390603065491]}},{"t":1.4800000000000006,"j":false,"c":{"p":[-252.19267962731604,662.81426786497,750.3038641120796],"r":[-0.9448390603065491,3.475196876122178e-8,0.3275350034236908,4.337193739710634e-8,1,1.9013319429396463e-8,-0.3275350034236908,3.2170351581974334e-8,-0.9448390603065491]}},{"t":1.5200000000000007,"j":false,"c":{"p":[-252.35206776130906,662.6567930206587,750.7636302488463],"r":[-0.9448390603065491,7.203290616798707e-8,0.3275350034236908,8.990007559069327e-8,1,3.9410111164776945e-8,-0.3275350034236908,6.668162859481961e-8,-0.9448390603065491]}},{"t":1.5600000000000007,"j":false,"c":{"p":[-252.52095041794746,662.4723514673785,751.2507264158872],"r":[-0.9448390603065491,1.0290360180040457e-8,0.3275350034236908,1.2842777702549498e-8,1,5.629919625714814e-9,-0.3275350034236908,9.525825318277291e-9,-0.9448390603065491]}},{"t":1.6000000000000008,"j":false,"c":{"p":[-252.68321308780136,662.2921872796104,751.7187824735997],"r":[-0.9448390603065491,-2.53623256776154e-8,0.3275350034236908,-3.1653268647083433e-8,1,-1.3876133891218107e-8,-0.3275350034236908,-2.3478266438052994e-8,-0.9448390603065491]}},{"t":1.6400000000000008,"j":false,"c":{"p":[-252.83918007419442,662.1160909155684,752.16873116867],"r":[-0.9448390603065491,-3.620325491621433e-8,0.3275350034236908,-4.518319082622163e-8,1,-1.9807318214402338e-8,-0.3275350034236908,-3.351380316263594e-8,-0.9448390603065491]}},{"t":1.6800000000000008,"j":false,"c":{"p":[-252.99781415595135,661.9263995434886,752.6263047172242],"r":[-0.9448390603065491,3.508502597245646e-9,0.3275350034236908,4.378811283161028e-9,1,1.9196968520708766e-9,-0.3275350034236908,3.248019579344291e-9,-0.9448390603065491]}},{"t":1.7200000000000009,"j":false,"c":{"p":[-253.1572397129687,661.732967882365,753.0861437134629],"r":[-0.9448390603065491,5.27458390176116e-8,0.3275350034236908,6.582914272637909e-8,1,2.885830519283973e-8,-0.3275350034236908,4.882780286233449e-8,-0.9448390603065491]}},{"t":1.760000000000001,"j":false,"c":{"p":[-253.3197207767759,661.5306287957833,753.5547798752036],"r":[-0.9448390603065491,3.575064316165754e-8,0.3275350034236908,4.4618377928746865e-8,1,1.9559872132284437e-8,-0.3275350034236908,3.309501106439681e-8,-0.9448390603065491]}},{"t":1.800000000000001,"j":false,"c":{"p":[-253.47952134119907,661.3568181814034,754.015651342089],"r":[-0.9448390603065491,-2.7970208611048197e-9,0.3275350034236908,-3.490826276699914e-9,1,-1.5303624082955504e-9,-0.3275350034236908,-2.5893138808165567e-9,-0.9448390603065491]}},{"t":1.840000000000001,"j":false,"c":{"p":[-253.63690507259403,661.2087298463393,754.4695218855296],"r":[-0.9448390603065491,-6.077715228735524e-8,0.3275350034236908,-7.585261459230629e-8,1,-3.32525021263008e-8,-0.3275350034236908,-5.6262646606175124e-8,-0.9448390603065491]}},{"t":1.880000000000001,"j":false,"c":{"p":[-253.80570462947068,661.1136181563653,754.9563340560005],"r":[-0.9448390603065491,-2.8983890927569926e-8,0.3275350034236908,-3.6173176017801806e-8,1,-1.5857656059333664e-8,-0.3275350034236908,-2.683091225844266e-8,-0.9448390603065491]}},{"t":1.920000000000001,"j":false,"c":{"p":[-253.97676393071237,661.0345336848172,755.4496672466405],"r":[-0.9448390603065491,2.2473424543522207e-8,0.3275350034236908,2.804788483536972e-8,1,1.2295822100958008e-8,-0.3275350034236908,2.080423745604968e-8,-0.9448390603065491]}},{"t":1.960000000000001,"j":false,"c":{"p":[-254.14066408014997,660.9977442814288,755.9223457003579],"r":[-0.9448390603065491,4.3440736024281166e-8,0.3275350034236908,5.421604320311429e-8,1,2.3767527996427354e-8,-0.3275350034236908,4.021413940736298e-8,-0.9448390603065491]}},{"t":2.000000000000001,"j":false,"c":{"p":[-254.3090448318209,660.9669449681328,756.4079891602198],"r":[-0.9448390603065491,3.228483012143969e-8,0.3275350034236908,4.0292937884120164e-8,1,1.766378987095192e-8,-0.3275350034236908,2.988678491675456e-8,-0.9448390603065491]}},{"t":2.040000000000001,"j":false,"c":{"p":[-254.48607340324946,660.9477068728946,756.9186558268865],"r":[-0.9448390603065491,-4.087073107451292e-8,0.3275350034236908,-5.1008609922767316e-8,1,-2.236156506860537e-8,-0.3275350034236908,-3.7835183156465974e-8,-0.9448390603065491]}},{"t":2.080000000000001,"j":false,"c":{"p":[-254.6528603904581,660.93376209784,757.399782031172],"r":[-0.9448390603065491,-4.023668426372809e-8,0.3275350034236908,-5.021726940508484e-8,1,-2.201460252568989e-8,-0.3275350034236908,-3.7248168612224685e-8,-0.9448390603065491]}},{"t":2.120000000000001,"j":false,"c":{"p":[-254.817235539301,660.9214068881387,757.8739519958203],"r":[-0.9448390603065491,-7.62240376855809e-9,0.3275350034236908,-9.513092609902844e-9,1,-4.170358500499536e-9,-0.3275350034236908,-7.056189203873053e-9,-0.9448390603065491]}},{"t":2.160000000000001,"j":false,"c":{"p":[-254.9859303893233,660.9080506693762,758.360582922907],"r":[-0.9448390603065491,4.6301935666100346e-8,0.3275350034236908,5.7787058353537654e-8,1,2.5333270830473486e-8,-0.3275350034236908,4.286314697517477e-8,-0.9448390603065491]}},{"t":2.200000000000001,"j":false,"c":{"p":[-255.16293186540358,660.8946382501589,758.871175821204],"r":[-0.9448390603065491,3.836903321369414e-8,0.3275350034236908,4.788639577719635e-8,1,2.0992880148894267e-8,-0.3275350034236908,3.551936317319445e-8,-0.9448390603065491]}},{"t":2.240000000000001,"j":false,"c":{"p":[-255.3429889747642,660.8805594630172,759.3905802399912],"r":[-0.9448390603065491,-4.121867374213028e-9,0.3275350034236908,-5.144311799529826e-9,1,-2.255267935094141e-9,-0.3275350034236908,-3.815807247874491e-9,-0.9448390603065491]}},{"t":2.280000000000001,"j":false,"c":{"p":[-255.50462097488847,660.8591291332548,759.8567992507426],"r":[-0.9448390603065491,-4.6073330915687864e-8,0.3275350034236908,-5.750178644132917e-8,1,-2.5208299950500463e-8,-0.3275350034236908,-4.265163196715475e-8,-0.9448390603065491]}},{"t":2.320000000000001,"j":false,"c":{"p":[-255.6732467928826,660.828064595611,760.343282085952],"r":[-0.9448390603065491,-3.475564614085621e-8,0.3275350034236908,-4.3376735926678546e-8,1,-1.9015939493936844e-8,-0.3275350034236908,-3.2174399477294336e-8,-0.9448390603065491]}},{"t":2.360000000000001,"j":false,"c":{"p":[-255.8476477849426,660.7887478933029,760.8464943035113],"r":[-0.9448390603065491,2.052504221055267e-8,0.3275350034236908,2.5616312004839046e-8,1,1.1230099981293189e-8,-0.3275350034236908,1.9000876499703652e-8,-0.9448390603065491]}},{"t":2.4000000000000012,"j":false,"c":{"p":[-256.0188012091889,660.7415698509718,761.3401492577277],"r":[-0.9448390603065491,5.006345111878024e-8,0.3275350034236908,6.248172595291482e-8,1,2.7391649840675107e-8,-0.3275350034236908,4.6345654663021246e-8,-0.9448390603065491]}},{"t":2.4400000000000013,"j":false,"c":{"p":[-256.19013950631205,660.6962875012838,761.8345691820215],"r":[-0.9448390603065491,3.1718991660275875e-8,0.3275350034236908,3.95868950748288e-8,1,1.7354642287108055e-8,-0.3275350034236908,2.9363439537214395e-8,-0.9448390603065491]}},{"t":2.4800000000000013,"j":false,"c":{"p":[-256.36168221485104,660.6531011930688,762.3298349232854],"r":[-0.9448390603065491,-3.9568901595187923e-8,0.3275350034236908,-4.9384022586775974e-8,1,-2.1649752502850915e-8,-0.3275350034236908,-3.6630526861445444e-8,-0.9448390603065491]}},{"t":2.5200000000000014,"j":false,"c":{"p":[-256.52734293679714,660.6121647906989,762.8081907201138],"r":[-0.9448390603065491,-4.0339218614745317e-8,0.3275350034236908,-5.034540614412571e-8,1,-2.2071190214247955e-8,-0.3275350034236908,-3.734360506690209e-8,-0.9448390603065491]}},{"t":2.5600000000000014,"j":false,"c":{"p":[-256.69077916139213,660.5715989549143,763.2800838373633],"r":[-0.9448390603065491,-8.847291173682577e-9,0.3275350034236908,-1.1041854871241166e-8,1,-4.840657033158547e-9,-0.3275350034236908,-8.190235672548287e-9,-0.9448390603065491]}},{"t":2.6000000000000014,"j":false,"c":{"p":[-256.854289639166,660.529198384438,763.7519364275541],"r":[-0.9448390603065491,4.278916484462093e-8,0.3275350034236908,5.3403123228687144e-8,1,2.3411820249164814e-8,-0.3275350034236908,3.9611795683486524e-8,-0.9448390603065491]}},{"t":2.6400000000000015,"j":false,"c":{"p":[-257.02313821263476,660.4814149162645,764.2390379759338],"r":[-0.9448390603065491,3.8395948309040366e-8,0.3275350034236908,4.7920149381226547e-8,1,2.100807421096756e-8,-0.3275350034236908,3.554477611185868e-8,-0.9448390603065491]}},{"t":2.6800000000000015,"j":false,"c":{"p":[-257.19418595635653,660.4305964446104,764.7324528401539],"r":[-0.9448390603065491,4.854465680495051e-9,0.3275350034236908,6.058615021391337e-9,1,2.6560542571556275e-9,-0.3275350034236908,4.4939522340716224e-9,-0.9448390603065491]}},{"t":2.7200000000000015,"j":false,"c":{"p":[-257.3645519771042,660.3758120771543,765.2240973429344],"r":[-0.9448390603065491,-5.606173336995511e-8,0.3275350034236908,-6.996802109987224e-8,1,-3.06739228421406e-8,-0.3275350034236908,-5.189889436234699e-8,-0.9448390603065491]}},{"t":2.7600000000000016,"j":false,"c":{"p":[-257.53605114590476,660.3206396265517,765.7190118992654],"r":[-0.9448390603065491,-4.3583803753253696e-8,0.3275350034236908,-5.439488508480414e-8,1,-2.3846629724674465e-8,-0.3275350034236908,-4.03474542652922e-8,-0.9448390603065491]}},{"t":2.8000000000000016,"j":false,"c":{"p":[-257.70831728479527,660.265204502272,766.2161397879668],"r":[-0.9448390603065491,1.857086609417314e-8,0.3275350034236908,2.3177462151185036e-8,1,1.0161070288554495e-8,-0.3275350034236908,1.7192006147946885e-8,-0.9448390603065491]}},{"t":2.8400000000000016,"j":false,"c":{"p":[-257.87835567294314,660.2104862666397,766.7068388042827],"r":[-0.9448390603065491,3.4995621346304225e-8,0.3275350034236908,4.3676432566559684e-8,1,1.9147807653978712e-8,-0.3275350034236908,3.2397156372498944e-8,-0.9448390603065491]}},{"t":2.8800000000000017,"j":false,"c":{"p":[-258.04851736507413,660.1546724884669,767.1979182591964],"r":[-0.9448390603065491,2.6210146121799415e-8,0.3275350034236908,3.2711666485905626e-8,1,1.4340797429733463e-8,-0.3275350034236908,2.426396060187655e-8,-0.9448390603065491]}},{"t":2.9200000000000017,"j":false,"c":{"p":[-258.2192011073393,660.09619513108,767.6905624115223],"r":[-0.9448390603065491,-3.7426989214063405e-8,0.3275350034236908,-4.6710953843146736e-8,1,-2.047824425690402e-8,-0.3275350034236908,-3.4648117120490034e-8,-0.9448390603065491]}},{"t":2.9600000000000017,"j":false,"c":{"p":[-258.38928419060903,660.0259059375674,768.1814159239551],"r":[-0.9448390603065491,-3.7160033294182884e-8,0.3275350034236908,-4.637776212949612e-8,1,-2.0332136608473562e-8,-0.3275350034236908,-3.440093676350927e-8,-0.9448390603065491]}},{"t":3.0000000000000018,"j":false,"c":{"p":[-258.55855689560843,659.9490647456914,768.6698359575203],"r":[-0.9448390603065491,-7.179567384425299e-9,0.3275350034236908,-8.960472575074226e-9,1,-3.928246004867082e-9,-0.3275350034236908,-6.646428413615017e-9,-0.9448390603065491]}},{"t":3.040000000000002,"j":false,"c":{"p":[-258.72536936694837,659.8617874982695,769.1508504002929],"r":[-0.9448390603065491,5.6076557333852386e-8,0.3275350034236908,6.998669364055073e-8,1,3.0682531658720454e-8,-0.3275350034236908,5.191314557618502e-8,-0.9448390603065491]}},{"t":3.080000000000002,"j":false,"c":{"p":[-258.8903526336583,659.7747153593898,769.6265397297714],"r":[-0.9448390603065491,4.608755184684083e-8,0.3275350034236908,5.751983499123328e-8,1,2.521695076018763e-8,-0.3275350034236908,4.2665718682943305e-8,-0.9448390603065491]}},{"t":3.120000000000002,"j":false,"c":{"p":[-259.0544210359877,659.6876703431453,770.0995606733107],"r":[-0.9448390603065491,-7.381995851279569e-9,0.3275350034236908,-9.21317580732379e-9,1,-4.039178790324567e-9,-0.3275350034236908,-6.834011535800877e-9,-0.9448390603065491]}},{"t":3.160000000000002,"j":false,"c":{"p":[-259.22551768375865,659.59689655445,770.5928445513522],"r":[-0.9448390603065491,-4.627069526820936e-8,0.3275350034236908,-5.7748478256832747e-8,1,-2.5317358201239354e-8,-0.3275350034236908,-4.2835475546875866e-8,-0.9448390603065491]}},{"t":3.200000000000002,"j":false,"c":{"p":[-259.3955344944458,659.5080204470502,771.0832300863298],"r":[-0.9448390603065491,-3.488754471597595e-8,0.3275350034236908,-4.3541633005880406e-8,1,-1.90889197848638e-8,-0.3275350034236908,-3.229736432970638e-8,-0.9448390603065491]}},{"t":3.240000000000002,"j":false,"c":{"p":[-259.5644362423018,659.4211039258784,771.5706227303696],"r":[-0.9448390603065491,2.8407391598239875e-8,0.3275350034236908,3.5454093729856885e-8,1,1.5543439564656416e-8,-0.3275350034236908,2.6298506054556384e-8,-0.9448390603065491]}},{"t":3.280000000000002,"j":false,"c":{"p":[-259.7291077085311,659.3310012695849,772.045775330473],"r":[-0.9448390603065491,3.6437930471590566e-8,0.3275350034236908,4.5476656388817227e-8,1,1.9937385684169004e-8,-0.3275350034236908,3.373281839639961e-8,-0.9448390603065491]}},{"t":3.320000000000002,"j":false,"c":{"p":[-259.89294325317394,659.2358908856485,772.5184906429789],"r":[-0.9448390603065491,1.8415330176597644e-8,0.3275350034236908,2.2983377343219295e-8,1,1.0076064860284583e-8,-0.3275350034236908,1.7048121722351908e-8,-0.9448390603065491]}},{"t":3.360000000000002,"j":false,"c":{"p":[-260.055720024983,659.1316969646804,772.9881072571117],"r":[-0.9448390603065491,-4.207929363801693e-8,0.3275350034236908,-5.2517476069389534e-8,1,-2.3024314360229145e-8,-0.3275350034236908,-3.8955580651253835e-8,-0.9448390603065491]}},{"t":3.400000000000002,"j":false,"c":{"p":[-260.2279346187552,659.0134044229867,773.4849818615453],"r":[-0.9448390603065491,-3.3580343336170774e-8,0.3275350034236908,-4.1910258338535516e-8,1,-1.8373931249477147e-8,-0.3275350034236908,-3.1087482940924836e-8,-0.9448390603065491]}},{"t":3.440000000000002,"j":false,"c":{"p":[-260.4011139369035,658.8916534317744,773.9846949614723],"r":[-0.9448390603065491,3.0600304110824024e-9,0.3275350034236908,3.819129765639357e-9,1,1.6744253376280272e-9,-0.3275350034236908,2.8329612174747633e-9,-0.9448390603065491]}},{"t":3.480000000000002,"j":false,"c":{"p":[-260.5632431963175,658.7765015549468,774.4527501026073],"r":[-0.9448390603065491,6.249881339979139e-8,0.3275350034236908,7.80023108557132e-8,1,3.4197312035231805e-8,-0.3275350034236908,5.785944274922775e-8,-0.9448390603065491]}},{"t":3.5200000000000022,"j":false,"c":{"p":[-260.7291032794522,658.6586998704589,774.9315758549786],"r":[-0.9448390603065491,4.898413261756847e-8,0.3275350034236908,6.113515094425101e-8,1,2.68024681083429e-8,-0.3275350034236908,4.534792006984428e-8,-0.9448390603065491]}},{"t":3.5600000000000023,"j":false,"c":{"p":[-260.89776534580875,658.5389080848134,775.4184907249902],"r":[-0.9448390603065491,-1.9321231605458193e-8,0.3275350034236908,-2.4114100140517888e-8,1,-1.0572031742618895e-8,-0.3275350034236908,-1.7887080532056724e-8,-0.9448390603065491]}},{"t":3.6000000000000023,"j":false,"c":{"p":[-261.05533419413894,658.4292977359116,775.8730293271344],"r":[-0.9448390603065491,-3.743037037833632e-8,0.3275350034236908,-4.671540772527381e-8,1,-2.0480770542020495e-8,-0.3275350034236908,-3.4651962573003475e-8,-0.9448390603065491]}},{"t":3.6400000000000023,"j":false,"c":{"p":[-261.21591780613284,658.3188326561675,776.3362173498365],"r":[-0.9448390603065491,-3.029177809029009e-8,0.3275350034236908,-3.780598989840817e-8,1,-1.6574705239849313e-8,-0.3275350034236908,-2.8043213055868705e-8,-0.9448390603065491]}},{"t":3.6800000000000024,"j":false,"c":{"p":[-261.3864643273108,658.204213859969,776.828092980483],"r":[-0.9448390603065491,3.325353118408348e-8,0.3275350034236908,4.1502497213728276e-8,1,1.8195451807440205e-8,-0.3275350034236908,3.078529387859186e-8,-0.9448390603065491]}},{"t":3.7200000000000024,"j":false,"c":{"p":[-261.56229912289854,658.0917050519231,777.335258828382],"r":[-0.9448390603065491,3.442408034522097e-8,0.3275350034236908,4.2963399307801354e-8,1,1.8835898504742332e-8,-0.3275350034236908,3.186890993760877e-8,-0.9448390603065491]}},{"t":3.7600000000000025,"j":false,"c":{"p":[-261.7354945057103,657.9844933757754,777.8348281583559],"r":[-0.9448390603065491,7.3682414296794036e-9,0.3275350034236908,9.196006370226807e-9,1,4.0316428636081216e-9,-0.3275350034236908,6.8212681265266695e-9,-0.9448390603065491]}},{"t":3.8000000000000025,"j":false,"c":{"p":[-261.88973621597415,657.8972361963557,778.2797472746191],"r":[-0.9448390603065491,-5.334113636797589e-8,0.3275350034236908,-6.657312014597853e-8,1,-2.918696071491799e-8,-0.3275350034236908,-4.938200951872302e-8,-0.9448390603065491]}},{"t":3.8400000000000025,"j":false,"c":{"p":[-262.0534364633643,657.8082372411181,778.7517976059345],"r":[-0.9448389204174215,-4.594635072494542e-8,0.3275353531465097,-5.734395645354375e-8,1,-2.5140711537140015e-8,-0.3275353531465097,-4.253607980658279e-8,-0.9448389204174215]}},{"t":3.8800000000000026,"j":false,"c":{"p":[-262.22370683064656,657.7183340917478,779.2427218680516],"r":[-0.9449241034503283,5.3139862297939e-9,0.32728673732389013,6.614466079128447e-9,1,2.9041283389194325e-9,-0.32728673732389013,4.893491259480787e-9,-0.9449241034503283]}},{"t":3.9200000000000026,"j":false,"c":{"p":[-262.39969479160953,657.632160940747,779.7504841270181],"r":[-0.9463457280465002,4.3900104720875426e-8,0.3231390906636373,5.4477485490126626e-8,1,2.3958967526016416e-8,-0.3231390906636373,4.018216980500338e-8,-0.9463457280465002]}},{"t":3.9600000000000026,"j":false,"c":{"p":[-262.56043625961604,657.554596328174,780.240124658094],"r":[-0.9515475115322803,3.6791861427346705e-8,0.3066767672415909,4.557426972419146e-8,1,1.8549911800214398e-8,-0.3066767672415909,3.2573359130551734e-8,-0.9515475115322803]}},{"t":4.000000000000003,"j":false,"c":{"p":[-262.70383564760476,657.4868234731334,780.7091526813598],"r":[-0.9610490259877383,-2.2291303620146568e-8,0.27620714978758903,-2.789753867239849e-8,1,-1.6960425871193365e-8,-0.27620714978758903,-2.3829078559839994e-8,-0.9610490259877383]}},{"t":4.040000000000003,"j":false,"c":{"p":[-262.84045201108006,657.4213482128125,781.2058590676897],"r":[-0.96804215174971,-3.912799960800665e-8,0.2499473283073761,-4.670773694222454e-8,1,-2.496728854183511e-8,-0.2499473283073761,-3.5639156365789255e-8,-0.96804215174971]}},{"t":4.080000000000003,"j":false,"c":{"p":[-262.967144320273,657.3584481155324,781.7056169173477],"r":[-0.974755709877792,-2.3871469571483696e-8,0.22229606453181905,-2.8040002635544208e-8,1,-1.1808824780776912e-8,-0.22229606453181905,-1.8630964953211487e-8,-0.974755709877792]}},{"t":4.120000000000003,"j":false,"c":{"p":[-263.0782155293011,657.2995417125635,782.2073316107079],"r":[-0.981286935450204,3.964292995177253e-8,0.1918806058054308,4.6390021338663364e-8,1,3.321527006213999e-8,-0.1918806058054308,4.0970248756505535e-8,-0.981286935450204]}},{"t":4.160000000000003,"j":false,"c":{"p":[-263.1637727540604,657.2462953419921,782.7073660669023],"r":[-0.9865457531779496,3.633559805845278e-8,0.16164973636189287,4.1843130299396456e-8,1,2.808529749588145e-8,-0.16164973636189287,3.4869385833132885e-8,-0.9865457531779496]}},{"t":4.200000000000003,"j":false,"c":{"p":[-263.24240125886746,657.1935188948609,783.2162502001211],"r":[-0.990463137626648,6.763477874646844e-9,0.13777796924114227,7.285312814458296e-9,1,3.2832242205988626e-9,-0.13777796924114227,4.255668905749174e-9,-0.990463137626648]}},{"t":4.240000000000003,"j":false,"c":{"p":[-263.317968911386,657.1373873669612,783.760111839209],"r":[-0.990463137626648,-6.151447118951173e-8,0.13777796924114227,-6.911957085034952e-8,1,-5.0413837332940536e-8,-0.13777796924114227,-5.945619854130872e-8,-0.990463137626648]}},{"t":4.280000000000003,"j":false,"c":{"p":[-263.3909717620615,657.0802191751435,784.2851742750133],"r":[-0.990463186630421,-4.570944719549451e-8,0.13777758333642928,-5.122141922526196e-8,1,-3.646065872346547e-8,-0.13777758333642928,-4.3170124163266244e-8,-0.990463186630421]}},{"t":4.320000000000003,"j":false,"c":{"p":[-263.46239697560793,657.0222871598995,784.7986652230312],"r":[-0.9904632568359375,1.4702728611284433e-8,0.13777703046798706,1.669357329628737e-8,1,1.3294251914976461e-8,-0.13777703046798706,1.546745882016482e-8,-0.9904632568359375]}},{"t":4.360000000000003,"j":false,"c":{"p":[-263.5324244801951,656.9624227691468,785.3018258115468],"r":[-0.9904632568359375,4.3837564235301516e-8,0.13777703046798706,4.9397402000756776e-8,1,3.693465415058227e-8,-0.13777703046798706,4.338824520337857e-8,-0.9904632568359375]}},{"t":4.400000000000003,"j":false,"c":{"p":[-263.60233702315816,656.902618665459,785.8041603795034],"r":[-0.9904632568359375,2.8611059067006592e-8,0.13777703046798706,3.2157676179198415e-8,1,2.3515804723307987e-8,-0.13777703046798706,2.7722130167913393e-8,-0.9904632568359375]}},{"t":4.440000000000003,"j":false,"c":{"p":[-263.6721327491872,656.8428758217798,786.3056555961565],"r":[-0.9904632568359375,-3.169271301989689e-8,0.13777703046798706,-3.5831618930040194e-8,1,-2.7560377624368984e-8,-0.13777703046798706,-3.223431411173398e-8,-0.9904632568359375]}},{"t":4.480000000000003,"j":false,"c":{"p":[-263.7463306756523,656.7724736401304,786.8388071638606],"r":[-0.9904632568359375,-3.091140318200768e-8,0.13777703046798706,-3.488869258851033e-8,1,-2.6452622426509975e-8,-0.13777703046798706,-3.1007209905422e-8,-0.9904632568359375]}},{"t":4.520000000000003,"j":false,"c":{"p":[-263.8186346705639,656.679661295173,787.3584722147215],"r":[-0.9904632568359375,-7.399649449168086e-9,0.13777703046798706,-8.297823862843868e-9,1,-5.944677893945335e-9,-0.13777703046798706,-7.031233531986818e-9,-0.9904632568359375]}},{"t":4.560000000000003,"j":false,"c":{"p":[-263.885821099701,656.5409684972926,787.8416233548783],"r":[-0.9904632568359375,5.0891908041321034e-8,0.13777703046798706,5.753532939177605e-8,1,4.423611865462857e-8,-0.13777703046798706,5.1741298410385725e-8,-0.9904632568359375]}},{"t":4.600000000000003,"j":false,"c":{"p":[-263.952359624678,656.3455721409297,788.3200985793003],"r":[-0.9904632568359375,3.7379866548208946e-8,0.13777703046798706,4.223259499011023e-8,1,3.2298319627701225e-8,-0.13777703046798706,3.780898121680254e-8,-0.9904632568359375]}},{"t":4.640000000000003,"j":false,"c":{"p":[-264.0178837269084,656.1296846482799,788.7911335727947],"r":[-0.9904632568359375,-6.757718264741206e-9,0.13777703046798706,-7.674598861408064e-9,1,-6.123592059537891e-9,-0.13777703046798706,-7.122576649320341e-9,-0.9904632568359375]}},{"t":4.680000000000003,"j":false,"c":{"p":[-264.07940300605185,655.9306331284934,789.232624870177],"r":[-0.9904632568359375,-5.473723518367818e-8,0.13777703046798706,-6.19151251287576e-8,1,-4.7812209871495036e-8,-0.13777703046798706,-5.5886721208244205e-8,-0.9904632568359375]}},{"t":4.720000000000003,"j":false,"c":{"p":[-264.14424986485284,655.7055514526905,789.697996445102],"r":[-0.9904632568359375,-4.3306406060814015e-8,0.13777703046798706,-4.8968780806635335e-8,1,-3.770856873000309e-8,-0.13777703046798706,-4.4095726803733144e-8,-0.9904632568359375]}},{"t":4.760000000000003,"j":false,"c":{"p":[-264.21226442626363,655.455690266965,790.186100944638],"r":[-0.9904632568359375,2.4680336839564758e-8,0.13777703046798706,2.793637057858077e-8,1,2.1698918069163e-8,-0.13777703046798706,2.534097152567651e-8,-0.9904632568359375]}},{"t":4.800000000000003,"j":false,"c":{"p":[-264.269120459597,656.8006585736432,790.5943678134149],"r":[-0.9904632568359375,6.845690729323843e-8,0.13777706961880862,7.74541492104245e-8,1,5.99416294889922e-8,-0.13777706961880862,7.004138455065924e-8,-0.9904632568359375]}},{"t":4.840000000000003,"j":false,"c":{"p":[-264.3539030309943,658.5920690223021,791.2031575062647],"r":[-0.9904632568359375,7.270824624862533e-8,0.13777709442021052,8.225383549083264e-8,1,6.358935852402707e-8,-0.13777709442021052,7.431561416351653e-8,-0.9904632568359375]}},{"t":4.8800000000000034,"j":false,"c":{"p":[-264.4238520265184,659.7505766581033,791.7050772374131],"r":[-0.9904632568359375,1.9811412536027162e-8,0.13777705724493655,2.2403085377135804e-8,1,1.7259914992546355e-8,-0.13777705724493655,2.0181942691409162e-8,-0.9904632568359375]}},{"t":4.9200000000000035,"j":false,"c":{"p":[-264.4959622112138,660.6048262686892,792.222504603513],"r":[-0.9904632568359375,-3.459936021734446e-8,0.1377770189210714,-3.9160612560753875e-8,1,-3.0395406629916233e-8,-0.1377770189210714,-3.550096438213625e-8,-0.9904632568359375]}},{"t":4.9600000000000035,"j":false,"c":{"p":[-264.56825005848344,661.2404507616067,792.7412067892275],"r":[-0.9904632568359375,-7.925746348935092e-8,0.13777697918735562,-8.96886526959429e-8,1,-6.950254776975422e-8,-0.13777697918735562,-8.119675151076766e-8,-0.9904632568359375]}},{"t":5.0000000000000036,"j":false,"c":{"p":[-264.6356756935551,661.4356273346385,793.2250201217007],"r":[-0.9904632568359375,-6.31198684294785e-8,0.13777693439460273,-7.142358598702991e-8,1,-5.53254301980424e-8,-0.13777693439460273,-6.463832945676985e-8,-0.9904632568359375]}},{"t":5.040000000000004,"j":false,"c":{"p":[-264.7070908186874,661.3817835111947,793.7272357553384],"r":[-0.9896226823797971,-2.1651895198067535e-8,0.14339660973658863,-2.4324751901395983e-8,1,-2.029190273070497e-8,-0.14339660973658863,-2.307748636204573e-8,-0.9896226823797971]}},{"t":5.080000000000004,"j":false,"c":{"p":[-264.78276789668706,661.0619124069107,794.2491104779873],"r":[-0.9878841263122088,4.687639808340566e-8,0.15501980482107405,5.3577055917169054e-8,1,3.7022426193637895e-8,-0.15501980482107405,4.519332177175823e-8,-0.9878841263122088]}},{"t":5.120000000000004,"j":false,"c":{"p":[-264.8657318765691,660.3091877502542,794.7801255282444],"r":[-0.987398522826191,5.982958245325979e-8,0.1582533450153652,6.822099878731896e-8,1,4.760093709412039e-8,-0.1582533450153652,5.779608647404862e-8,-0.987398522826191]}},{"t":5.160000000000004,"j":false,"c":{"p":[-264.95127636814334,659.3833813644063,795.3136936509019],"r":[-0.987337540072759,5.147827660195693e-8,0.15863042715065762,5.860696046297269e-8,1,4.0335023808207195e-8,-0.15863042715065762,4.910912561867462e-8,-0.987337540072759]}},{"t":5.200000000000004,"j":false,"c":{"p":[-265.0364231959665,657.9510190461042,795.8284488590416],"r":[-0.9866969566124665,2.672962071404508e-9,0.1625339393302899,2.7231969533916057e-9,1,9.659643507955835e-10,-0.1625339393302899,1.2501277211773298e-9,-0.9866969566124665]}},{"t":5.240000000000004,"j":false,"c":{"p":[-265.1219551332229,656.3694185964414,796.3425452588489],"r":[-0.9856971441790531,-4.5268085985208985e-8,0.16837430570709033,-5.266425026915452e-8,1,-3.81682491574956e-8,-0.16837430570709033,-4.670188558712002e-8,-0.9856971441790531]}},{"t":5.280000000000004,"j":false,"c":{"p":[-265.2085202308281,654.3874464432738,796.8548742268879],"r":[-0.9837336027401542,-9.089050516796791e-8,0.17941080799962672,-1.0672019464115174e-7,1,-7.667242480714263e-8,-0.17941080799962672,-9.490343792498491e-8,-0.9837336027401542]}},{"t":5.320000000000004,"j":false,"c":{"p":[-265.29726027771034,652.9717302627923,797.3453120293536],"r":[-0.9819127651180979,-8.045202866276733e-8,0.18921082619579274,-9.507487741391146e-8,1,-7.00495881682022e-8,-0.18921082619579274,-8.641929784523236e-8,-0.9819127651180979]}},{"t":5.360000000000004,"j":false,"c":{"p":[-265.38817811737187,652.1230103711964,797.8138300460015],"r":[-0.9802348178821254,-1.3879363133687734e-8,0.19777274373125914,-1.7642401553901928e-8,1,-1.8240740731461675e-8,-0.19777274373125914,-2.117535516026711e-8,-0.9802348178821254]}},{"t":5.400000000000004,"j":false,"c":{"p":[-265.49306023290006,651.8791984204352,798.3015231647989],"r":[-0.9771359722141775,2.000452450456988e-8,0.21215977194706487,2.3226827802053123e-8,1,1.109101960352056e-8,-0.21215977194706487,1.6055854137260946e-8,-0.9771359722141775]}},{"t":5.440000000000004,"j":false,"c":{"p":[-265.60151799858505,651.8293349993094,798.7905785280386],"r":[-0.9737474795654593,3.9185278684587664e-8,0.22761178864215392,4.7250321190426654e-8,1,3.0149205199931324e-8,-0.22761178864215392,4.0068284352017526e-8,-0.9737474795654593]}},{"t":5.480000000000004,"j":false,"c":{"p":[-265.7044360522665,652.0002453201237,799.2301767892116],"r":[-0.9717977788046335,-3.3728618879361337e-9,0.23572088544184347,-2.5001667320330468e-9,1,4.825602227766513e-9,-0.23572088544184347,3.872650317322496e-9,-0.9717977788046335]}},{"t":5.520000000000004,"j":false,"c":{"p":[-265.81307153179176,652.1725514735302,799.6783044997187],"r":[-0.9702273389251853,-4.5737032888339453e-8,0.24217759689947066,-5.2226154618805435e-8,1,-2.005894200833613e-8,-0.24217759689947066,-3.2200383681277556e-8,-0.9702273389251853]}},{"t":5.560000000000004,"j":false,"c":{"p":[-265.9301424382711,652.3469170229299,800.1390164655851],"r":[-0.9692164563620517,-8.781502332398719e-8,0.246196397270242,-1.0191599542347169e-7,1,-4.429570383365383e-8,-0.246196397270242,-6.809253494046053e-8,-0.9692164563620517]}},{"t":5.600000000000004,"j":false,"c":{"p":[-266.0372252123067,652.5442718833076,800.5493519649385],"r":[-0.9665318589718158,-3.628992911076283e-8,0.2563353202106944,-4.220541892941714e-8,1,-1.979745630377162e-8,-0.2563353202106944,-2.9220188673334124e-8,-0.9665318589718158]}},{"t":5.640000000000004,"j":true,"c":{"p":[-266.1401037775685,652.7354859432304,800.9370520158631],"r":[-0.9635403156280518,4.792264745146424e-8,0.2675631642341614,5.5789160341206995e-8,1,2.179842189805332e-8,-0.2675631642341614,3.593078352202532e-8,-0.9635403156280518]}},{"t":5.680000000000004,"j":true,"c":{"p":[-266.25637135711696,653.3943955012084,801.35638676535],"r":[-0.9615548603031293,6.708315823847592e-8,0.27460900125479465,7.895568153463554e-8,1,3.218992940924658e-8,-0.27460900125479465,5.26308388558891e-8,-0.9615548603031293]}},{"t":5.720000000000004,"j":false,"c":{"p":[-266.42640816123026,655.2813073889481,801.9412420199737],"r":[-0.9597183652493679,7.014457205280204e-9,0.28096372989318974,9.064433824672905e-9,1,5.997946721004162e-9,-0.28096372989318974,8.302639316572015e-9,-0.9597183652493679]}},{"t":5.760000000000004,"j":false,"c":{"p":[-266.5730980812073,656.6218004452512,802.4421631094343],"r":[-0.9597125878065144,-4.3872548943562834e-8,0.28098348444158033,-5.0509990473952015e-8,1,-1.6378871499068907e-8,-0.28098348444158033,-2.991192355668109e-8,-0.9597125878065144]}},{"t":5.800000000000004,"j":