{"v":1,"d":[{"t":0.0702965259552002,"j":false,"c":{"p":[-684.482177734375,640.7969970703125,867.2094116210938],"r":[-0.9845625162124634,-3.0124063243874843e-8,-0.17503322660923004,-4.629798411315278e-8,1,8.83214923419473e-8,0.17503322660923004,9.506172204964969e-8,-0.9845625162124634]}},{"t":0.04,"j":false,"c":{"p":[-684.5160548791546,640.8189208160397,867.019203847234],"r":[-0.9845628658717639,-4.833088789612041e-8,-0.1750312160682523,-7.42802291631127e-8,1,1.4170209181876425e-7,0.1750312160682523,1.5251610509690102e-7,-0.9845628658717639]}},{"t":0.08,"j":false,"c":{"p":[-684.471327447594,640.7899752587047,867.2703320117516],"r":[-0.9845624042223972,-2.4292719719124538e-8,-0.17503387055211056,-3.733573580260321e-8,1,7.122457296957154e-8,0.17503387055211056,7.666003746431534e-8,-0.9845624042223972]}},{"t":0.12,"j":false,"c":{"p":[-684.4266000160336,640.7610297013696,867.5214601762692],"r":[-0.9845619425730305,-2.545515421286649e-10,-0.1750365250359688,-3.912424420937303e-10,1,7.470541203788375e-10,0.1750365250359688,8.039698317296743e-10,-0.9845619425730305]}},{"t":0.16,"j":false,"c":{"p":[-684.343857406676,640.7067894692797,867.9864901554558],"r":[-0.9845618632962707,1.3003806197103829e-8,-0.1750370418494325,1.9985685740792463e-8,1,-3.812534967641653e-8,0.1750370418494325,-4.103499525581713e-8,-0.9845618632962707]}},{"t":0.2,"j":false,"c":{"p":[-684.2317422340683,640.6330052161651,868.6167921376871],"r":[-0.9845620794610748,1.7933104801199345e-8,-0.17503590698421126,2.7561625363967813e-8,1,-5.257794815622312e-8,0.17503590698421126,-5.6590524253328815e-8,-0.9845620794610748]}},{"t":0.24000000000000002,"j":false,"c":{"p":[-684.1186130461354,640.4934858714824,869.2524688045712],"r":[-0.98456209897995,-6.717086609491485e-9,-0.175035663880675,-1.0323590768543296e-8,1,1.969391915482128e-8,0.175035663880675,2.1196882021949347e-8,-0.98456209897995]}},{"t":0.28,"j":false,"c":{"p":[-684.006759752937,640.2472877671017,869.8810772916066],"r":[-0.98456209897995,-2.2890434898416333e-8,-0.17503559157841697,-3.518062066927259e-8,1,6.711248541101892e-8,0.17503559157841697,7.22342720466973e-8,-0.98456209897995]}},{"t":0.32,"j":false,"c":{"p":[-683.8986088728029,639.7317113491079,870.4892400186253],"r":[-0.98456209897995,-8.367238459295937e-9,-0.17503574059583338,-1.2859675166768207e-8,1,2.4531636088494112e-8,0.17503574059583338,2.640382101345604e-8,-0.98456209897995]}},{"t":0.36,"j":false,"c":{"p":[-683.7858912003392,639.4621779729943,871.1233973451066],"r":[-0.9845621985343627,1.1722987535120791e-8,-0.17503519228247932,1.8017269029446463e-8,1,-3.4371228871014604e-8,0.17503519228247932,-3.699425519757166e-8,-0.9845621985343627]}},{"t":0.39999999999999997,"j":false,"c":{"p":[-683.6717162298081,639.3224444447087,871.7658948714296],"r":[-0.9845623172512933,3.1490796081592806e-8,-0.1750344738247955,4.8398660389391554e-8,1,-9.232875489613959e-8,0.1750344738247955,-9.937484122886701e-8,-0.9845623172512933]}},{"t":0.43999999999999995,"j":false,"c":{"p":[-683.5689769930963,639.3176033288428,872.3439599659476],"r":[-0.9845620020744791,6.582577900325211e-9,-0.1750362685816541,1.0116812587746775e-8,1,-1.9299706111494007e-8,0.1750362685816541,-2.0772535647964777e-8,-0.9845620020744791]}},{"t":0.4799999999999999,"j":false,"c":{"p":[-683.4618618251482,639.3279627943258,872.9462837368843],"r":[-0.9845619204722834,-1.0954896301121253e-8,-0.1750366834626748,-1.6836756920328034e-8,1,3.211867372279813e-8,0.1750366834626748,3.4569868643601874e-8,-0.9845619204722834]}},{"t":0.5199999999999999,"j":false,"c":{"p":[-683.3470306769997,639.3651250997966,873.5913822811954],"r":[-0.9845622507269097,-1.549570498400535e-8,-0.17503466523995842,-2.3815430503949356e-8,1,4.543145163290829e-8,0.17503466523995842,4.889861707086489e-8,-0.9845622507269097]}},{"t":0.5599999999999999,"j":false,"c":{"p":[-683.2338669588858,639.4079947350864,874.2367317658526],"r":[-0.985628197969783,2.0459606325934916e-9,-0.16878600700130122,2.6289333142773294e-9,1,-5.88441141051114e-9,0.16878600700130122,-6.10137937096223e-9,-0.985628197969783]}},{"t":0.6,"j":false,"c":{"p":[-683.123067172245,639.4524909234608,874.8798208194813],"r":[-0.9871363705184402,2.3221844794637657e-8,-0.15978920131398794,3.4559872845359315e-8,1,-6.763649983172989e-8,0.15978920131398794,-7.231631767063477e-8,-0.9871363705184402]}},{"t":0.64,"j":false,"c":{"p":[-683.0261460933842,639.4938186591218,875.5044920569092],"r":[-0.9891388094323307,1.1295333642424833e-8,-0.14667360208115093,1.627867651873973e-8,1,-3.094019914392439e-8,0.14667360208115093,-3.3077990453966187e-8,-0.9891388094323307]}},{"t":0.68,"j":false,"c":{"p":[-682.9380490860057,639.5373517507142,876.1344901376348],"r":[-0.9916841620663331,-7.413554300104913e-9,-0.1272001974284905,-9.26987579511761e-9,1,2.2509242826401697e-8,0.1272001974284905,2.314432522608683e-8,-0.9916841620663331]}},{"t":0.7200000000000001,"j":false,"c":{"p":[-682.8576406183331,639.5828064004761,876.7691295731232],"r":[-0.9947025631907666,-3.203202415839964e-8,-0.10218714596844802,-4.115057933639147e-8,1,9.055593644113448e-8,0.10218714596844802,9.41650330013817e-8,-0.9947025631907666]}},{"t":0.7600000000000001,"j":false,"c":{"p":[-682.7922568711002,639.6369261242619,877.4023359742998],"r":[-0.9950888156890869,-1.016932336134403e-8,-0.09898620310433708,-1.3187399315159105e-8,1,2.983549438294806e-8,0.09898620310433708,3.099433882662676e-8,-0.9950888156890869]}},{"t":0.8000000000000002,"j":false,"c":{"p":[-682.7289524190747,639.6931991271762,878.0365819511593],"r":[-0.9950888312778036,1.3806959940343913e-8,-0.09898596744273486,1.7542550833006468e-8,1,-3.6868240868120104e-8,0.09898596744273486,-3.8423640853611506e-8,-0.9950888312778036]}},{"t":0.8400000000000002,"j":false,"c":{"p":[-682.6651542497032,639.7529409931865,878.675745092456],"r":[-0.9950889081949638,1.926415234069094e-8,-0.09898536652742065,2.4608664049572988e-8,1,-5.27720492893417e-8,0.09898536652742065,-5.494877302502291e-8,-0.9950889081949638]}},{"t":0.8800000000000002,"j":false,"c":{"p":[-682.6019111260533,639.8149534533909,879.3090430960954],"r":[-0.9950888853538102,2.078427078027336e-9,-0.0989854551744067,2.740067860815214e-9,1,-6.548514563982216e-9,0.0989854551744067,-6.787569661704116e-9,-0.9950888853538102]}},{"t":0.9200000000000003,"j":false,"c":{"p":[-682.5389738523743,639.8783344971056,879.9391055904348],"r":[-0.9950888219035998,-2.3940581380218493e-8,-0.09898582305823603,-3.043220975905367e-8,1,6.407147844592847e-8,0.09898582305823603,6.676917277138484e-8,-0.9950888219035998]}},{"t":0.9600000000000003,"j":false,"c":{"p":[-682.4761560485437,639.9435176626855,880.5678652750735],"r":[-0.9950888976387993,-1.4071082970913991e-8,-0.09898521244319047,-1.7921417640113594e-8,1,3.80088273726898e-8,0.09898521244319047,3.959612060243533e-8,-0.9950888976387993]}},{"t":1.0000000000000002,"j":false,"c":{"p":[-682.4134300657133,640.0076283185689,881.1959268814522],"r":[-0.9950888809477079,5.614151554509535e-9,-0.09898541332947809,7.084096763504808e-9,1,-1.4498152942587115e-8,0.09898541332947809,-1.5128191197446344e-8,-0.9950888809477079]}},{"t":1.0400000000000003,"j":false,"c":{"p":[-682.3507930018257,640.0707003620668,881.8233124727526],"r":[-0.995088774751514,3.480488997872947e-8,-0.09898640006911334,4.4189430272523855e-8,1,-9.261367364012492e-8,0.09898640006911334,-9.653298857074458e-8,-0.995088774751514]}},{"t":1.0800000000000003,"j":false,"c":{"p":[-682.2861995537514,640.1317332624586,882.4768247910092],"r":[-0.996551961050727,1.4918274537240794e-8,-0.08111601017153702,1.9351140758643243e-8,1,-3.9309403824991275e-8,0.08111601017153702,-4.1181243145259796e-8,-0.996551961050727]}},{"t":1.1200000000000003,"j":false,"c":{"p":[-682.2288343530773,640.190645318265,883.1276252781847],"r":[-0.99816110342011,-1.1010013876532752e-8,-0.05941515660557069,-1.2634942045809621e-8,1,2.994688985702055e-8,0.05941515660557069,3.058156129835609e-8,-0.99816110342011]}},{"t":1.1600000000000004,"j":false,"c":{"p":[-682.1986186467386,640.2435704331508,883.749009564404],"r":[-0.9991803595923178,-2.1225230760369718e-8,-0.037646516723898446,-2.309193372853666e-8,1,5.632253346505833e-8,0.037646516723898446,5.705213275253172e-8,-0.9991803595923178]}},{"t":1.2000000000000004,"j":false,"c":{"p":[-682.1754031526727,640.2948399469275,884.3835083772831],"r":[-0.9995698095367915,-5.758022948499588e-9,-0.029329139519717735,-6.281946849675937e-9,1,1.7773388950651594e-8,0.029329139519717735,1.794996380952448e-8,-0.9995698095367915]}},{"t":1.2400000000000004,"j":false,"c":{"p":[-682.1565295421207,640.3446361694052,885.0257193278076],"r":[-0.9995697711383326,2.3053779485354847e-8,-0.029330388476594214,2.4669048090624375e-8,1,-5.470968128552226e-8,0.029330388476594214,-5.540969444085073e-8,-0.9995697711383326]}},{"t":1.2800000000000005,"j":false,"c":{"p":[-682.137834739939,640.3881405319822,885.6623552371025],"r":[-0.9995697331036602,1.633300768245571e-8,-0.029331908674906995,1.751828961630749e-8,1,-4.015273431948808e-8,0.029331908674906995,-4.064929622248396e-8,-0.9995697331036602]}},{"t":1.3200000000000005,"j":false,"c":{"p":[-682.1188689195221,640.4228757127889,886.3087009507658],"r":[-0.9995697303625054,-3.351942919849591e-9,-0.02933214858054718,-3.5331745010645057e-9,1,6.1286069859087585e-9,0.02933214858054718,6.2295842506174515e-9,-0.9995697303625054]}},{"t":1.3600000000000005,"j":false,"c":{"p":[-682.0996315971128,640.448826059164,886.9647738004351],"r":[-0.9995697629778659,-3.6024212895817155e-8,-0.02933110590824023,-3.851015650113458e-8,1,8.419096948797242e-8,0.02933110590824023,8.528427726794651e-8,-0.9995697629778659]}},{"t":1.4000000000000006,"j":false,"c":{"p":[-682.0806262215054,640.4637111430908,887.6132008088025],"r":[-0.9995697478428499,-2.2402621034241053e-8,-0.02933128139629484,-2.3971222371876817e-8,1,5.312846499045432e-8,0.02933128139629484,5.380869832060084e-8,-0.9995697478428499]}},{"t":1.4400000000000006,"j":false,"c":{"p":[-682.0619034387776,640.4710510046272,888.2521157693898],"r":[-0.9995697233224711,1.1226221220771418e-8,-0.029331735846874537,1.197071626614975e-8,1,-2.5206680644723964e-8,0.029331735846874537,-2.5546950900022896e-8,-0.9995697233224711]}},{"t":1.4800000000000006,"j":false,"c":{"p":[-682.0444077101957,640.4628498818545,888.8491575072468],"r":[-0.9995697995977945,2.6144085754326862e-8,-0.02932990523911276,2.7922924540813755e-8,1,-6.024084455452392e-8,0.02932990523911276,-6.103388942962875e-8,-0.9995697995977945]}},{"t":1.5200000000000007,"j":false,"c":{"p":[-682.0255558786307,640.4540130858084,889.492476259402],"r":[-0.9995697908353796,1.2803487042065676e-8,-0.02932994443761421,1.368865276357716e-8,1,-2.9981234405694785e-8,0.02932994443761421,-3.036979082937843e-8,-0.9995697908353796]}},{"t":1.5600000000000007,"j":false,"c":{"p":[-682.0056317312122,640.4446736417059,890.1723877900585],"r":[-0.9995697148307888,-2.2882020952224453e-8,-0.029331462154284296,-2.4415075481832745e-8,1,5.190834037814855e-8,0.029331462154284296,5.260213890523439e-8,-0.9995697148307888]}},{"t":1.6000000000000008,"j":false,"c":{"p":[-681.9870369081339,640.4484507391625,890.8069361276079],"r":[-0.999569751494539,-1.9707922647864117e-8,-0.029330579154797986,-2.1036578400766892e-8,1,4.499060837431943e-8,0.029330579154797986,4.5588269465336926e-8,-0.999569751494539]}},{"t":1.6400000000000008,"j":false,"c":{"p":[-681.9683323834454,640.4557839827455,891.4451304967218],"r":[-0.9995697895489918,-2.64439248632345e-9,-0.029329666840114718,-2.831640241610834e-9,1,6.341452481704886e-9,0.029329666840114718,6.421790275597319e-9,-0.9995697895489918]}},{"t":1.6800000000000008,"j":false,"c":{"p":[-681.9494530373394,640.4679768937724,892.0891521907622],"r":[-0.9995698279591199,3.357750362653464e-8,-0.029328747397676137,3.582411067329435e-8,1,-7.607596644658969e-8,0.029328747397676137,-7.709391248035466e-8,-0.9995698279591199]}},{"t":1.7200000000000009,"j":false,"c":{"p":[-681.9310458143788,640.4845000870378,892.7167724734225],"r":[-0.9995698049286077,1.7799326353370245e-8,-0.029329412976692823,1.8994016029138697e-8,1,-4.045634995061377e-8,0.029329412976692823,-4.0996012251538526e-8,-0.9995698049286077]}},{"t":1.760000000000001,"j":false,"c":{"p":[-681.9123606710625,640.5021815046802,893.3418794122709],"r":[-0.9995450860467069,-5.895015197194029e-9,-0.029950154820156418,-6.328393634956974e-9,1,1.3156803715305181e-8,0.029950154820156418,1.33565162778389e-8,-0.9995450860467069]}},{"t":1.800000000000001,"j":false,"c":{"p":[-681.8869852703539,640.528600716198,893.9693176890833],"r":[-0.9990535852874695,-2.1209003284103952e-8,-0.042290969805252876,-2.35690066525911e-8,1,4.8206938942878606e-8,0.042290969805252876,4.929062648046787e-8,-0.9990535852874695]}},{"t":1.840000000000001,"j":false,"c":{"p":[-681.8591108850222,640.5655946335664,894.6009993456594],"r":[-0.9987363219261169,-1.915823563178926e-8,-0.050257053163346894,-2.1354034469764725e-8,1,4.3154614066218926e-8,0.050257053163346894,4.417326324874987e-8,-0.9987363219261169]}},{"t":1.880000000000001,"j":false,"c":{"p":[-681.8266861777095,640.621843698017,895.2404076380994],"r":[-0.9987363219261169,1.4511465967952793e-8,-0.05025732620834471,1.6286996829593456e-8,1,-3.491901074735004e-8,0.05025732620834471,-3.569342824637542e-8,-0.9987363219261169]}},{"t":1.920000000000001,"j":false,"c":{"p":[-681.7939124302718,640.6857965481662,895.8772726011482],"r":[-0.9982830925081152,2.0201073421186786e-8,-0.05770886554768577,2.2796945557672557e-8,1,-4.861528122136958e-8,0.05770886554768577,-4.97443382422504e-8,-0.9982830925081152]}},{"t":1.960000000000001,"j":false,"c":{"p":[-681.7609005965232,640.7550042838851,896.5124027151968],"r":[-0.9975207074591682,6.804974350990021e-9,-0.0702430426000066,8.071844017478202e-9,1,-1.8398643995866854e-8,0.0702430426000066,-1.890116447530494e-8,-0.9975207074591682]}},{"t":2.000000000000001,"j":false,"c":{"p":[-681.7117680557833,640.8201643469391,897.1730705394581],"r":[-0.9971627257187401,-2.2533353067745898e-8,-0.07519743236270585,-2.6565567673251464e-8,1,4.9949048210783244e-8,0.07519743236270585,5.188867485965459e-8,-0.9971627257187401]}},{"t":2.040000000000001,"j":false,"c":{"p":[-681.6617862438935,640.8773599504191,897.8244563360048],"r":[-0.9969437224174612,-3.177312529562859e-8,-0.0781231598940826,-3.755993847903302e-8,1,7.260437668243573e-8,0.0781231598940826,7.531675110590992e-8,-0.9969437224174612]}},{"t":2.080000000000001,"j":false,"c":{"p":[-681.61267159414,640.9189244265633,898.4527386399093],"r":[-0.9969435719436568,2.657295049673572e-9,-0.0781251113512333,3.004474546836911e-9,1,-4.325671474519483e-9,0.0781251113512333,-4.547196878986859e-9,-0.9969435719436568]}},{"t":2.120000000000001,"j":false,"c":{"p":[-681.5646084295608,640.9451806894307,899.0682660477164],"r":[-0.9966837520637397,1.9310323367038976e-8,-0.08129825226779186,2.292983058496664e-8,1,-4.268104927638397e-8,0.08129825226779186,-4.443398640121026e-8,-0.9966837520637397]}},{"t":2.160000000000001,"j":false,"c":{"p":[-681.5160526547985,640.9653424656979,899.683059963067],"r":[-0.996328917339303,2.4648237721044902e-8,-0.08558836460470834,2.950998075726131e-8,1,-5.6226510447904233e-8,0.08558836460470834,-5.8519863635691646e-8,-0.996328917339303]}},{"t":2.200000000000001,"j":false,"c":{"p":[-681.460762483534,640.9789875436277,900.3266659509663],"r":[-0.9959294672955914,-1.0981184333991407e-8,-0.09008135920912878,-1.3116509690416737e-8,1,2.1151962239068972e-8,0.09008135920912878,2.2325162137483666e-8,-0.9959294672955914]}},{"t":2.240000000000001,"j":false,"c":{"p":[-681.4015845144695,640.9862743261812,900.9857373589621],"r":[-0.995755672454834,-2.0955877713339394e-8,-0.09203619509935379,-2.5106551341120272e-8,1,4.394045283635307e-8,0.09203619509935379,4.606466719569201e-8,-0.995755672454834]}},{"t":2.280000000000001,"j":false,"c":{"p":[-681.3394122461788,640.9886640847888,901.6567199047806],"r":[-0.995755672454834,-1.1171844387089321e-8,-0.09203619509935379,-1.3501051340934516e-8,1,2.468489960027475e-8,0.09203619509935379,2.582271404198158e-8,-0.995755672454834]}},{"t":2.320000000000001,"j":false,"c":{"p":[-681.2841379160642,640.9784128882819,902.2518672721857],"r":[-0.995755672454834,2.186608954451896e-8,-0.09203619509935379,2.6038000405864358e-8,1,-4.412825370738526e-8,0.09203619509935379,-4.6337395769456406e-8,-0.995755672454834]}},{"t":2.360000000000001,"j":false,"c":{"p":[-681.2269441517662,640.966587398107,902.8678508540673],"r":[-0.995755672454834,3.02030054124361e-8,-0.09203619509935379,3.607238003355564e-8,1,-6.210894670017508e-8,0.09203619509935379,-6.516529858818615e-8,-0.995755672454834]}},{"t":2.4000000000000012,"j":false,"c":{"p":[-681.1668765359975,640.9528905524757,903.5150565858995],"r":[-0.995755672454834,3.295704522387291e-9,-0.09203619509935379,4.004354143510881e-9,1,-7.515019255209612e-9,0.09203619509935379,-7.851668349870661e-9,-0.995755672454834]}},{"t":2.4400000000000013,"j":false,"c":{"p":[-681.1088574801245,640.9641313075117,904.1433214794506],"r":[-0.995755672454834,-2.277505105208814e-8,-0.09203619509935379,-2.7094553196558894e-8,1,4.568316511207327e-8,0.09203619509935379,4.798295269569099e-8,-0.995755672454834]}},{"t":2.4800000000000013,"j":false,"c":{"p":[-681.047146165538,640.9661488094671,904.7852403645414],"r":[-0.9953544550773823,-2.978518900566529e-8,-0.09593148645037013,-3.541681599608422e-8,1,6.115058202089564e-8,0.09593148645037013,6.407140028205754e-8,-0.9953544550773823]}},{"t":2.5200000000000014,"j":false,"c":{"p":[-680.9757102513571,640.9371968090061,905.4669498319175],"r":[-0.9939715151776454,9.561492129079444e-9,-0.10935800816444732,1.1665671757623158e-8,1,-1.5233658094697522e-8,0.10935800816444732,-1.6595171903778565e-8,-0.9939715151776454]}},{"t":2.5600000000000014,"j":false,"c":{"p":[-680.9028243542439,640.8838436136984,906.1014534006866],"r":[-0.9932349205805041,2.331591800945327e-8,-0.11607016170138669,2.8588413656451967e-8,1,-4.3475431300257615e-8,0.11607016170138669,-4.6513181697905355e-8,-0.9932349205805041]}},{"t":2.6000000000000014,"j":false,"c":{"p":[-680.8291650030584,640.8246437814307,906.7200496660214],"r":[-0.9927975535392761,2.177282168263331e-8,-0.11980414390563965,2.707581454717198e-8,1,-4.263609074732585e-8,0.11980414390563965,-4.557280145135032e-8,-0.9927975535392761]}},{"t":2.6400000000000015,"j":false,"c":{"p":[-680.7538895330596,640.7827984589046,907.3436564054863],"r":[-0.9927975535392761,-1.8523285471084072e-8,-0.11980414390563965,-2.2639225509362393e-8,1,3.299454516262538e-8,0.11980414390563965,3.546917529384753e-8,-0.9927975535392761]}},{"t":2.6800000000000015,"j":false,"c":{"p":[-680.675960841537,640.7435816453223,907.9884032440713],"r":[-0.9927975535392761,-2.5828593944656385e-8,-0.11980414390563965,-3.175935547289073e-8,1,4.759449216817055e-8,0.11980414390563965,5.105659647433993e-8,-0.9927975535392761]}},{"t":2.7200000000000015,"j":false,"c":{"p":[-680.5958632153898,640.7065135645195,908.6504315243061],"r":[-0.9927975535392761,-6.1648442725065655e-9,-0.11980414390563965,-7.694278211425987e-9,1,1.2303552514855125e-8,0.11980414390563965,1.3136743337483762e-8,-0.9927975535392761]}},{"t":2.7600000000000016,"j":false,"c":{"p":[-680.5238468234238,640.6649884137526,909.2452754707235],"r":[-0.9927975535392761,2.9122406399407293e-8,-0.11980414390563965,3.561112577643851e-8,1,-5.2020190491428875e-8,0.11980414390563965,-5.59118799930899e-8,-0.9927975535392761]}},{"t":2.8000000000000016,"j":false,"c":{"p":[-680.4503915147584,640.6215722244594,909.8519826766474],"r":[-0.9927975535392761,3.699277841792782e-8,-0.11980414390563965,4.532592941324736e-8,1,-6.683154738185402e-8,0.11980414390563965,-7.178043299860051e-8,-0.9927975535392761]}},{"t":2.8400000000000016,"j":false,"c":{"p":[-680.3740634668105,640.575542332949,910.482417393285],"r":[-0.9927975535392761,7.863230724462234e-10,-0.11980414390563965,1.0310964135705419e-9,1,-1.981129179936851e-9,0.11980414390563965,-2.0903898660650455e-9,-0.9927975535392761]}},{"t":2.8800000000000017,"j":false,"c":{"p":[-680.2936635849427,640.5353141293243,911.1468329371193],"r":[-0.9927975535392761,-2.027438669139305e-8,-0.11980414390563965,-2.4760567573698165e-8,1,3.595739148000035e-8,0.11980414390563965,3.8664830701617283e-8,-0.9927975535392761]}},{"t":2.9200000000000017,"j":false,"c":{"p":[-680.2137618944182,640.5066344629962,911.8027801711236],"r":[-0.9925321438748878,-2.4703294744508054e-8,-0.1218815167383218,-3.012992646027769e-8,1,4.4335857319660366e-8,0.1218815167383218,4.757118062544693e-8,-0.9925321438748878]}},{"t":2.9600000000000017,"j":false,"c":{"p":[-680.138167760838,640.5095462370305,912.4095117528915],"r":[-0.9914498528651797,1.1738293040438623e-8,-0.1303526549156195,1.475019574800237e-8,1,-1.993041881730413e-8,0.1303526549156195,-2.1833501885857455e-8,-0.9914498528651797]}},{"t":3.0000000000000018,"j":false,"c":{"p":[-680.0546787599238,640.5209852303351,913.032565982652],"r":[-0.9906539718451097,2.3598651009317054e-8,-0.13635663983599888,2.945174056856536e-8,1,-4.103984794534387e-8,0.13635663983599888,-4.4662766950532114e-8,-0.9906539718451097]}},{"t":3.040000000000002,"j":false,"c":{"p":[-679.9662773882077,640.5384015258996,913.664257656471],"r":[-0.9900413216287074,1.8113741630363904e-8,-0.1407722196634538,2.277785580621614e-8,1,-3.168986220144486e-8,0.1407722196634538,-3.4568322204529035e-8,-0.9900413216287074]}},{"t":3.080000000000002,"j":false,"c":{"p":[-679.8804198819014,640.5661854571249,914.2610225983731],"r":[-0.9894344333659587,-1.949666524898715e-8,-0.1449419900427005,-2.4909162053033395e-8,1,3.4191695845669236e-8,0.1449419900427005,3.7542060960383597e-8,-0.9894344333659587]}},{"t":3.120000000000002,"j":false,"c":{"p":[-679.7873463219801,640.598382327105,914.8977445813842],"r":[-0.9890656471252441,-3.087575043728188e-8,-0.14747582376003265,-3.9279888453189476e-8,1,5.407421219371457e-8,0.14747582376003265,5.927577878761416e-8,-0.9890656471252441]}},{"t":3.160000000000002,"j":false,"c":{"p":[-679.6830961191108,640.6374142129325,915.596354350374],"r":[-0.9890656471252441,-1.6262410727775455e-9,-0.14747582376003265,-2.048407628083851e-9,1,2.710741129468606e-9,0.14747582376003265,2.9831914582664493e-9,-0.9890656471252441]}},{"t":3.200000000000002,"j":false,"c":{"p":[-679.5873643181666,640.6999668289643,916.2380385902057],"r":[-0.9890656471252441,2.3689323551202348e-8,-0.14747582376003265,3.016545025843642e-8,1,-4.167657244821144e-8,0.14747582376003265,-4.5669540553035657e-8,-0.9890656471252441]}},{"t":3.240000000000002,"j":false,"c":{"p":[-679.4950807186532,640.7757776549005,916.8565901291736],"r":[-0.9890655974944006,3.3615082515363545e-8,-0.14747615049641938,4.2786869915597974e-8,1,-5.901953038524518e-8,0.14747615049641938,-6.46842117816073e-8,-0.9890655974944006]}},{"t":3.280000000000002,"j":false,"c":{"p":[-679.4068548139023,640.8754450664569,917.447722264879],"r":[-0.9890653798318066,-5.045872520351004e-9,-0.1474775834418296,-6.43802975699768e-9,1,8.962073500235793e-9,0.1474775834418296,9.813569953195315e-9,-0.9890653798318066]}},{"t":3.320000000000002,"j":false,"c":{"p":[-679.31182586727,641.0100539154397,918.0594252832225],"r":[-0.9874345512649635,-2.0722901419745067e-8,-0.15745754675809007,-2.692701135748842e-8,1,3.724423263890337e-8,0.15745754675809007,4.10169549606713e-8,-0.9874345512649635]}},{"t":3.360000000000002,"j":false,"c":{"p":[-679.2119704242461,641.1694523695139,918.6857225511029],"r":[-0.9846468670175416,-2.0093719288955643e-8,-0.1745168933369452,-2.7028965021557987e-8,1,3.7361163609713495e-8,0.1745168933369452,4.1504631726087434e-8,-0.9846468670175416]}},{"t":3.400000000000002,"j":false,"c":{"p":[-679.1091134288605,641.3938307712841,919.2593334898376],"r":[-0.9837971834877941,1.7695058096429274e-8,-0.17925283401399342,2.3586419840393137e-8,1,-2.9607637650519798e-8,0.17925283401399342,-3.34578593793423e-8,-0.9837971834877941]}},{"t":3.440000000000002,"j":false,"c":{"p":[-679.0043635533674,641.6357498336413,919.8338507148408],"r":[-0.9826920175205743,3.1491580360463725e-8,-0.18515171970270666,4.2210685238045225e-8,1,-5.503532924857663e-8,0.18515171970270666,-6.17934408324074e-8,-0.9826920175205743]}},{"t":3.480000000000002,"j":false,"c":{"p":[-678.8968022406344,641.9018927579818,920.4123771829813],"r":[-0.9810920971240045,5.952681767394342e-9,-0.19347500913354215,8.327832450492183e-9,1,-1.2221039154122479e-8,0.19347500913354215,-1.3524860433550842e-8,-0.9810920971240045]}},{"t":3.5200000000000022,"j":false,"c":{"p":[-678.7757132137656,642.1449333269642,920.9945263741372],"r":[-0.977937975289993,-2.1626161924294395e-8,-0.20842997962180437,-3.010844317046349e-8,1,3.4578159523642896e-8,0.20842997962180437,4.041056355641813e-8,-0.977937975289993]}},{"t":3.5600000000000023,"j":false,"c":{"p":[-678.6469063028335,642.373101213041,921.5800658391047],"r":[-0.9742020953933298,-3.895773796362195e-8,-0.2255274364523198,-5.4692821792102455e-8,1,6.486177201757618e-8,0.2255274364523198,7.536251056911735e-8,-0.9742020953933298]}},{"t":3.6000000000000023,"j":false,"c":{"p":[-678.5021487881334,642.5651339667191,922.17683327439],"r":[-0.97023658123717,1.2862977259055031e-9,-0.24181840986500827,1.8196209856883997e-9,1,1.081811412501775e-9,0.24181840986500827,2.1800767854816253e-10,-0.97023658123717]}},{"t":3.6400000000000023,"j":false,"c":{"p":[-678.3478456812102,642.7546646813612,922.7681598548204],"r":[-0.9633674364612046,2.2021333721417944e-8,-0.2669287518400853,3.2273952831154117e-8,1,-3.357402640870111e-8,0.2669287518400853,-4.100260290724414e-8,-0.9633674364612046]}},{"t":3.6800000000000024,"j":false,"c":{"p":[-678.1837795759103,642.9416363716414,923.3539216619109],"r":[-0.9535285292687083,2.280304174187513e-8,-0.30105932838476024,3.607668582490804e-8,1,-3.844242340736686e-8,0.30105932838476024,-4.7526685738447123e-8,-0.9535285292687083]}},{"t":3.7200000000000024,"j":false,"c":{"p":[-677.9743646824546,643.0993454859722,923.9532822826664],"r":[-0.9381158631096017,-1.2846226702779994e-8,-0.3442194601605766,-2.1292504249703696e-8,1,1.39324491448637e-8,0.3442194601605766,2.1622528395824256e-8,-0.9381158631096017]}},{"t":3.7600000000000025,"j":false,"c":{"p":[-677.7518082914072,643.2177240817367,924.5496357695123],"r":[-0.9232054492109804,-3.4349261800957603e-8,-0.3838536622094928,-5.6445358284592034e-8,1,4.7434009048799784e-8,0.3838536622094928,6.521513852737408e-8,-0.9232054492109804]}},{"t":3.8000000000000025,"j":false,"c":{"p":[-677.5051038925179,643.24056492358,925.1352236790157],"r":[-0.9108148524247947,-1.1227585323010922e-8,-0.4123763205103289,-2.065113400073496e-8,1,1.9511208472573983e-8,0.4123763205103289,2.6034456742562603e-8,-0.9108148524247947]}},{"t":3.8400000000000025,"j":false,"c":{"p":[-677.2267052775524,643.2474608445069,925.7099388502589],"r":[-0.8937797957092302,1.4638096325478954e-8,-0.4471768621304573,2.4980202445733388e-8,1,-1.3757584047573208e-8,0.4471768621304573,-2.4270069408039108e-8,-0.8937797957092302]}},{"t":3.8800000000000026,"j":false,"c":{"p":[-676.9345501423411,643.2488128568343,926.2786969412504],"r":[-0.87507557415796,3.898948701271489e-8,-0.4839399422537848,6.994947192285027e-8,1,-4.614466514653403e-8,0.4839399422537848,-7.417128215593879e-8,-0.87507557415796]}},{"t":3.9200000000000026,"j":false,"c":{"p":[-676.6281474685107,643.2740193822183,926.8146752145368],"r":[-0.8620956315701374,3.6185580048212906e-9,-0.5063488031858667,8.218309636776537e-9,1,-8.785549017969303e-9,0.5063488031858667,-1.1196776657305441e-8,-0.8620956315701374]}},{"t":3.9600000000000026,"j":false,"c":{"p":[-676.3071062364498,643.2856556891056,927.358892814255],"r":[-0.8527252825325043,-2.2586825802068795e-8,-0.5223237319704046,-3.868035705735117e-8,1,1.9669302812792172e-8,0.5223237319704046,3.7038582868976954e-8,-0.8527252825325043]}},{"t":4.000000000000003,"j":false,"c":{"p":[-675.9662597377503,643.278932141734,927.9142578271499],"r":[-0.8482385403086122,-3.639166689607625e-8,-0.5295938593865882,-6.551136917197477e-8,1,3.607711245127734e-8,0.5295938593865882,6.533258537030696e-8,-0.8482385403086122]}},{"t":4.040000000000003,"j":false,"c":{"p":[-675.6343049340711,643.120480745496,928.4431447183402],"r":[-0.8455212408029512,8.729839005656298e-10,-0.5339304114444438,-5.098480940473391e-10,1,2.911913450972241e-9,0.5339304114444438,2.5876817850903185e-9,-0.8455212408029512]}},{"t":4.080000000000003,"j":false,"c":{"p":[-675.3073729058221,642.9171282030355,928.960253865723],"r":[-0.843571026146537,4.1754663444521006e-8,-0.5370176426030097,7.165455690996092e-8,1,-3.4805259443774e-8,0.5370176426030097,-6.784047260180366e-8,-0.843571026146537]}},{"t":4.120000000000003,"j":false,"c":{"p":[-674.9978514057615,642.682455985728,929.4462235800385],"r":[-0.8435716159021354,1.8305743760738782e-8,-0.5370167406238593,3.2431059813135605e-8,1,-1.685636944508374e-8,0.5370167406238593,-3.1635592365770964e-8,-0.8435716159021354]}},{"t":4.160000000000003,"j":false,"c":{"p":[-674.6836857397892,642.4391786116452,929.939550565427],"r":[-0.8435720064754137,-1.2907970677314275e-8,-0.5370161370246196,-2.0239724923696482e-8,1,7.75712366345886e-9,0.5370161370246196,1.741274648148271e-8,-0.8435720064754137]}},{"t":4.200000000000003,"j":false,"c":{"p":[-674.3629727059193,642.1837696453027,930.4432498676871],"r":[-0.8435721162404799,-5.506853087288248e-8,-0.5370159540828426,-9.186856178046742e-8,1,4.176640694900279e-8,0.5370159540828426,8.456785632004108e-8,-0.8435721162404799]}},{"t":4.240000000000003,"j":false,"c":{"p":[-674.0642693365825,641.9305318495088,930.912333162881],"r":[-0.8418693293197697,-2.5939692304121033e-8,-0.5396702594401036,-4.379596167370103e-8,1,2.0666849024761143e-8,0.5396702594401036,4.088852863695368e-8,-0.8418693293197697]}},{"t":4.280000000000003,"j":false,"c":{"p":[-673.7715296179962,641.670031638282,931.3716292862364],"r":[-0.839695910621775,2.0540147940865594e-8,-0.5430556691569681,3.3471703467738136e-8,1,-1.3928517460639362e-8,0.5430556691569681,-2.987388786755626e-8,-0.839695910621775]}},{"t":4.320000000000003,"j":false,"c":{"p":[-673.4781270957866,641.2467508841522,931.823516601006],"r":[-0.8373826427862795,2.4140234406398274e-8,-0.5466068461277835,4.000757724594283e-8,1,-1.7096084437411093e-8,0.5466068461277835,-3.6194366815258244e-8,-0.8373826427862795]}},{"t":4.360000000000003,"j":false,"c":{"p":[-673.1888509786074,640.820035174856,932.2671823456955],"r":[-0.8359918436352676,8.418667265167758e-9,-0.5487419007801614,1.4084231998937083e-8,1,-6.1152172399562335e-9,0.5487419007801614,-1.2840854638840255e-8,-0.8359918436352676]}},{"t":4.400000000000003,"j":false,"c":{"p":[-672.9057933605866,640.388142982482,932.6984581707701],"r":[-0.8359912063069479,-3.6420663597705055e-8,-0.5487428567726409,-6.075520963405735e-8,1,2.618736349717912e-8,0.5487428567726409,5.523141090182366e-8,-0.8359912063069479]}},{"t":4.440000000000003,"j":true,"c":{"p":[-672.7152892435008,640.2981146788487,932.988811780362],"r":[-0.8359921340540959,-6.656783541028533e-8,-0.5487414743436961,-1.1107227342223274e-7,1,4.7905445646988465e-8,0.5487414743436961,1.0099853964289591e-7,-0.8359921340540959]}},{"t":4.480000000000003,"j":false,"c":{"p":[-672.2927411400784,642.5427118312616,933.6250264381339],"r":[-0.8280459660506119,-5.298569115794741e-8,-0.5606494613936794,-9.228404371730479e-8,1,4.194932079033e-8,0.5606494613936794,8.64108045120792e-8,-0.8280459660506119]}},{"t":4.520000000000003,"j":false,"c":{"p":[-671.9155537617066,643.849241514669,934.174883412183],"r":[-0.8211890305718308,1.1149373102955418e-8,-0.5705693402125845,1.0825356071185139e-8,1,5.241167889200283e-9,0.5705693402125845,-2.3986887498307685e-9,-0.8211890305718308]}},{"t":4.560000000000003,"j":false,"c":{"p":[-671.6366017477085,644.7634771199536,934.5800514676957],"r":[-0.8167135978525962,5.2848474774424406e-8,-0.5770431989230124,7.809943958786018e-8,1,-1.8951949742598325e-8,0.5770431989230124,-6.05450969998008e-8,-0.8167135978525962]}},{"t":4.600000000000003,"j":false,"c":{"p":[-671.2114375273438,645.5855399120288,935.181296778036],"r":[-0.8164350978855061,5.3439320576668516e-8,-0.577437130338796,8.198608965987649e-8,1,-2.3372031324103104e-8,0.577437130338796,-6.642368012130298e-8,-0.8164350978855061]}},{"t":4.640000000000003,"j":false,"c":{"p":[-670.8329283739085,646.0036030876951,935.716449812031],"r":[-0.816332383117348,2.994797741269177e-8,-0.5775824142079501,4.86662205297166e-8,1,-1.6932359065777006e-8,0.5775824142079501,-4.193119118805537e-8,-0.816332383117348]}},{"t":4.680000000000003,"j":false,"c":{"p":[-670.481698732602,646.1854451375276,936.2129582748605],"r":[-0.8163324510645937,-7.624373651004859e-9,-0.5775823122870815,-6.408535232293249e-9,1,-4.14292018855419e-9,0.5775823122870815,3.194552833524796e-10,-0.8163324510645937]}},{"t":4.720000000000003,"j":false,"c":{"p":[-670.1065515277592,645.8954768729113,936.7432773029426],"r":[-0.8163324292431555,-4.7630423359897956e-8,-0.5775823299159326,-6.505064158372403e-8,1,9.474879932097055e-9,0.5775823299159326,4.5306755740703414e-8,-0.8163324292431555]}},{"t":4.760000000000003,"j":false,"c":{"p":[-669.7273810832039,645.4538986119719,937.2792837000002],"r":[-0.8176071285783025,-7.969646288914259e-8,-0.5757297521212504,-1.1217669900949487e-7,1,2.0785455430011655e-8,0.5757297521212504,8.163795743065309e-8,-0.8176071285783025]}},{"t":4.800000000000003,"j":false,"c":{"p":[-669.3443994993203,644.5174913236248,937.8206776347454],"r":[-0.8262863074189449,-6.365163832700147e-8,-0.5631160024437591,-8.949290614217702e-8,1,1.8016788570083945e-8,0.5631160024437591,6.545104881531744e-8,-0.8262863074189449]}},{"t":4.840000000000003,"j":false,"c":{"p":[-668.9798637715786,643.3643902409265,938.3594171992833],"r":[-0.8372596435657715,-1.2073990991490052e-8,-0.5464722047054975,-2.3287547145217758e-8,1,1.1653669526157876e-8,0.5464722047054975,2.384993138716761e-8,-0.8372596435657715]}},{"t":4.8800000000000034,"j":false,"c":{"p":[-668.6390607861016,641.9324873540667,938.8947416074026],"r":[-0.8511846802811792,8.522077125184392e-8,-0.5246432807684706,9.891337551431551e-8,1,6.658691115842579e-10,0.5246432807684706,-5.044952560148486e-8,-0.8511846802811792]}},{"t":4.9200000000000035,"j":false,"c":{"p":[-668.3038270486139,640.0901740367648,939.4401830811333],"r":[-0.8545978882820622,1.2103543651111272e-7,-0.5192903116988217,1.4539492886720296e-7,1,-6.200056163679279e-9,0.5192903116988217,-8.079987936923968e-8,-0.8545978882820622]}},{"t":4.9600000000000035,"j":false,"c":{"p":[-667.9713061043682,638.2975800034257,939.9857817436817],"r":[-0.8520654040913418,1.2383868683090706e-7,-0.5230850519379471,1.5119386421431533e-7,1,-1.0784775994904652e-8,0.5230850519379471,-8.735720565979152e-8,-0.8520654040913418]}},{"t":5.0000000000000036,"j":false,"c":{"p":[-667.6474520522713,638.2030715631225,940.5024651930365],"r":[-0.8254482884820756,2.2815367660272735e-9,-0.5630248665313712,3.590847242155334e-9,1,-6.395458509538877e-9,0.5630248665313712,-3.1920032374760934e-9,-0.8254482884820756]}},{"t":5.040000000000004,"j":false,"c":{"p":[-667.2790209522434,638.1314489432559,941.0061140922531],"r":[-0.7670081233658188,-7.387719134829564e-8,-0.6311515549222795,-9.371524076403059e-8,1,-3.558867995367715e-9,0.6311515549222795,5.667770658211162e-8,-0.7670081233658188]}},{"t":5.080000000000004,"j":false,"c":{"p":[-666.8283543977677,638.1020459393433,941.4857169362938],"r":[-0.6498609989600802,-6.62851994484159e-8,-0.7512772087851541,-9.823387417562214e-8,1,-3.586738320047928e-9,0.7512772087851541,7.172724620295916e-8,-0.6498609989600802]}},{"t":5.120000000000004,"j":false,"c":{"p":[-666.3437631987658,638.1470727294324,941.8798846635096],"r":[-0.5899559771145291,-6.374932179260001e-8,-0.8068631269643753,-1.0264167914824441e-7,1,-4.059031300011461e-9,0.8068631269643753,8.050295242682185e-8,-0.5899559771145291]}},{"t":5.160000000000004,"j":false,"c":{"p":[-665.8410192921544,638.2319260912312,942.2283369906983],"r":[-0.560680580582389,-6.391891577236288e-8,-0.8279145358680444,-1.0699018103087048e-7,1,-4.7691299999484415e-9,0.8279145358680444,8.592159876584965e-8,-0.560680580582389]}},{"t":5.200000000000004,"j":true,"c":{"p":[-665.4318315877315,638.149850333999,942.5044788740496],"r":[-0.5672109130294386,-6.705480282599928e-8,-0.8235062775886374,-1.1046177621712069e-7,1,-5.31571474505128e-9,0.8235062775886374,8.79298626542014e-8,-0.5672109130294386]}},{"t":5.240000000000004,"j":true,"c":{"p":[-664.9063720703125,638.8592529296875,942.8579711914062],"r":[-0.5978941917419434,-7.349122910227379e-8,-0.8015750050544739,-1.1495063745314837e-7,1,-5.941941605414058e-9,0.8015750050544739,8.858890510055062e-8,-0.5978941917419434]}},{"t":5.280000000000004,"j":false,"c":{"p":[-664.4491625106973,640.342093063201,943.2324711754064],"r":[-0.6480818152588832,-1.1998004055398271e-9,-0.7590916211759291,-1.8908445504211224e-8,1,8.601516219918386e-9,0.7590916211759291,2.5250133936566603e-8,-0.6480818152588832]}},{"t":5.320000000000004,"j":true,"c":{"p":[-663.9679859546355,641.8048484620343,943.6594885214765],"r":[-0.7076725005352246,1.0498181061788267e-7,-0.7065014344098857,1.2117678978602493e-7,1,2.7144693851857674e-8,0.7065014344098857,-6.636403126230946e-8,-0.7076725005352246]}},{"t":5.360000000000004,"j":false,"c":{"p":[-663.4876282636427,642.8537275432196,944.1460870238263],"r":[-0.7131572608142088,7.956249690211053e-8,-0.7010037826061266,9.97506971193881e-8,1,1.2024863927010668e-8,0.7010037826061266,-6.136429772050097e-8,-0.7131572608142088]}},{"t":5.400000000000004,"j":false,"c":{"p":[-662.9981949007596,643.6018316884171,944.6441826496676],"r":[-0.7134842151318311,1.235452150946258e-8,-0.7006712681140185,2.5495354997877555e-8,1,-8.32910328951236e-9,0.7006712681140185,-2.38066288460881e-8,-0.7134842151318311]}},{"t":5.440000000000004,"j":false,"c":{"p":[-662.5750342365207,644.0140920202823,945.0750874306378],"r":[-0.7134851048511247,-7.155879388404289e-8,-0.7006703783947249,-7.172174756467197e-8,1,-2.9095510130824028e-8,0.7006703783947249,2.9494040542441394e-8,-0.7134851048511247]}},{"t":5.480000000000004,"j":false,"c":{"p":[-662.1289865928298,644.0441476270743,945.5435665847152],"r":[-0.7411239092935099,-4.2285558331944314e-8,-0.6695713852858189,-4.222700071586681e-8,1,-1.865060854581158e-8,0.6695713852858189,1.756693107938483e-8,-0.7411239092935099]}},{"t":5.520000000000004,"j":false,"c":{"p":[-661.6746220369072,643.916672707713,946.0273126794364],"r":[-0.7801031328839557,3.253850451524e-8,-0.6254816908009625,3.819866726561983e-8,1,4.3172886026872675e-9,0.6254816908009625,-2.0406417645892554e-8,-0.7801031328839557]}},{"t":5.560000000000004,"j":false,"c":{"p":[-661.3391009795155,643.2926999690158,946.5306116086986],"r":[-0.8482103895798778,1.0792464987002152e-7,-0.5179380534088068,1.1086403140485259e-7,1,2.2423285176518364e-8,0.5179380534088068,-3.154473745556792e-8,-0.8482103895798778]}},{"t":5.600000000000004,"j":false,"c":{"p":[-661.0172557318235,642.5205923061927,947.0552013190221],"r":[-0.9001218682974352,1.4242741564507314e-7,-0.43562093088970133,1.4309388407352977e-7,1,3.139825633315385e-8,0.43562093088970133,-3.4283613853082725e-8,-0.9001218682974352]}},{"t":5.640000000000004,"j":false,"c":{"p":[-660.7369176572563,641.2988833344514,947.6444102478692],"r":[-0.9028778691896336,5.284586382564027e-8,-0.4298682928992067,5.259873457786801e-8,1,1.2659837122414644e-8,0.4298682928992067,-1.1529509614325052e-8,-0.9028778691896336]}},{"t":5.680000000000004,"j":false,"c":{"p":[-660.4724264718062,640.0429022554735,948.2112353411256],"r":[-0.9115546712891491,-2.8506428315468648e-8,-0.4103502958102627,-2.927284954792976e-8,1,-3.6636444102923186e-9,0.4103502958102627,7.280007458034676e-9,-0.9115546712891491]}},{"t":5.720000000000004,"j":false,"c":{"p":[-660.2231085529082,638.7541059144864,948.7566280951152],"r":[-0.9259005920565,-1.0197927170778391e-7,-0.3776520801154256,-1.0288744045443542e-7,1,-1.767484289332144e-8,0.3776520801154256,2.2312614622611295e-8,-0.9259005920565]}},{"t":5.760000000000004,"j":false,"c":{"p":[-660.0197545018813,638.4839992113725,949.3761401667526],"r":[-0.9568638578787412,-2.132201730500765e-8,-0.2750571184542964,-2.0653005278014753e-8,1,-1.0956462542458965e-8,0.2750571184542964,2.1688978034465853e-9,-0.9568638578787412]}},{"t":5.800000000000004,"j":false,"c":{"p":[-659.8508716577