{"v":1,"name":"merged_macro","d":[{"t":0,"c":{"r":[0.5457963347434998,1.1357763440855706e-7,-0.8379178643226624,-4.685765730982894e-8,1,1.05025691254923e-7,0.8379178643226624,-1.805976879154514e-8,0.5457963347434998],"p":[-614.594970703125,803.0724487304688,151.75018310546875]},"j":false},{"t":0.7206516265869141,"c":{"r":[-0.9871362447738647,-3.282174176888475e-8,-0.15988129377365112,-2.0646824694381394e-8,1,-7.781093103176318e-8,0.15988129377365112,-7.350895003810365e-8,-0.9871362447738647],"p":[-614.594970703125,803.0724487304688,151.75013732910156]},"j":false},{"t":0.7864484786987305,"c":{"r":[-0.9871364235877991,-1.2371968338698025e-8,-0.1598801165819168,1.5966127309141598e-9,1,-8.724063604859111e-8,0.1598801165819168,-8.637367443498079e-8,-0.9871364235877991],"p":[-614.4221801757812,803.0724487304688,152.8162384033203]},"j":false},{"t":0.8471736907958984,"c":{"r":[-0.9921144247055054,1.004137839544228e-8,-0.12533541023731232,2.2283465739292296e-8,1,-9.627262897993205e-8,0.12533541023731232,-9.830636571450668e-8,-0.9921144247055054],"p":[-614.169189453125,803.0724487304688,154.4212646484375]},"j":false},{"t":0.9085721969604492,"c":{"r":[-0.9958844184875488,3.133345316541636e-8,-0.0906321108341217,4.1077768742070475e-8,1,-1.0564972541260431e-7,0.0906321108341217,-1.0893788271459925e-7,-0.9958844184875488],"p":[-614.0089721679688,803.0724487304688,155.92929077148438]},"j":false},{"t":0.9700872898101807,"c":{"r":[-0.9997806549072266,5.8317255025031045e-8,-0.020944491028785706,6.076820824318929e-8,1,-1.1638474717301506e-7,0.020944491028785706,-1.1763197704794948e-7,-0.9997806549072266],"p":[-613.8858032226562,803.0724487304688,157.54933166503906]},"j":false},{"t":1.0382111072540283,"c":{"r":[-0.9997807145118713,-7.8097572853153e-9,0.020940445363521576,-7.367954246717545e-9,1,2.117522690525675e-8,-0.020940445363521576,2.101629625883561e-8,-0.9997807145118713],"p":[-613.9019775390625,803.0724487304688,159.28233337402344]},"j":false},{"t":1.1027641296386719,"c":{"r":[-0.9997807145118713,-3.4498857104381386e-8,0.020940445363521576,-3.3247335551322976e-8,1,6.011397601923818e-8,-0.020940445363521576,5.940458080999633e-8,-0.9997807145118713],"p":[-613.9381103515625,803.0724487304688,161.01524353027344]},"j":false},{"t":1.1700448989868164,"c":{"r":[-0.9997807145118713,-1.6314576356535326e-8,0.020940449088811874,-1.6035910377354412e-8,1,1.347550337982284e-8,-0.020940449088811874,1.3136749466013953e-8,-0.9997807145118713],"p":[-613.975830078125,803.0724487304688,162.7481231689453]},"j":false},{"t":1.2365696430206299,"c":{"r":[-0.9997807145118713,1.8480170727031009e-9,0.020940449088811874,1.1574678993042653e-9,1,-3.298892892189542e-8,-0.020940449088811874,-3.295745543141493e-8,-0.9997807145118713],"p":[-614.011962890625,802.9493408203125,164.47280883789062]},"j":false},{"t":1.3021650314331055,"c":{"r":[-0.9997807145118713,1.8819171998529782e-8,0.020940449088811874,1.722298748063622e-8,1,-7.640532828645519e-8,-0.020940449088811874,-7.602791640692885e-8,-0.9997807145118713],"p":[-614.044921875,802.468017578125,166.03414916992188]},"j":false},{"t":1.3634693622589111,"c":{"r":[-0.9997807145118713,3.5736043457745836e-8,0.020940449088811874,3.3237117946782746e-8,1,-1.196828094407465e-7,-0.020940449088811874,-1.1896057117155578e-7,-0.9997807145118713],"p":[-614.077880859375,801.9891967773438,167.58688354492188]},"j":false},{"t":1.4390485286712646,"c":{"r":[-0.9997807145118713,-2.2251393616556925e-8,0.020940449088811874,-2.0578488246769666e-8,1,8.010417928971947e-8,-0.020940449088811874,7.965569182033505e-8,-0.9997807145118713],"p":[-614.671630859375,801.3507080078125,169.19090270996094]},"j":false},{"t":1.5101277828216553,"c":{"r":[-0.9999756217002869,-1.090608403586657e-8,-0.006980419158935547,-1.1168421742979717e-8,1,3.754298560920688e-8,0.006980419158935547,3.762002975804535e-8,-0.9999756217002869],"p":[-615.5672607421875,800.017333984375,170.0546417236328]},"j":false},{"t":1.5738623142242432,"c":{"r":[-0.9988061189651489,2.8323889900150334e-9,-0.04885069280862808,3.388456182307209e-9,1,-1.1300179458828552e-8,0.04885069280862808,-1.14522169525344e-8,-0.9988061189651489],"p":[-615.6450805664062,798.3347778320312,170.96287536621094]},"j":false},{"t":1.6350934505462646,"c":{"r":[-0.993768036365509,1.2466357723894816e-8,-0.11146774888038635,1.922494874406766e-8,1,-5.955786264166818e-8,0.11146774888038635,-6.132966490213221e-8,-0.993768036365509],"p":[-615.5926513671875,797.0651245117188,171.8085174560547]},"j":false},{"t":1.6971347332000732,"c":{"r":[-0.9912155270576477,2.249247366137297e-8,-0.13225655257701874,3.650892921314153e-8,1,-1.0355435620112985e-7,0.13225655257701874,-1.0747322676252224e-7,-0.9912155270576477],"p":[-615.4874877929688,795.5606079101562,172.6212921142578]},"j":false},{"t":1.7603540420532227,"c":{"r":[-0.9912155270576477,4.5659986902535366e-9,-0.13225655257701874,7.032373794402247e-9,1,-1.818132311370846e-8,0.13225655257701874,-1.895168821874904e-8,-0.9912155270576477],"p":[-615.3584594726562,794.207275390625,173.58839416503906]},"j":false},{"t":1.8206758499145508,"c":{"r":[-0.9912155270576477,-1.4838481554590999e-8,-0.13225655257701874,-2.4032077661217954e-8,1,6.791714213250089e-8,0.13225655257701874,7.049892047916728e-8,-0.9912155270576477],"p":[-615.23388671875,793.3656005859375,174.52223205566406]},"j":false},{"t":1.8869595527648926,"c":{"r":[-0.9912155270576477,-5.405308201034131e-9,-0.13225655257701874,-8.115421223919839e-9,1,1.9952301144599005e-8,0.13225655257701874,2.0850349002898838e-8,-0.9912155270576477],"p":[-615.1343383789062,791.6950073242188,175.2689208984375]},"j":false},{"t":1.9531612396240234,"c":{"r":[-0.9912155270576477,3.995682895663322e-9,-0.13225655257701874,7.746947972009366e-9,1,-2.7848992445456133e-8,0.13225655257701874,-2.862893921928844e-8,-0.9912155270576477],"p":[-615.0659790039062,789.15234375,175.78199768066406]},"j":false},{"t":2.021268844604492,"c":{"r":[-0.9552786350250244,3.5795424402351728e-9,-0.29570716619491577,2.67231801132084e-8,1,-7.422390524425282e-8,0.29570716619491577,-7.880674246507624e-8,-0.9552786350250244],"p":[-614.9641723632812,785.7377319335938,176.37908935546875]},"j":false},{"t":2.088763475418091,"c":{"r":[-0.9245457649230957,4.897935834691225e-9,-0.3810710310935974,5.334224439934587e-8,1,-1.1656464948828216e-7,0.3810710310935974,-1.2809653071599314e-7,-0.9245457649230957],"p":[-614.2935791015625,784.1405029296875,178.20223999023438]},"j":false},{"t":2.1500279903411865,"c":{"r":[-0.9135448932647705,-4.5272802173812465e-10,-0.40673792362213135,-2.2503066077206313e-8,1,4.9429452531057905e-8,0.40673792362213135,5.430887384250127e-8,-0.9135448932647705],"p":[-613.5191040039062,784.1454467773438,180.00628662109375]},"j":false},{"t":2.2154531478881836,"c":{"r":[-0.9135448932647705,-1.3866868764367268e-9,-0.40673792362213135,-2.288761358215652e-8,1,4.7996937979633e-8,0.40673792362213135,5.3156618662342225e-8,-0.9135448932647705],"p":[-612.7245483398438,784.8900146484375,181.7909393310547]},"j":false},{"t":2.276031255722046,"c":{"r":[-0.9135448932647705,-1.4796511793591094e-9,-0.40673792362213135,-3.4879448218561038e-9,1,4.19617363078828e-9,0.40673792362213135,5.252072110550898e-9,-0.9135448932647705],"p":[-611.9779663085938,785.3643798828125,183.46780395507812]},"j":false},{"t":2.3433382511138916,"c":{"r":[-0.9135448932647705,-1.592110332460095e-9,-0.40673792362213135,1.9990924471358085e-8,1,-4.881452397853536e-8,0.40673792362213135,-5.27253263271632e-8,-0.9135448932647705],"p":[-611.0888671875,785.9349975585938,185.46485900878906]},"j":false},{"t":2.407288074493408,"c":{"r":[-0.8211501836776733,-1.657900128293477e-8,-0.5707122087478638,4.4650629860143454e-8,1,-9.329373540367669e-8,0.5707122087478638,-1.020908300120027e-7,-0.8211501836776733],"p":[-610.1965942382812,786.3921508789062,187.20980834960938]},"j":false},{"t":2.4757633209228516,"c":{"r":[-0.72417151927948,-5.019158422214787e-9,-0.6896199584007263,1.9206892076795157e-8,1,-2.744735283499722e-8,0.6896199584007263,-3.31220455507264e-8,-0.72417151927948],"p":[-608.82275390625,786.485595703125,188.83035278320312]},"j":false},{"t":2.5403783321380615,"c":{"r":[-0.679440438747406,2.462727088925476e-8,-0.733730673789978,-3.3009861510890914e-8,1,6.413185360543139e-8,0.733730673789978,6.779411876323138e-8,-0.679440438747406],"p":[-607.3704223632812,785.9287109375,190.31787109375]},"j":false},{"t":2.601198434829712,"c":{"r":[-0.6427868008613586,5.180365914014828e-9,-0.766045093536377,-1.6844431627305312e-8,1,2.089660711135366e-8,0.766045093536377,2.63356572105522e-8,-0.6427868008613586],"p":[-605.9828491210938,785.6475830078125,191.53021240234375]},"j":false},{"t":2.6701114177703857,"c":{"r":[-0.6045979261398315,-2.1992853760366415e-8,-0.7965307831764221,4.240745088424092e-9,1,-3.082969257661716e-8,0.7965307831764221,-2.201745097352159e-8,-0.6045979261398315],"p":[-604.2789306640625,785.365234375,192.9281005859375]},"j":false},{"t":2.7301363945007324,"c":{"r":[-0.5475630760192871,-4.605312042826881e-8,-0.836764395236969,2.5270825432244237e-8,1,-7.157390058409874e-8,0.836764395236969,-6.033695143514706e-8,-0.5475630760192871],"p":[-602.9573364257812,784.4732055664062,193.83734130859375]},"j":false},{"t":2.791651487350464,"c":{"r":[-0.535827100276947,-7.102077148601893e-8,-0.8443277478218079,4.833020739170024e-8,1,-1.1478648076490572e-7,0.8443277478218079,-1.023122422338929e-7,-0.535827100276947],"p":[-601.41650390625,783.5475463867188,194.8431396484375]},"j":false},{"t":2.8556864261627197,"c":{"r":[-0.4446346163749695,1.9761316139010887e-8,-0.8957120180130005,-2.1434852115476133e-8,1,3.270246651254638e-8,0.8957120180130005,3.3740104043999963e-8,-0.4446346163749695],"p":[-599.841796875,782.6587524414062,195.74978637695312]},"j":false},{"t":2.921645402908325,"c":{"r":[-0.3810700476169586,3.6810032355560907e-8,-0.9245461821556091,-2.572779322917995e-8,1,5.041838591068881e-8,0.9245461821556091,4.2999467098070454e-8,-0.3810700476169586],"p":[-597.9422607421875,782.2115478515625,196.59893798828125]},"j":false},{"t":2.9923839569091797,"c":{"r":[-0.3810700476169586,6.747205905099918e-9,-0.9245461821556091,7.391439016402046e-9,1,4.251329066562448e-9,0.9245461821556091,-5.213672604753583e-9,-0.3810700476169586],"p":[-595.9717407226562,781.6197509765625,197.41116333007812]},"j":false},{"t":3.058180093765259,"c":{"r":[-0.3810700476169586,-2.1447645437433493e-8,-0.9245461821556091,3.8452910189334943e-8,1,-3.904715484281951e-8,0.9245461821556091,-5.043119344350089e-8,-0.3810700476169586],"p":[-594.2865600585938,780.2456665039062,198.10577392578125]},"j":false},{"t":3.1219568252563477,"c":{"r":[-0.3810700476169586,-4.779292694934156e-8,-0.9245461821556091,6.747687564256921e-8,1,-7.950531966116614e-8,0.9245461821556091,-9.268258338579471e-8,-0.3810700476169586],"p":[-592.47119140625,779.9789428710938,198.8540802001953]},"j":false},{"t":3.191655158996582,"c":{"r":[-0.3810700476169586,-9.970948511295319e-9,-0.9245461821556091,1.1407301769850164e-8,1,-1.548644057436377e-8,0.9245461821556091,-1.644799674238584e-8,-0.3810700476169586],"p":[-590.4067993164062,779.5775146484375,199.70497131347656]},"j":false},{"t":3.2584264278411865,"c":{"r":[-0.41310402750968933,3.035509266169356e-8,-0.9106838703155518,-4.4324828252229054e-8,1,5.343880360442199e-8,0.9106838703155518,6.24416927053062e-8,-0.41310402750968933],"p":[-588.4505004882812,779.5466918945312,200.5204620361328]},"j":false},{"t":3.3260316848754883,"c":{"r":[-0.44463497400283813,7.958940173580231e-9,-0.8957118391990662,-1.0522935411927392e-8,1,1.4109230228598335e-8,0.8957118391990662,1.569897456477065e-8,-0.44463497400283813],"p":[-586.7314453125,778.98974609375,201.31394958496094]},"j":false},{"t":3.3925740718841553,"c":{"r":[-0.45709845423698425,-1.3033851331556434e-8,-0.8894160985946655,2.2074948091699298e-8,1,-2.5999391084496892e-8,0.8894160985946655,-3.151809480073098e-8,-0.45709845423698425],"p":[-585.2208251953125,777.5468139648438,202.06813049316406]},"j":false},{"t":3.4593324661254883,"c":{"r":[-0.4632968008518219,-3.3639246055372496e-8,-0.8862031698226929,5.417653881067963e-8,1,-6.628171433931129e-8,0.8862031698226929,-7.871953044968905e-8,-0.4632968008518219],"p":[-583.7420043945312,775.6990966796875,202.8294219970703]},"j":false},{"t":3.5219404697418213,"c":{"r":[-0.4999997913837433,-4.91171761041187e-8,-0.8660255074501038,8.314017918564787e-8,1,-1.0471660516486736e-7,0.8660255074501038,-1.243598006794855e-7,-0.4999997913837433],"p":[-582.1967163085938,774.7184448242188,203.66757202148438]},"j":false},{"t":3.5862185955047607,"c":{"r":[-0.5239855647087097,3.45007151736354e-8,-0.8517271280288696,-5.828958649090055e-8,1,7.63667316050487e-8,0.8517271280288696,8.966188858039459e-8,-0.5239855647087097],"p":[-580.5449829101562,773.8966674804688,204.6598358154297]},"j":false},{"t":3.6475439071655273,"c":{"r":[-0.5239855647087097,1.7314000899659732e-8,-0.8517271280288696,-3.063735931618794e-8,1,3.917632085403966e-8,0.8517271280288696,4.6622496086001775e-8,-0.5239855647087097],"p":[-579.2396850585938,772.83544921875,205.4629669189453]},"j":false},{"t":3.7142515182495117,"c":{"r":[-0.535826563835144,-2.3598871745633687e-9,-0.8443280458450317,7.529477596968093e-10,1,-3.27282334566803e-9,0.8443280458450317,-2.389400677316189e-9,-0.535826563835144],"p":[-577.5381469726562,772.1238403320312,206.512451171875]},"j":false},{"t":3.7783634662628174,"c":{"r":[-0.5417076349258423,-2.1684439133196065e-8,-0.8405669927597046,3.140520377087341e-8,1,-4.603663583679918e-8,0.8405669927597046,-5.1336574102833765e-8,-0.5417076349258423],"p":[-575.7398071289062,772.2163696289062,207.65899658203125]},"j":false},{"t":3.844487428665161,"c":{"r":[-0.5417076349258423,-4.113012863626864e-8,-0.8405669927597046,6.180400191624358e-8,1,-8.876131118995545e-8,0.8405669927597046,-1.0003307693295937e-7,-0.5417076349258423],"p":[-573.9776000976562,772.06396484375,208.79464721679688]},"j":false},{"t":3.912858247756958,"c":{"r":[-0.5475630760192871,-6.599170543353239e-9,-0.836764395236969,1.1351614759291806e-8,1,-1.5314819634681953e-8,0.836764395236969,-1.788445658235105e-8,-0.5475630760192871],"p":[-572.1981201171875,771.556396484375,209.94142150878906]},"j":false},{"t":3.9740443229675293,"c":{"r":[-0.5707139372825623,2.7621616993656062e-8,-0.8211489319801331,-3.9734281642722635e-8,1,6.125384288679925e-8,0.8211489319801331,6.758618553703855e-8,-0.5707139372825623],"p":[-570.552001953125,771.2843627929688,211.04742431640625]},"j":false},{"t":4.041078090667725,"c":{"r":[-0.6101451516151428,6.677490116402396e-9,-0.792289674282074,-1.1326201310168926e-8,1,1.7150441067315114e-8,0.792289674282074,1.9437891296547605e-8,-0.6101451516151428],"p":[-568.81640625,771.2451782226562,212.2860565185547]},"j":false},{"t":4.106210470199585,"c":{"r":[-0.6586891412734985,-1.1062398996841694e-8,-0.7524151802062988,1.2528868609251731e-8,1,-2.5670704673075306e-8,0.7524151802062988,-2.633592544043495e-8,-0.6586891412734985],"p":[-567.2639770507812,771.1240844726562,213.5413818359375]},"j":false},{"t":4.171370267868042,"c":{"r":[-0.7193397879600525,-2.5925936952830853e-8,-0.6946583390235901,3.441751061927789e-8,1,-7.29622300355004e-8,0.6946583390235901,-7.639305010798125e-8,-0.7193397879600525],"p":[-565.7090454101562,771.153076171875,215.00009155273438]},"j":false},{"t":4.239023923873901,"c":{"r":[-0.7524139285087585,-3.5912691487283155e-8,-0.6586906313896179,4.72268197881931e-8,1,-1.0846792974916752e-7,0.6586906313896179,-1.1272064170952945e-7,-0.7524139285087585],"p":[-564.1803588867188,771.0693359375,216.67080688476562]},"j":false},{"t":4.305624723434448,"c":{"r":[-0.7524139285087585,2.6916127993104055e-8,-0.6586906313896179,-3.950232496663375e-8,1,8.598608047805101e-8,0.6586906313896179,9.071693085616062e-8,-0.7524139285087585],"p":[-562.4494018554688,770.8558349609375,217.31777954101562]},"j":false},{"t":4.370922803878784,"c":{"r":[-0.7793374061584473,1.1376605435486908e-8,-0.6266044974327087,-1.708173513748079e-8,1,3.9401314211318095e-8,0.6266044974327087,4.1410412876530245e-8,-0.7793374061584473],"p":[-560.3344116210938,770.6272583007812,217.46609497070312]},"j":false},{"t":4.439162969589233,"c":{"r":[-0.8829477429389954,-5.136588043797019e-9,-0.4694712460041046,-8.222089675768984e-10,1,-9.39486799467204e-9,0.4694712460041046,-7.909174648546013e-9,-0.8829477429389954],"p":[-558.322265625,770.0659790039062,217.81732177734375]},"j":false},{"t":4.503187417984009,"c":{"r":[-0.963162362575531,-1.2042195685069146e-8,-0.2689206004142761,4.3622869760895355e-9,1,-6.040365008175286e-8,0.2689206004142761,-5.935163471804117e-8,-0.963162362575531],"p":[-556.432861328125,769.4539184570312,218.5894012451172]},"j":false},{"t":4.570009708404541,"c":{"r":[-0.9921149015426636,-1.3608709714674205e-8,-0.12533147633075714,3.528788372619829e-10,1,-1.1137510114167526e-7,0.12533147633075714,-1.1054113002728627e-7,-0.9921149015426636],"p":[-554.8115844726562,768.5152587890625,219.65460205078125]},"j":false},{"t":4.637120962142944,"c":{"r":[-0.9945217967033386,-2.7382327516534133e-9,-0.10452914237976074,-2.319196168443227e-9,1,-4.130347175390625e-9,0.10452914237976074,-3.865296971383714e-9,-0.9945217967033386],"p":[-553.1572265625,768.2780151367188,220.97219848632812]},"j":false},{"t":4.702980041503906,"c":{"r":[-0.9945217967033386,7.423568426645488e-9,-0.10452914237976074,5.019493709568223e-10,1,6.624342319128118e-8,0.10452914237976074,6.58280612242379e-8,-0.9945217967033386],"p":[-551.8338623046875,768.4087524414062,222.38526916503906]},"j":false},{"t":4.769411563873291,"c":{"r":[-0.9945217967033386,6.057084167565563e-9,-0.10452914237976074,4.728825775401901e-9,1,1.2954888717331414e-8,0.10452914237976074,1.2389619996611145e-8,-0.9945217967033386],"p":[-551.63134765625,769.106201171875,224.13619995117188]},"j":false},{"t":4.836313009262085,"c":{"r":[-0.9999756217002869,5.4108699742982935e-9,-0.006982594728469849,5.692338156393362e-9,1,-4.029007882877522e-8,0.006982594728469849,-4.032884604043829e-8,-0.9999756217002869],"p":[-551.5090942382812,769.8812255859375,226.2234344482422]},"j":false},{"t":4.890211343765259,"c":{"r":[-0.9996101260185242,6.34527941301144e-9,0.027921538800001144,4.2031658153973694e-9,1,-7.677773794512177e-8,-0.027921538800001144,-7.66304424359987e-8,-0.9996101260185242],"p":[-551.5167236328125,769.7905883789062,227.60427856445312]},"j":true},{"t":4.899338483810425,"c":{"r":[-0.9988060593605042,7.779372701577358e-9,0.04885174334049225,3.7100482686014402e-9,1,-8.339014812008827e-8,-0.04885174334049225,-8.310934163091588e-8,-0.9988060593605042],"p":[-551.521240234375,770.2288208007812,227.82614135742188]},"j":true},{"t":4.9031147956848145,"c":{"r":[-0.9984651207923889,8.309103627368586e-9,0.055384229868650436,3.1492690677481505e-9,1,-9.325160732487348e-8,-0.055384229868650436,-9.293405867083493e-8,-0.9984651207923889],"p":[-551.5308227539062,770.8607177734375,228.173583984375]},"j":false},{"t":4.909538745880127,"c":{"r":[-0.9984651207923889,8.309103627368586e-9,0.055384229868650436,3.1492690677481505e-9,1,-9.325160732487348e-8,-0.055384229868650436,-9.293405867083493e-8,-0.9984651207923889],"p":[-551.5308227539062,770.8607177734375,228.173583984375]},"j":true},{"t":4.967796564102173,"c":{"r":[-0.998784601688385,9.777771481367381e-9,0.049287695437669754,2.7869240248890037e-9,1,-1.4190629826771328e-7,-0.049287695437669754,-1.4159645900235773e-7,-0.998784601688385],"p":[-551.63232421875,773.56005859375,230.13047790527344]},"j":false},{"t":5.030462741851807,"c":{"r":[-0.99763423204422,7.619852482321221e-8,-0.06874515861272812,8.352543545697699e-8,1,-1.0370638392487308e-7,0.06874515861272812,-1.0920300752559342e-7,-0.99763423204422],"p":[-551.6505126953125,775.4930419921875,232.12887573242188]},"j":false},{"t":5.096294403076172,"c":{"r":[-0.9970861077308655,8.44501002461584e-8,-0.07628405839204788,7.761290987673419e-8,1,9.259263578087484e-8,0.07628405839204788,8.640220983124891e-8,-0.9970861077308655],"p":[-551.5028076171875,776.7101440429688,234.25709533691406]},"j":false},{"t":5.1634416580200195,"c":{"r":[-0.993821918964386,-1.1037200486896381e-8,-0.11098635196685791,-2.0009254697583856e-8,1,7.972542448442255e-8,0.11098635196685791,8.145362784262034e-8,-0.993821918964386],"p":[-551.302978515625,777.0552368164062,236.3809356689453]},"j":false},{"t":5.227310657501221,"c":{"r":[-0.993768036365509,-1.1598108784482974e-7,-0.11146798729896545,-1.1268838306932594e-7,1,-3.583967611575645e-8,0.11146798729896545,-2.3055177322817144e-8,-0.993768036365509],"p":[-551.0655517578125,776.5283203125,238.5010986328125]},"j":false},{"t":5.288920640945435,"c":{"r":[-0.9921273589134216,-7.820896286148127e-8,-0.12523306906223297,-7.153396808234902e-8,1,-5.779750367196357e-8,0.12523306906223297,-4.838406653107086e-8,-0.9921273589134216],"p":[-550.8512573242188,775.3519287109375,240.35549926757812]},"j":false},{"t":5.352779865264893,"c":{"r":[-0.9921146631240845,6.799747609420592e-8,-0.12533359229564667,7.069203888931952e-8,1,-1.7051537071210987e-8,0.12533359229564667,-2.577716706753108e-8,-0.9921146631240845],"p":[-550.6010131835938,773.3506469726562,242.33975219726562]},"j":false},{"t":5.420846939086914,"c":{"r":[-0.9921146631240845,9.288650915095786e-8,-0.12533359229564667,9.174720361215805e-8,1,1.4862433950213472e-8,0.12533359229564667,3.2462328380944427e-9,-0.9921146631240845],"p":[-550.317626953125,770.1561279296875,244.5811004638672]},"j":false},{"t":5.486607789993286,"c":{"r":[-0.9921146631240845,-3.204281284752142e-8,-0.12533359229564667,-3.607287979434659e-8,1,2.988519298696701e-8,0.12533359229564667,3.417068228372955e-8,-0.9921146631240845],"p":[-550.1403198242188,767.086669921875,245.98472595214844]},"j":false},{"t":5.5570268630981445,"c":{"r":[-0.9970526099205017,-5.789186729998619e-8,-0.07672113925218582,-5.921290124888401e-8,1,1.494385948319632e-8,0.07672113925218582,1.9442694565441343e-8,-0.9970526099205017],"p":[-550.1382446289062,767.31884765625,246.00186157226562]},"j":false},{"t":5.999532699584961,"c":{"r":[-0.9945218563079834,-2.9020782221778063e-8,-0.10452867299318314,-3.217543564915104e-8,1,2.8493534642848317e-8,0.10452867299318314,3.1700700731107645e-8,-0.9945218563079834],"p":[-550.1345825195312,767.3504028320312,246.0342254638672]},"j":true},{"t":6.004194974899292,"c":{"r":[-0.9952271580696106,-1.7254688344792157e-8,-0.09758519381284714,-1.8756795228114242e-8,1,1.4475394216617588e-8,0.09758519381284714,1.6236691990911822e-8,-0.9952271580696106],"p":[-550.1296997070312,767.7920532226562,246.07737731933594]},"j":false},{"t":6.007888078689575,"c":{"r":[-0.9952271580696106,-1.7254688344792157e-8,-0.09758519381284714,-1.8756795228114242e-8,1,1.4475394216617588e-8,0.09758519381284714,1.6236691990911822e-8,-0.9952271580696106],"p":[-550.1296997070312,767.7920532226562,246.07737731933594]},"j":true},{"t":6.025346994400024,"c":{"r":[-0.9970335960388184,6.543904529365818e-9,-0.07696761190891266,7.643309096749817e-9,1,-1.3989414959780788e-8,0.07696761190891266,-1.4536204240300776e-8,-0.9970335960388184],"p":[-550.119384765625,768.641357421875,246.17111206054688]},"j":true},{"t":6.070178270339966,"c":{"r":[-0.9998951554298401,1.0740722444779749e-7,-0.01448043342679739,1.0882868650696764e-7,1,-9.7376251062542e-8,0.01448043342679739,-9.894193198078938e-8,-0.9998951554298401],"p":[-550.07763671875,770.8621215820312,246.68287658691406]},"j":false},{"t":6.13838005065918,"c":{"r":[-0.9999756217002869,5.084664067567246e-8,-0.006985445041209459,5.098715760709638e-8,1,-1.9937766992939032e-8,0.006985445041209459,-2.0293448699248984e-8,-0.9999756217002869],"p":[-550.0270385742188,773.1686401367188,248.01959228515625]},"j":false},{"t":6.199072599411011,"c":{"r":[-0.9999756217002869,4.625406724301229e-9,-0.006984149571508169,4.319560265031441e-9,1,4.3806593907902425e-8,0.006984149571508169,4.377535844923841e-8,-0.9999756217002869],"p":[-550.00537109375,774.3289794921875,249.65794372558594]},"j":false},{"t":6.264270305633545,"c":{"r":[-0.9997862577438354,-4.182525614737642e-8,-0.020673179998993874,-4.4150581857138604e-8,1,1.1202391902997988e-7,0.020673179998993874,1.1291270851643276e-7,-0.9997862577438354],"p":[-549.986572265625,774.8313598632812,251.65725708007812]},"j":false},{"t":6.330906629562378,"c":{"r":[-0.9991231560707092,-3.7772629468690866e-8,-0.04186811298131943,-4.177449497433372e-8,1,9.470775097497608e-8,0.04186811298131943,9.6373725000376e-8,-0.9991231560707092],"p":[-549.9116821289062,774.4741821289062,253.9225311279297]},"j":false},{"t":6.401091814041138,"c":{"r":[-0.9988062977790833,3.831463146752867e-8,-0.048846710473299026,4.257271513097294e-8,1,-8.61319975342667e-8,0.048846710473299026,-8.810872031972394e-8,-0.9988062977790833],"p":[-549.8097534179688,773.2387084960938,256.053466796875]},"j":false},{"t":6.464493274688721,"c":{"r":[-0.9988062977790833,3.284285909899154e-8,-0.04884679615497589,3.6710698481101645e-8,1,-7.828590753433673e-8,0.04884679615497589,-7.998566076139468e-8,-0.9988062977790833],"p":[-549.713623046875,771.28857421875,258.0139465332031]},"j":false},{"t":6.527589559555054,"c":{"r":[-0.9988062977790833,-2.468003024169718e-10,-0.04884679988026619,6.007617320280545e-11,1,-6.280959752302806e-9,0.04884679988026619,-6.276396291582387e-9,-0.9988062977790833],"p":[-549.6394653320312,768.572021484375,259.5280456542969]},"j":false},{"t":6.595820665359497,"c":{"r":[-0.9988062977790833,-3.7620509374391986e-8,-0.04884679988026619,-4.13356104900231e-8,1,7.504601740038197e-8,0.04884679988026619,7.697554593733003e-8,-0.9988062977790833],"p":[-549.616455078125,767.23291015625,259.9996643066406]},"j":false},{"t":6.661764621734619,"c":{"r":[-0.9988062977790833,-1.1785369125050238e-8,-0.04884679988026619,-1.3044149760332857e-8,1,2.5451202034787457e-8,0.04884679988026619,2.605798421484451e-8,-0.9988062977790833],"p":[-549.616455078125,767.3399047851562,259.9996643066406]},"j":false},{"t":6.801663398742676,"c":{"r":[-0.9988059997558594,-1.0418889750951621e-8,-0.04885275289416313,-1.1331467320019328e-8,1,1.8403207846517944e-8,0.04885275289416313,1.893480749970422e-8,-0.9988059997558594],"p":[-549.616455078125,767.3504028320312,259.9996643066406]},"j":false},{"t":6.866237163543701,"c":{"r":[-0.9988059997558594,-4.728430269551609e-8,-0.04885275289416313,-5.1756469332531196e-8,1,9.027882441614565e-8,0.04885275289416313,9.269948009205109e-8,-0.9988059997558594],"p":[-549.5814208984375,767.3504028320312,260.7153625488281]},"j":true},{"t":6.871103286743164,"c":{"r":[-0.9988059997558594,-5.5169714130443026e-8,-0.04885275289416313,-6.040326638867555e-8,1,1.056527949572228e-7,0.04885275289416313,1.0847751497067293e-7,-0.9988059997558594],"p":[-549.5638427734375,768.0094604492188,261.0732421875]},"j":false},{"t":6.875221490859985,"c":{"r":[-0.9988059997558594,-5.5169714130443026e-8,-0.04885275289416313,-6.040326638867555e-8,1,1.056527949572228e-7,0.04885275289416313,1.0847751497067293e-7,-0.9988059997558594],"p":[-549.5638427734375,768.0094604492188,261.0732421875]},"j":true},{"t":6.884528160095215,"c":{"r":[-0.9988059997558594,-6.042385081173052e-8,-0.048852648586034775,-6.616470926701368e-8,1,1.1589663984068466e-7,0.048852648586034775,1.1899058449671429e-7,-0.9988059997558594],"p":[-549.5517578125,768.4341430664062,261.3192443847656]},"j":true},{"t":6.935720920562744,"c":{"r":[-0.9988059997558594,-4.6949804044515986e-8,-0.04885263368487358,-5.1438309611739896e-8,1,9.062120653879902e-8,0.04885263368487358,9.302590342485928e-8,-0.9988059997558594],"p":[-549.4674682617188,770.8621215820312,263.0377197265625]},"j":false},{"t":7.003755807876587,"c":{"r":[-0.9988059997558594,4.305866596610031e-8,-0.04885243996977806,4.712353174340933e-8,1,-8.205522306070634e-8,0.04885243996977806,-8.425934794331624e-8,-0.9988059997558594],"p":[-549.3564453125,773.1686401367188,265.3017578125]},"j":false},{"t":7.069345951080322,"c":{"r":[-0.999122679233551,3.8014135839148366e-8,-0.04187976196408272,4.10268690131943e-8,1,-7.107825439334192e-8,0.04187976196408272,-7.273408897390254e-8,-0.999122679233551],"p":[-549.2619018554688,774.4402465820312,267.4329528808594]},"j":false},{"t":7.136254787445068,"c":{"r":[-0.9993858337402344,-8.593509903676022e-9,-0.03504280000925064,-9.24867471496782e-9,1,1.8534018764171378e-8,0.03504280000925064,1.8846735727606756e-8,-0.9993858337402344],"p":[-549.1743774414062,774.83984375,269.5643615722656]},"j":false},{"t":7.203347444534302,"c":{"r":[-1,-4.214458115825437e-8,-0.000024566601496189833,-4.2147341616782796e-8,1,1.122498360928148e-7,0.000024566601496189833,1.1225087348520901e-7,-1],"p":[-549.1436157226562,774.367431640625,271.697265625]},"j":false},{"t":7.270323276519775,"c":{"r":[-0.999617338180542,-2.5653092095012653e-8,0.02766076847910881,-2.3157840089993442e-8,1,9.052936889020202e-8,-0.02766076847910881,8.985416144469127e-8,-0.999617338180542],"p":[-549.1680297851562,773.0230102539062,273.830322265625]},"j":false},{"t":7.34041166305542,"c":{"r":[-0.9993908405303955,4.9139721625124366e-8,0.03489863499999046,4.6283570753757886e-8,1,-8.264923678780178e-8,-0.03489863499999046,-8.098365356090653e-8,-0.9993908405303955],"p":[-549.2056274414062,770.8065795898438,275.6255798339844]},"j":false},{"t":7.4009459018707275,"c":{"r":[-0.9993908405303955,3.6639377753999725e-8,0.03489884361624718,3.3826321299557094e-8,1,-8.11963900559931e-8,-0.03489884361624718,-7.996642636953766e-8,-0.9993908405303955],"p":[-549.228271484375,767.936767578125,276.7064208984375]},"j":false},{"t":7.463681936264038,"c":{"r":[-0.9993908405303955,-1.6785747902758885e-8,0.03489884361624718,-1.6727931040350086e-8,1,1.948641914495397e-9,-0.03489884361624718,1.3636693996232907e-9,-0.9993908405303955],"p":[-549.2294311523438,767.2487182617188,276.7643737792969]},"j":false},{"t":7.59111762046814,"c":{"r":[-0.9993908405303955,2.5026954730833495e-8,0.03489884361624718,2.4272216236909117e-8,1,-2.2050135939366555e-8,-0.03489884361624718,-2.1189631382867447e-8,-0.9993908405303955],"p":[-549.2294311523438,767.3496704101562,276.7643737792969]},"j":false},{"t":7.6546008586883545,"c":{"r":[-0.9993908405303955,3.608171539326577e-8,0.03489884361624718,3.465623521492489e-8,1,-4.145102749930629e-8,-0.03489884361624718,-4.021631383466229e-8,-0.9993908405303955],"p":[-549.2332153320312,767.3504028320312,276.8728942871094]},"j":false},{"t":7.658124208450317,"c":{"r":[-0.9993908405303955,3.608171539326577e-8,0.03489884361624718,3.465623521492489e-8,1,-4.145102749930629e-8,-0.03489884361624718,-4.021631383466229e-8,-0.9993908405303955],"p":[-549.2332153320312,767.3504028320312,276.8728942871094]},"j":true},{"t":7.666358232498169,"c":{"r":[-0.9993908405303955,2.6115335671761386e-8,0.03489884361624718,2.5027556915802052e-8,1,-3.1606308681375594e-8,-0.03489884361624718,-3.071362186801707e-8,-0.9993908405303955],"p":[-549.2362670898438,767.7886352539062,276.9596862792969]},"j":true},{"t":7.674047231674194,"c":{"r":[-0.9993908405303955,1.6153210324887368e-8,0.034898869693279266,1.5402990882762424e-8,1,-2.1765799829154275e-8,-0.034898869693279266,-2.1214994205820403e-8,-0.9993908405303955],"p":[-549.2395629882812,768.2133178710938,277.0539245605469]},"j":true},{"t":7.719400882720947,"c":{"r":[-0.9993908405303955,-4.353027094339268e-8,0.034898895770311356,-4.225815786185194e-8,1,3.718898256011016e-8,-0.034898895770311356,3.569156703520093e-8,-0.9993908405303955],"p":[-549.2666015625,770.4749755859375,277.8277893066406]},"j":false},{"t":7.74110746383667,"c":{"r":[-0.9993908405303955,-6.339078595374303e-8,0.03489876165986061,-6.144572495259126e-8,1,5.680699644017295e-8,-0.03489876165986061,5.462801411226792e-8,-0.9993908405303955],"p":[-549.2783813476562,771.119873046875,278.1651611328125]},"j":true},{"t":7.780069589614868,"c":{"r":[-0.9993908405303955,-1.1296792479242868e-7,0.03489876538515091,-1.0934298444453816e-7,1,1.0577871023542684e-7,-0.03489876538515091,1.0189833687945793e-7,-0.9993908405303955],"p":[-549.3139038085938,772.4937133789062,279.1822509765625]},"j":false},{"t":7.842496633529663,"c":{"r":[-0.9993908405303955,-2.123730702408011e-8,0.03489891439676285,-2.0491922825272013e-8,1,2.1716040521368996e-8,-0.03489891439676285,2.0987666715654996e-8,-0.9993908405303955],"p":[-549.3856811523438,773.9832763671875,281.2392578125]},"j":false},{"t":7.905959844589233,"c":{"r":[-0.9993908405303955,1.0137607375781954e-7,0.03489881381392479,9.822985447272004e-8,1,-9.186715743680907e-8,-0.03489881381392479,-8.838308929171035e-8,-0.9993908405303955],"p":[-549.4552612304688,774.5878295898438,283.23785400390625]},"j":false},{"t":7.966733694076538,"c":{"r":[-0.9993908405303955,5.226169008665238e-8,0.03489868342876434,5.0600089451791064e-8,1,-4.8495319759922495e-8,-0.03489868342876434,-4.669990261163548e-8,-0.9993908405303955],"p":[-549.5202026367188,774.4605712890625,285.10321044921875]},"j":false},{"t":8.02821946144104,"c":{"r":[-0.9993908405303955,-2.9294273673485804e-8,0.03489881753921509,-2.845990465516479e-8,1,2.440498825251325e-8,-0.03489881753921509,2.3396905746153607e-8,-0.9993908405303955],"p":[-549.5897827148438,773.5833740234375,287.101806640625]},"j":false},{"t":8.09295654296875,"c":{"r":[-0.9996095895767212,-1.0864318511494275e-7,0.027940381318330765,-1.0597067756634715e-7,1,9.713113513498683e-8,-0.027940381318330765,9.413235346755755e-8,-0.9996095895767212],"p":[-549.6544189453125,771.9398193359375,289.1005859375]},"j":false},{"t":8.153209686279297,"c":{"r":[-0.9997838139533997,-3.639082635231716e-8,-0.020792866125702858,-3.7359278337589785e-8,1,4.618777893483639e-8,0.020792866125702858,4.6954600207982367e-8,-0.9997838139533997],"p":[-549.6688842773438,769.7142944335938,290.9670104980469]},"j":false},{"t":8.220298051834106,"c":{"r":[-0.9997807145118713,1.2260103687822266e-7,-0.02094220370054245,1.240719882389385e-7,1,-6.893933601759272e-8,0.02094220370054245,-7.152255676601271e-8,-0.9997807145118713],"p":[-549.621826171875,766.1143798828125,293.2331237792969]},"j":false},{"t":8.286689281463623,"c":{"r":[-0.9997807145118713,-1.0774864023233022e-7,-0.0209422055631876,-1.0896897606471612e-7,1,5.713060602374753e-8,0.0209422055631876,5.9400125707043117e-8,-0.9997807145118713],"p":[-549.589599609375,766.9977416992188,294.7689514160156]},"j":false},{"t":8.354310750961304,"c":{"r":[-0.9997807145118713,4.939056807984343e-8,-0.0209422055631876,4.9827878711994344e-8,1,-2.0359918195822502e-8,0.0209422055631876,-2.1398957272822372e-8,-0.9997807145118713],"p":[-549.589111328125,767.3194580078125,294.7911682128906]},"j":false},{"t":8.619555234909058,"c":{"r":[-0.9997807145118713,7.459091477812763e-8,-0.0209422055631876,7.517379430055371e-8,1,-2.7045475192721824e-8,0.0209422055631876,-2.8613849067937736e-8,-0.9997807145118713],"p":[-549.589111328125,767.3504028320312,294.7911682128906]},"j":false},{"t":8.687273740768433,"c":{"r":[-0.9997807145118713,-2.4046794777632385e-8,-0.0209422055631876,-2.4200307535693355e-8,1,7.076928820737294e-9,0.0209422055631876,7.582184657906055e-9,-0.9997807145118713],"p":[-549.5868530273438,767.3504028320312,294.89971923828125]},"j":false},{"t":8.708329677581787,"c":{"r":[-0.9997807145118713,-4.8653628681449845e-8,-0.0209422055631876,-4.899084515841423e-8,1,1.5589337820642868e-8,0.0209422055631876,1.6611895858886783e-8,-0.9997807145118713],"p":[-549.5809326171875,767.3504028320312,295.1819152832031]},"j":true},{"t":8.715710401535034,"c":{"r":[-0.9997807145118713,-6.094916926713267e-8,-0.0209422055631876,-6.137818076012991e-8,1,1.984281894351625e-8,0.0209422055631876,2.1123861770888652e-8,-0.9997807145118713],"p":[-549.5772705078125,767.7920532226562,295.3555603027344]},"j":true},{"t":8.732359647750854,"c":{"r":[-0.9997807145118713,-8.552450481147389e-8,-0.020942213013768196,-8.613698554427174e-8,1,2.8344333102836572e-8,0.020942213013768196,3.014201510609382e-8,-0.9997807145118713],"p":[-549.5697631835938,768.641357421875,295.7103271484375]},"j":true},{"t":8.752208709716797,"c":{"r":[-0.9997807145118713,-1.2234818314027507e-7,-0.02094225399196148,-1.2323557996296586e-7,1,4.108299478389199e-8,0.02094225399196148,4.365481487411671e-8,-0.9997807145118713],"p":[-549.55712890625,769.8130493164062,296.313232421875]},"j":false},{"t":8.812419176101685,"c":{"r":[-0.9997807145118713,-7.726081463488299e-8,-0.020942358300089836,-7.782966093827781e-8,1,2.6347285242422913e-8,0.020942358300089836,2.797144382782335e-8,-0.9997807145118713],"p":[-549.520751953125,772.0701904296875,298.0487976074219]},"j":false},{"t":8.87776231765747,"c":{"r":[-0.9996114373207092,8.651631588918463e-8,-0.02787497267127037,8.732814649192733e-8,1,-2.790672937180716e-8,0.02787497267127037,-3.033015616438206e-8,-0.9996114373207092],"p":[-549.4727172851562,773.832275390625,300.1815185546875]},"j":false},{"t":8.94490909576416,"c":{"r":[-0.9991230964660645,8.163497966506839e-8,-0.04186999425292015,8.272854046253997e-8,1,-2.438549451255767e-8,0.04186999425292015,-2.7827953275050277e-8,-0.9991230964660645],"p":[-549.3939208984375,774.722412109375,302.3132629394531]},"j":false},{"t":9.005864381790161,"c":{"r":[-0.9991229176521301,-1.1179358772039905e-8,-0.041873686015605927,-1.1514550202207374e-8,1,7.763643061764469e-9,0.041873686015605927,8.238990822917458e-9,-0.9991229176521301],"p":[-549.31640625,774.785888671875,304.1707763671875]},"j":false},{"t":9.07007884979248,"c":{"r":[-0.9991229176521301,-1.1691347623354886e-7,-0.04187320917844772,-1.1887641448993236e-7,1,4.438817313712207e-8,0.04187320917844772,4.932697805770658e-8,-0.9991229176521301],"p":[-549.2445068359375,774.0409545898438,305.885498046875]},"j":false},{"t":9.137346744537354,"c":{"r":[-0.9991229176521301,-5.916277956430349e-8,-0.04187320917844772,-6.009523190186883e-8,1,2.100975038388242e-8,0.04187320917844772,2.3507704227654358e-8,-0.9991229176521301],"p":[-549.1992797851562,772.424072265625,306.96527099609375]},"j":false},{"t":9.20042109489441,"c":{"r":[-0.9991229176521301,8.641009685561585e-8,-0.04187320917844772,8.79302675116378e-8,1,-3.4462399156609536e-8,0.04187320917844772,-3.81140949912151e-8,-0.9991229176521301],"p":[-549.1810302734375,770.1162109375,307.40081787109375]},"j":false},{"t":9.263646364212036,"c":{"r":[-0.9993906617164612,8.25438561946612e-8,-0.03490485996007919,8.371640802806724e-8,1,-3.213144594838013e-8,0.03490485996007919,-3.5033977496823354e-8,-0.9993906617164612],"p":[-549.1801147460938,767.1528930664062,307.4237365722656]},"j":false},{"t":9.330976009368896,"c":{"r":[-0.9993906617164612,-2.8041444721793596e-8,-0.03490485996007919,-2.8455875877853032e-8,1,1.1376426023446129e-8,0.03490485996007919,1.236274194127418e-8,-0.9993906617164612],"p":[-549.1801147460938,767.3021240234375,307.4237365722656]},"j":false},{"t":9.392391920089722,"c":{"r":[-0.9997805953025818,-8.267109308235376e-8,-0.02094767428934574,-8.338446377820219e-8,1,3.3181674297111385e-8,0.02094767428934574,3.4921104230534183e-8,-0.9997805953025818],"p":[-549.1801147460938,767.3455810546875,307.4237365722656]},"j":false},{"t":9.445958852767944,"c":{"r":[-0.9997805953025818,1.211572353554402e-8,-0.02094767428934574,1.2212097999508842e-8,1,-4.472767933805244e-9,0.02094767428934574,-4.727601421450345e-9,-0.9997805953025818],"p":[-549.1753540039062,767.3494873046875,307.65167236328125]},"j":true},{"t":9.454387664794922,"c":{"r":[-0.9999756217002869,5.0038639898275505e-8,-0.0069830650463700294,5.0179828292584716e-8,1,-2.004380661446703e-8,0.0069830650463700294,-2.0393727595546807e-8,-0.9999756217002869],"p":[-549.1699829101562,768.21240234375,307.91217041015625]},"j":true},{"t":9.458337306976318,"c":{"r":[-0.9999756217002869,6.895560744624163e-8,-0.0069800172932446,6.915150407849069e-8,1,-2.782438990323044e-8,0.0069800172932446,-2.8306391897103822e-8,-0.9999756217002869],"p":[-549.1672973632812,768.6234130859375,308.04986572265625]},"j":false},{"t":9.461198091506958,"c":{"r":[-0.9999756217002869,6.895560744624163e-8,-0.0069800172932446,6.915150407849069e-8,1,-2.782438990323044e-8,0.0069800172932446,-2.8306391897103822e-8,-0.9999756217002869],"p":[-549.1672973632812,768.6234130859375,308.04986572265625]},"j":true},{"t":9.518673181533813,"c":{"r":[-1,1.0377236492331576e-7,-7.517937774537131e-7,1.037723933450252e-7,1,-4.1948723605855776e-8,7.517937774537131e-7,-4.194880176555671e-8,-1],"p":[-549.1526489257812,