{
  "d": [
    {
      "c": {
        "r": [
          1,
          7.527447110078356e-8,
          3.083435064351811e-14,
          -7.527447110078356e-8,
          1,
          6.869330348990843e-8,
          -2.566349740953499e-14,
          -6.869330348990843e-8,
          1
        ],
        "p": [
          -213.85000610351562,
          1665.56103515625,
          2752.8798828125
        ]
      },
      "t": 0.06435036659240723
    },
    {
      "c": {
        "r": [
          -0.9997806549072266,
          -3.1503116559861155e-8,
          -0.020942555740475655,
          -3.098670120493807e-8,
          1,
          -2.4983183521953833e-8,
          0.020942555740475655,
          -2.4328764780534584e-8,
          -0.9997806549072266
        ],
        "p": [
          -142.65313720703125,
          1687.750244140625,
          2816.17919921875
        ]
      },
      "t": 0.06473159790039062
    },
    {
      "c": {
        "r": [
          1,
          -5.806036540434434e-9,
          2.870538415257126e-14,
          5.806036540434434e-9,
          1,
          -5.298431027256356e-9,
          -2.8674623304058774e-14,
          5.298431027256356e-9,
          1
        ],
        "p": [
          -213.85000610351562,
          1665.56103515625,
          2752.8798828125
        ]
      },
      "t": 0.12577295303344727
    },
    {
      "c": {
        "r": [
          -0.9997806549072266,
          8.922582139803126e-8,
          -0.020942555740475655,
          8.776319049275116e-8,
          1,
          7.075935570810543e-8,
          0.020942555740475655,
          6.890585524388371e-8,
          -0.9997806549072266
        ],
        "p": [
          -142.65313720703125,
          1687.750244140625,
          2816.17919921875
        ]
      },
      "t": 0.13084793090820312
    },
    {
      "c": {
        "r": [
          1,
          -7.231376741856366e-8,
          -4.31282177566696e-16,
          7.231376741856366e-8,
          1,
          -6.599147184260801e-8,
          5.203374640476476e-15,
          6.599147184260801e-8,
          1
        ],
        "p": [
          -213.85000610351562,
          1665.56103515625,
          2752.8798828125
        ]
      },
      "t": 0.19003939628601074
    },
    {
      "c": {
        "r": [
          -0.9997806549072266,
          -1.384617753785733e-8,
          -0.020942555740475655,
          -1.3619205319059802e-8,
          1,
          -1.0980500952939565e-8,
          0.020942555740475655,
          -1.0692871477147037e-8,
          -0.9997806549072266
        ],
        "p": [
          -142.65313720703125,
          1687.750244140625,
          2816.17919921875
        ]
      },
      "t": 0.19368743896484375
    },
    {
      "c": {
        "r": [
          1,
          3.4989017905218134e-8,
          4.932326320816586e-16,
          -3.4989017905218134e-8,
          1,
          3.1929950239373284e-8,
          6.239649677103082e-16,
          -3.1929950239373284e-8,
          1
        ],
        "p": [
          -213.85000610351562,
          1665.56103515625,
          2752.8798828125
        ]
      },
      "t": 0.2518045902252197
    },
    {
      "c": {
        "r": [
          -0.9997806549072266,
          -8.60060254126438e-8,
          -0.020942555740475655,
          -8.459617362177596e-8,
          1,
          -6.8205871173177e-8,
          0.020942555740475655,
          -6.641924699124502e-8,
          -0.9997806549072266
        ],
        "p": [
          -142.65313720703125,
          1687.750244140625,
          2816.17919921875
        ]
      },
      "t": 0.26012325286865234
    },
    {
      "c": {
        "r": [
          0.9945220351219177,
          3.477287791042727e-8,
          -0.10452710837125778,
          -3.244813484570841e-8,
          1,
          2.394109976933123e-8,
          0.10452710837125778,
          -2.041824131993053e-8,
          0.9945220351219177
        ],
        "p": [
          -213.85000610351562,
          1665.56201171875,
          2752.8798828125
        ]
      },
      "t": 0.31684017181396484
    },
    {
      "c": {
        "r": [
          -0.9997806549072266,
          5.563635951943979e-8,
          -0.020942555740475655,
          5.4724342390954916e-8,
          1,
          4.412153487010073e-8,
          0.020942555740475655,
          4.2965790925109104e-8,
          -0.9997806549072266
        ],
        "p": [
          -142.65313720703125,
          1687.750244140625,
          2816.17919921875
        ]
      },
      "t": 0.32515621185302734
    },
    {
      "c": {
        "r": [
          0.9993907809257507,
          -6.13154043094255e-8,
          -0.0349004864692688,
          5.881040721078534e-8,
          1,
          -7.280204528115064e-8,
          0.0349004864692688,
          7.070518392993108e-8,
          0.9993907809257507
        ],
        "p": [
          -213.8284454345703,
          1665.4671630859375,
          2752.59912109375
        ]
      },
      "t": 0.38399648666381836
    },
    {
      "c": {
        "r": [
          -0.9997806549072266,
          3.19477955201819e-8,
          -0.020942555740475655,
          3.142408999678992e-8,
          1,
          2.533570686580333e-8,
          0.020942555740475655,
          2.467204929246236e-8,
          -0.9997806549072266
        ],
        "p": [
          -142.65313720703125,
          1687.750244140625,
          2816.17919921875
        ]
      },
      "t": 0.3855571746826172
    },
    {
      "c": {
        "r": [
          0.9702965617179871,
          6.305664879135975e-9,
          0.2419186681509018,
          -6.992806333983026e-9,
          1,
          1.9817858465387417e-9,
          -0.2419186681509018,
          -3.614610166735588e-9,
          0.9702965617179871
        ],
        "p": [
          -213.87245178222656,
          1665.0804443359375,
          2751.801513671875
        ]
      },
      "t": 0.450026273727417
    },
    {
      "c": {
        "r": [
          -0.9997806549072266,
          -6.222777670927826e-8,
          -0.020942555740475655,
          -6.12077144523937e-8,
          1,
          -4.9348766850698667e-8,
          0.020942555740475655,
          -4.805609776781239e-8,
          -0.9997806549072266
        ],
        "p": [
          -142.65313720703125,
          1687.750244140625,
          2816.17919921875
        ]
      },
      "t": 0.45252132415771484
    },
    {
      "c": {
        "r": [
          -0.9997806549072266,
          -1.3305302637434124e-8,
          -0.020942555740475655,
          -1.3087195327443624e-8,
          1,
          -1.055158449503324e-8,
          0.020942555740475655,
          -1.0275190476249918e-8,
          -0.9997806549072266
        ],
        "p": [
          -142.65313720703125,
          1687.750244140625,
          2816.17919921875
        ]
      },
      "t": 0.5168445110321045
    },
    {
      "c": {
        "r": [
          0.9218626022338867,
          3.519825142461741e-8,
          0.3875168561935425,
          -5.306597117282763e-8,
          1,
          3.54082203557482e-8,
          -0.3875168561935425,
          -5.320547558085309e-8,
          0.9218626022338867
        ],
        "p": [
          -214.14968872070312,
          1664.8157958984375,
          2750.966552734375
        ]
      },
      "t": 0.5199408531188965
    },
    {
      "c": {
        "r": [
          -0.9997806549072266,
          7.596764817208168e-8,
          -0.020942555740475655,
          7.472235097338853e-8,
          1,
          6.024487930744726e-8,
          0.020942555740475655,
          5.866679231303351e-8,
          -0.9997806549072266
        ],
        "p": [
          -142.65313720703125,
          1687.750244140625,
          2816.17919921875
        ]
      },
      "t": 0.5780925750732422
    },
    {
      "c": {
        "r": [
          0.9191330671310425,
          -2.938248755413042e-8,
          0.39394721388816833,
          4.606724601785572e-8,
          1,
          -3.2896387835990026e-8,
          -0.39394721388816833,
          4.8384219297759046e-8,
          0.9191330671310425
        ],
        "p": [
          -214.4653778076172,
          1664.7064208984375,
          2750.226806640625
        ]
      },
      "t": 0.5850536823272705
    },
    {
      "c": {
        "r": [
          -0.9997806549072266,
          -1.5666362429556102e-8,
          -0.020942555740475655,
          -1.540955274492717e-8,
          1,
          -1.2423936546213099e-8,
          0.020942555740475655,
          -1.2098496426915517e-8,
          -0.9997806549072266
        ],
        "p": [
          -142.65313720703125,
          1687.750244140625,
          2816.17919921875
        ]
      },
      "t": 0.6422524452209473
    },
    {
      "c": {
        "r": [
          0.9443761706352234,
          -2.0670094968977537e-8,
          0.3288671672344208,
          2.7125125257043692e-8,
          1,
          -1.5040200196381193e-8,
          -0.3288671672344208,
          2.312416924610261e-8,
          0.9443761706352234
        ],
        "p": [
          -214.81581115722656,
          1664.6025390625,
          2749.38134765625
        ]
      },
      "t": 0.6537141799926758
    },
    {
      "c": {
        "r": [
          -0.9997806549072266,
          -9.558939240150721e-8,
          -0.020942555740475655,
          -9.402244671719018e-8,
          1,
          -7.58055733740548e-8,
          0.020942555740475655,
          -7.381987643384491e-8,
          -0.9997806549072266
        ],
        "p": [
          -142.65313720703125,
          1687.750244140625,
          2816.17919921875
        ]
      },
      "t": 0.7022879123687744
    },
    {
      "c": {
        "r": [
          0.9531921744346619,
          4.627123928457877e-8,
          0.30236509442329407,
          -6.894457271755527e-8,
          1,
          6.431360333181146e-8,
          -0.30236509442329407,
          -8.214965419028886e-8,
          0.9531921744346619
        ],
        "p": [
          -215.08033752441406,
          1664.4898681640625,
          2748.562744140625
        ]
      },
      "t": 0.7213239669799805
    },
    {
      "c": {
        "r": [
          -0.9997806549072266,
          2.036868629318178e-8,
          -0.020942555740475655,
          2.0034795156220753e-8,
          1,
          1.6153006043850837e-8,
          0.020942555740475655,
          1.5729883173776216e-8,
          -0.9997806549072266
        ],
        "p": [
          -142.65313720703125,
          1687.750244140625,
          2816.17919921875
        ]
      },
      "t": 0.7637639045715332
    },
    {
      "c": {
        "r": [
          0.9702966809272766,
          -2.732146509032418e-9,
          0.24191796779632568,
          7.272453750317709e-9,
          1,
          -1.787503123296119e-8,
          -0.24191796779632568,
          1.910342106725693e-8,
          0.9702966809272766
        ],
        "p": [
          -215.3108367919922,
          1664.2852783203125,
          2747.806640625
        ]
      },
      "t": 0.7838759422302246
    },
    {
      "c": {
        "r": [
          -0.9997806549072266,
          4.094023964285043e-8,
          -0.020942555740475655,
          4.0269128476211336e-8,
          1,
          3.246693580649662e-8,
          0.020942555740475655,
          3.161647654792432e-8,
          -0.9997806549072266
        ],
        "p": [
          -142.65313720703125,
          1687.750244140625,
          2816.17919921875
        ]
      },
      "t": 0.8245346546173096
    },
    {
      "c": {
        "r": [
          0.9980267882347107,
          -5.676648129337991e-8,
          -0.06278999149799347,
          5.136178771181221e-8,
          1,
          -8.76897985335745e-8,
          0.06278999149799347,
          8.429175579749426e-8,
          0.9980267882347107
        ],
        "p": [
          -215.42152404785156,
          1663.9344482421875,
          2747.019775390625
        ]
      },
      "t": 0.8526828289031982
    },
    {
      "c": {
        "r": [
          -0.737762987613678,
          2.9452297667376115e-7,
          -0.6750598549842834,
          3.340504690640955e-7,
          1,
          7.121281697664017e-8,
          0.6750598549842834,
          -1.7296588339377195e-7,
          -0.737762987613678
        ],
        "p": [
          -142.6531219482422,
          1687.59375,
          2816.17919921875
        ]
      },
      "t": 0.8916947841644287
    },
    {
      "c": {
        "r": [
          0.9952275156974792,
          5.2725201982184444e-8,
          -0.09758160263299942,
          -4.668751785175118e-8,
          1,
          6.41565378600717e-8,
          0.09758160263299942,
          -5.9294507082086056e-8,
          0.9952275156974792
        ],
        "p": [
          -215.35504150390625,
          1663.5150146484375,
          2746.20068359375
        ]
      },
      "t": 0.9223024845123291
    },
    {
      "c": {
        "r": [
          -0.8290364146232605,
          -8.404534668216002e-8,
          -0.5591946244239807,
          -9.063516159812934e-8,
          1,
          -1.5925568419561387e-8,
          0.5591946244239807,
          3.747981835999781e-8,
          -0.8290364146232605
        ],
        "p": [
          -142.6428680419922,
          1687.8038330078125,
          2816.177978515625
        ]
      },
      "t": 0.9546928405761719
    },
    {
      "c": {
        "r": [
          0.9822873473167419,
          5.6426627814687436e-9,
          -0.18738093972206116,
          -2.4665105513577146e-9,
          1,
          1.7183394263042828e-8,
          0.18738093972206116,
          -1.6416853654277475e-8,
          0.9822873473167419
        ],
        "p": [
          -215.3074188232422,
          1663.839111328125,
          2745.859619140625
        ]
      },
      "t": 0.9894917011260986
    },
    {
      "c": {
        "r": [
          -0.8329188227653503,
          2.710676483275165e-8,
          -0.55339515209198,
          3.293422778938293e-8,
          1,
          -5.868776020712119e-10,
          0.55339515209198,
          -1.8714464644631335e-8,
          -0.8329188227653503
        ],
        "p": [
          -142.6428680419922,
          1687.9656982421875,
          2816.177978515625
        ]
      },
      "t": 1.0183546543121338
    },
    {
      "c": {
        "r": [
          0.9822871685028076,
          -8.326456679697003e-8,
          -0.18738187849521637,
          7.049514039181304e-8,
          1,
          -7.481030905864827e-8,
          0.18738187849521637,
          6.027569554589718e-8,
          0.9822871685028076
        ],
        "p": [
          -215.2096405029297,
          1663.8255615234375,
          2745.347412109375
        ]
      },
      "t": 1.0554699897766113
    },
    {
      "c": {
        "r": [
          -0.8329193592071533,
          7.772011656470568e-8,
          -0.5533943772315979,
          8.826266650885373e-8,
          1,
          7.597532380998473e-9,
          0.5533943772315979,
          -4.251593210824467e-8,
          -0.8329193592071533
        ],
        "p": [
          -142.6428680419922,
          1687.9793701171875,
          2816.177978515625
        ]
      },
      "t": 1.0797462463378906
    },
    {
      "c": {
        "r": [
          0.9822871685028076,
          6.866936352878383e-9,
          -0.18738174438476562,
          -6.623564807739513e-9,
          1,
          1.924912007567059e-9,
          0.18738174438476562,
          -6.496811422174176e-10,
          0.9822871685028076
        ],
        "p": [
          -215.07957458496094,
          1663.4073486328125,
          2744.66552734375
        ]
      },
      "t": 1.1156768798828125
    },
    {
      "c": {
        "r": [
          -0.8329193592071533,
          -4.1271089656902404e-8,
          -0.5533943772315979,
          -4.887242610607245e-8,
          1,
          -1.0197026556468813e-9,
          0.5533943772315979,
          2.6196396163413738e-8,
          -0.8329193592071533
        ],
        "p": [
          -142.6428680419922,
          1687.9808349609375,
          2816.177978515625
        ]
      },
      "t": 1.140132188796997
    },
    {
      "c": {
        "r": [
          0.9835713505744934,
          6.3268487338064e-8,
          -0.18051990866661072,
          -5.4424013740117516e-8,
          1,
          5.3947431410961144e-8,
          0.18051990866661072,
          -4.3236529023715775e-8,
          0.9835713505744934
        ],
        "p": [
          -215.03158569335938,
          1663.8392333984375,
          2744.40869140625
        ]
      },
      "t": 1.1818244457244873
    },
    {
      "c": {
        "r": [
          -0.9226365685462952,
          -3.584579033599766e-8,
          -0.3856704831123352,
          -3.60124303711018e-8,
          1,
          -6.791819995299875e-9,
          0.3856704831123352,
          7.622549702546166e-9,
          -0.9226365685462952
        ],
        "p": [
          -142.6428680419922,
          1687.8740234375,
          2816.177978515625
        ]
      },
      "t": 1.2054944038391113
    },
    {
      "c": {
        "r": [
          0.9975640177726746,
          -4.207721460147695e-8,
          -0.0697573646903038,
          4.06767171057254e-8,
          1,
          -2.1497216451393797e-8,
          0.0697573646903038,
          1.860734855085866e-8,
          0.9975640177726746
        ],
        "p": [
          -214.9398651123047,
          1663.6947021484375,
          2743.694580078125
        ]
      },
      "t": 1.2450177669525146
    },
    {
      "c": {
        "r": [
          -0.9991218447685242,
          6.770315508219937e-8,
          0.04189882054924965,
          6.780435768405368e-8,
          1,
          9.943185164118518e-10,
          -0.04189882054924965,
          3.834367934274496e-9,
          -0.9991218447685242
        ],
        "p": [
          -142.6428680419922,
          1687.7698974609375,
          2816.177978515625
        ]
      },
      "t": 1.2728369235992432
    },
    {
      "c": {
        "r": [
          0.9988060593605042,
          -5.99191878336569e-8,
          -0.048850852996110916,
          5.810855441268359e-8,
          1,
          -3.848461815891824e-8,
          0.048850852996110916,
          3.560001715641192e-8,
          0.9988060593605042
        ],
        "p": [
          -214.9059600830078,
          1664.3582763671875,
          2743.080078125
        ]
      },
      "t": 1.3085753917694092
    },
    {
      "c": {
        "r": [
          -0.9975640177726746,
          -4.8835630650501116e-8,
          0.0697568878531456,
          -4.596661895561738e-8,
          1,
          4.2733905303293795e-8,
          -0.0697568878531456,
          3.9423316167130906e-8,
          -0.9975640177726746
        ],
        "p": [
          -142.6428680419922,
          1687.6920166015625,
          2816.177978515625
        ]
      },
      "t": 1.336073875427246
    },
    {
      "c": {
        "r": [
          0.9988061189651489,
          7.597979845286318e-8,
          -0.04885067790746689,
          -7.399336965363545e-8,
          1,
          4.247161200510163e-8,
          0.04885067790746689,
          -3.8806280855396835e-8,
          0.9988061189651489
        ],
        "p": [
          -214.87425231933594,
          1664.759521484375,
          2742.431640625
        ]
      },
      "t": 1.3712129592895508
    },
    {
      "c": {
        "r": [
          -0.9984407424926758,
          -4.64090561536068e-8,
          0.05582180991768837,
          -4.529705677214224e-8,
          1,
          2.118580333387854e-8,
          -0.05582180991768837,
          1.862420617726457e-8,
          -0.9984407424926758
        ],
        "p": [
          -142.6428680419922,
          1687.7457275390625,
          2816.177978515625
        ]
      },
      "t": 1.3966689109802246
    },
    {
      "c": {
        "r": [
          0.9993908405303955,
          8.517611504998968e-9,
          -0.034899868071079254,
          -8.264797735080265e-9,
          1,
          7.388226030968781e-9,
          0.034899868071079254,
          -7.095285248226446e-9,
          0.9993908405303955
        ],
        "p": [
          -214.8418731689453,
          1664.7703857421875,
          2741.750244140625
        ]
      },
      "t": 1.438387393951416
    },
    {
      "c": {
        "r": [
          -0.9997806549072266,
          7.28658022808304e-8,
          -0.020943088456988335,
          7.413834879343995e-8,
          1,
          -5.998556673603161e-8,
          0.020943088456988335,
          -6.152509257617567e-8,
          -0.9997806549072266
        ],
        "p": [
          -142.6428680419922,
          1687.7608642578125,
          2816.177978515625
        ]
      },
      "t": 1.4597363471984863
    },
    {
      "c": {
        "r": [
          0.9993908405303955,
          -1.0711359266224463e-7,
          -0.034899212419986725,
          1.0527525518000402e-7,
          1,
          -5.451330054029313e-8,
          0.034899212419986725,
          5.080606868546056e-8,
          0.9993908405303955
        ],
        "p": [
          -214.81732177734375,
          1664.75048828125,
          2741.04833984375
        ]
      },
      "t": 1.5067410469055176
    },
    {
      "c": {
        "r": [
          -0.9997806549072266,
          2.882812655258249e-9,
          -0.02094261161983013,
          2.741342930434598e-9,
          1,
          6.783829054057833e-9,
          0.02094261161983013,
          6.724930390333839e-9,
          -0.9997806549072266
        ],
        "p": [
          -142.6428680419922,
          1687.7286376953125,
          2816.177978515625
        ]
      },
      "t": 1.525270700454712
    },
    {
      "c": {
        "r": [
          0.9993908405303955,
          4.239846873588249e-8,
          -0.03489852324128151,
          -4.173666567908185e-8,
          1,
          1.9692173225394072e-8,
          0.03489852324128151,
          -1.8223628828195615e-8,
          0.9993908405303955
        ],
        "p": [
          -214.7932586669922,
          1664.789306640625,
          2740.35888671875
        ]
      },
      "t": 1.5737578868865967
    },
    {
      "c": {
        "r": [
          -0.9997807145118713,
          -7.779127741969205e-8,
          0.020942149683833122,
          -7.616031894031039e-8,
          1,
          7.867670603900478e-8,
          -0.020942149683833122,
          7.706449167699247e-8,
          -0.9997807145118713
        ],
        "p": [
          -142.6428680419922,
          1687.7286376953125,
          2816.177978515625
        ]
      },
      "t": 1.5865380764007568
    },
    {
      "c": {
        "r": [
          0.9996101260185242,
          2.88729324893211e-8,
          -0.027921272441744804,
          -2.8483505332133063e-8,
          1,
          1.434503804631504e-8,
          0.027921272441744804,
          -1.3544149801703043e-8,
          0.9996101260185242
        ],
        "p": [
          -214.77279663085938,
          1664.89208984375,
          2739.655517578125
        ]
      },
      "t": 1.6446046829223633
    },
    {
      "c": {
        "r": [
          -0.9964929223060608,
          1.9324239985962777e-8,
          0.08367736637592316,
          1.6712236927673985e-8,
          1,
          -3.1915615039679324e-8,
          -0.08367736637592316,
          -3.040524987341087e-8,
          -0.9964929223060608
        ],
        "p": [
          -142.6428680419922,
          1687.7286376953125,
          2816.177978515625
        ]
      },
      "t": 1.6506309509277344
    },
    {
      "c": {
        "r": [
          0.9996101260185242,
          -8.303310039536882e-8,
          -0.027922311797738075,
          8.198681200610736e-8,
          1,
          -3.861611475031168e-8,
          0.027922311797738075,
          3.6311799789245924e-8,
          0.9996101260185242
        ],
        "p": [
          -214.75611877441406,
          1664.7607421875,
          2739.05810546875
        ]
      },
      "t": 1.710174560546875
    },
    {
      "c": {
        "r": [
          -0.9809550046920776,
          4.027258881933449e-8,
          0.19423522055149078,
          3.1935428523865994e-8,
          1,
          -4.605432124549225e-8,
          -0.19423522055149078,
          -3.897423184184845e-8,
          -0.9809550046920776
        ],
        "p": [
          -142.6428680419922,
          1687.7080078125,
          2816.177978515625
        ]
      },
      "t": 1.7124722003936768
    },
    {
      "c": {
        "r": [
          -0.9443753361701965,
          -3.5204632098384536e-8,
          0.32886964082717896,
          -1.8126099732285184e-8,
          1,
          5.4996839082832594e-8,
          -0.32886964082717896,
          4.597653457949491e-8,
          -0.9443753361701965
        ],
        "p": [
          -142.6428680419922,
          1687.7786865234375,
          2816.177978515625
        ]
      },
      "t": 1.7732977867126465
    },
    {
      "c": {
        "r": [
          1,
          4.550118948287718e-9,
          5.779207199187075e-17,
          -4.550118948287718e-9,
          1,
          1.5966724609128846e-9,
          -5.052702077243386e-17,
          -1.5966724609128846e-9,
          1
        ],
        "p": [
          -214.7452850341797,
          1664.686767578125,
          2738.324462890625
        ]
      },
      "t": 1.7757012844085693
    },
    {
      "c": {
        "r": [
          1,
          7.330783091674675e-8,
          -7.960529987743794e-16,
          -7.330783091674675e-8,
          1,
          3.3547753020002347e-8,
          3.255366150798668e-15,
          -3.3547753020002347e-8,
          1
        ],
        "p": [
          -214.7452850341797,
          1664.7518310546875,
          2737.59765625
        ]
      },
      "t": 1.8414638042449951
    },
    {
      "c": {
        "r": [
          -0.9396931529045105,
          -2.1366538760503317e-8,
          0.3420187532901764,
          -1.248615966176203e-8,
          1,
          2.8166233789761463e-8,
          -0.3420187532901764,
          2.219711525697221e-8,
          -0.9396931529045105
        ],
        "p": [
          -142.6428680419922,
          1687.9610595703125,
          2816.177978515625
        ]
      },
      "t": 1.8416593074798584
    },
    {
      "t": 1.8604493141174316,
      "c": {
        "r": [
          1,
          5.758651866472064e-8,
          -3.9745329630991495e-16,
          -5.758651866472064e-8,
          1,
          2.641973750883153e-8,
          1.918873944424049e-15,
          -2.641973750883153e-8,
          1
        ],
        "p": [
          -214.7452850341797,
          1664.7305908203125,
          2737.506103515625
        ]
      },
      "j": true
    },
    {
      "t": 1.870633840560913,
      "c": {
        "r": [
          1,
          3.401713399853179e-8,
          -2.7316468441816364e-16,
          -3.401713399853179e-8,
          1,
          1.5733418123886622e-8,
          8.08370446014233e-16,
          -1.5733418123886622e-8,
          1
        ],
        "p": [
          -214.7452850341797,
          1665.3267822265625,
          2737.368408203125
        ]
      },
      "j": true
    },
    {
      "t": 1.880474328994751,
      "c": {
        "r": [
          1,
          1.046284481276416e-8,
          2.333514714791818e-9,
          -1.046284481276416e-8,
          1,
          5.053944818200762e-9,
          -2.333514492747213e-9,
          -5.053944818200762e-9,
          1
        ],
        "p": [
          -214.7452850341797,
          1665.892578125,
          2737.21630859375
        ]
      },
      "j": true
    },
    {
      "c": {
        "r": [
          -0.9018311500549316,
          7.267839663427367e-8,
          0.43208858370780945,
          2.9185686756250107e-8,
          1,
          -1.0728780353019829e-7,
          -0.43208858370780945,
          -8.414468055661928e-8,
          -0.9018311500549316
        ],
        "p": [
          -142.6428680419922,
          1687.9788818359375,
          2816.177978515625
        ]
      },
      "t": 1.902017593383789
    },
    {
      "c": {
        "r": [
          1,
          -4.4438504431809633e-8,
          3.694585526403671e-9,
          4.4438504431809633e-8,
          1,
          -1.9838232390156918e-8,
          -3.694584638225251e-9,
          1.9838232390156918e-8,
          1
        ],
        "p": [
          -214.7452850341797,
          1667.0931396484375,
          2736.837646484375
        ]
      },
      "t": 1.905221700668335
    },
    {
      "c": {
        "r": [
          0.9999052882194519,
          -1.3178996027818357e-7,
          -0.013762055896222591,
          1.3099392504045682e-7,
          1,
          -5.874439779063323e-8,
          0.013762055896222591,
          5.693608784440585e-8,
          0.9999052882194519
        ],
        "p": [
          -214.74307250976562,
          1669.10400390625,
          2736.024658203125
        ]
      },
      "t": 1.969078779220581
    },
    {
      "c": {
        "r": [
          -0.832921028137207,
          -7.323349482390995e-9,
          0.5533919334411621,
          -1.7003908281409963e-9,
          1,
          1.0674275685573775e-8,
          -0.5533919334411621,
          7.949846114740922e-9,
          -0.832921028137207
        ],
        "p": [
          -142.90234375,
          1687.792724609375,
          2816.59326171875
        ]
      },
      "t": 1.9699950218200684
    },
    {
      "c": {
        "r": [
          0.99338698387146,
          -1.2674642846377537e-7,
          0.1148143857717514,
          1.249784702395118e-7,
          1,
          2.2596811533048822e-8,
          -0.1148143857717514,
          -8.098051118565763e-9,
          0.99338698387146
        ],
        "p": [
          -214.7519073486328,
          1670.4039306640625,
          2735.158203125
        ]
      },
      "t": 2.0336596965789795
    },
    {
      "c": {
        "r": [
          -0.761542022228241,
          -6.867471569194095e-8,
          0.6481155157089233,
          -1.6909430300415806e-8,
          1,
          8.609187318597833e-8,
          -0.6481155157089233,
          5.46033156467729e-8,
          -0.761542022228241
        ],
        "p": [
          -143.41207885742188,
          1687.853271484375,
          2817.330322265625
        ]
      },
      "t": 2.0390796661376953
    },
    {
      "t": 2.0765891075134277,
      "c": {
        "r": [
          -0.7431479096412659,
          -9.137702150496807e-9,
          0.6691272258758545,
          -4.568915468183832e-9,
          1,
          8.581809041174893e-9,
          -0.6691272258758545,
          3.320367314429973e-9,
          -0.7431479096412659
        ],
        "p": [
          -143.69061279296875,
          1687.85498046875,
          2817.65576171875
        ]
      },
      "j": true
    },
    {
      "t": 2.0901710987091064,
      "c": {
        "r": [
          -0.6045935750007629,
          1.3182502200947965e-8,
          0.7965341210365295,
          -5.597058372330821e-9,
          1,
          -2.0798164968027777e-8,
          -0.7965341210365295,
          -1.7032684596074432e-8,
          -0.6045935750007629
        ],
        "p": [
          -143.79498291015625,
          1688.451171875,
          2817.773681640625
        ]
      },
      "j": true
    },
    {
      "c": {
        "r": [
          0.9929658770561218,
          -6.134338548235974e-8,
          0.11840106546878815,
          5.719246232160913e-8,
          1,
          3.8455954864957675e-8,
          -0.11840106546878815,
          -3.141380489068979e-8,
          0.9929658770561218
        ],
        "p": [
          -214.84666442871094,
          1670.8309326171875,
          2734.352294921875
        ]
      },
      "t": 2.0970587730407715
    },
    {
      "t": 2.108306646347046,
      "c": {
        "r": [
          -0.6045938730239868,
          3.594844955046028e-8,
          0.7965338826179504,
          -6.624518267273061e-9,
          1,
          -5.015931492380332e-8,
          -0.7965338826179504,
          -3.560266748081631e-8,
          -0.6045938730239868
        ],
        "p": [
          -143.91110229492188,
          1689.0169677734375,
          2817.88232421875
        ]
      },
      "j": true
    },
    {
      "c": {
        "r": [
          -0.5423187017440796,
          9.225430375181531e-8,
          0.8401728868484497,
          5.417330584123192e-8,
          1,
          -7.483591701884507e-8,
          -0.8401728868484497,
          4.93002705326262e-9,
          -0.5423187017440796
        ],
        "p": [
          -144.08224487304688,
          1689.7235107421875,
          2818.014404296875
        ]
      },
      "t": 2.112508773803711
    },
    {
      "c": {
        "r": [
          0.9929654598236084,
          7.01660098911816e-8,
          0.11840449273586273,
          -7.425339987321422e-8,
          1,
          3.010906368672295e-8,
          -0.11840449273586273,
          -3.8689197623398286e-8,
          0.9929654598236084
        ],
        "p": [
          -214.9427947998047,
          1670.4913330078125,
          2733.546630859375
        ]
      },
      "t": 2.1587297916412354
    },
    {
      "c": {
        "r": [
          -0.5469986200332642,
          1.1899288665517815e-8,
          0.837133526802063,
          1.096504291808742e-7,
          1,
          5.743330788732237e-8,
          -0.837133526802063,
          1.2320799669396365e-7,
          -0.5469986200332642
        ],
        "p": [
          -144.7663116455078,
          1691.887451171875,
          2818.452880859375
        ]
      },
      "t": 2.175175428390503
    },
    {
      "c": {
        "r": [
          0.9929654598236084,
          1.1468773664091714e-7,
          0.11840420961380005,
          -1.1696555191065272e-7,
          1,
          1.2288599471332873e-8,
          -0.11840420961380005,
          -2.6051369061974583e-8,
          0.9929654598236084
        ],
        "p": [
          -215.03892517089844,
          1669.3853759765625,
          2732.740966796875
        ]
      },
      "t": 2.2236082553863525
    },
    {
      "c": {
        "r": [
          -0.5636792778968811,
          -6.362276394611399e-8,
          0.8259937763214111,
          3.625067890311584e-8,
          1,
          1.0176410825124549e-7,
          -0.8259937763214111,
          8.730515332899813e-8,
          -0.5636792778968811
        ],
        "p": [
          -145.5813751220703,
          1693.47265625,
          2818.986328125
        ]
      },
      "t": 2.2514030933380127
    },
    {
      "c": {
        "r": [
          0.9950985908508301,
          -2.4644794649475443e-8,
          0.09888792037963867,
          2.745031046913482e-8,
          1,
          -2.7010075953626256e-8,
          -0.09888792037963867,
          2.959219180809214e-8,
          0.9950985908508301
        ],
        "p": [
          -215.14146423339844,
          1667.3609619140625,
          2731.881591796875
        ]
      },
      "t": 2.2890756130218506
    },
    {
      "c": {
        "r": [
          -0.5707088112831116,
          7.742536389798715e-9,
          0.8211525082588196,
          -6.209575786897403e-8,
          1,
          -5.258601021296272e-8,
          -0.8211525082588196,
          -8.10013887075911e-8,
          -0.5707088112831116
        ],
        "p": [
          -146.4279327392578,
          1693.94873046875,
          2819.572265625
        ]
      },
      "t": 2.3279519081115723
    },
    {
      "c": {
        "r": [
          0.9993897676467896,
          -1.086406129502393e-7,
          0.03493021801114082,
          1.0844401288068184e-7,
          1,
          7.522848122221149e-9,
          -0.03493021801114082,
          -3.730283637537468e-9,
          0.9993897676467896
        ],
        "p": [
          -215.18263244628906,
          1664.6710205078125,
          2731.08056640625
        ]
      },
      "t": 2.352869749069214
    },
    {
      "c": {
        "r": [
          -0.5873468518257141,
          3.392676717339782e-8,
          0.8093353509902954,
          -3.455623698300769e-8,
          1,
          -6.699727350678586e-8,
          -0.8093353509902954,
          -6.73182256605287e-8,
          -0.5873468518257141
        ],
        "p": [
          -147.22434997558594,
          1693.265380859375,
          2820.135009765625
        ]
      },
      "t": 2.405222177505493
    },
    {
      "c": {
        "r": [
          0.9991228580474854,
          8.240137105985923e-8,
          0.04187554493546486,
          -8.485069002972523e-8,
          1,
          5.6713023610655e-8,
          -0.04187554493546486,
          -6.021644338716214e-8,
          0.9991228580474854
        ],
        "p": [
          -215.1949005126953,
          1663.7525634765625,
          2730.641357421875
        ]
      },
      "t": 2.4168994426727295
    },
    {
      "c": {
        "r": [
          -0.7065268158912659,
          8.360873238189015e-8,
          0.7076862454414368,
          1.6042187667153485e-7,
          1,
          4.201526593305971e-8,
          -0.7076862454414368,
          1.432132705758704e-7,
          -0.7065268158912659
        ],
        "p": [
          -147.9128875732422,
          1691.7313232421875,
          2820.66015625
        ]
      },
      "t": 2.47220516204834
    },
    {
      "c": {
        "r": [
          0.9991227984428406,
          3.7174761047253924e-8,
          0.041875749826431274,
          -3.594819375507541e-8,
          1,
          -3.004369020231934e-8,
          -0.041875749826431274,
          2.851198033226865e-8,
          0.9991227984428406
        ],
        "p": [
          -215.22564697265625,
          1664.5859375,
          2729.9072265625
        ]
      },
      "t": 2.481934070587158
    },
    {
      "c": {
        "r": [
          -0.7568784952163696,
          6.7431528805173e-8,
          0.6535556316375732,
          1.1000640398606265e-7,
          1,
          2.4221270322755117e-8,
          -0.6535556316375732,
          9.022786429113694e-8,
          -0.7568784952163696
        ],
        "p": [
          -148.50253295898438,
          1689.325439453125,
          2821.294677734375
        ]
      },
      "t": 2.538304090499878
    },
    {
      "c": {
        "r": [
          0.9991227984428406,
          -7.897520859501128e-9,
          0.04187605157494545,
          1.2787475078823718e-8,
          1,
          -1.1650423914488783e-7,
          -0.04187605157494545,
          1.169375352105817e-7,
          0.9991227984428406
        ],
        "p": [
          -215.26165771484375,
          1664.74853515625,
          2729.047119140625
        ]
      },
      "t": 2.550703763961792
    },
    {
      "t": 2.6034929752349854,
      "c": {
        "r": [
          -0.7660449743270874,
          -5.737584185538935e-9,
          0.642786979675293,
          -1.6333149943648095e-8,
          1,
          -1.0539017658572902e-8,
          -0.642786979675293,
          -1.8572096749380762e-8,
          -0.7660449743270874
        ],
        "p": [
          -148.970947265625,
          1689.11962890625,
          2821.837890625
        ]
      },
      "j": true
    },
    {
      "c": {
        "r": [
          -0.770510733127594,
          -1.6329240182244575e-8,
          0.637427031993866,
          -3.4264406423289984e-8,
          1,
          -1.5800790009734555e-8,
          -0.637427031993866,
          -3.401573422934234e-8,
