{"d":[{"c":{"r":[1,4.553210697366694e-9,-7.727917799768818e-15,-4.553210697366694e-9,1,-8.630667736042597e-8,7.334945334219658e-15,8.630667736042597e-8,1],"p":[232.33493041992188,314.2543640136719,-144.60000610351563]},"t":0.06394481658935547},{"c":{"r":[-0.06279008090496063,1.906676239116223e-8,0.9980267286300659,-8.667036865972477e-8,1,-2.4557259337143479e-8,-0.9980267286300659,-8.804130402495503e-8,-0.06279008090496063],"p":[232.3349151611328,314.2543640136719,-144.60000610351563]},"t":0.3977200984954834},{"c":{"r":[0.1253330409526825,3.5752719895754129e-8,0.9921147227287293,-6.985222711364259e-8,1,-2.721250602633063e-8,-0.9921147227287293,-6.589079504237816e-8,0.1253330409526825],"p":[232.034912109375,314.2543640136719,-144.61312866210938]},"t":0.4596066474914551},{"c":{"r":[0.5965089797973633,1.7169014654427884e-8,0.8026064038276672,4.790858376679807e-9,1,-2.495221274045889e-8,-0.8026064038276672,1.8729393147509655e-8,0.5965089797973633],"p":[230.64700317382813,314.2543640136719,-144.97415161132813]},"t":0.5229473114013672},{"c":{"r":[0.9466803669929504,-8.846294718978243e-8,0.32217422127723696,8.314550115073871e-8,1,3.0265400852158567e-8,-0.32217422127723696,-1.8643209198643264e-9,0.9466803669929504],"p":[229.80584716796876,314.2543640136719,-146.166748046875]},"t":0.5880763530731201},{"c":{"r":[0.9297764301300049,2.4376332063980045e-8,0.36812466382980349,-4.110363249765214e-8,1,3.759828359761741e-8,-0.36812466382980349,-5.0089258962771058e-8,0.9297764301300049],"p":[229.310791015625,314.2543640136719,-147.58258056640626]},"t":0.6506912708282471},{"c":{"r":[0.844327986240387,3.9112030947308088e-8,0.5358267426490784,-4.955155930019828e-8,1,5.086972176826521e-9,-0.5358267426490784,-3.0846123877381618e-8,0.844327986240387],"p":[228.6317596435547,313.5903625488281,-149.02796936035157]},"t":0.7167789936065674},{"c":{"r":[0.8251136541366577,-4.5049855401657626e-8,0.5649667382240295,8.897463033008535e-8,1,-5.0205304802375397e-8,-0.5649667382240295,9.169279024945354e-8,0.8251136541366577],"p":[227.75021362304688,312.9390869140625,-150.36302185058595]},"t":0.7820382118225098},{"c":{"r":[0.7095707058906555,1.3179314306555057e-9,0.7046342492103577,-1.1620193696160186e-8,1,9.831223835021774e-9,-0.7046342492103577,-1.5163934108386458e-8,0.7095707058906555],"p":[226.7550506591797,312.98919677734377,-151.61309814453126]},"t":0.8467214107513428},{"c":{"r":[0.6946582198143005,3.649039115316555e-8,0.719339907169342,-1.108812384131852e-7,1,5.6349122701249146e-8,-0.719339907169342,-1.1890468698538825e-7,0.6946582198143005],"p":[225.68289184570313,312.9938659667969,-152.66200256347657]},"t":0.9143342971801758},{"c":{"r":[0.7046343088150024,-1.546028727261728e-8,0.7095706462860107,5.206045727845776e-8,1,-2.991005487729126e-8,-0.7095706462860107,5.801622293688524e-8,0.7046343088150024],"p":[224.46173095703126,312.99432373046877,-153.84474182128907]},"t":0.9808580875396729},{"c":{"r":[0.7477982640266419,-1.1093534979522702e-8,0.6639260053634644,2.7553465287155633e-8,1,-1.4325238772983085e-8,-0.6639260053634644,2.9005851942542905e-8,0.7477982640266419],"p":[223.359619140625,312.99432373046877,-155.00421142578126]},"t":1.047288179397583},{"c":{"r":[0.7749444842338562,2.4704826628862976e-8,0.6320292949676514,-7.3635149533402e-8,1,5.119751023130448e-8,-0.6320292949676514,-8.621479707926483e-8,0.7749444842338562],"p":[222.32101440429688,312.99432373046877,-156.22120666503907]},"t":1.1141841411590577},{"c":{"r":[0.7749444842338562,6.332253471574845e-11,0.6320292949676514,1.3813737931300807e-9,1,-1.7939207896944254e-9,-0.6320292949676514,2.2632578033920937e-9,0.7749444842338562],"p":[221.30941772460938,312.99432373046877,-157.4608612060547]},"t":1.1799099445343018},{"c":{"r":[0.7749444842338562,-2.0070157091822695e-8,0.6320292949676514,6.064971813657394e-8,1,-4.2608800043808517e-8,-0.6320292949676514,7.13518559791737e-8,0.7749444842338562],"p":[220.29818725585938,312.99432373046877,-158.7008514404297]},"t":1.2459588050842286},{"c":{"r":[0.7749444842338562,1.1181764847378873e-8,0.6320292949676514,-3.568559137079319e-8,1,2.6063011304700013e-8,-0.6320292949676514,-4.275172571510666e-8,0.7749444842338562],"p":[219.35015869140626,312.99432373046877,-159.86334228515626]},"t":1.3126142024993897},{"c":{"r":[0.7749444246292114,1.859840281781544e-8,0.6320293545722961,-5.7808207998277797e-8,1,4.145336873762062e-8,-0.6320293545722961,-6.866054036436253e-8,0.7749444246292114],"p":[218.40213012695313,312.99432373046877,-161.0258331298828]},"t":1.3734159469604493},{"c":{"r":[0.8131006360054016,-2.3664870951733975e-8,0.5821231603622437,7.222049447364043e-8,1,-6.022377618819519e-8,-0.5821231603622437,9.100921261051553e-8,0.8131006360054016],"p":[217.42654418945313,312.99432373046877,-162.29339599609376]},"t":1.4399700164794922},{"c":{"r":[0.8131006360054016,-3.396550374290541e-9,0.5821231603622437,9.301104775261138e-9,1,-7.156877313008181e-9,-0.5821231603622437,1.1233650454300914e-8,0.8131006360054016],"p":[216.55335998535157,312.99432373046877,-163.51309204101563]},"t":1.5049598217010499},{"c":{"r":[0.8131006360054016,2.996178949388195e-8,0.5821231603622437,-9.34564425847384e-8,1,7.906866983375949e-8,-0.5821231603622437,-1.1869394711538917e-7,0.8131006360054016],"p":[215.56375122070313,312.99432373046877,-164.8954315185547]},"t":1.5725071430206299},{"c":{"r":[0.8131006360054016,-9.956915292264057e-9,0.5821231603622437,3.176481655486896e-8,1,-2.7264123403369923e-8,-0.5821231603622437,4.065951131337897e-8,0.8131006360054016],"p":[214.63235473632813,312.99432373046877,-166.1964569091797]},"t":1.6392362117767335},{"c":{"r":[0.8090168833732605,-1.0102279013324278e-8,0.5877854228019714,3.2819798434502448e-8,1,-2.798554099570083e-8,-0.5877854228019714,4.193177360889422e-8,0.8090168833732605],"p":[213.70095825195313,312.99432373046877,-167.4974822998047]},"t":1.7066009044647217},{"c":{"r":[0.8048940300941467,1.7877605174021484e-8,0.5934185981750488,-5.696749738604012e-8,1,4.714242507475319e-8,-0.5934185981750488,-7.175022886940497e-8,0.8048940300941467],"p":[212.81715393066407,312.99432373046877,-168.7094268798828]},"t":1.7716450691223145},{"c":{"r":[0.8048937320709229,4.641242945524482e-9,0.5934189558029175,-1.497827994967338e-8,1,1.2494850487598797e-8,-0.5934189558029175,-1.8945423008176477e-8,0.8048937320709229],"p":[211.86769104003907,312.99432373046877,-169.9972686767578]},"t":1.837547779083252},{"c":{"r":[0.8048937320709229,-2.3311226726718816e-8,0.5934189558029175,7.420586456419187e-8,1,-6.136745156481993e-8,-0.5934189558029175,9.342944906620687e-8,0.8048937320709229],"p":[210.97756958007813,312.99432373046877,-171.20462036132813]},"t":1.8978853225708008},{"c":{"r":[0.8048936724662781,4.644008733123428e-9,0.5934190154075623,-1.4621648780632768e-8,1,1.200646426724461e-8,-0.5934190154075623,-1.834069252026893e-8,0.8048936724662781],"p":[210.0874481201172,312.99432373046877,-172.41197204589845]},"t":1.9634058475494385},{"c":{"r":[0.8048940300941467,1.9131347173129144e-8,0.5934185981750488,-6.072035318993585e-8,1,5.011993309267382e-8,-0.5934185981750488,-7.637382282155159e-8,0.8048940300941467],"p":[209.07864379882813,312.99432373046877,-173.78030395507813]},"t":2.03206205368042},{"c":{"r":[0.7880105972290039,-2.0049784055231613e-8,0.61566162109375,6.341797131881322e-8,1,-4.860503111103753e-8,-0.61566162109375,7.734529106073751e-8,0.7880105972290039],"p":[208.1126708984375,312.99432373046877,-175.0557098388672]},"t":2.098249912261963},{"c":{"r":[0.7836931943893433,-1.7703641885802313e-9,0.6211481094360352,8.519628558190107e-9,1,-7.89893928043739e-9,-0.6211481094360352,1.1482296002895965e-8,0.7836931943893433],"p":[207.1224365234375,312.99432373046877,-176.31246948242188]},"t":2.164113759994507},{"c":{"r":[0.7836931943893433,2.8670415375131598e-8,0.6211481094360352,-8.76059402799001e-8,1,6.437395683178693e-8,-0.6211481094360352,-1.048656983471119e-7,0.7836931943893433],"p":[206.1285400390625,312.99432373046877,-177.56637573242188]},"t":2.231123924255371},{"c":{"r":[0.7193396687507629,-1.040532549012596e-8,0.6946585178375244,2.394332376809416e-8,1,-9.8149763871902e-9,-0.6946585178375244,2.3692734885116807e-8,0.7193396687507629],"p":[205.11280822753907,312.99432373046877,-178.802001953125]},"t":2.298783779144287},{"c":{"r":[0.7193396687507629,-1.4114436730494618e-8,0.6946585178375244,4.537148257099943e-8,1,-2.6665000874004364e-8,-0.6946585178375244,5.069887976105747e-8,0.7193396687507629],"p":[204.00245666503907,312.99432373046877,-179.9539794921875]},"t":2.3643808364868166},{"c":{"r":[0.7193396687507629,2.1264598970560656e-8,0.6946585178375244,-5.140721981433671e-8,1,2.2622128170723955e-8,-0.6946585178375244,-5.198345576218344e-8,0.7193396687507629],"p":[202.96035766601563,312.99432373046877,-181.03292846679688]},"t":2.429873466491699},{"c":{"r":[0.7193396687507629,1.5947728471132906e-8,0.6946585178375244,-4.2611468131781297e-8,1,2.1167798180954379e-8,-0.6946585178375244,-4.48272565733987e-8,0.7193396687507629],"p":[201.84878540039063,312.99432373046877,-182.18380737304688]},"t":2.4971132278442385},{"c":{"r":[0.7431450486183167,-3.627584632681646e-8,0.6691303849220276,8.584584065829404e-8,1,-4.112810003675804e-8,-0.6691303849220276,8.800620321380848e-8,0.7431450486183167],"p":[200.68157958984376,312.99432373046877,-183.41954040527345]},"t":2.564119577407837},{"c":{"r":[0.7431446313858032,1.034869789862114e-8,0.6691308617591858,-1.9403353590519147e-8,1,6.083712644766592e-9,-0.6691308617591858,-1.7504460103623388e-8,0.7431446313858032],"p":[199.6110076904297,312.99432373046877,-184.60850524902345]},"t":2.6314384937286379},{"c":{"r":[0.7477978467941284,4.223041827344787e-8,0.6639264822006226,-9.163156988734045e-8,1,3.959997840752294e-8,-0.6639264822006226,-9.044940441071958e-8,0.7477978467941284],"p":[198.54531860351563,312.99432373046877,-185.80189514160157]},"t":2.6980996131896974},{"c":{"r":[0.733729898929596,-3.0329903921710868e-8,0.6794412732124329,6.350512649078155e-8,1,-2.393982789783422e-8,-0.6794412732124329,6.071336855484333e-8,0.733729898929596],"p":[197.4774169921875,312.99432373046877,-186.99337768554688]},"t":2.764068126678467},{"c":{"r":[0.7095708847045898,-8.973883858232057e-9,0.7046340703964233,2.127421261377549e-8,1,-8.687740304935687e-9,-0.7046340703964233,2.1155100782266346e-8,0.7095708847045898],"p":[196.3750457763672,312.99432373046877,-188.15292358398438]},"t":2.831258773803711},{"c":{"r":[0.7046342492103577,4.097264394431477e-8,0.7095707058906555,-8.75926673415961e-8,1,2.9240426968613066e-8,-0.7095707058906555,-8.275699769910716e-8,0.7046342492103577],"p":[195.2423553466797,312.99432373046877,-189.282958984375]},"t":2.897631883621216},{"c":{"r":[0.7046342492103577,-2.667037479753276e-9,0.7095707058906555,4.953309762356639e-9,1,-1.16018628038006e-9,-0.7095707058906555,4.3322305742776738e-9,0.7046342492103577],"p":[194.1071014404297,312.99432373046877,-190.410400390625]},"t":2.9632797241210939},{"c":{"r":[0.7046341896057129,-3.2923932025141769e-8,0.7095707654953003,6.999626123160852e-8,1,-2.31095071967502e-8,-0.7095707654953003,6.595104906637062e-8,0.7046341896057129],"p":[193.0428009033203,312.99432373046877,-191.46737670898438]},"t":3.026992082595825},{"c":{"r":[0.7046341896057129,1.6057011720249649e-8,0.7095707654953003,-3.322347552625615e-8,1,1.0363144120617563e-8,-0.7095707654953003,-3.0876631029741478e-8,0.7046341896057129],"p":[192.36427307128907,312.99432373046877,-192.6857147216797]},"t":3.0887534618377687},{"c":{"r":[0.6586889624595642,3.3268278798459508e-8,0.7524152994155884,-7.596477757942921e-8,1,2.228674134130415e-8,-0.7524152994155884,-7.183709271885164e-8,0.6586889624595642],"p":[192.31661987304688,312.99432373046877,-194.28440856933595]},"t":3.1558878421783449},{"c":{"r":[0.6156612634658814,-3.6600077635284836e-8,0.7880108952522278,8.665251272077512e-8,1,-2.1254171755913377e-8,-0.7880108952522278,8.136849771744892e-8,0.6156612634658814],"p":[192.16934204101563,312.99432373046877,-195.8773956298828]},"t":3.2220911979675295},{"c":{"r":[0.5239852666854858,5.088908183736862e-10,0.8517273664474487,7.625859943516389e-9,1,-5.288932847236083e-9,-0.8517273664474487,9.26647558685545e-9,0.5239852666854858],"p":[191.92218017578126,312.99432373046877,-197.4573516845703]},"t":3.2892041206359865},{"c":{"r":[0.4570978879928589,4.3941568605987416e-8,0.8894163966178894,-1.0764507152316583e-7,1,5.917103695907144e-9,-0.8894163966178894,-9.844598736208354e-8,0.4570978879928589],"p":[191.4829559326172,312.99432373046877,-198.9952850341797]},"t":3.355576276779175},{"c":{"r":[0.38751542568206789,-1.2489100420509658e-8,0.9218631982803345,2.6638462102823725e-8,1,2.349899164144631e-9,-0.9218631982803345,2.364639684060421e-8,0.38751542568206789],"p":[190.9749755859375,312.99432373046877,-200.51239013671876]},"t":3.423119306564331},{"c":{"r":[0.3023700416088104,-2.32373409403408e-8,0.9531906247138977,5.968785643517549e-8,1,5.444369843843333e-9,-0.9531906247138977,5.524768909026534e-8,0.3023700416088104],"p":[190.335693359375,312.99432373046877,-201.8682861328125]},"t":3.4870314598083498},{"c":{"r":[0.3023700416088104,1.6681191539191788e-8,0.9531906247138977,-5.0503199844342819e-8,1,-1.4798064995602545e-9,-0.9531906247138977,-4.769172790020093e-8,0.3023700416088104],"p":[189.6453857421875,312.99432373046877,-203.19993591308595]},"t":3.548273801803589},{"c":{"r":[0.3023700416088104,2.0995138072521514e-8,0.9531906247138977,-5.9163653531868479e-8,1,-3.258342928802449e-9,-0.9531906247138977,-5.540901426570599e-8,0.3023700416088104],"p":[188.9090576171875,312.99432373046877,-204.62034606933595]},"t":3.6146979331970217},{"c":{"r":[0.26891958713531496,-3.554624683488328e-8,0.9631626009941101,1.1264229016205718e-7,1,5.4554929462824479e-9,-0.9631626009941101,1.0702575536924997e-7,0.26891958713531496],"p":[188.16970825195313,312.99432373046877,-206.0391845703125]},"t":3.682725429534912},{"c":{"r":[0.13225631415843965,6.272394159623218e-9,0.9912155270576477,-5.751012110977172e-9,1,-5.560633731249709e-9,-0.9912155270576477,-4.9650639155629509e-9,0.13225631415843965],"p":[187.15391540527345,312.99432373046877,-207.12677001953126]},"t":3.7477333545684816},{"c":{"r":[-0.10593779385089874,2.1557527318805115e-8,0.9943727850914002,-9.09356145939455e-8,1,-3.136755921673284e-8,-0.9943727850914002,-9.374691245511713e-8,-0.10593779385089874],"p":[185.56272888183595,312.99432373046877,-207.24407958984376]},"t":3.8155667781829836},{"c":{"r":[-0.1598815619945526,2.7565945970309259e-8,0.98713618516922,-9.561252234391305e-9,1,-2.9473758544895646e-8,-0.98713618516922,-1.4150568716786438e-8,-0.1598815619945526],"p":[184.07818603515626,312.99432373046877,-207.03311157226563]},"t":3.880014419555664},{"c":{"r":[-0.13225652277469636,3.7597441604475537e-8,0.9912155270576477,7.735310703083087e-8,1,-2.7609525332650265e-8,-0.9912155270576477,7.30220577338514e-8,-0.13225652277469636],"p":[182.4969482421875,312.99432373046877,-206.78929138183595]},"t":3.9469218254089357},{"c":{"r":[-0.02792235277593136,7.323461836961087e-10,0.9996100664138794,2.9483112840011928e-8,1,9.092720326675519e-11,-0.9996100664138794,2.947415644882767e-8,-0.02792235277593136],"p":[180.80499267578126,312.99432373046877,-206.63279724121095]},"t":4.014642715454102},{"c":{"r":[0.10452868044376373,-2.4747798477164907e-8,0.9945218563079834,-7.348447184085671e-8,1,3.260766234802759e-8,-0.9945218563079834,-7.649035183021624e-8,0.10452868044376373],"p":[179.20668029785157,312.99432373046877,-206.66827392578126]},"t":4.08147406578064},{"c":{"r":[0.13917288184165955,2.1007544148687886e-8,0.9902681112289429,8.99988084057668e-9,1,-2.247884545170109e-8,-0.9902681112289429,1.2040739960639258e-8,0.13917288184165955],"p":[177.6204071044922,312.99432373046877,-206.87600708007813]},"t":4.146576404571533},{"c":{"r":[0.1391725242137909,6.42435793452023e-8,0.9902681708335877,9.101227504970666e-8,1,-7.766582399426625e-8,-0.9902681708335877,1.0093550883993885e-7,0.1391725242137909],"p":[176.03958129882813,312.9493713378906,-207.09817504882813]},"t":4.214331150054932},{"c":{"r":[0.13225586712360383,-3.1923370613640148e-8,0.9912155866622925,-3.396912617859016e-8,1,3.6738715181172668e-8,-0.9912155866622925,-3.8529638146656e-8,0.13225586712360383],"p":[174.57070922851563,312.3027648925781,-207.2952880859375]},"t":4.2821314334869389},{"t":4.284985303878784,"c":{"r":[0.13225586712360383,-3.1923370613640148e-8,0.9912155866622925,-3.396912617859016e-8,1,3.6738715181172668e-8,-0.9912155866622925,-3.8529638146656e-8,0.13225586712360383],"p":[174.57070922851563,312.3027648925781,-207.2952880859375]},"j":true},{"t":4.293126583099365,"c":{"r":[0.13225622475147248,-4.517492158129244e-8,0.9912155866622925,-5.1287202040839477e-8,1,5.2418439366874739e-8,-0.9912155866622925,-5.776933775791804e-8,0.13225622475147248],"p":[174.39306640625,312.7423095703125,-207.31900024414063]},"j":true},{"t":4.299951076507568,"c":{"r":[0.13225622475147248,-5.8420827286909119e-8,0.9912155866622925,-6.859787760049585e-8,1,6.809146668729227e-8,-0.9912155866622925,-7.70008057315863e-8,0.13225622475147248],"p":[174.2080535888672,313.168212890625,-207.34368896484376]},"j":true},{"c":{"r":[0.13225622475147248,-6.29256931006239e-8,0.9912155866622925,-7.919165057046485e-8,1,7.404976543057274e-8,-0.9912155866622925,-8.828953923512018e-8,0.13225622475147248],"p":[173.02328491210938,315.4375915527344,-207.5017852783203]},"t":4.3475282192230229},{"c":{"r":[0.11856049299240112,1.3442129631613398e-9,0.9929468035697937,-3.168498574623868e-9,1,-9.754340668521878e-10,-0.9929468035697937,-3.0305027376442696e-9,0.11856049299240112],"p":[171.4367218017578,317.70037841796877,-207.70864868164063]},"t":4.41504430770874},{"c":{"r":[0.09065639972686768,6.291048748607864e-8,0.9958822131156921,8.610606982983882e-8,1,-7.100895516032324e-8,-0.9958822131156921,9.218891960927067e-8,0.09065639972686768],"p":[169.84530639648438,319.0911560058594,-207.87342834472657]},"t":4.481309413909912},{"c":{"r":[0.06304874271154404,4.5847823315625649e-8,0.9980104565620422,7.27254487742357e-8,1,-5.053361107343335e-8,-0.9980104565620422,7.576683458410116e-8,0.06304874271154404],"p":[168.250244140625,319.6099548339844,-207.99880981445313]},"t":4.548496246337891},{"c":{"r":[0.014458699151873589,-5.707752848138625e-8,0.999895453453064,-3.2591469079079619e-8,1,5.755477516800056e-8,-0.999895453453064,-3.342023191521548e-8,0.014458699151873589],"p":[166.65174865722657,319.25677490234377,-208.06243896484376]},"t":4.613545179367065},{"c":{"r":[-0.013932444155216217,-9.666009503916939e-8,0.9999029636383057,-6.407752550785517e-8,1,9.577663462323471e-8,-0.9999029636383057,-6.273690189573245e-8,-0.013932444155216217],"p":[165.05189514160157,318.0315856933594,-208.06106567382813]},"t":4.683748722076416},{"c":{"r":[-0.013962038792669773,1.6126064039667655e-8,0.9999025464057922,1.5894764615609348e-8,1,-1.5905690986528499e-8,-0.9999025464057922,1.567113905309725e-8,-0.013962038792669773],"p":[163.57383728027345,316.77484130859377,-208.04042053222657]},"t":4.746764421463013},{"c":{"r":[-0.013962151482701302,5.09116233615714e-8,0.9999025464057922,3.730816544589288e-8,1,-5.0395634332289777e-8,-0.9999025464057922,3.660089475943096e-8,-0.013962151482701302],"p":[162.37342834472657,316.4051513671875,-208.02365112304688]},"t":4.8136749267578129},{"t":4.843151569366455,"c":{"r":[-0.013962151482701302,1.0756671109390937e-8,0.9999025464057922,5.589976037612132e-9,1,-1.0679664264046096e-8,-0.9999025464057922,5.44032019433871e-9,-0.013962151482701302],"p":[161.7797393798828,316.4840087890625,-208.01535034179688]},"j":true},{"t":4.850310325622559,"c":{"r":[-0.013962151482701302,-9.301521330939977e-9,0.9999025464057922,-1.0253893734102349e-8,1,9.159248470780313e-9,-0.9999025464057922,-1.0125011051798083e-8,-0.013962151482701302],"p":[161.4834747314453,317.1382141113281,-208.01123046875]},"j":true},{"t":4.8586585521698,"c":{"r":[-0.013962163589894772,-2.2666513999070049e-8,0.9999025464057922,-2.0810839274076899e-8,1,2.2378131347977616e-8,-0.9999025464057922,-2.0496363717370515e-8,-0.013962163589894772],"p":[161.2841339111328,317.55731201171877,-208.00845336914063]},"j":true},{"c":{"r":[-0.01396205835044384,-6.272723140909875e-8,0.9999025464057922,-5.245465573011643e-8,1,6.200090041375006e-8,-0.9999025464057922,-5.158388205472875e-8,-0.01396205835044384],"p":[160.68429565429688,318.7328796386719,-208.0000762939453]},"t":4.882368564605713},{"t":4.942537307739258,"c":{"r":[-0.020938009023666383,-1.0796731686468775e-7,0.9997807741165161,-8.599511858164988e-8,1,1.0619002921430365e-7,-0.9997807741165161,-8.375285887041173e-8,-0.020938009023666383],"p":[159.384521484375,320.8592224121094,-207.9774169921875]},"j":true},{"c":{"r":[-0.020937759429216386,-8.583035082665447e-8,0.9997807741165161,-6.773269944915228e-8,1,8.443068821861744e-8,-0.9997807741165161,-6.595006141196791e-8,-0.020937759429216386],"p":[159.0845947265625,321.2681579589844,-207.9711456298828]},"t":4.947330713272095},{"c":{"r":[-0.014212705194950104,3.18623776252025e-8,0.9998989701271057,2.944404009497248e-8,1,-3.144707250157808e-8,-0.9998989701271057,2.8994117329261827e-8,-0.014212705194950104],"p":[157.4849853515625,322.93145751953127,-207.9376983642578]},"t":5.0143492221832279},{"c":{"r":[-0.006983191706240177,9.471908413161145e-8,0.9999756217002869,8.200040468864245e-8,1,-9.414875279389889e-8,-0.9999756217002869,8.13409499755835e-8,-0.006983191706240177],"p":[155.8851318359375,323.7227478027344,-207.92147827148438]},"t":5.080875635147095},{"c":{"r":[-0.013525850139558316,-2.454511038862961e-9,0.9999085068702698,-3.4883784749695225e-9,1,2.407547938787502e-9,-0.9999085068702698,-3.4554952232923599e-9,-0.013525850139558316],"p":[154.2852783203125,323.6420593261719,-207.91024780273438]},"t":5.148884296417236},{"c":{"r":[-0.04160875454545021,-1.0256118088136646e-7,0.9991340041160584,-7.9136455610751e-8,1,9.935445888231698e-8,-0.9991340041160584,-7.493390796753374e-8,-0.04160875454545021],"p":[152.68589782714845,322.6893615722656,-207.8672332763672]},"t":5.2160255908966068},{"c":{"r":[-0.04884878918528557,-4.637236017401847e-8,0.9988061785697937,-3.25568656478481e-8,1,4.483552018541559e-8,-0.9988061785697937,-3.032783979506348e-8,-0.04884878918528557],"p":[151.0875701904297,320.86468505859377,-207.79339599609376]},"t":5.282431125640869},{"c":{"r":[-0.048849981278181079,7.340695873381265e-8,0.9988061189651489,6.124140128349609e-8,1,-7.049948891335589e-8,-0.9988061189651489,5.772439237716753e-8,-0.048849981278181079],"p":[149.5893096923828,318.3620910644531,-207.72015380859376]},"t":5.342689037322998},{"c":{"r":[-0.08335699886083603,6.947496444809076e-8,0.9965197443962097,5.973335248654621e-8,1,-6.472101432564159e-8,-0.9965197443962097,5.413051695768445e-8,-0.08335699886083603],"p":[148.0921630859375,315.09307861328127,-207.62904357910157]},"t":5.405232906341553},{"c":{"r":[-0.09758295863866806,-2.146353494936193e-8,0.9952273964881897,-9.438068104827835e-10,1,2.1473921307801903e-8,-0.9952273964881897,1.156186257844638e-9,-0.09758295863866806],"p":[146.87388610839845,314.1257629394531,-207.5200653076172]},"t":5.472472667694092},{"c":{"r":[-0.11146913468837738,-1.1313655079447926e-7,0.9937679171562195,-6.212761149981816e-8,1,1.0687731588632232e-7,-0.9937679171562195,-4.9826901715732677e-8,-0.11146913468837738],"p":[145.4408721923828,313.3898620605469,-207.3795623779297]},"t":5.532682657241821},{"c":{"r":[-0.1184040978550911,5.026694438470258e-8,0.9929655194282532,1.9686099861360163e-8,1,-4.827562349873915e-8,-0.9929655194282532,1.3831586542778496e-8,-0.1184040978550911],"p":[143.9757843017578,314.13336181640627,-207.22744750976563]},"t":5.598719120025635},{"c":{"r":[-0.11840397864580155,3.141922988447732e-8,0.9929655194282532,1.751866562926807e-8,1,-2.9552838398672067e-8,-0.9929655194282532,1.3896256589873701e-8,-0.11840397864580155],"p":[142.39144897460938,314.8453369140625,-207.03854370117188]},"t":5.663826942443848},{"c":{"r":[-0.1184045672416687,-6.996761214850267e-8,0.9929654598236084,-2.26228831223807e-8,1,6.776566152666419e-8,-0.9929654598236084,-1.4439978102132045e-8,-0.1184045672416687],"p":[140.80491638183595,314.9506530761719,-206.84938049316407]},"t":5.730022430419922},{"c":{"r":[-0.1184045672416687,-3.287622973857651e-8,0.9929654598236084,-1.2871748111820125e-8,1,3.157426675670649e-8,-0.9929654598236084,-9.042663506875215e-9,-0.1184045672416687],"p":[139.2304229736328,315.1089172363281,-206.66163635253907]},"t":5.797328233718872},{"c":{"r":[-0.11146900057792664,8.854983946093853e-8,0.9937679171562195,2.828800482745919e-8,1,-8.593214317897946e-8,-0.9937679171562195,1.8532940515569863e-8,-0.11146900057792664],"p":[137.64320373535157,315.27716064453127,-206.48109436035157]},"t":5.864427089691162},{"t":5.8681230545043949,"c":{"r":[-0.11146900057792664,8.854983946093853e-8,0.9937679171562195,2.828800482745919e-8,1,-8.593214317897946e-8,-0.9937679171562195,1.8532940515569863e-8,-0.11146900057792664],"p":[137.64320373535157,315.27716064453127,-206.48109436035157]},"j":true},{"t":5.876477241516113,"c":{"r":[-0.11146959662437439,7.472981167211401e-8,0.9937678575515747,2.414171085263206e-8,1,-7.249052202951134e-8,-0.9937678575515747,1.5910767814375505e-8,-0.11146959662437439],"p":[137.4445037841797,315.7167053222656,-206.4588165283203]},"j":true},{"t":5.883403062820435,"c":{"r":[-0.11146890372037888,6.091566717714159e-8,0.9937679171562195,1.9997200340071687e-8,1,-5.9054631407207128e-8,-0.9937679171562195,1.3289820799400332e-8,-0.11146890372037888],"p":[137.24575805664063,316.1426086425781,-206.4365234375]},"j":true},{"c":{"r":[-0.13902465999126435,-2.2104252650478885e-8,0.9902889132499695,-3.0296248842986986e-10,1,2.227848128200094e-8,-0.9902889132499695,2.7972377747431666e-9,-0.13902465999126435],"p":[136.05552673339845,318.4119873046875,-206.28428649902345]},"t":5.931506395339966},{"c":{"r":[-0.13917303085327149,-1.2638842861179e-7,0.9902680516242981,-2.035136681399763e-8,1,1.2477032385049825e-7,-0.9902680516242981,-2.7886455367109876e-9,-0.13917303085327149],"p":[134.57008361816407,320.55889892578127,-206.07554626464845]},"t":5.996500730514526},{"c":{"r":[-0.1391734480857849,-7.321803252580139e-8,0.9902679920196533,-1.3210376792471834e-8,1,7.208098651290129e-8,-0.9902679920196533,-3.0500539871525236e-9,-0.1391734480857849],"p":[133.0846405029297,321.93939208984377,-205.86680603027345]},"t":6.058450222015381},{"c":{"r":[-0.14583542943000794,9.484281093818936e-8,0.9893088340759277,1.3830999456843074e-8,1,-9.382889487596913e-8,-0.9893088340759277,-4.469339395102301e-13,-0.14583542943000794],"p":[131.5001678466797,322.56719970703127,-205.64414978027345]},"t":6.121662378311157},{"c":{"r":[-0.18726356327533723,8.924568817292311e-8,0.9823096990585327,2.208356519872723e-8,1,-8.664297723726122e-8,-0.9823096990585327,5.467827968175243e-9,-0.18726356327533723],"p":[130.02056884765626,322.3638000488281,-205.3985595703125]},"t":6.188075304031372},{"c":{"r":[-0.20790861546993257,-3.9648121230584368e-8,0.9781482815742493,2.286352973612793e-8,1,4.5393573344654217e-8,-0.9781482815742493,3.1801636879436049e-8,-0.20790861546993257],"p":[128.35549926757813,321.2068176269531,-205.05630493164063]},"t":6.255965232849121},{"c":{"r":[-0.1535877287387848,-1.3191791481403926e-7,0.988135039806366,3.713913798719659e-8,1,1.3927451902873146e-7,-0.988135039806366,5.8089337784394959e-8,-0.1535877287387848],"p":[126.78512573242188,319.2186279296875,-204.75099182128907]},"t":6.321980237960815},{"c":{"r":[-0.09761010110378266,-1.7090627801863434e-9,0.9952247142791748,3.564743522588287e-8,1,5.2135082917459389e-9,-0.9952247142791748,3.598609765731453e-8,-0.09761010110378266],"p":[125.20049285888672,316.3584289550781,-204.53958129882813]},"t":6.387523412704468},{"c":{"r":[-0.013962543569505215,1.1011630363100267e-7,0.9999025464057922,3.7965296684205899e-8,1,-1.0959689689116203e-7,-0.9999025464057922,3.643134505182388e-8,-0.013962543569505215],"p":[124.05728149414063,315.594970703125,-204.4229736328125]},"t":6.4485204219818119},{"t":6.451692819595337,"c":{"r":[-0.013962543569505215,1.1011630363100267e-7,0.9999025464057922,3.7965296684205899e-8,1,-1.0959689689116203e-7,-0.9999025464057922,3.643134505182388e-8,-0.013962543569505215],"p":[124.05728149414063,315.594970703125,-204.4229736328125]},"j":true},{"t":6.46063756942749,"c":{"r":[0.006980815436691046,1.2570048113502708e-7,0.9999756217002869,3.728287722992718e-8,1,-1.2596380827289978e-7,-0.9999756217002869,3.816129989786532e-8,0.006980815436691046],"p":[123.92466735839844,316.0345153808594,-204.41384887695313]},"j":true},{"t":6.467589616775513,"c":{"r":[0.020441487431526185,1.414529293697342e-7,0.9997910261154175,3.6724259189213629e-8,1,-1.4223334687812895e-7,-0.9997910261154175,3.9624048042696816e-8,0.020441487431526185],"p":[123.7846908569336,316.4604187011719,-204.40586853027345]},"j":true},{"c":{"r":[0.16471849381923676,3.997029907054639e-8,0.9863406419754028,7.969608617486301e-8,1,-5.3833044688644807e-8,-0.9863406419754028,8.74747883017335e-8,0.16471849381923676],"p":[122.75193786621094,318.72979736328127,-204.42752075195313]},"t":6.514315843582153},{"t":6.559130907058716,"c":{"r":[0.2550239562988281,-7.019971803856606e-8,0.9669347405433655,1.3150183519883286e-7,1,3.7917349260396807e-8,-0.9669347405433655,1.1748385730925293e-7,0.2550239562988281],"p":[121.77754974365235,320.2462158203125,-204.630859375]},"j":true},{"c":{"r":[0.25543469190597536,-9.441503578955235e-8,0.966826319694519,1.146217982750386e-7,1,6.737162294712107e-8,-0.966826319694519,9.361032482502196e-8,0.25543469190597536],"p":[121.29412078857422,320.876708984375,-204.7584991455078]},"t":6.580275774002075},{"c":{"r":[0.2554450035095215,-1.7155763032405958e-7,0.9668235778808594,6.088117032732043e-8,1,1.61359153594276e-7,-0.9668235778808594,1.7642957317320908e-8,0.2554450035095215],"p":[119.74724578857422,322.3219909667969,-205.1671905517578]},"t":6.64735746383667},{"c":{"r":[0.23553897440433503,1.1167861302396887e-8,0.9718648791313171,-4.301004707940592e-8,1,-1.0673486539047872e-9,-0.9718648791313171,-4.1548553042503048e-8,0.23553897440433503],"p":[118.10247039794922,322.90216064453127,-205.59677124023438]},"t":6.714478254318237},{"c":{"r":[0.13971760869026185,1.1354899953630593e-7,0.9901914000511169,-5.723563489823391e-8,1,-1.0659774574151015e-7,-0.9901914000511169,-4.178065182713908e-8,0.13971760869026185],"p":[116.63557434082031,322.5965881347656,-205.907958984375]},"t":6.780612468719482},{"c":{"r":[-0.013294301927089692,-1.6725318019439329e-8,0.9999116063117981,1.3918848651428562e-7,1,1.857737430555062e-8,-0.9999116063117981,1.3942316456905247e-7,-0.013294301927089692],"p":[115.0428237915039,321.4259033203125,-206.04322814941407]},"t":6.846483469009399},{"c":{"r":[-0.15190084278583527,-4.21866062083609e-8,0.9883957505226135,1.1845628478113213e-7,1,6.088676229865087e-8,-0.9883957505226135,1.2633043411369727e-7,-0.15190084278583527],"p":[113.5480728149414,319.53643798828127,-205.93832397460938]},"t":6.906545877456665},{"t":6.943143129348755,"c":{"r":[-0.18043722212314607,-2.75117422177118e-8,0.9835864901542664,7.4669785021797e-8,1,4.166888345480402e-8,-0.9835864901542664,8.096280623703933e-8,-0.18043722212314607],"p":[112.79481506347656,318.8340148925781,-205.8153839111328]},"j":true},{"c":{"r":[-0.1873801350593567,-1.577015318332542e-8,0.9822874665260315,3.36222356622784e-8,1,2.2468261917651945e-8,-0.9822874665260315,3.7236805638940498e-8,-0.1873801350593567],"p":[112.06890106201172,319.058349609375,-205.6790008544922]},"t":6.971436262130737},{"t":6.982922315597534,"c":{"r":[-0.18738104403018952,-1.298152962903032e-8,0.9822872877120972,2.337130489138417e-8,1,1.767392276974533e-8,-0.9822872877120972,2.6269093567066194e-8,-0.18738104403018952],"p":[111.87911224365235,319.0993957519531,-205.64280700683595]},"j":true},{"t":6.991505861282349,"c":{"r":[-0.18738111853599549,-1.0194136201846505e-8,0.9822872877120972,1.3124750175563804e-8,1,1.2881634425809807e-8,-0.9822872877120972,1.5306049760965835e-8,-0.18738111853599549],"p":[111.68949127197266,319.5389404296875,-205.6066436767578]},"j":true},{"t":7.000635623931885,"c":{"r":[-0.18738135695457459,-7.4079378187263959e-9,0.9822872281074524,2.8825675180144118e-9,1,8.09139777402379e-9,-0.9822872281074524,4.347686655137295e-9,-0.18738135695457459],"p":[111.49479675292969,319.96484375,-205.5695037841797]},"j":true},{"t":7.008564710617065,"c":{"r":[-0.18738143146038056,-4.622935367848413e-9,0.9822872281074524,-7.355241748996377e-9,1,3.303208595539786e-9,-0.9822872281074524,-6.606000191311523e-9,-0.18738143146038056],"p":[111.29859161376953,320.37713623046877,-205.53207397460938]},"j":true},{"c":{"r":[-0.180566668510437,6.622370207765016e-9,0.9835627675056458,-4.783111151596131e-8,1,-1.5514084239498517e-8,-0.9835627675056458,-4.984622492543167e-8,-0.180566668510437],"p":[110.51235961914063,321.8900451660156,-205.384521484375]},"t":7.0374555587768559},{"c":{"r":[-0.1598896086215973,3.004889848057246e-8,0.9871348738670349,-1.218940752778508e-7,1,-5.018411641799503e-8,-0.9871348738670349,-1.2834981077958219e-7,-0.1598896086215973],"p":[108.93526458740235,324.2618408203125,-205.11509704589845]},"t":7.105505466461182},{"c":{"r":[-0.15988153219223023,2.258464348869893e-8,0.98713618516922,-8.300632714508538e-8,1,-3.632307610246244e-8,-0.98713618516922,-8.774594562055427e-8,-0.15988153219223023],"p":[107.257080078125,325.826416015625,-204.84324645996095]},"t":7.175924777984619},{"c":{"r":[-0.159881591796875,-1.919947933970434e-8,0.98713618516922,8.219807057230355e-8,1,3.276289106679542e-8,-0.98713618516922,8.637887560780655e-8,-0.159881591796875],"p":[105.87504577636719,326.375732421875,-204.61936950683595]},"t":7.238241195678711},{"c":{"r":[-0.11164646595716477,-2.5665762848348096e-8,0.9937480092048645,9.916496424011712e-8,1,3.696830574995147e-8,-0.9937480092048645,1.026723666086582e-7,-0.11164646595716477],"p":[104.39010620117188,326.22344970703127,-204.40818786621095]},"t":7.29954195022583},{"c":{"r":[-0.0841178372502327,-1.3846249480309325e-8,0.9964557886123657,7.449149563854007e-8,1,2.0183847482257989e-8,-0.9964557886123657,7.592530693045774e-8,-0.0841178372502327],"p":[102.79894256591797,325.21624755859377,-204.24070739746095]},"t":7.363931179046631},{"c":{"r":[-0.035505641251802447,-5.9687872422387049e-9,0.9993695020675659,6.940759078588599e-8,1,8.438468590554749e-9,-0.9993695020675659,6.966344301417848e-8,-0.035505641251802447],"p":[101.20307922363281,323.3370666503906,-204.1276397705078]},"t":7.431219816207886},{"t":7.444446325302124,"c":{"r":[-0.028087841346859933,-6.048166412142564e-9,0.9996054768562317,7.064966212055879e-8,1,8.035733856104344e-9,-0.9996054768562317,7.084749853447647e-8,-0.028087841346859933],"p":[101.11148071289063,323.190673828125,-204.12408447265626]},"j":true},{"t":7.483958721160889,"c":{"r":[-0.013964187353849411,-2.2884003580969649e-9,0.9999024868011475,8.50435171173558e-8,1,3.4763028011752796e-9,-0.9999024868011475,8.508376936333662e-8,-0.013964187353849411],"p":[100.15599822998047,322.3097839355469,-204.1057586669922]},"j":true},{"t":7.49196982383728,"c":{"r":[-0.013962123543024063,-1.8555724734525825e-9,0.9999025464057922,8.63540634554738e-8,1,3.0615570079106648e-9,-0.9999025464057922,8.638839688046574e-8,-0.013962123543024063],"p":[100.08637237548828,322.53125,-204.1047821044922]},"j":true},{"c":{"r":[-0.013962644152343274,-9.89799353590115e-10,0.9999025464057922,8.897433190213633e-8,1,2.2323338733087896e-9,-0.9999025464057922,8.899682768515049e-8,-0.013962644152343274],"p":[99.9471206665039,322.9639892578125,-204.1028289794922]},"t":7.496700048446655},{"t":7.509067058563232,"c":{"r":[-0.013962212018668652,3.081284116746019e-10,0.9999025464057922,9.290263136563226e-8,1,9.890942509471757e-10,-0.9999025464057922,9.29073848965345e-8,-0.013962212018668652],"p":[99.72335052490235,323.5875244140625,-204.09970092773438]},"j":true},{"c":{"r":[-0.007071266882121563,5.120633250754736e-9,0.9999750256538391,1.1006019917658705e-7,1,-4.342476600527334e-9,-0.9999750256538391,1.100267397191601e-7,-0.007071266882121563],"p":[98.5192642211914,325.935302734375,-204.08334350585938]},"t":7.563472509384155},{"c":{"r":[-0.02082238532602787,1.2713163854982668e-8,0.9997832179069519,1.325517615669014e-7,1,-9.95527837943655e-9,-0.9997832179069519,1.3231573348093662e-7,-0.02082238532602787],"p":[97.01939392089844,327.9289245605469,-204.0658416748047]},"t":7.6236183643341068},{"c":{"r":[-0.03489823639392853,1.9433649356415118e-8,0.9993909001350403,1.6481767772802414e-7,1,-1.3690142353084412e-8,-0.9993909001350403,1.6423952331479087e-7,-0.03489823639392853],"p":[95.44506072998047,329.2107238769531,-204.0159149169922]},"t":7.691238880157471},{"c":{"r":[-0.0488491952419281,1.742181510167029e-8,0.9988061785697937,1.2891374012724555e-7,1,-1.1137779587500063e-8,-0.9988061785697937,1.2821575978705369e-7,-0.0488491952419281],"p":[94.34225463867188,329.6205139160156,-203.97738647460938]},"t":7.755522966384888},{"c":{"r":[-0.05582099407911301,-1.2352264988635398e-8,0.9984408020973206,-1.1507052732895318e-7,1,5.938172176200851e-9,-0.9984408020973206,-1.1455963289108695e-7,-0.05582099407911301],"p":[93.3541259765625,329.1583251953125,-203.93287658691407]},"t":7.8231282234191898},{"t":7.8513405323028568,"c":{"r":[-0.05582098662853241,-1.3652657671059388e-8,0.9984408020973206,-1.181261310989612e-7,1,7.069763441336363e-9,-0.9984408020973206,-1.1754730167012895e-7,-0.05582098662853241],"p":[92.822021484375,328.76019287109377,-203.90431213378907]},"j":true},{"c":{"r":[-0.05582091584801674,-1.2551029549001669e-8,0.9984408020973206,-9.626047869915056e-8,1,7.188890371878642e-9,-0.9984408020973206,-9.570909753620072e-8,-0.05582091584801674],"p":[91.92741394042969,327.9330749511719,-203.85435485839845]},"t":7.888493537902832},{"c":{"r":[-0.02823512814939022,-8.9543279457871e-9,0.9996013045310974,-5.6613700394336777e-8,1,7.358766929144167e-9,-0.9996013045310974,-5.6383356650258068e-8,-0.02823512814939022],"p":[90.32976531982422,325.7813720703125,-203.7671356201172]},"t":7.955830097198486},{"c":{"r":[0.027893882244825364,-1.871358534799583e-8,0.9996109008789063,5.1434938086458717e-8,1,1.7285591624727205e-8,-0.9996109008789063,5.0932762007960267e-8,0.027893882244825364],"p":[88.6302261352539,322.5397644042969,-203.7753448486328]},"t":8.021851778030396},{"c":{"r":[0.020941952243447305,-7.642186439227317e-9,0.9997807145118713,5.361470556408676e-8,1,6.5208194399701828e-9,-0.9997807145118713,5.346639042613788e-8,0.020941952243447305],"p":[87.0892562866211,320.526611328125,-203.8184051513672]},"t":8.08817458152771},{"t":8.101239442825318,"c":{"r":[0.006981393788009882,-1.2502300306138637e-9,0.9999756217002869,3.4466697940160887e-8,1,1.009629047032945e-9,-0.9999756217002869,3.445881091579395e-8,0.006981393788009882],"p":[86.90625,320.5265808105469,-203.82257080078126]},"j":true},{"t":8.118660926818848,"c":{"r":[-0.006981119513511658,1.037976726792067e-8,0.9999756217002869,-3.68710906251124e-9,1,-1.0405760697551614e-8,-0.9999756217002869,-3.759663247393519e-9,-0.006981119513511658],"p":[86.53556060791016,320.4869384765625,-203.82501220703126]},"j":true},{"t":8.12679123878479,"c":{"r":[-0.02094215340912342,1.596376719703585e-8,0.9997807145118713,-2.264945209162761e-8,1,-1.6441701333747006e-8,-0.9997807145118713,-2.2988809078583473e-8,-0.02094215340912342],"p":[86.34864044189453,320.9264831542969,-203.82525634765626]},"j":true},{"t":8.1343355178833,"c":{"r":[-0.034398484975099567,2.122537168247618e-8,0.9994081854820252,-4.124590091691971e-8,1,-2.2657577147811027e-8,-0.9994081854820252,-4.200087744266057e-8,-0.034398484975099567],"p":[86.15467071533203,321.3523864746094,-203.82308959960938]},"j":true},{"c":{"r":[-0.06862760335206986,2.9661221034871234e-8,0.9976423382759094,-7.314571348615573e-8,1,-3.4762994260972849e-8,-0.9976423382759094,-7.535896884292015e-8,-0.06862760335206986],"p":[85.75606536865235,322.1633605957031,-203.80824279785157]},"t":8.148281335830689},{"c":{"r":[-0.1456347405910492,5.154845794663743e-8,0.9893383979797363,-1.0024265151287182e-7,1,-6.686010323164737e-8,-0.9893383979797363,-1.0891105972632431e-7,-0.1456347405910492],"p":[84.16609191894531,324.8621520996094,-203.63401794433595]},"t":8.214040