{"d":[{"c":{"r":[1,7.527447110078356e-8,3.083435064351811e-14,-7.527447110078356e-8,1,6.869330348990843e-8,-2.566349740953499e-14,-6.869330348990843e-8,1],"p":[-213.85000610351563,1665.56103515625,2752.8798828125]},"t":0.06435036659240723},{"c":{"r":[1,-5.806036540434434e-9,2.870538415257126e-14,5.806036540434434e-9,1,-5.298431027256356e-9,-2.8674623304058777e-14,5.298431027256356e-9,1],"p":[-213.85000610351563,1665.56103515625,2752.8798828125]},"t":0.12577295303344727},{"c":{"r":[1,-7.231376741856366e-8,-4.31282177566696e-16,7.231376741856366e-8,1,-6.599147184260801e-8,5.203374640476476e-15,6.599147184260801e-8,1],"p":[-213.85000610351563,1665.56103515625,2752.8798828125]},"t":0.19003939628601075},{"c":{"r":[1,3.4989017905218137e-8,4.932326320816586e-16,-3.4989017905218137e-8,1,3.1929950239373286e-8,6.239649677103082e-16,-3.1929950239373286e-8,1],"p":[-213.85000610351563,1665.56103515625,2752.8798828125]},"t":0.2518045902252197},{"c":{"r":[0.9945220351219177,3.477287791042727e-8,-0.10452710837125778,-3.244813484570841e-8,1,2.394109976933123e-8,0.10452710837125778,-2.041824131993053e-8,0.9945220351219177],"p":[-213.85000610351563,1665.56201171875,2752.8798828125]},"t":0.31684017181396487},{"c":{"r":[0.9993907809257507,-6.13154043094255e-8,-0.0349004864692688,5.881040721078534e-8,1,-7.280204528115064e-8,0.0349004864692688,7.070518392993108e-8,0.9993907809257507],"p":[-213.8284454345703,1665.4671630859376,2752.59912109375]},"t":0.38399648666381838},{"c":{"r":[0.9702965617179871,6.305664879135975e-9,0.2419186681509018,-6.992806333983026e-9,1,1.9817858465387418e-9,-0.2419186681509018,-3.614610166735588e-9,0.9702965617179871],"p":[-213.87245178222657,1665.0804443359376,2751.801513671875]},"t":0.450026273727417},{"c":{"r":[0.9218626022338867,3.519825142461741e-8,0.3875168561935425,-5.306597117282763e-8,1,3.54082203557482e-8,-0.3875168561935425,-5.320547558085309e-8,0.9218626022338867],"p":[-214.14968872070313,1664.8157958984376,2750.966552734375]},"t":0.5199408531188965},{"c":{"r":[0.9191330671310425,-2.938248755413042e-8,0.39394721388816836,4.606724601785572e-8,1,-3.2896387835990029e-8,-0.39394721388816836,4.8384219297759049e-8,0.9191330671310425],"p":[-214.4653778076172,1664.7064208984376,2750.226806640625]},"t":0.5850536823272705},{"c":{"r":[0.9443761706352234,-2.0670094968977538e-8,0.3288671672344208,2.7125125257043693e-8,1,-1.5040200196381194e-8,-0.3288671672344208,2.312416924610261e-8,0.9443761706352234],"p":[-214.81581115722657,1664.6025390625,2749.38134765625]},"t":0.6537141799926758},{"c":{"r":[0.9531921744346619,4.627123928457877e-8,0.30236509442329409,-6.894457271755528e-8,1,6.431360333181147e-8,-0.30236509442329409,-8.214965419028886e-8,0.9531921744346619],"p":[-215.08033752441407,1664.4898681640626,2748.562744140625]},"t":0.7213239669799805},{"c":{"r":[0.9702966809272766,-2.732146509032418e-9,0.24191796779632569,7.272453750317709e-9,1,-1.787503123296119e-8,-0.24191796779632569,1.910342106725693e-8,0.9702966809272766],"p":[-215.3108367919922,1664.2852783203126,2747.806640625]},"t":0.7838759422302246},{"c":{"r":[0.9980267882347107,-5.676648129337991e-8,-0.06278999149799347,5.136178771181221e-8,1,-8.76897985335745e-8,0.06278999149799347,8.429175579749426e-8,0.9980267882347107],"p":[-215.42152404785157,1663.9344482421876,2747.019775390625]},"t":0.8526828289031982},{"c":{"r":[0.9952275156974793,5.2725201982184447e-8,-0.09758160263299942,-4.668751785175118e-8,1,6.41565378600717e-8,0.09758160263299942,-5.9294507082086059e-8,0.9952275156974793],"p":[-215.35504150390626,1663.5150146484376,2746.20068359375]},"t":0.9223024845123291},{"c":{"r":[0.9822873473167419,5.6426627814687439e-9,-0.18738093972206117,-2.4665105513577147e-9,1,1.7183394263042829e-8,0.18738093972206117,-1.6416853654277476e-8,0.9822873473167419],"p":[-215.3074188232422,1663.839111328125,2745.859619140625]},"t":0.9894917011260986},{"c":{"r":[0.9822871685028076,-8.326456679697003e-8,-0.18738187849521638,7.049514039181304e-8,1,-7.481030905864827e-8,0.18738187849521638,6.027569554589718e-8,0.9822871685028076],"p":[-215.2096405029297,1663.8255615234376,2745.347412109375]},"t":1.0554699897766114},{"c":{"r":[0.9822871685028076,6.866936352878383e-9,-0.18738174438476563,-6.623564807739513e-9,1,1.924912007567059e-9,0.18738174438476563,-6.496811422174176e-10,0.9822871685028076],"p":[-215.07957458496095,1663.4073486328126,2744.66552734375]},"t":1.1156768798828126},{"c":{"r":[0.9835713505744934,6.3268487338064e-8,-0.18051990866661073,-5.4424013740117519e-8,1,5.3947431410961147e-8,0.18051990866661073,-4.3236529023715778e-8,0.9835713505744934],"p":[-215.03158569335938,1663.8392333984376,2744.40869140625]},"t":1.1818244457244874},{"c":{"r":[0.9975640177726746,-4.207721460147695e-8,-0.0697573646903038,4.06767171057254e-8,1,-2.1497216451393798e-8,0.0697573646903038,1.860734855085866e-8,0.9975640177726746],"p":[-214.9398651123047,1663.6947021484376,2743.694580078125]},"t":1.2450177669525147},{"c":{"r":[0.9988060593605042,-5.99191878336569e-8,-0.048850852996110919,5.810855441268359e-8,1,-3.848461815891824e-8,0.048850852996110919,3.560001715641192e-8,0.9988060593605042],"p":[-214.9059600830078,1664.3582763671876,2743.080078125]},"t":1.3085753917694092},{"c":{"r":[0.9988061189651489,7.597979845286318e-8,-0.04885067790746689,-7.399336965363546e-8,1,4.247161200510163e-8,0.04885067790746689,-3.8806280855396838e-8,0.9988061189651489],"p":[-214.87425231933595,1664.759521484375,2742.431640625]},"t":1.3712129592895508},{"c":{"r":[0.9993908405303955,8.517611504998968e-9,-0.034899868071079257,-8.264797735080265e-9,1,7.388226030968781e-9,0.034899868071079257,-7.095285248226446e-9,0.9993908405303955],"p":[-214.8418731689453,1664.7703857421876,2741.750244140625]},"t":1.438387393951416},{"c":{"r":[0.9993908405303955,-1.0711359266224463e-7,-0.034899212419986728,1.0527525518000403e-7,1,-5.451330054029313e-8,0.034899212419986728,5.080606868546056e-8,0.9993908405303955],"p":[-214.81732177734376,1664.75048828125,2741.04833984375]},"t":1.5067410469055176},{"c":{"r":[0.9993908405303955,4.239846873588249e-8,-0.03489852324128151,-4.173666567908185e-8,1,1.9692173225394073e-8,0.03489852324128151,-1.8223628828195616e-8,0.9993908405303955],"p":[-214.7932586669922,1664.789306640625,2740.35888671875]},"t":1.5737578868865967},{"c":{"r":[0.9996101260185242,2.88729324893211e-8,-0.027921272441744806,-2.8483505332133065e-8,1,1.434503804631504e-8,0.027921272441744806,-1.3544149801703043e-8,0.9996101260185242],"p":[-214.77279663085938,1664.89208984375,2739.655517578125]},"t":1.6446046829223633},{"c":{"r":[0.9996101260185242,-8.303310039536882e-8,-0.027922311797738076,8.198681200610736e-8,1,-3.861611475031168e-8,0.027922311797738076,3.6311799789245927e-8,0.9996101260185242],"p":[-214.75611877441407,1664.7607421875,2739.05810546875]},"t":1.710174560546875},{"c":{"r":[1,4.550118948287718e-9,5.779207199187075e-17,-4.550118948287718e-9,1,1.5966724609128847e-9,-5.052702077243386e-17,-1.5966724609128847e-9,1],"p":[-214.7452850341797,1664.686767578125,2738.324462890625]},"t":1.7757012844085694},{"c":{"r":[1,7.330783091674675e-8,-7.960529987743794e-16,-7.330783091674675e-8,1,3.3547753020002349e-8,3.255366150798668e-15,-3.3547753020002349e-8,1],"p":[-214.7452850341797,1664.7518310546876,2737.59765625]},"t":1.8414638042449952},{"t":1.8604493141174317,"c":{"r":[1,5.758651866472064e-8,-3.9745329630991497e-16,-5.758651866472064e-8,1,2.641973750883153e-8,1.918873944424049e-15,-2.641973750883153e-8,1],"p":[-214.7452850341797,1664.7305908203126,2737.506103515625]},"j":true},{"t":1.870633840560913,"c":{"r":[1,3.401713399853179e-8,-2.7316468441816366e-16,-3.401713399853179e-8,1,1.5733418123886623e-8,8.08370446014233e-16,-1.5733418123886623e-8,1],"p":[-214.7452850341797,1665.3267822265626,2737.368408203125]},"j":true},{"t":1.880474328994751,"c":{"r":[1,1.046284481276416e-8,2.333514714791818e-9,-1.046284481276416e-8,1,5.053944818200762e-9,-2.333514492747213e-9,-5.053944818200762e-9,1],"p":[-214.7452850341797,1665.892578125,2737.21630859375]},"j":true},{"c":{"r":[1,-4.4438504431809636e-8,3.694585526403671e-9,4.4438504431809636e-8,1,-1.9838232390156919e-8,-3.694584638225251e-9,1.9838232390156919e-8,1],"p":[-214.7452850341797,1667.0931396484376,2736.837646484375]},"t":1.905221700668335},{"c":{"r":[0.9999052882194519,-1.3178996027818358e-7,-0.013762055896222592,1.3099392504045682e-7,1,-5.874439779063323e-8,0.013762055896222592,5.693608784440585e-8,0.9999052882194519],"p":[-214.74307250976563,1669.10400390625,2736.024658203125]},"t":1.969078779220581},{"c":{"r":[0.99338698387146,-1.2674642846377538e-7,0.1148143857717514,1.249784702395118e-7,1,2.2596811533048823e-8,-0.1148143857717514,-8.098051118565764e-9,0.99338698387146],"p":[-214.7519073486328,1670.4039306640626,2735.158203125]},"t":2.0336596965789797},{"c":{"r":[0.9929658770561218,-6.134338548235974e-8,0.11840106546878815,5.719246232160913e-8,1,3.8455954864957678e-8,-0.11840106546878815,-3.141380489068979e-8,0.9929658770561218],"p":[-214.84666442871095,1670.8309326171876,2734.352294921875]},"t":2.0970587730407717},{"c":{"r":[0.9929654598236084,7.01660098911816e-8,0.11840449273586273,-7.425339987321422e-8,1,3.010906368672295e-8,-0.11840449273586273,-3.8689197623398289e-8,0.9929654598236084],"p":[-214.9427947998047,1670.4913330078126,2733.546630859375]},"t":2.1587297916412355},{"c":{"r":[0.9929654598236084,1.1468773664091714e-7,0.11840420961380005,-1.1696555191065272e-7,1,1.2288599471332873e-8,-0.11840420961380005,-2.6051369061974584e-8,0.9929654598236084],"p":[-215.03892517089845,1669.3853759765626,2732.740966796875]},"t":2.2236082553863527},{"c":{"r":[0.9950985908508301,-2.4644794649475444e-8,0.09888792037963867,2.745031046913482e-8,1,-2.7010075953626257e-8,-0.09888792037963867,2.959219180809214e-8,0.9950985908508301],"p":[-215.14146423339845,1667.3609619140626,2731.881591796875]},"t":2.2890756130218508},{"c":{"r":[0.9993897676467896,-1.086406129502393e-7,0.03493021801114082,1.0844401288068184e-7,1,7.522848122221149e-9,-0.03493021801114082,-3.730283637537468e-9,0.9993897676467896],"p":[-215.18263244628907,1664.6710205078126,2731.08056640625]},"t":2.352869749069214},{"c":{"r":[0.9991228580474854,8.240137105985923e-8,0.04187554493546486,-8.485069002972523e-8,1,5.6713023610655e-8,-0.04187554493546486,-6.021644338716215e-8,0.9991228580474854],"p":[-215.1949005126953,1663.7525634765626,2730.641357421875]},"t":2.4168994426727297},{"c":{"r":[0.9991227984428406,3.7174761047253926e-8,0.041875749826431277,-3.594819375507541e-8,1,-3.004369020231934e-8,-0.041875749826431277,2.851198033226865e-8,0.9991227984428406],"p":[-215.22564697265626,1664.5859375,2729.9072265625]},"t":2.481934070587158},{"c":{"r":[0.9991227984428406,-7.897520859501128e-9,0.04187605157494545,1.2787475078823718e-8,1,-1.1650423914488783e-7,-0.04187605157494545,1.169375352105817e-7,0.9991227984428406],"p":[-215.26165771484376,1664.74853515625,2729.047119140625]},"t":2.550703763961792},{"c":{"r":[0.9991228580474854,-1.3471190385416776e-8,0.041875455528497699,1.211143274559845e-8,1,3.272518611652231e-8,-0.041875455528497699,-3.2189308996066759e-8,0.9991228580474854],"p":[-215.29537963867188,1664.801513671875,2728.241455078125]},"t":2.613219976425171},{"c":{"r":[0.9984408020973206,4.7713042405916898e-9,0.05582096055150032,-7.17897519209032e-9,1,4.293149657996764e-8,-0.05582096055150032,-4.326529534637302e-8,0.9984408020973206],"p":[-215.3334197998047,1664.801025390625,2727.501708984375]},"t":2.6857290267944338},{"c":{"r":[0.9984407424926758,3.221977351586247e-8,0.05582183972001076,-2.9524462874519487e-8,1,-4.910884143782823e-8,-0.05582183972001076,4.7384158818886138e-8,0.9984407424926758],"p":[-215.3772735595703,1664.692138671875,2726.716796875]},"t":2.750765085220337},{"c":{"r":[0.9984407424926758,3.650691482448565e-8,0.05582183972001076,-3.181361662996096e-8,1,-8.496501635590903e-8,-0.05582183972001076,8.305664067620455e-8,0.9984407424926758],"p":[-215.4132080078125,1664.6546630859376,2726.07373046875]},"t":2.813430070877075},{"c":{"r":[0.9984407424926758,-4.991895963257775e-8,0.05582183972001076,4.4936708576415188e-8,1,9.050786786701792e-8,-0.05582183972001076,-8.785829663793266e-8,0.9984407424926758],"p":[-215.452880859375,1664.8831787109376,2725.36376953125]},"t":2.8788280487060549},{"c":{"r":[0.9984407424926758,-5.292149829472237e-9,0.05582183972001076,4.275880538529009e-9,1,1.832502327658858e-8,-0.05582183972001076,-1.8057763284673457e-8,0.9984407424926758],"p":[-215.49063110351563,1664.7574462890626,2724.6884765625]},"t":2.943086624145508},{"c":{"r":[0.9988061189651489,4.7778499379091957e-8,0.04884966462850571,-4.439251455323756e-8,1,-7.039930238761372e-8,-0.04884966462850571,6.81466971741429e-8,0.9988061189651489],"p":[-215.5358123779297,1664.7562255859376,2723.880859375]},"t":3.0054078102111818},{"c":{"r":[0.9999756217002869,6.341185909697345e-11,-0.006981204263865948,-7.672435603511829e-11,1,-1.906637736581729e-9,0.006981204263865948,1.9071269008463789e-9,0.9999756217002869],"p":[-215.56114196777345,1664.8201904296876,2723.01708984375]},"t":3.0742735862731935},{"c":{"r":[0.9958844184875488,-3.794007596980009e-8,-0.09063218533992768,4.36454818952825e-8,1,6.096928473198204e-8,0.09063218533992768,-6.467404745080785e-8,0.9958844184875488],"p":[-215.52955627441407,1664.766357421875,2722.209228515625]},"t":3.138559341430664},{"c":{"r":[0.9902680516242981,1.8603891760449188e-8,-0.13917319476604463,-2.2329885496219505e-8,1,-2.5210892928839713e-8,0.13917319476604463,2.8073262825500934e-8,0.9902680516242981],"p":[-215.445068359375,1664.8009033203126,2721.428955078125]},"t":3.204820394515991},{"c":{"r":[0.9882285594940186,4.577812973138862e-8,-0.15298452973365785,-5.692843885185539e-8,1,-6.850483913467542e-8,0.15298452973365785,7.640760912863698e-8,0.9882285594940186],"p":[-215.2606964111328,1664.5882568359376,2720.736572265625]},"t":3.269510507583618},{"c":{"r":[0.9735791087150574,-3.839182483034165e-8,-0.22835001349449159,5.161825100685746e-8,1,5.194929997287545e-8,0.22835001349449159,-6.23637816943301e-8,0.9735791087150574],"p":[-215.13914489746095,1664.7264404296876,2720.04833984375]},"t":3.3363304138183595},{"c":{"r":[0.94437575340271,-1.0702888353364415e-8,-0.32886838912963869,1.9420328456476456e-8,1,2.3222662903776837e-8,0.32886838912963869,-2.831765222310878e-8,0.94437575340271],"p":[-214.9652557373047,1664.740966796875,2719.402587890625]},"t":3.3974506855010988},{"c":{"r":[0.8517282605171204,4.572694933813182e-8,-0.5239837765693665,-7.878390562154891e-8,1,-4.0794258637788519e-8,0.5239837765693665,7.602710638821009e-8,0.8517282605171204],"p":[-214.70367431640626,1664.762939453125,2718.819580078125]},"t":3.4612319469451906},{"c":{"r":[0.7880110144615173,-4.870521763677971e-9,-0.6156611442565918,2.4946866794550717e-9,1,-4.717986890057091e-9,0.6156611442565918,2.1819437368009177e-9,0.7880110144615173],"p":[-214.2440185546875,1664.7930908203126,2718.103271484375]},"t":3.526196241378784},{"c":{"r":[0.6156591773033142,-3.2961139595499847e-8,-0.7880125045776367,7.12673937641739e-8,1,1.3851666480491076e-8,0.7880125045776367,-6.468750513022315e-8,0.6156591773033142],"p":[-213.64500427246095,1664.7608642578126,2717.4892578125]},"t":3.5930213928222658},{"c":{"r":[0.35510867834091189,2.3269938864700636e-8,-0.9348250031471252,-5.064354269279647e-8,1,5.654509305230704e-9,0.9348250031471252,4.533488251468043e-8,0.35510867834091189],"p":[-212.94032287597657,1664.7374267578126,2717.058349609375]},"t":3.6576318740844728},{"c":{"r":[0.24192878603935243,1.548886174873587e-8,-0.9702939987182617,-4.90358971205751e-8,1,3.736667864018273e-9,0.9702939987182617,4.667522901513621e-8,0.24192878603935243],"p":[-212.2150115966797,1664.76220703125,2716.816650390625]},"t":3.726921319961548},{"c":{"r":[0.0558270663022995,-4.571788281282352e-8,-0.9984404444694519,1.0573700848226508e-7,1,-3.98770865217557e-8,0.9984404444694519,-1.0334589006788519e-7,0.0558270663022995],"p":[-211.5709228515625,1664.8543701171876,2716.697265625]},"t":3.7892956733703615},{"c":{"r":[0.013957515358924866,9.01925201191034e-9,-0.999902606010437,-1.0150962737043301e-8,1,8.878434876180563e-9,0.999902606010437,1.0026053764988774e-8,0.013957515358924866],"p":[-210.82408142089845,1664.741943359375,2716.67333984375]},"t":3.8576908111572267},{"c":{"r":[0.013957515358924866,4.895089134038244e-8,-0.999902606010437,-1.0166387909293917e-7,1,4.7536545366710928e-8,0.999902606010437,1.0099048353140461e-7,0.013957515358924866],"p":[-210.21444702148438,1664.682861328125,2716.664306640625]},"t":3.9215550422668459},{"c":{"r":[0.013957515358924866,-2.0837713776700185e-8,-0.999902606010437,3.7468122826567199e-8,1,-2.0316731408343004e-8,0.999902606010437,-3.718090368920457e-8,0.013957515358924866],"p":[-209.53079223632813,1664.7264404296876,2716.654296875]},"t":3.9843931198120119},{"c":{"r":[0.013957515358924866,-2.3143167382499997e-8,-0.999902606010437,4.6022542221635379e-8,1,-2.2502998575646417e-8,0.999902606010437,-4.5703973938771017e-8,0.013957515358924866],"p":[-208.84605407714845,1664.7578125,2716.643798828125]},"t":4.048903942108154},{"c":{"r":[0.013957515358924866,3.707459583779382e-8,-0.999902606010437,-6.613241509967338e-8,1,3.615507537801932e-8,0.999902606010437,6.562133592069586e-8,0.013957515358924866],"p":[-208.11734008789063,1664.6893310546876,2716.633056640625]},"t":4.1131837368011479},{"c":{"r":[0.013957515358924866,4.056094127236065e-9,-0.999902606010437,-8.533260320575664e-9,1,3.937374426499218e-9,0.999902606010437,8.47747294585588e-9,0.013957515358924866],"p":[-207.417236328125,1664.737060546875,2716.622314453125]},"t":4.18526029586792},{"t":4.246175050735474,"c":{"r":[0.013957515358924866,-5.2472877598574999e-8,-0.999902606010437,9.293842850865986e-8,1,-5.118067036846696e-8,0.999902606010437,-9.221501784395514e-8,0.013957515358924866],"p":[-206.82188415527345,1664.7291259765626,2716.613037109375]},"j":true},{"c":{"r":[0.013957515358924866,-4.0720038896324698e-8,-0.999902606010437,7.233398946482339e-8,1,-3.971430473370674e-8,0.999902606010437,-7.177262517643612e-8,0.013957515358924866],"p":[-206.68194580078126,1665.3253173828126,2716.61083984375]},"t":4.251326560974121},{"t":4.2558863162994389,"c":{"r":[0.013957515358924866,-4.0720038896324698e-8,-0.999902606010437,7.233398946482339e-8,1,-3.971430473370674e-8,0.999902606010437,-7.177262517643612e-8,0.013957515358924866],"p":[-206.68194580078126,1665.3253173828126,2716.61083984375]},"j":true},{"t":4.265993595123291,"c":{"r":[0.013957681134343148,-3.288899463882444e-8,-0.999902606010437,5.860503193844124e-8,1,-3.2074130018600047e-8,0.999902606010437,-5.815164172418008e-8,0.013957681134343148],"p":[-206.58119201660157,1665.7059326171876,2716.609375]},"j":true},{"c":{"r":[0.013957950286567212,1.7931380824620647e-8,-0.999902606010437,-3.049034091873182e-8,1,1.750750300288928e-8,0.999902606010437,3.0243000992413729e-8,0.013957950286567212],"p":[-205.8786163330078,1667.84716796875,2716.599853515625]},"t":4.313508033752441},{"c":{"r":[0.013957801274955273,8.028596454323633e-8,-0.999902606010437,-1.398071134417478e-7,1,7.834219672986365e-8,0.999902606010437,1.3870001680515998e-7,0.013957801274955273],"p":[-205.0119171142578,1669.692138671875,2716.588134765625]},"t":4.380082368850708},{"c":{"r":[-0.041438017040491107,2.1012606765680176e-8,-0.9991410970687866,-8.085932812207375e-9,1,2.136602361701989e-8,0.9991410970687866,8.964352815610255e-9,-0.041438017040491107],"p":[-204.25367736816407,1670.59130859375,2716.595703125]},"t":4.44016432762146},{"c":{"r":[-0.04885087162256241,-2.2512143260655649e-8,-0.9988060593605042,1.1143073663788528e-7,1,-2.7989049300458647e-8,0.9988060593605042,-1.1266499200246472e-7,-0.04885087162256241],"p":[-203.33380126953126,1670.7855224609376,2716.6396484375]},"t":4.508032321929932},{"c":{"r":[-0.055812764912843707,-2.8249454331330527e-8,-0.9984412789344788,4.664205377480357e-8,1,-3.09008427734625e-8,0.9984412789344788,-4.829401234474062e-8,-0.055812764912843707],"p":[-202.46832275390626,1670.0692138671876,2716.684814453125]},"t":4.577512502670288},{"c":{"r":[-0.05582854524254799,-3.403402359936081e-8,-0.9984403848648071,-1.3146012278753006e-8,1,-3.335211928856552e-8,0.9984403848648071,1.1263509236414393e-8,-0.05582854524254799],"p":[-201.65716552734376,1668.60546875,2716.728759765625]},"t":4.63783860206604},{"c":{"r":[-0.055819638073444369,-3.9800301721015788e-8,-0.9984408617019653,-7.274284286040711e-8,1,-3.579563312428036e-8,0.9984408617019653,7.063133011797618e-8,-0.055819638073444369],"p":[-200.84600830078126,1666.37548828125,2716.772705078125]},"t":4.701613187789917},{"c":{"r":[-0.055819474160671237,-2.8201988300224913e-8,-0.9984408617019653,-8.51099315468673e-8,1,-2.3487816136480434e-8,0.9984408617019653,8.366615844579428e-8,-0.055819474160671237],"p":[-200.08212280273438,1664.52880859375,2716.81494140625]},"t":4.766125679016113},{"c":{"r":[-0.055819474160671237,4.6288604949040749e-8,-0.9984408617019653,9.293490421669049e-8,1,4.116520813113311e-8,0.9984408617019653,-9.04921861888397e-8,-0.055819474160671237],"p":[-199.4174041748047,1664.8553466796876,2716.8525390625]},"t":4.831563711166382},{"c":{"r":[-0.055819474160671237,5.1604649442538179e-9,-0.9984408617019653,2.96457329795885e-8,1,3.5111300533685609e-9,0.9984408617019653,-2.940352139546576e-8,-0.055819474160671237],"p":[-198.8103485107422,1664.7186279296876,2716.8857421875]},"t":4.894319295883179},{"c":{"r":[-0.0767151415348053,-3.5643846985067287e-8,-0.9970530271530151,-3.3955362965798488e-8,1,-3.31366081240958e-8,0.9970530271530151,3.131322046101559e-8,-0.0767151415348053],"p":[-198.1279296875,1664.6578369140626,2716.928955078125]},"t":4.957660436630249},{"c":{"r":[-0.09757990390062332,-8.371840465315472e-8,-0.9952276945114136,-1.0626278879044549e-7,1,-7.370101684500696e-8,0.9952276945114136,9.856393035079236e-8,-0.09757990390062332],"p":[-197.3099822998047,1664.7607421875,2716.99267578125]},"t":5.0247814655303959},{"c":{"r":[-0.15297892689704896,4.605535508517278e-8,-0.9882294535636902,5.099861510871051e-8,1,3.870927400839719e-8,0.9882294535636902,-4.447662860229684e-8,-0.15297892689704896],"p":[-196.60813903808595,1664.6981201171876,2717.079345703125]},"t":5.086538791656494},{"c":{"r":[-0.22835825383663178,3.1543578415949017e-8,-0.9735771417617798,3.550604077418029e-8,1,2.4071519888479999e-8,0.9735771417617798,-2.907093943349537e-8,-0.22835825383663178],"p":[-195.94317626953126,1664.7359619140626,2717.197998046875]},"t":5.151563405990601},{"c":{"r":[-0.2823435664176941,-2.8068962265592746e-8,-0.9593133330345154,-3.0327061750767828e-8,1,-2.033361923281518e-8,0.9593133330345154,2.33520864867387e-8,-0.2823435664176941],"p":[-195.24986267089845,1664.7672119140626,2717.378662109375]},"t":5.21806263923645},{"c":{"r":[-0.33544957637786868,-8.596221334755683e-8,-0.9420581459999085,-9.44879943176602e-8,1,-5.760393406717412e-8,0.9420581459999085,6.968997467993177e-8,-0.33544957637786868],"p":[-194.57899475097657,1664.670166015625,2717.604248046875]},"t":5.280878782272339},{"t":5.299602031707764,"c":{"r":[-0.3420265018939972,-9.768135100785003e-8,-0.9396902918815613,-1.0740257749830562e-7,1,-6.485841197445552e-8,0.9396902918815613,7.874186280787399e-8,-0.3420265018939972],"p":[-194.4368438720703,1664.670166015625,2717.65478515625]},"j":true},{"t":5.308338403701782,"c":{"r":[-0.36162757873535159,-1.105355948993747e-7,-0.93232262134552,-1.204578552460589e-7,1,-7.18364105978253e-8,0.93232262134552,8.632756021142996e-8,-0.36162757873535159],"p":[-194.29470825195313,1665.266357421875,2717.705322265625]},"j":true},{"t":5.318804502487183,"c":{"r":[-0.3616274893283844,-1.1801619592688439e-7,-0.9323226809501648,-1.2915671732116608e-7,1,-7.648593935982717e-8,0.9323226809501648,9.27563235109119e-8,-0.3616274893283844],"p":[-194.1954345703125,1665.64697265625,2717.7431640625]},"j":true},{"c":{"r":[-0.40501219034194949,-1.4346157684030914e-7,-0.9143112897872925,-1.5036680167668238e-7,1,-9.02987764561658e-8,0.9143112897872925,1.0090995061773356e-7,-0.40501219034194949],"p":[-193.84385681152345,1666.8714599609376,2717.884033203125]},"t":5.341773986816406},{"c":{"r":[-0.48648801445961,-8.621425706678565e-8,-0.8736872673034668,-2.1853974629948426e-8,1,-8.650986416114393e-8,0.8736872673034668,-2.2992470150029477e-8,-0.48648801445961],"p":[-193.01898193359376,1669.150390625,2718.293212890625]},"t":5.412803649902344},{"c":{"r":[-0.5239786505699158,4.2318124116036418e-8,-0.8517314195632935,1.1830607604679244e-7,1,-2.3096168533243145e-8,0.8517314195632935,-1.128668998262583e-7,-0.5239786505699158],"p":[-192.27511596679688,1670.395751953125,2718.73779296875]},"t":5.480008840560913},{"c":{"r":[-0.5473122000694275,1.4658962754765526e-7,-0.8369285464286804,1.2105718383281784e-7,1,9.598617367601037e-8,0.8369285464286804,-4.878180703826729e-8,-0.5473122000694275],"p":[-191.5404815673828,1670.76953125,2719.197265625]},"t":5.547184228897095},{"c":{"r":[-0.5533792972564697,4.2574054504029849e-8,-0.8329293727874756,2.98219338112915e-9,1,4.913233908609982e-8,0.8329293727874756,2.4704863932356603e-8,-0.5533792972564697],"p":[-190.86192321777345,1670.32763671875,2719.6435546875]},"t":5.608189344406128},{"c":{"r":[-0.5761796236038208,-9.81367662689081e-8,-0.8173230886459351,-1.311087061139915e-7,1,-2.764463857829469e-8,0.8173230886459351,9.12298929733879e-8,-0.5761796236038208],"p":[-190.23519897460938,1669.2239990234376,2720.070556640625]},"t":5.6695876121521},{"c":{"r":[-0.6205668449401856,-1.4556071015192629e-8,-0.7841535806655884,1.262542781432785e-8,1,-2.8554346442888346e-8,0.7841535806655884,-2.7620155051977237e-8,-0.6205668449401856],"p":[-189.4960479736328,1666.986083984375,2720.61962890625]},"t":5.738348007202148},{"c":{"r":[-0.6211488842964172,5.6260144987163588e-8,-0.7836925983428955,8.080962743406417e-8,1,7.739433982578703e-9,0.7836925983428955,-5.8522566348528929e-8,-0.6211488842964172],"p":[-188.84619140625,1665.9786376953126,2721.134765625]},"t":5.807032585144043},{"c":{"r":[-0.6211488842964172,4.930548413994984e-8,-0.7836925983428955,3.466520126504946e-10,1,6.263956464636067e-8,0.7836925983428955,3.863682351834541e-8,-0.6211488842964172],"p":[-188.45684814453126,1666.4586181640626,2721.443359375]},"t":5.872488975524902},{"c":{"r":[-0.6266025304794312,2.6743920855665239e-8,-0.7793389558792114,-4.976018530555848e-8,1,7.43242409839695e-8,0.7793389558792114,8.535181450497476e-8,-0.6266025304794312],"p":[-188.22061157226563,1666.892333984375,2721.633056640625]},"t":5.937201261520386},{"c":{"r":[-0.6586937308311462,-6.158235521525057e-8,-0.7524111866950989,2.5051695828892663e-8,1,-1.0377803505434713e-7,0.7524111866950989,-8.720711264231795e-8,-0.6586937308311462],"p":[-187.5631561279297,1667.270751953125,2722.17919921875]},"t":6.005836009979248},{"t":6.067540645599365,"c":{"r":[-0.6794432997703552,-5.041284723006356e-9,-0.7337280511856079,1.958043327476844e-8,1,-2.500256002235801e-8,0.7337280511856079,-3.135453496838636e-8,-0.6794432997703552],"p":[-187.0467987060547,1667.70556640625,2722.64111328125]},"j":true},{"c":{"r":[-0.6845454573631287,3.570090223448119e-9,-0.7289701700210571,1.8941596735544409e-8,1,-1.2889818101768924e-8,0.7289701700210571,-2.263152509840438e-8,-0.6845454573631287],"p":[-186.9683380126953,1668.1064453125,2722.71337890625]},"t":6.072394371032715},{"t":6.076907396316528,"c":{"r":[-0.6845454573631287,3.570090223448119e-9,-0.7289701700210571,1.8941596735544409e-8,1,-1.2889818101768924e-8,0.7289701700210571,-2.263152509840438e-8,-0.6845454573631287],"p":[-186.9683380126953,1668.1064453125,2722.71337890625]},"j":true},{"t":6.08586573600769,"c":{"r":[-0.6845455169677734,1.615213918171321e-8,-0.7289701104164124,1.7983847300229173e-8,1,5.2695936503255329e-9,0.7289701104164124,-9.502410414086171e-9,-0.6845455169677734],"p":[-186.85003662109376,1668.682373046875,2722.82421875]},"j":true},{"c":{"r":[-0.684545636177063,7.476186425492415e-8,-0.7289699912071228,1.35224755837271e-8,1,8.985982447029528e-8,0.7289699912071228,5.165566818732259e-8,-0.684545636177063],"p":[-186.2971954345703,1670.9644775390626,2723.34375]},"t":6.141493320465088},{"t":6.1680262088775639,"c":{"r":[-0.684545636177063,9.982672111163993e-8,-0.7289699912071228,1.1614542216875634e-8,1,1.2603541676980968e-7,0.7289699912071228,7.781033417586514e-8,-0.684545636177063],"p":[-186.0602569580078,1671.738037109375,2723.56640625]},"j":true},{"c":{"r":[-0.684545636177063,1.2406491123329034e-7,-0.7289699912071228,8.101721959974384e-9,1,1.6258408663816227e-7,0.7289699912071228,1.0539031336520566e-7,-0.684545636177063],"p":[-185.70484924316407,1672.6685791015626,2723.900390625]},"t":6.202953815460205},{"c":{"r":[-0.6845456957817078,-2.1777253778054729e-8,-0.728969931602478,-7.433565762937633e-9,1,-2.2893452467087628e-8,0.728969931602478,-1.0252767523866169e-8,-0.6845456957817078],"p":[-185.07301330566407,1673.6417236328126,2724.494140625]},"t":6.2685227394104},{"c":{"r":[-0.6845455765724182,-9.539255074741959e-8,-0.7289700508117676,-1.3056632219843323e-8,1,-1.1859841464456622e-7,0.7289700508117676,-7.166812565628789e-8,-0.6845455765724182],"p":[-184.44117736816407,1673.74267578125,2725.087890625]},"t":6.334831714630127},{"c":{"r":[-0.684545636177063,-1.1221270135308714e-8,-0.7289699912071228,2.9930384837228986e-9,1,-1.8203961005269776e-8,0.7289699912071228,-1.4643276813330886e-8,-0.684545636177063],"p":[-183.80934143066407,1672.971923828125,2725.681640625]},"t":6.402894735336304},{"c":{"r":[-0.7089157700538635,8.507528548307164e-8,-0.7052931785583496,3.072558385497359e-8,1,8.974060961008945e-8,0.7052931785583496,4.1947984641410588e-8,-0.7089157700538635],"p":[-183.14413452148438,1671.197265625,2726.318603515625]},"t":6.470306396484375},{"c":{"r":[-0.7193182110786438,1.2009314787064796e-7,-0.6946806907653809,5.3264759714011237e-8,1,1.177214628000911e-7,0.6946806907653809,4.767719374854096e-8,-0.7193182110786438],"p":[-182.61428833007813,1668.9967041015626,2726.861328125]},"t":6.530345916748047},{"c":{"r":[-0.7193366289138794,-2.7605933539120998e-8,-0.6946616768836975,-3.049178021186094e-9,1,-3.6582626705694568e-8,0.6946616768836975,-2.4197074566245648e-8,-0.7193366289138794],"p":[-182.01223754882813,1665.6641845703126,2727.486328125]},"t":6.596524477005005},{"c":{"r":[-0.7337301969528198,-6.57147225524568e-8,-0.679440975189209,-2.470368620777208e-8,1,-7.004123858678213e-8,0.679440975189209,-3.4606671306391948e-8,-0.7337301969528198],"p":[-181.5314178466797,1665.423828125,2727.997314453125]},"t":6.658198118209839},{"c":{"r":[-0.743144154548645,3.850099972169119e-8,-0.6691313982009888,-9.085537322484072e-10,1,5.85478261427852e-8,0.6691313982009888,4.411741372223332e-8,-0.743144154548645],"p":[-180.9918975830078,1665.3216552734376,2728.583251953125]},"t":6.727566480636597},{"c":{"r":[-0.743144154548645,3.7132284802510188e-8,-0.6691313982009888,7.3287207413841319e-9,1,4.735391101462483e-8,0.6691313982009888,3.028690542805634e-8,-0.743144154548645],"p":[-180.57139587402345,1665.92919921875,2729.05029296875]},"t":6.79758358001709},{"c":{"r":[-0.7477971315383911,-7.709199678629375e-8,-0.6639273166656494,-2.4368922435513697e-9,1,-1.1337038330339056e-7,0.6639273166656494,-8.316012412024065e-8,-0.7477971315383911],"p":[-180.16978454589845,1666.3768310546876,2729.500244140625]},"t":6.857940435409546},{"c":{"r":[-0.7477971315383911,-8.068663959193146e-9,-0.6639273166656494,-3.7180827305860477e-9,1,-7.965168080659169e-9,0.6639273166656494,-3.487792943346335e-9,-0.7477971315383911],"p":[-179.67489624023438,1666.6351318359376,2729.941650390625]},"t":6.919028043746948},{"t":6.9732842445373539,"c":{"r":[-0.7431448101997376,4.6311235735174708e-8,-0.6691306233406067,-4.879181059180837e-9,1,7.462993778517557e-8,0.6691306233406067,5.8725657225977559e-8,-0.7431448101997376],"p":[-179.35433959960938,1667.475830078125,2730.30029296875]},"j":true},{"c":{"r":[-0.7384570240974426,6.144914976857763e-8,-0.674300491809845,-5.466530783593271e-9,1,9.711686033142542e-8,0.674300491809845,7.54027169591609e-8,-0.7384570240974426],"p":[-179.24681091308595,1668.072021484375,2730.421142578125]},"t":6.979075908660889},{"t":6.984907865524292,"c":{"r":[-0.7384570240974426,6.144914976857763e-8,-0.674300491809845,-5.466530783593271e-9,1,9.711686033142542e-8,0.674300491809845,7.54027169591609e-8,-0.7384570240974426],"p":[-179.24681091308595,1668.072021484375,2730.421142578125]},"j":true},{"t":6.996656656265259,"c":{"r":[-0.7384573817253113,7.616886676942159e-8,-0.6743001341819763,-6.0535163548536279e-9,1,1.1958937307099405e-7,0.6743001341819763,9.239354170631487e-8,-0.7384573817253113],"p":[-179.13763427734376,1668.6378173828126,2730.541259765625]},"j":true},{"c":{"r":[-0.7384569048881531,5.5153037692434739e-8,-0.6743006706237793,-3.1226223828895174e-9,1,8.521266892103086e-8,0.6743006706237793,6.503147176317725e-8,-0.7384569048881531],"p":[-178.62625122070313,1670.8721923828126,2731.101806640625]},"t":7.045405387878418},{"c":{"r":[-0.7198706269264221,-2.9686152203112216e-8,-0.694108247756958,1.7152105513673633e-8,1,-6.055748258404492e-8,0.694108247756958,-5.54989725287669e-8,-0.7198706269264221],"p":[-178.07522583007813,1672.525146484375,2731.699462890625]},"t":7.108832836151123},{"c":{"r":[-0.7046366333961487,-3.7707827971189548e-8,-0.7095683217048645,3.968015604982611e-8,1,-9.254630128907593e-8,0.7095683217048645,-9.336729789310994e-8,-0.7046366333961487],"p":[-177.46519470214845,1673.44384765625,2732.31494140625]},"t":7.175809621810913},{"c":{"r":[-0.7046352028846741,2.4373303375568868e-8,-0.7095697522163391,1.2211863520406041e-8,1,2.222247275085465e-8,0.7095697522163391,6.993567946977919e-9,-0.7046352028846741],"p":[-176.85020446777345,1673.4903564453126,2732.92431640625]},"t":7.241479396820068},{"c":{"r":[-0.7046346664428711,8.238296089757569e-8,-0.7095702886581421,-1.3453655078876637e-8,1,1.2946267702318438e-7,0.7095702886581421,1.0077020107246426e-7,-0.7046346664428711],"p":[-176.27365112304688,1672.7421875,2733.49560546875]},"t":7.306229591369629},{"c":{"r":[-0.7143251299858093,3.0129513106658126e-8,-0.6998140215873718,-1.0485849522012814e-8,1,5.375688161279868e-8,0.6998140215873718,4.5738033804809677e-8,-0.7143251299858093],"p":[-175.66024780273438,1671.09912109375,2734.106689453125]},"t":7.372113943099976},{"c":{"r":[-0.7830729484558106,3.424444727784248e-8,-0.6219298839569092,1.0547208262323693e-7,1,-7.773847698899772e-8,0.6219298839569092,-1.2647113578623249e-7,-0.7830729484558106],"p":[-175.1182403564453,1668.7669677734376,2734.711181640625]},"t":7.4367711544036869},{"c":{"r":[-0.8047577142715454,7.475650676269652e-8,-0.5936034321784973,1.208741196023766e-7,1,-3.7934203334089037e-8,0.5936034321784973,-1.0227913804783384e-7,-0.8047577142715454],"p":[-174.6222686767578,1665.668212890625,2735.3544921875]},"t":7.49690318107605},{"c":{"r":[-0.8443288207054138,-2.2782517206110243e-8,-0.5358253717422485,-6.188707146748129e-8,1,5.500022837168217e-8,0.5358253717422485,7.959894077202989e-8,-0.8443288207054138],"p":[-174.26068115234376,1663.742919921875,2736.039306640625]},"t":7.5650475025177},{"c":{"r":[-0.8763077259063721,-5.097668775988495e-8,-0.4817517101764679,-6.254229134583511e-8,1,7.949337188506434e-9,0.4817517101764679,3.709592277800766e-8,-0.8763077259063721],"p":[-173.8683319091797,1665.122314453125,2736.697998046875]},"t":7.633284330368042},{"c":{"r":[-0.9510559439659119,-6.819765019372426e-8,-0.30901867151260378,-5.632164956637098e-8,1,-4.735186109883216e-8,0.30901867151260378,-2.762982731496777e-8,-0.9510559439659119],"p":[-173.569091796875,1665.7503662109376,2737.3662109375]},"t":7.698053598403931},{"c":{"r":[-0.9573197960853577,-8.074008661651533e-8,-0.2890307903289795,-5.5372542107079428e-8,1,-9.594429428716467e-8,0.2890307903289795,-7.584500139046213e-8,-0.9573197960853577],"p":[-173.36721801757813,1665.940673828125,2738.013671875]},"t":7.759409427642822},{"c":{"r":[-0.955278217792511,-7.323294415328974e-9,-0.29570847749710085,-1.6688140869192126e-9,1,-1.9374191140286713e-8,0.29570847749710085,-1.8014260305676545e-8,-0.955278217792511],"p":[-173.26510620117188,1666.590087890625,2738.732666015625]},"t":7.822716951370239},{"c":{"r":[-0.955278217792511,5.1873225714871299e-8,-0.29570847749710085,3.4620384781192118e-8,1,6.357993953542973e-8,0.29570847749710085,5.049898987863344e-8,-0.955278217792511],"p":[-173.14398193359376,1667.0361328125,2739.430419921875]},"t":7.887112617492676},{"c":{"r":[-0.973578691482544,1.2716284691904889e-9,-0.22835169732570649,-4.293792432719101e-9,1,2.3875335486422956e-8,0.22835169732570649,2.4225013106615735e-8,-0.973578691482544],"p":[-173.0479736328125,1667.47607421875,2740.22607421875]},"t":7.954286813735962},{"c":{"r":[-0.9902679324150086,-4.561792366075679e-8,-0.1391739398241043,-4.48588792778537e-8,1,-8.590777866857025e-9,0.1391739398241043,-2.263985443562433e-9,-0.9902679324150086],"p":[-172.98974609375,1667.8721923828126,2740.9638671875]},"t":8.014461278915406},{"t":8.055018186569214,"c":{"r":[-0.9964928030967712,-7.198895701776564e-8,-0.083678238093853,-6.99823701211244e-8,1,-2.6912985617855157e-8,0.083678238093853,-2.09625952152237e-8,-0.9964928030967712],"p":[-172.94667053222657,1667.850830078125,2741.31396484375]},"j":true},{"t":8.073310852050782,"c":{"r":[-0.9975640177726746,-8.362735570699442e-8,-0.06975723057985306,-8.14081673183864e-8,1,-3.465597586682634e-8,0.06975723057985306,-2.8892745973507773e-8,-0.9975640177726746],"p":[-172.92555236816407,1668.23828125,2741.518798828125]},"j":true},{"c":{"r":[-0.9980109333992004,-8.932969564057203e-8,-0.06304094940423966,-8.707761622872568e-8,1,-3.847151219815714e-8,0.06304094940423966,-3.290553252099926e-8,-0.9980109333992004],"p":[-172.91717529296876,1668.6256103515626,2741.6259765625]},"t":8.0777006149292},{"t":8.081742286682129,"c":{"r":[-0.9980109333992004,-8.932969564057203e-8,-0.06304094940423966,-8.707761622872568e-8,1,-3.847151219815714e-8,0.06304094940423966,-3.290553252099926e-8,-0.9980109333992004],"p":[-172.91717529296876,1668.6256103515626,2741.6259765625]},"j":true},{"c":{"r":[-0.9980267286300659,-1.3223801431649918e-7,-0.06279096752405167,-1.2830845719236096e-7,1,-6.661374385430463e-8,0.06279096752405167,-5.842568029379436e-8,-0.9980267286300659],"p":[-172.86578369140626,1671.0963134765626,2742.435302734375]},"t":8.138236999511719},{"c":{"r":[-0.9970876574516296,-1.3014226851737477e-7,-0.07626387476921082,-1.251404597724104e-7,1,-7.036445026642468e-8,0.07626387476921082,-6.061583235350554e-8,-0.9970876574516296],"p":[-172.80894470214845,1672.88671875,2743.298583984375]},"t":8.20376706123352},{"c":{"r":[-0.9952442049980164,9.111295184993651e-8,-0.0974113941192627,8.725521638552891e-8,1,4.386246033050156e-8,0.0974113941192627,3.515420488042764e-8,-0.9952442049980164],"p":[-172.73275756835938,1673.805419921875,2744.161865234375]},"t":8.272375106811524},{"c":{"r":[-0.9937682747840881,9.426984348692713e-8,-0.11146560311317444,8.957903929740496e-8,1,4.709106704581245e-8,0.11146560311317444,3.681262583654643e-8,-0.9937682747840881],"p":[-172.64114379882813,1673.8519287109376,2745.0234375]},"t":8.339296817779541},{"c":{"r":[-0.9929667711257935,6.611634972841785e-8,-0.1183931827545166,6.253866757788274e-8,1,3.3933797993768169e-8,0.1183931827545166,2.6290981836041284e-8,-0.9929667711257935],"p":[-172.5356903076172,1672.946044921875,2745.9365234375]},"t":8.406522035598755},{"c":{"r":[-0.9929653406143189,4.051284463457705e-8,-0.11840537935495377,3.820439431478917e-8,1,2.176593660863091e-8,0.11840537935495377,1.7089213599774668e-8,-0.9929653406143189],"p":[-172.4545440673828,1671.194091796875,2746.798583984375]},"t":8.474882125854493},{"c":{"r":[-0.9929654002189636,1.658856696451494e-8,-0.11840490996837616,1.5466380176576423e-8,1,1.0396417948754788e-8,0.11840490996837616,8.491987557590619e-9,-0.9929654002189636],"p":[-172.38658142089845,1669.9573974609376,2747.590576171875]},"t":8.539142847061158},{"c":{"r":[-0.9941864013671875,0.008932438679039479,-0.10730122774839401,0.009030099958181382,0.9999591112136841,-0.00042431894689798355,0.10729304701089859,-0.0013907930115237833,-0.9942264556884766],"p":[-172.3064422607422,1670.083740234375,2748.302978515625]},"t":8.604684352874756},{"c":{"r":[-0.9966641068458557,0.014344948343932629,-0.08034222573041916,0.0141086895