{"v":1,"name":"macro1_macro1_macro2_merged_merged_macro1_macro2_merged_merged_macro1_macro2_merged_macro2_merged_macro2_merged_merged_macro2_merged_macro1_macro2_merged_merged_macro2_merged","d":[{"t":0.0681610107421875,"c":{"r":[-0.028033578768372536,-2.652340036490841e-8,-0.9996069669723511,-4.5960973693581764e-8,1,-2.524487108246376e-8,0.9996069669723511,4.5235207579708003e-8,-0.028033578768372536],"p":[-6043.955078125,-158.57176208496094,-34.304115295410156]},"j":false},{"t":0.13359332084655762,"c":{"r":[0.03489517420530319,-1.4175073204114597e-7,-0.9993909597396851,1.500445989677246e-8,1,-1.4131320824617433e-7,0.9993909597396851,-1.0064178823654402e-8,0.03489517420530319],"p":[-6043.16796875,-158.65370178222656,-34.43276596069336]},"j":false},{"t":0.20232510566711426,"c":{"r":[0.08925937861204147,-1.1987815184966166e-7,-0.9960083961486816,-3.3223497286627435e-9,1,-1.206563098321567e-7,0.9960083961486816,1.407879590686889e-8,0.08925937861204147],"p":[-6041.908203125,-158.6172332763672,-34.62517547607422]},"j":false},{"t":0.2687070369720459,"c":{"r":[0.08276776969432831,2.344881977478508e-8,-0.9965688586235046,-4.0204444218261415e-9,1,2.319564273989272e-8,0.9965688586235046,2.0867982897243564e-9,0.08276776969432831],"p":[-6040.77783203125,-158.6146240234375,-34.711185455322266]},"j":false},{"t":0.3352956771850586,"c":{"r":[0.07241781055927277,1.0402655448160658e-7,-0.9973743557929993,3.437377327220048e-10,1,1.0432536612370313e-7,0.9973743557929993,-7.897849485516417e-9,0.07241781055927277],"p":[-6039.64501953125,-158.61441040039062,-34.77850341796875]},"j":false},{"t":0.40318989753723145,"c":{"r":[0.06255969405174255,-9.643589748975501e-8,-0.9980412125587463,2.7351669817932134e-9,1,-9.645371790156787e-8,0.9980412125587463,3.3043059399773256e-9,0.06255969405174255],"p":[-6038.51220703125,-158.61441040039062,-34.83472442626953]},"j":false},{"t":0.47016429901123047,"c":{"r":[0.05694284290075302,-6.22304838771015e-8,-0.9983774423599243,-1.8592374306791726e-9,1,-6.243766392799444e-8,0.9983774423599243,5.4115987246916575e-9,0.05694284290075302],"p":[-6037.37939453125,-158.61441040039062,-34.890907287597656]},"j":false},{"t":0.5360796451568604,"c":{"r":[0.053752731531858444,-3.890936284278723e-8,-0.9985542893409729,-5.8437774619335414e-9,1,-3.928026970356768e-8,0.9985542893409729,7.946750812948267e-9,0.053752731531858444],"p":[-6036.24658203125,-158.61441040039062,-34.947078704833984]},"j":false},{"t":0.6026084423065186,"c":{"r":[0.051939383149147034,-1.9148693297665886e-8,-0.9986502528190613,-9.599747663457947e-9,1,-1.9673853657309337e-8,0.9986502528190613,1.0608637524001097e-8,0.051939383149147034],"p":[-6035.11376953125,-158.61441040039062,-35.00324630737305]},"j":false},{"t":0.6690757274627686,"c":{"r":[0.05090906098484993,-5.793288071487268e-10,-0.9987033009529114,-1.3261609588255396e-8,1,-1.2560936735184214e-9,0.9987033009529114,1.3308359747554732e-8,0.05090906098484993],"p":[-6033.98095703125,-158.61441040039062,-35.05941390991211]},"j":false},{"t":0.7366132736206055,"c":{"r":[0.05032368376851082,1.7563859699976092e-8,-0.9987329840660095,-1.6880461473078867e-8,1,1.6735576480186865e-8,0.9987329840660095,1.6016878490177078e-8,0.05032368376851082],"p":[-6032.84814453125,-158.61441040039062,-35.11557388305664]},"j":false},{"t":0.8005521297454834,"c":{"r":[0.05002525821328163,3.328885611608712e-8,-0.9987479448318481,-2.002799170952585e-8,1,3.2327427845757484e-8,0.9987479448318481,1.8385728495218245e-8,0.05002525821328163],"p":[-6031.85693359375,-158.61441040039062,-35.16471862792969]},"j":false},{"t":0.8667736053466797,"c":{"r":[0.04982153698801994,5.1164580128215675e-8,-0.9987581372261047,-2.361082529489522e-8,1,5.005041003869337e-8,0.9987581372261047,2.108791541388655e-8,0.04982153698801994],"p":[-6030.72412109375,-158.61441040039062,-35.220890045166016]},"j":false},{"t":0.9330003261566162,"c":{"r":[0.04969477653503418,7.118548239759548e-8,-0.9987644553184509,-2.762692119517851e-8,1,6.98989310876641e-8,0.9987644553184509,2.4119175989767427e-8,0.04969477653503418],"p":[-6029.44970703125,-158.61441040039062,-35.2840690612793]},"j":false},{"t":0.9999392032623291,"c":{"r":[0.04963967949151993,8.670031803603706e-8,-0.9987671971321106,-3.0740800127659895e-8,1,8.527948835990173e-8,0.9987671971321106,2.6469654912375518e-8,0.04963967949151993],"p":[-6028.45849609375,-158.61441040039062,-35.33319854736328]},"j":false},{"t":1.0603845119476318,"c":{"r":[0.04960189014673233,1.0437349118319617e-7,-0.9987690448760986,-3.428906936164822e-8,1,1.027992269087008e-7,0.9987690448760986,2.914782548657513e-8,0.04960189014673233],"p":[-6027.32568359375,-158.61441040039062,-35.389347076416016]},"j":false},{"t":1.127993106842041,"c":{"r":[0.04958101361989975,1.2198586318845628e-7,-0.9987701177597046,-3.78262008382535e-8,1,1.2025830642414803e-7,0.9987701177597046,3.181715158007137e-8,0.04958101361989975],"p":[-6026.19287109375,-158.61441040039062,-35.445499420166016]},"j":false},{"t":1.1944711208343506,"c":{"r":[0.04956914857029915,7.202456941968194e-8,-0.9987707138061523,-2.1315456066872684e-8,1,7.10553322846863e-8,0.9987707138061523,1.7767099791399232e-8,0.04956914857029915],"p":[-6025.06005859375,-158.61441040039062,-35.501651763916016]},"j":false},{"t":1.2612402439117432,"c":{"r":[0.04874476045370102,-7.842364624366382e-8,-0.9988112449645996,2.382873454109813e-8,1,-7.73540733689515e-8,0.9988112449645996,-2.0029803593502038e-8,0.04874476045370102],"p":[-6023.92724609375,-158.61441040039062,-35.555965423583984]},"j":false},{"t":1.3276433944702148,"c":{"r":[0.04113304615020752,-7.564322856978833e-8,-0.9991536736488342,1.6746325215422075e-8,1,-7.501789411890059e-8,0.9991536736488342,-1.3646438645764647e-8,0.04113304615020752],"p":[-6022.79443359375,-158.61441040039062,-35.591670989990234]},"j":false},{"t":1.3936314582824707,"c":{"r":[0.034900009632110596,-1.0075432754774738e-7,-0.9993907809257507,1.0345000411859928e-8,1,-1.0045447851325662e-7,0.9993907809257507,-6.8328360747216266e-9,0.034900009632110596],"p":[-6021.66162109375,-158.61441040039062,-35.62228775024414]},"j":false},{"t":1.4593000411987305,"c":{"r":[0.029139269143342972,-7.75668738128843e-8,-0.9995753765106201,2.082092720456785e-9,1,-7.753913422448022e-8,0.9995753765106201,1.7822508746601073e-10,0.029139269143342972],"p":[-6020.52880859375,-158.61441040039062,-35.646854400634766]},"j":false},{"t":1.527209997177124,"c":{"r":[0.025900250300765038,1.0692074425833198e-7,-0.9996645450592041,-8.500392389976241e-9,1,1.0673638684011166e-7,0.9996645450592041,5.733041597011379e-9,0.025900250300765038],"p":[-6019.39599609375,-158.61441040039062,-35.67140579223633]},"j":false},{"t":1.5937399864196777,"c":{"r":[0.02241969108581543,1.0118068605180497e-9,-0.9997486472129822,3.0663696026778098e-9,1,1.0808255401784095e-9,0.9997486472129822,-3.0898306135895837e-9,0.02241969108581543],"p":[-6018.26318359375,-158.61441040039062,-35.6921272277832]},"j":false},{"t":1.65974760055542,"c":{"r":[0.019072404131293297,-1.1341430905531524e-7,-0.9998180866241455,1.4298175088356402e-8,1,-1.1316218717638549e-7,0.9998180866241455,-1.2137300053893796e-8,0.019072404131293297],"p":[-6017.13037109375,-158.61441040039062,-35.70876693725586]},"j":false},{"t":1.72682785987854,"c":{"r":[0.017169402912259102,2.897867190654324e-8,-0.9998525977134705,-5.18758680456699e-9,1,2.8893863301959755e-8,0.9998525977134705,4.690731802980963e-9,0.017169402912259102],"p":[-6015.99755859375,-158.61441040039062,-35.725399017333984]},"j":false},{"t":1.7933428287506104,"c":{"r":[0.01608882285654545,5.507245859348586e-8,-0.9998705387115479,-7.304688853793095e-9,1,5.49620473577761e-8,0.9998705387115479,6.4194685123197814e-9,0.01608882285654545],"p":[-6014.86474609375,-158.61441040039062,-35.74202346801758]},"j":false},{"t":1.8585317134857178,"c":{"r":[0.015537736937403679,-5.5040139557149814e-8,-0.9998793005943298,9.429152569850885e-9,1,-5.49002585614744e-8,0.9998793005943298,-8.574988719090015e-9,0.015537736937403679],"p":[-6013.87353515625,-158.61441040039062,-35.75657653808594]},"j":false},{"t":1.9272186756134033,"c":{"r":[0.014286027289927006,-2.0691810931339205e-8,-0.9998979568481445,2.8476370150798402e-9,1,-2.065323556621479e-8,0.9998979568481445,-2.5522937097122167e-9,0.014286027289927006],"p":[-6012.59912109375,-158.61441040039062,-35.7734260559082]},"j":false},{"t":1.9957916736602783,"c":{"r":[0.0114384600892663,9.528009314863084e-8,-0.9999345541000366,-1.637193847159324e-8,1,9.509904685955917e-8,0.9999345541000366,1.528307969067555e-8,0.0114384600892663],"p":[-6011.46630859375,-158.61441040039062,-35.78214645385742]},"j":false},{"t":2.0592451095581055,"c":{"r":[0.009817896410822868,-3.5662445441175805e-8,-0.9999517798423767,6.324774926014243e-9,1,-3.560206351949091e-8,0.9999517798423767,-5.97493254872461e-9,0.009817896410822868],"p":[-6010.33349609375,-158.61441040039062,-35.79086685180664]},"j":false},{"t":2.12576961517334,"c":{"r":[0.008990648202598095,-7.969838833332687e-8,-0.9999595880508423,1.3728001846402549e-8,1,-7.957817871329098e-8,0.9999595880508423,-1.3011987043398676e-8,0.008990648202598095],"p":[-6009.34228515625,-158.61441040039062,-35.798492431640625]},"j":false},{"t":2.1910653114318848,"c":{"r":[0.008427190594375134,7.215362529677805e-8,-0.9999644756317139,-1.2656102832409033e-8,1,7.204953078598919e-8,0.9999644756317139,1.2048478659210105e-8,0.008427190594375134],"p":[-6008.20947265625,-158.61441040039062,-35.80720138549805]},"j":false},{"t":2.2580292224884033,"c":{"r":[0.008076882921159267,1.777558378268651e-10,-0.9999673962593079,5.722448556677584e-11,1,1.7822385234289584e-10,0.9999673962593079,-5.8662109891916e-11,0.008076882921159267],"p":[-6006.93505859375,-158.61441040039062,-35.8170051574707]},"j":false},{"t":2.320888042449951,"c":{"r":[0.007923885248601437,-1.093531167839501e-7,-0.9999685883522034,1.924790815621691e-8,1,-1.0920402360170556e-7,0.9999685883522034,-1.838198393500079e-8,0.007923885248601437],"p":[-6005.94384765625,-158.61441040039062,-35.82463455200195]},"j":false},{"t":2.386898994445801,"c":{"r":[0.007821115665137768,2.3721622000039133e-8,-0.9999694228172302,-4.217729721034402e-9,1,2.3689358030765106e-8,0.9999694228172302,4.032323364100421e-9,0.007821115665137768],"p":[-6004.81103515625,-158.61441040039062,-35.83335494995117]},"j":false},{"t":2.4557440280914307,"c":{"r":[0.007762741297483444,5.2429427910283266e-8,-0.9999698400497437,-9.234591757945054e-9,1,5.235931865854582e-8,0.9999698400497437,8.827861108784418e-9,0.007762741297483444],"p":[-6003.67822265625,-158.61441040039062,-35.84208297729492]},"j":false},{"t":2.5176751613616943,"c":{"r":[0.007729603908956051,-5.940494673950525e-8,-0.9999701380729675,1.0535370797981614e-8,1,-5.9325287793399184e-8,0.9999701380729675,-1.0076495193800383e-8,0.007729603908956051],"p":[-6002.54541015625,-158.61441040039062,-35.85078048706055]},"j":false},{"t":2.5822484493255615,"c":{"r":[0.007712638936936855,-8.25951218530463e-8,-0.9999702572822571,1.4616890808838434e-8,1,-8.248483851502897e-8,0.9999702572822571,-1.3980280044734172e-8,0.007712638936936855],"p":[-6001.55419921875,-158.61441040039062,-35.85839080810547]},"j":false},{"t":2.6483092308044434,"c":{"r":[0.007701089605689049,1.0305800657306463e-7,-0.9999703168869019,-1.8264595169625863e-8,1,1.0292040286685733e-7,0.9999703168869019,1.747145361719049e-8,0.007701089605689049],"p":[-6000.42138671875,-158.61441040039062,-35.867088317871094]},"j":false},{"t":2.7133171558380127,"c":{"r":[0.00769452890381217,1.0861837651532369e-8,-0.9999703764915466,-1.9122421424100366e-9,1,1.0847445608419548e-8,0.9999703764915466,1.8287196201782763e-9,0.00769452890381217],"p":[-5999.28857421875,-158.61441040039062,-35.87578582763672]},"j":false},{"t":2.7764883041381836,"c":{"r":[0.007690776605159044,-8.101964255047278e-8,-0.9999704360961914,1.438357166705373e-8,1,-8.09114126809618e-8,0.9999704360961914,-1.376087421789407e-8,0.007690776605159044],"p":[-5998.15576171875,-158.61441040039062,-35.884483337402344]},"j":false},{"t":2.8396382331848145,"c":{"r":[0.007688878104090691,-5.440428196834546e-8,-0.9999704360961914,9.652730170728319e-9,1,-5.4331668053464455e-8,0.9999704360961914,-9.23469567482016e-9,0.007688878104090691],"p":[-5997.16455078125,-158.61441040039062,-35.892093658447266]},"j":false},{"t":2.903914451599121,"c":{"r":[0.007687596138566732,1.0051394383481238e-7,-0.9999704360961914,-1.784393433013065e-8,1,1.0037972941745466e-7,0.9999704360961914,1.707172714304761e-8,0.007687596138566732],"p":[-5996.03173828125,-158.61441040039062,-35.90079116821289]},"j":false},{"t":2.9676949977874756,"c":{"r":[0.007686856668442488,-9.228222630497385e-9,-0.9999704360961914,1.6426322524409898e-9,1,-9.215868956857776e-9,0.9999704360961914,-1.5717426249395317e-9,0.007686856668442488],"p":[-5994.89892578125,-158.61441040039062,-35.909488677978516]},"j":false},{"t":3.0338335037231445,"c":{"r":[0.007686446886509657,-1.1859575010930712e-7,-0.9999704360961914,2.1062579236286183e-8,1,-1.1843735592265148e-7,0.9999704360961914,-2.0151594171124998e-8,0.007686446886509657],"p":[-5993.76611328125,-158.61441040039062,-35.91818618774414]},"j":false},{"t":3.0972588062286377,"c":{"r":[0.007686230354011059,2.7295898874513114e-8,-0.9999704360961914,-4.849628254532945e-9,1,2.7259428492243387e-8,0.9999704360961914,4.639962636332484e-9,0.007686230354011059],"p":[-5992.77490234375,-158.61441040039062,-35.92579650878906]},"j":false},{"t":3.161198139190674,"c":{"r":[0.007686086464673281,5.1555989699636484e-8,-0.9999704360961914,-9.157025360195803e-9,1,5.1487127450400294e-8,0.9999704360961914,8.761020353631466e-9,0.007686086464673281],"p":[-5991.64208984375,-158.61441040039062,-35.93449401855469]},"j":false},{"t":3.224691390991211,"c":{"r":[0.007686022203415632,-5.129575342266435e-8,-0.9999704360961914,9.11331721198394e-9,1,-5.1227221575800286e-8,0.9999704360961914,-8.719314159577607e-9,0.007686022203415632],"p":[-5990.65087890625,-158.61441040039062,-35.94210433959961]},"j":false},{"t":3.2913637161254883,"c":{"r":[0.007685958873480558,-5.937278757528475e-8,-0.9999704360961914,1.054717113646575e-8,1,-5.9293476795119204e-8,0.9999704360961914,-1.0091132374157041e-8,0.007685958873480558],"p":[-5989.51806640625,-158.61441040039062,-35.950801849365234]},"j":false},{"t":3.359389543533325,"c":{"r":[0.007685957942157984,9.897690489424349e-8,-0.9999704360961914,-1.758379752914152e-8,1,9.884467999654589e-8,0.9999704360961914,1.6823561210799198e-8,0.007685957942157984],"p":[-5988.24365234375,-158.61441040039062,-35.96058654785156]},"j":false},{"t":3.4213483333587646,"c":{"r":[0.007685957942157984,-6.608429803378613e-9,-0.9999704360961914,1.1744718531048193e-9,1,-6.599597757173115e-9,0.9999704360961914,-1.123712900508167e-9,0.007685957942157984],"p":[-5987.25244140625,-158.61441040039062,-35.968196868896484]},"j":false},{"t":3.4863336086273193,"c":{"r":[0.007685957942157984,-1.2689110917563085e-7,-0.9999704360961914,2.254385478295262e-8,1,-1.267215878897332e-7,0.9999704360961914,-2.156921219409469e-8,0.007685957942157984],"p":[-5986.11962890625,-158.61441040039062,-35.97689437866211]},"j":false},{"t":3.5498368740081787,"c":{"r":[0.007685957942157984,2.7544341918428472e-8,-0.9999704360961914,-4.893809801842508e-9,1,2.7507541133786617e-8,0.9999704360961914,4.682243481823889e-9,0.007685957942157984],"p":[-5985.12841796875,-158.61441040039062,-35.98450469970703]},"j":false},{"t":3.6153180599212646,"c":{"r":[0.007685957942157984,5.4536894111834044e-8,-0.9999704360961914,-9.689261837309004e-9,1,5.4464031506995525e-8,0.9999704360961914,9.270367584690575e-9,0.007685957942157984],"p":[-5983.99560546875,-158.61441040039062,-35.993202209472656]},"j":false},{"t":3.678283929824829,"c":{"r":[0.007685957942157984,-6.724834378246669e-8,-0.9999704360961914,1.1947926203959014e-8,1,-6.715849565352983e-8,0.9999704360961914,-1.143139627401979e-8,0.007685957942157984],"p":[-5982.86279296875,-158.61441040039062,-36.00189971923828]},"j":false},{"t":3.7459943294525146,"c":{"r":[0.007685957942157984,-3.8993235307316354e-8,-0.9999704360961914,6.927802775891223e-9,1,-3.8941138313930423e-8,0.9999704360961914,-6.6282979105380946e-9,0.007685957942157984],"p":[-5981.72998046875,-158.61441040039062,-36.010597229003906]},"j":false},{"t":3.8107402324676514,"c":{"r":[0.007685957942157984,1.0101197744916135e-7,-0.9999704360961914,-1.7946646835298452e-8,1,1.0087702406735843e-7,0.9999704360961914,1.7170780353126247e-8,0.007685957942157984],"p":[-5980.59716796875,-158.61441040039062,-36.01929473876953]},"j":false},{"t":3.874825954437256,"c":{"r":[0.007685957942157984,-6.356184467648518e-9,-0.9999704360961914,1.1293367352394057e-9,1,-6.347691705599345e-9,0.9999704360961914,-1.0805153438653292e-9,0.007685957942157984],"p":[-5979.60595703125,-158.61441040039062,-36.02690505981445]},"j":false},{"t":3.9394521713256836,"c":{"r":[0.007685957942157984,-1.2866988186033268e-7,-0.9999704360961914,2.2860664472545977e-8,1,-1.2849797315084288e-7,0.9999704360961914,-2.1872358146879378e-8,0.007685957942157984],"p":[-5978.47314453125,-158.61441040039062,-36.03560256958008]},"j":false},{"t":4.001931428909302,"c":{"r":[0.007685957942157984,5.006323888778752e-8,-0.9999704360961914,-8.894718739327345e-9,1,4.9996348394643064e-8,0.9999704360961914,8.510186333410275e-9,0.007685957942157984],"p":[-5977.34033203125,-158.61441040039062,-36.0443000793457]},"j":false},{"t":4.063671350479126,"c":{"r":[0.007685957942157984,5.5235354068372544e-8,-0.9999704360961914,-9.813626355992255e-9,1,5.51615570998365e-8,0.9999704360961914,9.389367505718837e-9,0.007685957942157984],"p":[-5976.34912109375,-158.61441040039062,-36.051910400390625]},"j":false},{"t":4.1264259815216064,"c":{"r":[0.007685957942157984,-6.783932349208044e-8,-0.9999704360961914,1.2052985276511663e-8,1,-6.774868666070688e-8,0.9999704360961914,-1.1531914978490931e-8,0.007685957942157984],"p":[-5975.21630859375,-158.61441040039062,-36.06060791015625]},"j":false},{"t":4.188440799713135,"c":{"r":[0.007685957942157984,-6.184235701311991e-8,-0.9999704360961914,1.0987497134351543e-8,1,-6.175972799837837e-8,0.9999704360961914,-1.0512490433711719e-8,0.007685957942157984],"p":[-5974.22509765625,-158.61441040039062,-36.06821823120117]},"j":false},{"t":4.25304102897644,"c":{"r":[0.007685957942157984,1.1740679894955974e-7,-0.9999704360961914,-2.085960915110263e-8,1,1.1724993953521334e-7,0.9999704360961914,1.9957814956228503e-8,0.007685957942157984],"p":[-5973.09228515625,-158.61441040039062,-36.0769157409668]},"j":false},{"t":4.325026035308838,"c":{"r":[0.007685957942157984,-6.369806015982249e-9,-0.9999704360961914,1.1317263792776089e-9,1,-6.361295490364682e-9,0.9999704360961914,-1.0828002938723102e-9,0.007685957942157984],"p":[-5971.95947265625,-158.61441040039062,-36.08561325073242]},"j":false},{"t":4.391288757324219,"c":{"r":[0.007685957942157984,-1.2972381568943092e-7,-0.9999704360961914,2.304796709040602e-8,1,-1.2955050010532432e-7,0.9999704360961914,-2.2051567682979112e-8,0.007685957942157984],"p":[-5970.82666015625,-158.61441040039062,-36.09431076049805]},"j":false},{"t":4.456453084945679,"c":{"r":[0.007685957942157984,5.045097495326445e-8,-0.9999704360961914,-8.963605857559287e-9,1,5.038356931663657e-8,0.9999704360961914,8.576094501222542e-9,0.007685957942157984],"p":[-5969.69384765625,-158.61441040039062,-36.10300827026367]},"j":false},{"t":4.520052909851074,"c":{"r":[0.007685957942157984,4.0152702496243364e-8,-0.9999704360961914,-7.133908574985526e-9,1,4.00990529669798e-8,0.9999704360961914,6.825498388707274e-9,0.007685957942157984],"p":[-5968.56103515625,-158.61441040039062,-36.1117057800293]},"j":false},{"t":4.584808588027954,"c":{"r":[0.007685957942157984,-8.383049276972088e-8,-0.9999704360961914,1.489412948529889e-8,1,-8.371848991828301e-8,0.9999704360961914,-1.4250232105439409e-8,0.007685957942157984],"p":[-5967.42822265625,-158.61441040039062,-36.12040328979492]},"j":false},{"t":4.650249004364014,"c":{"r":[0.007685957942157984,-2.0438344350282023e-8,-0.9999704360961914,3.631270173443113e-9,1,-2.0411036416589923e-8,0.9999704360961914,-3.474284415716511e-9,0.007685957942157984],"p":[-5966.43701171875,-158.61441040039062,-36.128013610839844]},"j":false},{"t":4.718362331390381,"c":{"r":[0.007685957942157984,7.909707022690782e-8,-0.9999704360961914,-1.4053139096859013e-8,1,7.899139120581822e-8,0.9999704360961914,1.3445600188788376e-8,0.007685957942157984],"p":[-5965.16259765625,-158.61441040039062,-36.13779830932617]},"j":false},{"t":4.783799409866333,"c":{"r":[0.007685957942157984,-3.3305180835441206e-8,-0.9999704360961914,5.917303536051577e-9,1,-3.326068309661423e-8,0.9999704360961914,-5.6614886112527074e-9,0.007685957942157984],"p":[-5964.17138671875,-158.61441040039062,-36.145408630371094]},"j":false},{"t":4.844988584518433,"c":{"r":[0.007685957942157984,-8.514585658758733e-8,-0.9999704360961914,1.5127799457559377e-8,1,-8.503209869559214e-8,0.9999704360961914,-1.4473799048175806e-8,0.007685957942157984],"p":[-5963.03857421875,-158.61441040039062,-36.15410614013672]},"j":false},{"t":4.9134087562561035,"c":{"r":[0.007685957942157984,9.142350876345517e-8,-0.9999704360961914,-1.6243145495309363e-8,1,9.130135936175066e-8,0.9999704360961914,1.5540926767698693e-8,0.007685957942157984],"p":[-5961.90576171875,-158.61441040039062,-36.162803649902344]},"j":false},{"t":4.974829435348511,"c":{"r":[0.007685957942157984,1.0442797737653109e-8,-0.9999704360961914,-1.8553562020073855e-9,1,1.042884534285804e-8,0.9999704360961914,1.7751456971026869e-9,0.007685957942157984],"p":[-5960.77294921875,-158.61441040039062,-36.17150115966797]},"j":false},{"t":5.043734312057495,"c":{"r":[0.007685957942157984,-1.069054391678037e-7,-0.9999704360961914,1.899381274483858e-8,1,-1.0676260586706121e-7,0.9999704360961914,-1.8172677584971098e-8,0.007685957942157984],"p":[-5959.64013671875,-158.61441040039062,-36.180198669433594]},"j":false},{"t":5.1114208698272705,"c":{"r":[0.007685957942157984,2.5324890629008223e-8,-0.9999704360961914,-4.499457251228023e-9,1,2.5291054583931327e-8,0.9999704360961914,4.304938183707918e-9,0.007685957942157984],"p":[-5958.50732421875,-158.61441040039062,-36.18889617919922]},"j":false},{"t":5.178651571273804,"c":{"r":[0.007685957942157984,5.184077878084281e-8,-0.9999704360961914,-9.210513240986984e-9,1,5.1771518627674595e-8,0.9999704360961914,8.812326868223863e-9,0.007685957942157984],"p":[-5957.37451171875,-158.61441040039062,-36.197593688964844]},"j":false},{"t":5.24750280380249,"c":{"r":[0.007685957942157984,-6.229228688425792e-8,-0.9999704360961914,1.106741365219932e-8,1,-6.220906101361834e-8,0.9999704360961914,-1.0588950161150024e-8,0.007685957942157984],"p":[-5956.24169921875,-158.61441040039062,-36.20629119873047]},"j":false},{"t":5.308176755905151,"c":{"r":[0.007685957942157984,-3.6522415314266254e-8,-0.9999704360961914,6.488903636636678e-9,1,-3.647361879188793e-8,0.9999704360961914,-6.208377367755702e-9,0.007685957942157984],"p":[-5955.10888671875,-158.61441040039062,-36.214988708496094]},"j":false},{"t":5.368481636047363,"c":{"r":[0.007685957942157984,1.078455582614879e-7,-0.9999704360961914,-1.916082226216531e-8,1,1.077014673001031e-7,0.9999704360961914,1.8332466211745668e-8,0.007685957942157984],"p":[-5954.11767578125,-158.61441040039062,-36.222599029541016]},"j":false},{"t":5.430504083633423,"c":{"r":[0.007685957942157984,8.53078407914154e-9,-0.9999704360961914,-1.5156615962297337e-9,1,8.519386973659948e-9,0.9999704360961914,1.4501371214947767e-9,0.007685957942157984],"p":[-5953.12646484375,-158.61441040039062,-36.23020935058594]},"j":false},{"t":5.4921228885650635,"c":{"r":[0.007685957942157984,-9.048722660054409e-8,-0.9999704360961914,1.607676303194694e-8,1,-9.036632775405451e-8,0.9999704360961914,-1.538173499682216e-8,0.007685957942157984],"p":[-5952.13525390625,-158.61441040039062,-36.23781967163086]},"j":false},{"t":5.555280923843384,"c":{"r":[0.007685957942157984,4.915772677804853e-9,-0.9999704360961914,-8.733812562056187e-10,1,4.90920504248038e-9,0.9999704360961914,8.35623514827688e-10,0.007685957942157984],"p":[-5951.00244140625,-158.61441040039062,-36.246517181396484]},"j":false},{"t":5.615764856338501,"c":{"r":[0.007685957942157984,7.930179890536238e-8,-0.9999704360961914,-1.408946204151107e-8,1,7.919584987803319e-8,0.9999704360961914,1.3480350169459143e-8,0.007685957942157984],"p":[-5950.01123046875,-158.61441040039062,-36.254127502441406]},"j":false},{"t":5.676431655883789,"c":{"r":[0.007685957942157984,-3.407507520591935e-8,-0.9999704360961914,6.054066137295422e-9,1,-3.402954718012552e-8,0.9999704360961914,-5.792337720578189e-9,0.007685957942157984],"p":[-5948.87841796875,-158.61441040039062,-36.26282501220703]},"j":false},{"t":5.737767934799194,"c":{"r":[0.007685957942157984,-9.819311230785388e-8,-0.9999704360961914,1.744583499885266e-8,1,-9.806191769712314e-8,0.9999704360961914,-1.6691618753839066e-8,0.007685957942157984],"p":[-5947.88720703125,-158.61441040039062,-36.27043533325195]},"j":false},{"t":5.798660755157471,"c":{"r":[0.007685957942157984,4.618340909701146e-8,-0.9999704360961914,-8.205342183487119e-9,1,4.6121705565838056e-8,0.9999704360961914,7.850610828086246e-9,0.007685957942157984],"p":[-5946.89599609375,-158.61441040039062,-36.278045654296875]},"j":false},{"t":5.860708475112915,"c":{"r":[0.007685957942157984,3.678532678463853e-8,-0.9999704360961914,-6.535601393409252e-9,1,3.6736178543606e-8,0.9999704360961914,6.253055406801877e-9,0.007685957942157984],"p":[-5945.76318359375,-158.61441040039062,-36.2867431640625]},"j":false},{"t":5.929839611053467,"c":{"r":[0.007685957942157984,-7.672539226177832e-8,-0.9999704360961914,1.3631669126823454e-8,1,-7.662288226129021e-8,0.9999704360961914,-1.3042346758140866e-8,0.007685957942157984],"p":[-5944.63037109375,-158.61441040039062,-36.295440673828125]},"j":false},{"t":5.990380048751831,"c":{"r":[0.007685957942157984,-3.635522816125558e-8,-0.9999704360961914,6.459175416750895e-9,1,-3.630665545983902e-8,0.9999704360961914,-6.1799330097755956e-9,0.007685957942157984],"p":[-5943.63916015625,-158.61441040039062,-36.30305099487305]},"j":false},{"t":6.051535606384277,"c":{"r":[0.007685957942157984,9.398098654855858e-8,-0.9999704360961914,-1.6697430993417584e-8,1,9.385541943629505e-8,0.9999704360961914,1.5975569311876825e-8,0.007685957942157984],"p":[-5942.50634765625,-158.61441040039062,-36.31174850463867]},"j":false},{"t":6.1190505027771,"c":{"r":[0.007685957942157984,-2.009987021267534e-8,-0.9999704360961914,3.5711045232034166e-9,1,-2.0073017026334128e-8,0.9999704360961914,-3.4167186857558818e-9,0.007685957942157984],"p":[-5941.37353515625,-158.61441040039062,-36.3204460144043]},"j":false},{"t":6.180229663848877,"c":{"r":[0.007685957942157984,-1.1960106860442465e-7,-0.9999704360961914,2.1249286774605025e-8,1,-1.194412675431522e-7,0.9999704360961914,-2.0330638506038667e-8,0.007685957942157984],"p":[-5940.38232421875,-158.61441040039062,-36.32805633544922]},"j":false},{"t":6.240753173828125,"c":{"r":[0.007685957942157984,4.650735618838553e-8,-0.9999704360961914,-8.262872164266355e-9,1,4.644521922614331e-8,0.9999704360961914,7.905652132933483e-9,0.007685957942157984],"p":[-5939.24951171875,-158.61441040039062,-36.336753845214844]},"j":false},{"t":6.301827907562256,"c":{"r":[0.007685957942157984,5.1333284289967196e-8,-0.9999704360961914,-9.120280530794389e-9,1,5.126470270511163e-8,0.9999704360961914,8.725992373115332e-9,0.007685957942157984],"p":[-5938.25830078125,-158.61441040039062,-36.344364166259766]},"j":false},{"t":6.365614175796509,"c":{"r":[0.007685957942157984,-4.873838577168499e-8,-0.9999704360961914,8.659253758480645e-9,1,-4.8673268082666254e-8,0.9999704360961914,-8.284897212718079e-9,0.007685957942157984],"p":[-5937.26708984375,-158.61441040039062,-36.35197448730469]},"j":false},{"t":6.426526308059692,"c":{"r":[0.007685957942157984,-5.745046749439098e-8,-0.9999704360961914,1.0207106271309385e-8,1,-5.737371111536049e-8,0.9999704360961914,-9.765832587049772e-9,0.007685957942157984],"p":[-5936.13427734375,-158.62136840820312,-36.36067199707031]},"j":false},{"t":6.491621017456055,"c":{"r":[0.007685957942157984,8.826840769415867e-8,-0.9999704360961914,-1.5682461551591587e-8,1,8.815047181087721e-8,0.9999704360961914,1.5004477660340854e-8,0.007685957942157984],"p":[-5935.14306640625,-158.62503051757812,-36.368282318115234]},"j":false},{"t":6.553716659545898,"c":{"r":[0.007685957942157984,8.437980980602333e-9,-0.9999704360961914,-1.4991570207456562e-9,1,8.42670733192108e-9,0.9999704360961914,1.434345420214811e-9,0.007685957942157984],"p":[-5934.01025390625,-158.63043212890625,-36.37697982788086]},"j":false},{"t":6.617581844329834,"c":{"r":[0.007685957942157984,-1.0617889500963429e-7,-0.9999704360961914,1.8864568573917495e-8,1,-1.0603703515243978e-7,0.9999704360961914,-1.804901650359625e-8,0.007685957942157984],"p":[-5932.87744140625,-158.64378356933594,-36.385677337646484]},"j":false},{"t":6.680020570755005,"c":{"r":[0.007685957942157984,5.073256481580302e-9,-0.9999704360961914,-9.013549351344352e-10,1,5.06647834797036e-9,0.9999704360961914,8.623875502600242e-10,0.007685957942157984],"p":[-5931.88623046875,-158.64993286132812,-36.393287658691406]},"j":false},{"t":6.742283582687378,"c":{"r":[0.007685957942157984,6.613754521822557e-8,-0.9999704360961914,-1.1750511674790687e-8,1,6.604918212360644e-8,0.9999704360961914,1.1242513586751102e-8,0.007685957942157984],"p":[-5930.75341796875,-158.65447998046875,-36.40198516845703]},"j":false},{"t":6.810809135437012,"c":{"r":[0.007685957942157984,-4.910155482207301e-8,-0.9999704360961914,8.723756828032947e-9,1,-4.903595396399396e-8,0.9999704360961914,-8.346610513854102e-9,0.007685957942157984],"p":[-5929.62060546875,-158.65911865234375,-36.410682678222656]},"j":false},{"t":6.874927282333374,"c":{"r":[0.007685957942157984,-7.888403530387222e-8,-0.9999704360961914,1.4015138383172143e-8,1,-7.877864049987693e-8,0.9999704360961914,-1.3409235499750594e-8,0.007685957942157984],"p":[-5928.62939453125,-158.6634521484375,-36.41829299926758]},"j":false},{"t":6.9419190883636475,"c":{"r":[0.007685957942157984,8.892521918824059e-8,-0.9999704360961914,-1.5799130892446556e-8,1,8.88064164428215e-8,0.9999704360961914,1.5116102147771926e-8,0.007685957942157984],"p":[-5927.49658203125,-158.6675262451172,-36.4269905090332]},"j":false},{"t":7.002475261688232,"c":{"r":[0.007685957942157984,8.500019355039967e-9,-0.9999704360961914,-1.510185643205375e-9,1,8.488662217587262e-9,0.9999704360961914,1.4448975349523607e-9,0.007685957942157984],"p":[-5926.36376953125,-158.66671752929688,-36.43568801879883]},"j":false},{"t":7.066340208053589,"c":{"r":[0.007685957942157984,-9.255813893105369e-8,-0.9999704360961914,1.644455593918792e-8,1,-9.2434476073322e-8,0.9999704360961914,-1.5733622404923153e-8,0.007685957942157984],"p":[-5925.37255859375,-158.6665802001953,-36.44329833984375]},"j":false},{"t":7.128125429153442,"c":{"r":[0.007685957942157984,5.111354450804129e-9,-0.9999704360961914,-9.081252416720531e-10,1,5.104525691024264e-9,0.9999704360961914,8.688652575195022e-10,0.007685957942157984],"p":[-5924.23974609375,-158.66644287109375,-36.451995849609375]},"j":false},{"t":7.19262170791626,"c":{"r":[0.007685957942157984,6.663069740397987e-8,-0.9999704360961914,-1.1838102054184674e-8,1,6.654167350461648e-8,0.9999704360961914,1.1326315885185068e-8,0.007685957942157984],"p":[-5923.10693359375,-158.6649627685547,-36.460693359375]},"j":false},{"t":7.260950088500977,"c":{"r":[0.007685957942157984,-4.946814513573372e-8,-0.9999704360961914,8.788862970732225e-9,1,-4.9402054003166995e-8,0.9999704360961914,-8.408901130962931e-9,0.007685957942157984],"p":[-5921.97412109375,-158.6602020263672,-36.469390869140625]},"j":false},{"t":7.328028678894043,"c":{"r":[0.007685957942157984,-5.8308344819124613e-8,-0.9999704360961914,1.03594759437442e-8,1,-5.8230444466289555e-8,0.9999704360961914,-9.911612863788832e-9,0.007685957942157984],"p":[-5920.84130859375,-158.65370178222656,-36.47808837890625]},"j":false},{"t":7.388490676879883,"c":{"r":[0.007685957942157984,8.95889868957056e-8,-0.9999704360961914,-1.5917022366807032e-8,1,8.946929597186681e-8,0.9999704360961914,1.5228893701646484e-8,0.007685957942157984],"p":[-5919.85009765625,-158.64834594726562,-36.48569869995117]},"j":false},{"t":7.455845832824707,"c":{"r":[0.007685957942157984,8.5634823676628e-9,-0.9999704360961914,-1.5214393078721855e-9,1,8.552040853260223e-9,0.9999704360961914,1.4556637006890583e-9,0.007685957942157984],"p":[-5918.71728515625,-158.64199829101562,-36.4943962097168]},"j":false},{"t":7.516435623168945,"c":{"r":[0.007685957942157984,-9.324897831675116e-8,-0.9999704360961914,1.6567291538649442e-8,1,-9.312439175346299e-8,0.9999704360961914,-1.5851052026505386e-8,0.007685957942157984],"p":[-5917.72607421875,-158.6344757080078,-36.50200653076172]},"j":false},{"t":7.57739520072937,"c":{"r":[0.007685957942157984,5.149543458315975e-9,-0.9999704360961914,-9.149070390179759e-10,1,5.142663184187768e-9,0.9999704360961914,8.753536784311677e-10,0.007685957942157984],"p":[-5916.59326171875,-158.62469482421875,-36.510704040527344]},"j":false},{"t":7.640223026275635,"c":{"r":[0.007685957942157984,8.177690347110911e-8,-0.9999704360961914,-1.4529073943947424e-8,1,8.166764331463128e-8,0.9999704360961914,1.3900950612821816e-8,0.007685957942157984],"p":[-5915.60205078125,-158.61785888671875,-36.518314361572266]},"j":false},{"t":7.70251202583313,"c":{"r":[0.007685957942157984,-3.5238603146581227e-8,-0.9999704360961914,6.260736373775444e-9,1,-3.519152258490976e-8,0.9999704360961914,-5.9900711057991884e-9,0.007685957942157984],"p":[-5914.46923828125,-158.61477661132812,-36.52701187133789]},"j":false},{"t":7.763901233673096,"c":{"r":[0.007685957942157984,-1.013973971453197e-7,-0.9999704360961914,1.8014974401125983e-8,1,-1.0126192506731968e-7,0.9999704360961914,-1.7236146732102497e-8,0.007685957942157984],"p":[-5913.47802734375,-158.61444091796875,-36.53462219238281]},"j":false},{"t":7.825387716293335,"c":{"r":[0.007685957942157984,4.77314507918436e-8,-0.9999704360961914,-8.480299129587365e-9,1,4.766767958130913e-8,0.9999704360961914,8.113676841503548e-9,0.007685957942157984],"p":[-5912.48681640625,-158.61441040039062,-36.542232513427734]},"j":false},{"t":7.885454416275024,"c":{"r":[0.007685957942157984,3.799019765438061e-8,-0.9999704360961914,-6.749606651368367e-9,1,3.7939443586765265e-8,0.9999704360961914,6.4578062897169275e-9,0.007685957942157984],"p":[-5911.35400390625,-158.61441040039062,-36.55093002319336]},"j":false},{"t":7.951949119567871,"c":{"r":[0.007685957942157984,-7.931081569267917e-8,-0.9999704360961914,1.4090885791517849e-8,1,-7.920485245449527e-8,0.9999704360961914,-1.3481704641549186e-8,0.007685957942157984],"p":[-5910.22119140625,-158.61441040039062,-36.559627532958984]},"j":false},{"t":8.012408256530762,"c":{"r":[0.007685957942157984,-3.7569840571904933e-8,-0.9999704360961914,6.674910846271587e-9,1,-3.751964783305084e-8,0.9999704360961914,-6.386339457264967e-9,0.007685957942157984],"p":[-5909.22998046875,-158.61441040039062,-36.567237854003906]},"j":false},{"t":8.075837850570679,"c":{"r":[0.007685957942157984,1.1192293669637365e-7,-0.9999704360961914,-1.988496300953102e-8,1,1.1177340297763294e-7,0.9999704360961914,1.902528978803275e-8,0.007685957942157984],"p":[-5908.23876953125,-158.61441040039062,-36.57484817504883]},"j":false},{"t":8.1434326171875,"c":{"r":[0.007685957942157984,-2.0787682686318476e-8,-0.9999704360961914,3.6932592539784537e-9,1,-2.0759909347134453e-8,0.9999704360961914,-3.5335903092459375e-9,0.007685957942157984],"p":[-5906.96435546875,-158.61441040039062,-36.584632873535156]},"j":false},{"t":8.203670024871826,"c":{"r":[0.007685957942157984,-1.2365461543595302e-7,-0.9999704360961914,2.1969247754327625e-8,1,-1.2348940003903408e-7,0.9999704360961914,-2.10194652794371e-8,0.007685957942157984],"p":[-5905.97314453125,-158.61441040039062,-36.59224319458008]},"j":false},{"t":8.263733625411987,"c":{"r":[0.007685957942157984,2.665230169895949e-8,-0.9999704360961914,-4.73519889965246e-9,1,2.6616692849756873e-8,0.9999704360961914,4.530484432052617e-9,0.007685957942157984],"p":[-5904.98193359375,-158.61441040039062,-36.599853515625]},"j":false},{"t":8.332167863845825,"c":{"r":[0.007685957942157984,5.30745403182209e-8,-0.9999704360961914,-9.429544256533973e-9,1,5.300363170590572e-8,0.9999704360961914,9.021881908211071e-9,0.007685957942157984],"p":[-5903.84912109375,-158.61441040039062,-36.608551025390625]},"j":false},{"t":8.393326997756958,"c":{"r":[0.007685957942157984,-6.515320905009503e-8,-0.9999704360961914,1.1575492564475098e-8,1,-6.506616045953706e-8,0.9999704360961914,-1.1075054651144e-8,0.007685957942157984],"p":[-5902.71630859375,-158.61441040039062,-36.61724853515625]},"j":false},{"t":8.453710556030273,"c":{"r":[0.007685957942157984,-5.9402939456276727e-8,-0.9999704360961914,1.0553867113571869e-8,1,-5.9323575385406e-8,0.9999704360961914,-1.0097596536695619e-8,0.007685957942157984],"p":[-5901.72509765625,-158.61441040039062,-36.62485885620117]},"j":false},{"t":8.517107009887695,"c":{"r":[0.007685957942157984,1.1275900391183313e-7,-0.9999704360961914,-2.003340959788602e-8,1,1.1260835464099728e-7,0.9999704360961914,1.916731484641332e-8,0.007685957942157984],"p":[-5900.59228515625,-158.61441040039062,-36.6335563659668]},"j":false},{"t":8.583900213241577,"c":{"r":[0.007685957942157984,8.724154731964973e-9,-0.9999704360961914,-1.5499831418352983e-9,1,8.712499166563248e-9,0.9999704360961914,1.4829735217603002e-9,0.007685957942157984],"p":[-5899.60107421875,-158.61441040039062,-36.64116668701172]},"j":false},{"t":8.648275375366211,"c":{"r":[0.007685957942157984,-1.0979222508922248e-7,-0.9999704360961914,1.9506302351146587e-8,1,-1.0964553354142481e-7,0.9999704360961914,-1.8662994705209712e-8,0.007685957942157984],"p":[-5898.46826171875,-158.61441040039062,-36.649864196777344]},"j":false},{"t":8.711914777755737,"c":{"r":[0.007685957942157984,2.6851360246382683e-8,-0.9999704360961914,-4.770566164324919e-9,1,2.6815484943654155e-8,0.9999704360961914,4.5643222534863526e-9,0.007685957942157984],"p":[-5897.33544921875,-158.61441040039062,-36.65856170654297]},"j":false},{"t":8.774019479751587,"c":{"r":[0.009306680411100388,6.779014682933848e-8,-0.9999566674232483,-1.2258149162391874e-8,1,6.767899662918353e-8,0.9999566674232483,1.1627752094511834e-8,0.009306680411100388],"p":[-5896.34423828125,-158.61441040039062,-36.66999053955078]},"j":false},{"t":8.836678504943848,"c":{"r":[0.013625982217490673,-5.8450364548434663e-8,-0.9999071359634399,9.32046972934586e-9,1,-5.8328780028205074e-8,0.9999071359634399,-8.524817296517995e-9,0.013625982217490673],"p":[-5895.21142578125,-158.61441040039062,-36.69140625]},"j":false},{"t":8.897591352462769,"c":{"r":[0.018353911116719246,-6.621148429530876e-8,-0.9998315572738647,1.0630621716245514e-8,1,-6.602748925388369e-8,0.9998315572738647,-9.416968538289439e-9,0.018353911116719246],"p":[-5894.22021484375,-158.61441040039062,-36.716670989990234]},"j":false},{"t":8.9618558883667,"c":{"r":[0.02281545288860798,8.248466798477239e-8,-0.9997397065162659,-1.6260417012858852e-8,1,8.213505964249634e-8,0.9997397065162659,1.438223495853208e-8,0.02281545288860798],"p":[-5893.08740234375,-158.61215209960938,-36.74909210205078]},"j":false},{"t":9.022808074951172,"c":{"r":[0.025089381262660027,2.578036983891252e-8,-0.9996852278709412,-4.895311267461011e-9,1,2.566562962158514e-8,0.9996852278709412,4.249835594549722e-9,0.025089381262660027],"p":[-5892.09716796875,-158.58123779296875,-36.77742385864258]},"j":false},{"t":9.08670687675476,"c":{"r":[0.02661673165857792,-1.234090234447649e-7,-0.9996457099914551,2.4446787705301176e-8,1,-1.2280183625534846e-7,0.9996457099914551,-2.116954256337067e-8,0.02661673165857792],"p":[-5890.970703125,-158.4829864501953,-36.8096809387207]},"j":false},{"t":9.15119457244873,"c":{"r":[0.031810302287340164,2.2979850911042377e-8,-0.9994938969612122,-5.794472457409938e-9,1,2.2807070010344432e-8,0.9994938969612122,5.066040476009448e-9,0.031810302287340164],"p":[-5889.845703125,-158.34835815429688,-36.85238265991211]},"j":false},{"t":9.213274955749512,"c":{"r":[0.036800991743803024,9.934731792782259e-8,-0.9993225932121277,-2.405715626