{"v":1,"d":[{"t":0.0642857551574707,"j":false,"c":{"p":[51.441158294677734,981.4793701171875,2450.105712890625],"r":[-0.09759309142827988,-3.256421265973586e-8,0.9952263832092285,2.3202529675359074e-8,1,3.499567213793853e-8,-0.9952263832092285,2.6507105843620593e-8,-0.09759309142827988]}},{"t":0.033333333333333326,"j":false,"c":{"p":[51.62438402948601,981.4864950441753,2450.0857743597658],"r":[-0.09119545788028809,-2.3198831069587162e-8,0.9958988003938409,1.6585848426438018e-8,1,2.4656407274012505e-8,-0.9958988003938409,1.857096446952049e-8,-0.09119545788028809]}},{"t":0.06666666666666667,"j":false,"c":{"p":[51.42706426794004,981.4788220560127,2450.1072465954144],"r":[-0.09808520798809471,-3.328461331021447e-8,0.9951746597666197,2.3711495746826612e-8,1,3.579098550149414e-8,-0.9951746597666197,2.7117566971462496e-8,-0.09808520798809471]}},{"t":0.1,"j":false,"c":{"p":[51.22974450639406,981.4711490678501,2450.128718831063],"r":[-0.10497495809590132,-4.3370395550841785e-8,0.9944505191393984,3.0837143067215204e-8,1,4.692556372897578e-8,-0.9944505191393984,3.56641694734045e-8,-0.10497495809590132]}},{"t":0.13333333333333333,"j":false,"c":{"p":[51.01825100298892,981.4626690379465,2450.1518541177843],"r":[-0.1114593340335316,-4.900084035821004e-8,0.993768980675147,3.475019443107825e-8,1,5.3205526500546194e-8,-0.993768980675147,4.046383467457035e-8,-0.1114593340335316]}},{"t":0.16666666666666666,"j":false,"c":{"p":[50.58039901817137,981.4413003337073,2450.2015487788058],"r":[-0.1114697751079046,1.652165564513886e-8,0.9937678102471244,-1.2642778354211164e-8,1,-1.8044029281222415e-8,-0.9937678102471244,-1.4576099700579977e-8,-0.1114697751079046]}},{"t":0.19999999999999998,"j":false,"c":{"p":[50.14254703335382,981.4199316294682,2450.251243439827],"r":[-0.11148021618227759,8.204415164848774e-8,0.9937666398191016,-6.003575113950056e-8,1,-8.929358506299102e-8,-0.9937666398191016,-6.96160340757303e-8,-0.11148021618227759]}},{"t":0.2333333333333333,"j":false,"c":{"p":[49.72140636947851,981.1152908397554,2450.3006933901265],"r":[-0.11476996694139754,4.230814253970936e-8,0.993385995664836,-3.022353054133331e-8,1,-4.5948293536309624e-8,-0.993385995664836,-3.5145112275632856e-8,-0.11476996694139754]}},{"t":0.26666666666666666,"j":false,"c":{"p":[49.30076515095338,980.8021839972143,2450.3501360268433],"r":[-0.11815772527152361,-5.736903568491734e-10,0.9929940103132622,1.896094419332941e-9,1,8.218537417995344e-10,-0.9929940103132622,2.000988887127029e-9,-0.11815772527152361]}},{"t":0.3,"j":false,"c":{"p":[48.86802117831371,980.5325700720241,2450.4032644133495],"r":[-0.12165319183806912,-4.431699123620805e-8,0.9925665515035336,3.4660000878724315e-8,1,4.903034485378948e-8,-0.9925665515035336,4.0518391504897455e-8,-0.12165319183806912]}},{"t":0.3333333333333333,"j":false,"c":{"p":[48.4343200194162,980.2663959277637,2450.456684299544],"r":[-0.12515717686601446,-8.812842415451437e-8,0.9921362871582764,6.747486246708236e-8,1,9.735259213555747e-8,-0.9921362871582764,7.914424802461994e-8,-0.12515717686601446]}},{"t":0.36666666666666664,"j":false,"c":{"p":[48.01994691958631,980.1461665903045,2450.5100571201833],"r":[-0.12857887269554538,-3.1785832683810926e-8,0.99169315751992,2.4285933099112296e-8,1,3.500268342270561e-8,-0.99169315751992,2.8367176353130903e-8,-0.12857887269554538]}},{"t":0.39999999999999997,"j":false,"c":{"p":[47.606638245888824,980.0339746592762,2450.56342734885],"r":[-0.13199603673153715,3.0072395946939884e-8,0.9912493193699574,-2.3088642689564123e-8,1,-3.3442112239626334e-8,-0.9912493193699574,-2.7333452968255256e-8,-0.13199603673153715]}},{"t":0.4333333333333333,"j":false,"c":{"p":[47.1932655807388,979.8537585422536,2450.6191263993846],"r":[-0.13226278419363224,2.9306718333158806e-8,0.9912146919977345,-2.245990999198859e-8,1,-3.256341974217408e-8,-0.9912146919977345,-2.6569536221619404e-8,-0.13226278419363224]}},{"t":0.4666666666666666,"j":false,"c":{"p":[46.779887450155286,979.6677325607876,2450.6750243518118],"r":[-0.13226045834059447,2.3192407716553875e-8,0.991215014829071,-1.7731272075921193e-8,1,-2.5763890955869838e-8,-0.991215014829071,-2.0983050064994684e-8,-0.13226045834059447]}},{"t":0.49999999999999994,"j":false,"c":{"p":[46.40357665576348,979.4927246646698,2450.7259350024747],"r":[-0.13225593888148832,-1.393296397117859e-8,0.9912156070071987,1.0750269484912873e-8,1,1.5490633367694562e-8,-0.9912156070071987,1.270434991691897e-8,-0.13225593888148832]}},{"t":0.5333333333333333,"j":false,"c":{"p":[46.03182982596219,979.3190733848226,2450.776231585038],"r":[-0.1322511493317458,-5.487661339840426e-8,0.9912162323490049,4.215641859229683e-8,1,6.098747439794992e-8,-0.9912162323490049,4.98517119256855e-8,-0.1322511493317458]}},{"t":0.5666666666666667,"j":false,"c":{"p":[45.63979967483344,979.1364613243459,2450.829246468873],"r":[-0.13225922398655524,-4.115402623541698e-8,0.9912151538448252,3.1598352512037845e-8,1,4.573472679006002e-8,-0.9912151538448252,3.736933723568264e-8,-0.13225922398655524]}},{"t":0.6,"j":false,"c":{"p":[45.24248891244235,978.9515163915379,2450.8829690421467],"r":[-0.13227064774096928,-1.3199492541211254e-8,0.9912136317570649,1.0115216333172433e-8,1,1.4666277366574716e-8,-0.9912136317570649,1.1966231156210174e-8,-0.13227064774096928]}},{"t":0.6333333333333333,"j":false,"c":{"p":[44.886322789652134,978.6951592489053,2450.930675962777],"r":[-0.1322711855173111,1.7295366032510075e-8,0.9912135601043701,-1.3299817375009029e-8,1,-1.922345355260104e-8,-0.9912135601043701,-1.5725667818439545e-8,-0.1322711855173111]}},{"t":0.6666666666666666,"j":false,"c":{"p":[44.53218924616923,978.4352742839028,2450.9780857051796],"r":[-0.1322711855173111,4.7915718761339974e-8,0.9912135601043701,-3.6810288422781516e-8,1,-5.325255811665194e-8,-0.9912135601043701,-4.353063505963852e-8,-0.1322711855173111]}},{"t":0.7,"j":false,"c":{"p":[44.17466899813664,978.2571677858796,2451.0258133726484],"r":[-0.1322711855173111,2.0726169173671328e-8,0.9912135601043701,-1.5909385829171068e-8,1,-2.3032899022162322e-8,-0.9912135601043701,-1.8816187097200715e-8,-0.1322711855173111]}},{"t":0.7333333333333333,"j":false,"c":{"p":[43.816163534050276,978.1028512161889,2451.073633526743],"r":[-0.1322711855173111,-2.3280685553346578e-8,0.9912135601043701,1.791109614888049e-8,1,2.5877175035426875e-8,-0.9912135601043701,2.117652628046282e-8,-0.1322711855173111]}},{"t":0.7666666666666666,"j":false,"c":{"p":[43.491131583905286,977.8532625334628,2451.116785305964],"r":[-0.1322711855173111,-3.344873355748326e-8,0.9912135601043701,2.5719411430169268e-8,1,3.7177327234015865e-8,-0.9912135601043701,3.041092016159113e-8,-0.1322711855173111]}},{"t":0.7999999999999999,"j":false,"c":{"p":[43.168167673476354,977.5977878085981,2451.1596486665667],"r":[-0.1322711855173111,-4.1526173555261645e-8,0.9912135601043701,3.192065928723332e-8,1,4.615388674800322e-8,-0.9912135601043701,3.7745022772752696e-8,-0.1322711855173111]}},{"t":0.8333333333333333,"j":false,"c":{"p":[42.80334481559049,977.4110655839941,2451.208422158233],"r":[-0.1322711855173111,5.0940750031935325e-9,0.9912135601043701,-3.924160024461975e-9,1,-5.662884526280349e-9,-0.9912135601043701,-4.638716889775343e-9,-0.1322711855173111]}},{"t":0.8666666666666666,"j":false,"c":{"p":[42.427695091792614,977.2421262743139,2451.258724312239],"r":[-0.1322711855173111,6.58619449347045e-8,0.9912135601043701,-5.064424398135565e-8,1,-7.320392219465773e-8,-0.9912135601043701,-5.988203483686523e-8,-0.1322711855173111]}},{"t":0.8999999999999999,"j":false,"c":{"p":[42.097186122539696,976.9956629891037,2451.3025858505594],"r":[-0.1322711855173111,3.902136958029769e-8,0.9912135601043701,-3.0002389650301605e-8,1,-4.337089735333664e-8,-0.9912135601043701,-3.547549728636699e-8,-0.1322711855173111]}},{"t":0.9333333333333332,"j":false,"c":{"p":[41.76766869797519,976.7517376392054,2451.3463134293856],"r":[-0.13227115063927897,1.1554433854218698e-8,0.9912135648253173,-8.87892473188873e-9,1,-1.2841694196769178e-8,-0.9912135648253173,-1.0499498844986425e-8,-0.13227115063927897]}},{"t":0.9666666666666666,"j":false,"c":{"p":[41.58189113138508,977.1163320268932,2451.3710477289023],"r":[-0.13226408080215743,-3.306893400648805e-8,0.9912145217694317,2.5436787322398554e-8,1,3.675599486316068e-8,-0.9912145217694317,3.0074556348093424e-8,-0.13226408080215743]}},{"t":0.9999999999999999,"j":false,"c":{"p":[41.36075396248171,977.4918620893908,2451.4004836634394],"r":[-0.1322570685163762,-6.19918813099094e-8,0.9912154648435647,4.7677992540173004e-8,1,6.890298800807473e-8,-0.9912154648435647,5.637215168627725e-8,-0.1322570685163762]}},{"t":1.0333333333333332,"j":false,"c":{"p":[40.996955844432094,977.9115129464069,2451.448888694647],"r":[-0.13225028842576378,-2.7570312494220215e-8,0.9912163519582243,2.1203700606446896e-8,1,3.064384874111023e-8,-0.9912163519582243,2.507030641695065e-8,-0.13225028842576378]}},{"t":1.0666666666666667,"j":false,"c":{"p":[40.61473622012946,978.2068550553568,2451.4997486028283],"r":[-0.13224698880157376,5.691355821241721e-9,0.9912167800439202,-4.3781616516950955e-9,1,-6.325977092805829e-9,-0.9912167800439202,-5.176364808972939e-9,-0.13224698880157376]}},{"t":1.1,"j":false,"c":{"p":[40.19288563358492,978.2347665192068,2451.5558897912338],"r":[-0.13225117685138157,3.6457681340218654e-8,0.9912162206012743,-2.8040102363202762e-8,1,-4.0522048637506205e-8,-0.9912162206012743,-3.315299567563486e-8,-0.13225117685138157]}},{"t":1.1333333333333335,"j":false,"c":{"p":[39.78809789089792,978.2444921820918,2451.6097342376606],"r":[-0.13225468124445725,3.833638676274015e-8,0.9912157536006968,-2.9485366564350984e-8,1,-4.2610210716859564e-8,-0.9912157536006968,-3.486170080307955e-8,-0.13225468124445725]}},{"t":1.166666666666667,"j":false,"c":{"p":[39.40895215566016,978.2268882598439,2451.660127144859],"r":[-0.13225715823957018,-3.1971652255491327e-9,0.9912154255218739,2.4565460341146897e-9,1,3.5533290047147255e-9,-0.9912154255218739,2.9049800663610664e-9,-0.13225715823957018]}},{"t":1.2000000000000004,"j":false,"c":{"p":[39.02139066908967,978.184245070908,2451.711646587989],"r":[-0.13225624897046143,-3.69844321006865e-8,0.9912155422360853,2.8441402737164077e-8,1,4.1107019042427525e-8,-0.9912155422360853,3.3628146102816686e-8,-0.13225624897046143]}},{"t":1.2333333333333338,"j":false,"c":{"p":[38.627804100693325,978.123675540676,2451.763972551048],"r":[-0.13225291537603537,-6.52259075416492e-8,0.9912159773906024,5.016142938617781e-8,1,7.249666658379305e-8,-0.9912159773906024,5.9308654445079015e-8,-0.13225291537603537]}},{"t":1.2666666666666673,"j":false,"c":{"p":[38.22157424697436,978.1241372891632,2451.818089031742],"r":[-0.13225411037105683,-3.126096125857327e-8,0.9912158317682392,2.4042396194844066e-8,1,3.4745686822138766e-8,-0.9912158317682392,2.8426252076328793e-8,-0.13225411037105683]}},{"t":1.3000000000000007,"j":false,"c":{"p":[37.808979375467,978.1553240560917,2451.8731069139553],"r":[-0.13225758519696512,3.402060651354923e-8,0.9912153937649736,-2.6160287653300762e-8,1,-3.7812806291906036e-8,-0.9912153937649736,-3.0931655167362746e-8,-0.13225758519696512]}},{"t":1.3333333333333341,"j":false,"c":{"p":[37.4156406450113,978.1567143646032,2451.925480043159],"r":[-0.13226106912599384,4.442437018252467e-8,0.9912149225322843,-3.416262868372516e-8,1,-4.9376468750549054e-8,-0.9912149225322843,-4.039302130443279e-8,-0.13226106912599384]}},{"t":1.3666666666666676,"j":false,"c":{"p":[37.03390964015183,978.140143176462,2451.976258898249],"r":[-0.13226455854244204,2.1747440806916948e-8,0.9912144312686849,-1.672633181775581e-8,1,-2.4172055241262314e-8,-0.9912144312686849,-1.9776431748667196e-8,-0.13226455854244204]}},{"t":1.400000000000001,"j":false,"c":{"p":[36.642550147468924,978.1396553936885,2452.0284137216704],"r":[-0.13226537470208358,-1.2194200346423241e-8,0.9912143250959369,9.37226438545931e-9,1,1.3552852883007682e-8,-0.9912143250959369,1.108244751305893e-8,-0.13226537470208358]}},{"t":1.4333333333333345,"j":false,"c":{"p":[36.24366549214048,978.151737626426,2452.0816439357122],"r":[-0.13226410157287388,-5.493979803342908e-8,0.9912145198916629,4.2240896817871576e-8,1,6.106317696334365e-8,-0.9912145198916629,4.9946207428255185e-8,-0.13226410157287388]}},{"t":1.466666666666668,"j":false,"c":{"p":[35.844461102456044,978.1808164128204,2452.1366635382037],"r":[-0.13645940578415336,-5.804037317480407e-8,0.9906099338746508,4.485156147183926e-8,1,6.443578581118697e-8,-0.9906099338746508,5.286219206351255e-8,-0.13645940578415336]}},{"t":1.5000000000000013,"j":false,"c":{"p":[35.44481410522322,978.2334234901347,2452.1941601870935],"r":[-0.14646402254948362,-6.260432959558121e-9,0.9891681511416408,5.576189526539722e-9,1,6.7086549417697174e-9,-0.9891681511416408,6.015752399065166e-9,-0.14646402254948362]}},{"t":1.5333333333333348,"j":false,"c":{"p":[35.05014021717916,978.2455030549437,2452.25441134064],"r":[-0.16384316429166498,2.7265507491758923e-8,0.9861575451818279,-2.0253879788146282e-8,1,-3.1025233744724304e-8,-0.9861575451818279,-2.5057777431363983e-8,-0.16384316429166498]}},{"t":1.5666666666666682,"j":false,"c":{"p":[34.664813429807744,978.1814100031824,2452.3198396643133],"r":[-0.19508293622617937,2.648253434484849e-8,0.9801982911867699,-2.0813119026057156e-8,1,-3.1181253061578856e-8,-0.9801982911867699,-2.648567300703025e-8,-0.19508293622617937]}},{"t":1.6000000000000016,"j":false,"c":{"p":[34.276867572096855,978.1281780026598,2452.3896020306233],"r":[-0.22268634729599188,1.92800310963798e-8,0.9748823711096658,-1.6427601037996292e-8,1,-2.3443561323847546e-8,-0.9748823711096658,-2.1151706097422347e-8,-0.22268634729599188]}},{"t":1.633333333333335,"j":false,"c":{"p":[33.87444541448303,978.134977927444,2452.4833198058677],"r":[-0.23019062256197556,-2.3404926206759147e-8,0.9731223290835218,1.5288908207423442e-8,1,2.7924775552099957e-8,-0.9731223290835218,2.1556877203422628e-8,-0.23019062256197556]}},{"t":1.6666666666666685,"j":true,"c":{"p":[33.50919480600751,978.549686128455,2452.5693509878606],"r":[-0.23980058661387826,-6.194816167201963e-8,0.970816798097245,4.39788243504524e-8,1,7.469729265655591e-8,-0.970816798097245,6.063101154994062e-8,-0.23980058661387826]}},{"t":1.700000000000002,"j":false,"c":{"p":[33.08189088470091,980.0424910171402,2452.6756986583673],"r":[-0.24191430137442096,-9.840418836177893e-8,0.970297634601593,7.07605926856031e-8,1,1.1905850525258416e-7,-0.970297634601593,9.746078974751668e-8,-0.24191430137442096]}},{"t":1.7333333333333354,"j":false,"c":{"p":[32.65302138000859,981.2462424054299,2452.7832830336793],"r":[-0.2419144061712961,-7.82717396469132e-8,0.9702975989378079,5.6576548328053656e-8,1,9.4773407918066e-8,-0.9702975989378079,7.782313501875226e-8,-0.2419144061712961]}},{"t":1.7666666666666688,"j":false,"c":{"p":[32.21517280608311,982.3345864641148,2452.893110633584],"r":[-0.24191457168598055,-1.795921732711948e-8,0.9702975327319341,1.337187219871706e-8,1,2.1842849080657945e-8,-0.9702975327319341,1.8258794404848713e-8,-0.24191457168598055]}},{"t":1.8000000000000023,"j":false,"c":{"p":[31.800980497463794,983.0820648355775,2452.9949199284224],"r":[-0.2312298544044057,3.853546161406435e-8,0.9728087304120753,-2.795752851095536e-8,1,-4.559443587642264e-8,-0.9728087304120753,-3.7096146793195444e-8,-0.2312298544044057]}},{"t":1.8333333333333357,"j":false,"c":{"p":[31.39518234552952,983.7085908948275,2453.093884018906],"r":[-0.21675372798904127,9.367542225528637e-8,0.9762110215198511,-6.862150906674691e-8,1,-1.1108249507582129e-7,-0.9762110215198511,-9.09574304848938e-8,-0.21675372798904127]}},{"t":1.8666666666666691,"j":false,"c":{"p":[30.96858063793555,983.9951757952582,2453.1890930367617],"r":[-0.21209898561864368,6.729873124914005e-8,0.9772414327581773,-5.1076692686525666e-8,1,-8.005560025001679e-8,-0.9772414327581773,-6.700654422037793e-8,-0.21209898561864368]}},{"t":1.9000000000000026,"j":false,"c":{"p":[30.540229140961493,984.2203702869007,2453.2837069343586],"r":[-0.20851962056382872,3.30851661594731e-8,0.9780181623172652,-2.791636081408764e-8,1,-3.97826700092501e-8,-0.9780181623172652,-3.560024098543915e-8,-0.20851962056382872]}},{"t":1.933333333333336,"j":false,"c":{"p":[30.11187897117661,984.0098374352755,2453.374610583592],"r":[-0.20825179213635026,-1.4149990480313448e-8,0.9780751800079676,4.800335408498521e-9,1,1.5472586781531502e-8,-0.9780751800079676,7.899569639488537e-9,-0.20825179213635026]}},{"t":1.9666666666666694,"j":false,"c":{"p":[29.68352880139172,983.7993045836503,2453.465514232826],"r":[-0.2079839637088718,-6.13851471201e-8,0.97813219769867,3.751703163108469e-8,1,7.07278435723131e-8,-0.97813219769867,5.139938026441622e-8,-0.2079839637088718]}},{"t":2.0000000000000027,"j":false,"c":{"p":[29.253534753458702,983.2182766820853,2453.5592655239434],"r":[-0.2226056031833341,-6.978952499249791e-8,0.9746662989799808,4.4795730643619546e-8,1,8.174275991656417e-8,-0.9746662989799808,6.173524715782224e-8,-0.2226056031833341]}},{"t":2.033333333333336,"j":false,"c":{"p":[28.822901435546633,982.4931709709332,2453.6541242036888],"r":[-0.2430174466607322,-6.309342162965056e-8,0.9698304114322747,4.218212227201297e-8,1,7.555352913938929e-8,-0.9698304114322747,5.9174346953032565e-8,-0.2430174466607322]}},{"t":2.066666666666669,"j":false,"c":{"p":[28.40708775344367,981.5697638067336,2453.7637606865983],"r":[-0.2951384274526039,-5.087506892606528e-8,0.95280786699069,2.484114028957847e-8,1,5.8748254168477374e-8,-0.95280786699069,4.013239069820066e-8,-0.2951384274526039]}},{"t":2.1000000000000023,"j":false,"c":{"p":[28.005559855017978,980.4551986614867,2453.8876426274896],"r":[-0.37782627791000795,-3.333339650599373e-8,0.9240376692074386,-6.696686760359589e-9,1,3.170935990936821e-8,-0.9240376692074386,5.2030803587772585e-9,-0.37782627791000795]}},{"t":2.1333333333333355,"j":false,"c":{"p":[27.624070881772248,979.2837378549248,2454.079529854366],"r":[-0.5338664364618401,-4.786230307798083e-8,0.8196107802406568,-1.3786326227376082e-8,1,5.616236478001501e-8,-0.8196107802406568,2.528898859974437e-8,-0.5338664364618401]}},{"t":2.1666666666666687,"j":false,"c":{"p":[27.25092943935109,978.0885762619012,2454.2997457573506],"r":[-0.7204626576454238,-7.575071592557642e-8,0.6836679014656329,-1.0691686965836683e-8,1,1.0206513361461501e-7,-0.6836679014656329,6.829235517723528e-8,-0.7204626576454238]}},{"t":2.200000000000002,"j":false,"c":{"p":[27.042205370974177,978.0071892572224,2454.6304458460186],"r":[-0.839528483449868,-4.0355383198918103e-8,0.4793437599895789,6.563495955828092e-9,1,8.850854168211315e-8,-0.4793437599895789,6.977746919248735e-8,-0.839528483449868]}},{"t":2.233333333333335,"j":false,"c":{"p":[26.862229257330497,978.1205428730829,2454.9804638102287],"r":[-0.9467867934077533,6.104949584417186e-9,0.26306333070539023,2.6294613495143092e-8,1,6.455563353463644e-8,-0.26306333070539023,6.40032235920026e-8,-0.9467867934077533]}},{"t":2.2666666666666684,"j":false,"c":{"p":[26.754976670302078,978.1574649638167,2455.357118128338],"r":[-0.9818363246638209,4.08085978551302e-8,0.18961807766383668,4.6483509349131086e-8,1,2.4024065294040064e-8,-0.18961807766383668,3.221826412197705e-8,-0.9818363246638209]}},{"t":2.3000000000000016,"j":false,"c":{"p":[26.68175470751207,978.1586212902565,2455.7462368000447],"r":[-0.9830961054899271,7.001076219678049e-8,0.18301185783441337,6.688662036203937e-8,1,-2.4265407138828296e-8,-0.18301185783441337,-1.1738283705556465e-8,-0.9830961054899271]}},{"t":2.333333333333335,"j":false,"c":{"p":[26.613191959454333,978.1682659031122,2456.1157712245736],"r":[-0.983571469783783,6.139152583597147e-8,0.18051907420158386,5.537354127824342e-8,1,-3.8376496650924536e-8,-0.18051907420158386,-2.7750046673201565e-8,-0.983571469783783]}},{"t":2.366666666666668,"j":false,"c":{"p":[26.547452742301502,978.1830545027559,2456.473437398692],"r":[-0.983571469783783,2.98521409336952e-8,0.18051907420158386,2.4518930566651324e-8,1,-3.177514297208662e-8,-0.18051907420158386,-2.6826989458305396e-8,-0.983571469783783]}},{"t":2.4000000000000012,"j":false,"c":{"p":[26.475142320194678,978.1725226819111,2456.8673255950002],"r":[-0.983571469783783,-1.4806863513814634e-8,0.18051907420158386,-1.6052894703388234e-8,1,-5.441565443750076e-9,-0.18051907420158386,-8.250021894695707e-9,-0.983571469783783]}},{"t":2.4333333333333345,"j":false,"c":{"p":[26.399480595105985,978.1490774911015,2457.2796869589874],"r":[-0.983571469783783,-6.615685088009982e-8,0.18051907420158386,-6.158048232648083e-8,1,3.095541158113771e-8,-0.18051907420158386,1.9330408931364162e-8,-0.983571469783783]}},{"t":2.4666666666666677,"j":false,"c":{"p":[26.328656416614162,978.1429395946969,2457.6654158585184],"r":[-0.9840017806759159,-4.2090977437538607e-8,0.17812747962051462,-3.7469056136233544e-8,1,2.91651438108181e-8,-0.17812747962051462,2.1845303404738463e-8,-0.9840017806759159]}},{"t":2.500000000000001,"j":false,"c":{"p":[26.259886194094033,978.1441501382476,2458.039836978721],"r":[-0.9846147956741249,1.3995436699991767e-8,0.17472044676442391,1.6210140704004144e-8,1,1.1161095373153056e-8,-0.17472044676442391,1.3717714742413412e-8,-0.9846147956741249]}},{"t":2.533333333333334,"j":false,"c":{"p":[26.18039521051103,978.1338241796686,2458.444578672067],"r":[-0.9791156012363232,5.221942405782518e-8,0.19997547173809996,5.225277088625345e-8,1,-3.988777125105043e-9,-0.19997547173809996,7.576153472865705e-9,-0.9791156012363232]}},{"t":2.5666666666666673,"j":false,"c":{"p":[26.09597819437757,978.1181973674773,2458.863252224298],"r":[-0.970807936162859,8.223588815951924e-8,0.23840029212132297,8.019165722735667e-8,1,-1.7827197619180695e-8,-0.23840029212132297,2.347142676699219e-9,-0.970807936162859]}},{"t":2.6000000000000005,"j":false,"c":{"p":[25.9993832160922,978.1032008635582,2459.2575353444167],"r":[-0.9679186340824266,2.9149466797797584e-8,0.2512410183250091,2.6972761447901155e-8,1,-1.2002840789995501e-8,-0.2512410183250091,-5.1068758818122885e-9,-0.9679186340824266]}},{"t":2.6333333333333337,"j":false,"c":{"p":[25.898335876747364,978.0884348054208,2459.6429011260843],"r":[-0.9670103291586034,-5.432003890522086e-8,0.25472799360996506,-5.591807322237726e-8,1,1.0103858174812324e-9,-0.25472799360996506,-1.3374375201267163e-8,-0.9670103291586034]}},{"t":2.666666666666667,"j":false,"c":{"p":[25.79401768276849,978.1452581414377,2460.0384163106755],"r":[-0.9668229222297668,-5.139541030476862e-8,0.2554474472999573,-5.1824015101818975e-8,1,5.0529502554019606e-9,-0.2554474472999573,-8.353003830419502e-9,-0.9668229222297668]}},{"t":2.7,"j":false,"c":{"p":[25.68884918704665,978.2206920833781,2460.436569966236],"r":[-0.9668229222297668,-2.601148858392188e-8,0.2554474472999573,-2.5117088411119697e-8,1,6.763472908606309e-9,-0.2554474472999573,1.2298450579004975e-10,-0.9668229222297668]}},{"t":2.7333333333333334,"j":true,"c":{"p":[25.579312263865415,978.1885064995674,2460.8242885085533],"r":[-0.9462901981524555,2.6909483452824096e-8,0.3178980429576153,2.9889633450092255e-8,1,2.366121076632339e-9,-0.3178980429576153,1.4414556726963068e-8,-0.9462901981524555]}},{"t":2.7666666666666666,"j":false,"c":{"p":[25.461096498584666,978.6334772207425,2461.2169267698023],"r":[-0.9297769069671631,8.506717284925281e-8,0.36812347173690796,8.982520673034135e-8,1,-4.209906229028054e-9,-0.36812347173690796,2.9152494684522758e-8,-0.9297769069671631]}},{"t":2.8,"j":false,"c":{"p":[25.271477823051903,980.0337148951994,2461.591604317026],"r":[-0.8464085499333266,5.037231162884967e-8,0.5271157454371229,9.015501662609828e-8,1,4.546401454475945e-8,-0.5271157454371229,8.138796556002009e-8,-0.8464085499333266]}},{"t":2.833333333333333,"j":false,"c":{"p":[25.0323635722969,981.3816406231069,2461.9655329441607],"r":[-0.7873130784787575,-4.418257626055608e-8,0.6161447542436351,3.7080494165863706e-8,1,1.1970072899480387e-7,-0.6161447542436351,1.1684883137104699e-7,-0.7873130784787575]}},{"t":2.8666666666666663,"j":false,"c":{"p":[24.74218776575794,982.3622423334175,2462.3054446224214],"r":[-0.7393161025383085,-8.30446437734213e-8,0.6697677486656789,-2.4340000606131753e-8,1,1.0250361035915807e-7,-0.6697677486656789,5.718207297691609e-8,-0.7393161025383085]}},{"t":2.8999999999999995,"j":false,"c":{"p":[24.447818380918882,983.2900577068832,2462.637745991964],"r":[-0.6899624426878797,-1.1745759981870514e-7,0.7229833099188516,-7.921830732545325e-8,1,8.697216844802349e-8,-0.7229833099188516,2.7226701878236376e-9,-0.6899624426878797]}},{"t":2.9333333333333327,"j":false,"c":{"p":[24.121009060185198,983.8095379400894,2462.9111768911607],"r":[-0.6301139891506476,-1.174539120176294e-7,0.7730471222517277,-8.34887212496792e-8,1,8.432577178882033e-8,-0.7730471222517277,-1.1454598843586162e-8,-0.6301139891506476]}},{"t":2.966666666666666,"j":false,"c":{"p":[23.78895209849659,984.2444561615231,2463.179983782031],"r":[-0.5827989220457299,-1.0434591506728896e-7,0.8126163210139458,-7.271796044181939e-8,1,7.624663401984981e-8,-0.8126163210139458,-1.4644373988705436e-8,-0.5827989220457299]}},{"t":2.999999999999999,"j":false,"c":{"p":[23.437255508431285,984.3628957022958,2463.4314850291034],"r":[-0.5823908468532746,-4.2194211804809756e-8,0.8129087643244954,-5.654651301385491e-9,1,4.783511883041348e-8,-0.8129087643244954,2.3287242091586734e-8,-0.5823908468532746]}},{"t":3.0333333333333323,"j":false,"c":{"p":[23.08494747521408,984.34518328326,2463.6834206121725],"r":[-0.5811699206109193,1.9855446149553647e-8,0.8137783780273194,6.144383894927573e-8,1,1.9397792097095042e-8,-0.8137783780273194,6.138617868620449e-8,-0.5811699206109193]}},{"t":3.0666666666666655,"j":false,"c":{"p":[22.731411889700908,984.0541279535348,2463.936228181701],"r":[-0.5783170893100597,8.170023476834647e-8,0.8158067369675241,1.286129598914404e-7,1,-9.091354694811292e-9,-0.8158067369675241,9.982103315132645e-8,-0.5783170893100597]}},{"t":3.0999999999999988,"j":false,"c":{"p":[22.37486881454717,983.5771001545085,2464.179904008791],"r":[-0.5568395518648509,8.797468898567133e-8,0.8295824546389168,1.3013458862189485e-7,1,-1.6510752157098316e-8,-0.8295824546389168,9.693153681529617e-8,-0.5568395518648509]}},{"t":3.133333333333332,"j":false,"c":{"p":[22.01484912130344,982.8850906503777,2464.413023662875],"r":[-0.5138321014221937,3.001057451740505e-8,0.856937963017989,5.5768588046174865e-8,1,4.2620083408939133e-10,-0.856937963017989,4.627163967244342e-8,-0.5138321014221937]}},{"t":3.166666666666665,"j":false,"c":{"p":[21.64337598217093,981.9634320874283,2464.6254782854453],"r":[-0.4764206394244294,-3.928647248079501e-8,0.8786128089368208,-1.67531017437795e-8,1,3.6896896699893235e-8,-0.8786128089368208,6.366682888921616e-10,-0.4764206394244294]}},{"t":3.1999999999999984,"j":false,"c":{"p":[21.26327484411648,980.8687765198085,2464.8223657266326],"r":[-0.4432246932407322,-1.1712073444470757e-7,0.8960083532324736,-8.788545319609926e-8,1,8.808256254942175e-8,-0.8960083532324736,-4.1212974691741895e-8,-0.4432246932407322]}},{"t":3.2333333333333316,"j":false,"c":{"p":[20.859684116165635,979.5874150229924,2465.020792943671],"r":[-0.43451760804054307,-1.070403088351646e-7,0.900657703187467,-8.550392406928941e-8,1,7.76493349800168e-8,-0.900657703187467,-4.342210420595511e-8,-0.43451760804054307]}},{"t":3.266666666666665,"j":false,"c":{"p":[20.444687851808737,978.2153971425583,2465.2199678097577],"r":[-0.43770126238591905,-5.427228526548359e-8,0.8991180483862159,-4.742721060789977e-8,1,3.7296618169200665e-8,-0.8991180483862159,-2.638350221484781e-8,-0.43770126238591905]}},{"t":3.299999999999998,"j":false,"c":{"p":[20.068429464099445,978.0238831253391,2465.4123910119706],"r":[-0.46749073854407597,-6.1807430553428845e-9,0.8831801602696527,-1.1171327900233673e-8,1,1.68353865788315e-9,-0.8831801602696527,-1.0710292088862177e-8,-0.46749073854407597]}},{"t":3.3333333333333313,"j":false,"c":{"p":[19.702444881749514,978.145454593599,2465.603023582211],"r":[-0.5043364361161464,4.067053346621442e-8,0.863423667226809,2.460164602731857e-8,1,-3.267252536102659e-8,-0.863423667226809,4.600797769429758e-9,-0.5043364361161464]}},{"t":3.3666666666666645,"j":false,"c":{"p":[19.358828033083608,978.151394261948,2465.827718646089],"r":[-0.5710581256152303,7.210393013939475e-8,0.8169829785558955,5.1360761570419355e-8,1,-5.1284771931521e-8,-0.8169829785558955,1.0377265671717455e-8,-0.5710581256152303]}},{"t":3.3999999999999977,"j":false,"c":{"p":[19.017378870001682,978.1519695129706,2466.0555210980974],"r":[-0.6394367346702221,9.951961627792909e-8,0.7684442399834419,7.507594121814673e-8,1,-6.709344494689845e-8,-0.7684442399834419,1.5315681980091094e-8,-0.6394367346702221]}},{"t":3.433333333333331,"j":false,"c":{"p":[18.716055017240176,978.1609287498908,2466.337273652276],"r":[-0.7156576177536282,6.04632366284969e-9,0.6900639503046665,2.4373039283231603e-9,1,-7.451034853526073e-9,-0.6900639503046665,6.325785017159922e-9,-0.7156576177536282]}},{"t":3.466666666666664,"j":false,"c":{"p":[18.418653183831633,978.1703077907472,2466.622608116033],"r":[-0.7909584083595249,-8.109577725240597e-8,0.6108707897825887,-6.525173734128047e-8,1,4.821319358421943e-8,-0.6108707897825887,-2.0685392326190466e-9,-0.7909584083595249]}},{"t":3.4999999999999973,"j":false,"c":{"p":[18.194659518542387,978.187544273181,2466.9749849364916],"r":[-0.8490378909615925,-4.973739592364511e-8,0.5164631812544372,-4.029952825584317e-8,1,2.941806792292426e-8,-0.5164631812544372,6.844302761969262e-10,-0.8490378909615925]}},{"t":3.5333333333333306,"j":false,"c":{"p":[17.972333405064948,978.2036440211964,2467.32932975037],"r":[-0.9052817174781598,-1.764482487996766e-8,0.4247389232734905,-1.4611664643492522e-8,1,1.0371192512567885e-8,-0.4247389232734905,3.0747998708681072e-9,-0.9052817174781598]}},{"t":3.5666666666666638,"j":false,"c":{"p":[17.790658672181753,978.1920325921767,2467.7316500747843],"r":[-0.9167761373235042,3.234573609011634e-8,0.3984290671659672,2.9009897908656503e-8,1,-1.4812808467825617e-8,-0.3984290671659672,-3.3742483018651937e-9,-0.9167761373235042]}},{"t":3.599999999999997,"j":false,"c":{"p":[17.612112645511655,978.1822748963338,2468.1336732224368],"r":[-0.9282637290699519,7.590559722354322e-8,0.37167173536511133,6.703443837815056e-8,1,-3.6759053088448966e-8,-0.37167173536511133,-9.107015744907081e-9,-0.9282637290699519]}},{"t":3.63333333333333,"j":false,"c":{"p":[17.463542551314518,978.1902776985197,2468.5328491387027],"r":[-0.9396859012411815,5.7853337905848507e-8,0.34062716780192104,5.143427119788025e-8,1,-2.7684562812939704e-8,-0.34062716780192104,-7.977143706161937e-9,-0.9396859012411815]}},{"t":3.6666666666666634,"j":false,"c":{"p":[17.3179837342091,978.1989999413258,2468.9322786672124],"r":[-0.9488755464553833,2.9224292187865857e-8,0.31565043330192566,2.6241326943315534e-8,1,-1.3700403419275098e-8,-0.31565043330192566,-4.716890961074581e-9,-0.9488755464553833]}},{"t":3.6999999999999966,"j":false,"c":{"p":[17.184820094697155,978.2106835835588,2469.332752127816],"r":[-0.9488755464553833,-4.2941479579079055e-8,0.31565043330192566,-3.843791227140377e-8,1,2.0493194956948567e-8,-0.31565043330192566,7.312547213482222e-9,-0.9488755464553833]}},{"t":3.73333333333333,"j":false,"c":{"p":[17.049448273209403,978.2195985587116,2469.739961488934],"r":[-0.9488755464553833,-8.144438830186076e-8,0.31565043330192566,-7.29622142234048e-8,1,3.8689410124800645e-8,-0.31565043330192566,1.3680879247681701e-8,-0.9488755464553833]}},{"t":3.766666666666663,"j":false,"c":{"p":[16.908039166944626,978.220943853558,2470.1655871536364],"r":[-0.9488755464553833,-2.7911272442240228e-8,0.31565043330192566,-2.504134377425583e-8,1,1.3147944623952628e-8,-0.31565043330192566,4.571451614975617e-9,-0.9488755464553833]}},{"t":3.7999999999999963,"j":false,"c":{"p":[16.770756527124536,978.2285634943266,2470.578456895882],"r":[-0.9488755464553833,2.3797159512814147e-8,0.31565043330192566,2.1246148880366964e-8,1,-1.1522899411552405e-8,-0.31565043330192566,-4.227440903829132e-9,-0.9488755464553833]}},{"t":3.8333333333333295,"j":false,"c":{"p":[16.640737287910508,978.2472272302278,2470.9688736808225],"r":[-0.9488755464553833,7.229378534853328e-8,0.31565043330192566,6.465857216954105e-8,1,-3.466127673158101e-8,-0.31565043330192566,-1.2479729938819017e-8,-0.9488755464553833]}},{"t":3.8666666666666627,"j":false,"c":{"p":[16.508079585694357,978.2545717879302,2471.3675434875686],"r":[-0.9488755464553833,7.779196457574226e-8,0.31565043330192566,6.959765801602342e-8,1,-3.72324798673806e-8,-0.31565043330192566,-1.3360456953318378e-8,-0.9488755464553833]}},{"t":3.899999999999996,"j":false,"c":{"p":[16.37141216925294,978.2447144103373,2471.7787555429295],"r":[-0.9488755464553833,1.794472001188404e-8,0.31565043330192566,1.60682005046663e-8,1,-8.547420992376626e-9,-0.31565043330192566,-3.038503819466707e-9,-0.9488755464553833]}},{"t":3.933333333333329,"j":false,"c":{"p":[16.230873996734356,978.2263324320475,2472.2016390766075],"r":[-0.9488755464553833,-2.4576130845899795e-8,0.31565043330192566,-2.1969849171062313e-8,1,1.1815216141826366e-8,-0.31565043330192566,4.276377079480601e-9,-0.9488755464553833]}},{"t":3.9666666666666623,"j":false,"c":{"p":[16.08677349915396,978.2001051134416,2472.6352640775563],"r":[-0.9488755464553833,-5.115119610017069e-8,0.31565043330192566,-4.575088309186727e-8,1,2.4518581818155117e-8,-0.31565043330192566,8.823796383967496e-9,-0.9488755464553833]}},{"t":3.9999999999999956,"j":false,"c":{"p":[15.958783692218928,978.2174746875178,2473.0231959344633],"r":[-0.9495769774155485,-2.770983857559346e-8,0.313517021924477,-2.472177912596135e-8,1,1.3421152250098968e-8,-0.313517021924477,4.836762495175941e-9,-0.9495769774155485]}},{"t":4.033333333333329,"j":false,"c":{"p":[15.840024513742321,978.2598231235897,2473.384947881084],"r":[-0.9506802936036685,2.43884540024628e-8,0.3101612714054183,2.1981316297405773e-8,1,-1.1312955145863175e-8,-0.3101612714054183,-4.0400907227213785e-9,-0.9506802936036685]}},{"t":4.066666666666662,"j":false,"c":{"p":[15.714653166748624,978.2268552533342,2473.7726760496103],"r":[-0.9517927227568758,5.0405271173223185e-8,0.3067239744446847,4.535387108495691e-8,1,-2.3617995874421104e-8,-0.3067239744446847,-8.606008441628121e-9,-0.9517927227568758]}},{"t":4.099999999999995,"j":false,"c":{"p":[15.585850252980872,978.1547999137149,2474.173885293184],"r":[-0.9529098813340424,6.288638909574234e-8,0.3032443567144379,5.6618399911026686e-8,1,-2.9472630492162833e-8,-0.3032443567144379,-1.0934647575574892e-8,-0.9529098813340424]}},{"t":4.133333333333328,"j":false,"c":{"p":[15.463132052563594,978.1739532757929,2474.5572143605227],"r":[-0.9488073754457362,5.3632068297735914e-9,0.31539445881276595,5.228454371043839e-9,1,-1.9588781602261572e-9,-0.31539445881276595,-1.4929730807472077e-9,-0.9488073754457362]}},{"t":4.166666666666662,"j":false,"c":{"p":[15.342461406381647,978.2237990883943,2474.9345266069413],"r":[-0.9429484111233704,-7.571697690628206e-8,0.33280408542583706,-6.724521803678279e-8,1,3.678360066867605e-8,-0.33280408542583706,1.1909505174847462e-8,-0.9429484111233704]}},{"t":4.199999999999995,"j":false,"c":{"p":[15.19202093972126,978.1710835562425,2475.3054188372316],"r":[-0.9061074099083234,-5.514155851181617e-8,0.41254705942109804,-5.011008127289115e-8,1,2.4699173727664853e-8,-0.41254705942109804,5.124043353747318e-9,-0.9061074099083234]}},{"t":4.233333333333328,"j":false,"c":{"p":[15.03623720801168,978.0999597018364,2475.675158764712],"r":[-0.8637055678074084,-1.6320385954605692e-8,0.5034779946171212,-1.6891420643150797e-8,1,3.492030398233538e-9,-0.5034779946171212,-5.284870436272888e-9,-0.8637055678074084]}},{"t":4.266666666666661,"j":false,"c":{"p":[14.815458863226867,978.120844593288,2476.001839049516],"r":[-0.7983937151464325,3.976632588083714e-8,0.592371529988186,2.341730901037358e-8,1,-3.4387209654151825e-8,-0.592371529988186,-7.743656715597924e-9,-0.7983937151464325]}},{"t":4.2999999999999945,"j":false,"c":{"p":[14.591098989650735,978.144025632707,2476.3264111082003],"r":[-0.7319222840517207,9.42028035095307e-8,0.6809791882806193,6.249550209448382e-8,1,-7.11785767319552e-8,-0.6809791882806193,-9.778735037012614e-9,-0.7319222840517207]}},{"t":4.333333333333328,"j":false,"c":{"p":[14.28284903385015,978.1492905946594,2476.6084406490436],"r":[-0.6409491272273917,4.274167010160218e-8,0.7584036012703155,3.084723247419988e-8,1,-3.062494187057254e-8,-0.7584036012703155,-2.2610864992682734e-9,-0.6409491272273917]}},{"t":4.366666666666661,"j":false,"c":{"p":[13.971565403031233,978.1546066920829,2476.888555326424],"r":[-0.5516171797813473,-8.024877931494455e-9,0.833970607729987,-2.703912338980316e-10,1,9.448027623728498e-9,-0.833970607729987,4.8598612789905064e-9,-0.5516171797813473]}},{"t":4.399999999999994,"j":false,"c":{"p":[13.582503557636592,978.1612338151145,2477.1195761950084],"r":[-0.5043630206338492,-4.0983450489826966e-8,0.8619169024213602,-1.7783165585241706e-8,1,3.71975630540316e-8,-0.8619169024213602,1.8100832520177402e-9,-0.5043630206338492]}},{"t":4.433333333333327,"j":true,"c":{"p":[13.196684402067897,978.1664750327858,2477.3453792932064],"r":[-0.46330341696739197,-6.189250576880783e-8,0.8861997127532959,-2.9429324968378023e-8,1,5.4454767408795136e-8,-0.8861997127532959,-8.511796145304051e-10,-0.46330341696739197]}},{"t":4.466666666666661,"j":true,"c":{"p":[12.83128289600746,978.6845444222415,2477.5370605950166],"r":[-0.46330341696739197,-2.8099681349091773e-9,0.8861997127532959,-2.132599055890673e-9,1,2.055888351399221e-9,-0.8861997127532959,-9.37408600017887e-10,-0.46330341696739197]}},{"t":4.499999999999994,"j":false,"c":{"p":[12.46338377837332,980.0260883459524,2477.725794525969],"r":[-0.45000121193522724,5.495849670601269e-8,0.8928092291351171,2.443881905005169e-8,1,-4.926590342951067e-8,-0.8928092291351171,4.102891774893111e-10,-0.45000121193522724]}},{"t":4.533333333333327,"j":false,"c":{"p":[12.059944930134625,981.2778965332348,2477.922415731146],"r":[-0.4224461432162089,1.1440987415541306e-7,0.906034973349708,5.189611661518318e-8,1,-1.0212185036339563e-7,-0.906034973349708,5.125123448452561e-9,-0.4224461432162089]}},{"t":4.56666666666666,"j":false,"c":{"p":[11.65870529197834,982.3195865543667,2478.1042811489338],"r":[-0.39340523964728974,1.2063992376430534e-7,0.9189705662587027,5.634619004226572e-8,1,-1.0712094255179458e-7,-0.9189705662587027,8.426326952371424e-9,-0.39340523964728974]}},{"t":4.599999999999993,"j":false,"c":{"p":[11.260033060029112,983.1159800081967,2478.2689203360683],"r":[-0.36262973980363933,6.473822500657052e-8,0.9315674301536155,3.3937124121234616e-8,1,-5.625089022024775e-8,-0.9315674301536155,1.0077226815529314e-8,-0.36262973980363933]}},{"t":4.633333333333327,"j":false,"c":{"p":[10.860630274945569,983.6591668348981,2478.4241377603175],"r":[-0.349358338577481,-9.258203062750574e-9,0.9369890336860843,4.383494634553937e-9,1,1.151758517098982e-8,-0.9369890336860843,8.088761744393967e-9,-0.349358338577481]}},{"t":4.66666666666666,"j":false,"c":{"p":[10.46069436475971,984.017574755515,2478.572479602126],"r":[-0.3488606480207836,-9.645935774606829e-8,0.9371744521483708,-3.038391876876787e-8,1,9.161777621646457e-8,-0.9371744521483708,3.4444504222104485e-9,-0.3488606480207836]}},{"t":4.699999999999993,"j":false,"c":{"p":[10.060134136173271,984.184005336164,2478.720945278408],"r":[-0.3485721719245235,-1.2633319338749217e-7,0.9372819299176834,-4.474127149384735e-8,1,1.181476145451768e-7,-0.9372819299176834,-7.522089856284014e-10,-0.3485721719245235]}},{"t":4.733333333333326,"j":false,"c":{"p":[9.658713436224614,984.0858417560711,2478.8695816304516],"r":[-0.3485720471752695,-7.71952359079834e-8,0.9372819853617963,-3.0968310106095564e-8,1,7.084372583043433e-8,-0.9372819853617963,-4.331888896823726e-9,-0.3485720471752695]}},{"t":4.7666666666666595,"j":false,"c":{"p":[9.249884041256827,983.84958845889,2479.021336246363],"r":[-0.3501736616543912,-2.725952806228751e-8,0.9366740252268979,-1.6895726528729626e-8,1,2.277284168490247e-8,-0.9366740252268979,-8.017455952177955e-9,-0.3501736616543912]}},{"t":4.799999999999993,"j":false,"c":{"p":[8.821063891201797,983.240730039316,2479.1815048203475],"r":[-0.3560972217049544,2.4828735955585495e-8,0.9344254670517426,-2.014677520432261e-9,1,-2.7367613116508134e-8,-0.9344254670517426,-1.198873647802904e-8