{"v":1,"name":"macro_reversed_macro2_merged","d":[{"t":0,"c":{"r":[0.262186735868454,-2.3558486716979132e-8,0.9650171399116516,5.325177099280154e-8,1,9.944463918998281e-9,-0.9650171399116516,4.878156545373713e-8,0.262186735868454],"p":[262.7812194824219,1270.091552734375,2037.70849609375]},"j":false},{"t":0.06277871131896973,"c":{"r":[0.262186735868454,-1.9323065814091933e-8,0.9650171399116516,4.364800076928077e-8,1,8.164766640561538e-9,-0.9650171399116516,3.998037456653947e-8,0.262186735868454],"p":[261.9970703125,1270.07421875,2037.49609375]},"j":false},{"t":0.12782645225524902,"c":{"r":[0.262186735868454,4.351253224399443e-8,0.9650171399116516,-9.839940418032711e-8,1,-1.8355645892143002e-8,-0.9650171399116516,-9.014451052280492e-8,0.262186735868454],"p":[261.16064453125,1269.942138671875,2037.26953125]},"j":false},{"t":0.1930530071258545,"c":{"r":[0.262186735868454,-1.638120888936001e-10,0.9650171399116516,4.287971366867538e-10,1,5.324999816092024e-11,-0.9650171399116516,3.9983516497699156e-10,0.262186735868454],"p":[260.3764953613281,1269.478271484375,2037.05712890625]},"j":false},{"t":0.2581002712249756,"c":{"r":[0.262186735868454,-3.991282682136443e-8,0.9650171399116516,9.032103776007716e-8,1,1.682026784521895e-8,-0.9650171399116516,8.275130625179372e-8,0.262186735868454],"p":[259.5403137207031,1269.0633544921875,2036.83056640625]},"j":false},{"t":0.3224670886993408,"c":{"r":[0.262186735868454,2.3898818923839826e-8,0.9650171399116516,-5.424155347100168e-8,1,-1.0028219143976003e-8,-0.9650171399116516,-4.9714763861175015e-8,0.262186735868454],"p":[258.704833984375,1269.0614013671875,2036.60400390625]},"j":false},{"t":0.3873746395111084,"c":{"r":[0.262186735868454,2.024011713785967e-8,0.9650171399116516,-4.5786372027123434e-8,1,-8.534083661970726e-9,-0.9650171399116516,-4.19471106738456e-8,0.262186735868454],"p":[257.9216003417969,1269.103515625,2036.3916015625]},"j":false},{"t":0.45185017585754395,"c":{"r":[0.262186735868454,-4.321254820638387e-8,0.9650171399116516,9.829660285731734e-8,1,1.8072718432904367e-8,-0.9650171399116516,9.011947810222409e-8,0.262186735868454],"p":[257.0861511230469,1269.1484375,2036.1650390625]},"j":false},{"t":0.5203201770782471,"c":{"r":[0.2554439604282379,2.9040889693021654e-9,0.9668238759040833,-6.606018398969127e-9,1,-1.2583692976519956e-9,-0.9668238759040833,-6.065413504785511e-9,0.2554439604282379],"p":[256.2496643066406,1269.1812744140625,2035.941162109375]},"j":false},{"t":0.5858206748962402,"c":{"r":[0.25544384121894836,3.836001027934799e-8,0.9668238759040833,-8.734816958622105e-8,1,-1.6598116658883555e-8,-0.9668238759040833,-8.021041253414296e-8,0.25544384121894836],"p":[255.46414184570312,1269.1722412109375,2035.7342529296875]},"j":false},{"t":0.6498289108276367,"c":{"r":[0.25544407963752747,-1.9915782800694615e-8,0.9668238162994385,4.5330128983778195e-8,1,8.622532021718143e-9,-0.9668238162994385,4.162367517324128e-8,0.25544407963752747],"p":[254.62649536132812,1269.151611328125,2035.5135498046875]},"j":false},{"t":0.7133119106292725,"c":{"r":[0.255444198846817,-2.1306602704385114e-8,0.9668238162994385,4.85152114038101e-8,1,9.219542462801655e-9,-0.9668238162994385,4.455058544294843e-8,0.255444198846817],"p":[253.841064453125,1269.1448974609375,2035.306640625]},"j":false},{"t":0.7813053131103516,"c":{"r":[0.25544407963752747,4.643444029284183e-8,0.9668238162994385,-1.0566744634843417e-7,1,-2.01094714213923e-8,-0.9668238162994385,-9.70249587339822e-8,0.25544407963752747],"p":[252.95082092285156,1269.1533203125,2035.0721435546875]},"j":false},{"t":0.8472597599029541,"c":{"r":[0.25544488430023193,-9.231307940282818e-10,0.9668236374855042,2.0626473862250805e-9,1,4.0983491600421473e-10,-0.9668236374855042,1.8895260911477862e-9,0.25544488430023193],"p":[252.16534423828125,1269.1478271484375,2034.865234375]},"j":false},{"t":0.9121110439300537,"c":{"r":[0.2554450035095215,-3.7213943926417414e-8,0.9668235778808594,8.464472500691045e-8,1,1.612690603280953e-8,-0.9668235778808594,7.771697596581362e-8,0.2554450035095215],"p":[251.32821655273438,1269.1171875,2034.64453125]},"j":false},{"t":0.9782214164733887,"c":{"r":[0.25544488430023193,2.439938917575546e-8,0.9668236374855042,-5.539547487387608e-8,1,-1.0600588851161774e-8,-0.9668236374855042,-5.084978837999188e-8,0.25544488430023193],"p":[250.49142456054688,1269.087158203125,2034.423828125]},"j":false},{"t":1.0456068515777588,"c":{"r":[0.2554450035095215,1.4558255934105091e-8,0.9668235778808594,-3.314340091264967e-8,1,-6.3009832906857355e-9,-0.9668235778808594,-3.043426843873931e-8,0.2554450035095215],"p":[249.6538848876953,1269.101318359375,2034.203125]},"j":false},{"t":1.112867832183838,"c":{"r":[0.26892006397247314,-5.209723852317438e-8,0.9631624817848206,1.1611058425842202e-7,1,2.1671079153406936e-8,-0.9631624817848206,1.0600557232010033e-7,0.26892006397247314],"p":[248.8194580078125,1269.129638671875,2033.97607421875]},"j":false},{"t":1.181750774383545,"c":{"r":[0.295705646276474,1.1271452216021771e-8,0.9552791118621826,-2.302826551670023e-8,1,-4.6707442358240314e-9,-0.9552791118621826,-2.0617255458432737e-8,0.295705646276474],"p":[247.9413299560547,1269.039794921875,2033.71044921875]},"j":false},{"t":1.249467134475708,"c":{"r":[0.302371621131897,3.0963501984615505e-8,0.9531901478767395,-6.583395872894471e-8,1,-1.1600186589078021e-8,-0.9531901478767395,-5.924471224716399e-8,0.302371621131897],"p":[247.11810302734375,1268.99072265625,2033.4534912109375]},"j":false},{"t":1.3169779777526855,"c":{"r":[0.3354499936103821,-4.247517892963515e-8,0.9420580267906189,8.779746707432423e-8,1,1.3824538847018175e-8,-0.9420580267906189,7.807287261130114e-8,0.3354499936103821],"p":[246.2988739013672,1268.99169921875,2033.1715087890625]},"j":false},{"t":1.3856489658355713,"c":{"r":[0.35510945320129395,-7.499568077662389e-9,0.9348247051239014,1.5226186533823238e-8,1,2.2385002740321625e-9,-0.9348247051239014,1.3438903323503837e-8,0.35510945320129395],"p":[245.4876251220703,1268.9990234375,2032.8663330078125]},"j":false},{"t":1.4552969932556152,"c":{"r":[0.3551087975502014,4.524658336890752e-8,0.9348250031471252,-9.120631005998803e-8,1,-1.3754896777129488e-8,-0.9348250031471252,-8.037744692046545e-8,0.3551087975502014],"p":[244.57630920410156,1269.0128173828125,2032.5191650390625]},"j":false},{"t":1.5273637771606445,"c":{"r":[0.3810705542564392,-3.5292721634050395e-8,0.92454594373703,7.095503917753376e-8,1,8.92746054859117e-9,-0.92454594373703,6.219919868044599e-8,0.3810705542564392],"p":[243.72174072265625,1269.0345458984375,2032.1768798828125]},"j":false},{"t":1.5943233966827393,"c":{"r":[0.3810705542564392,-1.3193278469714187e-8,0.92454594373703,2.710901902958085e-8,1,3.0964708574998667e-9,-0.92454594373703,2.3883560018589378e-8,0.3810705542564392],"p":[242.92071533203125,1269.0557861328125,2031.8468017578125]},"j":false},{"t":1.6634488105773926,"c":{"r":[0.3810707926750183,5.3638242292208815e-8,0.9245458841323853,-1.0674473571725684e-7,1,-1.4018712413133017e-8,-0.9245458841323853,-9.3348283769501e-8,0.3810707926750183],"p":[242.11968994140625,1269.0804443359375,2031.5167236328125]},"j":false},{"t":1.732511281967163,"c":{"r":[0.3810705542564392,-2.0297127534263382e-8,0.92454594373703,3.904979450908286e-8,1,5.85844350808884e-9,-0.92454594373703,3.387085101280718e-8,0.3810705542564392],"p":[241.2686004638672,1269.107421875,2031.166015625]},"j":false},{"t":1.8034837245941162,"c":{"r":[0.4003511071205139,-2.483421290833121e-8,0.9163618087768555,4.72069103807371e-8,1,6.476561065227315e-9,-0.9163618087768555,4.0665714351462157e-8,0.4003511071205139],"p":[240.42103576660156,1269.1307373046875,2030.8070068359375]},"j":false},{"t":1.8720104694366455,"c":{"r":[0.43208566308021545,3.99167205955564e-8,0.9018325805664062,-7.646529098792598e-8,1,-7.62576490842548e-9,-0.9018325805664062,-6.56639116414226e-8,0.43208566308021545],"p":[239.63514709472656,1269.13623046875,2030.4420166015625]},"j":false},{"t":1.9379065036773682,"c":{"r":[0.45710039138793945,-1.0830919494608793e-9,0.8894150853157043,2.7167736948996435e-9,1,-1.7848404698650455e-10,-0.8894150853157043,2.4979247559286932e-9,0.45710039138793945],"p":[238.85838317871094,1269.1549072265625,2030.057861328125]},"j":false},{"t":2.004774570465088,"c":{"r":[0.4878602921962738,-4.681857390664845e-8,0.8729217052459717,8.744702739704735e-8,1,4.761757210758333e-9,-0.8729217052459717,7.401133927942283e-8,0.4878602921962738],"p":[238.09735107421875,1269.1883544921875,2029.6448974609375]},"j":false},{"t":2.071195363998413,"c":{"r":[0.500000536441803,1.5801676411797416e-8,0.8660250902175903,-2.7964464521801347e-8,1,-2.100897456003281e-9,-0.8660250902175903,-2.316747682584719e-8,0.500000536441803],"p":[237.2989044189453,1269.22802734375,2029.1883544921875]},"j":false},{"t":2.139688014984131,"c":{"r":[0.4939444661140442,3.551210880914368e-8,0.8694934844970703,-6.500418692212406e-8,1,-3.914522039849544e-9,-0.8694934844970703,-5.4587157904961714e-8,0.4939444661140442],"p":[236.546630859375,1269.2626953125,2028.760986328125]},"j":false},{"t":2.2051947116851807,"c":{"r":[0.4939444661140442,-5.692000115686824e-8,0.8694934844970703,1.0292112051502045e-7,1,6.995664048048411e-9,-0.8694934844970703,8.603377210647523e-8,0.4939444661140442],"p":[235.84056091308594,1269.2420654296875,2028.3599853515625]},"j":false},{"t":2.2678632736206055,"c":{"r":[0.4939444661140442,-1.917854142163833e-8,0.8694934844970703,3.567819106820025e-8,1,1.7889685288707824e-9,-0.8694934844970703,3.0138302520299476e-8,0.4939444661140442],"p":[235.1346893310547,1269.2283935546875,2027.958984375]},"j":false},{"t":2.3315353393554688,"c":{"r":[0.4939444661140442,4.26593800284536e-8,0.8694934844970703,-7.503144416887153e-8,1,-6.438246824558291e-9,-0.8694934844970703,-6.205921465607389e-8,0.4939444661140442],"p":[234.3810272216797,1269.2342529296875,2027.53125]},"j":false},{"t":2.393327474594116,"c":{"r":[0.4939444661140442,5.445961015482226e-9,0.8694934844970703,-1.0927785787373523e-8,1,-5.548309381375738e-11,-0.8694934844970703,-9.474232065542765e-9,0.4939444661140442],"p":[233.72157287597656,1269.2393798828125,2027.156982421875]},"j":false},{"t":2.4561798572540283,"c":{"r":[0.4939444661140442,-5.874773378877762e-8,0.8694934844970703,1.0202847278151239e-7,1,9.604830708553891e-9,-0.8694934844970703,8.396883544037337e-8,0.4939444661140442],"p":[233.01504516601562,1269.2449951171875,2026.7559814453125]},"j":false},{"t":2.518810987472534,"c":{"r":[0.4939444661140442,-1.5531668173807134e-9,0.8694934844970703,6.629096827026615e-9,1,-1.9795880490391937e-9,-0.8694934844970703,6.7417627036547856e-9,0.4939444661140442],"p":[232.3087158203125,1269.2581787109375,2026.35498046875]},"j":false},{"t":2.5810208320617676,"c":{"r":[0.4694739878177643,5.802742819582818e-8,0.8829463124275208,-9.538826617472296e-8,1,-1.500105106799765e-8,-0.8829463124275208,-7.718011119095536e-8,0.4694739878177643],"p":[231.55027770996094,1269.2901611328125,2025.93701171875]},"j":false},{"t":2.6433775424957275,"c":{"r":[0.4508771002292633,-2.761199624501387e-8,0.8925860524177551,4.2717498871525095e-8,1,9.356694974371749e-9,-0.8925860524177551,3.391032166177865e-8,0.4508771002292633],"p":[230.827392578125,1269.2957763671875,2025.5667724609375]},"j":false},{"t":2.705300807952881,"c":{"r":[0.43836963176727295,-5.0619590297174e-8,0.8987947702407837,8.219614500148964e-8,1,1.6229840582582256e-8,-0.8987947702407837,6.676280150941238e-8,0.43836963176727295],"p":[230.1469268798828,1269.248779296875,2025.234619140625]},"j":false},{"t":2.767103672027588,"c":{"r":[0.41945376992225647,5.371648903462756e-9,0.9077767133712769,-7.268555535233645e-9,1,-2.5588073881976925e-9,-0.9077767133712769,-5.524923629707246e-9,0.41945376992225647],"p":[229.4158935546875,1269.1866455078125,2024.8865966796875]},"j":false},{"t":2.830810546875,"c":{"r":[0.3939410150051117,5.962930771374886e-8,0.9191357493400574,-9.655721555645869e-8,1,-2.3491045553214462e-8,-0.9191357493400574,-7.949509495119855e-8,0.3939410150051117],"p":[228.67559814453125,1269.1368408203125,2024.5557861328125]},"j":false},{"t":2.8939385414123535,"c":{"r":[0.3616246283054352,-3.9734430856697145e-8,0.9323237538337708,6.470516922263414e-8,1,1.752121470133261e-8,-0.9323237538337708,5.399006752782043e-8,0.3616246283054352],"p":[227.8719024658203,1269.068603515625,2024.23681640625]},"j":false},{"t":2.955548048019409,"c":{"r":[0.3616246283054352,-4.062142267002855e-8,0.9323237538337708,6.642233785214557e-8,1,1.7806549124088633e-8,-0.9323237538337708,5.548783832409754e-8,0.3616246283054352],"p":[227.16810607910156,1268.990234375,2023.96337890625]},"j":false},{"t":3.017829418182373,"c":{"r":[0.3616246283054352,1.4875245035739226e-8,0.9323237538337708,-2.3700858164943384e-8,1,-6.762061577347822e-9,-0.9323237538337708,-1.965154616812015e-8,0.3616246283054352],"p":[226.41506958007812,1268.904296875,2023.671142578125]},"j":false},{"t":3.0797078609466553,"c":{"r":[0.3616246283054352,5.927767787738958e-8,0.9323237538337708,-9.590264227199441e-8,1,-2.6382378948142104e-8,-0.9323237538337708,-7.987179628798913e-8,0.3616246283054352],"p":[225.6614532470703,1268.8128662109375,2023.378173828125]},"j":false},{"t":3.1429030895233154,"c":{"r":[0.3616246283054352,-5.424569593515116e-8,0.9323237538337708,8.702559028961332e-8,1,2.4428315370528253e-8,-0.9323237538337708,7.230215004483398e-8,0.3616246283054352],"p":[224.91079711914062,1268.6844482421875,2023.0872802734375]},"j":false},{"t":3.2067506313323975,"c":{"r":[0.3616246283054352,-3.7427458465799646e-8,0.9323237538337708,6.096772864339073e-8,1,1.6496441546109963e-8,-0.9323237538337708,5.087613885734754e-8,0.3616246283054352],"p":[224.11871337890625,1268.5020751953125,2022.77978515625]},"j":false},{"t":3.267744302749634,"c":{"r":[0.3616246283054352,5.3059414639733404e-9,0.9323237538337708,-6.7656262814352885e-9,1,-3.0668791950461127e-9,-0.9323237538337708,-5.19869525206218e-9,0.3616246283054352],"p":[223.43003845214844,1268.33203125,2022.512939453125]},"j":false},{"t":3.3384928703308105,"c":{"r":[0.3616246283054352,5.7368762185205924e-8,0.9323237538337708,-8.928630990112651e-8,1,-2.6901204819296254e-8,-0.9323237538337708,-7.351561492896508e-8,0.3616246283054352],"p":[222.59226989746094,1268.1353759765625,2022.1878662109375]},"j":false},{"t":3.4105796813964844,"c":{"r":[0.3616246283054352,-5.6254606306538335e-8,0.9323237538337708,8.566100717644076e-8,1,2.711233548780001e-8,-0.9323237538337708,7.005930768855251e-8,0.3616246283054352],"p":[221.7521209716797,1267.9478759765625,2021.862060546875]},"j":false},{"t":3.4815900325775146,"c":{"r":[0.3616246283054352,-3.51220528216345e-8,0.9323237538337708,5.647267542485679e-8,1,1.5767207983685694e-8,-0.9323237538337708,4.6949008236651935e-8,0.3616246283054352],"p":[220.86195373535156,1267.75146484375,2021.51708984375]},"j":false},{"t":3.543166160583496,"c":{"r":[0.3616246283054352,1.0153739182783283e-8,0.9323237538337708,-9.93448701080979e-9,1,-7.037451954516882e-9,-0.9323237538337708,-6.717242317932914e-9,0.3616246283054352],"p":[220.11935424804688,1267.5882568359375,2021.2296142578125]},"j":false},{"t":3.612149238586426,"c":{"r":[0.3616246283054352,5.86082400388932e-8,0.9323237538337708,-8.100393955601248e-8,1,-3.144317517467243e-8,-0.9323237538337708,-6.415127273839971e-8,0.3616246283054352],"p":[219.32920837402344,1267.38818359375,2020.92333984375]},"j":false},{"t":3.681633710861206,"c":{"r":[0.3616246283054352,-5.340903541650732e-8,0.9323237538337708,6.984400613418984e-8,1,3.019522054614754e-8,-0.9323237538337708,5.419789061988922e-8,0.3616246283054352],"p":[218.501220703125,1267.1328125,2020.602783203125]},"j":false},{"t":3.7517430782318115,"c":{"r":[0.3616246283054352,-5.661677349166894e-8,0.9323237538337708,8.154307096219782e-8,1,2.909803420436674e-8,-0.9323237538337708,6.550197895194287e-8,0.3616246283054352],"p":[217.6803436279297,1266.8643798828125,2020.285400390625]},"j":false},{"t":3.822204113006592,"c":{"r":[0.32886528968811035,-1.1669605726183363e-8,0.9443768262863159,3.227497913371735e-8,1,1.1176523040390407e-9,-0.9443768262863159,3.0112186522046613e-8,0.32886528968811035],"p":[216.89910888671875,1266.6083984375,2020.00341796875]},"j":false},{"t":3.8907158374786377,"c":{"r":[0.30901724100112915,3.460417019596207e-8,0.9510564208030701,-1.947531202972641e-8,1,-3.0057062616606345e-8,-0.9510564208030701,-9.233970033051264e-9,0.30901724100112915],"p":[216.06863403320312,1266.3223876953125,2019.7255859375]},"j":false},{"t":3.9596879482269287,"c":{"r":[0.2957078516483307,7.77122366457661e-8,0.9552783966064453,-6.783147910027765e-8,1,-6.035301680640259e-8,-0.9552783966064453,-4.695108657415403e-8,0.2957078516483307],"p":[215.28562927246094,1266.0478515625,2019.4776611328125]},"j":false},{"t":4.019693851470947,"c":{"r":[0.26892271637916565,-8.143592822307255e-8,0.9631617665290833,5.7879407933114635e-8,1,6.83902143805426e-8,-0.9631617665290833,3.7355551540940723e-8,0.26892271637916565],"p":[214.54368591308594,1265.789306640625,2019.260986328125]},"j":false},{"t":4.090069532394409,"c":{"r":[0.25544461607933044,-7.471030016859004e-8,0.9668236970901489,7.135231783195195e-8,1,5.8421957049858975e-8,-0.9668236970901489,5.406153391618318e-8,0.25544461607933044],"p":[213.708740234375,1265.4610595703125,2019.03466796875]},"j":false},{"t":4.150376558303833,"c":{"r":[0.2419196218252182,-2.984080538226408e-8,0.970296323299408,5.5432554546541724e-8,1,1.6933574542576935e-8,-0.970296323299408,4.9689436565358847e-8,0.2419196218252182],"p":[213.02041625976562,1265.2125244140625,2018.8592529296875]},"j":false},{"t":4.211292743682861,"c":{"r":[0.23514382541179657,1.794834325608008e-8,0.9719606041908264,3.892911593084136e-8,1,-2.7884141218237346e-8,-0.9719606041908264,4.43943513062095e-8,0.23514382541179657],"p":[212.26026916503906,1265.0322265625,2018.675048828125]},"j":false},{"t":4.274889945983887,"c":{"r":[0.23514406383037567,6.555027454169249e-8,0.9719605445861816,2.2435314050994748e-8,1,-7.286901393399603e-8,-0.9719605445861816,3.8940953572819126e-8,0.23514406383037567],"p":[211.48123168945312,1264.931640625,2018.4869384765625]},"j":false},{"t":4.336207866668701,"c":{"r":[0.2283538281917572,-1.51822856508943e-8,0.9735782146453857,-2.4750534066697583e-8,1,2.1399578997716162e-8,-0.9735782146453857,-2.8983256683545733e-8,0.2283538281917572],"p":[210.69293212890625,1264.861083984375,2018.302001953125]},"j":false},{"t":4.397023916244507,"c":{"r":[0.22835220396518707,-1.0696483343508589e-7,0.9735785722732544,-2.8314856237443564e-8,1,1.1650892162151649e-7,-0.9735785722732544,-5.417180659605947e-8,0.22835220396518707],"p":[209.90463256835938,1264.756103515625,2018.1170654296875]},"j":false},{"t":4.468431234359741,"c":{"r":[0.22840838134288788,2.3464392029381997e-7,0.973565399646759,7.766539411591111e-9,1,-2.4283716015816026e-7,-0.973565399646759,6.302727939555552e-8,0.22840838134288788],"p":[209.06471252441406,1265.2958984375,2017.9197998046875]},"j":false},{"t":4.5296361446380615,"c":{"r":[0.32435861229896545,-0.000005612628683593357,0.9459341764450073,8.166620659721957e-7,1,0.00000565339223612682,-0.9459341764450073,-0.000001061217858477903,0.32435861229896545],"p":[208.2775115966797,1265.5657958984375,2017.73486328125]},"j":false},{"t":4.590327262878418,"c":{"r":[0.3243584930896759,-0.000005612585482595023,0.9459342360496521,8.170511591742979e-7,1,0.000005653213520417921,-0.9459342360496521,-0.0000010607910780890961,0.3243584930896759],"p":[207.486572265625,1267.591552734375,2017.5499267578125]},"j":false},{"t":4.6510374546051025,"c":{"r":[0.3243584930896759,-0.000005614832389255753,0.9459342360496521,8.200941010727547e-7,1,0.000005654545475408668,-0.9459342360496521,-0.0000010583447647150024,0.3243584930896759],"p":[206.74835205078125,1268.7906494140625,2017.3773193359375]},"j":false},{"t":4.723031044006348,"c":{"r":[0.3176381289958954,-0.000005322042852640152,0.9482120275497437,6.846533437965263e-7,1,0.000005383364168665139,-0.9482120275497437,-0.0000010607651574900956,0.3176381289958954],"p":[205.8508758544922,1269.3492431640625,2017.171875]},"j":false},{"t":4.794059753417969,"c":{"r":[0.10933622717857361,-0.000005376686658564722,0.9940048456192017,-7.191581516963197e-7,1,0.00000548821981283254,-0.9940048456192017,-0.0000013149078768037725,0.10933622717857361],"p":[204.89886474609375,1268.8675537109375,2016.9620361328125]},"j":false},{"t":4.8639514446258545,"c":{"r":[0.30447396636009216,-0.000005669135589414509,0.9525206685066223,8.318315849464852e-7,1,0.0000056858239076973405,-0.9525206685066223,-9.388485295858118e-7,0.30447396636009216],"p":[204.05105590820312,1267.5130615234375,2016.7828369140625]},"j":false},{"t":4.935817241668701,"c":{"r":[0.26391157507896423,-0.0000023971920199983288,0.9645468592643738,1.0541472761360637e-7,1,0.000002456461061228765,-0.9645468592643738,-5.466110906127142e-7,0.26391157507896423],"p":[203.14630126953125,1265.118408203125,2016.6119384765625]},"j":false},{"t":4.945353984832764,"c":{"r":[0.22131098806858063,-6.430025223380653e-7,0.975203275680542,-4.577607626288227e-8,1,6.697406433886499e-7,-0.975203275680542,-1.9286193264633766e-7,0.22131098806858063],"p":[202.98609924316406,1264.5936279296875,2016.586181640625]},"j":true},{"t":4.95644474029541,"c":{"r":[0.15298794209957123,-4.5112940938452084e-8,0.9882280826568604,-7.266910273528993e-8,1,5.69002658323825e-8,-0.9882280826568604,-8.051870281633455e-8,0.15298794209957123],"p":[202.8297882080078,1264.0380859375,2016.562255859375]},"j":true},{"t":4.970040798187256,"c":{"r":[0.15298782289028168,-5.633415156580668e-8,0.9882280826568604,-5.3800167876261185e-8,1,6.533402796549126e-8,-0.9882280826568604,-6.316214751223015e-8,0.15298782289028168],"p":[202.6365509033203,1263.2498779296875,2016.533935546875]},"j":true},{"t":4.996285676956177,"c":{"r":[0.13917534053325653,-7.103757582171966e-8,0.9902677536010742,-3.0235899117769804e-8,1,7.598517726137288e-8,-0.9902677536010742,-4.051689828088456e-8,0.13917534053325653],"p":[202.39480590820312,1263.1904296875,2016.4993896484375]},"j":false},{"t":5.06489896774292,"c":{"r":[0.13113553822040558,0.0000012002450375803164,0.9913644790649414,9.604021578013544e-9,1,-0.0000012119705843360862,-0.9913644790649414,1.6845349648519914e-7,0.13113553822040558],"p":[201.57217407226562,1263.8331298828125,2016.384521484375]},"j":false},{"t":5.127537727355957,"c":{"r":[0.22370438277721405,-0.000005693112598237349,0.9746570587158203,8.185514843717101e-7,1,0.00000565326945434208,-0.9746570587158203,-4.668542317176616e-7,0.22370438277721405],"p":[200.81063842773438,1264.6954345703125,2016.2840576171875]},"j":false},{"t":5.188126802444458,"c":{"r":[0.216896653175354,-0.000005695123036275618,0.9761945605278015,8.137483860082284e-7,1,0.0000056532007874920964,-0.9761945605278015,-4.317835760048183e-7,0.216896653175354],"p":[200.0576934814453,1266.0377197265625,2016.19287109375]},"j":false},{"t":5.251401662826538,"c":{"r":[0.2168966680765152,-0.000005696556399925612,0.9761945605278015,8.226113550335867e-7,1,0.0000056527001106587704,-0.9761945605278015,-4.2302309566366603e-7,0.2168966680765152],"p":[199.25094604492188,1266.7347412109375,2016.0958251953125]},"j":false},{"t":5.313226222991943,"c":{"r":[0.17582754790782928,-0.000005707606305804802,0.9844209551811218,8.172076491064217e-7,1,0.0000056519711506552994,-0.9844209551811218,-1.89295803920686e-7,0.17582754790782928],"p":[198.4420623779297,1266.6656494140625,2016.0205078125]},"j":false},{"t":5.377435684204102,"c":{"r":[0.13444577157497406,-0.0000057108049986709375,0.9909209609031677,8.220941367653722e-7,1,0.000005651588708133204,-0.9909209609031677,5.479808606878578e-8,0.13444577157497406],"p":[197.57696533203125,1265.7469482421875,2015.9700927734375]},"j":false},{"t":5.4491846561431885,"c":{"r":[0.11361075192689896,-0.000005650671482726466,0.9935253262519836,6.906724934196973e-7,1,0.0000056085168580466416,-0.9935253262519836,4.901279027080818e-8,0.11361075192689896],"p":[196.65628051757812,1263.815673828125,2015.952392578125]},"j":false},{"t":5.50086236000061,"c":{"r":[0.07647788524627686,-7.197276090664673e-7,0.9970712661743164,-1.2528743376094553e-8,1,7.228026674965804e-7,-0.9970712661743164,-6.777047190098529e-8,0.07647788524627686],"p":[196.00633239746094,1261.859619140625,2015.94384765625]},"j":true},{"t":5.5120720863342285,"c":{"r":[-3.723457098203653e-8,-1.205764732503667e-7,1,-3.6602617825565176e-8,1,1.205764732503667e-7,-1,-3.66026142728515e-8,-3.723457453475021e-8],"p":[195.84405517578125,1261.2938232421875,2015.9444580078125]},"j":true},{"t":5.51341438293457,"c":{"r":[-3.723457098203653e-8,-1.205764732503667e-7,1,-3.6602617825565176e-8,1,1.205764732503667e-7,-1,-3.66026142728515e-8,-3.723457453475021e-8],"p":[195.84405517578125,1261.2938232421875,2015.9444580078125]},"j":false},{"t":5.52544093132019,"c":{"r":[-4.66171456992015e-8,-1.1759723861359817e-7,1,-2.5177438800483287e-8,1,1.1759723861359817e-7,-1,-2.517743347141277e-8,-4.661714925191518e-8],"p":[195.6827392578125,1260.6976318359375,2015.94775390625]},"j":true},{"t":5.575653314590454,"c":{"r":[-0.048837557435035706,-8.27039841055921e-8,0.9988067150115967,2.008248856100181e-8,1,8.378474092296528e-8,-0.9988067150115967,2.4150367039510456e-8,-0.048837557435035706],"p":[195.03768920898438,1261.0908203125,2015.9730224609375]},"j":false},{"t":5.646596670150757,"c":{"r":[0.017763108015060425,-0.000005666936885972973,0.9998422265052795,8.09618597941153e-7,1,0.000005653447715303628,-0.9998422265052795,7.090680469445942e-7,0.017763108015060425],"p":[194.0701141357422,1261.5035400390625,2016.0213623046875]},"j":false},{"t":5.707463026046753,"c":{"r":[0.051058102399110794,-0.000005687476914317813,0.9986956715583801,8.120980510284426e-7,1,0.000005653386324411258,-0.9986956715583801,5.223876655691129e-7,0.051058102399110794],"p":[193.31260681152344,1263.56103515625,2016.0589599609375]},"j":false},{"t":5.771602153778076,"c":{"r":[0.08429640531539917,-0.000005702543603547383,0.9964407086372375,8.266754889518779e-7,1,0.000005652978416037513,-0.9964407086372375,3.4720736152848986e-7,0.08429640531539917],"p":[192.50099182128906,1265.0247802734375,2016.0992431640625]},"j":false},{"t":5.835168361663818,"c":{"r":[0.017763128504157066,-0.000005665999196935445,0.9998422265052795,8.119051813082478e-7,1,0.00000565246909900452,-0.9998422265052795,7.113715128070908e-7,0.017763128504157066],"p":[191.63526916503906,1265.7410888671875,2016.1422119140625]},"j":false},{"t":5.89691424369812,"c":{"r":[0.051058121025562286,-0.0000056878143368521705,0.9986956715583801,8.167714327100839e-7,1,0.000005653485459333751,-0.9986956715583801,5.270497922538198e-7,0.051058121025562286],"p":[190.8777618408203,1265.6527099609375,2016.1798095703125]},"j":false},{"t":5.957919120788574,"c":{"r":[0.08429644256830215,-0.000005701019290427212,0.9964407086372375,8.273230491795402e-7,1,0.0000056513940762670245,-0.9964407086372375,3.4798597425833577e-7,0.08429644256830215],"p":[190.12025451660156,1264.8966064453125,2016.2174072265625]},"j":false},{"t":6.0202202796936035,"c":{"r":[0.05104668810963631,-0.000005747902832808904,0.9986962676048279,7.842766649446276e-7,1,0.000005715319275623187,-0.9986962676048279,4.915060003440885e-7,0.05104668810963631],"p":[189.25453186035156,1263.215087890625,2016.2603759765625]},"j":true},{"t":6.021059274673462,"c":{"r":[0.05104668810963631,-0.000005747902832808904,0.9986962676048279,7.842766649446276e-7,1,0.000005715319275623187,-0.9986962676048279,4.915060003440885e-7,0.05104668810963631],"p":[189.25453186035156,1263.215087890625,2016.2603759765625]},"j":false},{"t":6.0814900398254395,"c":{"r":[0.013718267902731895,-6.459705446104635e-7,0.9999058842658997,-4.442189727171808e-9,1,6.460922463702445e-7,-0.9999058842658997,-1.3305038848443473e-8,0.013718267902731895],"p":[188.44300842285156,1260.8466796875,2016.30126953125]},"j":true},{"t":6.08230185508728,"c":{"r":[0.013718267902731895,-6.459705446104635e-7,0.9999058842658997,-4.442189727171808e-9,1,6.460922463702445e-7,-0.9999058842658997,-1.3305038848443473e-8,0.013718267902731895],"p":[188.44300842285156,1260.8466796875,2016.30126953125]},"j":false},{"t":6.093605995178223,"c":{"r":[-0.07672207802534103,-5.794057855723622e-8,0.9970524907112122,-3.0403214168472914e-8,1,5.577236805720531e-8,-0.9970524907112122,-2.6034630451476914e-8,-0.07672207802534103],"p":[188.28126525878906,1260.2808837890625,2016.3140869140625]},"j":true},{"t":6.107743501663208,"c":{"r":[-0.07672195881605148,-1.0075922318719677e-7,0.9970525503158569,-3.4534163972921306e-8,1,9.83997239245582e-8,-0.9970525503158569,-2.6882958081841934e-8,-0.07672195881605148],"p":[188.1207275390625,1259.6846923828125,2016.3291015625]},"j":true},{"t":6.148004770278931,"c":{"r":[-0.15298648178577423,-1.0926494553586963e-7,0.9882282614707947,6.420594722555961e-9,1,1.1156046753058035e-7,-0.9882282614707947,2.3412257021959704e-8,-0.15298648178577423],"p":[187.587646484375,1260.1778564453125,2016.3985595703125]},"j":false},{"t":6.213592290878296,"c":{"r":[-0.18621231615543365,0.0000012752625480061397,0.9825095534324646,-3.792728762164188e-7,1,-0.0000013698471548195812,-0.9825095534324646,-6.277216471062275e-7,-0.18621231615543365],"p":[186.79483032226562,1260.8140869140625,2016.552001953125]},"j":false},{"t":6.280041217803955,"c":{"r":[-0.09696252644062042,-0.000005542460257856874,0.9952880144119263,8.39847814404493e-7,1,0.000005650519142363919,-0.9952880144119263,0.000001383779135721852,-0.09696252644062042],"p":[185.95082092285156,1263.928466796875,2016.7333984375]},"j":false},{"t":6.347737073898315,"c":{"r":[-0.21412819623947144,-0.000005342935310181929,0.976805567741394,8.310025805258192e-7,1,0.0000056519706959079485,-0.976805567741394,0.000002021974296440021,-0.21412819623947144],"p":[185.12466430664062,1266.1710205078125,2016.9932861328125]},"j":false},{"t":6.417180061340332,"c":{"r":[-0.3135503828525543,-0.000005111057816975517,0.9495715498924255,8.274836886812409e-7,1,0.000005655725090036867,-0.9495715498924255,0.000002559109816502314,-0.3135503828525543],"p":[184.2731170654297,1267.5980224609375,2017.3433837890625]},"j":false},{"t":6.48511004447937,"c":{"r":[-0.3613942861557007,-0.000004648900812753709,0.9324131011962891,6.906089993208298e-7,1,0.000005253554263617843,-0.9324131011962891,0.000002542537231420283,-0.3613942861557007],"p":[183.49942016601562,1268.0421142578125,2017.733154296875]},"j":false},{"t":6.553571701049805,"c":{"r":[-0.6105391979217529,-0.000003730070829988108,0.7919860482215881,-5.271038503451564e-7,1,0.000004303426067053806,-0.7919860482215881,0.0000022099513898865553,-0.6105391979217529],"p":[182.71041870117188,1267.5582275390625,2018.207275390625]},"j":false},{"t":6.615118026733398,"c":{"r":[-0.36400994658470154,-0.000004967669156030752,0.9313950538635254,8.580206554142933e-7,1,0.000005668912763212575,-0.9313950538635254,0.000002862696874217363,-0.36400994658470154],"p":[182.0237274169922,1266.31396484375,2018.6409912109375]},"j":false},{"t":6.680847644805908,"c":{"r":[-0.42668190598487854,-0.0000039783285501471255,0.9044017791748047,4.201462218134111e-7,1,0.000004597069164447021,-0.9044017791748047,0.000002341467052247026,-0.42668190598487854],"p":[181.34060668945312,1264.3031005859375,2019.080322265625]},"j":false},{"t":6.706434011459351,"c":{"r":[-0.4880712628364563,-6.390307021320041e-7,0.872803807258606,-1.841441310546088e-8,1,7.218611699499888e-7,-0.872803807258606,3.362475240464846e-7,-0.4880712628364563],"p":[181.02182006835938,1263.1025390625,2019.285400390625]},"j":true},{"t":6.719209432601929,"c":{"r":[-0.5417062640190125,-1.2422368911302328e-7,0.8405678868293762,-4.3842344865652194e-8,1,1.1953110856666171e-7,-0.8405678868293762,2.789828457139265e-8,-0.5417062640190125],"p":[180.88526916503906,1262.5367431640625,2019.373291015625]},"j":true},{"t":6.732374906539917,"c":{"r":[-0.5417062640190125,-1.1602251959175192e-7,0.8405678868293762,-3.219235011897581e-8,1,1.1728228344054514e-7,-0.8405678868293762,3.6472687980904084e-8,-0.5417062640190125],"p":[180.74899291992188,1261.9405517578125,2019.461181640625]},"j":true},{"t":6.7487263679504395,"c":{"r":[-0.5417060852050781,-1.0507947223459269e-7,0.8405680060386658,-1.6647424772031627e-8,1,1.1428160462401138e-7,-0.8405680060386658,4.791374763613021e-8,-0.5417060852050781],"p":[180.56729125976562,1261.939453125,2019.578369140625]},"j":false},{"t":6.814534664154053,"c":{"r":[-0.5414613485336304,8.918397611523687e-7,0.8407256603240967,-8.473326573721351e-8,1,-0.000001115369286708301,-0.8407256603240967,-6.751667456228461e-7,-0.5414613485336304],"p":[179.84022521972656,1261.7977294921875,2020.047119140625]},"j":false},{"t":6.881317615509033,"c":{"r":[-0.45512881875038147,-0.000004662196261051577,0.8904256224632263,8.152961186169705e-7,1,0.000005652646450471366,-0.8904256224632263,0.0000032986426958814263,-0.45512881875038147],"p":[179.15805053710938,1263.42626953125,2020.486572265625]},"j":false},{"t":6.94725227355957,"c":{"r":[-0.4252159595489502,-0.000004765659468830563,0.9050919413566589,8.25493600586924e-7,1,0.00000565320760870236,-0.9050919413566589,0.000003150981910948758,-0.4252159595489502],"p":[178.42938232421875,1265.7777099609375,2020.955322265625]},"j":false},{"t":7.014441967010498,"c":{"r":[-0.4551286995410919,-0.000004661478669731878,0.8904256820678711,8.188966944544518e-7,1,0.000005653680091199931,-0.8904256820678711,0.000003302318646092317,-0.4551286995410919],"p":[177.6551971435547,1267.3206787109375,2021.453369140625]},"j":false},{"t":7.08144211769104,"c":{"r":[-0.42532068490982056,-0.000004734639333037194,0.9050427079200745,7.15141595719615e-7,1,0.000005567476364376489,-0.9050427079200745,0.0000030151966257108143,-0.42532068490982056],"p":[176.92652893066406,1267.8736572265625,2021.922119140625]},"j":false},{"t":7.151521682739258,"c":{"r":[-0.596455454826355,-0.0000015061394833537634,0.8026461601257324,-7.105408172947136e-8,1,0.0000018236664800497238,-0.8026461601257324,0.0000010307046522939345,-0.596455454826355],"p":[176.19775390625,1267.554443359375,2022.3907470703125]},"j":false},{"t":7.218619346618652,"c":{"r":[-0.6174014806747437,-0.000004967513177689398,0.7866482138633728,-8.27764608857251e-7,1,0.000005665111530106515,-0.7866482138633728,0.0000028464885417633923,-0.6174014806747437],"p":[175.42037963867188,1266.2601318359375,2022.8846435546875]},"j":false},{"t":7.28584623336792,"c":{"r":[-0.6167276501655579,-0.000003847353127639508,0.7871766090393066,-3.8627879916930397e-7,1,0.000004584897396853194,-0.7871766090393066,0.000002523563580325572,-0.6167276501655579],"p":[174.68878173828125,1264.1424560546875,2023.3494873046875]},"j":false},{"t":7.312770366668701,"c":{"r":[-0.6111698746681213,-9.245038086191926e-7,0.7914994359016418,-6.767137250562882e-8,1,0.000001115787426897441,-0.7914994359016418,6.283738116508175e-7,-0.6111698746681213],"p":[174.41445922851562,1263.1236572265625,2023.5238037109375]},"j":true},{"t":7.323646306991577,"c":{"r":[-0.5358266830444336,1.2816895988976285e-8,0.844327986240387,-3.578603724463392e-8,1,-3.789050140312611e-8,-0.844327986240387,-5.0517893868118335e-8,-0.5358266830444336],"p":[174.2315673828125,1262.3760986328125,2023.6400146484375]},"j":true},{"t":7.338080167770386,"c":{"r":[-0.5358266830444336,6.303333965895774e-10,0.844327986240387,-3.134760007128534e-8,1,-2.0640337439203904e-8,-0.844327986240387,-3.7527300378314976e-8,-0.5358266830444336],"p":[174.09437561035156,1261.7799072265625,2023.7271728515625]},"j":true},{"t":7.3528032302856445,"c":{"r":[-0.5358266830444336,-1.1564043056466744e-8,0.844327986240387,-2.6906320726993727e-8,1,-3.379114765778013e-9,-0.844327986240387,-2.452837932764851e-8,-0.5358266830444336],"p":[173.95718383789062,1261.7755126953125,2023.8143310546875]},"j":false},{"t":7.418247699737549,"c":{"r":[-0.5358265042304993,-7.265330026484662e-8,0.8443281054496765,-4.657161323251557e-9,1,8.309313415111319e-8,-0.8443281054496765,4.059133118516911e-8,-0.5358265042304993],"p":[173.27122497558594,1261.729248046875,2024.2501220703125]},"j":false},{"t":7.484349966049194,"c":{"r":[-0.5354023575782776,0.0000011761951554944972,0.8445971012115479,-7.892931819242222e-8,1,-0.0000014426453844862408,-0.8445971012115479,-8.39059225654637e-7,-0.5354023575782776],"p":[172.53953552246094,1261.4541015625,2024.7149658203125]},"j":false},{"t":7.550869703292847,"c":{"r":[-0.5008533596992493,-0.0000025265853764722124,0.8655321598052979,-1.0243196157944112e-7,1,0.0000028598381049960153,-0.8655321598052979,0.000001343701455880364,-0.5008533596992493],"p":[171.80291748046875,1264.1236572265625,2025.1719970703125]},"j":false},{"t":7.615664958953857,"c":{"r":[-0.4240846335887909,-0.000004346769401308848,0.9056225419044495,6.195836590450199e-7,1,0.0000050898966037493665,-0.9056225419044495,0.0000027196558676223503,-0.4240846335887909],"p":[171.06007385253906,1266.420654296875,2025.617919921875]},"j":false},{"t":7.682950496673584,"c":{"r":[-0.581531822681427,-0.000003536515578161925,0.8135236501693726,-4.806938136425742e-7,1,0.000004003542926511727,-0.8135236501693726,0.000001937131855811458,-0.581531822681427],"p":[170.3141326904297,1267.8455810546875,2026.0587158203125]},"j":false},{"t":7.748505592346191,"c":{"r":[-0.38547492027282715,-0.000004902140972262714,0.9227182865142822,8.159846629496315e-7,1,0.00000565360278415028,-0.9227182865142822,0.000002932245934061939,-0.38547492027282715],"p":[169.55413818359375,1268.3985595703125,2026.4749755859375]},"j":false},{"t":7.815713167190552,"c":{"r":[-0.415996789932251,-0.000004803959654964274,0.9093660712242126,8.08353433967568e-7,1,0.000005652544587064767,-0.9093660712242126,0.0000030865296594129177,-0.415996789932251],"p":[168.79161071777344,1268.079345703125,2026.886474609375]},"j":false},{"t":7.880542755126953,"c":{"r":[-0.4159969091415405,-0.000004805926892004209,0.9093660116195679,8.200401566682558e-7,1,0.000005660054284817306,-0.9093660116195679,0.0000031002819014247507,-0.4159969091415405],"p":[168.0290985107422,1266.888427734375,2027.298095703125]},"j":false},{"t":7.944594383239746,"c":{"r":[-0.3857435882091522,-0.0000045826068344467785,0.9226060509681702,5.272335670269968e-7,1,0.0000051874621931347065,-0.9226060509681702,0.0000024874591417756164,-0.3857435882091522],"p":[167.31423950195312,1264.979736328125,2027.6839599609375]},"j":false},{"t":7.983065128326416,"c":{"r":[-0.4196721017360687,-5.201699764256773e-7,0.9076758027076721,2.7598231255865358e-8,1,5.858393592461653e-7,-0.9076758027076721,2.709107036480418e-7,-0.4196721017360687],"p":[166.88531494140625,1263.466796875,2027.9154052734375]},"j":true},{"t":7.99560022354126,"c":{"r":[-0.47562211751937866,2.6799321872772452e-8,0.8796496987342834,2.2391899889839806e-8,1,-1.8358717213118325e-8,-0.8796496987342834,1.0965216290514945e-8,-0.47562211751937866],"p":[166.74241638183594,1262.9010009765625,2027.99267578125]},"j":true},{"t":8.008692026138306,"c":{"r":[-0.47562211751937866,-7.514504574146486e-9,0.8796496987342834,2.9387431155214472e-8,1,2.4432244671857006e-8,-0.8796496987342834,3.747116039676257e-8,-0.47562211751937866],"p":[166.5996856689453,1262.3048095703125,2028.0699462890625]},"j":true},{"t":8.010729789733887,"c":{"r":[-0.47562211751937866,-7.514504574146486e-9,0.8796496987342834,2.9387431155214472e-8,1,2.4432244671857006e-8,-0.8796496987342834,3.747116039676257e-8,-0.47562211751937866],"p":[166.5996856689453,1262.3048095703125,2028.0699462890625]},"j":false},{"t":8.075793504714966,"c":{"r":[-0.4756264388561249,-1.0008060513655437e-7,0.8796473741531372,-4.033958500571089e-9,1,1.1159237800484334e-7,-0.8796473741531372,4.952782362011021e-8,-0.4756264388561249],"p":[165.83827209472656,1262.2366943359375,2028.4818115234375]},"j":false},{"t":8.140407800674438,"c":{"r":[-0.4636746346950531,6.708174282721302e-7,0.8860055208206177,3.451415011568315e-7,1,-5.765020887338324e-7,-0.8860055208206177,3.848786178650698e-8,-0.4636746346950531],"p":[165.07107543945312,1262.0665283203125,2028.8826904296875]},"j":false},{"t":8.204097270965576,"c":{"r":[-0.5435199737548828,-0.000005053330824011937,0.8393962383270264,-6.992090675339568e-7,1,0.000005567449989030138,-0.8393962383270264,0.0000024391067654505605,-0.5435199737548828],"p":[164.34889221191406,1264.6837158203125,2029.25439453125]},"j":false},{"t"