{"v":1,"d":[{"t":0.06496906280517578,"c":{"r":[-0.7241714596748352,-4.178011536737358e-8,-0.6896200180053711,2.796795239845551e-9,1,-6.352117765118237e-8,0.6896200180053711,-4.79289496979618e-8,-0.7241714596748352],"p":[-837.32177734375,1474.73193359375,2625.385498046875]},"j":false},{"t":0.04,"j":false,"c":{"p":[-837.4551899315547,1474.7028729551944,2625.245474282705],"r":[-0.7241714596748352,-7.254340442561958e-8,-0.6896200180053711,4.856215946400886e-9,1,-1.1029282287309927e-7,0.6896200180053711,-8.321985708778648e-8,-0.7241714596748352]}},{"t":0.08,"j":false,"c":{"p":[-837.2414653094562,1474.749427587673,2625.469789893207],"r":[-0.7241714596748352,-2.3261155751281443e-8,-0.6896200180053711,1.5570601508883008e-9,1,-3.536546883204697e-8,0.6896200180053711,-2.6684443379732826e-8,-0.7241714596748352]}},{"t":0.12,"j":false,"c":{"p":[-837.0277406873577,1474.7959822201512,2625.6941055037087],"r":[-0.7241714596748352,2.6021092923056677e-8,-0.6896200180053711,-1.7420956446242838e-9,1,3.9561885209005314e-8,0.6896200180053711,2.985097032832083e-8,-0.7241714596748352]}},{"t":0.16,"j":false,"c":{"p":[-836.7097353915511,1474.9687852184038,2626.0272607662914],"r":[-0.7241714596748352,3.5231287911077236e-8,-0.6896200180053711,-2.3586088824464028e-9,1,5.3564751792369504e-8,0.6896200180053711,4.041660711731098e-8,-0.7241714596748352]}},{"t":0.2,"j":false,"c":{"p":[-836.3624587139893,1475.1827209419723,2626.3909626921163],"r":[-0.7241714596748352,1.9700557608272134e-8,-0.6896200180053711,-1.318805417055056e-9,1,2.995214625265726e-8,0.6896200180053711,2.259996405199519e-8,-0.7241714596748352]}},{"t":0.24000000000000002,"j":false,"c":{"p":[-836.0195938144757,1475.4116836507692,2626.750044174715],"r":[-0.7241714596748352,-4.239125340488399e-8,-0.6896200180053711,2.8381366182804666e-9,1,-6.445078285322405e-8,0.6896200180053711,-4.863065197759626e-8,-0.7241714596748352]}},{"t":0.28,"j":false,"c":{"p":[-835.6455719825128,1475.5435060502205,2627.142457425632],"r":[-0.7241714596748352,-3.803031649573086e-8,-0.6896200180053711,2.5460856655982822e-9,1,-5.782041913775841e-8,0.6896200180053711,-4.3627727906872405e-8,-0.7241714596748352]}},{"t":0.32,"j":false,"c":{"p":[-835.2573077477234,1475.6113617229876,2627.550171640178],"r":[-0.7241714596748352,4.109606088319941e-9,-0.6896200180053711,-2.7525958224859235e-10,1,6.248283433621964e-9,0.6896200180053711,4.714652938927273e-9,-0.7241714596748352]}},{"t":0.36,"j":false,"c":{"p":[-834.9169474218752,1475.5574424939664,2627.907530752922],"r":[-0.7241714596748352,4.667202622475709e-8,-0.6896200180053711,-3.124914670321983e-9,1,7.09593692665174e-8,0.6896200180053711,5.354175315425198e-8,-0.7241714596748352]}},{"t":0.39999999999999997,"j":false,"c":{"p":[-834.556402265373,1475.582476388632,2628.2861911537607],"r":[-0.7241714596748352,4.0844291934269474e-8,-0.6896200180053711,-2.7346444318725724e-9,1,6.209889973350047e-8,0.6896200180053711,4.685611639973321e-8,-0.7241714596748352]}},{"t":0.43999999999999995,"j":false,"c":{"p":[-834.1740136749128,1475.692951046838,2628.687903186179],"r":[-0.7241714596748352,-1.734985357619815e-8,-0.6896200180053711,1.1617783283038338e-9,1,-2.6378557346082874e-8,0.6896200180053711,-1.9903782289604384e-8,-0.7241714596748352]}},{"t":0.4799999999999999,"j":false,"c":{"p":[-833.8124670362009,1475.8535444022239,2629.068066812964],"r":[-0.7241714596748352,-3.3115622329406404e-8,-0.6896200180053711,2.21734922059944e-9,1,-5.034854587305106e-8,0.6896200180053711,-3.799010608827783e-8,-0.7241714596748352]}},{"t":0.5199999999999999,"j":false,"c":{"p":[-833.4558698684873,1476.0249040193953,2629.4430689957853],"r":[-0.7241714596748352,-2.3675097195149876e-8,-0.6896200180053711,1.5851559555498296e-9,1,-3.599521819633979e-8,0.6896200180053711,-2.7159863742284997e-8,-0.7241714596748352]}},{"t":0.5599999999999999,"j":false,"c":{"p":[-833.1047258999026,1476.2068947644036,2629.812336524039],"r":[-0.7241714596748352,2.993478469056461e-8,-0.6896200180053711,-2.0045489131949144e-9,1,4.551263520371896e-8,0.6896200180053711,3.434132542434019e-8,-0.7241714596748352]}},{"t":0.6,"j":false,"c":{"p":[-832.7327477236594,1476.399426022953,2630.2029566126907],"r":[-0.7241714596748352,3.109211014851935e-8,-0.6896200180053711,-2.081961260884306e-9,1,4.7272133403138404e-8,0.6896200180053711,3.566888934978197e-8,-0.7241714596748352]}},{"t":0.64,"j":false,"c":{"p":[-832.3536938700022,1476.5964235973752,2630.6008303435797],"r":[-0.7241714596748352,5.925719505555113e-9,-0.6896200180053711,-3.9669502580903403e-10,1,9.009302150128388e-9,0.6896200180053711,6.797848398350412e-9,-0.7241714596748352]}},{"t":0.68,"j":false,"c":{"p":[-831.9912427609881,1476.792517228696,2630.9817045121067],"r":[-0.7241714596748352,-4.9390995838419076e-8,-0.6896200180053711,3.3075423564785963e-9,1,-7.509385836892325e-8,0.6896200180053711,-5.666177174168898e-8,-0.7241714596748352]}},{"t":0.7200000000000001,"j":false,"c":{"p":[-831.6452565006989,1476.989815766666,2631.345186396143],"r":[-0.7241714596748352,-4.654495592750051e-8,-0.6896200180053711,3.116876598346607e-9,1,-7.076667115245816e-8,0.6896200180053711,-5.339665976080306e-8,-0.7241714596748352]}},{"t":0.7600000000000001,"j":false,"c":{"p":[-831.3126340959304,1477.188092278904,2631.694551662348],"r":[-0.7241714596748352,3.5094532137112804e-9,-0.6896200180053711,-2.351253922825583e-10,1,5.335872798165712e-9,0.6896200180053711,4.0262337239442475e-9,-0.7241714596748352]}},{"t":0.8000000000000002,"j":false,"c":{"p":[-830.9567201272072,1477.4213610823142,2632.0681046335626],"r":[-0.7241714596748352,3.131400703144705e-8,-0.6896200180053711,-2.097103726785855e-9,1,4.7609798752777605e-8,0.6896200180053711,3.592386180138557e-8,-0.7241714596748352]}},{"t":0.8400000000000002,"j":false,"c":{"p":[-830.6025468115918,1477.6631682309667,2632.439720247086],"r":[-0.7241714596748352,2.87504215423043e-8,-0.6896200180053711,-1.9253464988452826e-9,1,4.37120466692085e-8,0.6896200180053711,3.2982774776010914e-8,-0.7241714596748352]}},{"t":0.8800000000000002,"j":false,"c":{"p":[-830.256441003123,1477.9118496292294,2632.802737018422],"r":[-0.7241714596748352,-2.065588200968355e-8,-0.6896200180053711,1.3834464351114321e-9,1,-3.140531778687145e-8,0.6896200180053711,-2.369688455471082e-8,-0.7241714596748352]}},{"t":0.9200000000000003,"j":false,"c":{"p":[-829.9070905873552,1478.1736059157881,2633.1689982790413],"r":[-0.7241714596748352,-3.880123773696903e-8,-0.6896200180053711,2.598641205800788e-9,1,-5.899350222360942e-8,0.6896200180053711,-4.4513484430978396e-8,-0.7241714596748352]}},{"t":0.9600000000000003,"j":false,"c":{"p":[-829.564314298579,1478.433196773271,2633.5284304388406],"r":[-0.7241714596748352,-2.870125064636511e-8,-0.6896200180053711,1.9221580715601207e-9,1,-4.363739606854899e-8,0.6896200180053711,-3.2926516348726236e-8,-0.7241714596748352]}},{"t":1.0000000000000002,"j":false,"c":{"p":[-829.2396470830961,1478.6800472415769,2633.869122257856],"r":[-0.7241714596748352,3.369462897421514e-8,-0.6896200180053711,-2.2567675172666246e-9,1,5.1229542088508057e-8,0.6896200180053711,3.865528189017203e-8,-0.7241714596748352]}},{"t":1.0400000000000003,"j":false,"c":{"p":[-828.8849811934323,1478.9507578253238,2634.2413992245297],"r":[-0.7241714596748352,3.1620468412832984e-8,-0.6896200180053711,-2.1177765268967324e-9,1,4.807590068984868e-8,0.6896200180053711,3.627565451023869e-8,-0.7241714596748352]}},{"t":1.0800000000000003,"j":false,"c":{"p":[-828.5250729262979,1479.225730047217,2634.619210711069],"r":[-0.7241714596748352,3.173986707717845e-9,-0.6896200180053711,-2.1247175424049822e-10,1,4.825633171966727e-9,0.6896200180053711,3.641110279862794e-9,-0.7241714596748352]}},{"t":1.1200000000000003,"j":false,"c":{"p":[-828.1847221209626,1479.4855368577707,2634.976493619454],"r":[-0.7241714596748352,-4.72890311346055e-8,-0.6896200180053711,3.1674577959003587e-9,1,-7.189874755782295e-8,0.6896200180053711,-5.425136208909023e-8,-0.7241714596748352]}},{"t":1.1600000000000004,"j":false,"c":{"p":[-827.8330451153896,1479.7365253095595,2635.3457392086093],"r":[-0.7241714596748352,-3.732603186894139e-8,-0.6896200180053711,2.5000562100367194e-9,1,-5.675082144680636e-8,0.6896200180053711,-4.2821413336323735e-8,-0.7241714596748352]}},{"t":1.2000000000000004,"j":false,"c":{"p":[-827.4744024877955,1479.9820904637982,2635.7223418558124],"r":[-0.7241714596748352,9.799015266087508e-9,-0.6896200180053711,-6.564571958328084e-10,1,1.4898645359595704e-8,0.6896200180053711,1.1241878725198954e-8,-0.7241714596748352]}},{"t":1.2400000000000004,"j":false,"c":{"p":[-827.1243996732705,1480.1797615448731,2636.0900703058264],"r":[-0.7241714596748352,3.27335044406613e-8,-0.6896200180053711,-2.192623186108281e-9,1,4.976847864240398e-8,0.6896200180053711,3.755298765264885e-8,-0.7241714596748352]}},{"t":1.2800000000000005,"j":false,"c":{"p":[-826.7742051614024,1480.374975018574,2636.458028248005],"r":[-0.7241714596748352,2.9333876062582467e-8,-0.6896200180053711,-1.964821831349793e-9,1,4.459955066841455e-8,0.6896200180053711,3.365270127137456e-8,-0.7241714596748352]}},{"t":1.3200000000000005,"j":false,"c":{"p":[-826.4233174439499,1480.5677436002034,2636.826756418811],"r":[-0.7241714596748352,-2.0119429296415875e-8,-0.6896200180053711,1.3478453866627444e-9,1,-3.0590034185611814e-8,0.6896200180053711,-2.3081931615691913e-8,-0.7241714596748352]}},{"t":1.3600000000000005,"j":false,"c":{"p":[-826.0564128717975,1480.7789478565683,2637.2122199021965],"r":[-0.7241714596748352,-3.256904027597577e-8,-0.6896200180053711,2.1817428835073144e-9,1,-4.95185692489678e-8,0.6896200180053711,-3.736450797431629e-8,-0.7241714596748352]}},{"t":1.4000000000000006,"j":false,"c":{"p":[-825.6862589250305,1480.9883306092813,2637.601091859488],"r":[-0.7241714596748352,-2.3979919497073755e-8,-0.6896200180053711,1.6062998631848283e-9,1,-3.645943650889934e-8,0.6896200180053711,-2.7510619618436643e-8,-0.7241714596748352]}},{"t":1.4400000000000006,"j":false,"c":{"p":[-825.3259390858369,1481.1555692619365,2637.9797625463143],"r":[-0.7241714596748352,3.688842012649522e-8,-0.6896200180053711,-2.4712708145825305e-9,1,5.6086026751923964e-8,0.6896200180053711,4.2320132302423704e-8,-0.7241714596748352]}},{"t":1.4800000000000006,"j":false,"c":{"p":[-824.9539184399744,1481.3222055841406,2638.3703532572417],"r":[-0.7241714596748352,4.2739115431431126e-8,-0.6896200180053711,-2.8631282107121577e-9,1,6.498145815843813e-8,0.6896200180053711,4.903218262923126e-8,-0.7241714596748352]}},{"t":1.5200000000000007,"j":false,"c":{"p":[-824.5719196611337,1481.4883282551493,2638.771109043872],"r":[-0.7241714596748352,1.6722445652774314e-9,-0.6896200180053711,-1.1190852819745407e-10,1,2.542393998243317e-9,0.6896200180053711,1.9183031957330137e-9,-0.7241714596748352]}},{"t":1.5600000000000007,"j":false,"c":{"p":[-824.226782525042,1481.6859000767515,2639.133653425272],"r":[-0.7241714596748352,-3.662181988485381e-8,-0.6896200180053711,2.4535561485610717e-9,1,-5.568083300579428e-8,0.6896200180053711,-4.2014489950443397e-8,-0.7241714596748352]}},{"t":1.6000000000000008,"j":false,"c":{"p":[-823.8756746278981,1481.887769759424,2639.5024893727586],"r":[-0.7241714596748352,-4.578325689339869e-8,-0.6896200180053711,3.0672434310416677e-9,1,-6.961002922232753e-8,0.6896200180053711,-5.252482658701701e-8,-0.7241714596748352]}},{"t":1.6400000000000008,"j":false,"c":{"p":[-823.5046822548258,1482.0939262677598,2639.892169099963],"r":[-0.7241714596748352,1.0495827334881673e-8,-0.6896200180053711,-7.033423552337087e-10,1,1.5958306337045383e-8,0.6896200180053711,1.2041589917615065e-8,-0.7241714596748352]}},{"t":1.6800000000000008,"j":false,"c":{"p":[-823.1390123269852,1482.2572166556852,2640.2760291849563],"r":[-0.7241714596748352,3.149611456955254e-8,-0.6896200180053711,-2.110274495183293e-9,1,4.788769929619523e-8,0.6896200180053711,3.6134191978400414e-8,-0.7241714596748352]}},{"t":1.7200000000000009,"j":false,"c":{"p":[-822.7748937612606,1482.3978800698326,2640.6581435609555],"r":[-0.7241714596748352,3.2219583313382546e-8,-0.6896200180053711,-2.1586689314982635e-9,1,4.8987602298761193e-8,0.6896200180053711,3.696408260514651e-8,-0.7241714596748352]}},{"t":1.760000000000001,"j":false,"c":{"p":[-822.3868459827843,1482.5122583502168,2641.0653541926895],"r":[-0.7241714596748352,-2.4457448084086703e-8,-0.6896200180053711,1.63885070951603e-9,1,-3.718607060940339e-8,0.6896200180053711,-2.8059274376738498e-8,-0.7241714596748352]}},{"t":1.800000000000001,"j":false,"c":{"p":[-822.002127245395,1482.6232682691214,2641.469326211853],"r":[-0.7241714596748352,-4.3427599883198857e-8,-0.6896200180053711,2.9098436859165824e-9,1,-6.602886675268775e-8,0.6896200180053711,-4.982290523070735e-8,-0.7241714596748352]}},{"t":1.840000000000001,"j":false,"c":{"p":[-821.62213111689,1482.7294997988638,2641.8687039048723],"r":[-0.7241714596748352,-8.906418911191552e-9,-0.6896200180053711,5.966822583592846e-10,1,-1.3541543836640938e-8,0.6896200180053711,-1.0217883187800702e-8,-0.7241714596748352]}},{"t":1.880000000000001,"j":false,"c":{"p":[-821.2398241192788,1482.8380361645925,2642.2706856163672],"r":[-0.7241714596748352,3.04216399712956e-8,-0.6896200180053711,-2.0385720286675875e-9,1,4.625433692065734e-8,0.6896200180053711,3.490191060369463e-8,-0.7241714596748352]}},{"t":1.920000000000001,"j":false,"c":{"p":[-820.8570344195257,1482.9474350639018,2642.6732524609956],"r":[-0.7241714596748352,6.088594988223505e-8,-0.6896200180053711,-4.0798712931910085e-9,1,9.257341224653731e-8,0.6896200180053711,6.985258382888973e-8,-0.7241714596748352]}},{"t":1.960000000000001,"j":false,"c":{"p":[-820.4767427323586,1483.0576869233087,2643.0733659467683],"r":[-0.7241714596748352,-4.456945711976916e-10,-0.6896200180053711,2.998754231441787e-11,1,-6.777804014127623e-10,0.6896200180053711,-5.115075099799788e-10,-0.7241714596748352]}},{"t":2.000000000000001,"j":false,"c":{"p":[-820.0931804063098,1483.161437897481,2643.4766270400523],"r":[-0.7241714596748352,-3.10628694844516e-8,-0.6896200180053711,2.0816163789208086e-9,1,-4.722936881987009e-8,0.6896200180053711,-3.5637683220365845e-8,-0.7241714596748352]}},{"t":2.040000000000001,"j":false,"c":{"p":[-819.7054992184927,1483.2570020162334,2643.883852056199],"r":[-0.7241714596748352,-2.299993971579484e-8,-0.6896200180053711,1.5412241580669942e-9,1,-3.4970057774879924e-8,0.6896200180053711,-2.6387176354512256e-8,-0.7241714596748352]}},{"t":2.080000000000001,"j":false,"c":{"p":[-819.3173232425615,1483.3142686721294,2644.2915965057687],"r":[-0.7241714596748352,1.818839545625443e-8,-0.6896200180053711,-1.2190360385528369e-9,1,2.7654629062899326e-8,0.6896200180053711,2.0867362426128426e-8,-0.7241714596748352]}},{"t":2.120000000000001,"j":false,"c":{"p":[-818.9297504883939,1483.3605277142174,2644.698702114236],"r":[-0.7241714596748352,6.39199507128215e-8,-0.6896200180053711,-4.283745282946806e-9,1,9.718702369728709e-8,0.6896200180053711,7.333422016906782e-8,-0.7241714596748352]}},{"t":2.160000000000001,"j":false,"c":{"p":[-818.5590444349904,1483.373653371141,2645.087971596717],"r":[-0.7241714596748352,2.282041021132259e-8,-0.6896200180053711,-1.52930449455102e-9,1,3.469720759789321e-8,0.6896200180053711,2.6181364594436914e-8,-0.7241714596748352]}},{"t":2.200000000000001,"j":false,"c":{"p":[-818.1848954923291,1483.3852746148752,2645.48085637414],"r":[-0.7241714596748352,-1.3125924668144698e-8,-0.6896200180053711,8.797627755220777e-10,1,-1.995740233677669e-8,0.6896200180053711,-1.5059282707562375e-8,-0.7241714596748352]}},{"t":2.240000000000001,"j":false,"c":{"p":[-817.8058692235613,1483.3947646504362,2645.8788627140298],"r":[-0.7241714596748352,-4.1772035104848345e-8,-0.6896200180053711,2.799560960433276e-9,1,-6.351236522587417e-8,0.6896200180053711,-4.79244739326588e-8,-0.7241714596748352]}},{"t":2.280000000000001,"j":false,"c":{"p":[-817.4097607939152,1483.40904615229,2646.2948066189083],"r":[-0.7241714596748352,-1.1942457920698607e-8,-0.6896200180053711,8.002740454195099e-10,1,-1.81578163998976e-8,0.6896200180053711,-1.370125718680283e-8,-0.7241714596748352]}},{"t":2.320000000000001,"j":false,"c":{"p":[-817.0071479612004,1483.4252959545754,2646.717580640515],"r":[-0.7241714596748352,3.982894363735055e-8,-0.6896200180053711,-2.669566734955972e-9,1,6.055823240506444e-8,0.6896200180053711,4.569552815577199e-8,-0.7241714596748352]}},{"t":2.360000000000001,"j":false,"c":{"p":[-816.6189775459901,1483.4450457659357,2647.1251890279586],"r":[-0.7241714596748352,2.514975623387851e-8,-0.6896200180053711,-1.6856333230860816e-9,1,3.8239094609306724e-8,0.6896200180053711,2.8854105558170987e-8,-0.7241714596748352]}},{"t":2.4000000000000012,"j":false,"c":{"p":[-816.2310591367617,1483.4603922580152,2647.5325327900014],"r":[-0.7241714596748352,3.776834141819881e-9,-0.6896200180053711,-2.5305481347944104e-10,1,5.742423157893518e-9,0.6896200180053711,4.333009745941091e-9,-0.7241714596748352]}},{"t":2.4400000000000013,"j":false,"c":{"p":[-815.8438686951262,1483.4630189181566,2647.9391121308386],"r":[-0.7241714596748352,-3.693222390691506e-8,-0.6896200180053711,2.4755210742315154e-9,1,-5.6154005473163344e-8,0.6896200180053711,-4.237229447749266e-8,-0.7241714596748352]}},{"t":2.4800000000000013,"j":false,"c":{"p":[-815.4631237933753,1483.4462255694555,2648.338962497802],"r":[-0.7241714596748352,-3.3517612707703814e-8,-0.6896200180053711,2.24655731189688e-9,1,-5.096213163236492e-8,0.6896200180053711,-3.8454588822381877e-8,-0.7241714596748352]}},{"t":2.5200000000000014,"j":false,"c":{"p":[-815.089056456465,1483.4093131352208,2648.7318416629496],"r":[-0.7241714596748352,1.5609020707565436e-8,-0.6896200180053711,-1.04641088370572e-9,1,2.3733072853896867e-8,0.6896200180053711,1.790844134117205e-8,-0.7241714596748352]}},{"t":2.5600000000000014,"j":false,"c":{"p":[-814.6941590353948,1483.363172941013,2649.1456336057245],"r":[-0.7241714596748352,2.968713325938016e-8,-0.6896200180053711,-1.9900276246257616e-9,1,4.5138272751614247e-8,0.6896200180053711,3.4060211737874335e-8,-0.7241714596748352]}},{"t":2.6000000000000014,"j":false,"c":{"p":[-814.2954628007074,1483.3138327021554,2649.5632027322868],"r":[-0.7241714596748352,2.8764266964393717e-8,-0.6896200180053711,-1.9280976449439392e-9,1,4.373501731434361e-8,0.6896200180053711,3.300130507231206e-8,-0.7241714596748352]}},{"t":2.6400000000000015,"j":false,"c":{"p":[-813.9247389723168,1483.258065094796,2649.952233037618],"r":[-0.7241714596748352,-3.188169358948164e-8,-0.6896200180053711,2.1372802060118812e-9,1,-4.847517490310228e-8,0.6896200180053711,-3.65782469784575e-8,-0.7241714596748352]}},{"t":2.6800000000000015,"j":false,"c":{"p":[-813.5470440678084,1483.1959052200218,2650.348621239111],"r":[-0.7241714596748352,-5.462404303269874e-8,-0.6896200180053711,3.661755473732479e-9,1,-8.305411961633424e-8,0.6896200180053711,-6.267063925676915e-8,-0.7241714596748352]}},{"t":2.7200000000000015,"j":false,"c":{"p":[-813.1562626487143,1483.121745404443,2650.758822116554],"r":[-0.7241714596748352,-6.211501713568036e-9,-0.6896200180053711,4.162987890584291e-10,1,-9.444292851086426e-9,0.6896200180053711,-7.1263744329319865e-9,-0.7241714596748352]}},{"t":2.7600000000000016,"j":false,"c":{"p":[-812.7820414686387,1483.0493365796347,2651.151144945058],"r":[-0.7241705848684613,2.4134035026751813e-8,-0.6896209136404682,-1.6181049800019566e-9,1,3.6695215529293165e-8,0.6896209136404682,2.768944780682985e-8,-0.7241705848684613]}},{"t":2.8000000000000016,"j":false,"c":{"p":[-812.4182917576323,1482.9780349517498,2651.532163019068],"r":[-0.7241691568993055,4.3055335715151454e-8,-0.6896223756088896,-2.8867285490859195e-9,1,6.546452840874297e-8,0.6896223756088896,4.93981376475176e-8,-0.7241691568993055]}},{"t":2.8400000000000016,"j":false,"c":{"p":[-812.0308374695869,1482.8752418933243,2651.9387173607893],"r":[-0.7241700895410048,-3.3117103801335475e-9,-0.6896213880985173,2.2169917796597015e-10,1,-5.0351565651911e-9,0.6896213880985173,-3.799277986280047e-9,-0.7241700895410048]}},{"t":2.8800000000000017,"j":false,"c":{"p":[-811.6425259282884,1482.7622940655244,2652.346272652321],"r":[-0.724171025733919,-4.8362320516725795e-8,-0.689620402368429,3.2419567053059674e-9,1,-7.353330156218455e-8,0.689620402368429,-5.548641822103111e-8,-0.724171025733919]}},{"t":2.9200000000000017,"j":false,"c":{"p":[-811.2724966970073,1482.6190078466932,2652.7346022226284],"r":[-0.7241696455644766,-2.0777162181264607e-8,-0.6896218533157915,1.3930998755495325e-9,1,-3.1591286740937366e-8,0.6896218533157915,-2.3838197312458203e-8,-0.7241696455644766]}},{"t":2.9600000000000017,"j":false,"c":{"p":[-810.8967726887445,1482.4724926194579,2653.1290583145587],"r":[-0.7241693075082442,1.1040094319416636e-8,-0.6896222139753325,-7.396115852435596e-10,1,1.678561083387303e-8,0.6896222139753325,1.2665704982482202e-8,-0.7241693075082442]}},{"t":3.0000000000000018,"j":false,"c":{"p":[-810.5142929501915,1482.3221468102781,2653.530782316687],"r":[-0.7241702057139056,4.7877901029016806e-8,-0.6896212812232995,-3.2090606101284786e-9,1,7.279622830163652e-8,0.6896212812232995,5.4929916052657156e-8,-0.7241702057139056]}},{"t":3.040000000000002,"j":false,"c":{"p":[-810.1488443163844,1482.1753410249464,2653.9144049207293],"r":[-0.7241704211230898,1.8800522627943075e-8,-0.6896210565571165,-1.260196106518136e-9,1,2.8585440482491158e-8,0.6896210565571165,2.156979114018011e-8,-0.7241704211230898]}},{"t":3.080000000000002,"j":false,"c":{"p":[-809.7895206326833,1482.0297428112972,2654.291537911615],"r":[-0.724185837342118,-3.407192383974237e-8,-0.6896047526072981,2.2827724287729696e-9,1,-5.1804708709753066e-8,0.6896047526072981,-3.909019413017666e-8,-0.724185837342118]}},{"t":3.120000000000002,"j":false,"c":{"p":[-809.4106613460182,1481.86835583666,2654.69305794066],"r":[-0.7269661834633815,-2.7402566908408377e-8,-0.6866646582105899,1.6760645828835552e-9,1,-4.164801994471262e-8,0.6866646582105899,-3.1408489801757024e-8,-0.7269661834633815]}},{"t":3.160000000000002,"j":false,"c":{"p":[-809.033541840467,1481.7077525647085,2655.0931969074504],"r":[-0.7289644518683572,-8.982426595194975e-9,-0.68455156595329,3.806398969473616e-10,1,-1.3526726320189281e-8,0.68455156595329,-1.012093401639925e-8,-0.7289644518683572]}},{"t":3.200000000000002,"j":false,"c":{"p":[-808.66085722503,1481.549147035615,2655.489815397273],"r":[-0.7289691196389346,3.9391730712637035e-8,-0.6845465915408498,-2.670398458376527e-9,1,6.038828690369016e-8,0.6845465915408498,4.58494078031096e-8,-0.7289691196389346]}},{"t":3.240000000000002,"j":false,"c":{"p":[-808.3009918361971,1481.396910173916,2655.8729997062774],"r":[-0.7289710145555631,3.7453939396996034e-8,-0.6845445712210869,-2.417377632248781e-9,1,5.7287962097069e-8,0.6845445712210869,4.341609233900614e-8,-0.7289710145555631]}},{"t":3.280000000000002,"j":false,"c":{"p":[-807.952387547474,1481.250267893178,2656.24438270622],"r":[-0.7289704736477168,-8.68058138276671e-9,-0.6845451459356736,7.381069976350343e-10,1,-1.3466789791986155e-8,0.6845451459356736,-1.0322145937703604e-8,-0.7289704736477168]}},{"t":3.320000000000002,"j":false,"c":{"p":[-807.5806989388334,1481.0929579826293,2656.6398783393956],"r":[-0.7289673650027927,-3.134784668543095e-8,-0.6845484488709056,2.2493967076704953e-9,1,-4.818871301637426e-8,0.6845484488709056,-3.666775452444378e-8,-0.7289673650027927]}},{"t":3.360000000000002,"j":false,"c":{"p":[-807.2022278538437,1480.9325631429615,2657.042449200721],"r":[-0.7289637399222034,-4.302741303805025e-8,-0.6845523011783154,2.991632915599785e-9,1,-6.60405243086835e-8,0.6845523011783154,-5.0189065628683316e-8,-0.7289637399222034]}},{"t":3.400000000000002,"j":false,"c":{"p":[-806.8265593915787,1480.774438054063,2657.4419073846743],"r":[-0.7289651258275461,2.3253584978037105e-8,-0.6845508423305863,-1.7128764499822773e-9,1,3.579326207180153e-8,0.6845508423305863,2.726467130477607e-8,-0.7289651258275461]}},{"t":3.440000000000002,"j":false,"c":{"p":[-806.4552105908646,1480.6205370701427,2657.8371870362334],"r":[-0.7289658278780992,4.705119973047886e-8,-0.6845500975293105,-3.375545678447017e-9,1,7.232760093659801e-8,0.6845500975293105,5.503508488751934e-8,-0.7289658278780992]}},{"t":3.480000000000002,"j":false,"c":{"p":[-806.0899783346039,1480.4726173246993,2658.226549979078],"r":[-0.7289655616055158,1.0693290908060012e-8,-0.6845503638018938,-7.310370876747652e-10,1,1.639937790800601e-8,0.6845503638018938,1.245502024789897e-8,-0.7289655616055158]}},{"t":3.5200000000000022,"j":false,"c":{"p":[-805.7308023288342,1480.330701623578,2658.608678120119],"r":[-0.7289667653913383,-2.4791886940932384e-8,-0.6845490958781754,1.8391789028417326e-9,1,-3.817501966030142e-8,0.6845490958781754,-2.9087401088390005e-8,-0.7289667653913383]}},{"t":3.5600000000000023,"j":false,"c":{"p":[-805.3752892259255,1480.192417250315,2658.9864305543983],"r":[-0.7289688582885256,-5.97492251994206e-8,-0.6845469000516181,4.36446171590662e-9,1,-9.193060513378297e-8,0.6845469000516181,-7.000224160882977e-8,-0.7289688582885256]}},{"t":3.6000000000000023,"j":false,"c":{"p":[-804.9970857466128,1480.046190948575,2659.3881072625522],"r":[-0.7289668289289482,-9.537295923638335e-9,-0.6845490402703922,6.759309307986176e-10,1,-1.465231115501286e-8,0.6845490402703922,-1.1143925154377634e-8,-0.7289668289289482]}},{"t":3.6400000000000023,"j":false,"c":{"p":[-804.6174370360966,1479.8976707760005,2659.7914720206463],"r":[-0.7289650080206732,3.8721740636801584e-8,-0.6845509603555053,-2.861532845269028e-9,1,5.961234093412771e-8,0.6845509603555053,4.541415958881375e-8,-0.7289650080206732]}},{"t":3.6800000000000024,"j":false,"c":{"p":[-804.2453656570347,1479.7426352359687,2660.1876894196325],"r":[-0.7289669786916527,2.0712412273069872e-8,-0.6845488877532683,-1.520135033043381e-9,1,3.1875736798990544e-8,0.6845488877532683,2.427692957046003e-8,-0.7289669786916527]}},{"t":3.7200000000000024,"j":false,"c":{"p":[-803.876133660745,1479.5784117173162,2660.5809553929766],"r":[-0.7289673846392409,-1.0370162288086025e-8,-0.6845484491524754,7.837683053995554e-10,1,-1.5983406239588486e-8,0.6845484491524754,-1.2187836021135977e-8,-0.7289673846392409]}},{"t":3.7600000000000025,"j":false,"c":{"p":[-803.5110054417759,1479.4009087568597,2660.9699556527544],"r":[-0.7289655290825233,-6.03475796902087e-8,-0.6845503721839827,4.478786779042882e-9,1,-9.292577806465568e-8,0.6845503721839827,-7.080558270267755e-8,-0.7289655290825233]}},{"t":3.8000000000000025,"j":false,"c":{"p":[-803.1452522649595,1479.2186568168547,2661.360228637695],"r":[-0.7289649307725583,-3.788454744809853e-8,-0.6845509946348514,2.804619999663966e-9,1,-5.832875092327257e-8,0.6845509946348514,-4.443951782075137e-8,-0.7289649307725583]}},{"t":3.8400000000000025,"j":false,"c":{"p":[-802.7791509299565,1479.033759264644,2661.751210645951],"r":[-0.7289650328630308,2.4934383529903855e-8,-0.6845508925443788,-1.860669797716007e-9,1,3.840583488676667e-8,0.6845508925443788,2.9270235711490764e-8,-0.7289650328630308]}},{"t":3.8800000000000026,"j":false,"c":{"p":[-802.4287044230595,1478.8396055947194,2662.125119806976],"r":[-0.7289663264796147,2.4900112662315646e-8,-0.6845495114874762,-1.8525858351729476e-9,1,3.8347216608968834e-8,0.6845495114874762,2.922200343154933e-8,-0.7289663264796147]}},{"t":3.9200000000000026,"j":false,"c":{"p":[-802.0795582254701,1478.6420341645282,2662.4975244761577],"r":[-0.7289677328796461,1.4456570580922547e-8,-0.6845480137138292,-1.0705064959990037e-9,1,2.225837339003746e-8,0.6845480137138292,1.6958442120540902e-8,-0.7289677328796461]}},{"t":3.9600000000000026,"j":false,"c":{"p":[-801.7220669148369,1478.4137856742739,2662.877868633178],"r":[-0.7289686898207156,-3.223536109844838e-8,-0.6845470567727597,2.4071357532747455e-9,1,-4.965347988900162e-8,0.6845470567727597,-3.784367337974392e-8,-0.7289686898207156]}},{"t":4.000000000000003,"j":false,"c":{"p":[-801.3677201185454,1478.1810096812633,2663.2550216860827],"r":[-0.7289695324425737,-4.8782937899837984e-8,-0.6845461934260024,3.6376930577911313e-9,1,-7.513690870774779e-8,0.6845461934260024,-5.7262660675761805e-8,-0.7289695324425737]}},{"t":4.040000000000003,"j":false,"c":{"p":[-801.0198980215132,1477.9388393619224,2663.625553368437],"r":[-0.7289701378581755,-2.7825888350064626e-9,-0.6845455242824424,2.0566915568666975e-10,1,-4.283837276855132e-9,0.6845455242824424,-3.263547342528682e-9,-0.7289701378581755]}},{"t":4.080000000000003,"j":false,"c":{"p":[-800.672561005518,1477.7103824171684,2663.995457572727],"r":[-0.7289694032550934,2.3726439562928344e-8,-0.6845462841172156,-1.7714747275495538e-9,1,3.654651667415269e-8,0.6845462841172156,2.7853943967654493e-8,-0.7289694032550934]}},{"t":4.120000000000003,"j":false,"c":{"p":[-800.3258059293968,1477.4983770730148,2664.3646090069064],"r":[-0.7289670610643203,2.6852206549759727e-8,-0.6845487582623985,-2.0032345814334176e-9,1,4.135934964228786e-8,0.6845487582623985,3.152091212351182e-8,-0.7289670610643203]}},{"t":4.160000000000003,"j":false,"c":{"p":[-799.964518406509,1477.293548179459,2664.749238632286],"r":[-0.7289654973640036,-5.776113674824774e-9,-0.6845504106530754,4.3252017488630167e-10,1,-8.898290713873536e-9,0.6845504106530754,-6.782561709056003e-9,-0.7289654973640036]}},{"t":4.200000000000003,"j":false,"c":{"p":[-799.5953293441312,1477.0926212446523,2665.1422840145556],"r":[-0.728964356942243,-5.7844541719297734e-8,-0.6845516162417937,4.3186481801958056e-9,1,-8.909868790189704e-8,0.6845516162417937,-6.790608161576463e-8,-0.728964356942243]}},{"t":4.240000000000003,"j":false,"c":{"p":[-799.2260699825193,1476.9086392474244,2665.535597706867],"r":[-0.7289646784029918,-2.6776736827685693e-8,-0.6845512801865098,1.9985206792949398e-9,1,-4.124386573000645e-8,0.6845512801865098,-3.143337379931714e-8,-0.7289646784029918]}},{"t":4.280000000000003,"j":false,"c":{"p":[-798.8567950319106,1476.7284148243002,2665.9289708974716],"r":[-0.728965324039137,2.2726695490228174e-8,-0.6845506022685572,-1.6978565046158799e-9,1,3.5007459756241565e-8,0.6845506022685572,2.6681494468396823e-8,-0.728965324039137]}},{"t":4.320000000000003,"j":false,"c":{"p":[-798.4857455901287,1476.5698613195239,2666.3231854952865],"r":[-0.7289653420448303,2.245814653862723e-8,-0.6845505833625793,-1.6772343852617932e-9,1,3.4593195977283556e-8,0.6845505833625793,2.6365392065404626e-8,-0.7289653420448303]}},{"t":4.360000000000003,"j":false,"c":{"p":[-798.1165724397969,1476.412983044585,2666.7153630372813],"r":[-0.7289653420448303,1.536990021791337e-8,-0.6845505833625793,-1.1473506516695042e-9,1,2.3674333500176814e-8,0.6845505833625793,1.8043187328545652e-8,-0.7289653420448303]}},{"t":4.400000000000003,"j":false,"c":{"p":[-797.7626117614626,1476.2644208520885,2667.0912704031434],"r":[-0.7289653420448303,-3.427904189327599e-8,-0.6845505833625793,2.5606960322689746e-9,1,-5.280208704325588e-8,0.6845505833625793,-4.024382130728984e-8,-0.7289653420448303]}},{"t":4.440000000000003,"j":false,"c":{"p":[-797.4020974205021,1476.1150856576107,2667.47440840108],"r":[-0.7289657719897495,-5.6539068741116675e-8,-0.6845501219582757,4.222965597767534e-9,1,-8.708992035157837e-8,0.6845501219582757,-6.637636636003062e-8,-0.7289657719897495]}},{"t":4.480000000000003,"j":false,"c":{"p":[-797.0237369465332,1475.9636455186214,2667.8772359724776],"r":[-0.7289673727081207,-4.216949297539425e-9,-0.6845484041141701,3.144249701622025e-10,1,-6.494949622464482e-9,0.6845484041141701,-4.94980643114411e-9,-0.7289673727081207]}},{"t":4.520000000000003,"j":false,"c":{"p":[-796.6618738325003,1475.8202739657224,2668.2623267178587],"r":[-0.7289677858352661,3.360938630947765e-8,-0.6845479607582092,-2.511142785470369e-9,1,5.17712837926845e-8,0.6845479607582092,3.9458596566066004e-8,-0.7289677858352661]}},{"t":4.560000000000003,"j":false,"c":{"p":[-796.3030542014318,1475.6742064060618,2668.644257619339],"r":[-0.7289674894204227,4.6532078838463873e-8,-0.6845482788619436,-3.4761669609085943e-9,1,7.167666079041057e-8,0.6845482788619436,5.462959989082955e-8,-0.7289674894204227]}},{"t":4.600000000000003,"j":false,"c":{"p":[-795.9350298414713,1475.509347181227,2669.0364683049097],"r":[-0.7289661807747433,-8.368802311351878e-9,-0.6845496832621849,6.258905998787717e-10,1,-1.2891627027428651e-8,0.6845496832621849,-9.825930491545973e-9,-0.7289661807747433]}},{"t":4.640000000000003,"j":false,"c":{"p":[-795.5675428210448,1475.3401044491384,2669.427722360333],"r":[-0.7267372512003016,-3.887428359673412e-8,-0.6868903015901547,2.7699738425741144e-9,1,-5.961504329261029e-8,0.6868903015901547,-4.527868385584461e-8,-0.7267372512003016]}},{"t":4.680000000000003,"j":false,"c":{"p":[-795.2010148719513,1475.1630378070643,2669.817268972896],"r":[-0.7205323488213529,-2.5837596120954465e-8,-0.6934060696666685,1.4193634683520406e-9,1,-3.8790979580112295e-8,0.6934060696666685,-2.8965783921523883e-8,-0.7205323488213529]}},{"t":4.720000000000003,"j":false,"c":{"p":[-794.8327708089876,1474.9778723405161,2670.2005347497075],"r":[-0.7193405628204346,1.4214644312844331e-8,-0.694657564163208,-2.339071629445893e-9,1,2.28849909975188e-8,0.694657564163208,1.808695739232529e-8,-0.7193405628204346]}},{"t":4.760000000000003,"j":false,"c":{"p":[-794.4641187681647,1474.7907815115975,2670.5823073610786],"r":[-0.7193405628204346,6.06893883141912e-8,-0.694657564163208,-6.669927469518735e-9,1,9.42728308080385e-8,0.694657564163208,7.244759061690733e-8,-0.7193405628204346]}},{"t":4.800000000000003,"j":false,"c":{"p":[-794.0970756769013,1474.569684291541,2670.962608048822],"r":[-0.7193405628204346,1.2904560078140186e-8,-0.694657564163208,-8.48534755638607e-10,1,1.945554941304838e-8,0.694657564163208,1.4584608088122663e-8,-0.7193405628204346]}},{"t":4.840000000000003,"j":false,"c":{"p":[-793.7345077130841,1474.350568962957,2671.3368294808793],"r":[-0.7155238402285155,-2.5538248613281884e-8,-0.6985279342862105,3.837220587751911e-9,1,-4.0312314522960264e-8,0.6985279342862105,-3.142132690926785e-8,-0.7155238402285155]}},{"t":4.8800000000000034,"j":false,"c":{"p":[-793.378227108106,1474.1372790361302,2671.7024473076904],"r":[-0.7062245990887932,-4.2305824068979834e-8,-0.7079578847756641,6.0024876375928124e-9,1,-6.565681370732208e-8,0.7079578847756641,-5.056590702230034e-8,-0.7062245990887932]}},{"t":4.9200000000000035,"j":false,"c":{"p":[-793.0167271458246,1473.933945616256,2672.057616171816],"r":[-0.6994867443914374,-9.245355179853542e-11,-0.7146114876421006,-2.6589389569912466e-10,1,-3.7483651331100783e-10,0.7146114876421006,-3.770778317545032e-10,-0.6994867443914374]}},{"t":4.9600000000000035,"j":false,"c":{"p":[-792.6480299851044,1473.7346722951206,2672.4148599430982],"r":[-0.6918858693868462,3.9042687570883806e-8,-0.7219433381823092,-5.854503412099883e-9,1,5.982509308552295e-8,0.7219433381823092,4.569926810795833e-8,-0.6918858693868462]}},{"t":5.0000000000000036,"j":false,"c":{"p":[-792.2578883996249,1473.5424090843142,2672.7869581353516],"r":[-0.679401305603922,2.4597200285595475e-8,-0.7336670765068992,-2.9416326121313894e-9,1,3.646153878062362e-8,0.7336670765068992,2.7058752996187907e-8,-0.679401305603922]}},{"t":5.040000000000004,"j":false,"c":{"p":[-791.868641666677,1473.3635532575772,2673.14576307649],"r":[-0.6704439043267102,-1.4799902002251793e-8,-0.7419295071645075,5.072325840503482e-9,1,-2.4067999125018573e-8,0.7419295071645075,-1.9607148616821475e-8,-0.6704439043267102]}},{"t":5.080000000000004,"j":false,"c":{"p":[-791.4800113224532,1473.1939614879348,2673.495388126678],"r":[-0.6639230251312256,-7.142208227870948e-8,-0.7478009462356567,1.6607600758700137e-8,1,-1.1025428146823569e-7,0.7478009462356567,-8.561953307110271e-8,-0.6639230251312256]}},{"t":5.120000000000004,"j":false,"c":{"p":[-791.069004214627,1473.0817689262865,2673.8603273390786],"r":[-0.6639230251312256,-2.1636046173893466e-8,-0.7478009462356567,4.151428639966915e-9,1,-3.261867642181812e-8,0.7478009462356567,-2.4760731455590934e-8,-0.6639230251312256]}},{"t":5.160000000000004,"j":false,"c":{"p":[-790.6496045794497,1473.0038410910595,2674.2328482614166],"r":[-0.6639230251312256,2.223655654489302e-8,-0.7478009462356567,-6.73592571968154e-9,1,3.571631351512573e-8,0.7478009462356567,2.8750014744752647e-8,-0.6639230251312256]}},{"t":5.200000000000004,"j":false,"c":{"p":[-790.2196096855386,1472.96917121934,2674.614940815168],"r":[-0.6639230251312256,5.8643665960966695e-8,-0.7478009462356567,-1.5642705054794527e-8,1,9.230961714595125e-8,0.7478009462356567,7.298410981725904e-8,-0.6639230251312256]}},{"t":5.240000000000004,"j":false,"c":{"p":[-789.8111668498312,1472.9432334564315,2674.97718927924],"r":[-0.6639230251312256,1.0673610091083473e-8,-0.7478009462356567,-2.3051224099393947e-9,1,1.6319896358786914e-8,0.7478009462356567,1.2558928378126443e-8,-0.6639230251312256]}},{"t":5.280000000000004,"j":false,"c":{"p":[-789.3931766223478,1472.9145527889254,2675.347701890609],"r":[-0.6639230251312256,-2.642075910416024e-8,-0.7478009462356567,7.80945823274815e-9,1,-4.226477533138402e-8,0.7478009462356567,-3.3900476928141406e-8,-0.6639230251312256]}},{"t":5.320000000000004,"j":false,"c":{"p":[-788.9598411797103,1472.8811819099783,2675.731628993058],"r":[-0.6639230251312256,-3.9402437539217873e-8,-0.7478009462356567,1.1084324737307357e-8,1,-6.253211783866125e-8,0.7478009462356567,-4.98053814432376e-8,-0.6639230251312256]}},{"t":5.360000000000004,"j":false,"c":{"p":[-788.5547070347035,1472.845387799902,2676.09080424185],"r":[-0.6639230251312256,6.391645470661359e-9,-0.7478009462356567,-2.252551114455118e-9,1,1.0547144441138559e-8,0.7478009462356567,8.686951047372221e-9,-0.6639230251312256]}},{"t":5.400000000000004,"j":false,"c":{"p":[-788.1501896003496,1472.806574900516,2676.4495092975826],"r":[-0.6639230251312256,5.0659991110494706e-8,-0.7478009462356567,-1.5073855974571065e-8,1,8.112836659387088e-8,0.7478009462356567,6.513523287249005e-8,-0.6639230251312256]}},{"t":5.440000000000004,"j":false,"c":{"p":[-787.7234769625259,1472.7355620005128,2676.828512232815],"r":[-0.6639230251312256,1.6342591922461418e-8,-0.7478009462356567,-4.71446512224639e-9,1,2.6039860697344122e-8,0.7478009462356567,2.0813944305729143e-8,-0.6639230251312256]}},{"t":5.480000000000004,"j":false,"c":{"p":[-787.3016226604382,1472.6603401460154,2677.2033375510505],"r":[-0.6639230251312256,-1.412860645558007e-8,-0.7478009462356567,4.451379918267306e-9,1,-2.2845626277556575e-8,0.7478009462356567,-1.849648317708669e-8,-0.6639230251312256]}},{"t":5.520000000000004,"j":false,"c":{"p":[-786.8940047120519,1472.572784815992,2677.565921221853],"r":[-0.6639230251312256,-3.332930437573501e-8,-0.7478009462356567,1.0119784423804655e-8,1,-5.3554442025399235e-8,0.7478009462356567,-4.312361279508585e-8,-0.6639230251312256]}},{"t":5.560000000000004,"j":false,"c":{"p":[-786.484399627909,1472.4774906473094,2677.928455399322],"r":[-0.6598501005595723,-1.859568807523266e-8,-0.7513414338586002,5.23791120460021e-9,1,-3.0020102661491114e-8,0.7513414338586002,-2.4134762866578425e-8,-0.6598501005595723]}},{"t":5.600000000000004,"j":false,"c":{"p":[-786.0724363155435,1472.3730124318517,2678.2909308407056],"r":[-0.6509436432806501,3.640938790950797e-8,-0.759083586016232,-1.2164476832929814e-8,1,5.7887160817647355e-8,0.759083586016232,4.661523804539149e-8,-0.6509436432806501]}},{"t":5.640000000000004,"j":false,"c":{"p":[-785.6449633633055,1472.2477581405578,2678.6519053006964],"r":[-0.6399981550186695,3.030674331381498e-8,-0.7682572236176372,-1.0044472167551813e-8,1,4.8487613815612025e-8,0.7682572236176372,3.916370579055264e-8,-0.6399981550186695]}},{"t":5.680000000000004,"j":false,"c":{"p":[-785.210276308204,1472.1128401337032,2679.012181599141],"r":[-0.6281042385936761,-4.219345387207434e-9,-0.7780966976487471,1.1561140106485017e-9,1,-6.1729028725536e-9,0.7780966976487471,-4.66223031710426e-9,-0.6281042385936761]}},{"t":5.720000000000004,"j":false,"c":{"p":[-784.8027047629016,1471.9828146808793,2679.3345102277563],"r":[-0.6141426871109908,-3.923852067563383e-8,-0.7890735909098897,1.3540296188192482e-8,1,-5.96923958773834e-8,0.7890735909098897,-4.6980657642992936e-8,-0.6141426871109908]}},{"t":5.760000000000004,"j":false,"c":{"p":[-784.3841206095997,1471.8414497835533,2679.655560388489],"r":[-0.5988153642709411,-4.364726032281225e-8,-0.8007630066477842,1.4808393521321716e-8,1,-6.637453912647702e-8,0.8007630066477842,-5.2137