{"v":1,"name":"macro1_macro2_merged","d":[{"t":0.07054781913757324,"c":{"r":[0.6101275682449341,4.556407251499195e-9,-0.792303204536438,-4.1672148398674835e-8,1,-2.63395616428852e-8,0.792303204536438,4.908746831233657e-8,0.6101275682449341],"p":[-385.0589294433594,1640.2484130859375,2793.928955078125]},"j":false},{"t":0.13323187828063965,"c":{"r":[0.7337170243263245,2.103773688588717e-8,-0.6794552206993103,1.2880822630734201e-8,1,4.487214866344402e-8,0.6794552206993103,-4.167539913169094e-8,0.7337170243263245],"p":[-384.8233947753906,1640.2276611328125,2793.691650390625]},"j":false},{"t":0.19490575790405273,"c":{"r":[0.8048878908157349,2.1666375360496204e-8,-0.5934268832206726,4.7612363829330206e-8,1,1.0108909975770075e-7,0.5934268832206726,-1.0961984742152708e-7,0.8048878908157349],"p":[-384.34222412109375,1640.1785888671875,2793.10888671875]},"j":false},{"t":0.2559981346130371,"c":{"r":[0.8048960566520691,-1.54247388195472e-8,-0.5934158563613892,-2.245391250710327e-8,1,-5.644912448588002e-8,0.5934158563613892,5.876018249750814e-8,0.8048960566520691],"p":[-383.861083984375,1640.1383056640625,2792.45703125]},"j":false},{"t":0.3166184425354004,"c":{"r":[0.8048906326293945,-7.322066952752948e-9,-0.5934231877326965,-1.6076246112106674e-8,1,-3.4143738503189525e-8,0.5934231877326965,3.70219943590655e-8,0.8048906326293945],"p":[-383.3799743652344,1639.9527587890625,2791.80517578125]},"j":false},{"t":0.39295101165771484,"c":{"r":[0.8048886060714722,2.199927173762717e-8,-0.593425989151001,2.474571125787861e-8,1,7.0635280735587e-8,0.593425989151001,-7.153828107675508e-8,0.8048886060714722],"p":[-382.8026428222656,1638.8050537109375,2791.02294921875]},"j":false},{"t":0.43402576446533203,"c":{"r":[0.7155100703239441,-1.3478277383072168e-9,-0.6986024379730225,1.0079961043629737e-7,1,1.0130984406941934e-7,0.6986024379730225,-1.4290706928932195e-7,0.7155100703239441],"p":[-382.5436706542969,1637.9407958984375,2790.67626953125]},"j":true},{"t":0.4439089298248291,"c":{"r":[0.6822018027305603,-5.8455842832927374e-8,-0.7311639189720154,1.2744881416892895e-7,1,3.896521860724533e-8,0.7311639189720154,-1.1976811720160185e-7,0.6822018027305603],"p":[-382.4411315917969,1637.5604248046875,2790.567626953125]},"j":true},{"t":0.4652557373046875,"c":{"r":[0.36089757084846497,-7.696694126479997e-8,-0.9326054453849792,1.4913783275005699e-7,1,-2.4815916432885388e-8,0.9326054453849792,-1.3013075772505545e-7,0.36089757084846497],"p":[-382.2165222167969,1636.7078857421875,2790.39111328125]},"j":false},{"t":0.4801962375640869,"c":{"r":[0.22836224734783173,-2.653113106987348e-8,-0.9735762476921082,1.4471414999661647e-7,1,6.692971510346979e-9,0.9735762476921082,-1.424186848453246e-7,0.22836224734783173],"p":[-382.0893249511719,1636.2354736328125,2790.3359375]},"j":true},{"t":0.4995098114013672,"c":{"r":[0.05846979841589928,7.823103231885398e-8,-0.998289167881012,3.977231131102599e-7,1,1.0165974373421705e-7,0.998289167881012,-4.02986700009933e-7,0.05846979841589928],"p":[-381.8753967285156,1637.225830078125,2790.249267578125]},"j":true},{"t":0.5079247951507568,"c":{"r":[-0.026494160294532776,1.0784296478050237e-7,-0.9996489882469177,3.901562877217657e-7,1,9.754034380193843e-8,0.9996489882469177,-3.874350795740611e-7,-0.026494160294532776],"p":[-381.78509521484375,1637.599609375,2790.220458984375]},"j":true},{"t":0.5295271873474121,"c":{"r":[-0.06795606017112732,5.414838355477514e-8,-0.9976882934570312,1.7515834827008803e-7,1,4.234319561646771e-8,0.9976882934570312,-1.718759534696801e-7,-0.06795606017112732],"p":[-381.4856872558594,1638.638916015625,2790.185302734375]},"j":false},{"t":0.5917458534240723,"c":{"r":[-0.07672782242298126,-5.063413865968869e-8,-0.9970520734786987,-1.4663680758530973e-7,1,-3.949945792669496e-8,0.9970520734786987,1.43173821243181e-7,-0.07672782242298126],"p":[-380.6763916015625,1640.7008056640625,2790.243896484375]},"j":false},{"t":0.665088415145874,"c":{"r":[-0.009029085747897625,-4.429425271013088e-9,-0.9999592304229736,-3.396917236386798e-8,1,-4.122882923951465e-9,0.9999592304229736,3.393056147160678e-8,-0.009029085747897625],"p":[-379.7579650878906,1642.1109619140625,2790.3115234375]},"j":false},{"t":0.733048677444458,"c":{"r":[0.18309049308300018,6.4108229835824204e-9,-0.9830960631370544,1.4893279853822605e-7,1,3.425810035651011e-8,0.9830960631370544,-1.52687576360222e-7,0.18309049308300018],"p":[-378.89434814453125,1642.5391845703125,2790.2578125]},"j":false},{"t":0.8007705211639404,"c":{"r":[0.36982932686805725,-3.0192332189926674e-8,-0.9290997385978699,1.666747238004973e-7,1,3.384875668643872e-8,0.9290997385978699,-1.6737570263103407e-7,0.36982932686805725],"p":[-378.0060729980469,1642.0384521484375,2790.022216796875]},"j":false},{"t":0.8666284084320068,"c":{"r":[0.4067046642303467,-2.998187298430821e-8,-0.9135596752166748,1.7871792579171597e-7,1,4.674411968608183e-8,0.9135596752166748,-1.8228054443625297e-7,0.4067046642303467],"p":[-377.2095947265625,1640.6680908203125,2789.68115234375]},"j":false},{"t":0.936589241027832,"c":{"r":[0.40673789381980896,9.440654480386002e-9,-0.9135448932647705,-2.9775444332358347e-8,1,-2.922841746411109e-9,0.9135448932647705,2.839003521160066e-8,0.40673789381980896],"p":[-376.4180908203125,1638.425537109375,2789.32958984375]},"j":false},{"t":0.9989917278289795,"c":{"r":[0.40672507882118225,1.3259390030384566e-8,-0.913550615310669,-7.864992568329399e-8,1,-2.050188285807053e-8,0.913550615310669,8.018931652031824e-8,0.40672507882118225],"p":[-375.6795959472656,1636.6634521484375,2788.99755859375]},"j":false},{"t":1.0651133060455322,"c":{"r":[0.26893606781959534,-1.5258363461612134e-8,-0.9631580114364624,-1.600304067039815e-8,1,-2.031043422334733e-8,0.9631580114364624,2.087566564057397e-8,0.26893606781959534],"p":[-374.9407043457031,1636.7054443359375,2788.705810546875]},"j":false},{"t":1.1337864398956299,"c":{"r":[0.09758473932743073,-3.6270364489610074e-8,-0.9952272176742554,4.93542415824777e-8,1,-3.160498707188708e-8,0.9952272176742554,-4.603451841944661e-8,0.09758473932743073],"p":[-374.1024475097656,1636.647216796875,2788.52685546875]},"j":false},{"t":1.1983273029327393,"c":{"r":[-0.013959911651909351,-5.0438639931371654e-8,-0.9999025464057922,1.0819591267363649e-7,1,-5.195410679448287e-8,0.9999025464057922,-1.0891064761153757e-7,-0.013959911651909351],"p":[-373.282958984375,1636.64990234375,2788.498779296875]},"j":false},{"t":1.2675702571868896,"c":{"r":[-0.013965753838419914,2.1588354215396066e-8,-0.9999024868011475,-4.125466190885163e-8,1,2.216666850074489e-8,0.9999024868011475,4.156021304879687e-8,-0.013965753838419914],"p":[-372.4542541503906,1636.6181640625,2788.510009765625]},"j":false},{"t":1.3336622714996338,"c":{"r":[-0.013956097885966301,2.2278472400216742e-8,-0.999902606010437,-4.852346435768595e-8,1,2.2957905798648426e-8,0.999902606010437,4.883914073161577e-8,-0.013956097885966301],"p":[-371.6421203613281,1636.4195556640625,2788.52099609375]},"j":false},{"t":1.403383731842041,"c":{"r":[-0.01395371463149786,-1.2584603581444753e-8,-0.9999026656150818,1.6176107564547237e-8,1,-1.2811567806636504e-8,0.9999026656150818,-1.635330271199109e-8,-0.01395371463149786],"p":[-370.7366638183594,1636.553955078125,2788.533447265625]},"j":false},{"t":1.4695065021514893,"c":{"r":[-0.013969449326395988,-4.7320689589014364e-8,-0.9999024271965027,8.064072432034664e-8,1,-4.845192336233595e-8,0.9999024271965027,-8.130970030606477e-8,-0.013969449326395988],"p":[-369.84027099609375,1636.684326171875,2788.5458984375]},"j":false},{"t":1.5378248691558838,"c":{"r":[-0.01396599318832159,-1.130501114943172e-8,-0.9999024868011475,2.077772265351996e-8,1,-1.1596323901130745e-8,0.9999024868011475,-2.0937649836128003e-8,-0.01396599318832159],"p":[-369.0252685546875,1636.7525634765625,2788.556640625]},"j":false},{"t":1.6092634201049805,"c":{"r":[-0.020947717130184174,3.466228548631989e-8,-0.9997805953025818,-5.931996227559466e-8,1,3.5912783857838804e-8,0.9997805953025818,6.005923580687522e-8,-0.020947717130184174],"p":[-368.1717529296875,1636.6109619140625,2788.572265625]},"j":false},{"t":1.6788098812103271,"c":{"r":[-0.03490764647722244,-1.2431316420702387e-8,-0.9993905425071716,1.7705776400589457e-8,1,-1.3057341874400663e-8,0.9993905425071716,-1.815078576328233e-8,-0.03490764647722244],"p":[-367.3438720703125,1636.608154296875,2788.59814453125]},"j":false},{"t":1.7494215965270996,"c":{"r":[-0.041876595467329025,-5.848603024105614e-8,-0.9991227984428406,9.40489712775161e-8,1,-6.247928752145526e-8,0.9991227984428406,-9.65828874655017e-8,-0.041876595467329025],"p":[-366.53643798828125,1636.6121826171875,2788.630859375]},"j":false},{"t":1.819493293762207,"c":{"r":[-0.04885660111904144,1.7585589873192475e-8,-0.998805820941925,-2.831293954841385e-8,1,1.8991544337154664e-8,0.998805820941925,2.9206990603825034e-8,-0.04885660111904144],"p":[-365.7718505859375,1636.60302734375,2788.666748046875]},"j":false},{"t":1.8889448642730713,"c":{"r":[-0.055813033133745193,2.2433006563460367e-8,-0.998441219329834,-3.5990940006058736e-8,1,2.4479927418497027e-8,0.998441219329834,3.7301138178236215e-8,-0.055813033133745193],"p":[-364.9931335449219,1636.6473388671875,2788.707763671875]},"j":false},{"t":1.9592196941375732,"c":{"r":[-0.05581279471516609,-2.8602499924090807e-8,-0.9984412789344788,4.836868328084165e-8,1,-3.135096093842549e-8,0.9984412789344788,-5.004307013223297e-8,-0.05581279471516609],"p":[-364.1510925292969,1636.6396484375,2788.755126953125]},"j":false},{"t":2.0281131267547607,"c":{"r":[-0.05581279471516609,-2.7142821323877797e-8,-0.9984412789344788,4.5161602457710615e-8,1,-2.9709726234727896e-8,0.9984412789344788,-4.674938836046749e-8,-0.05581279471516609],"p":[-363.3902282714844,1636.5703125,2788.798095703125]},"j":false},{"t":2.044769287109375,"c":{"r":[-0.05581279471516609,-9.967264347210403e-9,-0.9984412789344788,1.6374356093251663e-8,1,-1.0898149938043389e-8,0.9984412789344788,-1.6957088178060076e-8,-0.05581279471516609],"p":[-363.2668762207031,1636.58251953125,2788.804931640625]},"j":true},{"t":2.0583789348602295,"c":{"r":[-0.05581279471516609,1.2916379965588476e-8,-0.9984412789344788,-2.1979971620567085e-8,1,1.416522366071149e-8,0.9984412789344788,2.2736310612003763e-8,-0.05581279471516609],"p":[-363.0993957519531,1637.3707275390625,2788.814697265625]},"j":true},{"t":2.07157826423645,"c":{"r":[-0.05581333488225937,3.006629256674387e-8,-0.998441219329834,-5.0724214162300996e-8,1,3.294874062476083e-8,0.998441219329834,5.248412549008208e-8,-0.05581333488225937],"p":[-362.9588928222656,1637.92626953125,2788.822509765625]},"j":true},{"t":2.096956729888916,"c":{"r":[-0.055813662707805634,6.433324273302787e-8,-0.998441219329834,-1.0815742257364036e-7,1,7.047977135243855e-8,0.998441219329834,1.119225601087237e-7,-0.055813662707805634],"p":[-362.6380310058594,1638.945068359375,2788.840087890625]},"j":false},{"t":2.167550563812256,"c":{"r":[-0.05581362918019295,2.7097804888853716e-8,-0.998441219329834,-4.5317243291265186e-8,1,2.9673380197436927e-8,0.998441219329834,4.690278032626338e-8,-0.05581362918019295],"p":[-361.7187194824219,1641.1661376953125,2788.889892578125]},"j":false},{"t":2.2377824783325195,"c":{"r":[-0.05581371858716011,-2.7848876982261572e-8,-0.998441219329834,4.726316049641355e-8,1,-3.053440522648998e-8,0.998441219329834,-4.889372462457686e-8,-0.05581371858716011],"p":[-360.7994079589844,1642.402587890625,2788.939697265625]},"j":false},{"t":2.308745861053467,"c":{"r":[-0.055813923478126526,-8.259674189048383e-8,-0.9984411597251892,1.3950803179341165e-7,1,-9.05243453530602e-8,0.9984411597251892,-1.4434309036914783e-7,-0.055813923478126526],"p":[-359.8800964355469,1642.65478515625,2788.989501953125]},"j":false},{"t":2.378593921661377,"c":{"r":[-0.05581401288509369,3.239291945789091e-9,-0.9984411597251892,-5.589679830109162e-9,1,3.556818839456355e-9,0.9984411597251892,5.779486667023548e-9,-0.05581401288509369],"p":[-358.9607849121094,1641.922607421875,2789.039306640625]},"j":false},{"t":2.448153495788574,"c":{"r":[-0.05582619830965996,6.543667296909916e-8,-0.9984405040740967,-1.1068745919828871e-7,1,7.172778992980966e-8,0.9984405040740967,1.1451913195514862e-7,-0.05582619830965996],"p":[-358.0955505371094,1640.333984375,2789.086181640625]},"j":false},{"t":2.519443988800049,"c":{"r":[-0.05582781508564949,9.280499924102514e-9,-0.9984403848648071,-1.5599381342212837e-8,1,1.0167235942049047e-8,0.9984403848648071,1.6142665870688688e-8,-0.05582781508564949],"p":[-357.1762390136719,1637.69091796875,2789.135986328125]},"j":false},{"t":2.5925450325012207,"c":{"r":[-0.05614790320396423,-4.980742218663181e-8,-0.9984224438667297,8.530928852223951e-8,1,-5.4683624739482184e-8,0.9984224438667297,-8.824508057614366e-8,-0.05614790320396423],"p":[-356.180419921875,1636.7073974609375,2789.191162109375]},"j":false},{"t":2.663663864135742,"c":{"r":[-0.04235858470201492,1.6669110536327025e-8,-0.9991024732589722,-2.036403579097623e-8,1,1.754745326820739e-8,0.9991024732589722,2.1089043400479568e-8,-0.04235858470201492],"p":[-355.22857666015625,1635.9122314453125,2789.231689453125]},"j":false},{"t":2.7339935302734375,"c":{"r":[0.04817060008645058,3.419787120151341e-8,-0.9988391399383545,-3.294481132343208e-8,1,3.264879921971442e-8,0.9988391399383545,3.133385462206206e-8,0.04817060008645058],"p":[-354.27301025390625,1635.9586181640625,2789.2451171875]},"j":false},{"t":2.811084747314453,"c":{"r":[0.22747591137886047,-3.401499881761083e-8,-0.9737837314605713,8.591023004100862e-8,1,-1.4862118646874478e-8,0.9737837314605713,-8.027721065673177e-8,0.22747591137886047],"p":[-353.32037353515625,1635.9796142578125,2789.13330078125]},"j":false},{"t":2.876927137374878,"c":{"r":[0.3990452289581299,-1.3533384191077857e-8,-0.9169312119483948,4.0353722141617254e-8,1,2.802366116938515e-9,0.9169312119483948,-3.811986104551579e-8,0.3990452289581299],"p":[-352.3587646484375,1635.998291015625,2788.7958984375]},"j":false},{"t":2.9457528591156006,"c":{"r":[0.4056309163570404,-5.028336413914758e-9,-0.9140369892120361,9.649913579323766e-8,1,3.732310460691224e-8,0.9140369892120361,-1.0334318290006195e-7,0.4056309163570404],"p":[-351.5252380371094,1636.0142822265625,2788.4287109375]},"j":false},{"t":3.0188169479370117,"c":{"r":[0.34736132621765137,-5.292237759135787e-9,-0.9377313852310181,2.963913559028697e-8,1,5.3354853868370355e-9,0.9377313852310181,-2.9646887611534112e-8,0.34736132621765137],"p":[-350.6373596191406,1636.0350341796875,2788.044189453125]},"j":false},{"t":3.0495283603668213,"c":{"r":[0.3337951898574829,-1.249664549618501e-8,-0.9426456093788147,2.9725780947842395e-8,1,-2.7309550176823905e-9,0.9426456093788147,-2.7109297917604636e-8,0.3337951898574829],"p":[-350.26422119140625,1636.044921875,2787.905517578125]},"j":true},{"t":3.0647387504577637,"c":{"r":[0.3342079520225525,-1.6811865677368587e-8,-0.9424993395805359,3.768489165167921e-8,1,-4.474566495105137e-9,0.9424993395805359,-3.402254833417828e-8,0.3342079520225525],"p":[-350.10400390625,1636.64111328125,2787.846923828125]},"j":true},{"t":3.0803098678588867,"c":{"r":[0.322631299495697,-2.0988474958016923e-8,-0.9465247392654419,4.8260680785006116e-8,1,-5.724170915044624e-9,0.9465247392654419,-4.3833129126369386e-8,0.322631299495697],"p":[-349.9495849609375,1637.2069091796875,2787.79150390625]},"j":true},{"t":3.0863490104675293,"c":{"r":[0.3045496940612793,-2.6901174621229984e-8,-0.9524964690208435,6.944852515289313e-8,1,-6.037447874973623e-9,0.9524964690208435,-6.431076826629578e-8,0.3045496940612793],"p":[-349.7445373535156,1637.9134521484375,2787.720947265625]},"j":false},{"t":3.154387950897217,"c":{"r":[0.10868209600448608,1.516603020945695e-8,-0.9940765500068665,1.5919597728952795e-7,1,3.2661251481158615e-8,0.9940765500068665,-1.6180267436993745e-7,0.10868209600448608],"p":[-348.9028625488281,1640.1944580078125,2787.52001953125]},"j":false},{"t":3.22353458404541,"c":{"r":[0.008004631847143173,2.6121886875785094e-8,-0.9999679327011108,9.913102161362985e-8,1,2.691625766715333e-8,0.9999679327011108,-9.934329625593818e-8,0.008004631847143173],"p":[-347.9840087890625,1641.66259765625,2787.471435546875]},"j":false},{"t":3.288334369659424,"c":{"r":[0.006985184736549854,8.468989065590904e-9,-0.9999756217002869,2.7010397474214187e-8,1,8.657872641038011e-9,0.9999756217002869,-2.707021629078099e-8,0.006985184736549854],"p":[-347.1714782714844,1642.140625,2787.464111328125]},"j":false},{"t":3.355111598968506,"c":{"r":[0.013748515397310257,-1.008251615530753e-8,-0.9999054670333862,-4.86604569971405e-8,1,-1.075254196791775e-8,0.9999054670333862,4.880368820181502e-8,0.013748515397310257],"p":[-346.3047790527344,1641.8056640625,2787.45556640625]},"j":false},{"t":3.428502082824707,"c":{"r":[0.013958086259663105,-2.9271376433825935e-8,-0.999902606010437,-1.2562695417273062e-7,1,-3.102791268361216e-8,0.999902606010437,1.2604780863512133e-7,0.013958086259663105],"p":[-345.3839111328125,1640.494384765625,2787.443115234375]},"j":false},{"t":3.493356227874756,"c":{"r":[0.007616627030074596,-2.791046505024042e-8,-0.9999709725379944,-1.118173003078482e-7,1,-2.8762970671891708e-8,0.9999709725379944,1.1203312766383533e-7,0.007616627030074596],"p":[-344.5172119140625,1638.36083984375,2787.431396484375]},"j":false},{"t":3.5652308464050293,"c":{"r":[-0.3480227589607239,6.142147412901977e-8,-0.9374861121177673,1.2701140406079503e-7,1,1.836679253131024e-8,0.9374861121177673,-1.1267935917658178e-7,-0.3480227589607239],"p":[-343.61676025390625,1635.623779296875,2787.483154296875]},"j":false},{"t":3.633814811706543,"c":{"r":[-0.4134300947189331,2.023057943389972e-9,-0.9105358719825745,-3.0169342579711156e-8,1,1.5920264218038938e-8,0.9105358719825745,3.4052185071686836e-8,-0.4134300947189331],"p":[-342.798095703125,1635.8896484375,2787.823974609375]},"j":false},{"t":3.6993536949157715,"c":{"r":[-0.40710482001304626,-1.8960909287102368e-8,-0.9133814573287964,-5.312585571459749e-8,1,2.919790853539439e-9,0.9133814573287964,4.971283118493375e-8,-0.40710482001304626],"p":[-342.0349426269531,1635.9124755859375,2788.174072265625]},"j":false},{"t":3.769707441329956,"c":{"r":[-0.3359861671924591,1.865124588107392e-8,-0.941866934299469,1.0596232158377461e-7,1,-1.7996841350509385e-8,0.941866934299469,-1.0584909659883124e-7,-0.3359861671924591],"p":[-341.20989990234375,1635.90185546875,2788.52001953125]},"j":false},{"t":3.835280656814575,"c":{"r":[-0.2489774376153946,5.8245603895557e-9,-0.9685092568397522,4.97999330661969e-9,1,4.733722747118918e-9,0.9685092568397522,-3.6445795270623194e-9,-0.2489774376153946],"p":[-340.4661560058594,1635.890625,2788.793212890625]},"j":false},{"t":3.903532028198242,"c":{"r":[-0.1672469675540924,2.8652884509483556e-9,-0.9859150052070618,-1.147294383940789e-7,1,2.2368499941194386e-8,0.9859150052070618,1.1685454381904492e-7,-0.1672469675540924],"p":[-339.59197998046875,1635.8795166015625,2789.00927734375]},"j":false},{"t":3.920341968536377,"c":{"r":[-0.12582950294017792,5.66195579310147e-9,-0.992051899433136,-9.90960558056031e-8,1,1.827642748253311e-8,0.992051899433136,1.006081404852921e-7,-0.12582950294017792],"p":[-339.4357604980469,1635.876708984375,2789.0400390625]},"j":true},{"t":3.9348161220550537,"c":{"r":[-0.12583065032958984,2.9215929675530106e-9,-0.9920517206192017,-6.541443298146987e-8,1,1.1242089037466485e-8,0.9920517206192017,6.630910576177484e-8,-0.12583065032958984],"p":[-339.2793884277344,1636.472900390625,2789.070068359375]},"j":true},{"t":3.9464869499206543,"c":{"r":[-0.06875715404748917,1.4737630671390889e-8,-0.9976333975791931,2.0222302055117325e-8,1,1.3378865126867368e-8,0.9976333975791931,-1.9254551730796265e-8,-0.06875715404748917],"p":[-339.0654296875,1637.220458984375,2789.099365234375]},"j":true},{"t":3.9711902141571045,"c":{"r":[-0.009758793748915195,2.484327232821215e-8,-0.9999523758888245,1.1495222906887648e-7,1,2.372260610172816e-8,0.9999523758888245,-1.1471524885564577e-7,-0.009758793748915195],"p":[-338.7410583496094,1638.2392578125,2789.1171875]},"j":false},{"t":4.033146619796753,"c":{"r":[0.07434136420488358,1.5515986717673513e-8,-0.9972328543663025,1.406977929718778e-7,1,2.6047729306810652e-8,0.9972328543663025,-1.4224488609215769e-7,0.07434136420488358],"p":[-337.9290466308594,1640.2501220703125,2789.096923828125]},"j":false},{"t":4.094971418380737,"c":{"r":[0.12474657595157623,1.0547410944639068e-8,-0.9921886324882507,1.2287051731618703e-7,1,2.6078797787931762e-8,0.9921886324882507,-1.2516397873696405e-7,0.12474657595157623],"p":[-337.17431640625,1641.435302734375,2789.02490234375]},"j":false},{"t":4.165449142456055,"c":{"r":[0.12532629072666168,1.5345150927714712e-8,-0.9921155571937561,1.383422016942859e-7,1,3.2942804040203555e-8,0.9921155571937561,-1.4138005610675464e-7,0.12532629072666168],"p":[-336.20697021484375,1641.978271484375,2788.90185546875]},"j":false},{"t":4.240302562713623,"c":{"r":[0.12532608211040497,-7.282569214339674e-9,-0.9921156167984009,-8.766834014295455e-8,1,-1.841488916909384e-8,0.9921156167984009,8.9284988291638e-8,0.12532608211040497],"p":[-335.2933654785156,1641.4775390625,2788.78564453125]},"j":false},{"t":4.310402870178223,"c":{"r":[0.12532584369182587,-8.45179481956393e-9,-0.9921156167984009,-8.251822691818234e-8,1,-1.8942811763622558e-8,0.9921156167984009,8.424164832376846e-8,0.12532584369182587],"p":[-334.3797607421875,1639.9925537109375,2788.66943359375]},"j":false},{"t":4.376461029052734,"c":{"r":[0.19044607877731323,2.208334848319282e-9,-0.981697678565979,5.961693005929192e-8,1,1.3814992705363238e-8,0.981697678565979,-6.115681117080385e-8,0.19044607877731323],"p":[-333.52130126953125,1637.695556640625,2788.55126953125]},"j":false},{"t":4.451812267303467,"c":{"r":[0.35383427143096924,-9.024528679901778e-9,-0.9353081583976746,7.406595159409335e-8,1,1.83709971679491e-8,0.9353081583976746,-7.57747713464596e-8,0.35383427143096924],"p":[-332.4941101074219,1636.3365478515625,2788.329833984375]},"j":false},{"t":4.519970655441284,"c":{"r":[0.3606645166873932,-1.919204350997461e-8,-0.9326956272125244,1.1253322895754536e-7,1,2.2938564825381036e-8,0.9326956272125244,-1.1323237458782387e-7,0.3606645166873932],"p":[-331.5074157714844,1636.34130859375,2788.034912109375]},"j":false},{"t":4.5888471603393555,"c":{"r":[0.36688026785850525,1.9426626973739758e-10,-0.9302681684494019,-1.0491173263460496e-8,1,-3.9286929265358594e-9,0.9302681684494019,1.120096460027753e-8,0.36688026785850525],"p":[-330.5569152832031,1636.32177734375,2787.764404296875]},"j":false},{"t":4.656763076782227,"c":{"r":[0.360720694065094,1.3506443075073093e-8,-0.9326738715171814,-9.057119143562886e-8,1,-2.0547870960285763e-8,0.9326738715171814,9.188543259597282e-8,0.360720694065094],"p":[-329.5890197753906,1636.322998046875,2787.5029296875]},"j":false},{"t":4.729310750961304,"c":{"r":[0.3020334839820862,9.223246166811805e-9,-0.9532973170280457,-9.46531812928697e-8,1,-2.031389811918416e-8,0.9532973170280457,9.636810460733614e-8,0.3020334839820862],"p":[-328.5573425292969,1636.2987060546875,2787.23681640625]},"j":false},{"t":4.744777679443359,"c":{"r":[0.2418377846479416,2.540031074360627e-9,-0.9703167080879211,-8.833255549234309e-8,1,-1.9397912609520063e-8,0.9703167080879211,9.0401705676868e-8,0.2418377846479416],"p":[-328.3519287109375,1636.2235107421875,2787.160888671875]},"j":true},{"t":4.759638071060181,"c":{"r":[0.18736252188682556,-2.9874762663695265e-9,-0.9822908639907837,-8.355935676718218e-8,1,-1.897947754514462e-8,0.9822908639907837,8.563563369534677e-8,0.18736252188682556],"p":[-328.19976806640625,1636.8197021484375,2787.10302734375]},"j":true},{"t":4.772541761398315,"c":{"r":[0.11218816041946411,-3.905243239898937e-9,-0.9936869740486145,-1.2416418115890338e-8,1,-5.3318780501854235e-9,0.9936869740486145,1.2936206772451442e-8,0.11218816041946411],"p":[-327.9906311035156,1637.5672607421875,2787.049072265625]},"j":true},{"t":4.795829772949219,"c":{"r":[-0.034653011709451675,2.8432856069571244e-8,-0.9993994235992432,1.3462033621181035e-7,1,2.378214070120066e-8,0.9993994235992432,-1.3371536056183686e-7,-0.034653011709451675],"p":[-327.6674499511719,1638.5860595703125,2787.0205078125]},"j":false},{"t":4.862440586090088,"c":{"r":[-0.14597278833389282,4.4433789980757865e-8,-0.9892886281013489,1.2106833935376926e-7,1,2.7050861106658886e-8,0.9892886281013489,-1.1582283576672125e-7,-0.14597278833389282],"p":[-326.860107421875,1640.596923828125,2787.101318359375]},"j":false},{"t":4.923173666000366,"c":{"r":[-0.12558549642562866,2.1636013869397175e-8,-0.9920827746391296,5.585187068390951e-8,1,1.473851796163217e-8,0.9920827746391296,-5.355873611279094e-8,-0.12558549642562866],"p":[-326.0554504394531,1641.8411865234375,2787.213134765625]},"j":false},{"t":4.993505239486694,"c":{"r":[-0.015566018410027027,2.2226386064971848e-8,-0.9998788237571716,8.259610240202164e-8,1,2.09432311493174e-8,0.9998788237571716,-8.226008674228069e-8,-0.015566018410027027],"p":[-325.1393737792969,1642.3250732421875,2787.30224609375]},"j":false},{"t":5.054929733276367,"c":{"r":[0.02067512646317482,3.0112030202644746e-8,-0.9997862577438354,1.3241272256436787e-7,1,3.2856700471484146e-8,0.9997862577438354,-1.33063736029726e-7,0.02067512646317482],"p":[-324.3268737792969,1641.934326171875,2787.299560546875]},"j":false},{"t":5.124670028686523,"c":{"r":[0.020938262343406677,3.25993987360107e-8,-0.9997807741165161,1.4471160625362245e-7,1,3.563722117405632e-8,0.9997807741165161,-1.4542607118528394e-7,0.020938262343406677],"p":[-323.4601745605469,1640.6729736328125,2787.280029296875]},"j":false},{"t":5.1935625076293945,"c":{"r":[0.020938312634825706,3.5280010024507646e-8,-0.9997807741165161,1.5773407824326569e-7,1,3.859115693671811e-8,0.9997807741165161,-1.5850753243284998e-7,0.020938312634825706],"p":[-322.539306640625,1638.3770751953125,2787.25927734375]},"j":false},{"t":5.2636542320251465,"c":{"r":[0.020937969908118248,-5.064815233879472e-10,-0.9997807741165161,-1.9016042074326833e-9,1,-5.464170782509825e-10,0.9997807741165161,1.9126282779780013e-9,0.020937969908118248],"p":[-321.6342468261719,1636.6474609375,2787.23974609375]},"j":false},{"t":5.298162937164307,"c":{"r":[0.020937971770763397,-2.024763823271769e-8,-0.9997807741165161,-9.039387549591993e-8,1,-2.2145156819419753e-8,0.9997807741165161,9.083773022666719e-8,0.020937971770763397],"p":[-321.2633056640625,1636.5118408203125,2787.231201171875]},"j":true},{"t":5.307588338851929,"c":{"r":[0.020937971770763397,-2.102328622299865e-8,-0.9997807741165161,-9.395431277425814e-8,1,-2.299553969464796e-8,0.9997807741165161,9.441519921438157e-8,0.020937971770763397],"p":[-321.1571044921875,1636.9161376953125,2787.228759765625]},"j":true},{"t":5.326357126235962,"c":{"r":[0.02093825489282608,-2.3348240674181397e-8,-0.9997807741165161,-1.0462650124054562e-7,1,-2.5544537152200064e-8,0.9997807741165161,1.051384259653787e-7,0.02093825489282608],"p":[-320.8359069824219,1638.0577392578125,2787.221435546875]},"j":false},{"t":5.328094482421875,"c":{"r":[0.02093825489282608,-2.3348240674181397e-8,-0.9997807741165161,-1.0462650124054562e-7,1,-2.5544537152200064e-8,0.9997807741165161,1.051384259653787e-7,0.02093825489282608],"p":[-320.8359069824219,1638.0577392578125,2787.221435546875]},"j":true},{"t":5.3942131996154785,"c":{"r":[0.020938364788889885,-2.9533827827776804e-8,-0.9997807741165161,-1.3301881551797123e-7,1,-3.232610978898265e-8,0.9997807741165161,1.33666503643326e-7,0.020938364788889885],"p":[-319.96929931640625,1640.502197265625,2787.201904296875]},"j":false},{"t":5.408166408538818,"c":{"r":[0.020938459783792496,-3.069126819355006e-8,-0.9997807741165161,-1.3833157197495893e-7,1,-3.359508227163133e-8,0.9997807741165161,1.3900466910854448e-7,0.020938459783792496],"p":[-319.8067932128906,1640.863525390625,2787.1982421875]},"j":true},{"t":5.463618516921997,"c":{"r":[0.02093842625617981,-3.608295173762599e-8,-0.9997807741165161,-1.630794628226795e-7,1,-3.950624005710779e-8,0.9997807741165161,1.6387090795433323e-7,0.02093842625617981],"p":[-319.0484313964844,1642.1441650390625,2787.18115234375]},"j":false},{"t":5.525998592376709,"c":{"r":[0.02093842439353466,-3.439203410948721e-8,-0.9997807741165161,-1.5575911049836577e-7,1,-3.766164269336514e-8,0.9997807741165161,1.5651353635348642e-7,0.02093842439353466],"p":[-318.23590087890625,1642.7752685546875,2787.162841796875]},"j":false},{"t":5.59643292427063,"c":{"r":[0.0409659780561924,2.283000632985477e-8,-0.9991605281829834,1.0386169435605552e-7,1,2.7107557087902023e-8,0.9991605281829834,-1.0488499668781515e-7,0.0409659780561924],"p":[-317.3152160644531,1642.5643310546875,2787.13916015625]},"j":false},{"t":5.661943674087524,"c":{"r":[0.04187220335006714,2.308436819475901e-8,-0.9991229772567749,1.0530130367669699e-7,1,2.7517700118551147e-8,0.9991229772567749,-1.0636117764306618e-7,0.04187220335006714],"p":[-316.5035705566406,1641.5604248046875,2787.106201171875]},"j":false},{"t":5.732345819473267,"c":{"r":[0.055568043142557144,1.8160180914605917e-8,-0.9984549283981323,8.988420319155921e-8,1,2.3190702691522347e-8,0.9984549283981323,-9.103398213028413e-8,0.055568043142557144],"p":[-315.52972412109375,1639.3443603515625,2787.063232421875]},"j":false},{"t":5.799658536911011,"c":{"r":[0.02244945988059044,2.1228812485674098e-8,-0.9997479915618896,9.354222640922671e-8,1,2.33346657552147e-8,0.9997479915618896,-9.404249823319333e-8,0.02244945988059044],"p":[-314.6643371582031,1636.4478759765625,2787.01904296875]},"j":false},{"t":5.863342046737671,"c":{"r":[-0.1421324610710144,3.482901078655232e-8,-0.9898476600646973,1.0089619451036924e-7,1,2.06985237838353e-8,0.9898476600646973,-9.692993074850165e-8,-0.1421324610710144],"p":[-314.0251770019531,1636.15869140625,2786.931640625]},"j":false},{"t":5.929342031478882,"c":{"r":[-0.21072950959205627,4.6182872637245964e-8,-0.9775444269180298,1.103441462646515e-7,1,2.345684180227181e-8,0.9775444269180298,-1.0292325214322773e-7,-0.21072950959205627],"p":[-313.36376953125,1635.6380615234375,2786.986328125]},"j":false},{"t":5.9983274936676025,"c":{"r":[-0.23693564534187317,5.1596916961216266e-8,-0.9715253710746765,1.1582558556710865e-7,1,2.4861632752504192e-8,0.9715253710746765,-1.0663688954082318e-7,-0.23693564534187317],"p":[-312.7039794921875,1635.7506103515625,2787.078125]},"j":false},{"t":6.067161321640015,"c":{"r":[-0.2444992959499359,4.9565105797455544e-8,-0.9696494936943054,1.1057954907300882e-7,1,2.323363723633065e-8,0.9696494936943054,-1.0154278839991093e-7,-0.2444992959499359],"p":[-312.004638671875,1635.843017578125,2787.21142578125]},"j":false},{"t":6.134645223617554,"c":{"r":[-0.2443956881761551,5.053110996300347e-8,-0.969675600528717,1.113938310481899e-7,1,2.4035811563294374e-8,0.969675600528717,-1.0214162671218219e-7,-0.2443956881761551],"p":[-311.3434143066406,1635.9261474609375,2787.35009765625]},"j":false},{"t":6.20334267616272,"c":{"r":[-0.20346935093402863,3.741625320685671e-8,-0.9790813326835632,9.153814772844271e-8,1,1.9192526679034927e-8,0.9790813326835632,-8.571819876124209e-8,-0.20346935093402863],"p":[-310.67596435546875,1636.008056640625,2787.48974609375]},"j":false},{"t":6.2067711353302,"c":{"r":[-0.20346935093402863,3.741625320685671e-8,-0.9790813326835632,9.153814772844271e-8,1,1.9192526679034927e-8,0.9790813326835632,-8.571819876124209e-8,-0.20346935093402863],"p":[-310.67596435546875,1636.008056640625,2787.48974609375]},"j":true},{"t":6.217795133590698,"c":{"r":[-0.19662733376026154,4.208393988847092e-8,-0.9804782867431641,1.0496826519101887e-7,1,2.1871274569207344e-8,0.9804782867431641,-9.861861371973646e-8,-0.19662733376026154],"p":[-310.5496520996094,1636.604248046875,2787.51318359375]},"j":true},{"t":6.226047515869141,"c":{"r":[-0.18836873769760132,4.763637306837154e-8,-0.982098400592804,1.2085881451184832e-7,1,2.532368803542795e-8,0.982098400592804,-1.139250471737796e-7,-0.18836873769760132],"p":[-310.45819091796875,1636.98486328125,2787.53076171875]},"j":true},{"t":6.268494367599487,"c":{"r":[-0.12663020193576813,4.596534353140669e-8,-0.9919499754905701,1.30223440919508e-7,1,2.9714323446228263e-8,0.9919499754905701,-1.2541241289909522e-7,-0.12663020193576813],"p":[-309.8765869140625,1638.8341064453125,2787.62744140625]},"j":false},{"t":6.335213661193848,"c":{"r":[-0.11150016635656357,5.376324097028373e-8,-0.9937644004821777,1.4676577109185018e-7,1,3.763349809560168e-8,0.9937644004821777,-1.416544677113052e-7,-0.11150016635656357],"p":[-309.0159912109375,1640.7882080078125,2787.7294921875]},"j":false},{"t":6.4025468826293945,"c":{"r":[-0.09809362143278122,6.362870408338495e-8,-0.9951772093772888,1.6975141647890268e-7,1,4.720483559594868e-8,0.9951772093772888,-1.6430223581664904e-7,-0.09809362143278122],"p":[-308.1545104980469,1641.8702392578125,2787.824951171875]},"j":false},{"t":6.468968391418457,"c":{"r":[-0.07017374038696289,1.428023299610004e-8,-0.9975348114967346,4.021339350401831e-8,1,1.1486625872692002e-8,0.9975348114967346,-3.9308197585796734e-8,-0.07017374038696289],"p":[-307.2911376953125,1642.080322265625,2787.9013671875]},"j":false},{"t":6.5358123779296875,"c":{"r":[-0.06975475698709488,-4.4850075653357635e-8,-0.9975641965866089,-1.2275988581222919e-7,1,-3.6375595868776145e-8,0.9975641965866089,1.1992349868705787e-7,-0.06975475698709488],"p":[-306.3724060058594,1641.34814453125,2787.964599609375]},"j":false},{"t":6.604952573776245,"c":{"r":[-0.04299009591341019,-1.7779866468004002e-8,-0.9990754723548889,-5.4926843517932866e-8,1,-1.5432823019523312e-8,0.9990754723548889,5.4212602407233135e-8,-0.04299009591341019],"p":[-305.507568359375,1639.759521484375,2788.02099609375]},"j":false},{"t":6.674622058868408,"c":{"r":[-0.021161530166864395,2.0035610504010037e-8,-0.9997760653495789,5.850668571838469e-8,1,1.880172995072371e-8,0.9997760653495789,-5.8095711352734725e-8,-0.021161530166864395],"p":[-304.5872497558594,1637.116455078125,2788.049560546875]},"j":false},{"t":6.73522424697876,"c":{"r":[0.020974943414330482,2.18404796470395e-8,-0.999779999256134,7.00006381748608e-8,1,2.3313868169339003e-8,0.999779999256134,-7.047424332995433e-8,0.020974943414330482],"p":[-303.80438232421875,1635.8414306640625,2788.058837890625]},"j":false},{"t":6.805828809738159,"c":{"r":[0.03498241305351257,-2.9273540036456325e-8,-0.9993879199028015,-1.0425613083953067e-7,1,-3.29408358368255e-8,0.9993879199028015,1.0534466809986043e-7,0.03498241305351257],"p":[-302.8442687988281,1635.9617919921875,2788.037841796875]},"j":false},{"t":6.867754220962524,"c":{"r":[0.035103343427181244,-1.616447753427508e-9,-0.9993836879730225,-2.6019881804728584e-9,1,-1.7088394033137888e-9,0.9993836879730225,2.660370590490402e-9,0.035103343427181244],"p":[-301.990478515625,1635.95166015625,2788.015380859375]},"j":false},{"t":6.932193040847778,"c":{"r":[0.03516843169927597,2.659626296974693e-8,-0.999381422996521,1.0180914955526532e-7,1,3.0195408839972515e-8,0.999381422996521,-1.0280809448204309e-7,0.03516843169927597],"p":[-301.13275146484375,1635.9385986328125,2787.98974609375]},"j":false},{"t":7.00434136390686,"c":{"r":[0.014313564635813236,-7.77181607958255e-9,-0.9998975396156311,-3.976800400096181e-8,1,-8.341892510088655e-9,0.9998975396156311,3.988333219240303e-8,0.014313564635813236],"p":[-300.0990905761719,1635.9254150390625,2787.96923828125]},"j":false},{"t":7.064690828323364,"c":{"r":[0.014239630661904812,-1.5653556673100866e-8,-0.9998986124992371,-6.16016890830906e-8,1,-1.6532419877535176e-8,0.9998986124992371,6.183086043165531e-8,0.014239630661904812],"p":[-299.29290771484375,1635.9180908203125,2787.955078125]},"j":false},{"t":7.125347852706909,"c":{"r":[0.0074614728800952435,1.5837464673040813e-8,-0.9999721646308899,7.818813685389614e-8,1,1.6421319415371727e-8,0.9999721646308899,-7.830848858247919e-8,0.0074614728800952435],"p":[-298.4289855957031,1635.9127197265625,2787.935302734375]},"j":false},{"t":7.197462558746338,"c":{"r":[-0.020382417365908623,4.469533188000696e-9,-0.9997922778129578,1.4758457567154437e-8,1,4.169586009794557e-9,0.9997922778129578,-1.4670405334982206e-8,-0.020382417365908623],"p":[-297.4513854980469,1635.9107666015625,2787.9267578125]},"j":false},{"t":7.2688493728637695,"c":{"r":[-0.020338725298643112,-1.4376928980652792e-8,-0.9997931718826294,-7.302320881308333e-8,1,-1.2894396661522478e-8,0.9997931718826294,7.274584135075202e-8,-0.020338725298643112],"p":[-296.4776306152344,1635.9122314453125,2787.925537109375]},"j":false},{"t":7.338962554931641,"c":{"r":[-0.048423316329717636,-2.8759803427647057e-8,-0.9988269209861755,-1.2831668527724105e-7,1,-2.257276499051386e-8,0.9988269209861755,1.2707310759196844e-7,-0.048423316329717636],"p":[-295.50958251953125,1635.9168701171875,2787.92431640625]},"j":false},{"t":7.405684471130371,"c":{"r":[-0.08322761952877045,1.456915743602849e-8,-0.9965305924415588,6.008752961861319e-8,1,9.601527573011026e-9,0.9965305924415588,-5.907994449216858e-8,-0.08322761952877045],"p":[-294.60723876953125,1635.9249267578125,2787.94970703125]},"j":false},{"t":7.431875467300415,"c":{"r":[-0.08322536945343018,2.2248292097515332e-8,-0.9965307712554932,9.049525573345818e-8,1,1.4768024136913027e-8,0.9965307712554932,-8.895223402305419e-8,-0.08322536945343018],"p":[-294.27081298828125,1635.9285888671875,2787.96435546875]},"j":true},{"t":7.441756963729858,"c":{"r":[-0.08299969881772995,2.205139182365201e-8,-0.9965495467185974,8.879707280584626e-8,1,1.4732093767122478e-8,0.9965495467185974,-8.72679208896443e-8,-0.08299969881772995],"p":[-294.10272216796875,1636.5247802734375,2787.9716796875]},"j":true},{"t":7.451430082321167,"c":{"r":[-0.08346855640411377,2.210195049201502e-8,-0.99651038646698,8.816805063815991e-8,1,1.479431599449299e-8,0.99651038646698,-8.66255192022436e-8,-0.08346855640411377],"p":[-293.99371337890625,1636.9053955078125,2787.9794921875]},"j":true},{"t":7.4722373485565186,"c":{"r":[-0.08366275578737259,2.215156591489631e-8,-0.9964941143989563,8.67560174810933e-8,1,1.4945715776093493e-8,0.9964941143989563,-8.520146366208792e-8,-0.08366275578737259],"p":[-293.7236633300781,1637.797119140625,2788.002197265625]},"j":false},{"t":7.538813352584839,"c":{"r":[-0.08367685228586197,2.2243900943408335e-8,-0.9964929223060608,8.199977230560762e-8,1,1.5436555145242892e-8,0.9964929223060608,-8.042051291567986e-8,-0.08367685228586197],"p":[-292.805908203125,1640.1917724609375,2788.0810546875]},"j":false},{"t":7.611108064651489,"c":{"r":[-0.08367305248975754,2.2328459081677465e-8,-0.9964932799339294,7.753918396247172e-8,1,1.589626208442496e-8,0.9964932799339294,-7.593718009957229e-8,-0.08367305248975754],"p":[-291.942138671875,1641.5462646484375,2788.1552734375]},"j":false},{"t":7.673031806945801,"c":{"r":[-0.08367279917001724,2.2407627753295856e-8,-0.9964932799339294,7.337124685591334e-8,1,1.632569990306365e-8,0.9964932799339294,-7.174794092179582e-8,-0.08367279917001724],"p":[-291.1323547363281,1642.0242919921875,2788.224853515625]},"j":false},{"t":7.738189458847046,"c":{"r":[-0.08367307484149933,2.2491855489192858e-8,-0.9964932799339294,6.894016735259356e-8,1,1.678226979606734e-8,0.9964932799339294,-6.729418799977793e-8,-0.08367307484149933],"p":[-290.2685852050781,1641.6893310546875,2788.299072265625]},"j":false},{"t":7.802887678146362,"c":{"r":[-0.08367300033569336,2.25757919025682e-8,-0.9964932799339294,6.452422951497283e-8,1,1.7237301364048108e-8,0.9964932799339294,-6.285566200858739e-8,-0.08367300033569336],"p":[-289.4048156738281,1640.482421875,2788.373291015625]},"j":false},{"t":7.870628118515015,"c":{"r":[-0.06383209675550461,2.1854765108741958e-8,-0.99796062707901,6.178263589617927e-8,1,1.7947650476912713e-8,0.99796062707901,-6.051100598369885e-8,-0.06383209675550461],"p":[-288.5409851074219,1638.4034423828125,2788.4462890625]},"j":false},{"t":7.938819646835327,"c":{"r":[0.020844716578722,2.0386337951094902e-8,-0.9997827410697937,8.440337495585482e-8,1,2.2150516088004224e-8,0.9997827410697937,-8.484675362296912e-8,0.020844716578722],"p":[-287.6747741699219,1636.5478515625,2788.466552734375]},"j":false},{"t":8.008296251296997,"c":{"r":[0.06975731253623962,-2.5108789714067825e-8,-0.9975640177726746,-7.758786324529865e-8,1,-3.0595643352171464e-8,0.9975640177726746,7.953313030384379e-8,0.06975731253623962],"p":[-286.7548828125,1635.9615478515625,2788.429443359375]},"