{"v":1,"d":[{"t":0.06059765815734863,"c":{"r":[0.3023760914802551,-1.4809236503765533e-8,0.9531887173652649,-1.3097621653912483e-8,1,1.9691425379164684e-8,-0.9531887173652649,-1.8438720772451234e-8,0.3023760914802551],"p":[-207.52981567382812,1665.70166015625,2749.011962890625]},"j":false},{"t":0.03333333333333333,"j":false,"c":{"p":[-207.24877380414068,1665.7124718216194,2749.1010772233667],"r":[0.3023766513883516,1.1909369361276227e-8,0.9531885573915231,1.4212285935011298e-10,1,-1.2539282573587717e-8,-0.9531885573915231,3.927007974336783e-9,0.3023766513883516]}},{"t":0.06666666666666667,"j":false,"c":{"p":[-207.5923752827536,1665.6992534915132,2748.992126138855],"r":[0.30237596684533297,-2.0756768577225184e-8,0.9531887529752426,-1.6044774118931926e-8,1,2.68659452724393e-8,-0.9531887529752426,-2.3417307220401456e-8,0.30237596684533297]}},{"t":0.1,"j":false,"c":{"p":[-207.93597676136653,1665.686035161407,2748.883175054343],"r":[0.3023752823023143,-5.3422906515726596e-8,0.9531889485589623,-3.223167109721396e-8,1,6.627117311846631e-8,-0.9531889485589623,-5.07616224151397e-8,0.3023752823023143]}},{"t":0.13333333333333333,"j":false,"c":{"p":[-208.3057051351588,1665.6715527011752,2748.7659424083436],"r":[0.30237355504533053,-5.300864905962604e-8,0.9531894842899994,-2.966491632834703e-8,1,6.502238001104593e-8,-0.9531894842899994,-4.7937461936717265e-8,0.30237355504533053]}},{"t":0.16666666666666666,"j":false,"c":{"p":[-208.72320435373695,1665.6547588846336,2748.6335676191347],"r":[0.30236992127298606,7.890347321793946e-9,0.9531906419519852,7.191323686750129e-9,1,-1.055889353688882e-8,-0.9531906419519852,1.004723556369413e-8,0.30236992127298606]}},{"t":0.19999999999999998,"j":false,"c":{"p":[-209.12762875334266,1665.6360202621988,2748.4928444331],"r":[0.34870340125717747,3.501138688130922e-8,0.9333319200760879,2.3732019779257672e-8,1,-4.59641987192049e-8,-0.9333319200760879,3.7968140510575656e-8,0.34870340125717747]}},{"t":0.2333333333333333,"j":false,"c":{"p":[-209.51897935640372,1665.615336985951,2748.3437735030693],"r":[0.4413703715173318,2.8357110995570484e-8,0.8936148716698614,1.9958760588880684e-8,1,-4.1196677225771836e-8,-0.8936148716698614,3.582760383948277e-8,0.4413703715173318]}},{"t":0.26666666666666666,"j":false,"c":{"p":[-209.90215105934485,1665.4254348304466,2748.146660297146],"r":[0.5040149786412296,1.6320827903309544e-9,0.8628247326855567,5.627932614590329e-9,1,-3.2083440180258357e-9,-0.8628247326855567,5.079092027145333e-9,0.5040149786412296]}},{"t":0.3,"j":false,"c":{"p":[-210.2790052418501,1665.1048251577754,2747.9124384268193],"r":[0.5434698059824858,-4.059593311273828e-8,0.8389298891413354,-1.6857739601237192e-8,1,6.044030461389657e-8,-0.8389298891413354,-4.776670241886887e-8,0.5434698059824858]}},{"t":0.3333333333333333,"j":false,"c":{"p":[-210.63668869789632,1664.7508565409096,2747.678497883091],"r":[0.553393112899051,-3.585299647242521e-8,0.832920198238613,-1.6637114295297035e-8,1,5.409873736045541e-8,-0.832920198238613,-4.379532282787382e-8,0.553393112899051]}},{"t":0.36666666666666664,"j":false,"c":{"p":[-210.98792834950305,1664.3856750723476,2747.4446519009116],"r":[0.5533900697201464,-1.5321840581690802e-8,0.8329221953247692,-8.784282610151262e-9,1,2.4231548122621965e-8,-0.8329221953247692,-2.0726140183871882e-8,0.5533900697201464]}},{"t":0.39999999999999997,"j":false,"c":{"p":[-211.3397334396042,1664.1644984446798,2747.2112011143818],"r":[0.5615115236278524,2.5670437688257655e-8,0.8274028804117255,9.33646377373194e-9,1,-3.799184830785405e-8,-0.8274028804117255,2.9487275714474127e-8,0.5615115236278524]}},{"t":0.4333333333333333,"j":false,"c":{"p":[-211.6907951321352,1663.9663400693607,2746.9774164645173],"r":[0.5726469053837852,6.822862311247047e-8,0.8192946293150896,2.8582907133282856e-8,1,-1.0294654909672805e-7,-0.8192946293150896,8.215385402864208e-8,0.5726469053837852]}},{"t":0.4666666666666666,"j":false,"c":{"p":[-211.99279171658523,1663.836032780518,2746.7203271081726],"r":[0.6890968112655884,1.9568590012947636e-8,0.7076243417720111,2.2163390544644776e-8,1,-3.8743968712905024e-8,-0.7076243417720111,3.604219647888514e-8,0.6890968112655884]}},{"t":0.49999999999999994,"j":false,"c":{"p":[-212.28413789926097,1663.7151162171676,2746.4634110831644],"r":[0.8008612995310052,-2.6118037135138046e-8,0.597388971485471,1.6366984754454425e-8,1,2.2295507939127853e-8,-0.597388971485471,-8.294126981022403e-9,0.8008612995310052]}},{"t":0.5333333333333333,"j":false,"c":{"p":[-212.44865557205785,1663.7060275215447,2746.2085591450877],"r":[0.8568302838294487,-3.639636194137641e-8,0.5042410708834839,1.7990788617521546e-8,1,4.566769828613485e-8,-0.5042410708834839,-3.148918441878022e-8,0.8568302838294487]}},{"t":0.5666666666666667,"j":true,"c":{"p":[-212.60948157500715,1663.6921613920454,2745.952638967013],"r":[0.9077796206242198,-4.1576121241581476e-8,0.4194474112695687,1.756584490936798e-8,1,6.110480599087898e-8,-0.4194474112695687,-4.81017934426093e-8,0.9077796206242198]}},{"t":0.6,"j":true,"c":{"p":[-212.7328346381068,1663.629801085201,2745.6858754321797],"r":[0.9077761483278032,4.997999522055654e-9,0.41945493457847133,-3.6552690071655596e-9,1,-4.004529196674076e-9,-0.41945493457847133,2.1018903394052806e-9,0.9077761483278032]}},{"t":0.6333333333333333,"j":false,"c":{"p":[-212.90993668336688,1664.8993822445216,2745.3026207272487],"r":[0.9077800655752705,5.467464663208701e-8,0.41944649736899037,-2.6249221904879937e-8,1,-7.354005609718303e-8,-0.41944649736899037,5.574804696737809e-8,0.9077800655752705]}},{"t":0.6666666666666666,"j":false,"c":{"p":[-213.09301563895286,1666.1582595234725,2744.907100081576],"r":[0.9077783841359585,6.19973015243513e-8,0.4194501454917835,-2.9164183041598014e-8,1,-8.468861660850183e-8,-0.4194501454917835,6.464554459780152e-8,0.9077783841359585]}},{"t":0.7,"j":false,"c":{"p":[-213.27661835255722,1667.3703969703895,2744.5101761074266],"r":[0.9082578104496676,6.257402082674141e-8,0.4183845770814136,-2.868200368166715e-8,1,-8.704286329194587e-8,-0.4183845770814136,6.694605343213369e-8,0.9082578104496676]}},{"t":0.7333333333333333,"j":false,"c":{"p":[-213.46434490955872,1668.2145252585815,2744.1022029337055],"r":[0.9125252704755686,1.003617010974444e-8,0.4089004615829541,-1.4522139464167958e-9,1,-2.0154498426554956e-8,-0.4089004615829541,1.7304734678747098e-8,0.9125252704755686]}},{"t":0.7666666666666666,"j":false,"c":{"p":[-213.64799972925033,1668.971492999915,2743.6996823593363],"r":[0.9160365347751448,-3.990520014757764e-8,0.40109476367401,2.524162681666658e-8,1,4.1853160571316545e-8,-0.40109476367401,-2.822056047820581e-8,0.9160365347751448]}},{"t":0.7999999999999999,"j":false,"c":{"p":[-213.81373746203008,1669.3449234512711,2743.3211551541503],"r":[0.916220269934297,-7.8421136365357e-8,0.40067469787654963,4.957710219816679e-8,1,8.238398436021655e-8,-0.40067469787654963,-5.5633893370615914e-8,0.916220269934297]}},{"t":0.8333333333333333,"j":false,"c":{"p":[-213.98265854960977,1669.6285773110365,2742.9352849223205],"r":[0.916363433807254,-9.654129758775862e-8,0.4003473929090549,6.102484457271062e-8,1,1.0146275533712188e-7,-0.4003473929090549,-6.854560218248864e-8,0.916363433807254]}},{"t":0.8666666666666666,"j":false,"c":{"p":[-214.16278602866137,1669.5961898579067,2742.5235649702026],"r":[0.9163637742300468,-4.286203545422789e-8,0.4003466346946529,2.7103788827330485e-8,1,4.502367901225562e-8,-0.4003466346946529,-3.040711815084086e-8,0.9163637742300468]}},{"t":0.8999999999999999,"j":false,"c":{"p":[-214.33737776251593,1669.4449437596293,2742.1205166905684],"r":[0.9217331539166197,-2.9397016490662572e-9,0.38615161634433415,5.1708813736924395e-9,1,-7.523672120022492e-9,-0.38615161634433415,9.159587669023294e-9,0.9217331539166197]}},{"t":0.9333333333333332,"j":false,"c":{"p":[-214.49875482912796,1669.0099639654186,2741.738169014417],"r":[0.9399192483826478,4.142748153836195e-9,0.3380727363328228,1.1855510473678613e-8,1,-5.078088225260443e-8,-0.3380727363328228,5.213567650920923e-8,0.9399192483826478]}},{"t":0.9666666666666666,"j":false,"c":{"p":[-214.63607152790527,1668.433877690762,2741.346765793774],"r":[0.9590329887094786,-1.7589987266671985e-8,0.27223111255792587,3.795068855321466e-8,1,-5.9150081587978534e-8,-0.27223111255792587,6.258788610792784e-8,0.9590329887094786]}},{"t":0.9999999999999999,"j":false,"c":{"p":[-214.72669385314668,1667.5839436199471,2740.9377883207358],"r":[0.9799470274619596,-9.524485287126368e-8,0.171917023606732,1.0171625599734968e-7,1,1.8848727381602082e-10,-0.171917023606732,9.920438660157123e-9,0.9799470274619596]}},{"t":1.0333333333333332,"j":false,"c":{"p":[-214.80301861237982,1666.6115968488134,2740.52542148896],"r":[0.9951616417904874,-1.3158606738196734e-7,0.09819826872085653,1.281309462426792e-7,1,4.153035517010728e-8,-0.09819826872085653,-2.8598060580667368e-8,0.9951616417904874]}},{"t":1.0666666666666667,"j":false,"c":{"p":[-214.84235324623967,1665.3225485405467,2740.104285835655],"r":[0.9956309194738721,-6.104215664052867e-8,0.09328596248881742,5.791285090827254e-8,1,3.631183477121484e-8,-0.09328596248881742,-3.0510932837600077e-8,0.9956309194738721]}},{"t":1.1,"j":false,"c":{"p":[-214.87624120288157,1664.6152857019665,2739.717725537893],"r":[0.996600715783407,3.567342841160883e-11,0.0792463186203761,-2.090313148521028e-9,1,1.7874106150521033e-8,-0.0792463186203761,-1.695538950768443e-8,0.996600715783407]}},{"t":1.1333333333333335,"j":false,"c":{"p":[-214.90374015490323,1664.590462799723,2739.371722463823],"r":[0.9981576252423114,5.000970007136497e-8,0.05450022015645823,-5.011126483667176e-8,1,-1.6069880510897027e-8,-0.05450022015645823,1.474475367619633e-8,0.9981576252423114]}},{"t":1.166666666666667,"j":false,"c":{"p":[-214.92767515614034,1664.5891369442031,2739.0271762204084],"r":[0.9994140205723391,8.962640073026361e-8,0.03416145409877523,-8.80735585185968e-8,1,-4.786340316535736e-8,-0.03416145409877523,4.482713114451279e-8,0.9994140205723391]}},{"t":1.2000000000000004,"j":false,"c":{"p":[-214.93803216002786,1664.6773305173815,2738.68818023399],"r":[0.9995255123130407,8.978359331450014e-8,0.030613814335589858,-8.771421421906052e-8,1,-7.146405326009943e-8,-0.030613814335589858,6.874611862061529e-8,0.9995255123130407]}},{"t":1.2333333333333338,"j":false,"c":{"p":[-214.9480924432005,1664.7443607503194,2738.3521373476246],"r":[0.9996101260185242,7.677328357614414e-8,0.027921419061555305,-7.462030068390297e-8,1,-7.815054685432363e-8,-0.027921419061555305,7.60365688266232e-8,0.9996101260185242]}},{"t":1.2666666666666673,"j":false,"c":{"p":[-214.95721863134074,1664.7447674885095,2738.025391001582],"r":[0.9996101260185242,2.231086789170401e-8,0.02792138596111666,-2.1437181147467632e-8,1,-3.1590237063130146e-8,-0.02792138596111666,3.09793625248587e-8,0.9996101260185242]}},{"t":1.3000000000000007,"j":false,"c":{"p":[-214.9662520365543,1664.7752207173023,2737.7020419412393],"r":[0.9996101260185242,-1.5950899800921512e-8,0.027921353710276688,1.5786517293307276e-8,1,6.1077903799821136e-9,-0.027921353710276688,-5.66462892642607e-9,0.9996101260185242]}},{"t":1.3333333333333341,"j":false,"c":{"p":[-214.97516752477554,1664.8438597624622,2737.3830104609297],"r":[0.9996101260185242,-3.36234087537151e-8,0.02792132253918408,3.272753010061211e-8,1,3.254282239338802e-8,-0.02792132253918408,-3.16163408171745e-8,0.9996101260185242]}},{"t":1.3666666666666676,"j":false,"c":{"p":[-214.98473920643764,1664.8510521239975,2737.0405756915393],"r":[0.9996101260185242,-3.788645551133155e-8,0.02792125584254061,3.658370719804409e-8,1,4.716873638006844e-8,-0.02792125584254061,-4.612888406110544e-8,0.9996101260185242]}},{"t":1.400000000000001,"j":false,"c":{"p":[-214.99553537801526,1664.7435818879592,2736.6544692093826],"r":[0.9996101260185242,-1.712677237267784e-8,0.027921122853435076,1.6022923723934406e-8,1,3.9758243060107945e-8,-0.027921122853435076,-3.92953641206273e-8,0.9996101260185242]}},{"t":1.4333333333333345,"j":true,"c":{"p":[-215.0041436357178,1664.7744293519622,2736.3467360580617],"r":[0.9996101260185242,2.257963577711847e-9,0.027921571052842088,-3.1761060080384536e-9,1,3.28385482452649e-8,-0.027921571052842088,-3.291442618641803e-8,0.9996101260185242]}},{"t":1.466666666666668,"j":false,"c":{"p":[-215.01149696216655,1666.2288996465861,2736.083958499295],"r":[0.9996101260185242,2.2206332418908893e-8,0.02792073677214982,-2.2933328372716284e-8,1,2.5717681031851046e-8,-0.02792073677214982,-2.6347971451315724e-8,0.9996101260185242]}},{"t":1.5000000000000013,"j":false,"c":{"p":[-215.02117366122707,1667.3836366701844,2735.7370287627627],"r":[0.9996101260185242,4.106901288186917e-8,0.02792115157547001,-4.161530216229476e-8,1,1.8984336864506636e-8,-0.02792115157547001,-2.0138882827094362e-8,0.9996101260185242]}},{"t":1.5333333333333348,"j":false,"c":{"p":[-215.03461861069158,1668.5332365313136,2735.254794172862],"r":[0.9996101260185242,6.389421874531489e-8,0.02792123183794269,-6.422182723718567e-8,1,1.0836510215407676e-8,-0.02792123183794269,-1.262543915788688e-8,0.9996101260185242]}},{"t":1.5666666666666682,"j":false,"c":{"p":[-215.04588615941898,1669.5314150685642,2734.7846030613705],"r":[0.999635718794893,8.306352175378933e-8,0.021632129019936393,-8.322177799365909e-8,1,3.6117739521374093e-9,-0.021632129019936393,-5.3145423371096115e-9,0.999635718794893]}},{"t":1.6000000000000016,"j":false,"c":{"p":[-215.05102178276823,1670.1031657816452,2734.3483284033973],"r":[0.9997333851185131,9.19371896437381e-8,-0.0023683673330946037,-9.206501105732511e-8,1,-1.0133850874142121e-9,0.0023683673330946037,1.4259486144282194e-9,0.9997333851185131]}},{"t":1.633333333333335,"j":false,"c":{"p":[-215.0512447481086,1670.5538132783408,2733.9146046191954],"r":[0.9997484408934294,9.313595676685438e-8,-0.021825625301972674,-9.323771877921257e-8,1,-3.934248025068768e-9,0.021825625301972674,5.899846626310622e-9,0.9997484408934294]}},{"t":1.6666666666666685,"j":false,"c":{"p":[-215.0384727263492,1670.6841179521027,2733.487628418825],"r":[0.9995449748390685,7.403303867659519e-8,-0.029265086777246863,-7.412031518357268e-8,1,-2.3468985411864536e-9,0.029265086777246863,4.378141858987979e-9,0.9995449748390685]}},{"t":1.700000000000002,"j":false,"c":{"p":[-215.02460508086284,1670.7007008739886,2733.052486797948],"r":[0.9993586506132295,5.3758814711790617e-8,-0.03573738449201096,-5.3808392959464005e-8,1,-5.596305266653511e-10,0.03573738449201096,2.4467805539403045e-9,0.9993586506132295]}},{"t":1.7333333333333354,"j":false,"c":{"p":[-215.00733054007532,1670.3636604737758,2732.591954404609],"r":[0.9992256297374427,2.9842358124662774e-8,-0.03920223942328699,-2.9782056924982854e-8,1,1.8492938885650332e-9,0.03920223942328699,-7.58427692436176e-10,0.9992256297374427]}},{"t":1.7666666666666688,"j":false,"c":{"p":[-214.99029626573866,1669.9417730574587,2732.148972393859],"r":[0.9991246580118126,6.531379961750392e-9,-0.04183175360768546,-6.360121895504361e-9,1,4.226253848181538e-9,0.04183175360768546,-3.956728292737408e-9,0.9991246580118126]}},{"t":1.8000000000000023,"j":false,"c":{"p":[-214.97401195631372,1669.2550451495958,2731.760771943675],"r":[0.999123724131599,-1.4889664873491912e-8,-0.04185384487766649,1.5175242850133028e-8,1,6.503440326944816e-9,0.04185384487766649,-7.1334674467323125e-9,0.999123724131599]}},{"t":1.8333333333333357,"j":false,"c":{"p":[-214.95769724703112,1668.5628833855362,2731.371846793529],"r":[0.9991227984428406,-3.6349922562430743e-8,-0.041875744008003035,3.6750028978702006e-8,1,8.784795232594815e-9,0.041875744008003035,-1.0316024578722847e-8,0.9991227984428406]}},{"t":1.8666666666666691,"j":false,"c":{"p":[-214.93794715221318,1667.2566598326264,2730.901025741224],"r":[0.9991227984428406,-6.224149278798085e-8,-0.041875930084196544,6.277969283045981e-8,1,1.1537210022435383e-8,0.041875930084196544,-1.4156051810423201e-8,0.9991227984428406]}},{"t":1.9000000000000026,"j":false,"c":{"p":[-214.91854112307985,1666.0934586723665,2730.438379189807],"r":[0.9991227984428406,-8.768668257731947e-8,-0.04187608631756452,8.836059524233944e-8,1,1.4242171638452122e-8,0.04187608631756452,-1.7929874203986857e-8,0.9991227984428406]}},{"t":1.933333333333336,"j":false,"c":{"p":[-214.90085242240826,1665.644122441232,2730.016533868102],"r":[0.9991227984428406,-1.1090386224491986e-7,-0.041876093597009,1.1170160327448261e-7,1,1.6710281136832593e-8,0.041876093597009,-2.1373249656980015e-8,0.9991227984428406]}},{"t":1.9666666666666694,"j":false,"c":{"p":[-214.8830370013625,1665.221709595027,2729.5916399574644],"r":[0.9991227984428406,-1.182274595420109e-7,-0.04187610000371933,1.1904135074629028e-7,1,1.694221589506357e-8,0.04187610000371933,-2.191234148070891e-8,0.9991227984428406]}},{"t":2.0000000000000027,"j":false,"c":{"p":[-214.86429133055958,1664.996940359422,2729.144366463967],"r":[0.9991227984428406,-8.876834289494594e-9,-0.04187610000371933,8.91641390910613e-9,1,7.584714684607107e-10,0.04187610000371933,-1.1311905417546859e-9,0.9991227984428406]}},{"t":2.033333333333336,"j":false,"c":{"p":[-214.84573091687048,1664.7833471699387,2728.7015300859007],"r":[0.9991227984428406,9.083251880017613e-8,-0.04187610000371933,-9.149736005150418e-8,1,-1.3959708429814012e-8,0.04187610000371933,1.7779015836684757e-8,0.9991227984428406]}},{"t":2.066666666666669,"j":false,"c":{"p":[-214.82956215166845,1664.7140354779328,2728.3159763686194],"r":[0.9991227984428406,6.60741334679195e-8,-0.04187610000371933,-6.654111434270043e-8,1,-9.757615228095392e-9,0.04187610000371933,1.2535538528286929e-8,0.9991227984428406]}},{"t":2.1000000000000023,"j":false,"c":{"p":[-214.81341578769457,1664.6458561175177,2727.930945557374],"r":[0.9991227984428406,4.124761822762077e-8,-0.04187610000371933,-4.1516194296763315e-8,1,-5.543958754499164e-9,0.04187610000371933,7.2776322744878426e-9,0.9991227984428406]}},{"t":2.1333333333333355,"j":false,"c":{"p":[-214.79846737734613,1664.6382306126436,2727.5738782656504],"r":[0.9991227984428406,1.2777710323934334e-8,-0.04187610000371933,-1.2818767076441794e-8,1,-7.1193156627331e-10,0.04187610000371933,1.2481072804596018e-9,0.9991227984428406]}},{"t":2.1666666666666687,"j":false,"c":{"p":[-214.78352069023876,1664.6306666181542,2727.2168524588137],"r":[0.9991227984428406,-1.5690336769578383e-8,-0.04187610000371933,1.5876784463198503e-8,1,4.119779795190209e-9,0.04187610000371933,-4.781023617413349e-9,0.9991227984428406]}},{"t":2.200000000000002,"j":false,"c":{"p":[-214.7698699094787,1664.6693594710753,2726.8910239869015],"r":[0.9991227984428406,-4.275902320925967e-8,-0.04187610000371933,4.316179247640947e-8,1,8.713984101458132e-9,0.04187610000371933,-1.0513787555706727e-8,0.9991227984428406]}},{"t":2.233333333333335,"j":false,"c":{"p":[-214.75621912871864,1664.7080523239965,2726.5651955149892],"r":[0.9991227984428406,-6.982770964894096e-8,-0.04187610000371933,7.044680048962043e-8,1,1.3308188407726055e-8,0.04187610000371933,-1.6246551494000106e-8,0.9991227984428406]}},{"t":2.2666666666666684,"j":false,"c":{"p":[-214.7403915192408,1664.706152059685,2726.2010285587658],"r":[0.9984520993026034,-9.707398311180035e-8,-0.05387244161323894,9.826979245764653e-8,1,1.77948642027674e-8,0.05387244161323894,-2.3451055816670102e-8,0.9984520993026034]}},{"t":2.3000000000000016,"j":false,"c":{"p":[-214.72428818271752,1664.6991100861571,2725.832005475406],"r":[0.9976964463528061,-1.2434275055630118e-7,-0.06738829451980977,1.261609279250479e-7,1,2.226791994655627e-8,0.06738829451980977,-3.084197748332538e-8,0.9976964463528061]}},{"t":2.333333333333335,"j":false,"c":{"p":[-214.6858701007349,1664.7204882925444,2725.4892024977976],"r":[0.9903198821901876,-4.0673109983204764e-8,-0.12264003035437329,4.061027673926471e-8,1,1.1557581577773191e-8,0.12264003035437329,-9.455691293615871e-9,0.9903198821901876]}},{"t":2.366666666666668,"j":false,"c":{"p":[-214.64271037160074,1664.7479054862633,2725.151971015055],"r":[0.9815364444941073,6.656976772711507e-8,-0.18676019943017197,-6.90455530391448e-8,1,-2.3790672849085076e-9,0.18676019943017197,1.8045446885295176e-8,0.9815364444941073]}},{"t":2.4000000000000012,"j":false,"c":{"p":[-214.5768727299354,1664.752897267845,2724.8023799328826],"r":[0.9790237745890507,6.825814001599109e-8,-0.20371776767320604,-7.0821587121574e-8,1,-5.390829705812171e-9,0.20371776767320604,1.9610168272191075e-8,0.9790237745890507]}},{"t":2.4333333333333345,"j":false,"c":{"p":[-214.50451443692555,1664.7514410003128,2724.449235056306],"r":[0.9783141582221585,3.959609417237514e-8,-0.20711452532104005,-4.157860506302433e-8,1,-5.261325250099928e-9,0.20711452532104005,1.3717310360569158e-8,0.9783141582221585]}},{"t":2.4666666666666677,"j":false,"c":{"p":[-214.43490810891723,1664.7615478858993,2724.1183511121635],"r":[0.9781473278999329,5.4396991295670146e-9,-0.20791310612429761,-6.585348320720404e-9,1,-4.818085802164596e-9,0.20791310612429761,6.081978007185734e-9,0.9781473278999329]}},{"t":2.500000000000001,"j":false,"c":{"p":[-214.36614762286172,1664.7752088137822,2723.7943092719543],"r":[0.9781473278999329,-3.040543506990901e-8,-0.20791311319037278,3.017530864825271e-8,1,-4.2784169961786465e-9,0.20791311319037278,-2.088920017875119e-9,0.9781473278999329]}},{"t":2.533333333333334,"j":false,"c":{"p":[-214.2870936643936,1664.715914648551,2723.428676477989],"r":[0.9766285796656841,-6.767188402257552e-8,-0.2147074785953999,6.850229654584247e-8,1,-3.962151809512775e-9,0.2147074785953999,-1.1188454326452354e-8,0.9766285796656841]}},{"t":2.5666666666666673,"j":false,"c":{"p":[-214.20264356636184,1664.6183752878653,2723.041240488557],"r":[0.9743136591481151,-1.0568342777558197e-7,-0.22506364553568567,1.0765040096804734e-7,1,-3.7630013398783475e-9,0.22506364553568567,-2.0774806959191707e-8,0.9743136591481151]}},{"t":2.6000000000000005,"j":false,"c":{"p":[-214.10653097501427,1664.634139652501,2722.6632742619295],"r":[0.961588081561893,-5.7786047752197746e-8,-0.26857357923619585,5.96515084048603e-8,1,1.8288681889463445e-9,0.26857357923619585,-1.3220120317249845e-8,0.961588081561893]}},{"t":2.6333333333333337,"j":false,"c":{"p":[-214.00499189727415,1664.7026235434873,2722.2897142576767],"r":[0.9440184892876925,3.008422599508956e-8,-0.32750975664920995,-2.889634572978694e-8,1,9.929936720158254e-9,0.32750975664920995,2.310186448015921e-9,0.9440184892876925]}},{"t":2.666666666666667,"j":false,"c":{"p":[-213.87204217331202,1664.745434892487,2721.9357866146593],"r":[0.9250794984132221,4.6084678078685995e-8,-0.3764464066326466,-4.6064892738916174e-8,1,9.324761776662629e-9,0.3764464066326466,8.359810023041555e-9,0.9250794984132221]}},{"t":2.7,"j":false,"c":{"p":[-213.72883485834748,1664.77986250962,2721.5882701970118],"r":[0.9056933110480583,3.861502289881816e-8,-0.422117569434908,-3.992351694808344e-8,1,5.876439828164011e-9,0.422117569434908,1.1313382345190997e-8,0.9056933110480583]}},{"t":2.7333333333333334,"j":false,"c":{"p":[-213.5544843842759,1664.804130908883,2721.2251909457405],"r":[0.8862255922464799,1.0799854253660358e-8,-0.4616159289092702,-1.3436407547792058e-8,1,-2.999747629115463e-9,0.4616159289092702,7.426836571121711e-9,0.8862255922464799]}},{"t":2.7666666666666666,"j":false,"c":{"p":[-213.3629279037871,1664.822786532407,2720.853513523221],"r":[0.8667128288682313,-2.825582580020023e-8,-0.4977039312870026,2.4291334886691886e-8,1,-1.4874728126464625e-8,0.4977039312870026,-2.387450886032291e-10,0.8667128288682313]}},{"t":2.8,"j":true,"c":{"p":[-213.15100129204544,1664.8248998035758,2720.504238612235],"r":[0.831937241894809,-6.5466541417989e-8,-0.5506355550115549,5.97193201312182e-8,1,-2.933925173987479e-8,0.5506355550115549,-1.0693810510473996e-8,0.831937241894809]}},{"t":2.833333333333333,"j":true,"c":{"p":[-212.92564132187383,1664.8161039968545,2720.16973734033],"r":[0.7870963795697996,-1.0146057029710506e-7,-0.6146749325351636,9.363069940736818e-8,1,-4.551148456812532e-8,0.6146749325351636,-2.298843870916001e-8,0.7870963795697996]}},{"t":2.8666666666666663,"j":false,"c":{"p":[-212.63897139752456,1666.0827777110778,2719.799675867417],"r":[0.716896062485709,-1.3297056915518271e-7,-0.6963510705887679,1.3991186866935938e-7,1,-4.7605921144408365e-8,0.6963510705887679,-6.272466239833943e-8,0.716896062485709]}},{"t":2.8999999999999995,"j":false,"c":{"p":[-212.31201714915855,1667.4233476457184,2719.498499396829],"r":[0.6408134235968205,-7.194979301270106e-8,-0.7648943303926892,1.3757096442105323e-7,1,1.88458388523484e-8,0.7648943303926892,-1.1516763136135768e-7,0.6408134235968205]}},{"t":2.9333333333333327,"j":false,"c":{"p":[-211.96931663637343,1668.5196098380015,2719.216020976192],"r":[0.6097776898111945,-2.2270330367913406e-8,-0.792562297226101,1.1268187262540417e-7,1,5.867073197294998e-8,0.792562297226101,-1.24929446576313e-7,0.6097776898111945]}},{"t":2.966666666666666,"j":false,"c":{"p":[-211.6169957536915,1669.466609272619,2718.944966354374],"r":[0.6062639052488275,2.048002019929473e-8,-0.795257011512165,7.401669407458436e-8,1,8.22276200783315e-8,0.795257011512165,-1.0861469685186661e-7,0.6062639052488275]}},{"t":2.999999999999999,"j":false,"c":{"p":[-211.26426126845053,1670.1032005021214,2718.6884629309457],"r":[0.5897260597953458,4.5537342392846194e-8,-0.8071638493980874,6.477356089856427e-8,1,1.0325182557719269e-7,0.8071638493980874,-1.1284215706588069e-7,0.5897260597953458]}},{"t":3.0333333333333323,"j":false,"c":{"p":[-210.91132538094084,1670.5886395799728,2718.4390451608906],"r":[0.5668461950444303,6.197910847729466e-8,-0.8235564975185509,6.985738619555389e-8,1,1.2304275045036323e-7,0.8235564975185509,-1.270725720365429e-7,0.5668461950444303]}},{"t":3.0666666666666655,"j":false,"c":{"p":[-210.5592546273255,1670.7917269797044,2718.1986618038923],"r":[0.5572194921922408,3.634558792883855e-8,-0.8303585263164379,4.898040013854121e-8,1,7.690426984316347e-8,0.8303585263164379,-8.366664774713672e-8,0.5572194921922408]}},{"t":3.0999999999999988,"j":false,"c":{"p":[-210.20761414036068,1670.8543892826733,2717.9627716319037],"r":[0.554184131578341,-1.0213702340900406e-8,-0.8323907458631203,1.519203536862219e-8,1,-2.0236144104131335e-9,0.8323907458631203,-1.1595802563508537e-8,0.554184131578341]}},{"t":3.133333333333332,"j":false,"c":{"p":[-209.84373651828903,1670.597570714647,2717.7222383743897],"r":[0.5318941955114129,-6.739541080633524e-8,-0.8461951254348762,-1.2739952965599582e-9,1,-7.866159184538771e-8,0.8461951254348762,4.1098616288917876e-8,0.5318941955114129]}},{"t":3.166666666666665,"j":false,"c":{"p":[-209.47575818322377,1670.233692826978,2717.480149200317],"r":[0.5031519740804712,-1.2813673416027906e-7,-0.863944402987785,-1.19352424136859e-8,1,-1.5453221233257266e-7,0.863944402987785,8.729991705994635e-8,0.5031519740804712]}},{"t":3.1999999999999984,"j":false,"c":{"p":[-209.09599111958943,1669.5614135459668,2717.29232853971],"r":[0.40619417204290637,-8.460099473028966e-8,-0.9059699369038545,5.2295762534871955e-8,1,-8.506369860546535e-8,0.9059699369038545,-5.076264690839334e-9,0.40619417204290637]}},{"t":3.2333333333333316,"j":false,"c":{"p":[-208.71290801868543,1668.8023844082302,2717.1197730039357],"r":[0.2900480914443271,-1.173328582310672e-8,-0.9548241097521522,1.3759311892277427e-7,1,2.5287085247035304e-8,0.9548241097521522,-1.3643273970111704e-7,0.2900480914443271]}},{"t":3.266666666666665,"j":false,"c":{"p":[-208.2914780272025,1667.655963039455,2717.0000438906573],"r":[0.25540103308657763,2.5033159183153353e-8,-0.9666402965389843,1.4040331876844614e-7,1,6.308093786708757e-8,0.9666402965389843,-1.5134500624176984e-7,0.25540103308657763]}},{"t":3.299999999999998,"j":false,"c":{"p":[-207.8642467022742,1666.4489944034704,2716.8899914383583],"r":[0.23454262491851927,5.437235587102887e-8,-0.97207676582756,1.2755629444911335e-7,1,8.685417584602677e-8,0.97207676582756,-1.4442679851007285e-7,0.23454262491851927]}},{"t":3.3333333333333313,"j":false,"c":{"p":[-207.49463504462278,1665.693929504009,2716.8136009239074],"r":[0.18911568755625283,6.074363291799295e-9,-0.9810743828416575,2.5422766349460754e-8,1,1.543115669938707e-8,0.9810743828416575,-2.9734050775738663e-8,0.18911568755625283]}},{"t":3.3666666666666645,"j":true,"c":{"p":[-207.13276307891599,1665.0709813473438,2716.742490266561],"r":[0.1518884026454429,-3.227240045525493e-8,-0.9883941778237723,-5.5420748682897e-8,1,-4.1169672688943464e-8,0.9883941778237723,6.103122777195608e-8,0.1518884026454429]}},{"t":3.3999999999999977,"j":true,"c":{"p":[-206.80076377519757,1664.95796030778,2716.6917581188195],"r":[0.14630907580053581,-3.2210698154586914e-8,-0.9892381323206227,-5.409182472894287e-8,1,-4.056173101131255e-8,0.9892381323206227,5.9444355307757924e-8,0.14630907580053581]}},{"t":3.433333333333331,"j":false,"c":{"p":[-206.3797696613295,1666.4554117294247,2716.6359682853977],"r":[0.11461349962312148,-1.636914475491799e-9,-0.9929728175271786,1.0225812887017145e-8,1,-2.0508504974283202e-9,0.9929728175271786,-9.46733088471434e-9,0.11461349962312148]}},{"t":3.466666666666664,"j":false,"c":{"p":[-205.91666106014404,1667.8124414564702,2716.5940026201965],"r":[0.06662741526421138,2.6467073557495832e-8,-0.9970586299357372,9.49098032219655e-8,1,3.0283964160454355e-8,0.9970586299357372,-9.590251050672775e-8,0.06662741526421138]}},{"t":3.4999999999999973,"j":false,"c":{"p":[-205.4664036393447,1668.9201191757145,2716.5648629037332],"r":[0.03531384189936278,3.2288647457741974e-8,-0.9992995386085911,1.1308852193191167e-7,1,3.6793405499096526e-8,0.9992995386085911,-1.1448666429366637e-7,0.03531384189936278]}},{"t":3.5333333333333306,"j":false,"c":{"p":[-205.02872783326828,1669.7836752813569,2716.548280099601],"r":[0.020323057841694973,1.6295201936280388e-8,-0.9997342421464976,6.615697998955432e-8,1,1.8019185149382413e-8,0.9997342421464976,-6.664303168559293e-8,0.020323057841694973]}},{"t":3.5666666666666638,"j":false,"c":{"p":[-204.59481179733967,1670.374581707097,2716.5441683936565],"r":[0.002721139503517057,2.768519322713255e-10,-0.9998517205039312,2.4434899024338798e-8,1,9.348354988886252e-10,0.9998517205039312,-2.4681531084723923e-8,0.002721139503517057]}},{"t":3.599999999999997,"j":false,"c":{"p":[-204.16291791930234,1670.8188460031047,2716.546764153493],"r":[-0.01628515345944514,-1.575489271926472e-8,-0.9997985822074748,-1.448532113283254e-8,1,-1.5240632694659237e-8,0.9997985822074748,1.4116318763976372e-8,-0.01628515345944514]}},{"t":3.63333333333333,"j":false,"c":{"p":[-203.72422663124533,1670.9502214744552,2716.5550050009597],"r":[-0.020784371322783622,-3.0962291313641285e-8,-0.9997839790618502,-4.7256144599728724e-8,1,-2.998288282825616e-8,0.9997839790618502,4.662095454394748e-8,-0.020784371322783622]}},{"t":3.6666666666666634,"j":false,"c":{"p":[-203.2834956499157,1670.9877086517533,2716.5649397652614],"r":[-0.020930463010115374,-4.592232905995815e-8,-0.9997809391274611,-7.818172362449884e-8,1,-4.429506838923225e-8,0.9997809391274611,7.72371907185075e-8,-0.020930463010115374]}},{"t":3.6999999999999966,"j":false,"c":{"p":[-202.85289304444987,1670.6489102100932,2716.57548419627],"r":[-0.0371861856318396,-6.170045191215148e-8,-0.9991707502458134,-1.0502541845619504e-7,1,-5.743508631086114e-8,0.9991707502458134,1.0258268091579637e-7,-0.0371861856318396]}},{"t":3.73333333333333,"j":false,"c":{"p":[-202.42381195187446,1670.2670499748892,2716.586942147053],"r":[-0.05521386701115367,-7.686861096500424e-8,-0.9984429050477293,-1.290472341429746e-7,1,-6.993785043106027e-8,0.9984429050477293,1.249958353060876e-7,-0.05521386701115367]}},{"t":3.766666666666663,"j":false,"c":{"p":[-202.01370304309768,1669.538409231488,2716.6213995121466],"r":[-0.08618361538205169,-7.408052312155034e-8,-0.9958744245290051,-8.66881312665381e-8,1,-6.798127617533995e-8,0.9958744245290051,8.061308544704907e-8,-0.08618361538205169]}},{"t":3.7999999999999963,"j":false,"c":{"p":[-201.6033502172413,1668.7332303982312,2716.6582211175046],"r":[-0.11117350033249182,-6.910109142870275e-8,-0.9938010032102255,-3.981317808721673e-8,1,-6.508209230566546e-8,0.9938010032102255,3.2331787734430614e-8,-0.11117350033249182]}},{"t":3.8333333333333295,"j":false,"c":{"p":[-201.1919844225717,1667.6101947827663,2716.704861230279],"r":[-0.11132947384805865,-5.502117779290298e-8,-0.9937835245546813,2.5815752999245944e-8,1,-5.826832343217401e-8,0.9937835245546813,-3.213987843864446e-8,-0.11132947384805865]}},{"t":3.8666666666666627,"j":false,"c":{"p":[-200.78336639129716,1666.4937725994198,2716.7511631033167],"r":[-0.1114698126912117,-3.8474017824740906e-8,-0.9937677979469299,8.114431030038866e-8,1,-4.781716381816673e-8,0.9937677979469299,-8.596877503117923e-8,-0.1114698126912117]}},{"t":3.899999999999996,"j":false,"c":{"p":[-200.39941263989513,1665.4367134387348,2716.7944288927006],"r":[-0.1114698126912117,2.194645538931671e-10,-0.9937677979469299,4.4015379345927533e-8,1,-4.716314136447288e-9,0.9937677979469299,-4.426679439454971e-8,-0.1114698126912117]}},{"t":3.933333333333329,"j":false,"c":{"p":[-200.02121377233968,1664.4683035980368,2716.8370694864866],"r":[-0.1122192734205922,3.573075283529943e-8,-0.9936757767298132,7.557499876695735e-9,1,3.514681821631923e-8,0.9936757767298132,-3.5712662619388796e-9,-0.1122192734205922]}},{"t":3.9666666666666623,"j":false,"c":{"p":[-199.7145373629659,1664.6016392400684,2716.8719400666278],"r":[-0.12228313129596632,3.1693311669978e-8,-0.9924401036461195,-2.056046291137602e-8,1,3.477117104922852e-8,0.9924401036461195,2.4615936933141555e-8,-0.12228313129596632]}},{"t":3.9999999999999956,"j":false,"c":{"p":[-199.40759771205083,1664.7335746343608,2716.906976442644],"r":[-0.1325289347140841,2.7189429363668617e-8,-0.9911704036436241,-4.8256654386340954e-8,1,3.386817768970662e-8,0.9911704036436241,5.228803278657743e-8,-0.1325289347140841]}},{"t":4.033333333333329,"j":false,"c":{"p":[-199.07191906864267,1664.7126401242026,2716.960113329618],"r":[-0.16263836437099785,-2.823745082027783e-8,-0.9861858668446805,-2.9906608094423685e-8,1,-2.4607029349498833e-8,0.9861858668446805,2.3724072768606915e-8,-0.16263836437099785]}},{"t":4.066666666666662,"j":false,"c":{"p":[-198.7362404252345,1664.6917056140444,2717.0132502165916],"r":[-0.1927477940279116,-8.366433100422428e-8,-0.9812013300457368,-1.1556561802506415e-8,1,-8.308223638870428e-8,0.9812013300457368,-4.839887249363597e-9,-0.1927477940279116]}},{"t":4.099999999999995,"j":false,"c":{"p":[-198.34799135764558,1664.6754244050574,2717.0923060828068],"r":[-0.20131881712444988,-4.81592194420328e-8,-0.9795009391381453,1.3187642079025885e-9,1,-4.946826364692651e-8,0.9795009391381453,-1.0994109873662588e-8,-0.20131881712444988]}},{"t":4.133333333333328,"j":false,"c":{"p":[-197.9656130832682,1664.6722762981192,2717.171344285981],"r":[-0.20832435885579517,-6.211695862873294e-9,-0.9780583509198756,1.2955489178619665e-8,1,-9.104768660279987e-9,0.9780583509198756,-1.4525931425838925e-8,-0.20832435885579517]}},{"t":4.166666666666662,"j":false,"c":{"p":[-197.64835428375224,1664.7667898929353,2717.2400697239577],"r":[-0.21192928630771624,4.882898127060412e-8,-0.9772789769122726,1.7359298463114443e-8,1,4.622392454387621e-8,0.9772789769122726,-6.9926874086944456e-9,-0.21192928630771624]}},{"t":4.199999999999995,"j":false,"c":{"p":[-197.3279912812078,1664.8422220222078,2717.309701467095],"r":[-0.2147296667098999,7.747333238301939e-8,-0.9766735434532166,1.5879864442166164e-8,1,7.583235264853721e-8,0.9766735434532166,7.740126330438193e-10,-0.2147296667098999]}},{"t":4.233333333333328,"j":false,"c":{"p":[-196.99682350431476,1664.851237448852,2717.382487779266],"r":[-0.2147296667098999,1.4240205225940205e-8,-0.9766735434532166,-6.077326919659286e-9,1,1.5916462259824184e-8,0.9766735434532166,9.353301169460597e-9,-0.2147296667098999]}},{"t":4.266666666666661,"j":false,"c":{"p":[-196.6700064810948,1664.8585896848563,2717.4543163239264],"r":[-0.2147296667098999,-3.2751098366761664e-8,-0.9766735434532166,-2.1190747530077794e-8,1,-2.887435157360568e-8,0.9766735434532166,1.4496262587916076e-8,-0.2147296667098999]}},{"t":4.2999999999999945,"j":false,"c":{"p":[-196.3502365210822,1664.8632479946014,2717.524593540083],"r":[-0.2147296667098999,-5.3434969762036614e-8,-0.9766735434532166,-2.5219080662249548e-8,1,-4.916656619606332e-8,0.9766735434532166,1.4073288487762671e-8,-0.2147296667098999]}},{"t":4.333333333333328,"j":false,"c":{"p":[-196.03269966129764,1664.8474678854,2717.594386428729],"r":[-0.2147296667098999,-4.8671608561754886e-8,-0.9766735434532166,-1.848283696594713e-8,1,-4.577045761394219e-8,0.9766735434532166,8.223422884997367e-9,-0.2147296667098999]}},{"t":4.366666666666661,"j":false,"c":{"p":[-195.7215475429548,1664.7732515184728,2717.6627945582445],"r":[-0.2147296667098999,2.884889917950501e-8,-0.9766735434532166,1.9030816054529388e-8,1,2.5353833049814384e-8,0.9766735434532166,-1.3142673759192327e-8,-0.2147296667098999]}},{"t":4.399999999999994,"j":false,"c":{"p":[-195.40599012840417,1664.738540657785,2717.732126070098],"r":[-0.2147296667098999,6.502812281237543e-8,-0.9766735434532166,3.50280683531392e-8,1,5.888001895014645e-8,0.9766735434532166,-2.156769996479632e-8,-0.2147296667098999]}},{"t":4.433333333333327,"j":false,"c":{"p":[-195.08285462886136,1664.771788015983,2717.8030460040472],"r":[-0.2147296667098999,3.0091183108320105e-8,-0.9766735434532166,1.4012346788934207e-8,1,2.7729138881646248e-8,0.9766735434532166,-7.73121932769535e-9,-0.2147296667098999]}},{"t":4.466666666666661,"j":false,"c":{"p":[-194.73913983461676,1664.7835464440948,2717.878560963729],"r":[-0.2147296667098999,-1.1179244457545435e-8,-0.9766735434532166,-1.028238615187927e-8,1,-9.185577838446969e-9,0.9766735434532166,8.070118327453795e-9,-0.2147296667098999]}},{"t":4.499999999999994,"j":false,"c":{"p":[-194.34010668396607,1664.737541362304,2717.966427623255],"r":[-0.2147296667098999,-6.947446047757243e-8,-0.9766735434532166,-4.339129482707125e-8,1,-6.159382700365756e-8,0.9766735434532166,2.9153107389349915e-8,-0.2147296667098999]}},{"t":4.533333333333327,"j":true,"c":{"p":[-193.97818302284784,1664.9659155249158,2718.0462147764233],"r":[-0.2147296667098999,-1.2176238689038494e-7,-0.9766735434532166,-7.30883511578732e-8,1,-1.0860143630250359e-7,0.9766735434532166,4.806350918261109e-8,-0.2147296667098999]}},{"t":4.56666666666666,"j":false,"c":{"p":[-193.52534944594083,1666.4925038113095,2718.1465251851523],"r":[-0.21473004494794837,-1.1005339142852915e-7,-0.9766734353852027,-6.49131730921609e-8,1,-9.841015352104852e-8,0.9766734353852027,4.2267367186151496e-8,-0.21473004494794837]}},{"t":4.599999999999993,"j":false,"c":{"p":[-193.08323491618484,1667.8288271380868,2718.245008029833],"r":[-0.22048255636709302,-4.1367485036482e-8,-0.9752046538730752,-2.1700329541166112e-8,1,-3.790125943555275e-8,0.9752046538730752,1.3562337994896968e-8,-0.22048255636709302]}},{"t":4.633333333333327,"j":false,"c":{"p":[-192.6862369662967,1668.747162513849,2718.336271172766],"r":[-0.2554163471020215,3.4300741754343426e-8,-0.9662850986743577,3.3277538962962026e-8,1,2.5563058053797247e-8,0.9662850986743577,-2.3427841275741804e-8,-0.2554163471020215]}},{"t":4.66666666666666,"j":false,"c":{"p":[-192.28067943892177,1669.5585188479606,2718.4462546161913],"r":[-0.3033605282832998,8.858010049249174e-8,-0.9508134280318618,8.3969136733434e-8,1,6.416023512822801e-8,0.9508134280318618,-6.049121834370766e-8,-0.3033605282832998]}},{"t":4.699999999999993,"j":false,"c":{"p":[-191.85541083411746,1670.1235228152002,2718.599347347788],"r":[-0.3812651618199193,9.360496799385324e-8,-0.920253482876044,1.2479026899963452e-7,1,4.549312188892785e-8,0.920253482876044,-9.772315600394605e-8,-0.3812651618199193]}},{"t":4.733333333333326,"j":false,"c":{"p":[-191.43587304983697,1670.6185716554085,2718.761526047367],"r":[-0.4537007551212121,9.517466402937722e-8,-0.8908444493544626,1.5549259910784381e-7,1,2.788756183375655e-8,0.8908444493544626,-1.2614188474714465e-7,-0.4537007551212121]}},{"t":4.7666666666666595,"j":false,"c":{"p":[-191.04924770526983,1670.7118640819397,2718.975885996078],"r":[-0.4947273283199889,7.690110688728981e-8,-0.8680451691169124,1.280820526018358e-7,1,1.6378564221995656e-8,0.8680451691169124,-1.0394583573556922e-7,-0.4947273283199889]}},{"t":4.799999999999993,"j":false,"c":{"p":[-190.67476688512352,1670.6759805116203,2719.197413824826],"r":[-0.53854864285164