{"v":1,"d":[{"t":0.0687403678894043,"c":{"r":[-8.624262970435836e-10,-9.38402280326045e-8,1,5.4694673679023253e-8,1,9.38402280326045e-8,-1,5.4694673679023253e-8,-8.624211900176704e-10],"p":[-232.2662353515625,1742.072265625,2791.994140625]},"j":false},{"t":0.03333333333333333,"j":false,"c":{"p":[-232.15524069137487,1742.0788903903076,2791.994140625],"r":[-8.624272741012508e-10,-1.566092212889221e-7,1,8.443380172162704e-8,1,1.566092212889221e-7,-1,8.443380172162704e-8,-8.624197787121511e-10]}},{"t":0.06666666666666667,"j":false,"c":{"p":[-232.25973467265973,1742.072653620891,2791.994140625],"r":[-8.624263542674011e-10,-9.7516450560066e-8,1,5.643641983083489e-8,1,9.7516450560066e-8,-1,5.643641983083489e-8,-8.624211073610453e-10]}},{"t":0.1,"j":false,"c":{"p":[-232.3642286539446,1742.0664168514743,2791.994140625],"r":[-8.624254344335512e-10,-3.8423679831209896e-8,1,2.8439037940042753e-8,1,3.8423679831209896e-8,-1,2.8439037940042753e-8,-8.624224360099394e-10]}},{"t":0.13333333333333333,"j":false,"c":{"p":[-232.46872263522945,1742.0601800820577,2791.994140625],"r":[-8.624245145997013e-10,2.0669090897646177e-8,1,4.4165604925061933e-10,1,-2.0669090897646177e-8,-1,4.4165604925061933e-10,-8.624237646588337e-10]}},{"t":0.16666666666666666,"j":false,"c":{"p":[-232.83624488488883,1742.0347588774287,2791.994140625],"r":[-8.624243401444491e-10,3.743402380289465e-8,1,-1.1489805535721019e-8,1,-3.743402380289465e-8,-1,-1.1489805535721019e-8,-8.624238898371405e-10]}},{"t":0.19999999999999998,"j":false,"c":{"p":[-233.28446731520464,1742.0034516613948,2791.994140625],"r":[-8.624243943801578e-10,4.1212275921809615e-8,1,-1.849205293734977e-8,1,-4.1212275921809615e-8,-1,-1.849205293734977e-8,-8.62423645776451e-10]}},{"t":0.2333333333333333,"j":false,"c":{"p":[-233.7174892948575,1741.9731481257481,2791.994140625],"r":[-8.624246617503264e-10,-5.7785451117140824e-9,1,-4.307134960374264e-9,1,5.7785451117140824e-9,-1,-4.307134960374264e-9,-8.62423429947074e-10]}},{"t":0.26666666666666666,"j":false,"c":{"p":[-234.14454671725662,1741.9432384277093,2791.994140625],"r":[-8.624250127530606e-10,-7.26908178344869e-8,1,1.819148790253969e-8,1,7.26908178344869e-8,-1,1.819148790253969e-8,-8.62423225195479e-10]}},{"t":0.3,"j":false,"c":{"p":[-234.56322085045693,1741.750078136552,2791.994140625],"r":[-8.624245927139558e-10,-5.1343680660073066e-8,1,1.4914666967323528e-8,1,5.1343680671052254e-8,-1,1.4914666967323528e-8,-8.624234519196424e-10]}},{"t":0.3333333333333333,"j":false,"c":{"p":[-234.98005955294013,1741.5211758894527,2791.994140625],"r":[-8.624240038635596e-10,-1.0673097979300014e-8,1,5.9945907212504936e-9,1,1.0673098003662164e-8,-1,5.9945907212504936e-9,-8.624237731107675e-10]}},{"t":0.36666666666666664,"j":false,"c":{"p":[-235.4129285699884,1741.2432609250352,2791.994140625],"r":[-8.624241286055555e-10,3.72559757057433e-8,1,-5.870033500178138e-9,1,-3.725597568852821e-8,-1,-5.870033500178138e-9,-8.624233275286488e-10]}},{"t":0.39999999999999997,"j":false,"c":{"p":[-235.85124304738977,1740.948696455215,2791.994140625],"r":[-8.624244957532173e-10,8.765074180293052e-8,1,-1.8734913779753928e-8,1,-8.765074179983649e-8,-1,-1.8734913779753928e-8,-8.624226214754529e-10]}},{"t":0.4333333333333333,"j":false,"c":{"p":[-236.2623222475052,1740.7427120659174,2791.994140625],"r":[-8.624242473588161e-10,4.328068717957282e-8,1,-1.0521746053508054e-8,1,-4.328068717957282e-8,-1,-1.0521746053508054e-8,-8.624228613810439e-10]}},{"t":0.4666666666666666,"j":false,"c":{"p":[-236.66575962579887,1740.5615819560608,2791.994140625],"r":[-8.624238262522843e-10,-2.767899483442634e-8,1,3.6056147069820667e-9,1,2.767899483442634e-8,-1,3.6056147069820667e-9,-8.62423366708882e-10]}},{"t":0.49999999999999994,"j":false,"c":{"p":[-237.0710434008068,1740.438185450692,2791.99315694803],"r":[0.007675548995843599,-4.0450518683771014e-8,0.9999195697363811,6.487729686825642e-9,1,4.040238201339758e-8,-0.9999195697363811,6.19322848081922e-9,0.007675548995843775]}},{"t":0.5333333333333333,"j":false,"c":{"p":[-237.47677854645138,1740.3289025177821,2791.9919328011238],"r":[0.01722746583392425,-3.899734976029622e-8,0.9998194774689163,6.620828862939812e-9,1,3.888930891618157e-8,-0.9998194774689163,5.9598326070109576e-9,0.0172274658339243]}},{"t":0.5666666666666667,"j":false,"c":{"p":[-237.90955917729147,1740.2133487737601,2791.98277747295],"r":[0.027047204501767154,6.981074236578617e-9,0.999588947653279,-2.879247391174188e-9,1,-6.785437376253585e-9,-0.999588947653279,-2.0220051063022525e-9,0.027047204501767154]}},{"t":0.6,"j":false,"c":{"p":[-238.35964934250512,1740.0937816123526,2791.96854606447],"r":[0.037038353337878346,8.145635926638246e-8,0.9992749357626346,-1.854470688876425e-8,1,-8.072434660163983e-8,-0.9992749357626346,-1.496296702806986e-8,0.037038353337878346]}},{"t":0.6333333333333333,"j":false,"c":{"p":[-238.80772732599948,1739.9745402361696,2791.9519790538475],"r":[0.04186997686394755,7.679498184060747e-8,0.9991230455754825,-1.6893942098453432e-8,1,-7.6154507508266e-8,-0.9991230455754825,-1.369103122494835e-8,0.04186997686394755]}},{"t":0.6666666666666666,"j":false,"c":{"p":[-239.253924201639,1739.8556034235055,2791.933228582608],"r":[0.0418781674492176,-1.8480821892082452e-9,0.9991227164560743,9.45065140821683e-10,1,1.8100064875816216e-9,-0.9991227164560743,8.679716920820559e-10,0.0418781674492176]}},{"t":0.7,"j":false,"c":{"p":[-239.66984714784863,1739.7148473334014,2791.915696895642],"r":[0.04187995797439412,-4.094198722126543e-8,0.9991226502116632,9.684369154706737e-9,1,4.057200363191454e-8,-0.9991226502116632,7.976729502838003e-9,0.04187995797439412]}},{"t":0.7333333333333333,"j":false,"c":{"p":[-240.05834597215454,1739.5543259027675,2791.899269263852],"r":[0.04187595090304118,-4.4209655687176114e-8,0.9991228220967614,1.0180561843442566e-8,1,4.382177552791008e-8,-0.9991228220967614,8.336563937794951e-9,0.04187595090304118]}},{"t":0.7666666666666666,"j":false,"c":{"p":[-240.43983397886643,1739.3744313516886,2791.883386260935],"r":[0.041873106855072235,-1.7270479562007332e-8,0.999122943403083,3.7137888078161155e-9,1,1.7129983777723374e-8,-0.999122943403083,2.993181305773856e-9,0.041873106855072235]}},{"t":0.7999999999999999,"j":false,"c":{"p":[-240.81254531017714,1739.1702840529997,2791.868185065919],"r":[0.04187171876835008,4.748392514563539e-8,0.9991230013910402,-1.1469755014138976e-8,1,-4.7044937664580944e-8,-0.9991230013910402,-9.489922802052473e-9,0.04187171876835008]}},{"t":0.8333333333333333,"j":false,"c":{"p":[-241.1915742005324,1738.9545393241624,2791.8525539320917],"r":[0.04186966465502092,6.845696246895157e-8,0.9991230823346695,-1.627868186096857e-8,1,-6.783484244707654e-8,-0.9991230823346695,-1.3424088878712386e-8,0.04186966465502092]}},{"t":0.8666666666666666,"j":false,"c":{"p":[-241.58055470386927,1738.7205259672678,2791.8362455454467],"r":[0.041866561396130667,2.0464245623001976e-8,0.9991231994387786,-4.7451935057791645e-9,1,-2.0283336891140955e-8,-0.9991231994387786,-3.891705281622798e-9,0.041866561396130667]}},{"t":0.8999999999999999,"j":false,"c":{"p":[-241.96740010711449,1738.4896983540502,2791.820037662008],"r":[0.04186536242809071,-2.0841845703499885e-8,0.9991232448740877,5.15021272626802e-9,1,2.0644322918192562e-8,-0.9991232448740877,4.2813748225120305e-9,0.04186536242809071]}},{"t":0.9333333333333332,"j":false,"c":{"p":[-242.35032119480786,1738.2647261400737,2791.8040145035366],"r":[0.04186766354804579,-4.9857914366530216e-8,0.9991231585820893,1.2034822801196444e-8,1,4.9397349333101633e-8,-0.9991231585820893,9.956054098551758e-9,0.04186766354804579]}},{"t":0.9666666666666666,"j":false,"c":{"p":[-242.72885086981384,1738.0455324902125,2791.7879277281604],"r":[0.042954106959998864,-5.1346371521283026e-8,0.9990738380951848,1.2215892434843597e-8,1,5.089179854274111e-8,-0.9990738380951848,1.0133063051814176e-8,0.042954106959998864]}},{"t":0.9999999999999999,"j":false,"c":{"p":[-243.0960975617128,1737.841185871577,2791.7716775000385],"r":[0.046826068390172344,1.789265647129241e-8,0.9988980187731769,-4.826637474559563e-9,1,-1.7649999811026012e-8,-0.9988980187731769,-3.8152507088906764e-9,0.046826068390172344]}},{"t":1.0333333333333332,"j":false,"c":{"p":[-243.46971009295055,1737.638956159548,2791.752941662831],"r":[0.05195895446419334,4.800317554541413e-8,0.9986323096009897,-1.2292277129271324e-8,1,-4.744132577377749e-8,-0.9986323096009897,-9.876659368756732e-9,0.05195895446419334]}},{"t":1.0666666666666667,"j":false,"c":{"p":[-243.8502938205815,1737.4390446605485,2791.7314838484936],"r":[0.05847267232824289,3.526427512833417e-8,0.9982681625377404,-9.270315817646804e-9,1,-3.479721801158663e-8,-0.9982681625377404,-7.301160707225809e-9,0.05847267232824289]}},{"t":1.1,"j":false,"c":{"p":[-244.23492786277725,1737.246229927662,2791.708831509006],"r":[0.06389022953305892,5.479889295833352e-9,0.9979536537525973,-1.9480104621326736e-9,1,-5.3894782839268035e-9,-0.9979536537525973,-1.7251613863779151e-9,0.06389022953305892]}},{"t":1.1333333333333335,"j":false,"c":{"p":[-244.62748423624814,1737.0672963220882,2791.6838427031025],"r":[0.0671637192255347,-5.764511244312405e-8,0.9977362364098071,1.3785678643311576e-8,1,5.6807577848431004e-8,-0.9977362364098071,9.719754986186985e-9,0.0671637192255347]}},{"t":1.166666666666667,"j":false,"c":{"p":[-245.02363365604393,1736.8992733549155,2791.6571345786024],"r":[0.07179725846961352,-9.277119877270981e-8,0.9973998216452689,2.250032067841116e-8,1,9.144180052319468e-8,-0.9973998216452689,1.6157101244455402e-8,0.07179725846961352]}},{"t":1.2000000000000004,"j":false,"c":{"p":[-245.43342803760487,1736.7726846555913,2791.62389716547],"r":[0.08159572531334644,-2.1568533486005733e-8,0.9966115019724496,4.559411896141628e-9,1,2.140333749911398e-8,-0.9966115019724496,3.577686635409362e-9,0.08159572531334644]}},{"t":1.2333333333333338,"j":false,"c":{"p":[-245.84521541526914,1736.6476121128624,2791.589988951971],"r":[0.0912299104107275,4.448025728886775e-8,0.9958257966344263,-1.205692612392284e-8,1,-4.3561609520478176e-8,-0.9958257966344263,-8.026930313483237e-9,0.0912299104107275]}},{"t":1.2666666666666673,"j":false,"c":{"p":[-246.28046824801055,1736.5403907362345,2791.5481827622198],"r":[0.0989298489069435,4.984753913950748e-8,0.9950708723679794,-1.3077821852363262e-8,1,-4.879118541356906e-8,-0.9950708723679794,-8.154319251072608e-9,0.0989298489069435]}},{"t":1.3000000000000007,"j":false,"c":{"p":[-246.70609681436957,1736.4356800404016,2791.5056601208234],"r":[0.10763492803909536,3.528505930745664e-8,0.9941624306347764,-8.597236205940173e-9,1,-3.461739460161349e-8,-0.9941624306347764,-5.1497520445715836e-9,0.10763492803909536]}},{"t":1.3333333333333341,"j":false,"c":{"p":[-247.10619634524562,1736.337629099874,2791.4612370416457],"r":[0.11900621256712492,-3.2142498541733227e-8,0.9928467731512661,1.0476411150026306e-8,1,3.102517496389506e-8,-0.9928467731512661,6.162546510638884e-9,0.11900621256712492]}},{"t":1.3666666666666676,"j":false,"c":{"p":[-247.51784572136185,1736.2301904420926,2791.4102120691637],"r":[0.1320737280346826,-5.926257337772936e-8,0.9911674081690509,1.7764887316531264e-8,1,5.7463701880745935e-8,-0.9911674081690509,1.0239035925994691e-8,0.1320737280346826]}},{"t":1.400000000000001,"j":false,"c":{"p":[-247.94397738595833,1736.1109805764197,2791.350909018373],"r":[0.1472681383033891,-3.584131326318713e-8,0.9890319923212917,1.027600106769907e-8,1,3.474449175228377e-8,-0.9890319923212917,5.242583395165087e-9,0.1472681383033891]}},{"t":1.4333333333333345,"j":false,"c":{"p":[-248.34732001444067,1735.9820788463087,2791.2888497676818],"r":[0.15687816025974158,9.798808549522781e-9,0.9875979236502448,-4.4288390117967845e-9,1,-9.156659718566095e-9,-0.9875979236502448,-2.568826841393132e-9,0.15687816025974158]}},{"t":1.466666666666668,"j":false,"c":{"p":[-248.73693296875507,1735.8473380741189,2791.225129993641],"r":[0.16312376471411055,6.882509246097002e-8,0.9865863944919101,-2.3481063263643565e-8,1,-6.581926153853671e-8,-0.9865863944919101,-1.2076160148262394e-8,0.16312376471411055]}},{"t":1.5000000000000013,"j":false,"c":{"p":[-249.12943027272172,1735.706290417338,2791.1597586763783],"r":[0.16676690362188723,7.50971196030113e-8,0.985996342618772,-2.4997120140882888e-8,1,-7.193584786389576e-8,-0.985996342618772,-1.2650860899823065e-8,0.16676690362188723]}},{"t":1.5333333333333348,"j":false,"c":{"p":[-249.52595833282973,1735.5564291571936,2791.0920793976034],"r":[0.16677320745439522,7.647313370572388e-9,0.9859952873516562,-2.0071278689747767e-9,1,-7.416524212816935e-9,-0.9859952873516562,-7.425870221245927e-10,0.16677320745439522]}},{"t":1.5666666666666682,"j":false,"c":{"p":[-249.92813884113963,1735.4040028726256,2791.0234078860635],"r":[0.16677658058042236,-4.053573357545475e-8,0.9859947199173451,1.4333637576741325e-8,1,3.868703869314773e-8,-0.9859947199173451,7.680789235562318e-9,0.16677658058042236]}},{"t":1.6000000000000016,"j":false,"c":{"p":[-250.3455435317137,1735.2446680065116,2790.952063916162],"r":[0.16677206020472524,-3.6826105959819704e-8,0.9859954664014051,1.2765518676681359e-8,1,3.5189988182738487e-8,-0.9859954664014051,6.7180172890978355e-9,0.16677206020472524]}},{"t":1.633333333333335,"j":false,"c":{"p":[-250.75901201438577,1735.0861321510604,2790.881521698432],"r":[0.16676817125616042,-2.5258876673122086e-8,0.9859961082846217,8.489769072765005e-9,1,2.418169366295753e-8,-0.9859961082846217,4.338156526788543e-9,0.16676817125616042]}},{"t":1.6666666666666685,"j":false,"c":{"p":[-251.1421533665734,1734.9337523984443,2790.817156705925],"r":[0.1667691472368652,4.684847577436688e-8,0.9859959442542512,-1.6647345505794975e-8,1,-4.469815714769194e-8,-0.9859959442542512,-8.95988703892868e-9,0.1667691472368652]}},{"t":1.700000000000002,"j":false,"c":{"p":[-251.53020927294554,1734.7723973658303,2790.7516834588505],"r":[0.16775694621355827,8.152052048139316e-8,0.9858253254655437,-2.859994747684098e-8,1,-7.784416026727385e-8,-0.9858253254655437,-1.523102413355782e-8,0.16775694621355827]}},{"t":1.7333333333333354,"j":false,"c":{"p":[-251.9298422671775,1734.5898994988504,2790.6835995252286],"r":[0.1710693785339511,2.800718142768831e-8,0.9852531708224499,-9.49413496782885e-9,1,-2.68128649462643e-8,-0.9852531708224499,-4.949059859291695e-9,0.1710693785339511]}},{"t":1.7666666666666688,"j":false,"c":{"p":[-252.32362528941505,1734.4049493167431,2790.614632655925],"r":[0.1776170215640942,-2.2459122124676667e-8,0.9840362593378776,8.740256428874744e-9,1,2.1191864617097048e-8,-0.9840362593378776,4.565716640350421e-9,0.1776170215640942]}},{"t":1.8000000000000023,"j":false,"c":{"p":[-252.69688089770077,1734.2113940186102,2790.5425675861093],"r":[0.19551694278029197,-6.223344986546775e-8,0.9805569112816267,2.3916851665868168e-8,1,5.8576446217402935e-8,-0.9805569112816267,1.1388449307353217e-8,0.19551694278029197]}},{"t":1.8333333333333357,"j":false,"c":{"p":[-253.06709737708007,1734.0180789904164,2790.46875682712],"r":[0.20899194200870275,-6.780673526530805e-8,0.9779140373161095,2.6116080218427575e-8,1,6.377936231179407e-8,-0.9779140373161095,1.2339058984289806e-8,0.20899194200870275]}},{"t":1.8666666666666691,"j":false,"c":{"p":[-253.4304755479541,1733.8253045908095,2790.391018113282],"r":[0.21251047588254343,3.5753458018127547e-9,0.9771533039459234,-8.849126439311384e-10,1,-3.429311797295861e-9,-0.9771533039459234,7.68732108801851e-11,0.21251047588254343]}},{"t":1.9000000000000026,"j":false,"c":{"p":[-253.80265190166403,1733.631619883454,2790.310411613051],"r":[0.21473827958106995,4.535968200601184e-8,0.9766716361045837,-1.681765312868523e-8,1,-4.2745469345562024e-8,-0.9766716361045837,-7.246236056916248e-9,0.21473827958106995]}},{"t":1.933333333333336,"j":false,"c":{"p":[-254.19001394223324,1733.436363982516,2790.2248553059176],"r":[0.21473827958106995,3.6058232245989054e-8,0.9766716361045837,-1.3646560717419034e-8,1,-3.3919069491936407e-8,-0.9766716361045837,-6.044486204693741e-9,0.21473827958106995]}},{"t":1.9666666666666694,"j":false,"c":{"p":[-254.57664238929536,1733.246470743106,2790.13957656817],"r":[0.21473791115950883,1.047748438868464e-8,0.9766717169776093,-4.32539240500774e-9,1,-9.776726031039378e-9,-0.9766717169776093,-2.125014570355178e-9,0.21473791115950883]}},{"t":2.0000000000000027,"j":false,"c":{"p":[-254.96141893109296,1733.0701151659305,2790.0549985348352],"r":[0.21473661268360283,-5.619920769117617e-8,0.9766720020089058,2.052121040019357e-8,1,5.302964093006913e-8,-0.9766720020089058,8.65515474903394e-9,0.21473661268360283]}},{"t":2.033333333333336,"j":false,"c":{"p":[-255.34953774455138,1732.8995708648226,2789.969835738408],"r":[0.21473583579063416,-7.420107396970973e-8,0.9766721725463867,2.7374493622915698e-8,1,6.995468254699189e-8,-0.9766721725463867,1.1714129601568452e-8,0.21473583579063416]}},{"t":2.066666666666669,"j":false,"c":{"p":[-255.74263484078497,1732.7376824057553,2789.8838019427544],"r":[0.21473583579063416,-1.9702236695550418e-8,0.9766721725463867,7.42689348340881e-9,1,1.8539913746087473e-8,-0.9766721725463867,3.27245659561892e-9,0.21473583579063416]}},{"t":2.1000000000000023,"j":false,"c":{"p":[-256.1322949945869,1732.567561183238,2789.7985711538468],"r":[0.21473583579063416,2.860970257466519e-8,0.9766721725463867,-1.0280469865594732e-8,1,-2.7032732770520417e-8,-0.9766721725463867,-4.23575242204341e-9,0.21473583579063416]}},{"t":2.1333333333333355,"j":false,"c":{"p":[-256.5130762600512,1732.3761717000973,2789.7154148271597],"r":[0.21473583579063416,6.093860528666897e-8,0.9766721725463867,-2.2200476368107112e-8,1,-5.7513025414810436e-8,-0.9766721725463867,-9.332480105916432e-9,0.21473583579063416]}},{"t":2.1666666666666687,"j":false,"c":{"p":[-256.8936929970587,1732.165459944486,2789.631583867805],"r":[0.2172738710424897,5.0152928118065166e-8,0.976095538606511,-1.821069377763463e-8,1,-4.738073881301e-8,-0.976095538606511,-7.823704940384188e-9,0.2172738710424897]}},{"t":2.200000000000002,"j":false,"c":{"p":[-257.27406301942705,1731.9257739459388,2789.54674127947],"r":[0.2236177552222453,-2.5284166912251318e-8,0.974654227290597,9.63622543786458e-9,1,2.3651151555123486e-8,-0.974654227290597,3.590191093453634e-9,0.2236177552222453]}},{"t":2.233333333333335,"j":false,"c":{"p":[-257.6411824738695,1731.6949952591792,2789.4630397446326],"r":[0.23103632887266776,-7.443562834019088e-8,0.9729193274956166,2.76903504330084e-8,1,6.995159972239065e-8,-0.9729193274956166,1.0909761049648166e-8,0.23103632887266776]}},{"t":2.2666666666666684,"j":false,"c":{"p":[-257.9692629268333,1731.4904594142356,2789.3826999969606],"r":[0.24162116709899817,-4.614400243718394e-8,0.9703194533740658,1.6892813357035413e-8,1,4.3387940173846305e-8,-0.9703194533740658,6.166572436323982e-9,0.24162116709899817]}},{"t":2.3000000000000016,"j":false,"c":{"p":[-258.3116815927994,1731.2768929036063,2789.2976639998838],"r":[0.24868281185626984,-5.335982060364372e-9,0.9685849547386169,1.271690864722003e-9,1,5.1825433811983146e-9,-0.9685849547386169,-5.706946879969807e-11,0.24868281185626984]}},{"t":2.333333333333335,"j":false,"c":{"p":[-258.6828387789648,1731.0452259526926,2789.2032151660496],"r":[0.24868281185626984,6.055903174788795e-8,0.9685849547386169,-2.4017491859223456e-8,1,-5.6356744523969966e-8,-0.9685849547386169,-9.248029325161113e-9,0.24868281185626984]}},{"t":2.366666666666668,"j":true,"c":{"p":[-259.0326824465176,1731.2568997594574,2789.1138808782307],"r":[0.24868281185626984,9.088368494688183e-8,0.9685849547386169,-3.545730567315853e-8,1,-8.472778815054698e-8,-0.9685849547386169,-1.3273069249736644e-8,0.24868281185626984]}},{"t":2.4000000000000012,"j":false,"c":{"p":[-259.4426554117845,1732.793593306949,2789.0086407179847],"r":[0.2486834806426253,1.4550672901135083e-8,0.9685848099213772,-5.285862937786134e-9,1,-1.3665471778784781e-8,-0.9685848099213772,-1.7214356985107334e-9,0.2486834806426253]}},{"t":2.4333333333333345,"j":false,"c":{"p":[-259.84190813160905,1733.9428591091582,2788.9063544576597],"r":[0.24868366698936217,-5.371148313855515e-8,0.9685847759246826,2.1695542483699658e-8,1,4.988324868755267e-8,-0.9685847759246826,8.60882235909656e-9,0.24868366698936217]}},{"t":2.4666666666666677,"j":false,"c":{"p":[-260.2724789071499,1734.9872499792543,2788.7961443696795],"r":[0.24868364252867148,-1.2705377982661814e-7,0.9685847759246826,5.068501991827412e-8,1,1.1816130428414317e-7,-0.9685847759246826,1.9707952962496156e-8,0.24868364252867148]}},{"t":2.500000000000001,"j":false,"c":{"p":[-260.69127317536584,1735.7855433702266,2788.688948629124],"r":[0.24688783940137624,-1.2332743673951466e-7,0.9690395930488427,4.9147740924972486e-8,1,1.1471807177273862e-7,-0.9690395930488427,1.9130533974022113e-8,0.24688783940137624]}},{"t":2.533333333333334,"j":false,"c":{"p":[-261.10026979234044,1736.3790920771178,2788.5842607225104],"r":[0.24359800985380942,-5.548262173838519e-8,0.969872802461832,2.221324484885702e-8,1,5.160518101115626e-8,-0.969872802461832,8.83862515877256e-9,0.24359800985380942]}},{"t":2.5666666666666673,"j":false,"c":{"p":[-261.53712048732865,1736.728736552508,2788.4763010554743],"r":[0.2332657334749879,1.3627290769234281e-8,0.9723240549482769,1.2415012938475964e-9,1,-1.4329693707094721e-8,-0.9723240549482769,3.74505168034802e-9,0.2332657334749879]}},{"t":2.6000000000000005,"j":false,"c":{"p":[-261.99090611849834,1736.930090260821,2788.3663521984204],"r":[0.21865173620809164,8.350636697077752e-8,0.9757590576839492,-1.6104962208391948e-8,1,-8.198029989518871e-8,-0.9757590576839492,1.812002026699765e-9,0.21865173620809164]}},{"t":2.6333333333333337,"j":false,"c":{"p":[-262.39773509004846,1736.8100216083453,2788.2740365112445],"r":[0.21503738592084937,1.015035403395527e-7,0.9766057951440865,-1.5646498274536917e-8,1,-1.004882196509567e-7,-0.9766057951440865,6.327752423638115e-9,0.21503738592084937]}},{"t":2.666666666666667,"j":false,"c":{"p":[-262.790184646085,1736.591524623902,2788.187120583731],"r":[0.21479142886482464,1.0361305379998423e-7,0.9766599348735117,-9.735677808786455e-9,1,-1.0394730259871834e-7,-0.9766599348735117,1.2818302055501958e-8,0.21479142886482464]}},{"t":2.7,"j":false,"c":{"p":[-263.21288874034303,1736.0351504671155,2788.0935096558474],"r":[0.21472818311665914,4.28780431217605e-8,0.9766738641374162,2.191934362389065e-9,1,-4.4384018452913726e-8,-0.9766738641374162,1.1671310969553739e-8,0.21472818311665914]}},{"t":2.7333333333333334,"j":false,"c":{"p":[-263.64605033284886,1735.3619888746096,2787.9975845972995],"r":[0.2147280916353945,-3.957921286908782e-8,0.976673894631171,1.6199253989568958e-8,1,3.696298252346628e-8,-0.976673894631171,7.884399614793657e-9,0.2147280916353945]}},{"t":2.7666666666666666,"j":false,"c":{"p":[-264.09543488848664,1734.29501978607,2787.898066910238],"r":[0.21473492285225085,-7.96580191723815e-8,0.9766723899266885,2.092312186050368e-8,1,7.696042861251943e-8,-0.9766723899266885,3.908725702712814e-9,0.21473492285225085]}},{"t":2.8,"j":false,"c":{"p":[-264.5491713577761,1733.1224093172098,2787.7975854775923],"r":[0.2147436111271683,-1.0836853521728591e-7,0.9766704733954567,2.3156644403970182e-8,1,1.0586559205602838e-7,-0.9766704733954567,-1.1758497303823143e-10,0.2147436111271683]}},{"t":2.833333333333333,"j":false,"c":{"p":[-264.95296940690616,1731.7167221600193,2787.7169715704376],"r":[0.18689415319155875,-6.175717816684719e-8,0.9819048615262015,2.409990345767807e-8,1,5.8640052705284006e-8,-0.9819048615262015,1.1107679560148033e-8,0.18689415319155875]}},{"t":2.8666666666666663,"j":false,"c":{"p":[-265.3525701924264,1730.2914451900333,2787.638027504689],"r":[0.1567032518752268,-8.815109092359283e-9,0.9875793547090763,2.493471743091821e-8,1,5.015820175881924e-9,-0.9875793547090763,2.3614820480538476e-8,0.1567032518752268]}},{"t":2.8999999999999995,"j":false,"c":{"p":[-265.79852833497625,1729.1051676354532,2787.570972253343],"r":[0.14705994501371927,2.174861153278422e-8,0.9890973669674106,4.775561267374324e-8,1,-2.8873213501578218e-8,-0.9890973669674106,5.12724768441427e-8,0.14705994501371927]}},{"t":2.9333333333333327,"j":true,"c":{"p":[-266.2459842079268,1727.963631580518,2787.5052063567664],"r":[0.13901759584309553,4.9049917737225623e-8,0.9902883947090102,7.019880417120816e-8,1,-5.940718047941346e-8,-0.9902883947090102,7.778623896646544e-8,0.13901759584309553]}},{"t":2.966666666666666,"j":true,"c":{"p":[-266.6156931038656,1727.7839520713892,2787.4528233023807],"r":[0.13100871035539416,2.0407704015168452e-8,0.9913572935080976,1.571829992307179e-8,1,-2.3010846012185718e-8,-0.9913572935080976,1.876642722287684e-8,0.13100871035539416]}},{"t":2.999999999999999,"j":false,"c":{"p":[-267.03710302983455,1728.2508742343534,2787.3931493340474],"r":[0.1253437551597051,-1.221138444539912e-8,0.9921133518218994,-4.647082183767383e-8,1,1.8179587626331997e-8,-0.9921133518218994,-4.838302292019268e-8,0.1253437551597051]}},{"t":3.0333333333333323,"j":false,"c":{"p":[-267.48916942866595,1729.700372781651,2787.345407568239],"r":[0.08675865405399612,-6.282636589673823e-8,0.9960719278843954,-7.0865558337306e-8,1,6.9204048725825e-8,-0.9960719278843954,-7.590480962106037e-8,0.08675865405399612]}},{"t":3.0666666666666655,"j":false,"c":{"p":[-267.9397798810318,1731.000206125003,2787.3084272303354],"r":[0.06203856830942801,-1.1408865803480075e-7,0.9980543582205621,-6.626972990404293e-8,1,1.1852700150317494e-7,-0.9980543582205621,-7.353820105956339e-8,0.06203856830942801]}},{"t":3.0999999999999988,"j":false,"c":{"p":[-268.3430410804533,1731.8599722643469,2787.2868436871777],"r":[0.04718184414894821,-9.770972262621188e-8,0.9987915055979782,-3.0051628301936234e-8,1,9.972061041461245e-8,-0.9987915055979782,-3.4936638242482796e-8,0.04718184414894821]}},{"t":3.133333333333332,"j":false,"c":{"p":[-268.75558167942523,1732.646612310295,2787.269908853233],"r":[0.026190377531315864,-7.237060874140021e-8,0.9993103737899445,1.3661448426554023e-8,1,7.319793399131278e-8,-0.9993103737899445,1.0854762407220692e-8,0.026190377531315864]}},{"t":3.166666666666665,"j":false,"c":{"p":[-269.2009244139244,1733.1747558863897,2787.2694069348904],"r":[-0.01648704542556631,-1.5357787185175808e-8,0.9990576378080607,8.38688245473547e-8,1,1.939863951288892e-8,-0.9990576378080607,8.206181993470561e-8,-0.01648704542556631]}},{"t":3.1999999999999984,"j":false,"c":{"p":[-269.64635903702066,1733.5836177492486,2787.275494159635],"r":[-0.04870095464204711,2.7931525708747227e-8,0.9988088913759268,1.2907054700353967e-7,1,-2.1712953606481763e-8,-0.9988088913759268,1.2784652882667263e-7,-0.04870095464204711]}},{"t":3.2333333333333316,"j":false,"c":{"p":[-270.0920360943626,1733.677772748836,2787.2989658475663],"r":[-0.05330845631532172,3.501342468287176e-8,0.9985706707708759,1.0829861251461817e-7,1,-2.9349954615164613e-8,-0.9985706707708759,1.0655819375371075e-7,-0.05330845631532172]}},{"t":3.266666666666665,"j":false,"c":{"p":[-270.5416280480933,1733.5711516901497,2787.3229557238246],"r":[-0.05582255077805781,2.7283223942243482e-8,0.9984406855868241,4.9741260941238806e-8,1,-2.454497832752894e-8,-0.9984406855868241,4.8293576198377994e-8,-0.05582255077805781]}},{"t":3.299999999999998,"j":false,"c":{"p":[-270.99591706358194,1733.223641102963,2787.347567318343],"r":[-0.055824991808397936,1.781582985748272e-9,0.998440560405781,-5.4150735529192236e-8,1,-4.812215976687704e-9,-0.998440560405781,-5.4334892950930295e-8,-0.055824991808397936]}},{"t":3.3333333333333313,"j":false,"c":{"p":[-271.4306794810094,1732.6589412368078,2787.370469450088],"r":[-0.04886471669932819,-1.2035496642695363e-8,0.9987384001383995,-9.331333994474362e-8,1,7.336686465774314e-9,-0.9987384001383995,-9.289361909215751e-8,-0.04886471669932819]}},{"t":3.3666666666666645,"j":false,"c":{"p":[-271.8494654801233,1731.9165398189966,2787.391972920772],"r":[-0.03620763432799046,-1.629241433184995e-8,0.9992800310367159,-7.951516535434754e-8,1,1.3280569582870079e-8,-0.9992800310367159,-7.903128282726818e-8,-0.03620763432799046]}},{"t":3.3999999999999977,"j":false,"c":{"p":[-272.2710793982139,1730.963039106275,2787.4031340301144],"r":[-0.01614984212201432,-2.2381068797543657e-8,0.9995751538371261,-2.6094321698470623e-8,1,1.9952349397039446e-8,-0.9995751538371261,-2.5915548702968704e-8,-0.01614984212201432]}},{"t":3.433333333333331,"j":false,"c":{"p":[-272.69571239626293,1729.7841692596644,2787.40325365768],"r":[0.011808931308457907,-3.042528133847998e-8,0.9996071051449685,6.96275946039171e-8,1,2.7401230092807185e-8,-0.9996071051449685,6.910702495627491e-8,0.011808931308457907]}},{"t":3.466666666666664,"j":false,"c":{"p":[-273.11842641321044,1728.8164642222848,2787.398284522606],"r":[0.027504603999548616,-2.788896229089425e-8,0.999621655074735,1.2048860761632305e-7,1,2.4585250550799292e-8,-0.999621655074735,1.1976983270289353e-7,0.027504603999548616]}},{"t":3.4999999999999973,"j":false,"c":{"p":[-273.53872580471,1728.1144647312965,2787.3869122730052],"r":[0.027769798978551877,-1.2039317329379758e-8,0.9996143091086537,1.1490181162254717e-7,1,8.853149671874277e-9,-0.9996143091086537,1.1461540516985647e-7,0.027769798978551877]}},{"t":3.5333333333333306,"j":false,"c":{"p":[-273.9690974335938,1727.5569690982745,2787.3749507563166],"r":[0.03051738471443298,3.915549156090659e-9,0.9995195370732258,1.0917360721387825e-7,1,-7.22740082271917e-9,-0.9995195370732258,1.094148059067525e-7,0.03051738471443298]}},{"t":3.5666666666666638,"j":false,"c":{"p":[-274.4157725009672,1727.233374799184,2787.362035421787],"r":[0.03728309507027115,2.004073258090081e-8,0.9992832527312869,1.0321651191372635e-7,1,-2.3871969683741304e-8,-0.9992832527312869,1.0413947072029973e-7,0.03728309507027115]}},{"t":3.599999999999997,"j":true,"c":{"p":[-274.83497976506834,1727.019993340934,2787.348119873929],"r":[0.04436631904330292,3.509792792858335e-8,0.9990097444039098,9.755794780844858e-8,1,-3.9458928164753546e-8,-0.9990097444039098,9.9231530810019e-8,0.04436631904330292]}},{"t":3.63333333333333,"j":true,"c":{"p":[-275.25074077532685,1727.7838225582723,2787.3285820220262],"r":[0.04884269976858795,5.027322520724167e-8,0.9988064765930176,9.177354025254051e-8,1,-5.482112045991154e-8,-0.9988064765930176,9.434161939435797e-8,0.04884269976858795]}},{"t":3.6666666666666634,"j":false,"c":{"p":[-275.745175475344,1729.3227563237865,2787.3040415518617],"r":[0.048843538928399,6.881364966678266e-8,0.9988064280442905,8.491036289396635e-8,1,-7.304815500672957e-8,-0.9988064280442905,8.837694572978418e-8,0.048843538928399]}},{"t":3.6999999999999966,"j":false,"c":{"p":[-276.1741938182771,1730.4531337569574,2787.282747917244],"r":[0.04884340600859395,8.487511461225787e-8,0.998806457582025,7.896484227183578e-8,1,-8.883805657787233e-8,-0.998806457582025,8.320974504155716e-8,0.04884340600859395]}},{"t":3.73333333333333,"j":false,"c":{"p":[-276.60084322984704,1731.4256612215975,2787.261571860719],"r":[0.04884333794777323,1.0082864893808653e-7,0.9988064765930176,7.305926746708186e-8,1,-1.0452185689712483e-7,-0.9988064765930176,7.807726466659236e-8,0.04884333794777323]}},{"t":3.766666666666663,"j":false,"c":{"p":[-277.0232144196295,1732.1131161910926,2787.240608146844],"r":[0.048843387020409454,1.1658726367456342e-7,0.9988064765930176,6.722583365757913e-8,1,-1.2001404141248508e-7,-0.9988064765930176,7.300748817700692e-8,0.048843387020409454]}},{"t":3.7999999999999963,"j":false,"c":{"p":[-277.4506652204362,1732.669011226144,2787.2193923146547],"r":[0.04791692483275627,1.3256249182767322e-7,0.9988488386813554,6.138772198244108e-8,1,-1.3566865878660376e-7,-0.9988488386813554,6.779087881363142e-8,0.04791692483275627]}},{"t":3.8333333333333295,"j":false,"c":{"p":[-277.88959800584985,1732.9275273605344,2787.1976065926488],"r":[0.04489617078337298,1.4902735430584678e-7,0.9989869562997707,5.553903643049204e-8,1,-1.5169044041306955e-7,-0.9989869562997707,6.224236750173898e-8,0.04489617078337298]}},{"t":3.8666666666666627,"j":false,"c":{"p":[-278.33112989887985,1733.0856050767848,2787.176500946839],"r":[0.04244638429858979,1.5666319442327485e-7,0.9990987315360642,4.826140179973385e-8,1,-1.5885655335798683e-7,-0.9990987315360642,5.496388831498721e-8,0.04244638429858979]}},{"t":3.899999999999996,"j":false,"c":{"p":[-278.7823746662952,1732.8683440680347,2787.157936748186],"r":[0.042130305628821293,1.313049466484142e-7,0.999112065196891,3.564377939077584e-8,1,-1.329290010152189e-7,-0.999112065196891,4.1220513041017375e-8,0.042130305628821293]}},{"t":3.933333333333329,"j":false,"c":{"p":[-279.2261188797546,1732.583788184351,2787.139718502821],"r":[0.041868761281290606,9.092098227689247e-8,0.9991231016375456,1.9697888511100818e-8,1,-9.182623306571549e-8,-0.9991231016375456,2.352527602781731e-8,0.041868761281290606]}},{"t":3.9666666666666623,"j":false,"c":{"p":[-279.6339262752888,1731.97680762617,2787.123157796403],"r":[0.041868502969490747,-2.1454523612944162e-8,0.9991231315867397,-1.219447495457836e-8,1,2.1984359324217344e-8,-0.9991231315867397,-1.3104207258712217e-8,0.041868502969490747]}},{"t":3.9999999999999956,"j":false,"c":{"p":[-280.0481053756711,1731.2789395529674,2787.1063383405503],"r":[0.041868290813664805,-1.1119362824069478e-7,0.9991231560707092,-3.6918926622384144e-8,1,1.1283830943016124e-7,-0.9991231560707092,-4.161090281927689e-8,0.041868290813664805]}},{"t":4.033333333333329,"j":false,"c":{"p":[-280.49082943739006,1730.173899354857,2787.08835969845],"r":[0.04186828543459996,-9.952263710386341e-8,0.9991231560707092,-2.9531444355182796e-8,1,1.0084749788435682e-7,-0.9991231560707092,-3.3727861706232257e-8,0.04186828543459996]}},{"t":4.066666666666662,"j":false,"c":{"p":[-280.9337435932042,1729.065713215777,2787.0703733367923],"r":[0.04151491650741852,-8.697892353665502e-8,0.9991367287504045,-2.1865906784795695e-8,1,8.797013936635544e-8,-0.9991367287504045,-2.55130287220925e-8,0.04151491650741852]}},{"t":4.099999999999995,"j":false,"c":{"p":[-281.37828113818455,1727.9306609792325,2787.0523210507017],"r":[0.03814384965939018,-6.69822265543145e-8,0.9992662110860757,-1.1825797997947758e-8,1,6.75217368937885e-8,-0.9992662110860757,-1.4464718304034397e-8,0.03814384965939018]}},{"t":4.133333333333328,"j":false,"c":{"p":[-281.82146545990094,1726.839629551091,2787.0347528992547],"r":[0.03407589663162366,-4.7046093717677506e-8,0.9993996292771473,-1.7904947150494006e-9,1,4.715270399279433e-8,-0.9993996292771473,-3.427211750123416e-9,0.03407589663162366]}},{"t":4.166666666666662,"j":false,"c":{"p":[-282.22803149274006,1726.939803389428,2787.0302854553493],"r":[0.011150168893334336,-2.8748829678296745e-8,0.9996395519112568,8.114771391784297e-9,1,2.8931415649099575e-8,-0.9996395519112568,7.317941702215062e-9,0.011150168893334336]}},{"t":4.199999999999995,"j":false,"c":{"p":[-282.6345975255792,1727.0399772277651,2787.025818011444],"r":[-0.011775558844954993,-1.0451565638915976e-8,0.9998794745453662,1.8020037498617995e-8,1,1.0710127305404822e-8,-0.9998794745453662,1.806309515455354e-8,-0.011775558844954993]}},{"t":4.233333333333328,"j":false,"c":{"p":[-283.0850359706106,1727.0603804709042,2787.0309551573578],"r":[-0.01396879181265831,9.683342276150831e-9,0.9999024271965027,2.9197030115122868e-8,1,-9.276399759957065e-9,-0.9999024271965027,2.9064602417381945e-8,-0.01396879181265831]}},{"t":4.266666666666661,"j":false,"c":{"p":[-283.54011555612493,1727.072345004608,2787.0371083461196],"r":[-0.01396879181265831,3.001264942660396e-8,0.9999024271965027,4.05085551425979e-8,1,-2.9449666520809896e-8,-0.9999024271965027,4.009322863693911e-8,-0.01396879181265831]}},{"t":4.2999999999999945,"j":false,"c":{"p":[-283.95773257942955,1727.0767282651957,2787.0427549988294],"r":[-0.019275442477032844,4.892753425687582e-8,0.999791284496913,5.0899761487510566e-8,1,-4.789239850472017e-8,-0.999791284496913,4.984680079416378e-8,-0.019275442477032844]}},{"t":4.333333333333328,"j":false,"c":{"p":[-284.36363386966684,1727.078740620888,2787.048243241627],"r":[-0.026241651350942585,6.740008430355903e-8,0.9996453839451112,6.100315494975349e-8,1,-6.579393729963057e-8,-0.9996453839451112,5.9201623048563534e-8,-0.026241651350942585]}},{"t":4.366666666666661,"j":false,"c":{"p":[-284.79682626711684,1727.0807823348998,2787.0607832019045],"r":[-0.030460161922736477,7.656063498606207e-8,0.9995303417852934,6.413928569323075e-8,1,-7.463947997415159e-8,-0.9995303417852934,6.18153645074829e-8,-0.030460161922736477]}},{"t":4.399999999999994,"j":false,"c":{"p":[-285.2386380021459,1727.082833321136,2787.0755503028035],"r":[-0.033810868229690816,8.278018128093053e-8,0.9994250456169295,6.507494912304896e-8,1,-8.062487164534279e-8,-0.9994250456169295,6.23000735833924e-8,-0.033810868229690816]}},{"t":4.433333333333327,"j":false,"c":{"p":[-285.6875933664134,1727.0849986911337,2787.091368386933],"r":[-0.034893643110990524,3.2928952716779934e-8,0.9993910193443298,2.412226062928438e-8,1,-3.210679216363585e-8,-0.9993910193443298,2.2987247210759587e-8,-0.034893643110990524]}},{"t":4.466666666666661,"j":false,"c":{"p":[-286.13995930218823,1727.0872186711888,2787.1076882403095],"r":[-0.034893643110990524,-4.369205640845282e-8,0.9993910193443298,-3.682911687634296e-8,1,4.243279257190236e-8,-0.9993910193443298,-3.532605300066127e-8,-0.034893643110990524]}},{"t":4.499999999999994,"j":false,"c":{"p":[-286.56824773220353,1727.088951569043,2787.1231394576266],"r":[-0.034893643110990524,-5.716653765886844e-8,0.9993910193443298,-4.5920879782186265e-8,1,5.5598046197316385e-8,-0.9993910193443298,-4.395289584241054e-8,-0.034893643110990524]}},{"t":4.533333333333327,"j":false,"c":{"p":[-286.98312893132334,1727.0904132418134,2787.1381069867944],"r":[-0.034893643110990524,-3.547873557616205e-8,0.9993910193443298,-2.613532316669242e-8,1,3.458784010223377e-8,-0.9993910193443298,-2.4912512145355608e-8,-0.034893643110990524]}},{"t":4.56666666666666,"j":false,"c":{"p":[-287.4092940883034,1727.0914485507521,2787.1534816035064],"r":[-0.034893643110990524,-1.3245456229055502e-8,0.9993910193443298,-5.8521459736818015e-9,1,1.3049198908478866e-8,-0.9993910193443298,-5.393249107294852e-9,-0.034893643110990524]}},{"t":4.599999999999993,"j":false,"c":{"p":[-287.84452598241063,1727.092141273443,2787.169183317837],"r":[-0.034893643110990524,9.426117821594062e-9,0.9993910193443298,1.4830872748451879e-8,1,-8.914043492384064e-9,-0.9993910193443298,1.451079674848761e-8,-0.034893643110990524]}},{"t":4.633333333333327,"j":false,"c":{"p":[-288.28268023124514,1727.0923247818023,2787.1849904609744],"r":[-0.034893643110990524,3.2215369536731165e-8,0.9993910193443298,3.562123905297826e-8,1,-3.099128790011794e-8,-0.9993910193443298,3.451814637393245e-8,-0.034893643110990524]}},{"t":4.66666666666666,"j":false,"c":{"p":[-288.7245559926067,1727.091859824218,2787.2009318638643],"r":[-0.034893643110990524,5.5154479480390934e-8,0.9993910193443298,5.6548308601944576e-8,1,-5.321370971999803e-8,-0.9993910193443298,5.465704959528466e-8,-0.034893643110990524]}},{"t":4.699999999999993,"j":false,"c":{"p":[-289.15888215609203,1727.090909821295,2787.216600902457],"r":[-0.03489502938547784,5.867832755707055e-8,0.9993909659833231,5.8633458095217654e-8,1,-5.666684371853857e-8,-0.9993909659833231,5.6620373970235375e-8,-0.03489502938547784]}},{"t":4.733333333333326,"j":false,"c":{"p":[-289.5882185618943,1727.0896392372306,2787.2320899272436],"r":[-0.034897331890721715,4.937004157072424e-8,0.9993908773544123,4.8265412477552e-8,1,-4.7714787447636196e-8,-0.9993908773544123,4.657090830258654e-8,-0.034897331890721715]}},{"t":4.7666666666666595,"j":false,"c":{"p":[-290.01170270439474,1727.088006068718,2787.246262206474],"r":[-0.03038622311570715,9.154034770184462e-9,0.9995168937621534,8.303944550465174e-9,1,-8.5785762579318e-9,-0.9995168937621534,7.695479448335043e-9,-0.03038622311570715]}},{"t":4.799999999999993,"j":false,"c":{"p":[-290.43102693407275,1727.086115167493,2787.2594985150486],"r":[-0.02266688591872819,-5.3031835226283335e-8,0.9997325483033632,-5.269315533233477e-8,1,5.2013172149717486e-8,-0.9997325483033632,-5.167005514705835e-8,-0.02266688591872819]}},{"t":4.833333333333326,"j":false,"c":{"p":[-290.86577578331634,1727.0846530531537,2787.2684216249713],"r":[-0.01835819593037467,-4.715268384973415e-8,0.9998257972712813,-4.6199732352589e-8,1,4.622574763203176e-8,-0.9998257972712813,-4.525668972915629e-8,-0.01835819593037467