{"v":1,"d":[{"t":0,"c":{"r":[-0.982287585735321,6.250454021028418e-8,-0.18737956881523132,6.529405993660475e-8,1,-8.714946098109522e-9,0.18737956881523132,-2.0795356547864685e-8,-0.982287585735321],"p":[-424.0648193359375,1740.630859375,2798.112548828125]},"j":false},{"t":0.016666666666666666,"j":false,"c":{"p":[-424.01254555028754,1740.578495045841,2798.3865334852444],"r":[-0.982287585735321,3.645672241561582e-8,-0.18737956881523132,3.8083747923425506e-8,1,-5.083101312101767e-9,0.18737956881523132,-1.2129183858298571e-8,-0.982287585735321]}},{"t":0.03333333333333333,"j":false,"c":{"p":[-423.96027176463747,1740.526130716683,2798.660518142363],"r":[-0.982287585735321,1.0408904620947466e-8,-0.18737956881523132,1.0873435910246252e-8,1,-1.451256526094012e-9,0.18737956881523132,-3.4630111687324566e-9,-0.982287585735321]}},{"t":0.05,"j":false,"c":{"p":[-423.9079979789875,1740.4737663875237,2798.934502799484],"r":[-0.982287585735321,-1.563891317372089e-8,-0.18737956881523132,-1.6336876102933e-8,1,2.180588259913743e-9,0.18737956881523132,5.203161520833659e-9,-0.982287585735321]}},{"t":0.06666666666666667,"j":false,"c":{"p":[-423.85572419333727,1740.4214020583659,2799.208487456602],"r":[-0.982287585735321,-4.1686730968389245e-8,-0.18737956881523132,-4.354718811611225e-8,1,5.8124330459214976e-9,0.18737956881523132,1.3869334210399772e-8,-0.982287585735321]}},{"t":0.08333333333333333,"j":false,"c":{"p":[-423.8007270793296,1740.3412628076962,2799.4966593745085],"r":[-0.982287585735321,-4.7984542861934376e-8,-0.18737956881523132,-5.0126066607442925e-8,1,6.6905367184049255e-9,0.18737956881523132,1.596463162569854e-8,-0.982287585735321]}},{"t":0.09999999999999999,"j":false,"c":{"p":[-423.74560287893087,1740.2598274171282,2799.7854933527815],"r":[-0.982287585735321,-5.3360704241783585e-8,-0.18737956881523132,-5.574216202929545e-8,1,7.440134762861127e-9,0.18737956881523132,1.7753293660619218e-8,-0.982287585735321]}},{"t":0.11666666666666665,"j":false,"c":{"p":[-423.69047867853163,1740.178392026559,2800.0743273310572],"r":[-0.982287585735321,-5.873686562163279e-8,-0.18737956881523132,-6.135825745114798e-8,1,8.189732807317329e-9,0.18737956881523132,1.95419556955399e-8,-0.982287585735321]}},{"t":0.13333333333333333,"j":false,"c":{"p":[-423.63535447813274,1740.0969566359909,2800.3631613093307],"r":[-0.982287585735321,-6.411302700148201e-8,-0.18737956881523132,-6.69743528730005e-8,1,8.939330851773532e-9,0.18737956881523132,2.1330617730460582e-8,-0.982287585735321]}},{"t":0.15,"j":false,"c":{"p":[-423.58332442853623,1739.8458569482657,2800.6358572543895],"r":[-0.982287585735321,-2.508233519349433e-8,-0.18737956881523132,-2.620173556469185e-8,1,3.4972081289906993e-9,0.18737956881523132,8.344933163308127e-9,-0.982287585735321]}},{"t":0.16666666666666666,"j":false,"c":{"p":[-423.53140123001003,1739.5888982016768,2800.907995900785],"r":[-0.982287585735321,1.5481869387394655e-8,-0.18737956881523132,1.617283455908079e-8,1,-2.1587348084926877e-9,0.18737956881523132,-5.150957545444015e-9,-0.982287585735321]}},{"t":0.18333333333333332,"j":false,"c":{"p":[-423.4794780314837,1739.3319394550863,2801.1801345471777],"r":[-0.982287585735321,5.604607396828365e-8,-0.18737956881523132,5.854740468285346e-8,1,-7.814677745976077e-9,0.18737956881523132,-1.8646848254196162e-8,-0.982287585735321]}},{"t":0.19999999999999998,"j":false,"c":{"p":[-423.4275548329574,1739.0749807084978,2801.4522731935726],"r":[-0.982287585735321,9.661027854917264e-8,-0.18737956881523132,1.0092197480662611e-7,1,-1.3470620683459467e-8,0.18737956881523132,-3.214273896294831e-8,-0.982287585735321]}},{"t":0.21666666666666665,"j":false,"c":{"p":[-423.3773459707734,1738.899159825476,2801.715262971554],"r":[-0.982287585735321,7.381664774703181e-8,-0.18737956881523132,7.711106752036381e-8,1,-1.029243861607266e-8,0.18737956881523132,-2.455917276188206e-8,-0.982287585735321]}},{"t":0.2333333333333333,"j":false,"c":{"p":[-423.327190208748,1738.7258521210715,2801.9779693708597],"r":[-0.982287585735321,4.906056008282535e-8,-0.18737956881523132,5.1250119484963156e-8,1,-6.840626789535394e-9,0.18737956881523132,-1.6322687713269924e-8,-0.982287585735321]}},{"t":0.24999999999999997,"j":false,"c":{"p":[-423.27703444672284,1738.552544416667,2802.2406757701615],"r":[-0.982287585735321,2.4304472418618898e-8,-0.18737956881523132,2.5389171449562513e-8,1,-3.3888149629981304e-9,0.18737956881523132,-8.086202664657796e-9,-0.982287585735321]}},{"t":0.26666666666666666,"j":false,"c":{"p":[-423.22801274270535,1738.3819196800828,2802.4974926668274],"r":[-0.982287585735321,-1.4585414918034122e-9,-0.18737956881523132,-1.5236425714277154e-9,1,2.0340239751063002e-10,0.18737956881523132,4.852993420548601e-10,-0.982287585735321]}},{"t":0.2833333333333333,"j":false,"c":{"p":[-423.18162503759487,1738.2175264892003,2802.7406304188535],"r":[-0.982287585735321,-2.9560274069130226e-8,-0.18737956881523132,-3.0879553715792434e-8,1,4.1217300808656535e-9,0.18737956881523132,9.834922305077637e-9,-0.982287585735321]}},{"t":0.3,"j":false,"c":{"p":[-423.1352373324841,1738.0531332983185,2802.9837681708814],"r":[-0.982287585735321,-5.766200664645703e-8,-0.18737956881523132,-6.023546486015715e-8,1,8.040057764220676e-9,0.18737956881523132,1.9184545268100413e-8,-0.982287585735321]}},{"t":0.31666666666666665,"j":false,"c":{"p":[-423.08884962737363,1737.8887401074353,2803.2269059229075],"r":[-0.982287585735321,-8.576373922378383e-8,-0.18737956881523132,-8.959137600452186e-8,1,1.1958385447575697e-8,0.18737956881523132,2.8534168231123187e-8,-0.982287585735321]}},{"t":0.3333333333333333,"j":false,"c":{"p":[-423.0416113046148,1737.7288367370807,2803.4744937696278],"r":[-0.982287585735321,-8.682247564151034e-8,-0.18737956881523132,-9.069736115388272e-8,1,1.2105995915623317e-8,0.18737956881523132,2.888640321602646e-8,-0.982287585735321]}},{"t":0.35,"j":false,"c":{"p":[-422.99339118432414,1737.574115594864,2803.7272179922456],"r":[-0.982287585735321,-5.666772037372182e-8,-0.18737956881523132,-5.9196795425617e-8,1,7.901379664641387e-9,0.18737956881523132,1.8853698115558033e-8,-0.982287585735321]}},{"t":0.36666666666666664,"j":false,"c":{"p":[-422.9451710640333,1737.4193944526482,2803.9799422148635],"r":[-0.982287585735321,-2.65129651059333e-8,-0.18737956881523132,-2.7696229697351263e-8,1,3.696763413659454e-9,0.18737956881523132,8.820993015089602e-9,-0.982287585735321]}},{"t":0.3833333333333333,"j":false,"c":{"p":[-422.8969509437422,1737.2646733104323,2804.2326664374814],"r":[-0.982287585735321,3.6417901618552176e-9,-0.18737956881523132,3.804336030914466e-9,1,-5.078528373224783e-10,0.18737956881523132,-1.2117120853788287e-9,-0.982287585735321]}},{"t":0.39999999999999997,"j":false,"c":{"p":[-422.8481630955696,1737.1144456688698,2804.488366317557],"r":[-0.982287585735321,2.3586770535840094e-8,-0.18737956881523132,2.4639463713064183e-8,1,-3.2888786784326783e-9,0.18737956881523132,-7.847556538242735e-9,-0.982287585735321]}},{"t":0.41666666666666663,"j":false,"c":{"p":[-422.7991489737377,1736.9660089572026,2804.7452521758496],"r":[-0.982287585735321,3.946254240501376e-8,-0.18737956881523132,4.122377375660644e-8,1,-5.502518238897901e-9,0.18737956881523132,-1.3129548004075584e-8,-0.982287585735321]}},{"t":0.4333333333333333,"j":false,"c":{"p":[-422.7501348519055,1736.8175722455358,2805.0021380341404],"r":[-0.982287585735321,5.533831427418744e-8,-0.18737956881523132,5.7808083800148695e-8,1,-7.716157799363124e-9,0.18737956881523132,-1.8411539469908433e-8,-0.982287585735321]}},{"t":0.44999999999999996,"j":false,"c":{"p":[-422.7011207300734,1736.669135533869,2805.259023892434],"r":[-0.982287585735321,7.12140861433611e-8,-0.18737956881523132,7.439239384369094e-8,1,-9.929797359828348e-9,0.18737956881523132,-2.3693530935741284e-8,-0.982287585735321]}},{"t":0.4666666666666666,"j":false,"c":{"p":[-422.6546168988406,1736.50197705265,2805.502923505715],"r":[-0.982287585735321,4.214049200271265e-8,-0.18737956881523132,4.402123012986002e-8,1,-5.8758676570997755e-9,0.18737956881523132,-1.4020470626452475e-8,-0.982287585735321]}},{"t":0.4833333333333333,"j":false,"c":{"p":[-422.60818431131304,1736.3342872352437,2805.746454560788],"r":[-0.982287585735321,1.1791205161721174e-8,-0.18737956881523132,1.2317439052601085e-8,1,-1.6440601984045579e-9,0.18737956881523132,-3.922976068667132e-9,-0.982287585735321]}},{"t":0.49999999999999994,"j":false,"c":{"p":[-422.56175172378533,1736.166597417838,2805.9899856158577],"r":[-0.982287585735321,-1.8558081679270306e-8,-0.18737956881523132,-1.938635202465785e-8,1,2.5877472602906622e-9,0.18737956881523132,6.174518489118215e-9,-0.982287585735321]}},{"t":0.5166666666666666,"j":false,"c":{"p":[-422.51581207368736,1736.0011780569043,2806.2309335395084],"r":[-0.9822222038220179,-4.3813768539152416e-8,-0.18771593104754022,-4.5777421773670834e-8,1,6.11707107689461e-9,0.18771593104754022,1.4605972195347438e-8,-0.9822222038220179]}},{"t":0.5333333333333333,"j":false,"c":{"p":[-422.47197445949075,1735.8454406165051,2806.4608662010587],"r":[-0.98187801344155,-4.734878784230574e-8,-0.1894866446725216,-4.951342355104467e-8,1,6.65078987730306e-9,0.1894866446725216,1.5932918361371617e-8,-0.98187801344155]}},{"t":0.55,"j":false,"c":{"p":[-422.42813684529443,1735.6897031761046,2806.690798862609],"r":[-0.9815338230610823,-5.088380714545906e-8,-0.19125735829750298,-5.32494253284185e-8,1,7.18450867771151e-9,0.19125735829750298,1.7259864527395794e-8,-0.9815338230610823]}},{"t":0.5666666666666668,"j":false,"c":{"p":[-422.3842992310982,1735.5339657357051,2806.9207315241592],"r":[-0.9811896326806144,-5.441882644861238e-8,-0.19302807192248433,-5.698542710579233e-8,1,7.718227478119959e-9,0.19302807192248433,1.8586810693419974e-8,-0.9811896326806144]}},{"t":0.5833333333333335,"j":false,"c":{"p":[-422.33975012998457,1735.361909721519,2807.1516764080475],"r":[-0.9809551186689088,-4.481921744928762e-8,-0.1942345411267481,-4.697543326496935e-8,1,6.495109605880926e-9,0.1942345411267481,1.549565999464632e-8,-0.9809551186689088]}},{"t":0.6000000000000002,"j":false,"c":{"p":[-422.29367980811514,1735.1549631807989,2807.3847855111126],"r":[-0.9809551022490005,-7.1366335954315165e-9,-0.19423460680638124,-7.57530820714892e-9,1,1.5157225065812824e-9,0.19423460680638124,2.9582348904071926e-9,-0.9809551022490005]}},{"t":0.6166666666666669,"j":false,"c":{"p":[-422.24760948624566,1734.94801664008,2807.617894614177],"r":[-0.9809550858290923,3.0545950258424596e-8,-0.1942346724860144,3.182481685067151e-8,1,-3.4636645927183632e-9,0.1942346724860144,-9.57919021383194e-9,-0.9809550858290923]}},{"t":0.6333333333333336,"j":false,"c":{"p":[-422.20153916437584,1734.741070099361,2807.8510037172446],"r":[-0.980955069409184,6.82285341122807e-8,-0.1942347381656475,7.122494190849194e-8,1,-8.443051692018008e-9,0.1942347381656475,-2.2116615318071074e-8,-0.980955069409184]}},{"t":0.6500000000000004,"j":false,"c":{"p":[-422.1574872367388,1734.540903185375,2808.073666626775],"r":[-0.9809550642967224,6.79780900871076e-8,-0.19423475861549377,7.09933745322592e-8,1,-8.562943455629576e-9,0.19423475861549377,-2.218924414552619e-8,-0.9809550642967224]}},{"t":0.6666666666666671,"j":false,"c":{"p":[-422.11434789027004,1734.3438015594213,2808.2916064751],"r":[-0.9809550642967224,5.057690002609968e-8,-0.19423475861549377,5.284304005748612e-8,1,-6.485700557845296e-9,0.19423475861549377,-1.6626136326455183e-8,-0.9809550642967224]}},{"t":0.6833333333333338,"j":false,"c":{"p":[-422.07120854380094,1734.1466999334657,2808.509546323424],"r":[-0.9809550642967224,3.317570996509176e-8,-0.19423475861549377,3.469270558271304e-8,1,-4.408457660061015e-9,0.19423475861549377,-1.1063028507384174e-8,-0.9809550642967224]}},{"t":0.7000000000000005,"j":false,"c":{"p":[-422.0280691973322,1733.9495983075126,2808.727486171752],"r":[-0.9809550642967224,1.577451990408383e-8,-0.19423475861549377,1.6542371107939962e-8,1,-2.3312147622767344e-9,0.19423475861549377,-5.499920688313168e-9,-0.9809550642967224]}},{"t":0.7166666666666672,"j":false,"c":{"p":[-421.98257193702926,1733.7386357374685,2808.957349187077],"r":[-0.9809550642967224,-1.4250032438018851e-8,-0.19423475861549377,-1.4796295329776377e-8,1,1.3615880091398973e-9,0.19423475861549377,4.20961146162475e-9,-0.9809550642967224]}},{"t":0.733333333333334,"j":false,"c":{"p":[-421.93690714990817,1733.5266883647469,2809.1880593284523],"r":[-0.9809550642967224,-4.517145882487653e-8,-0.19423475861549377,-4.707197619897195e-8,1,5.169174281666891e-9,0.19423475861549377,1.4213741855523755e-8,-0.9809550642967224]}},{"t":0.7500000000000007,"j":false,"c":{"p":[-421.8912423627871,1733.314740992025,2809.418769469826],"r":[-0.9809550642967224,-7.609288521173424e-8,-0.19423475861549377,-7.934765706816755e-8,1,8.976760554193884e-9,0.19423475861549377,2.4217872249422762e-8,-0.9809550642967224]}},{"t":0.7666666666666674,"j":false,"c":{"p":[-421.84422935166947,1733.1193520848105,2809.6562564232363],"r":[-0.9809550548497881,-9.505085579015462e-8,-0.19423480663740977,-9.914241282146167e-8,1,1.1343973900493654e-8,0.19423480663740977,3.038483152033649e-8,-0.9809550548497881]}},{"t":0.7833333333333341,"j":false,"c":{"p":[-421.79179733275305,1732.9905177367395,2809.9209818751274],"r":[-0.9809550074321526,-6.592330015741843e-8,-0.19423504767705724,-6.877174301461788e-8,1,7.92179902929421e-9,0.19423504767705724,2.112878964797912e-8,-0.9809550074321526]}},{"t":0.8000000000000008,"j":false,"c":{"p":[-421.7393653138366,1732.8616833886686,2810.1857073270176],"r":[-0.980954960014517,-3.679574452468223e-8,-0.1942352887167047,-3.8401073207774086e-8,1,4.499624158094765e-9,0.1942352887167047,1.1872747775621745e-8,-0.980954960014517]}},{"t":0.8166666666666675,"j":false,"c":{"p":[-421.68693329492,1732.7328490405976,2810.450432778907],"r":[-0.9809549125968814,-7.668188891946029e-9,-0.19423552975635217,-8.030403400930293e-9,1,1.0774492868953196e-9,0.19423552975635217,2.616705903264369e-9,-0.9809549125968814]}},{"t":0.8333333333333343,"j":false,"c":{"p":[-421.633070934903,1732.6106646320923,2810.722391370299],"r":[-0.9809548854827881,1.6066195770105474e-8,-0.1942356675863266,1.6720479431223607e-8,1,-1.7290340375023997e-9,0.1942356675863266,-4.9438178452002664e-9,-0.9809548854827881]}},{"t":0.850000000000001,"j":false,"c":{"p":[-421.57729844503547,1732.4973607962415,2811.004009360885],"r":[-0.9809548854827881,3.2598342550082765e-8,-0.1942356675863266,3.396649307634332e-8,1,-3.7133003385289327e-9,0.1942356675863266,-1.0240084642045708e-8,-0.9809548854827881]}},{"t":0.8666666666666677,"j":false,"c":{"p":[-421.52152595516765,1732.3840569603906,2811.2856273514703],"r":[-0.9809548854827881,4.913048933006005e-8,-0.1942356675863266,5.121250672146304e-8,1,-5.697566639555466e-9,0.1942356675863266,-1.553635143889115e-8,-0.9809548854827881]}},{"t":0.8833333333333344,"j":false,"c":{"p":[-421.4657534653002,1732.2707531245403,2811.5672453420566],"r":[-0.9809548854827881,6.566263611003734e-8,-0.1942356675863266,6.845852036658275e-8,1,-7.681832940581997e-9,0.1942356675863266,-2.083261823573659e-8,-0.9809548854827881]}},{"t":0.9000000000000011,"j":false,"c":{"p":[-421.4112707844299,1732.1504952074379,2811.842580057293],"r":[-0.9809548854827881,4.649399417598095e-8,-0.1942356675863266,4.848439823582635e-8,1,-5.49340495420749e-9,0.1942356675863266,-1.4806182235104323e-8,-0.9809548854827881]}},{"t":0.9166666666666679,"j":false,"c":{"p":[-421.3571423783229,1732.0283271970643,2812.116188931039],"r":[-0.9809548854827881,1.7519335627395687e-8,-0.1942356675863266,1.8286936986800236e-8,1,-2.1588535631833773e-9,0.1942356675863266,-5.669713774326605e-9,-0.9809548854827881]}},{"t":0.9333333333333346,"j":false,"c":{"p":[-421.30301397221535,1731.906159186691,2812.3897978047844],"r":[-0.9809548854827881,-1.1455322921189592e-8,-0.1942356675863266,-1.191052426222589e-8,1,1.1756978278407352e-9,0.1942356675863266,3.466754686451116e-9,-0.9809548854827881]}},{"t":0.9500000000000013,"j":false,"c":{"p":[-421.24926507704595,1731.7831659444237,2812.661476702859],"r":[-0.9809548854827881,-3.913766304611164e-8,-0.1942356675863266,-4.076135501831627e-8,1,4.3626689836521734e-9,0.1942356675863266,1.2196889925806205e-8,-0.9809548854827881]}},{"t":0.966666666666668,"j":false,"c":{"p":[-421.1997944428782,1731.650869788667,2812.9113988112886],"r":[-0.9809548854827881,-5.2251581126166873e-8,-0.1942356675863266,-5.4431498878397994e-8,1,5.885954848988139e-9,0.1942356675863266,1.6346394144088873e-8,-0.9809548854827881]}},{"t":0.9833333333333347,"j":false,"c":{"p":[-421.1503238087104,1731.5185736329095,2813.161320919718],"r":[-0.9809548854827881,-6.536549920622211e-8,-0.1942356675863266,-6.810164273847973e-8,1,7.409240714324106e-9,0.1942356675863266,2.0495898362371542e-8,-0.9809548854827881]}},{"t":1.0000000000000013,"j":false,"c":{"p":[-421.10085317454286,1731.3862774771524,2813.4112430281466],"r":[-0.9809548854827881,-7.847941728627726e-8,-0.1942356675863266,-8.177178659856137e-8,1,8.932526579660061e-9,0.1942356675863266,2.4645402580654184e-8,-0.9809548854827881]}},{"t":1.016666666666668,"j":false,"c":{"p":[-421.05110168174986,1731.2423935182055,2813.662632560563],"r":[-0.9809548854827881,-7.06276797606584e-8,-0.1942356675863266,-7.359584539858713e-8,1,8.065063279339541e-9,0.1942356675863266,2.2206400824702663e-8,-0.9809548854827881]}},{"t":1.0333333333333345,"j":false,"c":{"p":[-421.00090525583636,1731.0801522898773,2813.916346769801],"r":[-0.9809548854827881,-2.956238299183315e-8,-0.1942356675863266,-3.081157837178187e-8,1,3.4102016480224967e-9,0.1942356675863266,9.329960926333911e-9,-0.9809548854827881]}},{"t":1.0500000000000012,"j":false,"c":{"p":[-420.9507088299225,1730.9179110615498,2814.1700609790387],"r":[-0.9809548854827881,1.1502913776992106e-8,-0.1942356675863266,1.1972688655023393e-8,1,-1.2446599832945463e-9,0.1942356675863266,-3.546478972034838e-9,-0.9809548854827881]}},{"t":1.0666666666666678,"j":false,"c":{"p":[-420.9005124040092,1730.755669833221,2814.423775188274],"r":[-0.9809548854827881,5.256821054581738e-8,-0.1942356675863266,5.475695568182866e-8,1,-5.8995216146115926e-9,0.1942356675863266,-1.6422918870403593e-8,-0.9809548854827881]}},{"t":1.0833333333333344,"j":false,"c":{"p":[-420.8508409620539,1730.5907729747705,2814.674866694478],"r":[-0.9809549055400743,7.866739238952383e-8,-0.19423557331708172,8.194987925058222e-8,1,-8.864220737737922e-9,0.19423557331708172,-2.4612989043412662e-8,-0.9809549055400743]}},{"t":1.100000000000001,"j":false,"c":{"p":[-420.80271111738654,1730.4180779500603,2814.918256723686],"r":[-0.9809549844948894,6.081909394964905e-8,-0.19423520222945073,6.335936051346083e-8,1,-6.865815950704348e-9,0.19423520222945073,-1.9041696154779884e-8,-0.9809549844948894]}},{"t":1.1166666666666676,"j":false,"c":{"p":[-420.75458127271895,1730.2453829253514,2815.161646752893],"r":[-0.9809550634497044,4.297079550977428e-8,-0.19423483114181972,4.4768841776339446e-8,1,-4.867411163670774e-9,0.19423483114181972,-1.3470403266147104e-8,-0.9809550634497044]}},{"t":1.1333333333333342,"j":false,"c":{"p":[-420.7064514280517,1730.0726879006418,2815.4050367821],"r":[-0.9809551424045195,2.5122497069899503e-8,-0.19423446005418873,2.6178323039218067e-8,1,-2.8690063766371996e-9,0.19423446005418873,-7.899110377514325e-9,-0.9809551424045195]}},{"t":1.1500000000000008,"j":false,"c":{"p":[-420.66188148213496,1729.8995130974763,2815.647895087832],"r":[-0.9823054466632841,2.946670731107026e-9,-0.18570899514013656,3.249789370900539e-9,1,1.5814312678210996e-10,0.18570899514013656,-1.3188552514008811e-9,-0.9823054466632841]}},{"t":1.1666666666666674,"j":false,"c":{"p":[-420.6211769076339,1729.7258173463697,2815.890176043231],"r":[-0.9851218382068694,-2.3928025943437736e-8,-0.16792690348071004,-2.4389001551066564e-8,1,4.3023132812053746e-9,0.16792690348071004,6.3569405247862085e-9,-0.9851218382068694]}},{"t":1.183333333333334,"j":false,"c":{"p":[-420.58047233313255,1729.5521215952626,2816.132456998631],"r":[-0.9879382297504546,-5.080272261798251e-8,-0.1501448118212835,-5.202779247303368e-8,1,8.44648343562864e-9,0.1501448118212835,1.4032736300973301e-8,-0.9879382297504546]}},{"t":1.2000000000000006,"j":false,"c":{"p":[-420.5397677586312,1729.3784258441565,2816.3747379540314],"r":[-0.9907546212940399,-7.767741929252727e-8,-0.132362720161857,-7.966658339500077e-8,1,1.2590653590051903e-8,0.132362720161857,2.170853207716039e-8,-0.9907546212940399]}},{"t":1.2166666666666672,"j":false,"c":{"p":[-420.5013562499041,1729.2045343368095,2816.618896827068],"r":[-0.9929656281497161,-9.25375618985055e-8,-0.11840291472200933,-9.497133425197531e-8,1,1.4912700005566088e-8,0.11840291472200933,2.6052673775709974e-8,-0.9929656281497161]}},{"t":1.2333333333333338,"j":false,"c":{"p":[-420.4713197399727,1729.0299278659907,2816.8699144470784],"r":[-0.9929655793570421,-6.351676703401891e-8,-0.11840330303037383,-6.522828410348808e-8,1,1.0579776341108037e-8,0.11840330303037383,1.8228564915837173e-8,-0.9929655793570421]}},{"t":1.2500000000000004,"j":false,"c":{"p":[-420.441283230041,1728.8553213951714,2817.1209320670887],"r":[-0.992965530564368,-3.449597216953233e-8,-0.11840369133873832,-3.548523395500084e-8,1,6.246852676649986e-9,0.11840369133873832,1.0404456055964375e-8,-0.992965530564368]}},{"t":1.266666666666667,"j":false,"c":{"p":[-420.4112467201095,1728.6807149243523,2817.371949687099],"r":[-0.992965481771694,-5.475177305045742e-9,-0.11840407964710283,-5.742183806513606e-9,1,1.9139290121919345e-9,0.11840407964710283,2.5803471960915737e-9,-0.992965481771694]}},{"t":1.2833333333333337,"j":false,"c":{"p":[-420.381796636315,1728.5112907724576,2817.618777216193],"r":[-0.9929654598236084,1.4484906221444161e-8,-0.11840425431728363,1.4736105673712438e-8,1,-1.2460540797040441e-9,0.11840425431728363,-2.98210615449119e-9,-0.9929654598236084]}},{"t":1.3000000000000003,"j":false,"c":{"p":[-420.35282601343783,1728.346103674859,2817.862178934759],"r":[-0.9929654598236084,2.703696904487205e-8,-0.11840425431728363,2.7639544098748764e-8,1,-3.447043145539104e-9,0.11840425431728363,-6.695434175834714e-9,-0.9929654598236084]}},{"t":1.3166666666666669,"j":false,"c":{"p":[-420.3238553905603,1728.1809165772593,2818.105580653328],"r":[-0.9929654598236084,3.9589031868299944e-8,-0.11840425431728363,4.054298252378509e-8,1,-5.648032211374166e-9,0.11840425431728363,-1.0408762197178238e-8,-0.9929654598236084]}},{"t":1.3333333333333335,"j":false,"c":{"p":[-420.29488476768296,1728.0157294796604,2818.3489823718965],"r":[-0.9929654598236084,5.2141094691727835e-8,-0.11840425431728363,5.344642094882142e-8,1,-7.849021277209227e-9,0.11840425431728363,-1.4122090218521763e-8,-0.9929654598236084]}},{"t":1.35,"j":false,"c":{"p":[-420.26631822955187,1727.8445389782216,2818.5887953836545],"r":[-0.9929654598236084,4.550236153750582e-8,-0.11840425431728363,4.668432928344891e-8,1,-7.208924481549447e-9,0.11840425431728363,-1.2685835792871085e-8,-0.9929654598236084]}},{"t":1.3666666666666667,"j":false,"c":{"p":[-420.2381217375489,1727.66785077768,2818.8253219881117],"r":[-0.9929654598236084,2.128939473030133e-8,-0.11840425431728363,2.19132597142362e-8,1,-3.967064485642794e-9,0.11840425431728363,-6.533780873891634e-9,-0.9929654598236084]}},{"t":1.3833333333333333,"j":false,"c":{"p":[-420.20992524554583,1727.4911625771388,2819.0618485925697],"r":[-0.9929654598236084,-2.923572076903143e-9,-0.11840425431728363,-2.857809854976495e-9,1,-7.2520448973614e-10,0.11840425431728363,-3.8172595491218646e-10,-0.9929654598236084]}},{"t":1.4,"j":false,"c":{"p":[-420.1817287535427,1727.3144743765984,2819.298375197027],"r":[-0.9929654598236084,-2.7136538884107637e-8,-0.11840425431728363,-2.7628879424189203e-8,1,2.516655506170514e-9,0.11840425431728363,5.770328964067265e-9,-0.9929654598236084]}},{"t":1.4166666666666665,"j":false,"c":{"p":[-420.15239655768613,1727.143618781703,2819.544439106391],"r":[-0.9929654598236084,-4.832934605844851e-8,-0.11840425431728363,-4.93135474731695e-8,1,5.3824251710482945e-9,0.11840425431728363,1.1183496229080272e-8,-0.9929654598236084]}},{"t":1.4333333333333331,"j":false,"c":{"p":[-420.12118523851893,1726.9824137530134,2819.806283337285],"r":[-0.9929654598236084,-6.45250297750854e-8,-0.11840425431728363,-6.589148895418262e-8,1,7.625919842594652e-9,0.11840425431728363,1.537410797482006e-8,-0.9929654598236084]}},{"t":1.4499999999999997,"j":false,"c":{"p":[-420.08997391935156,1726.8212087243228,2820.068127568178],"r":[-0.9929654598236084,-8.07207134917223e-8,-0.11840425431728363,-8.246943043519573e-8,1,9.869414514141009e-9,0.11840425431728363,1.9564719720559847e-8,-0.9929654598236084]}},{"t":1.4666666666666663,"j":false,"c":{"p":[-420.0587626001846,1726.6600036956343,2820.3299717990735],"r":[-0.9929654598236084,-9.691639720835919e-8,-0.11840425431728363,-9.904737191620885e-8,1,1.2112909185687366e-8,0.11840425431728363,2.375533146629963e-8,-0.9929654598236084]}},{"t":1.483333333333333,"j":false,"c":{"p":[-420.0266422261292,1726.5156054768368,2820.599660136636],"r":[-0.9929654598236084,-6.494406291966985e-8,-0.11840425431728363,-6.639123386406061e-8,1,8.277895846308186e-9,0.11840425431728363,1.6080669962989105e-8,-0.9929654598236084]}},{"t":1.4999999999999996,"j":false,"c":{"p":[-419.99423620067364,1726.3764884449606,2820.8718133199277],"r":[-0.9929654598236084,-1.783594091508819e-8,-0.11840425431728363,-1.826432065735054e-8,1,2.532839065395945e-9,0.11840425431728363,4.677595613859948e-9,-0.9929654598236084]}},{"t":1.5166666666666662,"j":false,"c":{"p":[-419.96183017521764,1726.2373714130856,2821.1439665032167],"r":[-0.9929654598236084,2.927218108949347e-8,-0.11840425431728363,2.986259254935956e-8,1,-3.2122177155162978e-9,0.11840425431728363,-6.725478735269209e-9,-0.9929654598236084]}},{"t":1.5333333333333328,"j":false,"c":{"p":[-419.9297604811558,1726.0986682049966,2821.413323722337],"r":[-0.9929654598236084,6.815469317420151e-8,-0.11840425431728363,6.958830825721845e-8,1,-7.973452183195794e-9,0.11840425431728363,-1.6156913958397063e-8,-0.9929654598236084]}},{"t":1.5499999999999994,"j":false,"c":{"p":[-419.8996346384651,1725.9623567211147,2821.6665214663526],"r":[-0.9929654598236084,5.949670380826891e-8,-0.11840425431728363,6.075870153041111e-8,1,-7.048615154047903e-9,0.11840425431728363,-1.4193119691813705e-8,-0.9929654598236084]}},{"t":1.566666666666666,"j":false,"c":{"p":[-419.86950879577444,1725.8260452372344,2821.919719210369],"r":[-0.9929654598236084,5.0838714442336306e-8,-0.11840425431728363,5.192909480360378e-8,1,-6.123778124900012e-9,0.11840425431728363,-1.2229325425230346e-8,-0.9929654598236084]}},{"t":1.5833333333333326,"j":false,"c":{"p":[-419.8393829530837,1725.6897337533514,2822.1729169543833],"r":[-0.9929654598236084,4.21807250764037e-8,-0.11840425431728363,4.309948807679644e-8,1,-5.198941095752121e-9,0.11840425431728363,-1.0265531158646988e-8,-0.9929654598236084]}},{"t":1.5999999999999992,"j":false,"c":{"p":[-419.80844741839024,1725.5532604070625,2822.4328372251744],"r":[-0.9929654598236084,2.5944262973560775e-8,-0.11840425431728363,2.653002448416185e-8,1,-3.370942439201722e-9,0.11840425431728363,-6.488496753948063e-9,-0.9929654598236084]}},{"t":1.6166666666666658,"j":false,"c":{"p":[-419.7767109408701,1725.416626947377,2822.699407382065],"r":[-0.9929654598236084,2.2112177803289492e-9,-0.11840425431728363,2.3043375182086064e-9,1,-6.495413229580929e-10,0.11840425431728363,-9.17815287354001e-10,-0.9929654598236084]}},{"t":1.6333333333333324,"j":false,"c":{"p":[-419.74497446334965,1725.279993487692,2822.9659775389573],"r":[-0.9929654598236084,-2.1521827412902886e-8,-0.11840425431728363,-2.1921349447744644e-8,1,2.071859793285536e-9,0.11840425431728363,4.652866179240062e-9,-0.9929654598236084]}},{"t":1.649999999999999,"j":false,"c":{"p":[-419.71323798582966,1725.1433600280066,2823.2325476958476],"r":[-0.9929654598236084,-4.5254872606134715e-8,-0.11840425431728363,-4.614703641369789e-8,1,4.7932609095291644e-9,0.11840425431728363,1.0223547645834122e-8,-0.9929654598236084]}},{"t":1.6666666666666656,"j":false,"c":{"p":[-419.6794973024736,1725.038174974834,2823.5155614005507],"r":[-0.9929654598236084,-5.6080549016961944e-8,-0.11840425431728363,-5.720179162139922e-8,1,6.071210034476649e-9,0.11840425431728363,1.2801437109845511e-8,-0.9929654598236084]}},{"t":1.6833333333333322,"j":false,"c":{"p":[-419.6450803122865,1724.943601991425,2823.8041238784917],"r":[-0.9929654598236084,-6.255071387196076e-8,-0.11840425431728363,-6.381209758145098e-8,1,6.862075235941268e-9,0.11840425431728363,1.436942747116687e-8,-0.9929654598236084]}},{"t":1.6999999999999988,"j":false,"c":{"p":[-419.6106633220992,1724.849029008015,2824.092686356435],"r":[-0.9929654598236084,-6.902087872695957e-8,-0.11840425431728363,-7.042240354150274e-8,1,7.652940437405885e-9,0.11840425431728363,1.5937417832488227e-8,-0.9929654598236084]}},{"t":1.7166666666666655,"j":false,"c":{"p":[-419.5762463319125,1724.7544560246047,2824.3812488343756],"r":[-0.9929654598236084,-7.549104358195839e-8,-0.11840425431728363,-7.703270950155451e-8,1,8.443805638870504e-9,0.11840425431728363,1.7505408193809587e-8,-0.9929654598236084]}},{"t":1.733333333333332,"j":false,"c":{"p":[-419.5435064162963,1724.685280107519,2824.6557707449147],"r":[-0.9929654598236084,-4.1902272338585096e-8,-0.11840425431728363,-4.2765268828515046e-8,1,4.7478636689453395e-9,0.11840425431728363,9.778054470276787e-9,-0.9929654598236084]}},{"t":1.7499999999999987,"j":false,"c":{"p":[-419.51114450607304,1724.6218285799146,2824.9271279719687],"r":[-0.9929654598236084,7.156107509043884e-10,-0.11840425431728363,7.158400622976519e-10,1,4.0614666727799484e-11,0.11840425431728363,-4.4429817487182096e-11,-0.9929654598236084]}},{"t":1.7666666666666653,"j":false,"c":{"p":[-419.4787825958497,1724.5583770523085,2825.1984851990223],"r":[-0.9929654598236084,4.333349384039387e-8,-0.11840425431728363,4.419694895311033e-8,1,-4.666634335489738e-9,0.11840425431728363,-9.86691410525115e-9,-0.9929654598236084]}},{"t":1.7833333333333319,"j":false,"c":{"p":[-419.4461159406575,1724.4950270285544,2825.4724191201567],"r":[-0.9929654598236084,8.150711115787677e-8,-0.11840425431728363,8.31442486927063e-8,1,-8.886989621615022e-9,0.11840425431728363,-1.8669107418945504e-8,-0.9929654598236084]}},{"t":1.7999999999999985,"j":false,"c":{"p":[-419.4096470958334,1724.4329434305969,2825.7785014949577],"r":[-0.9929654598236084,6.423127740758303e-8,-0.11840425431728363,6.552489792626726e-8,1,-7.032553103946834e-9,0.11840425431728363,-1.474150972915905e-8,-0.9929654598236084]}},{"t":1.816666666666665,"j":false,"c":{"p":[-419.37317825100945,1724.3708598326375,2826.0845838697614],"r":[-0.9929654598236084,4.69554436572893e-8,-0.11840425431728363,4.7905547159828245e-8,1,-5.178116586278646e-9,0.11840425431728363,-1.0813912039372593e-8,-0.9929654598236084]}},{"t":1.8333333333333317,"j":false,"c":{"p":[-419.3367094061856,1724.30877623468,2826.390666244565],"r":[-0.9929654598236084,2.967960990699557e-8,-0.11840425431728363,3.028619639338922e-8,1,-3.323680068610459e-9,0.11840425431728363,-6.886314349586138e-9,-0.9929654598236084]}},{"t":1.8499999999999983,"j":false,"c":{"p":[-419.300277859419,1724.2467041715572,2826.6962703047966],"r":[-0.9929524871678789,1.2273502544793931e-8,-0.11850413991052541,1.2532299093795461e-8,1,-1.4579242851561558e-9,0.11850413991052541,-2.922900231678811e-9,-0.9929524871678789]}},{"t":1.866666666666665,"j":false,"c":{"p":[-419.26568830187637,1724.1852017639194,2826.9782524835377],"r":[-0.9922988513284527,-1.1566253308264484e-8,-0.12353694159327187,-1.186626773866514e-8,1,9.66840926039604e-10,0.12353694159327187,2.8093318790129923e-9,-0.9922988513284527]}},{"t":1.8833333333333315,"j":false,"c":{"p":[-419.2310987443342,1724.123699356282,2827.2602346622807],"r":[-0.9916452154890267,-3.5406009161322897e-8,-0.12856974327601833,-3.626483457112574e-8,1,3.3916061372353633e-9,0.12856974327601833,8.541563989704796e-9,-0.9916452154890267]}},{"t":1.8999999999999981,"j":false,"c":{"p":[-419.1965091867918,1724.062196948644,2827.5422168410205],"r":[-0.9909915796496006,-5.9245765014381304e-8,-0.13360254495876478,-6.066340140358634e-8,1,5.816371348431123e-9,0.13360254495876478,1.4273796100396599e-8,-0.9909915796496006]}},{"t":1.9166666666666647,"j":false,"c":{"p":[-419.1619196292495,1724.000694541006,2827.824199019762],"r":[-0.9903379438101745,-8.308552086743972e-8,-0.13863534664151125,-8.506196823604693e-8,1,8.241136559626882e-9,0.13863534664151125,2.0006028211088402e-8,-0.9903379438101745]}},{"t":1.9333333333333313,"j":false,"c":{"p":[-419.11996551038317,1723.8985889553876,2828.1081823194236],"r":[-0.9886408891676751,-6.977904851764629e-8,-0.1492196012447887,-7.151777474783077e-8,1,7.0586157179574364e-9,0.1492196012447887,1.715230353162149e-8,-0.9886408891676751]}},{"t":1.949999999999998,"j":false,"c":{"p":[-419.077132992222,1723.7916404739942,2828.392404300401],"r":[-0.9868193819880663,-5.2042003965896784e-8,-0.16046599879447393,-5.344800363638324e-8,1,5.445840121402772e-9,0.16046599879447393,1.327449906472807e-8,-0.9868193819880663]}},{"t":1.9666666666666646,"j":false,"c":{"p":[-419.0343004740605,1723.6846919926002,2828.6766262813794],"r":[-0.9849978748084574,-3.430495941414728e-8,-0.1717123963441592,-3.53782325249357e-8,1,3.833064524848108e-9,0.1717123963441592,9.396694597834648e-9,-0.9849978748084574]}},{"t":1.9833333333333312,"j":false,"c":{"p":[-418.9885550282177,1723.5739919666426,2828.9577027200985],"r":[-0.9829755683619426,-1.5938364510055276e-8,-0.18332257804225668,-1.6583825652978015e-8,1,2.32835851900388e-9,0.18332257804225668,5.090821354813884e-9,-0.9829755683619426]}},{"t":1.9999999999999978,"j":false,"c":{"p":[-418.9322993525974,1723.4497558698677,2829.227429624768],"r":[-0.9802287515035597,4.69973164050718e-9,-0.19624534124156354,4.825163241070832e-9,1,1.2135819430946752e-9,0.19624534124156354,-7.595808602426692e-10,-0.9802287515035597]}},{"t":2.0166666666666644,"j":false,"c":{"p":[-418.87604367697713,1723.3255197730937,2829.4971565294336],"r":[-0.977481934645177,2.533782779106964e-8,-0.20916810444087042,2.623415213511968e-8,1,9.880536718547024e-11,0.20916810444087042,-6.609983075299223e-9,-0.977481934645177]}},{"t":2.033333333333331,"j":false,"c":{"p":[-418.8197880013572,1723.2012836763176,2829.766883434102],"r":[-0.9747351177867942,4.597592394163209e-8,-0.22209086764017727,4.7643141029168526e-8,1,-1.0159712087237347e-9,0.22209086764017727,-1.2460385290355775e-8,-0.9747351177867942]}},{"t":2.0499999999999976,"j":false,"c":{"p":[-418.7635323257369,1723.0770475795425,2830.0366103387687],"r":[-0.9719883009284115,6.661402009219454e-8,-0.23501363083948412,6.905212992321736e-8,1,-2.1307477846329397e-9,0.23501363083948412,-1.8310787505412327e-8,-0.9719883009284115]}},{"t":2.066666666666664,"j":false,"c":{"p":[-418.6945564915285,1722.964737354971,2830.3024181768155],"r":[-0.9693431548767109,4.3447067729032294e-8,-0.2450503004126953,4.525051711084999e-8,1,-2.451822938239906e-9,0.2450503004126953,-1.2728209222193772e-8,-0.9693431548767109]}},{"t":2.083333333333331,"j":false,"c":{"p":[-418.6254522174077,1722.8525475501242,2830.568186442668],"r":[-0.9666990354308818,1.98378003938853e-8,-0.25505782808412375,2.0992396961869996e-8,1,-2.764883809605868e-9,0.25505782808412375,-7.030188116278371e-9,-0.9666990354308818]}},{"t":2.0999999999999974,"j":false,"c":{"p":[-418.5563479432871,1722.7403577452765,2830.8339547085207],"r":[-0.9640549159850528,-3.771466941261694e-9,-0.26506535575555223,-3.2657231871100002e-9,1,-3.0779446809718305e-9,0.26506535575555223,-1.332167010362967e-9,-0.9640549159850528]}},{"t":2.116666666666664,"j":false,"c":{"p":[-418.4872436691667,1722.6281679404287,2831.099722974375],"r":[-0.9614107965392237,-2.73807342764087e-8,-0.2750728834269807,-2.7523843336089996e-8,1,-3.3910055523377932e-9,0.2750728834269807,4.365854095552434e-9,-0.9614107965392237]}},{"t":2.1333333333333306,"j":false,"c":{"p":[-418.40728942401097,1722.5032814129572,2831.3717053296996],"r":[-0.9603550847467939,-4.7818223354587275e-8,-0.27871773544413303,-4.8651237325666674e-8,1,-4.120267425048916e-9,0.27871773544413303,9.808967905669964e-9,-0.9603550847467939]}},{"t":2.1499999999999972,"j":false,"c":{"p":[-418.326685114787,1722.3776341753291,2831.644059995352],"r":[-0.9593945406500449,-6.80656788306987e-8,-0.28198137475490814,-6.959105730440252e-8,1,-4.874465522508981e-9,0.28198137475490814,1.5236809225818423e-8,-0.9593945406500449]}},{"t":2.166666666666664,"j":false,"c":{"p":[-418.2460808055633,1722.2519869377024,2831.916414661006],"r":[-0.958433996553296,-8.831313430681012e-8,-0.2852450140656833,-9.053087728313837e-8,1,-5.628663619969049e-9,0.2852450140656833,2.066465054596688e-8,-0.958433996553296]}},{"t":2.1833333333333305,"j":false,"c":{"p":[-418.1654764963391,1722.1263397000737,2832.188769326661],"r":[-0.9574734524565469,-1.0856058978292155e-7,-0.2885086533764584,-1.1147069726187422e-7,1,-6.382861717429115e-9,0.2885086533764584,2.6092491866115336e-8,-0.9574734524565469]}},{"t":2.199999999999997,"j":false,"c":{"p":[-418.08863901958387,1721.9928202613441,2832.444134564741],"r":[-0.9573196955946245,-7.362195373725495e-8,-0.2890310855616603,-7.566876466049611e-8,1,-4.092208036923495e-9,0.2890310855616603,1.7953165934902244e-8,-0.9573196955946245]}},{"t":2.2166666666666637,"j":false,"c":{"p":[-418.01252052102694,1721.8577982495576,2832.6962570177657],"r":[-0.957319930830293,-2.8149906124763573e-8,-0.2890303014427653,-2.903649027429677e-8,1,-1.2203811648967124e-9,0.2890303014427653,7.224264396615366e-9,-0.957319930830293]}},{"t":2.2333333333333303,"j":false,"c":{"p":[-417.93640202247036,1721.722776237772,2832.948379470792],"r":[-0.9573201660659615,1.7322141487727828e-8,-0.2890295173238703,1.7595784111902586e-8,1,1.651445707130071e-9,0.2890295173238703,-3.5046371416715187e-9,-0.9573201660659615]}},{"t":2.249999999999997,"j":false,"c":{"p":[-417.86059954724516,1721.5850646378608,2833.199454917668],"r":[-0.9573203921318054,6.078715142921783e-8,-0.28902876377105713,6.217207656980099e-8,1,4.389012468038567e-9,0.28902876377105713,-1.3767827158419605e-8,-0.9573203921318054]}},{"t":2.2666666666666635,"j":false,"c":{"p":[-417.7925880696175,1721.3810459885667,2833.424718275455],"r":[-0.9573203921318054,5.477218906206415e-8,-0.28902876377105713,5.606176241874276e-8,1,3.816633094765249e-9,0.28902876377105713,-1.2549721371657093e-8,-0.9573203921318054]}},{"t":2.28333333333333,"j":false,"c":{"p":[-417.7245765919904,1721.1770273392717,2833.649981633239],"r":[-0.9573203921318054,4.875722669491047e-8,-0.28902876377105713,4.9951448267684526e-8,1,3.2442537214919305e-9,0.28902876377105713,-1.133161558489458e-8,-0.9573203921318054]}},{"t":2.2999999999999967,"j":false,"c":{"p":[-417.656565114363,1720.9730086899758,2833.8752449910244],"r":[-0.9573203921318054,4.2742264327756796e-8,-0.28902876377105713,4.38411341166263e-8,1,2.6718743482186123e-9,0.28902876377105713,-1.0113509798132069e-8,-0.9573203921318054]}},{"t":2.3166666666666633,"j":false,"c":{"p":[-417.58708096066425,1720.7621449679043,2834.1019107239235],"r":[-0.9573203921318054,3.3616999262440796e-8,-0.28902876377105713,3.454461456728033e-8,1,1.8916158528083564e-9,0.28902876377105713,-8.17350580622431e-9,-0.9573203921318054]}},{"t":2.33333333333333,"j":false,"c":{"p":[-417.51050641237873,1720.5183247335874,2834.335328378094],"r":[-0.9573203921318054,9.516768659502156e-9,-0.28902876377105713,9.90768584704024e-9,1,1.1049570755573847e-10,0.28902876377105713,-2.7578270029520885e-9,-0.9573203921318054]}},{"t":2.3499999999999965,"j":false,"c":{"p":[-417.4339318640931,1720.2745044992694,2834.568746032266],"r":[-0.9573203921318054,-1.4583461943436484e-8,-0.28902876377105713,-1.472924287319985e-8,1,-1.6706244376968795e-9,0.28902876377105713,2.6578518003201342e-9,-0.9573203921318054]}},{"t":2.366666666666663,"j":false,"c":{"p":[-417.35735731580735,1720.0306842649538,2834.8021636864405],"r":[-0.9573203921318054,-3.8683692546375134e-8,-0.28902876377105713,-3.9366171593439947e-8,1,-3.451744582949498e-9,0.28902876377105713,8.073530603592359e-9,-0.9573203921318054]}},{"t":2.3833333333333298,"j":false,"c":{"p":[-417.2838580533145,1719.7721247894801,2835.029133079964],"r":[-0.9573203572532107,-5.556392314865352e-8,-0.2890288819707391,-5.663220617951258e-8,1,-4.666515305312784e-9,