{"v":1,"d":[{"t":0.060199737548828125,"c":{"r":[0.1873902827501297,8.357360137267733e-9,-0.9822855591773987,-9.413283663661787e-8,1,-9.449612647927097e-9,0.9822855591773987,9.423609270697852e-8,0.1873902827501297],"p":[-423.71405029296875,1712.2236328125,3420.162353515625]},"j":false},{"t":0.03333333333333333,"j":false,"c":{"p":[-423.77642405409586,1712.236190133411,3420.174188360538],"r":[0.18739157204590762,1.128450948490144e-8,-0.9822853239964099,-1.271026284080511e-7,1,-1.2759280634185395e-8,0.9822853239964099,1.272420456006092e-7,0.18739157204590762]}},{"t":0.06666666666666667,"j":false,"c":{"p":[-423.69903649771777,1712.2206101785966,3420.159504786686],"r":[0.18738997240772806,7.652775065270748e-9,-0.9822856157870876,-8.61967799650374e-8,1,-8.65295269674659e-9,0.9822856157870876,8.629133180344365e-8,0.18738997240772806]}},{"t":0.1,"j":false,"c":{"p":[-423.62164894133963,1712.2050302237826,3420.144821212834],"r":[0.1873883727695485,4.021040645640055e-9,-0.9822859075777652,-4.529093152202367e-8,1,-4.546624759307786e-9,0.9822859075777652,4.5340618006278095e-8,0.1873883727695485]}},{"t":0.13333333333333333,"j":false,"c":{"p":[-423.5442613849615,1712.1894502689686,3420.1301376389815],"r":[0.18738677313136895,3.8930622600936364e-10,-0.982286199368443,-4.385083079009969e-9,1,-4.402968218689841e-10,0.982286199368443,4.389904209112553e-9,0.18738677313136895]}},{"t":0.16666666666666666,"j":false,"c":{"p":[-423.3158461453952,1712.1392690647835,3420.08632116158],"r":[0.18738683463995354,-1.921917825112817e-9,-0.9822861812607441,2.164855269452269e-8,1,2.1732245553602146e-9,0.9822861812607441,-2.1672309190586443e-8,0.18738683463995354]}},{"t":0.19999999999999998,"j":false,"c":{"p":[-422.7865516621213,1712.020154817846,3419.984465748522],"r":[0.1873902055059456,-1.6024045663746771e-9,-0.9822855457696145,1.8053579952113213e-8,1,1.8127579897432512e-9,0.9822855457696145,-1.8073465458470137e-8,0.1873902055059456]}},{"t":0.2333333333333333,"j":false,"c":{"p":[-422.27779940649066,1711.884898437061,3419.88629340066],"r":[0.19079018998907646,-3.396307606454313e-10,-0.9815629270416552,6.631476256767795e-9,1,6.118728280074131e-10,0.9815629270416552,-6.659545943674037e-9,0.19079018998907646]}},{"t":0.26666666666666666,"j":false,"c":{"p":[-421.8645883201956,1711.6745655665138,3419.8052508578858],"r":[0.20998770346464382,5.310214263112357e-9,-0.9774823899863601,-4.119433480543451e-8,1,-4.497769300072565e-9,0.9774823899863601,4.110201277035774e-8,0.20998770346464382]}},{"t":0.3,"j":false,"c":{"p":[-421.45193333617226,1711.458867520824,3419.7236090693364],"r":[0.22911836594393625,1.0349281650220444e-8,-0.9733844918370204,-8.404541964278721e-8,1,-9.050426098012677e-9,0.9733844918370204,8.389513458072986e-8,0.22911836594393625]}},{"t":0.3333333333333333,"j":false,"c":{"p":[-421.0513290621666,1711.126906382667,3419.628981653081],"r":[0.24680037048470918,2.152826437726287e-9,-0.968910379597981,-1.9094421651763958e-8,1,-1.5332370431303013e-9,0.968910379597981,1.9022462856489784e-8,0.24680037048470918]}},{"t":0.36666666666666664,"j":false,"c":{"p":[-420.64801564393616,1710.8139529834718,3419.5300356564712],"r":[0.26628792848321303,-5.280948731084064e-9,-0.9637633821768169,3.9032999036557736e-8,1,5.405447603172148e-9,0.9637633821768169,-3.905275653694011e-8,0.26628792848321303]}},{"t":0.39999999999999997,"j":false,"c":{"p":[-420.2265294606572,1710.628502273541,3419.402120900868],"r":[0.29788702283675006,-7.598715267315306e-9,-0.9541027142735246,5.138830247230701e-8,1,8.463561920159678e-9,0.9541027142735246,-5.1531103307349706e-8,0.29788702283675006]}},{"t":0.4333333333333333,"j":false,"c":{"p":[-419.8177373679843,1710.4621714890543,3419.2736488878004],"r":[0.3244926202930451,-6.611463679752034e-9,-0.9458649392774989,4.44939097537146e-8,1,7.95135313861805e-9,0.9458649392774989,-4.471643932738176e-8,0.3244926202930451]}},{"t":0.4666666666666666,"j":false,"c":{"p":[-419.4517441900932,1710.3603047205509,3419.143298046588],"r":[0.3342623328639712,5.518861753916101e-9,-0.9424245360800184,-2.7302028955990327e-8,1,-4.59842168679375e-9,0.9424245360800184,2.7145808494071448e-8,0.3342623328639712]}},{"t":0.49999999999999994,"j":false,"c":{"p":[-419.0708655136648,1710.2548412154317,3419.0067267034897],"r":[0.3420195958545412,1.3433256760818884e-8,-0.9396928205264543,-7.48662798574015e-8,1,-1.2953700198579221e-8,0.9396928205264543,7.478172338784718e-8,0.3420195958545412]}},{"t":0.5333333333333333,"j":false,"c":{"p":[-418.63260036969376,1710.1355115970237,3418.8461741259953],"r":[0.34201847761020837,5.094426926737137e-9,-0.9396932325112085,-2.9012701156032393e-8,1,-5.138386509118201e-9,0.9396932325112085,2.9020452776311747e-8,0.34201847761020837]}},{"t":0.5666666666666667,"j":false,"c":{"p":[-418.2065473084612,1710.0195070506484,3418.6900952817814],"r":[0.34201791633614576,-3.4194846082415674e-9,-0.9396934373208631,1.7882396061040213e-8,1,2.869710600801983e-9,0.9396934373208631,-1.778545735345277e-8,0.34201791633614576]}},{"t":0.6,"j":false,"c":{"p":[-417.8359430534906,1709.9185999515228,3418.554329366594],"r":[0.3420198839785071,-1.2728352378039e-8,-0.9396927014546141,6.95064948442155e-8,1,1.1753138377939545e-8,0.9396927014546141,-6.93345399215692e-8,0.3420198839785071]}},{"t":0.6333333333333333,"j":false,"c":{"p":[-417.4562045887841,1709.815205815093,3418.415217255761],"r":[0.34202192164585327,-1.4794361650796052e-8,-0.9396919540197521,8.132982178104201e-8,1,1.385787889048194e-8,0.9396919540197521,-8.116469602908318e-8,0.34202192164585327]}},{"t":0.6666666666666666,"j":false,"c":{"p":[-417.0568316981344,1709.706465671599,3418.2689123354244],"r":[0.34202410983529385,-1.2914960137931448e-9,-0.9396911817175967,7.599463188749526e-9,1,1.3915030243196995e-9,0.9396911817175967,-7.617097225637589e-9,0.34202410983529385]}},{"t":0.7,"j":false,"c":{"p":[-416.6578630691302,1709.6018058620893,3418.1230567750354],"r":[0.34202422407721017,7.3138179298267995e-9,-0.9396911405220889,-3.948884283419574e-8,1,-6.58971552809106e-9,0.9396911405220889,3.936116368232082e-8,0.34202422407721017]}},{"t":0.7333333333333333,"j":false,"c":{"p":[-416.2593591161137,1709.501836166631,3417.977717728593],"r":[0.34202195443328215,1.028967210305756e-8,-0.9396919396924861,-5.595361029554278e-8,1,-9.41549841746543e-9,0.9396919396924861,5.5799467449937915e-8,0.34202195443328215]}},{"t":0.7666666666666666,"j":false,"c":{"p":[-415.8626597877439,1709.4232883087193,3417.833337814159],"r":[0.342019073667913,4.065771664658348e-9,-0.9396929921838141,-2.2370805675162157e-8,1,-3.815771212561789e-9,0.9396929921838141,2.2326721446716884e-8,0.342019073667913]}},{"t":0.7999999999999999,"j":false,"c":{"p":[-415.46716024793284,1709.3589825679403,3417.6895955700647],"r":[0.34201578660391857,-8.274503360361125e-9,-0.9396942130932978,4.4485679703589234e-8,1,7.3855810351237295e-9,0.9396942130932978,-4.432893967730281e-8,0.34201578660391857]}},{"t":0.8333333333333333,"j":false,"c":{"p":[-415.066214096616,1709.3149273399686,3417.543259280037],"r":[0.3420197244274624,-9.024333470266499e-9,-0.9396927765628622,4.8695123120976504e-8,1,8.119871793780596e-9,0.9396927765628622,-4.853564159638846e-8,0.3420197244274624]}},{"t":0.8666666666666666,"j":false,"c":{"p":[-414.6628966366704,1709.279688642367,3417.395793611955],"r":[0.34202680777334504,-4.727994598005634e-9,-0.9396901830543304,2.5629724003400556e-8,1,4.2970845966562324e-9,0.9396901830543304,-2.555374090216359e-8,0.34202680777334504]}},{"t":0.8999999999999999,"j":false,"c":{"p":[-414.2525647080879,1709.245839332103,3417.246278198477],"r":[0.34025823594323845,2.1801226238141656e-9,-0.940326916233033,-1.2094096161171735e-8,1,-1.9086882959953993e-9,0.940326916233033,1.20477966798444e-8,0.34025823594323845]}},{"t":0.9333333333333332,"j":false,"c":{"p":[-413.8367065029898,1709.2130846362725,3417.0951479143037],"r":[0.3370907325607703,1.1145902386412827e-8,-0.9414673363252383,-6.13664016328768e-8,1,-9.991871804952347e-9,0.9414673363252383,6.116726387056529e-8,0.3370907325607703]}},{"t":0.9666666666666666,"j":false,"c":{"p":[-413.4318391085981,1709.1815806235727,3416.949627888907],"r":[0.335455479380008,1.0279816238370959e-8,-0.9420560875966029,-5.597381146539012e-8,1,-9.019460529403851e-9,0.9420560875966029,5.5756108523970016e-8,0.335455479380008]}},{"t":0.9999999999999999,"j":false,"c":{"p":[-413.03871244895475,1709.1514126305065,3416.810100920976],"r":[0.3354570247636512,-1.0889828413105067e-9,-0.9420555286280511,7.81356475335023e-9,1,1.6264260875833963e-9,0.9420555286280511,-7.906398061376715e-9,0.3354570247636512]}},{"t":1.0333333333333332,"j":false,"c":{"p":[-412.62033676577994,1709.1209147609095,3416.661639559058],"r":[0.3354580092419159,-7.556334639110395e-9,-0.9420551754637481,4.37315156858801e-8,1,7.551326591930053e-9,0.9420551754637481,-4.3730651531235004e-8,0.3354580092419159]}},{"t":1.0666666666666667,"j":false,"c":{"p":[-412.18956652646455,1709.0902549573996,3416.5087923701917],"r":[0.3354587183759403,-1.1617602754912957e-8,-0.9420549233272061,6.596857492430344e-8,1,1.1158730447776603e-8,0.9420549233272061,-6.588931549162599e-8,0.3354587183759403]}},{"t":1.1,"j":false,"c":{"p":[-411.771221477732,1709.0686267222864,3416.3604795845504],"r":[0.3354578789135864,-1.7892795975418013e-9,-0.9420552206822722,9.390745776192481e-9,1,1.4447223207478337e-9,0.9420552206822722,-9.331231991363653e-9,0.3354578789135864]}},{"t":1.1333333333333335,"j":false,"c":{"p":[-411.3563901054265,1709.0495524929856,3416.213449067025],"r":[0.33545660152904905,1.1966832764462839e-8,-0.9420556734261588,-6.947487152065407e-8,1,-1.2036401565682042e-8,0.9420556734261588,6.948688672656332e-8,0.33545660152904905]}},{"t":1.166666666666667,"j":false,"c":{"p":[-410.97048347549094,1709.037520331717,3416.0767263981093],"r":[0.33545434409766484,9.209429072639983e-9,-0.9420564826474633,-5.313664096276675e-8,1,-9.145457028166304e-9,0.9420564826474633,5.312559087080167e-8,0.33545434409766484]}},{"t":1.2000000000000004,"j":false,"c":{"p":[-410.5848448110429,1709.0257683720715,3415.940101440934],"r":[0.33545216245868886,4.776323811911798e-9,-0.9420572641047534,-2.713447563067775e-8,1,-4.592076567013573e-9,0.9420572641047534,2.7102651737872892e-8,0.33545216245868886]}},{"t":1.2333333333333338,"j":false,"c":{"p":[-410.17886740854016,1709.0116429114146,3415.796255006722],"r":[0.3354516878808733,-6.308207281581159e-9,-0.9420574222973587,3.7252529234811345e-8,1,6.568801960325561e-9,0.9420574222973587,-3.7297538660847706e-8,0.3354516878808733]}},{"t":1.2666666666666673,"j":false,"c":{"p":[-409.77270366766857,1708.9939749243724,3415.6522846788844],"r":[0.33545130491256714,-1.3769761641430021e-8,-0.9420575499534607,8.050322254380018e-8,1,1.4049194400258174e-8,0.9420575499534607,-8.055148479595945e-8,0.33545130491256714]}},{"t":1.3000000000000007,"j":false,"c":{"p":[-409.3657609499205,1708.961497608714,3415.5077964208435],"r":[0.33545130491256714,-6.085669311448186e-9,-0.9420575499534607,3.5394776201635473e-8,1,6.143525591426357e-9,0.9420575499534607,-3.540476816685338e-8,0.33545130491256714]}},{"t":1.3333333333333341,"j":false,"c":{"p":[-408.9590325885379,1708.9214971044594,3415.3631264768783],"r":[0.33649768735852426,1.749902990697517e-9,-0.9416808275828865,-1.0077679868489499e-8,1,-1.8344087072310207e-9,0.9416808275828865,1.0092298312416344e-8,0.33649768735852426]}},{"t":1.3666666666666676,"j":false,"c":{"p":[-408.55276506042117,1708.8653229001043,3415.2180659360793],"r":[0.33979363136426727,9.911133969337536e-9,-0.9404942099710177,-5.633270095064366e-8,1,-9.967702710782903e-9,0.9404942099710177,5.6342563164279175e-8,0.33979363136426727]}},{"t":1.400000000000001,"j":false,"c":{"p":[-408.14954862956944,1708.8062758628548,3415.0662419461264],"r":[0.35987812109779094,1.2282925363888956e-8,-0.9320385859543779,-6.585889807827541e-8,1,-1.006664951402617e-8,0.9320385859543779,6.533726021249316e-8,0.35987812109779094]}},{"t":1.4333333333333345,"j":false,"c":{"p":[-407.75267564575773,1708.7412560028013,3414.900356266956],"r":[0.4148671849731908,2.6180623346836126e-9,-0.9084701834334478,9.767278877492503e-10,1,6.538379838967884e-9,0.9084701834334478,-3.1250035556400286e-9,0.4148671849731908]}},{"t":1.466666666666668,"j":false,"c":{"p":[-407.3728322943656,1708.6650026331663,3414.711444216094],"r":[0.4810340824873537,-5.200302634218198e-9,-0.8731438383224253,3.978063321846456e-8,1,1.6408087782252693e-8,0.8731438383224253,-4.253509433513124e-8,0.4810340824873537]}},{"t":1.5000000000000013,"j":false,"c":{"p":[-407.01309272286136,1708.5754879083574,3414.495349129411],"r":[0.5603966087478581,-1.083884424270526e-8,-0.8239370356689313,4.5492600470770576e-8,1,1.8326630617694205e-8,0.8239370356689313,-4.7648585127378544e-8,0.5603966087478581]}},{"t":1.5333333333333348,"j":false,"c":{"p":[-406.67176930294363,1708.4732690239607,3414.2599092069077],"r":[0.6147414720449411,-6.930836211909788e-9,-0.788375179365754,1.9786982617873178e-8,1,4.922425766583603e-9,0.788375179365754,-1.8917673489616678e-8,0.6147414720449411]}},{"t":1.5666666666666682,"j":false,"c":{"p":[-406.35359430488813,1708.3550814805224,3414.0001535407855],"r":[0.6376400576784705,8.976831864058856e-9,-0.769964516292085,-4.540937848234789e-8,1,-2.7741906580224743e-8,0.769964516292085,5.2354401074802795e-8,0.6376400576784705]}},{"t":1.6000000000000016,"j":false,"c":{"p":[-406.0264503360864,1708.2334268403727,3413.726516122062],"r":[0.6481132932171991,1.2486887820677926e-8,-0.7615439466967413,-5.4915827063657724e-8,1,-3.033940508090785e-8,0.7615439466967413,6.148418430053715e-8,0.6481132932171991]}},{"t":1.633333333333335,"j":false,"c":{"p":[-405.6917464655176,1708.1088498012884,3413.44117784167],"r":[0.6481132616670786,5.547056892883788e-9,-0.7615439782468618,-1.7481519568464285e-8,1,-7.59371574511435e-9,0.7615439782468618,1.8234532762863324e-8,0.6481132616670786]}},{"t":1.6666666666666685,"j":true,"c":{"p":[-405.38421356713843,1707.9905404077558,3413.1790030773377],"r":[0.648113467383448,-4.128328793869463e-9,-0.7615437966028287,3.0957243478198855e-8,1,2.0925252298042427e-8,0.7615437966028287,-3.7137232277236145e-8,0.648113467383448]}},{"t":1.700000000000002,"j":false,"c":{"p":[-405.0883013232235,1707.9454559031042,3412.9267350331043],"r":[0.6481136677231364,-1.5359762039207256e-8,-0.7615436118869341,8.574553252717667e-8,1,5.2804707076699586e-8,0.7615436118869341,-9.952241830675647e-8,0.6481136677231364]}},{"t":1.7333333333333354,"j":false,"c":{"p":[-404.77276482917426,1709.3898652323833,3412.6577832641606],"r":[0.648124946759935,-2.1683005728855828e-8,-0.7615339924185146,1.1486629287464776e-7,1,6.928751367022899e-8,0.7615339924185146,-1.3238153495886848e-7,0.648124946759935]}},{"t":1.7666666666666688,"j":false,"c":{"p":[-404.4121468159751,1710.8000743794405,3412.350587861419],"r":[0.6481208981834305,-1.2926803692627479e-8,-0.7615374397212807,6.521337148122291e-8,1,3.8526584699834885e-8,0.7615374397212807,-7.463229830302397e-8,0.6481208981834305]}},{"t":1.8000000000000023,"j":false,"c":{"p":[-404.07648976298157,1711.814138397869,3412.064602640129],"r":[0.6481189143522805,-2.0624709150083585e-9,-0.7615391217981431,4.901827093932778e-9,1,1.4636390597664163e-9,0.7615391217981431,-4.6815289065683754e-9,0.6481189143522805]}},{"t":1.8333333333333357,"j":false,"c":{"p":[-403.748715891648,1712.703091683899,3411.7853160278687],"r":[0.6481175826099353,9.467652659939927e-9,-0.7615402463805679,-5.877592839316556e-8,1,-3.7589612314621034e-8,0.7615402463805679,6.912273403870289e-8,0.6481175826099353]}},{"t":1.8666666666666691,"j":false,"c":{"p":[-403.4202550272729,1713.2701589294431,3411.505444048756],"r":[0.6481152740461159,1.3022423831604604e-8,-0.7615422145279693,-7.673934436095987e-8,1,-4.820942102064449e-8,0.7615422145279693,8.968551670957699e-8,0.6481152740461159]}},{"t":1.9000000000000026,"j":false,"c":{"p":[-403.0915601575509,1713.7275845192225,3411.2253726804724],"r":[0.6481126327548391,1.3860609837033886e-8,-0.7615444700126551,-7.913142374790797e-8,1,-4.914415693338546e-8,0.7615444700126551,9.211304864440927e-8,0.6481126327548391]}},{"t":1.933333333333336,"j":false,"c":{"p":[-402.75841589226434,1713.8650480862009,3410.941510111234],"r":[0.6481112261823612,6.697856389934921e-9,-0.7615456638680196,-3.5629390632597537e-8,1,-2.1527312366796496e-8,0.7615456638680196,4.108548912032568e-8,0.6481112261823612]}},{"t":1.9666666666666694,"j":false,"c":{"p":[-402.42368798827886,1713.8886300631643,3410.6562981693764],"r":[0.6481102590737258,-3.3126091027641803e-9,-0.7615464798659307,2.4207376393680215e-8,1,1.6251673800078824e-8,0.7615464798659307,-2.8967924648675315e-8,0.6481102590737258]}},{"t":2.0000000000000027,"j":false,"c":{"p":[-402.0898294698581,1713.575000555918,3410.371827005752],"r":[0.6481145499100948,-1.0497520161842097e-8,-0.7615428220162581,6.670808696557726e-8,1,4.2988095979309306e-8,0.7615428220162581,-7.866223307357199e-8,0.6481145499100948]}},{"t":2.033333333333336,"j":false,"c":{"p":[-401.75623759009545,1713.1579490213255,3410.0875830371965],"r":[0.6481204533467382,-1.681583983366056e-8,-0.7615377920472813,1.0389186680216498e-7,1,6.63377878478126e-8,0.7615377920472813,-1.2211244825659906e-7,0.6481204533467382]}},{"t":2.066666666666669,"j":false,"c":{"p":[-401.43986996441834,1712.448708544102,3409.8180153561466],"r":[0.6481181030584572,-1.1269291876098997e-8,-0.7615398096429049,6.835124128742749e-8,1,4.3373644746334065e-8,0.7615398096429049,-8.016338899958964e-8,0.6481181030584572]}},{"t":2.1000000000000023,"j":false,"c":{"p":[-401.12818202698065,1711.6600827331652,3409.5524351017616],"r":[0.6481135103009655,-2.499156921230977e-9,-0.7615437420038944,1.3051992684736843e-8,1,7.826413415962087e-9,0.7615437420038944,-1.501204891960467e-8,0.6481135103009655]}},{"t":2.1333333333333355,"j":false,"c":{"p":[-400.79974053471346,1710.4883344375476,3409.2725796290606],"r":[0.6481124267552029,6.717126831969974e-9,-0.7615446699028585,-4.506356551751703e-8,1,-2.9530914935252316e-8,0.7615446699028585,5.345727239915851e-8,0.6481124267552029]}},{"t":2.1666666666666687,"j":false,"c":{"p":[-400.46712962721256,1709.2212394086396,3408.989171518527],"r":[0.6481122165381747,1.6044442519299833e-8,-0.7615448500888826,-1.0388001163679265e-7,1,-6.733871759892948e-8,0.7615448500888826,1.227523313994341e-7,0.6481122165381747]}},{"t":2.200000000000002,"j":false,"c":{"p":[-400.12287763013035,1707.535904042353,3408.6958443730846],"r":[0.6481147077949546,1.2737825376198626e-8,-0.761542736630224,-8.171903334324968e-8,1,-5.282081536010416e-8,0.761542736630224,9.646650330061761e-8,0.6481147077949546]}},{"t":2.233333333333335,"j":false,"c":{"p":[-399.77599989753566,1705.7562314150282,3408.4002799145424],"r":[0.6481178083895172,6.581529441151568e-9,-0.7615401058227165,-4.129298651777803e-8,1,-2.6500455918473627e-8,0.7615401058227165,4.8621685571462893e-8,0.6481178083895172]}},{"t":2.2666666666666684,"j":false,"c":{"p":[-399.4655559515624,1704.6228970020907,3408.136053641102],"r":[0.6481137191802941,-2.4166122961893922e-9,-0.7615435861218027,1.729118704957673e-8,1,1.1541816407893863e-8,0.7615435861218027,-2.06484615054763e-8,0.6481137191802941]}},{"t":2.3000000000000016,"j":false,"c":{"p":[-399.15859179043696,1703.5512942435748,3407.8748204724634],"r":[0.6481089432741178,-1.1686178249337909e-8,-0.7615476500916547,7.760964025570412e-8,1,5.0703646667325856e-8,0.7615476500916547,-9.196493819394715e-8,0.6481089432741178]}},{"t":2.333333333333335,"j":false,"c":{"p":[-398.8498887424631,1703.5607295937448,3407.6125939340554],"r":[0.6354974884179415,-6.249805160742701e-9,-0.7719067593097383,4.4247014032911535e-8,1,2.9441546500211354e-8,0.7719067593097383,-5.2762125862844514e-8,0.6354974884179415]}},{"t":2.366666666666668,"j":false,"c":{"p":[-398.540999952344,1703.6856378612729,3407.350261287172],"r":[0.6215394297881752,7.574077252595489e-10,-0.7833719602322484,8.776845718367286e-10,1,1.7251618184971672e-9,0.7833719602322484,-1.7540084043182002e-9,0.6215394297881752]}},{"t":2.4000000000000012,"j":false,"c":{"p":[-398.2093076167616,1703.653541455157,3407.1277603491535],"r":[0.49706758944757823,-1.4036012509513958e-10,-0.8547551529848151,-3.9921688992957644e-8,1,-1.560232574151863e-8,0.8547551529848151,4.270732706919306e-8,0.49706758944757823]}},{"t":2.4333333333333345,"j":false,"c":{"p":[-397.8769677335043,1703.616986619034,3406.9063905041266],"r":[0.3694575115683144,-1.2626041168435325e-9,-0.9278398248496851,-8.064808403922183e-8,1,-3.263480188822518e-8,0.9278398248496851,8.698275489693575e-8,0.3694575115683144]}},{"t":2.4666666666666677,"j":false,"c":{"p":[-397.4590815124975,1703.6316978671923,3406.8088192099685],"r":[0.25712530147743895,5.816594794293927e-9,-0.9587648129611329,-1.083622974550893e-8,1,-7.683755040059972e-9,0.9587648129611329,1.3379708893385003e-8,0.25712530147743895]}},{"t":2.500000000000001,"j":false,"c":{"p":[-397.03560961228004,1703.6497564930257,3406.719331242463],"r":[0.14579064745657344,1.3431300313024363e-8,-0.9869370184840386,6.619313049371132e-8,1,2.000857212182595e-8,0.9869370184840386,-6.79201171008454e-8,0.14579064745657344]}},{"t":2.533333333333334,"j":false,"c":{"p":[-396.6561900511823,1703.7068528663438,3406.664575634545],"r":[0.12532997182464017,2.2637208407994548e-8,-0.9921151258238801,7.100731222579586e-8,1,3.178712770162506e-8,0.9921151258238801,-7.443136344973682e-8,0.12532997182464017]}},{"t":2.5666666666666673,"j":false,"c":{"p":[-396.28669247559645,1703.7727417799151,3406.617642856823],"r":[0.12533700154063007,3.2201505846721005e-8,-0.9921142321482945,5.955634279430216e-8,1,3.9981396629834416e-8,0.9921142321482945,-6.409784698854184e-8,0.12533700154063007]}},{"t":2.6000000000000005,"j":false,"c":{"p":[-395.8834058759166,1703.7212194987358,3406.5659740181045],"r":[0.12866384654624025,4.230995104808016e-8,-0.9916821524195556,4.720470681992768e-8,1,4.875074324947888e-8,0.9916821524195556,-5.3119895042454785e-8,0.12866384654624025]}},{"t":2.6333333333333337,"j":false,"c":{"p":[-395.47829150448445,1703.6633460171026,3406.514048988545],"r":[0.13217027248890748,5.244783118981584e-8,-0.9912267482619807,3.480435050190872e-8,1,5.755119792234289e-8,0.9912267482619807,-4.2107083226720284e-8,0.13217027248890748]}},{"t":2.666666666666667,"j":false,"c":{"p":[-395.0415446657982,1703.675310195962,3406.4546102442227],"r":[0.13573394024850538,6.274533241902415e-8,-0.9907391349832333,2.2229549561507435e-8,1,6.633861358071191e-8,0.9907391349832333,-3.1063545574141666e-8,0.13573394024850538]}},{"t":2.7,"j":false,"c":{"p":[-394.60452098050934,1703.6884609296053,3406.3949929202795],"r":[0.13918114309400556,7.303712455682668e-8,-0.9902669430428892,9.666156273073128e-9,1,7.511356006068075e-8,0.9902669430428892,-2.0026463027702916e-8,0.13918114309400556]}},{"t":2.7333333333333334,"j":false,"c":{"p":[-394.1796346270469,1703.6916890587154,3406.334949718833],"r":[0.1391759021129065,8.305925651752323e-8,-0.990267668110951,-2.4509516028822076e-9,1,8.353114931567326e-8,0.990267668110951,-9.198377946327074e-9,0.1391759021129065]}},{"t":2.7666666666666666,"j":false,"c":{"p":[-393.75779035863343,1703.6963204297558,3406.27637006224],"r":[0.1333454253412496,9.292170801994736e-8,-0.9908600955312725,-1.4426158978615072e-8,1,9.194143736917718e-8,0.9908600955312725,2.1296220129993073e-9,0.1333454253412496]}},{"t":2.8,"j":false,"c":{"p":[-393.3542904833002,1703.7094136357373,3406.2266158795105],"r":[0.09238758907664935,1.0182125380260234e-7,-0.9950206087747179,-2.554567740667947e-8,1,1.0030769768910229e-7,0.9950206087747179,1.647221061131326e-8,0.09238758907664935]}},{"t":2.833333333333333,"j":false,"c":{"p":[-392.93971895509424,1703.719797739416,3406.1854530543815],"r":[0.05645243128989158,1.1088809259899062e-7,-0.9982922172521761,-3.6752625938453645e-8,1,1.0910824927018414e-7,0.9982922172521761,3.0633040656115e-8,0.05645243128989158]}},{"t":2.8666666666666663,"j":false,"c":{"p":[-392.49633667302555,1703.7231321929173,3406.166646736634],"r":[0.033587332239689904,1.2039026276794355e-7,-0.9992507098186892,-4.8187085865964396e-8,1,1.1903891744485881e-7,0.9992507098186892,4.432089697170911e-8,0.033587332239689904]}},{"t":2.8999999999999995,"j":false,"c":{"p":[-392.06630709320916,1703.7250491224186,3406.1529163461873],"r":[0.015335840109839596,8.227257346974816e-8,-0.9998197333711677,-3.734738201059358e-8,1,8.133797602687803e-8,0.9998197333711677,3.51260733856537e-8,0.015335840109839596]}},{"t":2.9333333333333327,"j":false,"c":{"p":[-391.6527854139411,1703.7252135718022,3406.1454613074625],"r":[0.0027881345822365518,-1.4717386725971514e-8,-0.9999072577013255,1.0297950526996313e-9,1,-1.5249762928975673e-8,0.9999072577013255,-2.3585298239768298e-9,0.0027881345822365518]}},{"t":2.966666666666666,"j":false,"c":{"p":[-391.2282483817992,1703.725341796875,3406.1440675731974],"r":[-0.019367185961133217,-8.472574924189541e-8,-0.9991970664109389,3.016972848190741e-8,1,-8.526791757672087e-8,0.9991970664109389,-3.127752980139142e-8,-0.019367185961133217]}},{"t":2.999999999999999,"j":false,"c":{"p":[-390.76471973361834,1703.725341796875,3406.1641293527864],"r":[-0.07553107981427429,-5.922595065829168e-8,-0.9956631597534069,2.6612111395770926e-8,1,-6.123633623175608e-8,0.9956631597534069,-2.9876419638341334e-8,-0.07553107981427429]}},{"t":3.0333333333333323,"j":false,"c":{"p":[-390.31068060095606,1703.725341796875,3406.192773578509],"r":[-0.12324406484290652,-3.4479740901379645e-8,-0.9922852324997087,2.352877038789625e-8,1,-3.762923854361597e-8,0.9922852324997087,-2.7793842162287694e-8,-0.12324406484290652]}},{"t":3.0666666666666655,"j":false,"c":{"p":[-389.88725003007187,1703.725341796875,3406.249100601333],"r":[-0.14369852815580028,-1.2164242186756875e-8,-0.9894104189412233,2.197521334137041e-8,1,-1.539131868212267e-8,0.9894104189412233,-2.3513182570355474e-8,-0.14369852815580028]}},{"t":3.0999999999999988,"j":true,"c":{"p":[-389.47998765773366,1703.7116509255645,3406.304863992608],"r":[-0.1598946750164032,9.209602699058182e-9,-0.9871340990066528,2.0533740285429116e-8,1,6.0036090145053025e-9,0.9871340990066528,-1.9309609386900103e-8,-0.1598946750164032]}},{"t":3.133333333333332,"j":true,"c":{"p":[-389.08410379919565,1704.411539543148,3406.36625533213],"r":[-0.1598946750164032,2.9570884726918788e-8,-0.9871340990066528,1.937199505451783e-8,1,2.6818448840746334e-8,0.9871340990066528,-1.4834629463146435e-8,-0.1598946750164032]}},{"t":3.166666666666665,"j":false,"c":{"p":[-388.6093846388686,1705.9390489041814,3406.442052964215],"r":[-0.15989293522657128,5.396247685227642e-8,-0.9871343438567367,1.7980181937181136e-8,1,5.175341488386051e-8,0.9871343438567367,-9.47385009733817e-9,-0.15989293522657128]}},{"t":3.1999999999999984,"j":false,"c":{"p":[-388.1664063239782,1707.1060978619344,3406.512848585316],"r":[-0.15989287761294732,7.668097210888182e-8,-0.9871343767788076,1.6683805501039854e-8,1,7.497799338513558e-8,0.9871343767788076,-4.480711462657086e-9,-0.15989287761294732]}},{"t":3.2333333333333316,"j":false,"c":{"p":[-387.7390130824777,1708.0791259963075,3406.5811534412637],"r":[-0.15872308848067723,9.859512378957592e-8,-0.9873199425297856,1.5471787819393894e-8,1,9.736500292926379e-8,0.9873199425297856,1.3596212633336228e-10,-0.15872308848067723]}},{"t":3.266666666666665,"j":false,"c":{"p":[-387.33652824255876,1708.742065851785,3406.6454775024376],"r":[-0.15568380912014887,1.192237561597629e-7,-0.9878020308631975,1.4394594124862146e-8,1,1.1841339163953532e-7,0.9878020308631975,4.150961131899737e-9,-0.15568380912014887]}},{"t":3.299999999999998,"j":false,"c":{"p":[-386.9294900993928,1709.3046979858098,3406.708559585814],"r":[-0.14699610603356614,1.3709651506421483e-7,-0.989001105891284,1.69318939422008e-8,1,1.3623101177057484e-7,0.989001105891284,3.170258067967764e-9,-0.14699610603356614]}},{"t":3.3333333333333313,"j":false,"c":{"p":[-386.50945274972526,1709.5809620230598,3406.7680959519403],"r":[-0.12218274154438519,1.4710154227356387e-7,-0.9922471032519075,2.9788196253183016e-8,1,1.4482512412217204e-7,0.9922471032519075,-1.2072654056059513e-8,-0.12218274154438519]}},{"t":3.3666666666666645,"j":false,"c":{"p":[-386.07922655766527,1709.7117986632882,3406.820526909803],"r":[-0.10067974264279678,1.2157813769067117e-7,-0.9948553385469179,5.4888184450953036e-8,1,1.1712718468808906e-7,0.9948553385469179,-4.205161366836822e-8,-0.10067974264279678]}},{"t":3.3999999999999977,"j":false,"c":{"p":[-385.62960356359383,1709.5657808466076,3406.8594310908256],"r":[-0.08547878507381151,2.8418201820576533e-8,-0.9962494472472935,1.0329684127769503e-7,1,2.0338987895252402e-8,0.9962494472472935,-1.0008402474791803e-7,-0.08547878507381151]}},{"t":3.433333333333331,"j":false,"c":{"p":[-385.1849273094735,1709.2340109595318,3406.896107423626],"r":[-0.07672152309476622,-3.653540329338284e-8,-0.9970525552823561,1.0838444275854131e-7,1,-4.498365804493931e-8,0.9970525552823561,-1.1151608134388994e-7,-0.07672152309476622]}},{"t":3.466666666666664,"j":false,"c":{"p":[-384.7469683536275,1708.650003826461,3406.929758507239],"r":[-0.07671431179445476,-6.318694709292646e-8,-0.9970531291659411,5.4645331456024996e-8,1,-6.757846857577965e-8,0.9970531291659411,-5.966838524408548e-8,-0.07671431179445476]}},{"t":3.4999999999999973,"j":false,"c":{"p":[-384.3093565092521,1707.8676539451226,3406.9633829201402],"r":[-0.07671179814175542,-8.58893865528532e-8,-0.9970533220759279,-5.990978790563256e-9,1,-8.568213903022269e-8,0.9970533220759279,-5.995446846769465e-10,-0.07671179814175542]}},{"t":3.5333333333333306,"j":false,"c":{"p":[-383.87216767053496,1706.84359466528,3406.9969748309118],"r":[-0.07671500925383137,-1.0377926975399042e-7,-0.997053050714344,-7.503252604581204e-8,1,-9.831270408531258e-8,0.997053050714344,6.726930746623644e-8,-0.07671500925383137]}},{"t":3.5666666666666638,"j":false,"c":{"p":[-383.4338722239687,1705.6129231694376,3407.0322941153586],"r":[-0.08192311584449642,-8.458716138997442e-8,-0.996599062684009,-9.43517098189983e-8,1,-7.734008643574506e-8,0.996599062684009,8.813241851411404e-8,-0.08192311584449642]}},{"t":3.599999999999997,"j":false,"c":{"p":[-382.9943481445313,1704.1528564453126,3407.06953125],"r":[-0.09291005879640479,-2.4224051209392664e-8,-0.995641326904297,-5.8465673191679864e-8,1,-1.9058882116956557e-8,0.995641326904297,5.68064919548334e-8,-0.09291005879640479]}},{"t":3.63333333333333,"j":false,"c":{"p":[-382.5575257043013,1702.4306435279739,3407.111510797649],"r":[-0.09937850930445134,4.530324634011771e-8,-0.9950433509097998,-7.3479535316050665e-9,1,4.608888413915189e-8,0.9950433509097998,1.2137388276016038e-8,-0.09937850930445134]}},{"t":3.6666666666666634,"j":false,"c":{"p":[-382.1222795401951,1700.555480955415,3407.1562573144674],"r":[-0.10321063748818902,1.2017740504852545e-7,-0.9946552773916116,5.265671825131812e-8,1,1.1524295797494823e-7,0.9946552773916116,-4.031681544545565e-8,-0.10321063748818902]}},{"t":3.6999999999999966,"j":false,"c":{"p":[-381.7174670343847,1699.7449465069885,3407.1985433101913],"r":[-0.10454932105675006,8.780179797896978e-8,-0.9945197102855121,5.52680636222511e-8,1,8.247558183485918e-8,0.9945197102855121,-4.6342549476507925e-8,-0.10454932105675006]}},{"t":3.73333333333333,"j":false,"c":{"p":[-381.32897180887346,1699.5052220264931,3407.239510075345],"r":[-0.10455112181283822,-2.076738025762959e-9,-0.994519526768968,2.7107459552710773e-8,1,-4.937898680571612e-9,0.994519526768968,-2.747524086255921e-8,-0.10455112181283822]}},{"t":3.766666666666663,"j":false,"c":{"p":[-380.932415298646,1699.1883953116542,3407.2778208582286],"r":[-0.09424583374095875,-3.941679396115101e-8,-0.9954574087674838,5.74508661781555e-9,1,-4.035420520819508e-8,0.9954574087674838,-9.336831760038763e-9,-0.09424583374095875]}},{"t":3.7999999999999963,"j":false,"c":{"p":[-380.5324404287571,1698.8388736633199,3407.3150053810955],"r":[-0.07956986060881714,-5.447809070850517e-8,-0.996793074175132,-1.2734520120694698e-8,1,-5.372129150326397e-8,0.996793074175132,8.492490047494227e-9,-0.07956986060881714]}},{"t":3.8333333333333295,"j":false,"c":{"p":[-380.1443325594203,1698.8125583116407,3407.3460336423236],"r":[-0.07670439034700394,-1.5438374554929866e-8,-0.997053861618042,-2.466785221539501e-8,1,-1.3586268489875145e-8,0.997053861618042,2.3553051990388905e-8,-0.07670439034700394]}},{"t":3.8666666666666627,"j":false,"c":{"p":[-379.75910386784176,1698.8646594373688,3407.3755682681963],"r":[-0.07670439034700394,3.672735708703382e-8,-0.997053861618042,-3.501292379964531e-8,1,3.9529463715230116e-8,0.997053861618042,3.794185599534217e-8,-0.07670439034700394]}},{"t":3.899999999999996,"j":false,"c":{"p":[-379.3387310336027,1698.8897441933236,3407.4079101964844],"r":[-0.07670439034700394,4.266291944104057e-8,-0.997053861618042,-2.5572749052877987e-8,1,4.475632131135002e-8,0.997053861618042,2.8930415810768937e-8,-0.07670439034700394]}},{"t":3.933333333333329,"j":false,"c":{"p":[-378.914245976636,1698.9116677587815,3407.4405806077552],"r":[-0.07670439034700394,4.318908101149289e-8,-0.997053861618042,-1.3817498920182872e-8,1,4.4379692703043056e-8,0.997053861618042,1.7180908662483232e-8,-0.07670439034700394]}},{"t":3.9666666666666623,"j":false,"c":{"p":[-378.53016796306315,1698.883785795817,3407.4695863683432],"r":[-0.0663590613200065,-2.1614114311685626e-8,-0.9977408446561674,2.3692415204065445e-8,1,-2.280637221500846e-8,0.9977408446561674,-2.4469103334639836e-8,-0.0663590613200065]}},{"t":3.9999999999999956,"j":false,"c":{"p":[-378.14975306552253,1698.8579775386575,3407.497366349071],"r":[-0.055316829498342907,-8.4620325709403e-8,-0.9984655569825346,5.837436748693607e-8,1,-8.801996414201597e-8,0.9984655569825346,-6.319649379344078e-8,-0.055316829498342907]}},{"t":4.033333333333329,"j":false,"c":{"p":[-377.7636386293243,1698.921394799063,3407.5145154811953],"r":[-0.0487399394813597,-4.210637726026919e-8,-0.9987870975899971,2.501461626832403e-8,1,-4.364133099451687e-8,0.9987870975899971,-2.7427560645771074e-8,-0.0487399394813597]}},{"t":4.066666666666662,"j":false,"c":{"p":[-377.3775241931261,1698.9848120594684,3407.531664613319],"r":[-0.04216304946437648,4.0757118886463526e-10,-0.9991086381974595,-8.34513495028802e-9,1,7.373021529822489e-10,0.9991086381974595,8.341372501898634e-9,-0.04216304946437648]}},{"t":4.099999999999995,"j":false,"c":{"p":[-377.01023631474897,1698.9187819996023,3407.5441895469426],"r":[-0.0317103583529969,4.1564651363492655e-8,-0.9994423685872497,-4.063855456153926e-8,1,4.2532452225767525e-8,0.9994423685872497,4.1547056593889726e-8,-0.0317103583529969]}},{"t":4.133333333333328,"j":false,"c":{"p":[-376.64387702090585,1698.8463671942757,3407.5564864006774],"r":[-0.021066500646660498,8.265480656402508e-8,-0.9997767002151126,-7.287937937302931e-8,1,8.420017685785213e-8,0.9997767002151126,7.462631325008985e-8,-0.021066500646660498]}},{"t":4.166666666666662,"j":false,"c":{"p":[-376.2132584060084,1698.8297284929633,3407.559117867742],"r":[0.0038667346243688207,2.587494886263049e-8,-0.9996938632402166,-1.973084333657339e-8,1,2.7091751019694157e-8,0.9996938632402166,2.1012457975263743e-8,0.0038667346243688207]}},{"t":4.199999999999995,"j":false,"c":{"p":[-375.78384995129585,1698.8155892891787,3407.5610667973515],"r":[0.027948956936597824,-3.001430511286135e-8,-0.9996093511581421,3.240967728192979e-8,1,-2.911986544255109e-8,0.9996093511581421,-3.15831449571042e-8,0.027948956936597824]}},{"t":4.233333333333328,"j":false,"c":{"p":[-375.4017036583354,1698.8432254743789,3407.5499594310513],"r":[0.027948956936597824,-3.613790103896705e-8,-0.9996093511581421,3.5743297974789216e-8,1,-3.515264742077109e-8,0.9996093511581421,-3.474685617952142e-8,0.027948956936597824]}},{"t":4.266666666666661,"j":true,"c":{"p":[-375.01858018798816,1698.8556592018738,3407.5388732292727],"r":[0.028870217967073206,-3.4009476469936814e-8,-0.999580393438902,3.1041129978661905e-8,1,-3.3170316689519183e-8,0.999580393438902,-3.0112961047150106e-8,0.028870217967073206]}},{"t":4.2999999999999945,"j":true,"c":{"p":[-374.6314172253145,1698.8052484427178,3407.527874518184],"r":[0.033599822204532344,2.231458187927973e-9,-0.9994317292198652,-6.879681001493419e-9,1,1.945185890514303e-9,0.9994317292198652,6.7549700529302885e-9,0.033599822204532344]}},{"t":4.333333333333328,"j":true,"c":{"p":[-374.18041047188933,1700.0548738685995,3407.514450185866],"r":[0.03487903087547831,4.362480929870718e-8,-0.9993915557861328,-5.039507426444367e-8,1,4.189256595590333e-8,0.9993915557861328,4.89032362917184e-8,0.03487903087547831]}},{"t":4.366666666666661,"j":false,"c":{"p":[-373.738164655441,1701.3307422258993,3407.498558989795],"r":[0.03487963567833188,8.287098872297527e-8,-0.9993915250388892,-9.171357794910519e-8,1,7.972054703551419e-8,0.9993915250388892,8.887712726328405e-8,0.03487963567833188]}},{"t":4.399999999999994,"j":false,"c":{"p":[-373.2996330956074,1702.5393394252771,3407.482737168472],"r":[0.034880026157052976,1.1152507222021529e-7,-0.999391496181488,-1.2155605197625302e-7,1,1.0735051778945387e-7,0.999391496181488,1.1773768535989817e-7,0.034880026157052976]}},{"t":4.433333333333327,"j":false,"c":{"p":[-372.860277795025,1703.3784238437513,3407.4668866953957],"r":[0.03488005235844738,5.135893596038739e-8,-0.999391496181488,-5.5070948179652605e-8,1,4.9468161389963796e-8,0.999391496181488,5.3311981933635136e-8,0.03488005235844738]}},{"t":4.466666666666661,"j":false,"c":{"p":[-372.42382469002257,1704.1089750048352,3407.4511409238507],"r":[0.03488006236625394,-8.361808988748874e-9,-0.999391496181488,1.0922280782607684e-8,1,-7.985699868801313e-9,0.999391496181488,-1.0637094281302346e-8,0.03488006236625394]}},{"t":4.499999999999994,"j":false,"c":{"p":[-371.9958504583414,1704.522442180636,3407.4357010417607],"r":[0.03488002506388581,-6.678132650584569e-8,-0.999391496181488,7.547847895372098e-8,1,-6.418769649028585e-8,0.999391496181488,-7.319368620805251e-8,0.03488002506388581]}},{"t":4.533333333333327,"j":false,"c":{"p":[-371.56532164359686,1704.7866609518537,3407.420168998839],"r":[0.034880007788242295,-9.068086009263409e-8,-0.999391496181488,1.0146980023654291e-7,1,-8.719465227065522e-8,0.999391496181488,-9.836670979190526e-8,0.034880007788242295]}},{"t":4.56666666666666,"j":false,"c":{"p":[-371.1302021554187,1704.7826752180977,3407.404471339739],"r":[0.03488002650131018,-5.2546797892758484e-8,-0.999391496181488,5.8158714273738106e-8,1,-5.054898046531001e-8,0.999391496181488,-5.636017812659357e-8,0.03488002650131018]}},{"t":4.599999999999993,"j":false,"c":{"p":[-370.70079192843093,1704.6189917350646,3407.38897965173],"r":[0.03488004208805585,-1.49606891342119e-8,-0.999391496181488,1.5469780754974172e-8,1,-1.4429883146175354e-8,0.999391496181488,-1.495705378679046e-8,0.03488004208805585]}},{"t":4.633333333333327,"j":false,"c":{"p":[-370.2812383900935,1704.1795999002331,3407.3738435601554],"r":[0.03488005227739829,2.1679411675851983e-8,-0.999391496181488,-2.6145044796143652e-8,1,2.0780115676898834e-8,0.999391496181488,2.5404324880753876e-8,0.03488005227739829]}},{"t":4.66666666666666,"j":false,"c":{"p":[-369.8570272703042,1703.6575149664498,3407.358539438585],"r":[0.034880054319765666,5.6458666919969944e-8,-0.999391496181488,-6.56212985800494e-8,1,5.420277538687983e-8,0.999391496181488,6.369077547017453e-8,0.034880054319765666]}},{"t":4.699999999999993,"j":false,"c":{"p":[-369.4105729986787,1702.7405136635575,3407.3424328583233],"r":[0.03488001745472906,8.235110592799803e-8,-0.999391496181488,-9.488440268044403e-8,1,7.908966268225907e-8,0.999391496181488,9.206801872351257e-8,0.03488001745472906]}},{"t":4.733333333333326,"j":false,"c":{"p":[-368.9706096067259,1701.684162073092,3407.3265604473395],"r":[0.03488011518122749,7.926813567601283e-8,-0.999391496181488,-9.09198413047081e-8,1,7.614318739596531e-8,0.999391496181488,8.820864553238754e-8,0.03488011518122749]}},{"t":4.7666666666666595,"j":false,"c":{"p":[-368.5424807318853,1700.3737396253573,3407.3111149862407],"r":[0.03488045830217242,2.3355657867056635e-8,-0.999391496181488,-2.6372832633077077e-8,1,2.244944480968463e-8,0.999391496181488,2.557375836037186e-8,0.03488045830217242]}},{"t":4.799999999999993,"j":false,"c":{"p":[-368.1145786818552,1698.9678851262352,3407.2956777082236],"r":[0.03488073359162727,-2.5977341397580445e-8,-0.999391496181488,3.055128367118011e-8,1