{"v":1,"d":[{"t":0.06450438499450684,"c":{"r":[0.8729208111763,8.797048423048182e-9,0.48786190152168274,-8.69516370016754e-9,1,-2.4737727422063926e-9,-0.48786190152168274,-2.0826314006683333e-9,0.8729208111763],"p":[436.2849426269531,1720.5391845703125,3430.2626953125]},"j":false},{"t":0.03333333333333333,"j":false,"c":{"p":[436.4461960325831,1720.5348313361171,3430.551365621606],"r":[0.8652824995173647,5.975325105405622e-8,0.5021071244703532,-5.886585901503494e-8,1,-1.6398171728432615e-8,-0.5021071244703532,-1.2774066453139491e-8,0.8652824995173647]}},{"t":0.06666666666666667,"j":false,"c":{"p":[436.2737567584955,1720.539486546602,3430.2426707549243],"r":[0.8734506675791539,5.262305218694481e-9,0.4868737351668046,-5.214909772964344e-9,1,-1.5078613879462208e-9,-0.4868737351668046,-1.340985134949263e-9,0.8734506675791539]}},{"t":0.1,"j":false,"c":{"p":[436.10131748440796,1720.5441417570864,3429.9339758882434],"r":[0.8816188356409431,-4.922864061666728e-8,0.47164034586325587,4.843603946910627e-8,1,1.338244895254018e-8,-0.47164034586325587,1.0092096183240968e-8,0.8816188356409431]}},{"t":0.13333333333333333,"j":false,"c":{"p":[435.9293721001529,1720.5487424291202,3429.6211470146645],"r":[0.8909131514538051,-9.848183368492313e-8,0.45342866006969235,9.694719299010501e-8,1,2.6821690879524463e-8,-0.45342866006969235,2.053589713640022e-8,0.8909131514538051]}},{"t":0.16666666666666666,"j":false,"c":{"p":[435.7677278613965,1720.5522055832676,3429.2220944455416],"r":[0.9236957253235096,-3.8490313069273815e-8,0.37309813022514504,3.8256739847162334e-8,1,9.995748400642324e-9,-0.37309813022514504,1.0346106731517206e-8,0.9236957253235096]}},{"t":0.19999999999999998,"j":false,"c":{"p":[435.6078220341263,1720.555568688889,3428.8214104404556],"r":[0.9559498570365996,1.981756954291961e-8,0.2926024633342976,-1.8800896989521002e-8,1,-6.2772464348607375e-9,-0.2926024633342976,5.879867925677814e-10,0.9559498570365996]}},{"t":0.2333333333333333,"j":false,"c":{"p":[435.4936777057961,1720.5562981427247,3428.377780932718],"r":[0.9742934126966343,3.380579635223702e-8,0.20775977111062693,-3.2876695370314476e-8,1,-7.994589056960767e-9,-0.20775977111062693,2.193049694094758e-9,0.9742934126966343]}},{"t":0.26666666666666666,"j":false,"c":{"p":[435.3819910705777,1720.5538466939875,3427.9343681340956],"r":[0.9922155242271293,4.5870843756456485e-8,0.12293096598198036,-4.503718314904987e-8,1,-9.50006525346654e-9,-0.12293096598198036,3.638890889954187e-9,0.9922155242271293]}},{"t":0.3,"j":false,"c":{"p":[435.35420126466374,1720.4428106384462,3427.4983530075115],"r":[0.9957510445161896,-7.714557014563634e-9,0.03857621647693818,8.184164529992203e-9,1,-3.773181454498827e-9,-0.03857621647693818,-3.505259606233627e-10,0.9957510445161896]}},{"t":0.3333333333333333,"j":false,"c":{"p":[435.32972620808994,1720.3146493978786,3427.0631518214122],"r":[0.9988865454720547,-5.903586813254618e-8,-0.04437461334833934,5.916735691250825e-8,1,1.6099839753589104e-9,0.04437461334833934,-4.257388719595455e-9,0.9988865454720547]}},{"t":0.36666666666666664,"j":false,"c":{"p":[435.3735500130582,1719.8336317205303,3426.6447214987406],"r":[0.9937798349519189,-6.370666970662488e-8,-0.09839833406737306,6.403440505080444e-8,1,-8.900700898161308e-11,0.09839833406737306,-6.463262989369787e-9,0.9937798349519189]}},{"t":0.39999999999999997,"j":false,"c":{"p":[435.41948562503086,1719.331238701561,3426.2265586980025],"r":[0.9890005050270633,-5.7641691268855753e-8,-0.14776126772515813,5.7991452010464104e-8,1,-1.646390629911221e-9,0.14776126772515813,-6.6731965888749115e-9,0.9890005050270633]}},{"t":0.4333333333333333,"j":false,"c":{"p":[435.48130645655493,1718.6680582650276,3425.8104082235013],"r":[0.9866837640707871,2.9178878084906682e-8,-0.16206530367365893,-3.0117600661451467e-8,1,-2.138589765159843e-9,0.16206530367365893,8.130531425678235e-9,0.9866837640707871]}},{"t":0.4666666666666666,"j":false,"c":{"p":[435.55037364126844,1718.1404807200915,3425.3897805511097],"r":[0.9791024495642243,9.00898323203965e-8,-0.1935453762969019,-9.20325653332233e-8,1,-2.586694409388955e-9,0.1935453762969019,1.8633283309470114e-8,0.9791024495642243]}},{"t":0.49999999999999994,"j":false,"c":{"p":[435.6503031313126,1718.1904375203299,3424.950084439088],"r":[0.9490992530301362,4.065142434992668e-8,-0.2981783955630025,-4.238659437596162e-8,1,-2.8470000863779945e-9,0.2981783955630025,1.0818126157328613e-8,0.9490992530301362]}},{"t":0.5333333333333333,"j":false,"c":{"p":[435.78022127447997,1718.230570565187,3424.5345768428856],"r":[0.8884556845833238,-5.080717521647785e-9,-0.42948782015325143,9.668505231789279e-9,1,-1.3471720019074097e-9,0.42948782015325143,-7.60574692205218e-9,0.8884556845833238]}},{"t":0.5666666666666667,"j":false,"c":{"p":[435.99140730578523,1718.2440816790713,3424.184619026118],"r":[0.7447780996741314,-4.076904657181701e-8,-0.6330890917599711,6.825223408054593e-8,1,4.922538646042611e-9,0.6330890917599711,-5.477875840798353e-8,0.7447780996741314]}},{"t":0.6,"j":false,"c":{"p":[436.25613190485836,1718.270375915443,3423.865826945644],"r":[0.653695545791823,-3.182908231479612e-8,-0.7563330613818602,6.412651110908027e-8,1,1.493989646070851e-8,0.7563330613818602,-5.684260934182316e-8,0.653695545791823]}},{"t":0.6333333333333333,"j":false,"c":{"p":[436.59025967983024,1718.3132411834194,3423.587435667212],"r":[0.6307930412076308,3.496348091150228e-8,-0.7754081636446084,-2.1290798407418173e-8,1,2.9815408431572713e-8,0.7754081636446084,-4.305029429976434e-10,0.6307930412076308]}},{"t":0.6666666666666666,"j":false,"c":{"p":[436.92902502583064,1718.3642264597997,3423.311219821626],"r":[0.6156664097757266,6.47081458979197e-8,-0.7880068814306332,-6.665311316097243e-8,1,3.004042503732574e-8,0.7880068814306332,3.4028228529198517e-8,0.6156664097757266]}},{"t":0.7,"j":false,"c":{"p":[437.2768119041515,1718.4310077030366,3423.0392358762338],"r":[0.6156662940418174,2.2383011991283938e-8,-0.7880069971645425,-3.409588174928216e-8,1,1.7656264090104957e-9,0.7880069971645425,2.5780750171580113e-8,0.6156662940418174]}},{"t":0.7333333333333333,"j":false,"c":{"p":[437.6188751367797,1718.4976220632323,3422.771728062158],"r":[0.615665248499396,-2.2995784958643164e-8,-0.7880078324888795,2.059673244363364e-9,1,-2.757301354138562e-8,0.7880078324888795,1.5352591161727346e-8,0.615665248499396]}},{"t":0.7666666666666666,"j":false,"c":{"p":[437.9461812351861,1718.5638061530078,3422.5157609468224],"r":[0.6156618056546688,-7.624776585785934e-8,-0.788010523115431,4.7492696992146e-8,1,-5.965452927828955e-8,0.788010523115431,-6.979628754404356e-10,0.6156618056546688]}},{"t":0.7999999999999999,"j":false,"c":{"p":[438.27880987872544,1718.6311083725761,3422.255631377653],"r":[0.6156588932349609,-9.937912308369565e-8,-0.7880127969446442,7.08955390444243e-8,1,-7.072429880764167e-8,0.7880127969446442,-1.2324505604736389e-8,0.6156588932349609]}},{"t":0.8333333333333333,"j":false,"c":{"p":[438.63039067586885,1718.7023919520113,3421.9806804284026],"r":[0.6156578695162764,-1.5259029690183916e-8,-0.7880135866704866,1.5854821299538502e-8,1,-6.976883764645159e-9,0.7880135866704866,-8.198332338812363e-9,0.6156578695162764]}},{"t":0.8666666666666666,"j":false,"c":{"p":[438.977276088818,1718.7727498207857,3421.709382635628],"r":[0.6156574652593481,5.193152330153492e-8,-0.7880138934495523,-2.883124921041905e-8,1,4.337657519731393e-8,0.7880138934495523,-3.985676870771072e-9,0.6156574652593481]}},{"t":0.8999999999999999,"j":false,"c":{"p":[439.3029777480078,1718.8389312418226,3421.4545664690686],"r":[0.6156598557737868,4.274255114998001e-8,-0.7880120213599316,-2.6801164404891866e-8,1,3.330169523335854e-8,0.7880120213599316,6.17152776503204e-10,0.6156598557737868]}},{"t":0.9333333333333332,"j":false,"c":{"p":[439.63136069517134,1718.906645406859,3421.197634258826],"r":[0.6156617953291852,2.8266553920629384e-8,-0.7880104996296148,-2.1527797756288978e-8,1,1.9051415654586426e-8,0.7880104996296148,5.234877107164886e-9,0.6156617953291852]}},{"t":0.9666666666666666,"j":false,"c":{"p":[439.98101772641127,1718.9865207888295,3420.923912769823],"r":[0.6156601568502086,-2.8158169861301215e-8,-0.7880117577474004,9.478668540264436e-9,1,-2.832764506526544e-8,0.7880117577474004,9.970779995959309e-9,0.6156601568502086]}},{"t":0.9999999999999999,"j":false,"c":{"p":[440.32893223246344,1719.0671204442353,3420.651581327649],"r":[0.6156586408615112,-7.791434828624605e-8,-0.7880129218101501,3.708696550481415e-8,1,-6.989914639369266e-8,0.7880129218101501,1.38090048252389e-8,0.6156586408615112]}},{"t":1.0333333333333332,"j":false,"c":{"p":[440.6552805496926,1719.156683997426,3420.3964536611225],"r":[0.6156586408615112,-4.513794161471293e-8,-0.7880129218101501,2.2638159375353153e-8,1,-3.959396937374669e-8,0.7880129218101501,6.537206872932843e-9,0.6156586408615112]}},{"t":1.0666666666666667,"j":false,"c":{"p":[440.9813025840317,1719.2457906461336,3420.141264928817],"r":[0.6161264507351881,-1.1703908905287162e-8,-0.7876340973650587,7.77609474204396e-9,1,-8.765543125834206e-9,0.7876340973650587,-7.824203588925114e-10,0.6161264507351881]}},{"t":1.1,"j":false,"c":{"p":[441.29735872847726,1719.3209417369308,3419.8842110210726],"r":[0.6308829096155409,4.1816462639274675e-8,-0.7756845690173002,-1.9708417690620496e-8,1,3.8044855675717084e-8,0.7756845690173002,-9.56293122261198e-9,0.6308829096155409]}},{"t":1.1333333333333335,"j":false,"c":{"p":[441.61757293334625,1719.3906436530865,3419.6185424086243],"r":[0.6505379495590512,7.456881517725618e-8,-0.7587668722577562,-3.659843708789361e-8,1,6.65683454840705e-8,0.7587668722577562,-1.4488330509114556e-8,0.6505379495590512]}},{"t":1.166666666666667,"j":false,"c":{"p":[441.95517808210707,1719.4375545847938,3419.316843091738],"r":[0.6906811353547946,2.0459646596610633e-8,-0.7210699829674043,-9.177355833573045e-9,1,1.8607470981905183e-8,0.7210699829674043,-3.2898589741878932e-9,0.6906811353547946]}},{"t":1.2000000000000004,"j":false,"c":{"p":[442.28190185090676,1719.4798713305736,3419.015216278834],"r":[0.7290652258497605,-3.249334199694233e-8,-0.6840293321298861,1.84718441303662e-8,1,-2.8019689668262348e-8,0.6840293321298861,8.400096085780148e-9,0.7290652258497605]}},{"t":1.2333333333333338,"j":false,"c":{"p":[442.55390370928933,1719.4990841472868,3418.713954084794],"r":[0.7586029148948762,-7.963195981161598e-8,-0.6502888713378014,4.7268241567129624e-8,1,-6.79396706967318e-8,0.6502888713378014,2.256169697788828e-8,0.7586029148948762]}},{"t":1.2666666666666673,"j":false,"c":{"p":[442.8204374136622,1719.5141707141202,3418.3953516211386],"r":[0.7960801363030493,-8.919091051707904e-8,-0.6012135788560274,5.246162361171666e-8,1,-7.687248826788781e-8,0.6012135788560274,2.6017915330779334e-8,0.7960801363030493]}},{"t":1.3000000000000007,"j":false,"c":{"p":[443.0740843197624,1719.519532948074,3418.035883344974],"r":[0.8522684532220406,-1.01858616831025e-8,-0.5159986893215118,2.029780498049002e-9,1,-1.2777859316255873e-8,0.5159986893215118,4.244759205247474e-9,0.8522684532220406]}},{"t":1.3333333333333341,"j":false,"c":{"p":[443.30704373484247,1719.5122131046257,3417.651514746303],"r":[0.8943441519490642,3.5400963413636336e-8,-0.44480751155802845,-2.7005621234902987e-8,1,2.5783829643354e-8,0.44480751155802845,-1.1288424554200184e-8,0.8943441519490642]}},{"t":1.3666666666666676,"j":false,"c":{"p":[443.5151195549231,1719.4896388411264,3417.2371952202807],"r":[0.9194447290854658,4.079124924559929e-8,-0.3904845158162623,-3.030467914392963e-8,1,3.3633658122155563e-8,0.3904845158162623,-1.9315964201721956e-8,0.9194447290854658]}},{"t":1.400000000000001,"j":false,"c":{"p":[443.6854473372557,1719.4583090262809,3416.8362735768624],"r":[0.9342063278799982,1.1999075134624155e-8,-0.35621307877673014,-5.860238611037528e-9,1,1.7571593497252336e-8,0.35621307877673014,-1.342624485243827e-8,0.9342063278799982]}},{"t":1.4333333333333345,"j":false,"c":{"p":[443.8293665843157,1719.4208538258433,3416.4447250949756],"r":[0.9417347752178439,-4.0707155254827084e-8,-0.33596971648889407,3.7993559358662646e-8,1,-1.521923665129888e-8,0.33596971648889407,2.199991864153621e-9,0.9417347752178439]}},{"t":1.466666666666668,"j":false,"c":{"p":[443.96379993157547,1719.364650658894,3416.0417047127694],"r":[0.951535690148599,-5.797555257438948e-8,-0.30573839295395955,5.2020863931893425e-8,1,-2.7958460402323186e-8,0.30573839295395955,1.0656301590340788e-8,0.951535690148599]}},{"t":1.5000000000000013,"j":false,"c":{"p":[444.0931076846392,1719.2983172491258,3415.632485624385],"r":[0.9625645061693894,-5.609553431664033e-8,-0.27011019223546984,4.9931774208577404e-8,1,-2.9863034880766324e-8,0.27011019223546984,1.5238425742018087e-8,0.9625645061693894]}},{"t":1.5333333333333348,"j":false,"c":{"p":[444.1964856112401,1719.2092441365066,3415.231620325202],"r":[0.9711553116537743,9.308149680279216e-10,-0.2355989749326087,-2.440538607038457e-9,1,-2.9715202702817855e-9,0.2355989749326087,6.538162978903848e-10,0.9711553116537743]}},{"t":1.5666666666666682,"j":false,"c":{"p":[444.29245039160776,1719.1136699104777,3414.8331433127682],"r":[0.9790491078986119,7.3723093759129e-8,-0.20140709495396705,-6.918845422100652e-8,1,3.215258392835467e-8,0.20140709495396705,-1.9410420985712855e-8,0.9790491078986119]}},{"t":1.6000000000000016,"j":false,"c":{"p":[444.379441827836,1719.0092608693626,3414.420896061927],"r":[0.98228728974545,6.783324739676294e-8,-0.1873810467312337,-6.32458291344352e-8,1,3.046028993495852e-8,0.1873810467312337,-1.806971439534401e-8,0.98228728974545]}},{"t":1.633333333333335,"j":false,"c":{"p":[444.46019172566474,1718.898706645721,3413.9990707239813],"r":[0.982287192129619,7.214918780126406e-9,-0.18738163242621939,-6.742254416377061e-9,1,3.159821388717001e-9,0.18738163242621939,-1.8404916562890482e-9,0.982287192129619]}},{"t":1.6666666666666685,"j":false,"c":{"p":[444.53987991844184,1718.7868774584679,3413.579649108256],"r":[0.9828143423381176,-5.2854441378791595e-8,-0.18456483816495878,4.9360078315267686e-8,1,-2.3801011238955895e-8,0.18456483816495878,1.446874609388362e-8,0.9828143423381176]}},{"t":1.700000000000002,"j":false,"c":{"p":[444.61922907841074,1718.6746411388451,3413.160995069829],"r":[0.9835098578663567,-1.1274850019809978e-7,-0.18084837385239436,1.0533428299740975e-7,1,-5.065338839770781e-8,0.18084837385239436,3.080353492707501e-8,0.9835098578663567]}},{"t":1.7333333333333354,"j":true,"c":{"p":[444.68889687511984,1718.452716165159,3412.771838235549],"r":[0.985039767426304,-4.487889942975931e-8,-0.17219203823710907,4.1821002048354036e-8,1,-2.0756528329190673e-8,0.17219203823710907,1.2842985939789497e-8,0.985039767426304]}},{"t":1.7666666666666688,"j":true,"c":{"p":[444.7450256347656,1718.715576171875,3412.4521484375],"r":[0.9859963059425354,2.2744291783283188e-8,-0.16676703095436096,-2.154223111006104e-8,1,9.016951629803316e-9,0.16676703095436096,-5.298147254251262e-9,0.9859963059425354]}},{"t":1.8000000000000023,"j":false,"c":{"p":[444.8284702632368,1720.335860039129,3411.9585065159536],"r":[0.9859960026565294,7.92509286922065e-8,-0.16676889142679366,-7.463068125345535e-8,1,3.397138630660077e-8,0.16676889142679366,-2.10495646469731e-8,0.9859960026565294]}},{"t":1.8333333333333357,"j":false,"c":{"p":[444.90242701836127,1721.628862033204,3411.520930436524],"r":[0.985995905035362,1.0402622620490097e-7,-0.16676940393792247,-9.787475564741294e-8,1,4.510489433861252e-8,0.16676940393792247,-2.815072217249568e-8,0.985995905035362]}},{"t":1.8666666666666691,"j":false,"c":{"p":[444.9626533699635,1722.4940320766484,3411.164483632429],"r":[0.985995888710022,6.884329643080336e-8,-0.16676973457632402,-6.471933580481661e-8,1,3.016317715974796e-8,0.16676973457632402,-1.8947540453751077e-8,0.985995888710022]}},{"t":1.9000000000000026,"j":false,"c":{"p":[445.0397989613628,1723.3478461220002,3410.7078651319844],"r":[0.985995888710022,5.540770636005074e-9,-0.1667694941976909,-5.092656317120428e-9,1,3.114673378208946e-9,0.1667694941976909,-2.221755356730076e-9,0.985995888710022]}},{"t":1.933333333333336,"j":false,"c":{"p":[445.1175286302413,1723.8339272822739,3410.262772279539],"r":[0.9853884224130289,-5.769255229700522e-8,-0.17028646036057776,5.446988287260751e-8,1,-2.3287221750293023e-8,0.17028646036057776,1.3460185158004986e-8,0.9853884224130289]}},{"t":1.9666666666666694,"j":false,"c":{"p":[445.1949496350243,1724.284913094023,3409.8205469886175],"r":[0.9846899040337003,-1.157430247251872e-7,-0.17427898087777435,1.0915380029850455e-7,1,-4.743786130845097e-8,0.17427898087777435,2.7712086905764635e-8,0.9846899040337003]}},{"t":2.0000000000000027,"j":false,"c":{"p":[445.26761556288346,1724.3197828822117,3409.4176345950614],"r":[0.9828123824320042,-9.678313140141524e-8,-0.1843304778052256,9.134750535174638e-8,1,-3.831465934956469e-8,0.1843304778052256,2.1009450668495284e-8,0.9828123824320042]}},{"t":2.033333333333336,"j":false,"c":{"p":[445.3426806742824,1724.3207236120682,3409.0123654732097],"r":[0.9796966554480417,-7.873544806114839e-8,-0.19886988893184954,7.567437715505773e-8,1,-2.5663492258223256e-8,0.19886988893184954,1.0143139272240269e-8,0.9796966554480417]}},{"t":2.066666666666669,"j":false,"c":{"p":[445.4447415939259,1723.9398918191162,3408.58057825297],"r":[0.9626485408358467,-7.095202561859749e-8,-0.26390767549815997,8.400381465811531e-8,1,2.668462532956148e-8,0.26390767549815997,-4.757318352265353e-8,0.9626485408358467]}},{"t":2.1000000000000023,"j":false,"c":{"p":[445.55879335922185,1723.4618184665517,3408.157099338136],"r":[0.9465594776494939,-7.499195730629056e-8,-0.3215895219667607,9.99392732571714e-8,1,6.117264204723961e-8,0.3215895219667607,-9.072033613621462e-8,0.9465594776494939]}},{"t":2.1333333333333355,"j":false,"c":{"p":[445.70855852585606,1722.6941219342827,3407.758365787726],"r":[0.9333268425640386,-1.1424643544526414e-7,-0.3573625182554431,1.3852842050024103e-7,1,4.246633295967805e-8,0.3573625182554431,-9.047483430878381e-8,0.9333268425640386]}},{"t":2.1666666666666687,"j":false,"c":{"p":[445.8641764236663,1721.7768589819416,3407.3576344957005],"r":[0.9246349816561326,-1.1498280117052908e-7,-0.38085442002829545,1.3106470858989713e-7,1,1.630583150292873e-8,0.38085442002829545,-6.498766706208444e-8,0.9246349816561326]}},{"t":2.200000000000002,"j":false,"c":{"p":[446.03092145762116,1720.575242303327,3406.953105123384],"r":[0.9245759813657881,-4.248903416574167e-8,-0.3809976651534647,3.604590176263259e-8,1,-2.4026483222548846e-8,0.3809976651534647,8.488625122179163e-9,0.9245759813657881]}},{"t":2.233333333333335,"j":false,"c":{"p":[446.1941602321637,1719.5169047378788,3406.656015068261],"r":[0.927751608456256,0.005609237751611468,-0.3727211012331719,-0.0066351211948440765,0.9999078775825944,-0.0017520850251433434,0.37265056548313685,0.003953615161423932,0.9278108441612115]}},{"t":2.2666666666666684,"j":false,"c":{"p":[446.3537330898748,1718.6083704957957,3406.471256576476],"r":[0.9343091515900709,0.017083140848714536,-0.3556413325104716,-0.020207468020421095,0.9997194379562191,-0.00533594489959884,0.3554265134170655,0.01204077904841192,0.9344895560010182]}},{"t":2.3000000000000016,"j":true,"c":{"p":[446.4461669670093,1718.393595131618,3406.435404900348],"r":[0.9228148149184402,0.013463215240554674,-0.3819403613950946,-0.01590354153870784,0.9997738649634834,-0.004209623861976396,0.3817672132305949,0.009455909752367573,0.9229602269111339]}},{"t":2.333333333333335,"j":false,"c":{"p":[446.4886877325197,1718.6855398624973,3406.5054169183354],"r":[0.8977499485589079,-0.0007444891976455568,-0.44039926840825144,0.0009369644522999972,0.9999994935758741,0.00022263915786585413,0.44039887452282017,-0.0006108372313470471,0.8977502861749919]}},{"t":2.366666666666668,"j":true,"c":{"p":[446.52634647145373,1718.8532892834226,3406.4350862553306],"r":[0.8158682459119634,0.0000842216876553066,-0.5768529547153178,-0.00010399261726402932,1,0.0000011084977931048157,0.5768529547153178,0.0000604570549455184,0.8158682459119634]}},{"t":2.4000000000000012,"j":false,"c":{"p":[446.67336411172397,1718.8760853300853,3406.23507442193],"r":[0.6255188733195586,0.000027642079981965323,-0.7620773096042598,-0.00003560507514379956,1,-0.000001766086151778538,0.7620773096042598,0.00002185312126787408,0.6255188733195586]}},{"t":2.4333333333333345,"j":false,"c":{"p":[446.8437697898835,1719.3399643981666,3406.077653418242],"r":[0.4427021863130167,-0.0000013575557738521013,-0.8963540111082475,0.0000022143844808044805,1,-4.0994839731947107e-7,0.8963540111082475,-0.0000017940936747734436,0.4427021863130167]}},{"t":2.4666666666666677,"j":false,"c":{"p":[447.2002604863999,1720.958850505011,3405.8853585121888],"r":[0.3793246149676062,-1.3682709821149645e-7,-0.9245047640136135,6.518344482022218e-7,1,1.4577577850712028e-7,0.9245047640136135,-6.347996374749495e-7,0.3793246149676062]}},{"t":2.500000000000001,"j":false,"c":{"p":[447.5889693630889,1722.1859333849238,3405.7254128681197],"r":[0.32959661956402275,7.845198578456357e-8,-0.9431090476682629,1.2338503502109883e-7,1,1.3543761098462917e-7,0.9431090476682629,-1.6735009722363714e-7,0.32959661956402275]}},{"t":2.533333333333334,"j":false,"c":{"p":[447.9894237136459,1723.2701803089053,3405.5772604851613],"r":[0.2848447195412051,-7.281607350781609e-8,-0.9582330663136863,-2.807220364270897e-8,1,-8.126449223591262e-8,0.9582330663136863,4.7880310313437067e-8,0.2848447195412051]}},{"t":2.5666666666666673,"j":false,"c":{"p":[448.4260835365989,1724.0328631957982,3405.4711640595756],"r":[0.18853758312551755,-6.064038799729849e-8,-0.9761298784287689,3.307155290171011e-8,1,-6.815258923475596e-8,0.9761298784287689,-1.501876804059698e-8,0.18853758312551755]}},{"t":2.6000000000000005,"j":false,"c":{"p":[448.8700981803214,1724.7302231990996,3405.37361092892],"r":[0.08175745745419993,-1.5262554596767103e-8,-0.994589958957452,1.3740331699563888e-7,1,-8.356008083505155e-9,0.994589958957452,-1.344173859411967e-7,0.08175745745419993]}},{"t":2.6333333333333337,"j":false,"c":{"p":[449.2850699692878,1725.0474618575756,3405.357640274202],"r":[0.0194471210846264,3.477818483018866e-8,-0.9986723690572832,1.5064381508136966e-7,1,3.809587232876892e-8,0.9986723690572832,-1.4927858936176207e-7,0.0194471210846264]}},{"t":2.666666666666667,"j":false,"c":{"p":[449.6931859113168,1725.2749691938498,3405.3609279524717],"r":[-0.03236569114849035,8.591964835156912e-8,-0.9993607909075012,1.423813382586054e-7,1,8.139760698364659e-8,0.9993607909075012,-1.3946272439729894e-7,-0.03236569114849035]}},{"t":2.7,"j":false,"c":{"p":[450.128534540257,1725.1380086436277,3405.376091140492],"r":[-0.03486567501747444,7.561557956528903e-8,-0.9993920281243134,9.058223316717146e-8,1,7.250343919259593e-8,0.9993920281243134,-8.799977709925027e-8,-0.03486567501747444]}},{"t":2.7333333333333334,"j":false,"c":{"p":[450.56573690383925,1724.9413280543683,3405.3918639427857],"r":[-0.0349046838730503,5.8549383249514416e-8,-0.9993906617164612,3.45107380742332e-8,1,5.73797570500784e-8,0.9993906617164612,-3.248688552877472e-8,-0.0349046838730503]}},{"t":2.7666666666666666,"j":false,"c":{"p":[451.00778541642086,1724.3393048264104,3405.4078115779635],"r":[-0.03490467313739142,5.390644464049042e-9,-0.9993906617164612,-4.20734251066205e-8,1,6.863384166338626e-9,0.9993906617164612,4.228735559590723e-8,-0.03490467313739142]}},{"t":2.8,"j":false,"c":{"p":[451.44976587783316,1723.7325535968803,3405.423739474868],"r":[-0.034669408093080854,-4.7209130776178235e-8,-0.9993941815953795,-1.1740980710434709e-7,1,-4.31485977705736e-8,0.9993941815953795,1.158445140076949e-7,-0.034669408093080854]}},{"t":2.833333333333333,"j":false,"c":{"p":[451.885621028185,1722.7002331874112,3405.4378907224686],"r":[-0.01325881523279622,-4.949638942347945e-8,-0.9997145270848229,-8.043294074223251e-8,1,-4.776016299377442e-8,0.9997145270848229,7.985160478247033e-8,-0.01325881523279622]}},{"t":2.8666666666666663,"j":false,"c":{"p":[452.32024597470735,1721.7391978523967,3405.447422920212],"r":[0.010031250582144227,-4.837311953898348e-8,-0.999798854732978,-3.72292199305447e-8,1,-4.804993957806012e-8,0.999798854732978,3.751243809424471e-8,0.010031250582144227]}},{"t":2.8999999999999995,"j":false,"c":{"p":[452.7477746787112,1721.1893595597853,3405.430310835757],"r":[0.044162768498352156,-2.757673777177011e-8,-0.9985217495842248,4.1893157805352657e-8,1,-2.34101398124798e-8,0.9985217495842248,-4.143414352751322e-8,0.044162768498352156]}},{"t":2.9333333333333327,"j":false,"c":{"p":[453.18166219802345,1720.6847737947612,3405.4097933237344],"r":[0.06792629784626923,8.527374601271765e-10,-0.9976791862792497,9.8876525934552e-8,1,7.605493538002341e-9,0.9976791862792497,-9.901008892157887e-8,0.06792629784626923]}},{"t":2.966666666666666,"j":false,"c":{"p":[453.63460420543146,1720.3157893495418,3405.3790712883997],"r":[0.060621663523620375,5.215513500588653e-8,-0.998138747975212,8.951931416875336e-8,1,5.7726611047469675e-8,0.998138747975212,-9.254792126287141e-8,0.060621663523620375]}},{"t":2.999999999999999,"j":false,"c":{"p":[454.0758538168266,1720.0859676795822,3405.3521418343726],"r":[0.05088224746683541,6.869910200385013e-8,-0.9986477554491833,5.8734623705291405e-8,1,7.236865898134067e-8,0.9986477554491833,-6.273358146727944e-8,0.05088224746683541]}},{"t":3.0333333333333323,"j":false,"c":{"p":[454.49470658359706,1720.1227130204936,3405.332477089322],"r":[0.03647899449116157,1.8663116738059072e-8,-0.9992514765649272,-1.3094512273663404e-8,1,1.905036689187775e-8,0.9992514765649272,1.181196401352872e-8,0.03647899449116157]}},{"t":3.0666666666666655,"j":false,"c":{"p":[454.9165435292689,1720.1445052126548,3405.319290615235],"r":[0.017503906018534784,-1.7715443503584105e-8,-0.9996463842314522,-5.135593480883366e-8,1,-1.8788890574812144e-8,0.9996463842314522,5.142847063113237e-8,0.017503906018534784]}},{"t":3.0999999999999988,"j":false,"c":{"p":[455.34274230345466,1720.1444411177945,3405.3155731133324],"r":[-0.008153611052042077,-3.413161279381376e-8,-0.9997360794804206,-4.0553070487217357e-8,1,-3.4003199330898414e-8,0.9997360794804206,3.999090753123382e-8,-0.008153611052042077]}},{"t":3.133333333333332,"j":false,"c":{"p":[455.78177742637746,1720.1468062891486,3405.318834536642],"r":[-0.020938606932759285,-3.991853126866778e-8,-0.9997807741165161,-1.1115200132323952e-8,1,-3.9694497568309206e-8,0.9997807741165161,1.0281616274448226e-8,-0.020938606932759285]}},{"t":3.166666666666665,"j":false,"c":{"p":[456.2335616186788,1720.1515842091858,3405.329027432721],"r":[-0.020938606932759285,-3.514847136412407e-8,-0.9997807741165161,3.683096955714492e-8,1,-3.5927535962325656e-8,0.9997807741165161,-3.757516650897066e-8,-0.020938606932759285]}},{"t":3.1999999999999984,"j":false,"c":{"p":[456.66010794656023,1720.1527929186493,3405.33942422893],"r":[-0.023143523694488605,-2.8664229356645474e-8,-0.9997269023245172,7.089721955962816e-8,1,-3.038061159776423e-8,0.9997269023245172,-7.156029442539341e-8,-0.023143523694488605]}},{"t":3.2333333333333316,"j":false,"c":{"p":[457.0687904738041,1720.1514752786147,3405.349965349207],"r":[-0.02690911899853017,-2.096665935778823e-8,-0.9996348991385048,9.513902031283172e-8,1,-2.3573798546407843e-8,0.9996348991385048,-9.572682307628084e-8,-0.02690911899853017]}},{"t":3.266666666666665,"j":false,"c":{"p":[457.5033694449776,1720.15207357746,3405.368510163713],"r":[-0.04272781131328581,2.45832526639957e-9,-0.9988858459304585,3.079879195797173e-8,1,3.0934170318806068e-9,0.9988858459304585,-3.005415435696806e-8,-0.04272781131328581]}},{"t":3.299999999999998,"j":false,"c":{"p":[457.94739680140583,1720.1533709116134,3405.389975146978],"r":[-0.0629441075763092,3.162149822433412e-8,-0.9978970663045016,-6.586082124917266e-8,1,3.700675238245557e-8,0.9978970663045016,6.83965803410064e-8,-0.0629441075763092]}},{"t":3.3333333333333313,"j":false,"c":{"p":[458.38410933396875,1720.155829629758,3405.4166645018586],"r":[-0.06976448744535446,2.5446646969715465e-8,-0.9975634813308716,-7.117392573477336e-8,1,3.048634029345656e-8,0.9975634813308716,7.312737257697305e-8,-0.06976448744535446]}},{"t":3.3666666666666645,"j":false,"c":{"p":[458.8170976063938,1720.158879653474,3405.446013786672],"r":[-0.06976448744535446,1.2798389229897634e-9,-0.9975634813308716,-2.997898471838417e-8,1,3.37954135667902e-9,0.9975634813308716,3.014171226899103e-8,-0.06976448744535446]}},{"t":3.3999999999999977,"j":false,"c":{"p":[459.2547531816929,1720.1631595574624,3405.4756796152183],"r":[-0.06976448744535446,-2.310207678669169e-8,-0.9975634813308716,1.158258338262638e-8,1,-2.3968529856997836e-8,0.9975634813308716,-1.3226513209589882e-8,-0.06976448744535446]}},{"t":3.433333333333331,"j":false,"c":{"p":[459.69636187084893,1720.1684811458838,3405.5056135500886],"r":[-0.06976448744535446,-4.766618446165525e-8,-0.9975634813308716,5.3454677422857195e-8,1,-5.152095395002988e-8,0.9975634813308716,-5.691876387315099e-8,-0.06976448744535446]}},{"t":3.466666666666664,"j":false,"c":{"p":[460.1223005273231,1720.1600963869448,3405.5344907128097],"r":[-0.06976448744535446,-3.9665862842584894e-8,-0.9975634813308716,5.039732999381739e-8,1,-4.3287276849064554e-8,0.9975634813308716,-5.329444883980345e-8,-0.06976448744535446]}},{"t":3.4999999999999973,"j":false,"c":{"p":[460.5417240220869,1720.1460129117797,3405.562928499201],"r":[-0.06976448744535446,-1.812616149395602e-8,-0.9975634813308716,2.8659576297044307e-8,1,-2.0174738867994488e-8,0.9975634813308716,-2.9997227989972924e-8,-0.06976448744535446]}},{"t":3.5333333333333306,"j":true,"c":{"p":[460.9447822136838,1721.060863282773,3405.59025292909],"r":[-0.0697642451306415,3.1551268248530354e-8,-0.9975634813308716,-3.1954145689301495e-8,1,3.3863032839151994e-8,0.9975634813308716,3.4238717471333726e-8,-0.0697642451306415]}},{"t":3.5666666666666638,"j":false,"c":{"p":[461.34681240508496,1722.3603710747102,3405.6174941209597],"r":[-0.0697639263448417,8.27138272599446e-8,-0.9975635409355164,-9.493016425506747e-8,1,8.95547293603918e-8,0.9975635409355164,1.009465556327038e-7,-0.0697639263448417]}},{"t":3.599999999999997,"j":false,"c":{"p":[461.8171338085937,1723.526934369905,3405.649362313179],"r":[-0.06976379285895307,5.681699578823018e-8,-0.9975635409355164,-6.76418830376569e-8,1,6.168625262074562e-8,0.9975635409355164,7.178054533547713e-8,-0.06976379285895307]}},{"t":3.63333333333333,"j":false,"c":{"p":[462.28486070610717,1724.6577088827019,3405.6809306618006],"r":[-0.06934971842407259,3.04250125856045e-8,-0.9975895965560367,-3.9584526067830314e-8,1,3.32861891555145e-8,0.9975895965560367,4.182647851846441e-8,-0.06934971842407259]}},{"t":3.6666666666666634,"j":false,"c":{"p":[462.71447775318546,1725.2627936700258,3405.7080947058225],"r":[-0.06285540070455849,-3.240092529893936e-9,-0.9979983746689364,-2.3046677756205685e-10,1,-2.92217794894388e-9,0.9979983746689364,2.969070938238273e-10,-0.06285540070455849]}},{"t":3.6999999999999966,"j":false,"c":{"p":[463.14409480026376,1725.8678784573497,3405.735258749845],"r":[-0.05636108298504438,-3.690519764539237e-8,-0.9984071527818361,3.91235925127062e-8,1,-3.913054505340226e-8,0.9984071527818361,-4.1232664330816746e-8,-0.05636108298504438]}},{"t":3.73333333333333,"j":false,"c":{"p":[463.5663544237477,1726.0571377703486,3405.746975306795],"r":[-0.030752564713509765,-5.0903554693764784e-8,-0.9991410603033953,7.152205044675704e-8,1,-5.223576608093129e-8,0.9991410603033953,-7.277381791982493e-8,-0.030752564713509765]}},{"t":3.766666666666663,"j":false,"c":{"p":[463.9880147651936,1726.2125269745313,3405.75743362417],"r":[-0.0035871431433463358,-6.330000195492543e-8,-0.9999014504940804,1.033539558500876e-7,1,-6.345917341512893e-8,0.9999014504940804,-1.0350138787848165e-7,-0.0035871431433463358]}},{"t":3.7999999999999963,"j":false,"c":{"p":[464.4216236012707,1725.9789205718948,3405.7531614407776],"r":[0.01975366957259991,-2.3968689208013555e-8,-0.9995238592757513,7.669579621146585e-8,1,-2.330859058833265e-8,0.9995238592757513,-7.739852377270618e-8,0.01975366957259991]}},{"t":3.8333333333333295,"j":false,"c":{"p":[464.857011593978,1725.6873918841236,3405.746695854039],"r":[0.04252498977834764,2.3064998609609395e-8,-0.9989768201703619,4.1328339692540434e-8,1,2.4491690215666664e-8,0.9989768201703619,-4.283348541992559e-8,0.04252498977834764]}},{"t":3.8666666666666627,"j":false,"c":{"p":[465.24621377907977,1725.5907918611124,3405.7314103213594],"r":[0.048401857307868515,6.701920840664322e-8,-0.9988278691949211,1.632514355160708e-8,1,6.788242654322492e-8,0.9988278691949211,-1.9605932366491312e-8,0.048401857307868515]}},{"t":3.899999999999996,"j":false,"c":{"p":[465.6204961402305,1725.5571614279386,3405.7132756008555],"r":[0.048821155234381235,1.0997862624679122e-7,-0.9988075162699149,-5.329990744376126e-9,1,1.0984870737885707e-7,0.9988075162699149,-4.0830907676124446e-11,0.048821155234381235]}},{"t":3.933333333333329,"j":false,"c":{"p":[465.71135943431204,1725.8322761570896,3405.7090655170027],"r":[0.048841570085385325,2.986863860723863e-8,-0.9988065361976624,-1.3077713628618554e-8,1,2.9264826159652008e-8,0.9988065361976624,1.1632788175539253e-8,0.048841570085385325]}},{"t":3.9666666666666623,"j":false,"c":{"p":[465.78788456317733,1726.1230102981344,3405.705559880254],"r":[0.04884180544918072,-5.6467427916437966e-8,-0.9988065361976624,-2.0121860833869448e-8,1,-5.751886542868212e-8,0.9988065361976624,2.2907177315360913e-8,0.04884180544918072]}},{"t":3.9999999999999956,"j":false,"c":{"p":[465.79840087890625,1726.4319757167077,3405.705078125],"r":[0.04884183779358864,-4.832830380449333e-8,-0.9988065361976624,-8.47036113727885e-9,1,-4.8800254318432833e-8,0.9988065361976624,1.0843746358863083e-8,0.04884183779358864]}},{"t":4.033333333333329,"j":false,"c":{"p":[465.79840087890625,1726.7438456848633,3405.705078125],"r":[0.04884183779358864,-2.5137690564491896e-8,-0.9988065361976624,6.159670004359263e-9,1,-2.486651782869434e-8,0.9988065361976624,-4.9377924213818124e-9,0.04884183779358864]}},{"t":4.066666666666662,"j":false,"c":{"p":[465.79840087890625,1727.0547719499273,3405.705078125],"r":[0.04884183779358864,1.743305589484553e-8,-0.9988065361976624,2.4448733436401033e-8,1,1.8649433348849182e-8,0.9988065361976624,-2.533042728445386e-8,0.04884183779358864]}},{"t":4.099999999999995,"j":false,"c":{"p":[465.79840087890625,1727.3654521320925,3405.705078125],"r":[0.04884183779358864,6.505742504139972e-8,-0.9988065361976624,4.369193729600155e-8,1,6.72717025940882e-8,0.9988065361976624,-4.692546563533382e-8,0.04884183779358864]}},{"t":4.133333333333328,"j":false,"c":{"p":[465.86572615908796,1727.572475946677,3405.7020193332833],"r":[0.04884199855772034,5.161908260483902e-8,-0.9988065154539034,3.0173255438580134e-8,1,5.315623645170367e-8,0.9988065154539034,-3.273349285601624e-8,0.04884199855772034]}},{"t":4.166666666666662,"j":false,"c":{"p":[465.9597770402586,1727.7383520866815,3405.697746316439],"r":[0.0488422231391585,1.3941143085739608e-8,-0.9988064864756533,3.6493386537208484e-9,1,1.4136251852142725e-8,0.9988064864756533,-4.335424276259493e-9,0.0488422231391585]}},{"t":4.199999999999995,"j":false,"c":{"p":[465.99906201450455,1727.9054911796363,3405.6830959161957],"r":[0.04884213118977832,-1.871853999000776e-8,-0.9988064953196628,-1.598427330098761e-8,1,-1.9522540072628136e-8,0.9988064953196628,1.691871148848168e-8,0.04884213118977832]}},{"t":4.233333333333328,"j":false,"c":{"p":[466.0100037523875,1728.0732838940867,3405.6630748638995],"r":[0.048841875424836534,-4.878110313310211e-8,-0.9988065237379897,-3.205191603542107e-8,1,-5.0406730795633786e-8,0.9988065237379897,3.447561684643687e-8,0.048841875424836534]}},{"t":4.266666666666661,"j":false,"c":{"p":[466.00582922965685,1727.902357490413,3405.642666193529],"r":[0.050617866169196016,-4.119655671363578e-8,-0.9987134697303945,-2.2904921784549835e-8,1,-4.232038326478388e-8,0.9987134697303945,2.4909661946765462e-8,0.050617866169196016]}},{"t":4.2999999999999945,"j":false,"c":{"p":[465.98985273061624,1727.4669771248762,3405.6219548914796],"r":[0.053780656186155455,-4.219139494165309e-9,-0.9985477418907134,5.9283266247311255e-9,1,-3.8079018497717505e-9,0.9985477418907134,-5.832386856056581e-9,0.053780656186155455]}},{"t":4.333333333333328,"j":true,"c":{"p":[465.9795837402344,1727.0987439678574,3405.6020861615266],"r":[0.05581355839967728,3.120304111782453e-8,-0.998441219329834,3.3549398072210623e-8,1,3.312719081010143e-8,0.998441219329834,-3.5346047153356496e-8,0.05581355839967728]}},{"t":4.366666666666661,"j":false,"c":{"p":[466.0723912824664,1728.686264058163,3405.5789867468047],"r":[0.05581405453352606,7.164136031221458e-8,-0.9984411597251892,6.508298082010123e-8,1,7.539142579758149e-8,0.9984411597251892,-6.918942802511965e-8,0.05581405453352606]}},{"t":4.399999999999994,"j":false,"c":{"p":[466.2980911322602,1729.9161469875855,3405.557274095399],"r":[0.05581407020065253,8.797146955885133e-8,-0.9984411597251892,7.658642489409563e-8,1,9.239008605216793e-8,0.9984411597251892,-8.162370459575276e-8,0.05581407020065253]}},{"t":4.433333333333327,"j":false,"c":{"p":[466.68474825466535,1730.97463285867,3405.5335388804824],"r":[0.0558140861787689,6.36697464849063e-8,-0.9984411597251892,5.3826486337366616e-8,1,6.677811525717353e-8,0.9984411597251892,-5.746973854506473e-8,0.0558140861787689]}},{"t":4.466666666666661,"j":false,"c":{"p":[467.08414129588937,1731.9355267974993,3405.5097400393097],"r":[0.055814097194324,2.9344548782985693e-8,-0.9984411597251892,2.2637752980261864e-8,1,3.0655840019149677e-8,0.9984411597251892,-2.431349290045695e-8,0.055814097194324]}},{"t":4.499999999999994,"j":false,"c":{"p":[467.52748072764183,1732.5596713248196,3405.485721650231],"r":[0.05581409108613179,-3.9567515929949547e-8,-0.9984411597251892,-3.763526657936166e-8,1,-4.1733150655231265e-8,0.9984411597251892,3.9905897877662026e-8,0.05581409108613179]}},{"t":4.533333333333327,"j":false,"c":{"p":[467.9698536983089,1733.0179235529504,3405.463753216323],"r":[0.051329574648958605,-7.536189666382506e-8,-0.998644816289114,-6.69611282316254e-8,1,-7.902809496671986e-8,0.998644816289114,7.102821597911893e-8,0.051329574648958605]}},{"t":4.56666666666666,"j":false,"c":{"p":[468.41074662042877,1733.2221265905637,3405.4449241050625],"r":[0.03997743250216958,-6.043951207603285e-8,-0.9991603546309225,-4.8894190739100544e-8,1,-6.257965206852498e-8,0.9991603546309225,5.146533312154092e-8,0.03997743250216958]}},{"t":4.599999999999993,"j":false,"c":{"p":[468.8351250233362,1733.2108549077702,3405.4283097687467],"r":[0.03490704884353049,-3.459679419346273e-8,-0.9993905606413842,-2.1046586948839958e-8,1,-3.5353280664043757e-8,0.9993905606413842,2.2268090372055252e-8,0.03490704884353049]}},{"t":4.633333333333327,"j":false,"c":{"p":[469.2462001002752,1733.0260068461155,3405.4134795517657],"r":[0.03489695666221309,4.283455496141127e-11,-0.999390916241767,1.467986516109489e-8,1,5.552869545115741e-10,0.999390916241767,-1.4690143084481396e-8,0.03489695666221309]}},{"t":4.66666666666666,"j":false,"c":{"p":[469.67993709032123,1732.5242527528048,3405.4000846642516],"r":[0.032513204152390285,3.679363517567797e-8,-0.9994658428920082,5.364436232045745e-8,1,3.842318716980556e-8,0.9994658428920082,-5.474319265218518e-8,0.032513204152390285]}},{"t":4.699999999999993,"j":false,"c":{"p":[470.1229276308416,1731.8930962588372,3405.387275865547],"r":[0.029160213716586343,7.440649167790259e-8,-0.9995712191768644,9.39310520573557e-8,1,7.709114265820004e-8,0.9995712191768644,-9.605995005241164e-8,0.029160213716586343]}},{"t":4.733333333333326,"j":false,"c":{"p":[470.56372645457435,1731.2113318519664,3405.3750438079906],"r":[0.027927976405272566,6.974620906221474e-8,-0.9996099472045898,8.438026988971833e-8,1,7.213091465375686e-8,0.9996099472045898,-8.636182369467928e-8,0.027927976405272566]}},{"t":4.7666666666666595,"j":false,"c":{"p":[471.0032517135932,1730.5001601546667,3405.363146883686],"r":[0.02792806818011656,4.052181368082196e-8,-0.9996099472045898,4.586988582438492e-8,1,4.18191835094197e-8,0.9996099472045898,-4.7019923926496846e-8,0.02792806818011656]}},{"t":4.799999999999993,"j":false,"c":{"p":[471.44129948722116,1730.1683361083699,3405.351558953814],"r":[0.025317658867220316,3.4186026757020954e-10,-0.9996737498138792,-4.441808159155915e-9,1,4.1710655101290226e-10,0.9996737498138792,4.281717618570