{"v":1,"d":[{"t":0.07288432121276855,"j":false,"c":{"p":[-183.9818572998047,128.0480499267578,409.2135314941406],"r":[-0.7095711827278137,-2.0472185724429437e-8,-0.7046337723731995,-5.683036263803842e-8,1,2.817492195106297e-8,0.7046337723731995,6.003670449672427e-8,-0.7095711827278137]}},{"t":0.03333333333333333,"j":false,"c":{"p":[-184.34630393257433,128.06025795826088,408.8521200999727],"r":[-0.7317927635085543,-2.4989009439496686e-8,-0.6834724223933099,-7.50936125452193e-8,1,4.1042903824369454e-8,0.6834724223933099,8.1642786271988e-8,-0.7317927635085543]}},{"t":0.06666666666666667,"j":false,"c":{"p":[-184.03915051508312,128.04996910315882,409.15671543673113],"r":[-0.7130645496491184,-2.118225773556449e-8,-0.7013070801473265,-5.970145600132256e-8,1,3.019784654241867e-8,0.7013070801473265,6.343331125109736e-8,-0.7130645496491184]}},{"t":0.1,"j":false,"c":{"p":[-183.73199709759194,128.03968024805673,409.4613107734895],"r":[-0.6943363357896826,-1.7375506031632294e-8,-0.7191417379013431,-4.4309299457425826e-8,1,1.9352789260467882e-8,0.7191417379013431,4.52238362302067e-8,-0.6943363357896826]}},{"t":0.13333333333333333,"j":false,"c":{"p":[-183.42484368010076,128.02939139295464,409.7659061102479],"r":[-0.6756081219302468,-1.3568754327700102e-8,-0.7369763956553597,-2.89171429135291e-8,1,8.5077319785171e-9,0.7369763956553597,2.701436120931606e-8,-0.6756081219302468]}},{"t":0.16666666666666666,"j":false,"c":{"p":[-183.11987595813702,128.0179397081215,410.0431874955599],"r":[-0.6618463701270719,4.635787316517625e-9,-0.749521678759112,1.606461743652455e-8,1,-7.084354940038637e-9,0.749521678759112,-1.704354353844964e-8,-0.6618463701270719]}},{"t":0.19999999999999998,"j":false,"c":{"p":[-182.816063748147,128.0058732699246,410.30602881017086],"r":[-0.6507102385446661,3.045201067165086e-8,-0.7592706273938535,7.668951795313726e-8,1,-2.5186054710009766e-8,0.7592706273938535,-7.47667414057813e-8,-0.6507102385446661]}},{"t":0.2333333333333333,"j":false,"c":{"p":[-182.48601321853081,127.91002140144808,410.58790956797327],"r":[-0.6481203436851501,2.1109181341183156e-8,-0.7615379095077515,5.050920380942862e-8,1,-1.5267607415049647e-8,0.7615379095077515,-4.835991907818686e-8,-0.6481203436851501]}},{"t":0.26666666666666666,"j":false,"c":{"p":[-182.14801129564933,127.78877877184247,410.87556013506696],"r":[-0.6481203436851501,1.1115746193985206e-9,-0.7615379095077515,-1.977002216002546e-9,1,3.1422071564546607e-9,0.7615379095077515,3.5420906516279273e-9,-0.6481203436851501]}},{"t":0.3,"j":false,"c":{"p":[-181.81657936382825,127.58330853004303,411.15760935344883],"r":[-0.6457586216665332,-1.8155210278364987e-8,-0.7635337268417862,-5.333891408452992e-8,1,2.1091269174196263e-8,0.7635337268417862,5.441671459214965e-8,-0.6457586216665332]}},{"t":0.3333333333333333,"j":false,"c":{"p":[-181.48558665066463,127.37220748320809,411.4392841090897],"r":[-0.6432390132269618,-3.737313809589608e-8,-0.7656629690468542,-1.0462566436370238e-7,1,3.900952884895005e-8,0.7656629690468542,1.0522265548533029e-7,-0.6432390132269618]}},{"t":0.36666666666666664,"j":true,"c":{"p":[-181.21999438047519,127.23989791351178,411.663102669898],"r":[-0.6472256256780339,-2.3610853850301745e-8,-0.7622940377201456,-6.343983571358574e-8,1,2.2811756356410958e-8,0.7622940377201456,6.314489320070795e-8,-0.6472256256780339]}},{"t":0.39999999999999997,"j":false,"c":{"p":[-180.81264972366012,128.93969624670797,412.03121279429797],"r":[-0.7229056455109188,5.221551808842546e-8,-0.690875478573044,8.399706359123475e-8,1,-1.2301845689931197e-8,0.690875478573044,-6.686864236907728e-8,-0.7229056455109188]}},{"t":0.4333333333333333,"j":false,"c":{"p":[-180.53444204196828,130.1236345505478,412.36418448333484],"r":[-0.7580108511244334,8.587255884632466e-8,-0.6503243915375715,1.0438386806937226e-7,1,1.0664970676850155e-8,0.6503243915375715,-5.8381380163330015e-8,-0.7580108511244334]}},{"t":0.4666666666666666,"j":false,"c":{"p":[-180.26031852397708,131.24192682273846,412.69541010465224],"r":[-0.7885981902979335,1.0615114811728979e-7,-0.6148978121656693,1.1069490226112501e-7,1,3.081487945217681e-8,0.6148978121656693,-4.387138976700376e-8,-0.7885981902979335]}},{"t":0.49999999999999994,"j":false,"c":{"p":[-180.00979891692472,131.98082610334163,413.01654454697564],"r":[-0.7930750880447454,4.9110658002575085e-8,-0.6090876809484048,3.565679068286984e-8,1,3.4684824743050646e-8,0.6090876809484048,5.446201459698289e-9,-0.7930750880447454]}},{"t":0.5333333333333333,"j":false,"c":{"p":[-179.75459957450695,132.62330835666475,413.3473331301714],"r":[-0.7969695936302897,-7.392790794879194e-9,-0.6040134648430266,-3.9101130824398515e-8,1,3.950126601271964e-8,0.6040134648430266,5.5001245682112515e-8,-0.7969695936302897]}},{"t":0.5666666666666667,"j":false,"c":{"p":[-179.4876764113632,133.02424363040436,413.7023075717572],"r":[-0.7994050719936128,-6.25508267357532e-8,-0.6007828865008176,-1.1315711132326374e-7,1,4.6688898879095437e-8,0.6007828865008176,1.0515116464320449e-7,-0.7994050719936128]}},{"t":0.6,"j":false,"c":{"p":[-179.22245783491792,133.23421541086375,414.05584412099233],"r":[-0.8007304898137343,-7.708672648930773e-8,-0.5990247667842281,-1.2344037084488709e-7,1,3.631848531436449e-8,0.5990247667842281,1.0302520460559066e-7,-0.8007304898137343]}},{"t":0.6333333333333333,"j":false,"c":{"p":[-178.95927286035362,133.21636438860025,414.4076652393892],"r":[-0.8007315859019888,-4.315970403812168e-8,-0.5990233160791855,-5.76416537502866e-8,1,5.001013861437888e-9,0.5990233160791855,3.8533202432321166e-8,-0.8007315859019888]}},{"t":0.6666666666666666,"j":false,"c":{"p":[-178.69681192166425,132.94767119675035,414.7590221118942],"r":[-0.80205385845616,-8.9553038230461e-9,-0.5972432632410931,8.146641445358199e-9,1,-2.6232246423637763e-8,0.5972432632410931,-2.5810588626753466e-8,-0.80205385845616]}},{"t":0.7,"j":false,"c":{"p":[-178.43481957592905,132.51663401430145,415.1100785264226],"r":[-0.8042311908278893,2.5428614106963557e-8,-0.5943121066294873,7.392819163210407e-8,1,-5.741100559725967e-8,0.5943121066294873,-9.005845807994661e-8,-0.8042311908278893]}},{"t":0.7333333333333333,"j":false,"c":{"p":[-178.17744061440183,131.76441737848947,415.4581158871241],"r":[-0.8048137690518563,3.2832867242386095e-8,-0.5935274075696689,7.936371039984267e-8,1,-5.2293907632243866e-8,0.5935274075696689,-8.919154998901939e-8,-0.8048137690518563]}},{"t":0.7666666666666666,"j":false,"c":{"p":[-177.9215789064442,130.90657098150032,415.80516033893497],"r":[-0.8048718632280407,3.1364026165050316e-8,-0.5934486372241509,6.49525770233207e-8,1,-3.523979850063411e-8,0.5934486372241509,-6.690964062988901e-8,-0.8048718632280407]}},{"t":0.7999999999999999,"j":false,"c":{"p":[-177.66350515688174,129.76982922641307,416.15520570746037],"r":[-0.8048941493034363,1.752866839297533e-8,-0.5934184193611145,2.314514331209796e-8,1,-1.8548847904912135e-9,0.5934184193611145,-1.5227742576183415e-8,-0.8048941493034363]}},{"t":0.8333333333333333,"j":false,"c":{"p":[-177.40405468739004,128.4595099053249,416.50711877225245],"r":[-0.8048941493034363,-4.0033032002150175e-9,-0.5934184193611145,-3.5713069451013e-8,1,4.169391737197086e-8,0.5934184193611145,5.475198055736571e-8,-0.8048941493034363]}},{"t":0.8666666666666666,"j":false,"c":{"p":[-177.22361957010662,127.90035168939363,416.751814203006],"r":[-0.8048941493034363,-1.0312533913862471e-8,-0.5934184193611145,-4.0210494384977897e-8,1,3.716207328840829e-8,0.5934184193611145,5.3773181293901265e-8,-0.8048941493034363]}},{"t":0.8999999999999999,"j":false,"c":{"p":[-177.06834081989177,127.58034300530451,416.96237441721354],"r":[-0.8048941493034363,-1.177525256810772e-8,-0.5934184193611145,-2.7400903725803968e-8,1,1.732264210872963e-8,0.5934184193611145,3.020309329762786e-8,-0.8048941493034363]}},{"t":0.9333333333333332,"j":false,"c":{"p":[-176.90004133938191,127.57486430454894,417.1910852476186],"r":[-0.8061384484116664,-6.847974915882378e-9,-0.5917182975226568,2.8999923350352567e-9,1,-1.5823719014876727e-8,0.5917182975226568,-1.4445963514403976e-8,-0.8061384484116664]}},{"t":0.9666666666666666,"j":false,"c":{"p":[-176.7247305083038,127.73875244631425,417.42956974895515],"r":[-0.8080527727075716,1.5201622902615565e-9,-0.5891027009029759,4.26195362972643e-8,1,-5.613554234454481e-8,0.5891027009029759,-7.04455388178174e-8,-0.8080527727075716]}},{"t":0.9999999999999999,"j":false,"c":{"p":[-176.51738353901885,127.99112050545317,417.7179250977504],"r":[-0.8123421327077895,6.115515933048433e-9,-0.5831063443081534,4.334664869005869e-8,1,-4.902522212021006e-8,0.5831063443081534,-6.509848060869014e-8,-0.8123421327077895]}},{"t":1.0333333333333332,"j":false,"c":{"p":[-176.27747922422716,128.33340799313686,418.05696266051746],"r":[-0.8190451687109299,6.876705257985553e-9,-0.5736742249545554,4.446947808493027e-9,1,6.278769338452762e-9,0.5736742249545554,2.5932812612787234e-9,-0.8190451687109299]}},{"t":1.0666666666666667,"j":false,"c":{"p":[-176.03820763822802,128.42612446206044,418.41902465125753],"r":[-0.8420282163460043,3.909834228701866e-9,-0.5370392209593422,-2.0242037686832718e-8,1,4.16698905202762e-8,0.5370392209593422,4.588622548838509e-8,-0.8420282163460043]}},{"t":1.1,"j":false,"c":{"p":[-175.79922567327725,128.4046039609889,418.7916256897628],"r":[-0.8724631676899175,-7.6349422877544e-10,-0.48795255037229845,-3.842630530565212e-8,1,6.794622755916134e-8,0.48795255037229845,7.801101800929229e-8,-0.8724631676899175]}},{"t":1.1333333333333335,"j":false,"c":{"p":[-175.6272696362347,127.92016194111712,419.1731116372291],"r":[-0.9217285748715432,-5.64062824516827e-9,-0.36585068116386277,-1.9608585689745285e-8,1,1.0647614948407419e-8,0.36585068116386277,1.6660697935532252e-8,-0.9217285748715432]}},{"t":1.166666666666667,"j":true,"c":{"p":[-175.47567749023438,127.40507507324219,419.53070068359375],"r":[-0.9702959060668945,-1.0224433744099315e-8,-0.24192124605178833,2.9680706781221033e-9,1,-5.41677955823161e-8,0.24192124605178833,-5.327682828237812e-8,-0.9702959060668945]}},{"t":1.2000000000000004,"j":false,"c":{"p":[-175.38522759782464,128.84229877576638,419.92583983259783],"r":[-0.9936455912687479,1.789160211941877e-8,-0.10983730533631181,2.9747476763838256e-8,1,-1.031321957599168e-7,0.10983730533631181,-1.0462154559289253e-7,-0.9936455912687479]}},{"t":1.2333333333333338,"j":false,"c":{"p":[-175.34665854063985,130.39727588100212,420.4249793743818],"r":[-0.9986801338947091,1.3405136449031798e-7,-0.050416367327594774,1.3733324652786108e-7,1,-6.043002245441496e-8,0.050416367327594774,-6.709542896160154e-8,-0.9986801338947091]}},{"t":1.2666666666666673,"j":false,"c":{"p":[-175.32577347018452,131.35820708872123,420.8463053229378],"r":[-0.9988012811941616,1.0859466085992008e-7,-0.04894888938528917,1.0770018044094366e-7,1,2.1078329998538754e-8,0.04894888938528917,1.5778450535995383e-8,-0.9988012811941616]}},{"t":1.3000000000000007,"j":false,"c":{"p":[-175.30530820990379,132.30503590449902,421.265784010542],"r":[-0.9988057866197337,7.97760437523821e-8,-0.04885720144781523,7.48095987091963e-8,1,1.035079243123855e-7,0.04885720144781523,9.972886625457797e-8,-0.9988057866197337]}},{"t":1.3333333333333341,"j":false,"c":{"p":[-175.28461551354758,132.85972463396658,421.6899244803634],"r":[-0.9988061785697937,2.9529538474266954e-8,-0.04884930982232725,2.5178904740774e-8,1,8.967772187481904e-8,0.04884930982232725,8.834069196446857e-8,-0.9988061785697937]}},{"t":1.3666666666666676,"j":false,"c":{"p":[-175.26390114608063,133.3770485292678,422.1145091453221],"r":[-0.9988061785697937,-2.2758710343922355e-8,-0.04884940267843248,-2.60468608346711e-8,1,6.667546213410142e-8,0.04884940267843248,6.786823700607985e-8,-0.9988061785697937]}},{"t":1.400000000000001,"j":false,"c":{"p":[-175.24212566359583,133.55835013406545,422.56084360133985],"r":[-0.9988061785697937,-7.709444653081783e-8,-0.04884940425992315,-7.813108906033932e-8,1,1.9311776231187302e-8,0.04884940425992315,2.31053768002289e-8,-0.9988061785697937]}},{"t":1.4333333333333345,"j":false,"c":{"p":[-175.21998999702325,133.62559258396666,423.01456079016293],"r":[-0.9988061785697937,-1.321251802983374e-7,-0.04884937485922694,-1.3050671320574807e-7,1,-3.6321133942437885e-8,0.04884937485922694,-2.990260039016939e-8,-0.9988061785697937]}},{"t":1.466666666666668,"j":false,"c":{"p":[-175.19858840149163,133.357456809414,423.45323164423854],"r":[-0.9988061785697937,-9.465759036526689e-8,-0.048849346433527334,-9.235018529056328e-8,1,-4.9491979140170977e-8,0.048849346433527334,-4.492164434707147e-8,-0.9988061785697937]}},{"t":1.5000000000000013,"j":false,"c":{"p":[-175.17747332666718,132.95841707505758,423.8860296519117],"r":[-0.9988061785697937,-2.1086294333402877e-8,-0.048849318388385875,-1.8857382297929788e-8,1,-4.6089141130413684e-8,0.048849318388385875,-4.511294629095708e-8,-0.9988061785697937]}},{"t":1.5333333333333348,"j":false,"c":{"p":[-175.15626957116498,132.2737229065926,424.3205295344058],"r":[-0.9988061785697937,3.6317024827181924e-8,-0.04884929956286559,3.823891928528415e-8,1,-3.840881678433215e-8,0.04884929956286559,-4.023090661635806e-8,-0.9988061785697937]}},{"t":1.5666666666666682,"j":false,"c":{"p":[-175.1350051895309,131.3937424160399,424.75619289568664],"r":[-0.9988061785697937,8.266718197876587e-8,-0.04884928704029634,8.41258291244347e-8,1,-2.7804208847106502e-8,0.04884928704029634,-3.188050059743729e-8,-0.9988061785697937]}},{"t":1.6000000000000016,"j":false,"c":{"p":[-175.11466516629736,130.89849601304323,425.1724586254648],"r":[-0.9988061785697937,6.096061085338922e-8,-0.04884927884310796,6.103950521336532e-8,1,-1.2331364892059422e-10,0.04884927884310796,-3.1049022986792513e-9,-0.9988061785697937]}},{"t":1.633333333333335,"j":false,"c":{"p":[-175.09520777229503,130.77061528953388,425.57020240902625],"r":[-0.9988061785697937,-2.5730340486309033e-8,-0.048849274776035755,-2.7906329727900583e-8,1,4.386297812224287e-8,0.048849274776035755,4.517381486382988e-8,-0.9988061785697937]}},{"t":1.6666666666666685,"j":false,"c":{"p":[-175.07694303583042,130.77740683786143,425.94347695970515],"r":[-0.9988061785697937,-4.833662735849702e-8,-0.04884927347302437,-5.027462317048722e-8,1,3.844431358109272e-8,0.04884927347302437,4.085429434241406e-8,-0.9988061785697937]}},{"t":1.700000000000002,"j":false,"c":{"p":[-175.05924053242074,130.84768450891545,426.30521642078753],"r":[-0.9988061785697937,-4.0732635471947823e-8,-0.04884927347302437,-4.1257465749611866e-8,1,9.735560613016101e-9,0.04884927347302437,1.1739334290292992e-8,-0.9988061785697937]}},{"t":1.7333333333333354,"j":false,"c":{"p":[-175.04154570309146,130.96761836165223,426.6669962268974],"r":[-0.9988061785697937,-1.958132306257313e-8,-0.04884927347302437,-1.8131674252875153e-8,1,-3.011908663376312e-8,0.04884927347302437,-2.9197410617183614e-8,-0.9988061785697937]}},{"t":1.7666666666666688,"j":false,"c":{"p":[-175.02385198189972,131.0947225694736,427.02878185883134],"r":[-0.9988061785697937,3.526223098593963e-9,-0.04884927347302437,7.031404700402228e-9,1,-7.158320156421978e-8,0.04884927347302437,-7.184122184094837e-8,-0.9988061785697937]}},{"t":1.8000000000000023,"j":false,"c":{"p":[-175.00544384511636,131.21804335614428,427.4051397213325],"r":[-0.9988061785697937,1.0836211976649025e-8,-0.04884927347302437,1.3794463803559876e-8,1,-6.022164052182439e-8,0.04884927347302437,-6.082359404337375e-8,-0.9988061785697937]}},{"t":1.8333333333333357,"j":false,"c":{"p":[-174.98692698312132,131.3407883529383,427.7837152969845],"r":[-0.9988061785697937,1.5742008141996844e-8,-0.04884927347302437,1.7757267598599908e-8,1,-4.0820665350920987e-8,0.04884927347302437,-4.163935932446163e-8,-0.9988061785697937]}},{"t":1.8666666666666691,"j":false,"c":{"p":[-174.9689167891256,131.41880845206205,428.1518611574948],"r":[-0.9988061785697937,4.207829150051412e-9,-0.04884927347302437,2.963814189260674e-9,1,2.553884140186776e-8,0.04884927347302437,2.5363571168230597e-8,-0.9988061785697937]}},{"t":1.9000000000000026,"j":false,"c":{"p":[-174.9509883919649,131.49281241118666,428.5188747622642],"r":[-0.9988122102512134,-8.858050658210432e-9,-0.04870536118965493,-1.3485105392859683e-8,1,9.434427295423408e-8,0.04870536118965493,9.4888870918048e-8,-0.9988122102512134]}},{"t":1.933333333333336,"j":false,"c":{"p":[-174.93422596797194,131.6072056988399,428.88655410623375],"r":[-0.9990880115932779,-9.557574585162829e-9,-0.04212490739383,-1.1708757668151455e-8,1,4.15439902407536e-8,0.04212490739383,4.199610561180693e-8,-0.9990880115932779]}},{"t":1.9666666666666694,"j":false,"c":{"p":[-174.91746354397895,131.7215989864931,429.2542334502033],"r":[-0.9993638129353424,-1.0257098512115224e-8,-0.035544453598005066,-9.932409943443226e-9,1,-1.1256292472726883e-8,0.035544453598005066,-1.089665969443414e-8,-0.9993638129353424]}},{"t":2.0000000000000027,"j":false,"c":{"p":[-174.90303237080306,131.80935390402468,429.6558639504135],"r":[-0.9993908716948487,-1.0760572137301657e-8,-0.03489839686023539,-8.44328974932341e-9,1,-6.65478318235669e-8,0.03489839686023539,-6.621263853467008e-8,-0.9993908716948487]}},{"t":2.033333333333336,"j":false,"c":{"p":[-174.88888451155972,131.89444960367123,430.0603541793417],"r":[-0.9993908405303955,-1.111475854250156e-8,-0.03489864617586136,-6.915434617837439e-9,1,-1.2044983620394156e-7,0.03489864617586136,-1.201351270933712e-7,-0.9993908405303955]}},{"t":2.066666666666669,"j":false,"c":{"p":[-174.87719384520904,131.99975249091528,430.3948652189495],"r":[-0.9993908405303955,-7.835495962943906e-10,-0.03489864617586136,4.6032397686175934e-10,1,-3.563442305157556e-8,0.03489864617586136,-3.56287816421409e-8,-0.9993908405303955]}},{"t":2.1000000000000023,"j":false,"c":{"p":[-174.86559855514346,132.1027749077495,430.7334409687206],"r":[-0.9994106801409036,8.534707037993659e-9,-0.03408688690442589,7.095280068368869e-9,1,4.2305870757945496e-8,0.03408688690442589,4.203602892577608e-8,-0.9994106801409036]}},{"t":2.1333333333333355,"j":false,"c":{"p":[-174.85509832669703,132.1796141322316,431.1186856371502],"r":[-0.9996583079901382,6.22276443264495e-9,-0.023954923759295532,5.224721529061313e-9,1,4.13095682314766e-8,0.023954923759295532,4.1149842707763476e-8,-0.9996583079901382]}},{"t":2.1666666666666687,"j":false,"c":{"p":[-174.84466162761055,132.25740623448158,431.50430513714883],"r":[-0.9999025464057922,3.812589473647179e-9,-0.013961642980575562,3.2606346827460323e-9,1,3.955642373815645e-8,0.013961642980575562,3.9507045657962285e-8,-0.9999025464057922]}},{"t":2.200000000000002,"j":false,"c":{"p":[-174.83880277607634,132.4038615368846,431.9169345390619],"r":[-0.9999025464057922,-5.676088087942669e-9,-0.013961642980575562,-5.442986949993789e-9,1,-1.673382215911257e-8,0.013961642980575562,-1.6656197487410843e-8,-0.9999025464057922]}},{"t":2.233333333333335,"j":false,"c":{"p":[-174.83314784713042,132.54475539207093,432.32621754025735],"r":[-0.9999064744138174,-1.3727248781601436e-8,-0.013586344101053034,-1.282859273528717e-8,1,-6.53843654252066e-8,0.013586344101053034,-6.520114549768241e-8,-0.9999064744138174]}},{"t":2.2666666666666684,"j":false,"c":{"p":[-174.82923737078602,132.6380739337728,432.706873808701],"r":[-0.9999440045052366,-9.481193846568154e-9,-0.010000556809427706,-8.939252508010175e-9,1,-4.868119167380459e-8,0.010000556809427706,-4.8575506581768975e-8,-0.9999440045052366]}},{"t":2.3000000000000016,"j":false,"c":{"p":[-174.82552288063135,132.72948818550077,433.0877400243802],"r":[-0.9999756217002869,-3.9497099303640284e-9,-0.006979713216423988,-3.779142711516946e-9,1,-2.445073511346649e-8,0.006979713216423988,-2.442376328640142e-8,-0.9999756217002869]}},{"t":2.333333333333335,"j":false,"c":{"p":[-174.82285635972931,132.8107198965953,433.4697288612392],"r":[-0.9999756217002869,8.455166700026404e-9,-0.006979713216423988,8.175973597513946e-9,1,4.002929693834308e-8,0.006979713216423988,3.997125425102269e-8,-0.9999756217002869]}},{"t":2.366666666666668,"j":true,"c":{"p":[-174.82070922851562,132.87612915039062,433.7773132324219],"r":[-0.9999756217002869,1.844379937665508e-8,-0.006979713216423988,1.7802451068860137e-8,1,9.194979355697797e-8,0.006979713216423988,9.18232956337306e-8,-0.9999756217002869]}},{"t":2.4000000000000012,"j":false,"c":{"p":[-174.81742668379434,134.47917102743432,434.24669947824856],"r":[-0.9999756217002869,6.602941967824073e-9,-0.006979787837495788,6.356684758856012e-9,1,3.530403568052668e-8,0.006979787837495788,3.525880793473347e-8,-0.9999756217002869]}},{"t":2.4333333333333345,"j":true,"c":{"p":[-174.81392381883074,135.96115028874456,434.7440457533767],"r":[-0.9999756217002869,-5.841414967315807e-9,-0.006979872367190696,-5.6724401168833485e-9,1,-2.4228816540001807e-8,0.006979872367190696,-2.418863353158764e-8,-0.9999756217002869]}},{"t":2.4666666666666677,"j":false,"c":{"p":[-174.81127207488288,136.88142189922203,435.12059339397587],"r":[-0.9999756217002869,-1.5244921451602587e-8,-0.00697980085559592,-1.4762177123797659e-8,1,-6.921449153054186e-8,0.00697980085559592,-6.910976682837412e-8,-0.9999756217002869]}},{"t":2.500000000000001,"j":false,"c":{"p":[-174.80765223037776,137.81906599823253,435.6346113137017],"r":[-0.9999756217002869,-2.404809622644869e-8,-0.0069799137706472725,-2.326913556195975e-8,1,-1.1168146190759184e-7,0.0069799137706472725,-1.1151632438722516e-7,-0.9999756217002869]}},{"t":2.533333333333334,"j":false,"c":{"p":[-174.80456460750003,138.38023939784685,436.07305376234103],"r":[-0.9999756217002869,-2.1144143351153258e-8,-0.0069799132681044864,-2.0453582589861077e-8,1,-9.900686446907058e-8,0.0069799132681044864,-9.88616872586434e-8,-0.9999756217002869]}},{"t":2.5666666666666673,"j":false,"c":{"p":[-174.8015579753333,138.75686493572937,436.49999553001385],"r":[-0.9999756217002869,-1.1849282579971593e-8,-0.006979912778743783,-1.1456623932487216e-8,1,-5.629561742806037e-8,0.006979912778743783,-5.621427776668625e-8,-0.9999756217002869]}},{"t":2.6000000000000005,"j":false,"c":{"p":[-174.79865573371444,138.8956230423553,436.91211383989344],"r":[-0.9999756217002869,5.682947241854047e-9,-0.006979912306373727,5.507672184738988e-9,1,2.5130468232333492e-8,0.006979912306373727,2.5091416093304037e-8,-0.9999756217002869]}},{"t":2.6333333333333337,"j":false,"c":{"p":[-174.79568226395946,138.8473732197875,437.3343465451014],"r":[-0.9999756217002869,1.6908295869154073e-8,-0.006979911822410551,1.6368060142199376e-8,1,7.745570988559614e-8,0.006979911822410551,7.733957832663805e-8,-0.9999756217002869]}},{"t":2.666666666666667,"j":false,"c":{"p":[-174.79262693967496,138.58421610228228,437.7682025934978],"r":[-0.9999756217002869,2.08858514063386e-8,-0.006979911325124697,2.0213909214505154e-8,1,9.633860664507978e-8,0.006979911325124697,9.619516974029409e-8,-0.9999756217002869]}},{"t":2.7,"j":false,"c":{"p":[-174.78962316842177,138.08209647332578,438.19473811145446],"r":[-0.9999756217002869,1.531870574529281e-8,-0.006979915416092958,1.4822420935762378e-8,1,7.115368795095619e-8,0.006979915416092958,7.104849563862752e-8,-0.9999756217002869]}},{"t":2.7333333333333334,"j":false,"c":{"p":[-174.78665485631302,137.4156139347696,438.61623843089586],"r":[-0.9999756217002869,3.1865350906909124e-9,-0.006979922662948693,3.0773182982184074e-9,1,1.5658096994196436e-8,0.006979922662948693,1.5636235754689892e-8,-0.9999756217002869]}},{"t":2.7666666666666666,"j":false,"c":{"p":[-174.78361867885545,136.4795422417698,439.0481350544951],"r":[-0.9999756217002869,-9.39101113656221e-9,-0.00697991404512874,-9.098951532720364e-9,1,-4.187475050540843e-8,0.00697991404512874,-4.181022283498343e-8,-0.9999756217002869]}},{"t":2.8,"j":false,"c":{"p":[-174.78052381280762,135.31033526390104,439.48902219307416],"r":[-0.9999756217002869,-2.235370921170033e-8,-0.006979891707855967,-2.1648086090601493e-8,1,-1.0116937653593209e-7,0.006979891707855967,-1.0101581559947354e-7,-0.9999756217002869]}},{"t":2.833333333333333,"j":false,"c":{"p":[-174.7778827091656,134.8438066926702,439.8657828650248],"r":[-0.9999756217002869,-1.6222290402775384e-8,-0.006980187067036716,-1.5707613005072298e-8,1,-7.379353268761906e-8,0.006980187067036716,-7.36821045954231e-8,-0.9999756217002869]}},{"t":2.8666666666666663,"j":false,"c":{"p":[-174.77552167312376,134.8109796633178,440.20296391251395],"r":[-0.9999756217002869,1.6942463992405499e-9,-0.0069806785122796524,1.6448677185488188e-9,1,7.076364865333227e-9,0.0069806785122796524,7.0647028165285066e-9,-0.9999756217002869]}},{"t":2.8999999999999995,"j":false,"c":{"p":[-174.77210458688,134.86453008891934,440.56708522293627],"r":[-0.9999080458990172,8.32976607956278e-9,-0.011821235256921865,7.850388769109096e-9,1,3.7525489462220566e-8,0.011821235256921865,3.742386954093225e-8,-0.9999080458990172]}},{"t":2.9333333333333327,"j":false,"c":{"p":[-174.76817452237782,134.9600385164514,440.9442928138559],"r":[-0.9998076450324379,9.485511686627303e-9,-0.019012862304393335,8.641254389830153e-9,1,4.348263417664355e-8,0.019012862304393335,4.330715044106247e-8,-0.9998076450324379]}},{"t":2.966666666666666,"j":false,"c":{"p":[-174.75965194173924,135.05707277240003,441.32815262052605],"r":[-0.99971558612098,5.130462318969191e-11,-0.023606465602909663,8.061573206506992e-11,1,5.8842496216999205e-9,0.023606465602909663,5.922656017312277e-9,-0.99971558612098]}},{"t":2.999999999999999,"j":false,"c":{"p":[-174.74944597648388,135.15466632003276,441.7144507937319],"r":[-0.9996265849492245,-1.3264644580719822e-8,-0.027247764525566327,-1.1907812394081248e-8,1,-4.7679393577543296e-8,0.027247764525566327,-4.73216209781775e-8,-0.9996265849492245]}},{"t":3.0333333333333323,"j":false,"c":{"p":[-174.7396237149851,135.3129514543843,442.07001378534176],"r":[-0.9994098183545446,-1.444067930236694e-8,-0.03365745224611859,-1.271605194985482e-8,1,-5.265517488156044e-8,0.03365745224611859,-5.220909928416845e-8,-0.9994098183545446]}},{"t":3.0666666666666655,"j":false,"c":{"p":[-174.72988851108812,135.48500675361316,442.41860334717336],"r":[-0.9991640633772172,-1.2862318677726154e-8,-0.0406952528938896,-1.0987646011638307e-8,1,-4.660697567189035e-8,0.0406952528938896,-4.612502243906294e-8,-0.9991640633772172]}},{"t":3.0999999999999988,"j":false,"c":{"p":[-174.71050351537582,135.51888095236976,442.8222775923002],"r":[-0.9988276451467832,4.471103493138632e-9,-0.04791126761512397,3.0337177357721504e-9,1,1.9448633845277733e-8,0.04791126761512397,1.91467143622766e-8,-0.9988276451467832]}},{"t":3.133333333333332,"j":false,"c":{"p":[-174.6891746255612,135.52491937690434,443.2370483245881],"r":[-0.9984729633344624,2.497829063298923e-8,-0.05516318251876506,1.9531425910373434e-8,1,9.759238507834664e-8,0.05516318251876506,9.63414589674391e-8,-0.9984729633344624]}},{"t":3.166666666666665,"j":false,"c":{"p":[-174.66819997273154,135.64526598535954,443.58582627645785],"r":[-0.9972460829268217,1.4181078855585523e-8,-0.07208980165685662,1.1424241864534229e-8,1,5.2036306977774205e-8,0.07208980165685662,5.131916661268391e-8,-0.9972460829268217]}},{"t":3.1999999999999984,"j":false,"c":{"p":[-174.6472606438488,135.77701122352482,443.9280235335626],"r":[-0.9959322282669387,2.6224236756147417e-10,-0.0899811668642157,8.634972261246688e-10,1,-5.8549207280691644e-9,0.0899811668642157,-5.890413657783193e-9,-0.9959322282669387]}},{"t":3.2333333333333316,"j":false,"c":{"p":[-174.6080645750474,135.8578495053191,444.3049293386621],"r":[-0.9944964553452094,-1.2816672798787854e-8,-0.10383773611587407,-6.2483271265321416e-9,1,-5.683086208062613e-8,0.10383773611587407,-5.5696466645494534e-8,-0.9944964553452094]}},{"t":3.266666666666665,"j":false,"c":{"p":[-174.56817996708384,135.93676786968877,444.68314415044415],"r":[-0.9930560843682831,-2.5863910966632782e-8,-0.11754213608434358,-1.3230078054554669e-8,1,-1.0754599862942626e-7,0.11754213608434358,-1.0522330119141715e-7,-0.9930560843682831]}},{"t":3.299999999999998,"j":false,"c":{"p":[-174.52156554019982,136.06809037144453,445.0769000506029],"r":[-0.992965579032898,-7.72312865058099e-9,-0.11840324848890305,-4.061789443790976e-9,1,-3.1163938212238505e-8,0.11840324848890305,-3.0463790251926875e-8,-0.992965579032898]}},{"t":3.3333333333333313,"j":false,"c":{"p":[-174.47449989469098,136.20292644809524,445.47169794440345],"r":[-0.992965579032898,1.2508737523766187e-8,-0.11840324848890305,6.189321560520426e-9,1,5.3739692118223854e-8,0.11840324848890305,5.262882958061613e-8,-0.992965579032898]}},{"t":3.3666666666666645,"j":false,"c":{"p":[-174.43203971964243,136.27397844465318,445.8278070433894],"r":[-0.992965579032898,1.1396152126692118e-8,-0.11840324848890305,5.7098987114874785e-9,1,4.836369912689181e-8,0.11840324848890305,4.734741841599387e-8,-0.992965579032898]}},{"t":3.3999999999999977,"j":false,"c":{"p":[-174.38899755402505,136.34903504026403,446.1887920409164],"r":[-0.992965579032898,9.11836043048154e-9,-0.11840324848890305,4.645199470709555e-9,1,3.805501210893451e-8,0.11840324848890305,3.72373104181663e-8,-0.992965579032898]}},{"t":3.433333333333331,"j":false,"c":{"p":[-174.33875799756666,136.47497587603505,446.6100809707674],"r":[-0.992965579032898,-6.2742101954870064e-9,-0.11840324848890305,-3.006581718183942e-9,1,-2.777608229792268e-8,0.11840324848890305,-2.722470591970592e-8,-0.992965579032898]}},{"t":3.466666666666664,"j":false,"c":{"p":[-174.2885184411083,136.60091671180606,447.0313699006184],"r":[-0.992965579032898,-2.166678082145555e-8,-0.11840324848890305,-1.0658362907077437e-8,1,-9.360717670477985e-8,0.11840324848890305,-9.168672225757816e-8,-0.992965579032898]}},{"t":3.4999999999999973,"j":false,"c":{"p":[-174.24204850247668,136.70187941888472,447.42115342223735],"r":[-0.992965579032898,-1.4213716733174886e-8,-0.11840324848890305,-7.026997675998249e-9,1,-6.111445671570331e-8,0.11840324848890305,-5.985253427508069e-8,-0.992965579032898]}},{"t":3.5333333333333306,"j":false,"c":{"p":[-174.19679315985388,136.79479400628335,447.80078569116864],"r":[-0.992965579032898,6.003632506933159e-10,-0.11840324848890305,2.39872595256402e-10,1,3.058852135797904e-9,0.11840324848890305,3.008933078423782e-9,-0.992965579032898]}},{"t":3.5666666666666638,"j":false,"c":{"p":[-174.14219242340621,138.0641066663833,448.17714814228145],"r":[-0.9823682315466089,2.349771710545594e-8,-0.18241209195872285,1.204084073812876e-8,1,6.54163160104411e-8,0.18241209195872285,6.096314569962914e-8,-0.9823682315466089]}},{"t":3.599999999999997,"j":false,"c":{"p":[-174.0275778156323,139.50664218351733,448.63657850136326],"r":[-0.9454559917081921,1.2323175940803782e-7,-0.319537142738163,1.0797407504574896e-7,1,6.815009643744286e-8,0.319537142738163,2.7295899333397223e-8,-0.9454559917081921]}},{"t":3.63333333333333,"j":false,"c":{"p":[-173.87926007011947,140.54346853559338,449.03829287756713],"r":[-0.9298819436845714,1.15690499999193e-7,-0.36693119718883516,1.1657760427238722e-7,1,2.2934609030188146e-8,0.36693119718883516,-2.071440934566656e-8,-0.9298819436845714]}},{"t":3.6666666666666634,"j":false,"c":{"p":[-173.7231557643166,141.48643599780831,449.4269120668986],"r":[-0.9191844264709171,8.355773787131183e-8,-0.39382366408064906,1.0511609040514958e-7,1,-3.3164816383260426e-8,0.39382366408064906,-7.187255332512042e-8,-0.9191844264709171]}},{"t":3.6999999999999966,"j":false,"c":{"p":[-173.5393999828049,142.0606514428947,449.83608257241934],"r":[-0.9108567555925455,1.8128603051329607e-8,-0.4122030491438478,5.35401535252567e-8,1,-7.35314942467436e-8,0.4122030491438478,-8.769417840290107e-8,-0.9108567555925455]}},{"t":3.73333333333333,"j":false,"c":{"p":[-173.3556442012932,142.63486688798108,450.2452530779401],"r":[-0.9025290847141739,-4.730053176865262e-8,-0.43058243420704656,1.9642166453638188e-9,1,-1.1389817211022679e-7,0.43058243420704656,-1.0351580348068171e-7,-0.9025290847141739]}},{"t":3.766666666666663,"j":false,"c":{"p":[-173.16884627195734,142.74821119454882,450.6277309582682],"r":[-0.896674612456468,-6.524189518344747e-8,-0.44247257462127787,-1.7104578087131276e-8,1,-1.1313400351875491e-7,0.44247257462127787,-9.366246074559565e-8,-0.896674612456468]}},{"t":3.7999999999999963,"j":false,"c":{"p":[-172.9818912029342,142.83774957492338,451.0088300526145],"r":[-0.8909478912747217,-8.07303161449948e-8,-0.4540275183476473,-3.4494242663638603e-8,1,-1.1024525429479744e-7,0.4540275183476473,-8.248289829814245e-8,-0.8909478912747217]}},{"t":3.8333333333333295,"j":false,"c":{"p":[-172.77755299318528,142.56144838636376,451.41044375604065],"r":[-0.8883384425882285,-3.123560518585704e-8,-0.45917576114313335,-2.07820312397642e-8,1,-2.8406080016576602e-8,0.45917576114313335,-1.5913857279433552e-8,-0.8883384425882285]}},{"t":3.8666666666666627,"j":false,"c":{"p":[-172.56835904153937,142.18295493286948,451.81778793409046],"r":[-0.88659976121003,3.641125222608851e-8,-0.46253437992174873,1.618062584193285e-9,1,7.548681244570474e-8,0.46253437992174873,6.612747473622631e-8,-0.88659976121003]}},{"t":3.899999999999996,"j":false,"c":{"p":[-172.3462107413903,141.4619104746972,452.18198969238324],"r":[-0.7940304894434299,1.0966558023259801e-7,-0.5851383401666531,9.716371677459282e-8,1,7.536475849287223e-8,0.5851383401666531,-8.910629208685794e-9,-0.7940304894434299]}},{"t":3.933333333333329,"j":false,"c":{"p":[-172.1224411451494,140.69799418819574,452.54079197909874],"r":[-0.6900933529647432,1.8362170888604183e-7,-0.7226664014609814,2.0186387310991788e-7,1,6.222475724028359e-8,0.7226664014609814,-1.0360794454278937e-7,-0.6900933529647432]}},{"t":3.9666666666666623,"j":false,"c":{"p":[-171.79257968446086,139.56925358296914,452.79542103048425],"r":[-0.5683465026625777,1.474995716729256e-7,-0.8115701088766887,1.916957745045513e-7,1,4.718678879821497e-8,0.8115701088766887,-1.2631021248714604e-7,-0.5683465026625777]}},{"t":3.9999999999999956,"j":false,"c":{"p":[-171.45143716324083,138.58477033999327,453.0349535335035],"r":[-0.45322502238629175,1.0024936495636536e-7,-0.8901907429634296,1.5695078564289446e-7,1,2.9403461545406824e-8,0.8901907429634296,-1.242894862528771e-7,-0.45322502238629175]}},{"t":4.033333333333329,"j":false,"c":{"p":[-171.0685901165611,138.3745207107515,453.21338563733843],"r":[-0.3738096557280388,1.261951537329379e-8,-0.9240668400123068,1.5076527922727836e-8,1,-1.876935766722438e-9,0.9240668400123068,-8.406639024747647e-9,-0.3738096557280388]}},{"t":4.066666666666662,"j":false,"c":{"p":[-170.69262101869987,138.16905326433718,453.3623711373453],"r":[-0.2754946991728023,-4.4118933089806994e-8,-0.9561005642286303,-7.896791871949597e-8,1,-2.1078871355116282e-8,0.9561005642286303,6.837613082759003e-8,-0.2754946991728023]}},{"t":4.099999999999995,"j":false,"c":{"p":[-170.33546871575274,137.97666898499472,453.4307961796103],"r":[-0.12547396282276352,-1.634422584062237e-8,-0.9830938973836034,-4.215885516900364e-8,1,-7.23637129429617e-9,0.9830938973836034,3.8188326092217856e-8,-0.12547396282276352]}},{"t":4.133333333333328,"j":false,"c":{"p":[-169.96258445410768,137.85604974431743,453.4658374669282],"r":[0.0037755362169799717,7.206131730659393e-9,-0.9970930054914348,-7.146705598778335e-9,1,9.185613494996013e-9,0.9970930054914348,6.001275930763046e-9,0.0037755362169799717]}},{"t":4.166666666666662,"j":false,"c":{"p":[-169.56573131418338,137.84477019296295,453.45001597395316],"r":[0.10137841906864817,2.4320359816551772e-8,-0.9912943881876677,2.5127703979987156e-8,1,2.9537646453565824e-8,0.9912943881876677,-2.923178211745558e-8,0.10137841906864817]}},{"t":4.199999999999995,"j":false,"c":{"p":[-169.1776399057068,137.86375980743946,453.399389068284],"r":[0.1884249041317557,3.7581542504808666e-8,-0.9800466195543558,5.233315778193667e-8,1,4.975740883830936e-8,0.9800466195543558,-6.142806225560723e-8,0.1884249041317557]}},{"t":4.233333333333328,"j":false,"c":{"p":[-168.79937922184948,137.91671163994494,453.3097102435397],"r":[0.2636270362550598,4.651958102052085e-8,-0.9626848646103473,7.38512073708767e-8,1,6.982876270422591e-8,0.9626848646103473,-9.021705611229559e-8,0.2636270362550598]}},{"t":4.266666666666661,"j":false,"c":{"p":[-168.40789316629414,137.91477609287935,453.2002168170058],"r":[0.2957077622413635,2.5029664957809347e-8,-0.9552784562110901,4.060754272042936e-8,1,3.877155335558703e-8,0.9552784562110901,-5.0256557446533455e-8,0.2957077622413635]}},{"t":4.2999999999999945,"j":false,"c":{"p":[-168.00656792497193,137.87200637221258,453.07598206203465],"r":[0.2957077622413635,-1.9097520169199168e-8,-0.9552784562110901,-3.3376805187715196e-8,1,-3.0323409709810884e-8,0.9552784562110901,4.085101245115936e-8,0.2957077622413635]}},{"t":4.333333333333328,"j":false,"c":{"p":[-167.6302949547363,137.85478711158666,452.95950290597904],"r":[0.2957077622413635,-2.9756423863481475e-8,-0.9552784562110901,-5.0580501412033716e-8,1,-4.680673929820284e-8,0.9552784562110901,6.21595803125308e-8,0.2957077622413635]}},{"t":4.366666666666661,"j":false,"c":{"p":[-167.27126743295085,137.8551562420487,452.84836253860396],"r":[0.2957077622413635,-1.7376477300684417e-8,-0.9552784562110901,-2.8697609510441087e-8,1,-2.707334386910265e-8,0.9552784562110901,3.542000565900298e-8,0.2957077622413635]}},{"t":4.399999999999994,"j":true,"c":{"p":[-166.9183200677071,137.85110121462634,452.7391008346445],"r":[0.2957077622413635,-5.122716430100472e-10,-0.9552784562110901,7.362040982737349e-10,1,-3.0835950647284277e-10,0.9552784562110901,-6.120953149857645e-10,0.2957077622413635]}},{"t":4.433333333333327,"j":true,"c":{"p":[-166.56809445751176,137.8450657325933,452.63068010601194],"r":[0.2957077622413635,1.8359292665063006e-8,-0.9552784562110901,3.3550154243833696e-8,1,2.9604284385440817e-8,0.9552784562110901,-4.080395438920201e-8,0.2957077622413635]}},{"t":4.466666666666661,"j":false,"c":{"p":[-166.1554475920918,139.24955700800007,452.50292209066623],"r":[0.29648461944246807,4.043884540359406e-8,-0.9550351916050182,7.21640618979849e-8,1,6.479607637230791e-8,0.9550351916050182,-8.815263693827708e-8,0.29648461944246807]}},{"t":4.499999999999994,"j":false,"c":{"p":[-165.70566658003062,140.66701349980465,452.3636654575345],"r":[0.3010105429495923,6.265280270511556e-8,-0.95361794658559,1.1208218427882913e-7,1,1.011383978932175e-7,0.95361794658559,-1.3735363754172078e-7,0.3010105429495923]}},{"t":4.533333333333327,"j":false,"c":{"p":[-165.28169347883295,141.70730492304205,452.2355543256492],"r":[0.28805587908521474,4.417603684851442e-8,-0.9574647023314782,8.364763276869175e-8,1,7.224147063171683e-8,0.9574647023314782,-1.0138008128731292e-7,0.28805587908521474]}},{"t":4.56666666666666,"j":false,"c":{"p":[-164.8645113113521,142.64835146766552,452.1103759518862],"r":[0.270501481798081,1.4992166286056942e-8,-0.9626965946144322,3.7227182275338626e-8,1,2.6177891774218752e-8,0.9626965946144322,-4.2994220021562876e-8,0.270501481798081]}},{"t":4.599999999999993,"j":false,"c":{"p":[-164.57545040102409,143.08584189565872,452.0242365313344],"r":[0.257974107563892,-0.006520051833178186,-0.9660285840157155,0.0002799764858180774,0.9999533650501007,-0.0066551138898954115,0.9660745952763151,0.0013630326277717533,0.2579664886321075]}},{"t":4.633333333333327,"j":false,"c":{"p":[-164.29656486600794,143.4833399555535,451.941197579897],"r":[0.24584597891471938,-0.013557939288164317,-0.9692096833515507,0.0005821521744574245,0.9999030263579152,-0.013838800747913176,0.9693053600817049,0.0028343589198111907,0.24583013595647604]}},{"t":4.66666666666666,"j":false,"c":{"p":[-164.28424619649255,143.78850221374287,451.93676621180197],"r":[0.2504074084486882,-0.006995471276070979,-0.9680776441048407,0.00030035671134595674,0.9999498981603758,-0.007140370132681418,0.9681270758894668,0.0014623564918116682,0.2503992231177466]}},{"t":4.699999999999993,"j":false,"c":{"p":[-164.27774989569554,144.09164766807172,451.93405179503696],"r":[0.25533337226678987,-0.00013594352220739313,-0.9668513970385886,0.000005806116946907797,0.9999988932400189,-0.000138725513829702,0.9668524889969164,0.000028249915329614343,0.2553331914511395]}},{"t":4.733333333333326,"j":false,"c":{"p":[-164.27755120893715,144.39351739228005,451.9339904785156],"r":[0.25544508065126986,0.000010952586960885687,-0.9668235811515844,-4.875473767038424e-7,1,0.000011199607153648588,0.9668235811515844,-0.0000023895083520557377,0.25544508065126986]}},{"t":4.7666666666666595,"j":false,"c":{"p":[-164.27749806804974,144.69535763274257,451.9339904785156],"r":[0.255445525468965