{"v":1,"d":[{"t":0.06261920928955078,"j":false,"c":{"p":[-165.9647674560547,229.47247314453125,653.3089599609375],"r":[-0.9809550642967224,9.613722040668904e-10,0.1942349225282669,1.1068825855886644e-8,1,5.0951953767253144e-8,-0.1942349225282669,5.2131525762888486e-8,-0.9809550642967224]}},{"t":0.03333333333333333,"j":false,"c":{"p":[-165.8443463160103,229.41884833658736,652.9450651925441],"r":[-1.0284474414368443,-2.4540444929781332e-8,0.06087684232019469,-2.0185363723478162e-8,1,6.208555764111638e-8,-0.06087684232019469,4.823020242442717e-8,-1.0284474414368443]}},{"t":0.06666666666666667,"j":false,"c":{"p":[-165.98141027160037,229.47988436640603,653.3592520733206],"r":[-0.9743913756264593,4.485853358141471e-9,0.2126656891661889,1.538831421156693e-8,1,4.941323294495222e-8,-0.2126656891661889,5.267070853995059e-8,-0.9743913756264593]}},{"t":0.1,"j":false,"c":{"p":[-166.11847422719046,229.54092039622472,653.7734389540972],"r":[-0.9203353098160743,3.351215164606428e-8,0.3644545360121831,5.096199214661203e-8,1,3.6740908248788064e-8,-0.3644545360121831,5.7111214655474014e-8,-0.9203353098160743]}},{"t":0.13333333333333333,"j":false,"c":{"p":[-166.28058391745205,229.60276438058656,654.181986985193],"r":[-0.8807398067649123,6.132952190704681e-8,0.47348935712079865,7.63137558134569e-8,1,1.3051990361207883e-8,-0.47348935712079865,4.781170367671434e-8,-0.8807398067649123]}},{"t":0.16666666666666666,"j":false,"c":{"p":[-166.499044560373,229.66642619975374,654.5778480436139],"r":[-0.8736794438548068,8.64268982485765e-8,0.4863309496448103,7.866700837369606e-8,1,-3.542340432729232e-8,-0.4863309496448103,7.598224192967372e-9,-0.8736794438548068]}},{"t":0.19999999999999998,"j":false,"c":{"p":[-166.70856778447154,229.64378888022662,654.9529641288115],"r":[-0.868744362902538,8.328415602355459e-8,0.4952524551928661,6.359311759503396e-8,1,-5.659561969805393e-8,-0.4952524551928661,-1.777125091422599e-8,-0.868744362902538]}},{"t":0.2333333333333333,"j":false,"c":{"p":[-166.9050819241869,229.49553668242373,655.2978843473326],"r":[-0.8669027894692832,3.903580011685507e-8,0.49846797971069084,2.315271073833509e-8,1,-3.802600683705193e-8,-0.49846797971069084,-2.1534162721984475e-8,-0.8669027894692832]}},{"t":0.26666666666666666,"j":false,"c":{"p":[-167.11084832717728,229.32877554478281,655.656445264463],"r":[-0.8660247325897217,-3.532754408684318e-9,0.5000011324882507,-1.039263982331091e-8,1,-1.0935033492983815e-8,-0.5000011324882507,-1.466634108722251e-8,-0.8660247325897217]}},{"t":0.3,"j":false,"c":{"p":[-167.32504635844538,229.14514712873776,656.0274370103217],"r":[-0.8660247325897217,-4.457049853623807e-8,0.5000011324882507,-3.7654495211335054e-8,1,2.392149319492782e-8,-0.5000011324882507,1.889314760882148e-9,-0.8660247325897217]}},{"t":0.3333333333333333,"j":false,"c":{"p":[-167.54107924548782,229.06923951335557,656.4016457536258],"r":[-0.8660247325897217,-4.7494259034561884e-8,0.5000011324882507,-3.3398903312115414e-8,1,3.713988118569216e-8,-0.5000011324882507,1.54645667854445e-8,-0.8660247325897217]}},{"t":0.36666666666666664,"j":false,"c":{"p":[-167.75961209122593,229.14009959278943,656.780237599324],"r":[-0.8660247325897217,1.5116122847260515e-9,0.5000011324882507,1.3798655750105415e-8,1,2.0876686073200612e-8,-0.5000011324882507,2.497907106109773e-8,-0.8660247325897217]}},{"t":0.39999999999999997,"j":false,"c":{"p":[-167.96913959399225,229.234576934029,657.1469481656067],"r":[-0.8714345295540397,4.3520956854167885e-8,0.4899119262655216,5.3475528687570846e-8,1,6.4074208847972575e-9,-0.4899119262655216,3.117080665673057e-8,-0.8714345295540397]}},{"t":0.4333333333333333,"j":false,"c":{"p":[-168.16476317510455,229.36551846756615,657.4953144690824],"r":[-0.8851968560546066,7.472791887308212e-8,0.4642453529939949,8.154073608486809e-8,1,-5.2920818197756864e-9,-0.4642453529939949,3.223230839607443e-8,-0.8851968560546066]}},{"t":0.4666666666666666,"j":false,"c":{"p":[-168.35270492599554,229.50681595863082,657.8453038827354],"r":[-0.8986250893584723,7.719816725219961e-8,0.4382718784718608,7.999802275747957e-8,1,-1.3216899930313625e-8,-0.4382718784718608,2.4374028511359057e-8,-0.8986250893584723]}},{"t":0.49999999999999994,"j":false,"c":{"p":[-168.51577509876816,229.68164309031692,658.2005484648066],"r":[-0.910971624056517,-1.3372877597502997e-8,0.411304745119842,-1.740670417977949e-8,1,-8.920364529030691e-9,-0.411304745119842,-1.236396350828249e-8,-0.910971624056517]}},{"t":0.5333333333333333,"j":false,"c":{"p":[-168.67446508807947,229.85753130327112,658.5546139744026],"r":[-0.9249361927870505,-8.907947837717993e-8,0.3778277872731337,-9.846944101477291e-8,1,-4.239341462528773e-9,-0.3778277872731337,-4.1872091827561485e-8,-0.9249361927870505]}},{"t":0.5666666666666667,"j":false,"c":{"p":[-168.80037798402117,230.04135963108686,658.8998564360716],"r":[-0.951008576869652,-5.3554831545716436e-8,0.29563754443152856,-5.7244392382604947e-8,1,3.3188186493902065e-9,-0.29563754443152856,-1.7278852099617415e-8,-0.951008576869652]}},{"t":0.6,"j":false,"c":{"p":[-168.9247902483765,230.22544438692935,659.2458183238659],"r":[-0.9767584919102462,-1.7563600520236148e-8,0.21195984535226878,-1.5701380316826065e-8,1,1.1033497339509135e-8,-0.21195984535226878,7.099568472747359e-9,-0.9767584919102462]}},{"t":0.6333333333333333,"j":false,"c":{"p":[-168.95500733051657,230.42562522186418,659.6369388472559],"r":[-0.9822669096733249,4.771528749746901e-8,0.03491398541797905,4.5800310373483666e-8,1,2.8572903249311518e-8,-0.03491398541797905,1.7993713699643662e-8,-0.9822669096733249]}},{"t":0.6666666666666666,"j":false,"c":{"p":[-168.98522441265666,230.625806056799,660.0280593706459],"r":[-0.9877753274364036,1.1299417551517419e-7,-0.14213187451631065,1.0730200106379338e-7,1,4.61123091591139e-8,0.14213187451631065,2.8887858926539964e-8,-0.9877753274364036]}},{"t":0.7,"j":false,"c":{"p":[-168.90812997016042,230.80200594478922,660.403867521549],"r":[-0.9253629506298032,1.0186428933719108e-7,-0.33177592543889867,1.0788634600577838e-7,1,1.953711271731219e-8,0.33177592543889867,-1.5504894011803746e-8,-0.9253629506298032]}},{"t":0.7333333333333333,"j":false,"c":{"p":[-168.79932033073231,230.9711988803441,660.7732803708041],"r":[-0.8377365983471701,8.69001086299193e-8,-0.5254471854353969,1.0613171269736924e-7,1,-4.31256505951859e-9,0.5254471854353969,-6.09061447113145e-8,-0.8377365983471701]}},{"t":0.7666666666666666,"j":false,"c":{"p":[-168.51025445610404,231.10070721094476,661.1030899875876],"r":[-0.5978559757728191,8.277895946172422e-8,-0.7425364757041548,1.1835196380242832e-7,1,1.476874435904322e-8,0.7425364757041548,-8.535125438344184e-8,-0.5978559757728191]}},{"t":0.7999999999999999,"j":false,"c":{"p":[-168.19923860773244,231.1997883918699,661.3936077144228],"r":[-0.39554328903573616,6.425501160716796e-8,-0.9173014623591267,1.0625684699727783e-7,1,2.178057038122035e-8,0.9173014623591267,-8.69628778129508e-8,-0.39554328903573616]}},{"t":0.8333333333333333,"j":false,"c":{"p":[-167.81088744730832,231.19166702474024,661.5456901699537],"r":[-0.32559194701431415,-5.013640722329659e-9,-0.9429472169982359,8.492535914525991e-9,1,-1.3731447847423515e-8,0.9429472169982359,-8.126351077622224e-9,-0.32559194701431415]}},{"t":0.8666666666666666,"j":false,"c":{"p":[-167.42192346712017,231.18018894850908,661.68386358559],"r":[-0.2691706418660808,-4.936005876781965e-8,-0.9629461462701223,-5.923577202377568e-8,1,-3.466174548881904e-8,0.9629461462701223,4.750790920063669e-8,-0.2691706418660808]}},{"t":0.8999999999999999,"j":false,"c":{"p":[-167.03142860282716,231.16032548246292,661.7872908501773],"r":[-0.24654870090532433,-3.144828189293839e-8,-0.9688387498254802,-5.1931186960344505e-8,1,-1.9165469483170205e-8,0.9688387498254802,4.518062352691097e-8,-0.24654870090532433]}},{"t":0.9333333333333332,"j":false,"c":{"p":[-166.71563037409058,231.20189579958605,661.8708954791726],"r":[-0.22835256159305573,-1.1734394056665483e-8,-0.9735785126686096,-4.1852393054367524e-8,1,-2.2363820470466777e-9,0.9735785126686096,4.023590537094281e-8,-0.22835256159305573]}},{"t":0.9666666666666666,"j":false,"c":{"p":[-166.7069381782705,231.49604356274318,661.8730017791836],"r":[-0.22835256159305573,1.538865142246126e-8,-0.9735785126686096,-2.036778058950004e-8,1,2.0583533417042433e-8,0.9735785126686096,2.4529935385351165e-8,-0.22835256159305573]}},{"t":0.9999999999999999,"j":false,"c":{"p":[-166.69944763183594,231.7928012098944,661.8748168945312],"r":[-0.23499432568494044,4.273394994249301e-8,-0.9716990784369741,1.4436905960714242e-9,1,4.343051689902046e-8,0.9716990784369741,9.134962426415245e-9,-0.23499432568494044]}},{"t":1.0333333333333332,"j":false,"c":{"p":[-166.69944763183594,232.1058277100755,661.8748168945312],"r":[-0.2830378854559965,7.146467481331404e-8,-0.958104089275333,2.5292653294940762e-8,1,6.644623033445259e-8,0.958104089275333,-4.321393746934705e-9,-0.2830378854559965]}},{"t":1.0666666666666667,"j":false,"c":{"p":[-166.69944763183594,232.41572696449072,661.8748168945312],"r":[-0.3212878497918556,8.561847779103536e-8,-0.9468902370053635,4.071799446328924e-8,1,7.657092396683276e-8,0.9468902370053635,-1.4111487634935349e-8,-0.3212878497918556]}},{"t":1.1,"j":false,"c":{"p":[-166.69944763183594,232.71901847065038,661.8748168945312],"r":[-0.3388443291897478,6.897181370507825e-8,-0.9407076340583911,3.834455208800652e-8,1,5.945739585576797e-8,0.9407076340583911,-1.6154912397943103e-8,-0.3388443291897478]}},{"t":1.1333333333333335,"j":false,"c":{"p":[-166.69944763183594,233.0228343356981,661.8748168945312],"r":[-0.35405533059003313,3.0825774420458064e-8,-0.9351551484581346,2.0571335582871598e-8,1,2.5326422652887116e-8,0.9351551484581346,-1.0908164282603869e-8,-0.35405533059003313]}},{"t":1.166666666666667,"j":false,"c":{"p":[-166.69944763183594,233.32730177556033,661.8748168945312],"r":[-0.36635181213345136,-3.4035653365216334e-8,-0.930385654436155,-1.6337829986172335e-8,1,-2.9950637481463964e-8,0.930385654436155,3.397442468636535e-9,-0.36635181213345136]}},{"t":1.2000000000000004,"j":false,"c":{"p":[-166.69944763183594,233.63042017803164,661.8748168945312],"r":[-0.37361325312583304,-6.630993481952897e-8,-0.9275811412176752,-3.644195528285462e-8,1,-5.680537759784515e-8,0.9275811412176752,1.2513127738904693e-8,-0.37361325312583304]}},{"t":1.2333333333333338,"j":false,"c":{"p":[-166.69944763183594,233.93078401234538,661.8748168945312],"r":[-0.3705937616051167,-3.2045278040621916e-8,-0.9287888767240159,-2.2232258641305423e-8,1,-2.5625241726928645e-8,0.9287888767240159,1.1031632717711556e-8,-0.3705937616051167]}},{"t":1.2666666666666673,"j":false,"c":{"p":[-166.69944763183594,234.23316390901758,661.8748168945312],"r":[-0.36466170254598085,2.449008056982126e-9,-0.9310643017588458,-8.10975490393975e-9,1,5.817850266987574e-9,0.9310643017588458,9.425591946280891e-9,-0.36466170254598085]}},{"t":1.3000000000000007,"j":false,"c":{"p":[-166.69944763183594,234.5445652658009,661.8748168945312],"r":[-0.3456965089912776,3.79708376382053e-8,-0.9381174155650953,5.62257870610942e-9,1,3.843761626838382e-8,0.9381174155650953,7.2622348234574256e-9,-0.3456965089912776]}},{"t":1.3333333333333341,"j":false,"c":{"p":[-166.69944763183594,234.85427911413584,661.8748168945312],"r":[-0.3285255262172343,7.054657958279273e-8,-0.9444938399094656,1.8336761723158224e-8,1,6.831572550251447e-8,0.9444938399094656,5.117525941486307e-9,-0.3285255262172343]}},{"t":1.3666666666666676,"j":false,"c":{"p":[-166.69944763183594,235.15069820210073,661.8748168945312],"r":[-0.3254899407531366,7.991205007953779e-8,-0.9455390765794432,2.3029611177534728e-8,1,7.659413858581516e-8,0.9455390765794432,3.119734186767384e-9,-0.3254899407531366]}},{"t":1.400000000000001,"j":false,"c":{"p":[-166.69944763183594,235.4471172900656,661.8748168945312],"r":[-0.3224543552890389,8.927752057628284e-8,-0.9465843132494208,2.772246063191123e-8,1,8.487255166911585e-8,0.9465843132494208,1.121942432048461e-9,-0.3224543552890389]}},{"t":1.4333333333333345,"j":false,"c":{"p":[-166.69944763183594,235.7510745121686,661.8748168945312],"r":[-0.32226627017607895,-9.249056313770514e-10,-0.9466490780461145,1.0589174718097856e-9,1,-1.3375172764308336e-9,0.9466490780461145,-1.4334783224749276e-9,-0.32226627017607895]}},{"t":1.466666666666668,"j":false,"c":{"p":[-166.69944763183594,236.0555301235589,661.8748168945312],"r":[-0.3222664496448514,-9.771033662059372e-8,-0.9466490182231904,-2.7677776667128674e-8,1,-9.379476176335285e-8,0.9466490182231904,-4.025767128785586e-9,-0.3222664496448514]}},{"t":1.5000000000000013,"j":false,"c":{"p":[-166.69944763183594,236.36087369445383,661.8748168945312],"r":[-0.32226645946502686,-6.132328904995663e-8,-0.9466490149497986,-1.821655820459087e-8,1,-5.857789235416306e-8,0.9466490149497986,-1.6330033187768629e-9,-0.32226645946502686]}},{"t":1.5333333333333348,"j":false,"c":{"p":[-166.69944763183594,236.6662686652323,661.8748168945312],"r":[-0.32226645946502686,-1.7227500428225196e-8,-0.9466490149497986,-6.5442386187472434e-9,1,-1.597055688474518e-8,0.9466490149497986,1.0483222132997935e-9,-0.32226645946502686]}},{"t":1.5666666666666682,"j":false,"c":{"p":[-166.69944763183594,236.97630267750452,661.8748168945312],"r":[-0.3250893922495866,2.739670617236621e-8,-0.9456770052823716,5.443353870995163e-9,1,2.7108624515547312e-8,0.9456770052823716,3.814222884737543e-9,-0.3250893922495866]}},{"t":1.6000000000000016,"j":false,"c":{"p":[-166.69944763183594,237.2872563956685,661.8748168945312],"r":[-0.3284719811436079,7.212567345016389e-8,-0.944512291363605,1.749345029557431e-8,1,7.028135099044549e-8,0.944512291363605,6.5968908677141574e-9,-0.3284719811436079]}},{"t":1.633333333333335,"j":false,"c":{"p":[-166.69944763183594,237.58312456300155,661.8748168945312],"r":[-0.3288660943508148,6.183083973260043e-8,-0.9443765878677368,1.5450626729888155e-8,1,6.009218522932683e-8,0.9443765878677368,5.171072206575442e-9,-0.3288660943508148]}},{"t":1.6666666666666685,"j":false,"c":{"p":[-166.69944763183594,237.8770032830566,661.8748168945312],"r":[-0.3288660943508148,4.427959540454518e-8,-0.9443765878677368,1.1549261727582707e-8,1,4.286577751085964e-8,0.9443765878677368,3.1902481371217678e-9,-0.3288660943508148]}},{"t":1.700000000000002,"j":false,"c":{"p":[-166.69944763183594,238.1709637599186,661.8748168945312],"r":[-0.32886672124513333,-7.791307906480627e-9,-0.944376351303843,-1.5118702203476493e-9,1,-7.72372831382156e-9,0.944376351303843,-1.1123526461585015e-9,-0.32886672124513333]}},{"t":1.7333333333333354,"j":false,"c":{"p":[-166.69944763183594,238.46494229702694,661.8748168945312],"r":[-0.32886748662169285,-6.748767470038698e-8,-0.9443760624824998,-1.659641347688962e-8,1,-6.56832109511417e-8,0.9443760624824998,-5.9278386684100254e-9,-0.32886748662169285]}},{"t":1.7666666666666688,"j":false,"c":{"p":[-166.69944763183594,238.78111042976445,661.8748168945312],"r":[-0.3313620769853805,-4.580757739689956e-8,-0.9434975897332575,-1.1380014879650935e-8,1,-4.4538773278849245e-8,0.9434975897332575,-3.864185257916045e-9,-0.3313620769853805]}},{"t":1.8000000000000023,"j":false,"c":{"p":[-166.69944763183594,239.10446568544745,661.8748168945312],"r":[-0.3346644074758647,2.2300372815246243e-9,-0.9423346766560318,4.1177911690372173e-10,1,2.2271137536766256e-9,0.9423346766560318,4.27594418990747e-10,-0.3346644074758647]}},{"t":1.8333333333333357,"j":false,"c":{"p":[-166.69944763183594,239.40325193185382,661.8748168945312],"r":[-0.3354508578777313,4.648415369359192e-8,-0.942057728767395,1.127918206983642e-8,1,4.5326886431720606e-8,0.942057728767395,4.579302232542595e-9,-0.3354508578777313]}},{"t":1.8666666666666691,"j":false,"c":{"p":[-166.69944763183594,239.69435803988378,661.8748168945312],"r":[-0.3354508578777313,8.955556917110344e-8,-0.942057728767395,2.1857625421305002e-8,1,8.728065174621185e-8,0.942057728767395,8.687224345128765e-9,-0.3354508578777313]}},{"t":1.9000000000000026,"j":false,"c":{"p":[-166.69944763183594,239.99520311887608,661.8748168945312],"r":[-0.3309516988798934,6.190002681462676e-8,-0.9436245055408523,1.546311989230464e-8,1,6.021472160793808e-8,0.9436245055408523,5.718899695717988e-9,-0.3309516988798934]}},{"t":1.933333333333336,"j":false,"c":{"p":[-166.69944763183594,240.30067844330193,661.8748168945312],"r":[-0.3243134832522298,6.184294254450291e-10,-0.9459361824715014,9.990842915942137e-10,1,3.344283369704048e-10,0.9459361824715014,-6.137187156614947e-10,-0.3243134832522298]}},{"t":1.9666666666666694,"j":false,"c":{"p":[-166.69944763183594,240.6035695062984,661.8748168945312],"r":[-0.31999010066210554,-3.0337898007322756e-8,-0.9474150906514672,-6.395859424068717e-9,1,-2.9856915668009156e-8,0.9474150906514672,-3.4391630970358972e-9,-0.31999010066210554]}},{"t":2.0000000000000027,"j":false,"c":{"p":[-166.69944763183594,240.90530881408523,661.8748168945312],"r":[-0.31669839427167906,-4.777884063432406e-8,-0.948522849946827,-1.064024595784807e-8,1,-4.6816470660543673e-8,0.948522849946827,-4.701528018130545e-9,-0.31669839427167906]}},{"t":2.033333333333336,"j":false,"c":{"p":[-166.69944763183594,241.20724276817776,661.8748168945312],"r":[-0.3156485855579376,-2.3957945190953037e-8,-0.948876142501831,-5.835023080673145e-9,1,-2.330770815898267e-8,0.948876142501831,-1.8203307414385842e-9,-0.3156485855579376]}},{"t":2.066666666666669,"j":false,"c":{"p":[-166.69944763183594,241.5092678688868,661.8748168945312],"r":[-0.3156485855579376,1.9184544454396578e-8,-0.948876142501831,3.2078413777287845e-9,1,1.915106833187732e-8,0.948876142501831,3.001163697966976e-9,-0.3156485855579376]}},{"t":2.1000000000000023,"j":false,"c":{"p":[-166.69944763183594,241.8127186381091,661.8748168945312],"r":[-0.3156485855579376,6.243094696802807e-8,-0.948876142501831,1.227248646115592e-8,1,6.1712114557875e-8,0.948876142501831,7.83427271988327e-9,-0.3156485855579376]}},{"t":2.1333333333333355,"j":false,"c":{"p":[-166.69944763183594,242.11686420878843,661.8748168945312],"r":[-0.3156485855579376,1.0572799155702133e-7,-0.948876142501831,2.134774636132511e-8,1,1.043230020760986e-7,0.948876142501831,1.2673042124123034e-8,-0.3156485855579376]}},{"t":2.1666666666666687,"j":false,"c":{"p":[-166.69944763183594,242.4335485897495,661.8748168945312],"r":[-0.3156485855579376,5.618360231721864e-8,-0.948876142501831,1.1498530472889614e-8,1,5.538563688195914e-8,0.948876142501831,6.571717915758989e-9,-0.3156485855579376]}},{"t":2.200000000000002,"j":false,"c":{"p":[-166.69944763183594,242.75619883558463,661.8748168945312],"r":[-0.3156485855579376,-3.753399287177284e-8,-0.948876142501831,-7.3547984717058295e-9,1,-3.710964910871701e-8,0.948876142501831,-4.734814660499351e-9,-0.3156485855579376]}},{"t":2.233333333333335,"j":false,"c":{"p":[-166.69944763183594,243.0563420607514,661.8748168945312],"r":[-0.3156485855579376,-5.68563473897552e-8,-0.948876142501831,-1.1346199274581074e-8,1,-5.614529941266238e-8,0.948876142501831,-6.956046088132935e-9,-0.3156485855579376]}},{"t":2.2666666666666684,"j":false,"c":{"p":[-166.69944763183594,243.34588157204425,661.8748168945312],"r":[-0.3156485855579376,-4.112893422494165e-8,-0.948876142501831,-8.335712268674874e-9,1,-4.05719728296483e-8,0.948876142501831,-4.8969271638436996e-9,-0.3156485855579376]}},{"t":2.3000000000000016,"j":false,"c":{"p":[-166.69944763183594,243.64592493468416,661.8748168945312],"r":[-0.3156485855579376,-4.7324905347687485e-9,-0.948876142501831,-1.197114968433543e-9,1,-4.589242615541814e-9,0.948876142501831,-3.126740610566614e-10,-0.3156485855579376]}},{"t":2.333333333333335,"j":false,"c":{"p":[-166.69944763183594,243.9501479563271,661.8748168945312],"r":[-0.3156485855579376,3.988850781301088e-8,-0.948876142501831,7.584126804500006e-9,1,3.9514732351052104e-8,0.948876142501831,5.276372374604172e-9,-0.3156485855579376]}},{"t":2.366666666666668,"j":false,"c":{"p":[-166.69944763183594,244.25742171441934,661.8748168945312],"r":[-0.3156485855579376,6.568250192046934e-8,-0.948876142501831,1.269580378097776e-8,1,6.499803778302414e-8,0.948876142501831,8.469793107880281e-9,-0.3156485855579376]}},{"t":2.4000000000000012,"j":false,"c":{"p":[-166.69944763183594,244.56587526468257,661.8748168945312],"r":[-0.3156485855579376,8.419564677249996e-8,-0.948876142501831,1.6388372981466427e-8,1,8.328028848604658e-8,0.948876142501831,1.0736768540095896e-8,-0.3156485855579376]}},{"t":2.4333333333333345,"j":false,"c":{"p":[-166.69944763183594,244.85920493638562,661.8748168945312],"r":[-0.3274529477560927,2.0726473535488623e-8,-0.9447191846511694,3.1213268881400302e-9,1,2.064582327673541e-8,0.9447191846511694,2.28872484405732e-9,-0.3274529477560927]}},{"t":2.4666666666666677,"j":false,"c":{"p":[-166.69944763183594,245.14760692930432,661.8748168945312],"r":[-0.34310342025825735,-6.945426895497562e-8,-0.9392078022111587,-1.5671519755746948e-8,1,-6.835301551014087e-8,0.9392078022111587,-9.650498196112185e-9,-0.34310342025825735]}},{"t":2.500000000000001,"j":false,"c":{"p":[-166.69944763183594,245.4559554780503,661.8748168945312],"r":[-0.3574801526939276,-7.010717981143609e-8,-0.9338267375029146,-1.5549662986953478e-8,1,-6.902880977915072e-8,0.9338267375029146,-9.590312046619744e-9,-0.3574801526939276]}},{"t":2.533333333333334,"j":false,"c":{"p":[-166.69944763183594,245.7750149907543,661.8748168945312],"r":[-0.3711729082033415,-2.2685155517307162e-8,-0.92851565121802,-5.270929598221061e-9,1,-2.2276619252800943e-8,0.92851565121802,-3.0866456060299656e-9,-0.3711729082033415]}},{"t":2.5666666666666673,"j":false,"c":{"p":[-166.69944763183594,246.08509944007696,661.8748168945312],"r":[-0.3867901355672783,3.01167019727041e-8,-0.92201225072841,7.409131476970505e-9,1,2.9707044444363175e-8,0.92201225072841,5.547521501818844e-9,-0.3867901355672783]}},{"t":2.6000000000000005,"j":false,"c":{"p":[-166.69944763183594,246.39217833853954,661.8748168945312],"r":[-0.40305182612794244,8.472014699496711e-8,-0.915109570497676,2.089334425413063e-8,1,8.344261317216327e-8,0.915109570497676,1.489514631362132e-8,-0.40305182612794244]}},{"t":2.6333333333333337,"j":false,"c":{"p":[-166.69944763183594,246.68427066628735,661.8748168945312],"r":[-0.4199973649769676,6.162824647178858e-8,-0.9073618430899133,1.5181654665563946e-8,1,6.074120242120176e-8,0.9073618430899133,1.1019943957948382e-8,-0.4199973649769676]}},{"t":2.666666666666667,"j":false,"c":{"p":[-166.69944763183594,246.97197337073618,661.8748168945312],"r":[-0.4371432055785879,1.5779085096885378e-8,-0.8993665981647929,3.847412601629397e-9,1,1.5651111003407698e-8,0.8993665981647929,3.2717254655299872e-9,-0.4371432055785879]}},{"t":2.7,"j":false,"c":{"p":[-166.69944763183594,247.27788452967218,661.8748168945312],"r":[-0.4439074492312741,-2.3243667499891683e-8,-0.8960457813241567,-6.528517314886025e-9,1,-2.2767482202765033e-8,0.8960457813241567,-4.535198380263076e-9,-0.4439074492312741]}},{"t":2.7333333333333334,"j":false,"c":{"p":[-166.69944763183594,247.58520191334605,661.8748168945312],"r":[-0.44986993024899696,-6.173922187117323e-8,-0.8930859669185407,-1.683043753171733e-8,1,-6.067084080566681e-8,0.8930859669185407,-1.2346655994708464e-8,-0.44986993024899696]}},{"t":2.7666666666666666,"j":false,"c":{"p":[-166.69944763183594,247.89659152818967,661.8748168945312],"r":[-0.4608359910434128,-2.1668792660564467e-8,-0.887379669947427,-5.148470893255947e-9,1,-2.1572355886663316e-8,0.887379669947427,-4.5958564765125366e-9,-0.4608359910434128]}},{"t":2.8,"j":false,"c":{"p":[-166.69944763183594,248.20881062477193,661.8748168945312],"r":[-0.4728212420261416,3.4404914837884676e-8,-0.8811139358916552,1.1011442092391992e-8,1,3.321080418533901e-8,0.8811139358916552,6.324853482898742e-9,-0.4728212420261416]}},{"t":2.833333333333333,"j":false,"c":{"p":[-166.69944763183594,248.51135417536736,661.8748168945312],"r":[-0.4756236672401428,5.515539037410159e-8,-0.8796488642692566,1.6982261101872345e-8,1,5.351933769880897e-8,0.8796488642692566,1.051663655413147e-8,-0.4756236672401428]}},{"t":2.8666666666666663,"j":false,"c":{"p":[-166.69944763183594,248.81094493183215,661.8748168945312],"r":[-0.4756236672401428,6.512588179822875e-8,-0.8796488642692566,1.984356082112706e-8,1,6.330686546261929e-8,0.8796488642692566,1.2654878063155623e-8,-0.4756236672401428]}},{"t":2.8999999999999995,"j":false,"c":{"p":[-166.59370369938125,248.93971157230206,661.9326984720674],"r":[-0.47140998125311273,6.194988819620294e-9,-0.8818909224164316,2.4204847620391235e-9,1,5.849169116964443e-9,0.8818909224164316,1.1512788136954865e-9,-0.47140998125311273]}},{"t":2.9333333333333327,"j":false,"c":{"p":[-166.4510217741144,249.00880670422967,662.0107989808023],"r":[-0.4657243895114109,-7.680422451304491e-8,-0.8849161661876169,-2.2088237814128608e-8,1,-7.509832515040951e-8,0.8849161661876169,-1.511762662576904e-8,-0.4657243895114109]}},{"t":2.966666666666666,"j":false,"c":{"p":[-166.2571124863163,249.25184722756586,662.1618631592678],"r":[-0.4439316716455634,-7.071147162337362e-8,-0.8954655119298318,-1.5891913513243163e-8,1,-7.111201355605634e-8,0.8954655119298318,-1.8992943572107058e-8,-0.4439316716455634]}},{"t":2.999999999999999,"j":false,"c":{"p":[-166.03745085737927,249.58233127400683,662.3496066673106],"r":[-0.4140417926880491,-1.9831585578136374e-8,-0.9097972745513823,5.740045237538368e-9,1,-2.442890410402537e-8,0.9097972745513823,-1.6637919875477168e-8,-0.4140417926880491]}},{"t":3.0333333333333323,"j":true,"c":{"p":[-165.946920667921,249.82890106022282,662.492538814694],"r":[-0.3947596458560784,2.9387086456701125e-8,-0.9187814988382175,2.459239683287078e-8,1,2.141712743645186e-8,0.9187814988382175,-1.4163555736944916e-8,-0.3947596458560784]}},{"t":3.0666666666666655,"j":true,"c":{"p":[-166.03273367343152,249.8862438182675,662.6579999015464],"r":[-0.37460634112358093,1.0730177907000682e-7,-0.9271839261054993,5.0215315170076216e-8,1,9.54403974520338e-8,0.9271839261054993,-1.0806256455505308e-8,-0.37460634112358093]}},{"t":3.0999999999999988,"j":true,"c":{"p":[-166.21020577120206,250.54464034677596,662.8324044107255],"r":[-0.3681241571903229,4.86880077248378e-8,-0.9297766089439392,1.5735761179332177e-8,1,4.613505057829332e-8,0.9297766089439392,2.3526838554991072e-9,-0.3681241571903229]}},{"t":3.133333333333332,"j":false,"c":{"p":[-166.3020187899528,252.00135389554436,662.9979479950093],"r":[-0.34330843921989446,-9.766066583939796e-9,-0.9391708637006332,-9.52605959838748e-9,1,-6.863989684954411e-9,0.9391708637006332,6.779073699743213e-9,-0.34330843921989446]}},{"t":3.166666666666665,"j":false,"c":{"p":[-166.1619923414843,253.3456521630169,663.1790743006964],"r":[-0.30254566568683605,-5.51797947134391e-8,-0.9521274482429495,7.781048260146457e-9,1,-5.8613633609240667e-8,0.9521274482429495,-2.4007456932754727e-8,-0.30254566568683605]}},{"t":3.1999999999999984,"j":false,"c":{"p":[-165.93988093496668,254.28651055615856,663.3191649430447],"r":[-0.2584149830337797,-8.425752787622921e-8,-0.9652256751151456,3.972942645219404e-8,1,-9.647508842884373e-8,0.9652256751151456,-6.235587075208946e-8,-0.2584149830337797]}},{"t":3.2333333333333316,"j":false,"c":{"p":[-165.60690959194233,255.00265587083896,663.4251026190342],"r":[-0.1865602259306609,-6.002324036919432e-8,-0.9784261296197128,7.902654699006055e-8,1,-7.349364115509724e-8,0.9784261296197128,-9.753836847140967e-8,-0.1865602259306609]}},{"t":3.266666666666665,"j":false,"c":{"p":[-165.18179683589742,255.53203055199697,663.5026540025692],"r":[-0.09166256013563681,8.52141813646489e-9,-0.991711550783952,1.244315864479999e-7,1,5.7481222246195045e-11,0.991711550783952,-1.3008950997538455e-7,-0.09166256013563681]}},{"t":3.299999999999998,"j":false,"c":{"p":[-164.7599734200789,255.87775834251605,663.5415805793891],"r":[-0.01055254594687242,4.304095605700471e-8,-0.9987731417506055,1.5397907274758678e-7,1,4.1781608350545866e-8,0.9987731417506055,-1.533193306073171e-7,-0.01055254594687242]}},{"t":3.3333333333333313,"j":false,"c":{"p":[-164.34252816815427,255.97904921544898,663.5290969272479],"r":[0.052205885769353505,3.227252004350658e-8,-0.9975507162344075,1.6241990485335535e-7,1,4.1143501151663794e-8,0.9975507162344075,-1.641423256520251e-7,0.052205885769353505]}},{"t":3.3666666666666645,"j":false,"c":{"p":[-163.93219219987841,255.89759952141307,663.4892622509429],"r":[0.1575888848599579,8.343660540195298e-9,-0.9792387433704203,1.5144513930975232e-7,1,2.9637011728123964e-8,0.9792387433704203,-1.514178527426021e-7,0.1575888848599579]}},{"t":3.3999999999999977,"j":false,"c":{"p":[-163.52630484533572,255.70180044479716,663.4323127501742],"r":[0.2896440840145439,-2.3820295994458882e-8,-0.9502330355563605,1.2832111955044334e-7,1,1.1329663482445298e-8,0.9502330355563605,-1.2395861969458573e-7,0.2896440840145439]}},{"t":3.433333333333331,"j":false,"c":{"p":[-163.17566521831387,255.56906435360116,663.3442284981282],"r":[0.34853458283624933,-2.38193492603103e-8,-0.9372959057767843,7.23901889050426e-8,1,1.503766560645054e-9,0.9372959057767843,-6.837569012019669e-8,0.34853458283624933]}},{"t":3.466666666666664,"j":false,"c":{"p":[-162.86947736344962,255.4870681133503,663.2310935348212],"r":[0.34855749134939557,2.0611587831516333e-9,-0.9372873940913358,-9.936855994159627e-9,1,-1.498038968933866e-9,0.9372873940913358,9.835286005935544e-9,0.34855749134939557]}},{"t":3.4999999999999973,"j":false,"c":{"p":[-162.69528499683184,255.57242951698294,663.1667373258483],"r":[0.34857049584388733,1.583908171577439e-8,-0.9372825622558594,-5.259266881646032e-8,1,-2.6599990755519313e-9,0.9372825622558594,5.0221389719157976e-8,0.34857049584388733]}},{"t":3.5333333333333306,"j":false,"c":{"p":[-162.69440960989067,255.87754026014997,663.1664301725357],"r":[0.34857049584388733,1.3725677410206687e-8,-0.9372825622558594,-4.315807904273847e-8,1,-1.4061459144927907e-9,0.9372825622558594,4.0941457643215564e-8,0.34857049584388733]}},{"t":3.5666666666666638,"j":false,"c":{"p":[-162.58674449717583,256.03943652825075,663.1292167690312],"r":[0.32639837922872117,7.1855031728673065e-9,-0.9442308630286382,-1.7781454162692094e-8,1,-2.0737882452110347e-10,0.9442308630286382,1.6406074021987333e-8,0.32639837922872117]}},{"t":3.599999999999997,"j":false,"c":{"p":[-162.34600306957583,256.0228656784526,663.0460125388234],"r":[0.27659641759826537,-4.871102772644337e-9,-0.9598378082061728,2.7461382268612233e-8,1,9.22742604187623e-10,0.9598378082061728,-2.7139933129255612e-8,0.27659641759826537]}},{"t":3.63333333333333,"j":false,"c":{"p":[-162.14812083228156,256.1139810488093,662.9829385524807],"r":[0.17794273744659111,-1.054012880768684e-8,-0.9760189465937816,6.741477958253545e-8,1,-1.7194768548474246e-9,0.9760189465937816,-6.654950359906923e-8,0.17794273744659111]}},{"t":3.6666666666666634,"j":false,"c":{"p":[-162.00486260114425,256.34234242663354,662.9455205469669],"r":[0.01702757838587088,-8.06818899927018e-9,-0.9929318938004235,1.0062679067676067e-7,1,-9.169541968646405e-9,0.9929318938004235,-1.0068718859595818e-7,0.01702757838587088]}},{"t":3.6999999999999966,"j":false,"c":{"p":[-161.95242309570312,256.63020028821546,662.9318237304688],"r":[-0.05439143261789739,-6.529459418220475e-9,-0.9983353997914669,4.8045195708559376e-8,1,-7.250143786150914e-9,0.9983353997914669,-4.8342766309744434e-8,-0.05439143261789739]}},{"t":3.73333333333333,"j":false,"c":{"p":[-161.95242309570312,256.95241192606784,662.9318237304688],"r":[-0.07413460576974248,-5.52957336773795e-9,-0.9970932564340598,-5.4074357840746914e-8,1,7.926227456910745e-11,0.9970932564340598,5.393716102424316e-8,-0.07413460576974248]}},{"t":3.766666666666663,"j":false,"c":{"p":[-161.84203575493743,257.1798236346353,662.9410684846807],"r":[-0.08367942273616791,-2.858468206721724e-9,-0.9964927434921265,-8.146270388274875e-8,1,3.9722152800847995e-9,0.9964927434921265,8.150938468854997e-8,-0.08367942273616791]}},{"t":3.7999999999999963,"j":false,"c":{"p":[-161.62833500327858,257.31851045881893,662.95896556337],"r":[-0.08367942273616791,1.3767596649370133e-9,-0.9964927434921265,-3.890882743629135e-8,1,4.648932763984522e-9,0.9964927434921265,3.9161383510297264e-8,-0.08367942273616791]}},{"t":3.8333333333333295,"j":false,"c":{"p":[-161.5317255074635,257.55171592366787,662.9670488893247],"r":[-0.08367942273616791,5.7697686848902545e-9,-0.9964927434921265,5.230441310270974e-9,1,5.350855320216365e-9,0.9964927434921265,-4.764339569750456e-9,-0.08367942273616791]}},{"t":3.8666666666666627,"j":false,"c":{"p":[-161.5300720267208,257.86157197530014,662.9671736803241],"r":[-0.08367942273616791,1.029073148745193e-8,-0.9964927434921265,5.065539560234644e-8,1,6.073218115226254e-9,0.9964927434921265,-4.996952782939008e-8,-0.08367942273616791]}},{"t":3.899999999999996,"j":false,"c":{"p":[-161.4478024659883,258.07421399007893,662.9740603935588],"r":[-0.08367942273616791,1.0514950394209128e-8,-0.9964927434921265,6.42976478179444e-8,1,5.152632406984937e-9,0.9964927434921265,-6.364096710936834e-8,-0.08367942273616791]}},{"t":3.933333333333329,"j":false,"c":{"p":[-161.31084125027536,258.2209039446296,662.9855345379602],"r":[-0.08367942273616791,7.824167297419175e-9,-0.9964927434921265,5.6377842234021564e-8,1,3.1174356595847715e-9,0.9964927434921265,-5.5919243640032806e-8,-0.08367942273616791]}},{"t":3.9666666666666623,"j":false,"c":{"p":[-161.1157882452142,258.33046127552,663.0018705122512],"r":[-0.08367942273616791,-4.36840314325039e-11,-0.9964927434921265,8.350256415228482e-9,1,-7.450421547826057e-10,0.9964927434921265,-8.383314943407288e-9,-0.08367942273616791]}},{"t":3.9999999999999956,"j":false,"c":{"p":[-160.8795381046495,258.4136851478322,663.021654365614],"r":[-0.08367942273616791,-1.1582972991318468e-8,-0.9964927434921265,-6.812068905248959e-8,1,-5.903378584686948e-9,0.9964927434921265,6.738777789803794e-8,-0.08367942273616791]}},{"t":4.033333333333329,"j":false,"c":{"p":[-160.78315406800866,258.6203264700889,663.0297241210938],"r":[-0.08367942273616791,-1.0751963050884916e-8,-0.9964927434921265,-6.829673877106122e-8,1,-5.0546600397691775e-9,0.9964927434921265,6.763423064623531e-8,-0.08367942273616791]}},{"t":4.066666666666662,"j":false,"c":{"p":[-160.78312275693065,258.91198916171635,663.0297241210938],"r":[-0.08367942273616791,-1.3991455985911343e-9,-0.9964927434921265,-1.5913798529020397e-8,1,-6.772570709269615e-11,0.9964927434921265,1.5852316863971856e-8,-0.08367942273616791]}},{"t":4.099999999999995,"j":false,"c":{"p":[-160.70294067751365,259.1407785713327,663.0364345281031],"r":[-0.08367942273616791,8.45860962903008e-9,-0.9964927434921265,3.929728262383443e-8,1,5.188433345545485e-9,0.9964927434921265,-3.8725292640348866e-8,-0.08367942273616791]}},{"t":4.133333333333328,"j":false,"c":{"p":[-160.5782171541759,259.33462799443555,663.0468740474303],"r":[-0.08367942273616791,1.8596969248465823e-8,-0.9964927434921265,9.608002032334026e-8,1,1.059420615753709e-8,0.9964927434921265,-9.485652822716592e-8,-0.08367942273616791]}},{"t":4.166666666666662,"j":false,"c":{"p":[-160.35923388038034,259.44537416142373,663.065241639556],"r":[-0.08367942273616791,1.0955798183694276e-8,-0.9964927434921265,5.835370800797932e-8,1,6.094168020266404e-9,0.9964927434921265,-5.763909294130731e-8,-0.08367942273616791]}},{"t":4.199999999999995,"j":false,"c":{"p":[-160.1055583206474,259.52553418841626,663.0865271575952],"r":[-0.08367942273616791,-3.2291262788389043e-9,-0.9964927434921265,-1.4156644906571493e-8,1,-2.0517022375560927e-9,0.9964927434921265,1.3935305587804569e-8,-0.08367942273616791]}},{"t":4.233333333333328,"j":false,"c":{"p":[-160.04269204341566,259.77330619445064,663.091796875],"r":[-0.08629330960928054,-7.988508067015932e-9,-0.9962640432669406,-3.8209527222415825e-8,1,-4.682523600448747e-9,0.9962640432669406,3.7657722343524425e-8,-0.08629330960928054]}},{"t":4.266666666666661,"j":false,"c":{"p":[-160.04260820335008,260.0762279730986,663.091796875],"r":[-0.08976724996731572,-9.646580878223768e-9,-0.9959600932565797,-4.631833143463472e-8,1,-5.498715160348302e-9,0.9959600932565797,4.563528644016658e-8,-0.08976724996731572]}},{"t":4.2999999999999945,"j":false,"c":{"p":[-159.9147413116366,260.28610779009415,663.1033971340396],"r":[-0.09063397833194073,-1.5846829800066679e-9,-0.9958842622851474,-6.572204920160789e-9,1,-9.93089920040356e-10,0.9958842622851474,6.455142674470981e-9,-0.09063397833194073]}},{"t":4.333333333333328,"j":false,"c":{"p":[-159.74438010109316,260.46504645541097,663.118855065124],"r":[-0.09063367702184442,9.709596122268342e-9,-0.9958842924161571,4.9088103151718966e-8,1,5.282308204433828e-9,0.9958842924161571,-4.8407320830405466e-8,-0.09063367702184442]}},{"t":4.366666666666661,"j":false,"c":{"p":[-159.67063374750475,260.72637213018834,663.1255531066461],"r":[-0.10134281613586663,1.2020072202060902e-8,-0.9947587088841084,5.583456639496552e-8,1,6.496468101390807e-9,0.9947587088841084,-5.489785537237883e-8,-0.10134281613586663]}},{"t":4.399999999999994,"j":false,"c":{"p":[-159.62537953665196,261.01199409341547,663.129667818527],"r":[-0.11521021594394194,1.1681185584515584e-8,-0.9933011769730653,4.8156123443358195e-8,1,6.2180467686872846e-9,0.9933011769730653,-4.712329707205826e-8,-0.11521021594394194]}},{"t":4.433333333333327,"j":true,"c":{"p":[-159.60359703578902,261.2667821579172,663.1320497653808],"r":[-0.12111817001015623,-2.1779045025713e-11,-0.9926322326922604,-9.680087705594138e-9,1,1.3948457832495578e-9,0.9926322326922604,9.72861919728578e-9,-0.12111817001015623]}},{"t":4.466666666666661,"j":true,"c":{"p":[-159.58883549848477,261.512347047822,663.133913399759],"r":[-0.12464525883368849,-1.5124017849097953e-8,-0.99219917429353,-8.251971628140359e-8,1,-4.787810151913531e-9,0.99219917429353,8.126077572212683e-8,-0.12464525883368849]}},{"t":4.499999999999994,"j":true,"c":{"p":[-159.4340270371194,262.9060917627006,663.1534247830814],"r":[-0.12533304126668132,-2.704757107354794e-8,-0.9921147227287292,-1.3803010529745037e-7,1,-9.825313515477189e-9,0.9921147227287292,1.357102650435572e-7,-0.12533304126668132]}},{"t":4.533333333333327,"j":true,"c":{"p":[-159.16778689815655,264.109220654449,663.1871210065744],"r":[-0.12533477517283909,-1.823547246591889e-8,-0.9921145082742331,-8.949734433255332e-8,1,-7.0741249959700905e-9,0.9921145082742331,8.79049824867492e-8,-0.12533477517283909]}},{"t":4.56666666666666,"j":true,"c":{"p":[-158.70992326701662,265.34989983673216,663.2436637599408],"r":[-0.10958935679348562,-5.723410731453916e-9,-0.9939717843524003,-2.78628755211945e-8,1,-2.6521793931899664e-9,0.9939717843524003,2.739735080165496e-8,-0.10958935679348562]}},{"t":4.599999999999993,"j":false,"c":{"p":[-158.1967492070642,266.34893467744206,663.2957486801781],"r":[-0.09063678176403422,1.1344498914732261e-8,-0.9958350727962267,5.338218566293898e-8,1,6.970775513099503e-9,0.9958350727962267,-5.262458917115697e-8,-0.09063678176403422]}},{"t":4.633333333333327,"j":false,"c":{"p":[-157.74988801814953,266.95401648874633,663.3308946088434],"r":[-0.06946414967483476,1.7631525072735096e-8,-0.9973389686547564,8.615475922355288e-8,1,1.1760913968835095e-8,0.9973389686547564,-8.514854725137831e-8,-0.06946414967483476]}},{"t":4.66666666666666,"j":false,"c":{"p":[-157.34068913010304,267.36288323483825,663.3573793194828],"r":[-0.04670773670640637,1.751265779600893e-8,-0.9987064311534025,9.011227663340343e-8,1,1.3389288570832339e-8,0.9987064311534025,-8.940332195390795e-8,-0.04670773670640637]}},{"t":4.699999999999993,"j":false,"c":{"p":[-156.91468223931923,267.5472759170428,663.3701033606831],"r":[-0.011341395823160138,1.854347561568718e-8,-0.9990391115184254,1.024564716512757e-7,1,1.8165864407174884e-8,0.9990391115184254,-1.0243415318156728e-7,-0.011341395823160138]}},{"t":4.733333333333326,"j":false,"c":{"p":[-156.47352665724796,267.5293549544311,663.3704252065422],"r":[0.03539000182048456,2.061047988032253e-8,-0.9984391650070128,1.2235939878008455e-7,1,2.5779846290815012e-8,0.9984391650070128,-1.2337465536169574e-7,0.03539000182048456]}},{"t":4.7666666666666595,"j":false,"c":{"p":[-156.0355770623635,267.3950448401494,663.3533297928983],"r":[0.0735565491858489,2.047618366167745e-8,-0.9970192729792821,1.266997318028277e-7,1,2.9576908948877126e-8,0.9970192729792821,-1.2850426700297485e-7,0.0735565491858489]}},{"t":4.799999999999993,"j":false,"c":{"p":[-155.60170928287747,267.112549781946,663.3140589824436],"r":[0.100818456041562