{"v":1,"d":[{"t":0.0684959888458252,"c":{"r":[0.4694705307483673,-9.121127853006783e-9,0.8829481601715088,-1.0367804748057097e-7,1,6.545675290681174e-8,-0.8829481601715088,-1.2227235401951475e-7,0.4694705307483673],"p":[130.8839874267578,650.8338623046875,612.8247680664062]},"j":false},{"t":0.04,"j":false,"c":{"p":[131.0902349077647,650.8332932033978,612.9344494058605],"r":[0.4694705307483673,-1.4906490197353163e-8,0.8829481601715088,-1.6941433038303636e-7,1,1.0696158112432905e-7,-0.8829481601715088,-1.9979937733861475e-7,0.4694705307483673]}},{"t":0.08,"j":false,"c":{"p":[130.8007240125678,650.8340920544821,612.7804890150874],"r":[0.4694705307483673,-6.785540437514995e-9,0.8829481601715088,-7.713989378337986e-8,1,4.8700990916949076e-8,-0.8829481601715088,-9.097420374867197e-8,0.4694705307483673]}},{"t":0.12,"j":false,"c":{"p":[130.51121311737091,650.8348909055662,612.6265286243141],"r":[0.4694705307483673,1.3354093223231726e-9,0.8829481601715088,1.513454281627664e-8,1,-9.559599290430897e-9,-0.8829481601715088,1.7850969841270806e-8,0.4694705307483673]}},{"t":0.16,"j":false,"c":{"p":[130.1057990607359,650.8372407867528,612.4108054720551],"r":[0.4694705307483673,3.7253280202495e-9,0.8829481601715088,4.2313189396352035e-8,1,-2.6717450746605305e-8,-0.8829481601715088,4.990340978457755e-8,0.4694705307483673]}},{"t":0.2,"j":false,"c":{"p":[129.62525563302614,650.8405960582552,612.155047195916],"r":[0.4694705307483673,2.4003458134152563e-9,0.8829481601715088,2.7296215916539873e-8,1,-1.723217294288465e-8,-0.8829481601715088,3.2191139921951385e-8,0.4694705307483673]}},{"t":0.24000000000000002,"j":false,"c":{"p":[129.17797805311878,650.8302784965001,611.9170609819831],"r":[0.4694705307483673,-1.6060056914619656e-9,0.8829481601715088,-1.8181727021474455e-8,1,1.148628130176388e-8,-0.8829481601715088,-2.144599144199291e-8,0.4694705307483673]}},{"t":0.28,"j":false,"c":{"p":[128.73025811804263,650.8122534708588,611.678869486223],"r":[0.4694705307483673,-4.829452661490865e-9,0.8829481601715088,-5.4779143173841687e-8,1,3.4596195390465314e-8,-0.8829481601715088,-6.460903413369994e-8,0.4694705307483673]}},{"t":0.32,"j":false,"c":{"p":[128.26772972638852,650.7672539248347,611.4328967610963],"r":[0.4694705307483673,-3.727831642984313e-9,0.8829481601715088,-4.229915211268964e-8,1,2.6712823312842767e-8,-0.8829481601715088,-4.9888839694067296e-8,0.4694705307483673]}},{"t":0.36,"j":false,"c":{"p":[127.82342734973193,650.781094921105,611.1909249208168],"r":[0.4793249031671596,2.2670145341015392e-10,0.877485804137043,1.9023718861088753e-9,1,-2.542959611417394e-9,-0.877485804137043,2.9775504312608867e-9,0.4793249031671596]}},{"t":0.39999999999999997,"j":false,"c":{"p":[127.3939487885206,650.8427928592133,610.9522071313321],"r":[0.4971941596999719,6.501601461060666e-9,0.867580734883999,7.190405845329817e-8,1,-4.9181624863765933e-8,-0.867580734883999,8.686949193807948e-8,0.4971941596999719]}},{"t":0.43999999999999995,"j":false,"c":{"p":[126.95918261395572,650.9764599664646,610.7026202077409],"r":[0.4999990731866656,2.9857024961383633e-9,0.8660259562497438,3.314122834900799e-8,1,-2.258164944361887e-8,-0.8660259562497438,3.9991966605969886e-8,0.4999990731866656]}},{"t":0.4799999999999999,"j":false,"c":{"p":[126.5227964603627,651.1238796701635,610.4497561119073],"r":[0.5027843905547454,-1.8754704947359778e-9,0.8643655732573184,-2.2489937473677693e-8,1,1.5523556258094603e-8,-0.8643655732573184,-2.7262424857988543e-8,0.5027843905547454]}},{"t":0.5199999999999999,"j":false,"c":{"p":[126.08369474614373,651.2728012015714,610.191535745701],"r":[0.5174745827108065,-4.694387399261233e-9,0.8556084550141738,-6.365644976770397e-8,1,4.4515341616635444e-8,-0.8556084550141738,-7.753503521275948e-8,0.5174745827108065]}},{"t":0.5599999999999999,"j":false,"c":{"p":[125.65765037269341,651.4188649415682,609.9347451493867],"r":[0.5181179289533698,-2.9326715398012974e-9,0.855252759290452,-3.708962619629369e-8,1,2.6790885305630628e-8,-0.855252759290452,-4.564592623545874e-8,0.5181179289533698]}},{"t":0.6,"j":false,"c":{"p":[125.24200017044559,651.562653764052,609.6790927077167],"r":[0.5075794178892243,2.4754132096383747e-9,0.861584935588967,4.3395671402578505e-8,1,-2.81215882635848e-8,-0.861584935588967,5.1647233395111367e-8,0.5075794178892243]}},{"t":0.64,"j":false,"c":{"p":[124.79191417739571,651.6862642708252,609.4617315436457],"r":[0.33459308783015274,-2.4938998723871066e-8,0.9253362256712832,9.012806335014687e-8,1,-1.6979704734191981e-9,-0.9253362256712832,9.169793411926416e-8,0.33459308783015274]}},{"t":0.68,"j":false,"c":{"p":[124.32678780552783,651.7980773708792,609.2775528090444],"r":[0.16370079539809584,-4.884990128371119e-8,0.9862849417465362,9.975749877768061e-8,1,3.1547471725858094e-8,-0.9862849417465362,9.305113245860268e-8,0.16370079539809584]}},{"t":0.7200000000000001,"j":false,"c":{"p":[123.82174437659175,651.873442493012,609.2097750233884],"r":[0.1241248568012936,-3.274964327351663e-8,0.9917939643295831,-2.758147804297742e-8,1,3.3481591417083735e-8,-0.9917939643295831,-3.187812791133908e-8,0.1241248568012936]}},{"t":0.7600000000000001,"j":false,"c":{"p":[123.30788074578876,651.9663786328354,609.1488874691022],"r":[0.10043670890738393,-4.393517987645139e-9,0.9949231329339954,-7.720412890887143e-8,1,1.2363406252395549e-8,-0.9949231329339954,-7.825741652988925e-8,0.10043670890738393]}},{"t":0.8000000000000002,"j":false,"c":{"p":[122.78536313495432,652.0765546542984,609.0947602957671],"r":[0.09233693705761208,3.598750562505991e-8,0.9957172972925162,-5.057506319524843e-8,1,-3.1372649672175274e-8,-0.9957172972925162,-4.7567053312318146e-8,0.09233693705761208]}},{"t":0.8400000000000002,"j":false,"c":{"p":[122.289160107932,652.1838746947138,609.0597994061483],"r":[0.04601375829547122,7.360595326428822e-8,0.9977544607351705,-2.3493100931075423e-8,1,-7.147845771546567e-8,-0.9977544607351705,-2.1741486553517074e-8,0.04601375829547122]}},{"t":0.8800000000000002,"j":false,"c":{"p":[121.79823525890716,652.2885115136323,609.0334431967806],"r":[-0.0096996316189495,1.0329852422725584e-7,0.9998521912600701,2.4305492349278285e-9,1,-1.032431920772544e-7,-0.9998521912600701,1.7930203013238333e-9,-0.0096996316189495]}},{"t":0.9200000000000003,"j":false,"c":{"p":[121.28116363387187,652.3641289467994,609.0599023354579],"r":[-0.05344844060242278,2.4455382961188132e-8,0.9978655119458916,9.047538547049952e-9,1,-2.369392193315598e-8,-0.9978655119458916,1.030645315104752e-8,-0.05344844060242278]}},{"t":0.9600000000000003,"j":false,"c":{"p":[120.76204373504362,652.4375484563453,609.0917837185367],"r":[-0.08367922136934476,-3.335467406364625e-8,0.9964927161180342,9.642928104806683e-9,1,3.428182712203718e-8,-0.9964927161180342,1.2477779310838518e-8,-0.08367922136934476]}},{"t":1.0000000000000002,"j":false,"c":{"p":[120.23834303963334,652.506052489725,609.135791507132],"r":[-0.08367803917184824,-4.412596081650355e-8,0.9964928204295781,-3.228497012200511e-9,1,4.401016315782796e-8,-0.9964928204295781,4.655032843521825e-10,-0.08367803917184824]}},{"t":1.0400000000000003,"j":false,"c":{"p":[119.73940231985739,652.5943732705293,609.1777129447413],"r":[-0.09074141577920154,-2.724052882803227e-8,0.9958251352125377,-1.7227698149098482e-8,1,2.5634083894655065e-8,-0.9958251352125377,-1.5125993633735695e-8,-0.09074141577920154]}},{"t":1.0800000000000003,"j":false,"c":{"p":[119.25733224221591,652.6961965385334,609.2182128106425],"r":[-0.1026183529972122,8.489291837888645e-9,0.99470243992908,-3.19953291875585e-8,1,-1.1891429920011246e-8,-0.99470243992908,-3.31562552612103e-8,-0.1026183529972122]}},{"t":1.1200000000000003,"j":false,"c":{"p":[118.72805451390008,652.7830780553917,609.2836070646183],"r":[-0.1321095217231233,4.637500291010923e-8,0.9908418030046572,-4.605195229700928e-8,1,-5.340381716936743e-8,-0.9908418030046572,-5.362724335527777e-8,-0.1321095217231233]}},{"t":1.1600000000000004,"j":false,"c":{"p":[118.19237936112536,652.866801856263,609.3559926922366],"r":[-0.15988241543649417,7.075721977042369e-8,0.9871360659599304,-5.132462368946093e-8,1,-7.999213751633257e-8,-0.9871360659599304,-6.345372305070652e-8,-0.15988241543649417]}},{"t":1.2000000000000004,"j":false,"c":{"p":[117.67118911347707,652.9489377399608,609.440451827649],"r":[-0.15988234562724796,1.9310274061006317e-8,0.9871360659599304,-9.479789232124408e-9,1,-2.1097320512026602e-8,-0.9871360659599304,-1.2730932841912145e-8,-0.15988234562724796]}},{"t":1.2400000000000004,"j":false,"c":{"p":[117.18597274590618,653.0711552230061,609.5143173447143],"r":[-0.12308648559380274,-1.9296411033450166e-8,0.9903553242068411,1.767477905129364e-8,1,2.114326050178041e-8,-0.9903553242068411,1.908708916026786e-8,-0.12308648559380274]}},{"t":1.2800000000000005,"j":false,"c":{"p":[116.74518399534351,653.2428733420982,609.5750997798976],"r":[-0.04084795237423573,-4.20454188448527e-8,0.9975503552126661,2.6686919608849496e-8,1,4.281591788439258e-8,-0.9975503552126661,2.7557788057328606e-8,-0.04084795237423573]}},{"t":1.3200000000000005,"j":false,"c":{"p":[116.32035278935908,653.4641546177576,609.5809927145261],"r":[0.09962913045310551,-5.004795107072829e-8,0.9865503872514066,5.804347210325167e-8,1,4.050619924629423e-8,-0.9865503872514066,5.41101928884681e-8,0.09962913045310551]}},{"t":1.3600000000000005,"j":false,"c":{"p":[115.90002019831383,653.7124869717601,609.5453888162959],"r":[0.25294130240742974,-4.5783673428981596e-8,0.9671038237999944,9.068243500629023e-8,1,2.3845951263508547e-8,-0.9671038237999944,8.218248630694284e-8,0.25294130240742974]}},{"t":1.4000000000000006,"j":false,"c":{"p":[115.45902277387087,653.9797428297064,609.4155061623494],"r":[0.3080671967925793,-9.084083604287857e-9,0.9501405994883689,6.250722327626205e-8,1,-9.985013569497408e-9,-0.9501405994883689,6.410593190729738e-8,0.3080671967925793]}},{"t":1.4400000000000006,"j":false,"c":{"p":[115.01615627699056,654.24194814386,609.2668216138354],"r":[0.3566589357660804,3.050740942276046e-8,0.9337781888489353,2.932623431947885e-8,1,-4.3293598171871655e-8,-0.9337781888489353,4.3770003915166886e-8,0.3566589357660804]}},{"t":1.4800000000000006,"j":false,"c":{"p":[114.57029262834048,654.4960546567239,609.0879872806203],"r":[0.3947728275120531,7.473621485548759e-8,0.9183792131866086,-1.188177048444448e-8,1,-7.576451977016699e-8,-0.9183792131866086,1.9811056597575143e-8,0.3947728275120531]}},{"t":1.5200000000000007,"j":false,"c":{"p":[114.14924196427707,654.7520588447103,608.9032219426814],"r":[0.4311934605062079,6.397340804740212e-8,0.9016170329081719,-2.261718897359467e-8,1,-5.968690962125155e-8,-0.9016170329081719,4.298039144546741e-9,0.4311934605062079]}},{"t":1.5600000000000007,"j":false,"c":{"p":[113.7395408730872,655.0089310379952,608.7157437359988],"r":[0.4668395891866878,2.805718576118999e-8,0.8842313165904466,-1.9414306819511357e-8,1,-2.1402978542099454e-8,-0.8842313165904466,-7.351771278795559e-9,0.4668395891866878]}},{"t":1.6000000000000008,"j":false,"c":{"p":[113.35233901390684,655.2855426683662,608.4904242515305],"r":[0.526609732181616,-2.4806486308864483e-8,0.8477960394507171,9.38098034688219e-9,1,2.3267470709524034e-8,-0.8477960394507171,-7.25974749856111e-9,0.526609732181616]}},{"t":1.6400000000000008,"j":false,"c":{"p":[112.97501033785288,655.5589644523673,608.2539734546727],"r":[0.5831852165037009,-5.963680081466362e-8,0.8119818342442479,3.1171093337020515e-8,1,5.080921314456117e-8,-0.8119818342442479,-3.7067648236081963e-9,0.5831852165037009]}},{"t":1.6800000000000008,"j":false,"c":{"p":[112.63158788603106,655.8123984985112,607.9834681754829],"r":[0.6182863066444108,-1.3124663887409931e-8,0.7851451632554374,1.5005451138158703e-8,1,4.3369331764422994e-9,-0.7851451632554374,1.0442436756687029e-8,0.6182863066444108]}},{"t":1.7200000000000009,"j":false,"c":{"p":[112.26709178563529,656.0381338864486,607.6861564138369],"r":[0.6416275824445917,3.444254541058811e-8,0.7669609163556953,-2.1215911664737373e-9,1,-4.3294806838754566e-8,-0.7669609163556953,2.6497745935965618e-8,0.6416275824445917]}},{"t":1.760000000000001,"j":false,"c":{"p":[111.87733696017186,656.2306698599641,607.3567145932687],"r":[0.6508736285444322,8.327435693660528e-8,0.7591474033356425,-2.0400960789579747e-8,1,-9.231626740724352e-8,-0.7591474033356425,4.483770210568528e-8,0.6508736285444322]}},{"t":1.800000000000001,"j":false,"c":{"p":[111.48821743903329,656.3410006330823,607.0227892966099],"r":[0.6534199037198019,4.701997282706092e-8,0.7569956522164846,-1.3635303151012645e-8,1,-5.0344269895414e-8,-0.7569956522164846,2.2574079090089398e-8,0.6534199037198019]}},{"t":1.840000000000001,"j":false,"c":{"p":[111.09905534388878,656.4183054681654,606.6869205563343],"r":[0.6532811198006473,-1.9101241871303794e-8,0.7571146271421332,2.1700850477518715e-9,1,2.3354436662570994e-8,-0.7571146271421332,-1.3609318369285204e-8,0.6532811198006473]}},{"t":1.880000000000001,"j":false,"c":{"p":[110.70401801415805,656.4586980990565,606.3460968982577],"r":[0.6502699564335563,-3.4135390962862816e-8,0.7596954743661894,8.077786404573246e-9,1,3.799903982130843e-8,-0.7596954743661894,-1.8528635468498568e-8,0.6502699564335563]}},{"t":1.920000000000001,"j":false,"c":{"p":[110.31200364502648,656.4959330614623,606.0091219858824],"r":[0.6472301471637589,-3.090659222722405e-8,0.7622901766430709,9.75369497942362e-9,1,3.232755908891484e-8,-0.7622901766430709,-1.3569467288440603e-8,0.6472301471637589]}},{"t":1.960000000000001,"j":false,"c":{"p":[109.92754562306985,656.5252749539604,605.6817675954273],"r":[0.6441187331280733,1.797320647844884e-8,0.764919511719766,8.515975285846214e-10,1,-2.4127045697748068e-8,-0.764919511719766,1.608246875444888e-8,0.6441187331280733]}},{"t":2.000000000000001,"j":false,"c":{"p":[109.52762791561123,656.5490320019104,605.3552739123826],"r":[0.604030089020944,4.975050775153614e-8,0.7939973227804263,-4.815962182209449e-9,1,-5.8444410244594755e-8,-0.7939973227804263,3.055971707728533e-8,0.604030089020944]}},{"t":2.040000000000001,"j":false,"c":{"p":[109.11612875569585,656.5686052253185,605.0294250187774],"r":[0.5362403618613824,6.871566217455645e-8,0.8428887171848507,-8.060403709188993e-9,1,-7.61779060362652e-8,-0.8428887171848507,3.3669015880492076e-8,0.5362403618613824]}},{"t":2.080000000000001,"j":false,"c":{"p":[108.66640612774293,656.5874051350706,604.7907940992733],"r":[0.3988105769111613,-7.805885313990392e-9,0.904857713329404,3.377045576295372e-8,1,-4.493425118533452e-9,-0.904857713329404,4.629847881175975e-8,0.3988105769111613]}},{"t":2.120000000000001,"j":false,"c":{"p":[108.20716091530305,656.6060825104754,604.5733587278853],"r":[0.24729125730589527,-1.0220298154600223e-7,0.9688377616413172,8.340003608286832e-8,1,8.405227519259897e-8,-0.9688377616413172,5.97989826687417e-8,0.24729125730589527]}},{"t":2.160000000000001,"j":false,"c":{"p":[107.68596036408937,656.6274993120678,604.466941910004],"r":[0.1685187868782485,-1.4670079375400006e-8,0.9830094914163034,1.0728434272974831e-8,1,9.16423979529981e-9,-0.9830094914163034,3.2758202988373907e-9,0.1685187868782485]}},{"t":2.200000000000001,"j":false,"c":{"p":[107.1626555878863,656.6484277394942,604.3728276062925],"r":[0.0961826270565562,5.172336868521075e-8,0.9950762706242716,-4.385400482720963e-8,1,-4.7454174771144e-8,-0.9950762706242716,-3.876571933461828e-8,0.0961826270565562]}},{"t":2.240000000000001,"j":false,"c":{"p":[106.63024088799807,656.6672418248687,604.3319751760914],"r":[0.051711500076081496,2.659674894869356e-8,0.9980299848684647,-2.0122151184925717e-8,1,-2.4977030466111473e-8,-0.9980299848684647,-1.8111264655440064e-8,0.051711500076081496]}},{"t":2.280000000000001,"j":false,"c":{"p":[106.10674411072023,656.6862532476367,604.3054803142372],"r":[0.02248793600519651,-1.1744514700233648e-8,0.9997049876384076,1.492795588218811e-8,1,1.175224036219222e-8,-0.9997049876384076,1.504840757474911e-8,0.02248793600519651]}},{"t":2.320000000000001,"j":false,"c":{"p":[105.59350723124987,656.7054917032665,604.2955035576008],"r":[0.010806398715642044,-6.528897106866415e-8,0.9999088575420757,6.299949502166155e-8,1,6.487830762574089e-8,-0.9999088575420757,6.259509119075335e-8,0.010806398715642044]}},{"t":2.360000000000001,"j":false,"c":{"p":[105.0746744508168,656.7253105677611,604.2905610485359],"r":[0.0016583300153023431,-3.950094471701376e-8,0.9999756217002869,3.6768576684814425e-8,1,3.907830023574441e-8,-0.9999756217002869,3.6329668059258235e-8,0.0016583300153023431]}},{"t":2.4000000000000012,"j":false,"c":{"p":[104.55311672537165,656.7454120645343,604.2880699852524],"r":[-0.006256056630725978,2.491833235247816e-8,0.9999756217002869,-2.564420266661221e-8,1,-2.5155055936167895e-8,-0.9999756217002869,-2.5878837955901133e-8,-0.006256056630725978]}},{"t":2.4400000000000013,"j":false,"c":{"p":[104.02101259532805,656.7609652063209,604.2911172123596],"r":[-0.006981036625802517,2.8014153162223357e-8,0.9999756217002869,-2.7521153133106057e-8,1,-2.8206967356395497e-8,-0.9999756217002869,-2.771739790064316e-8,-0.006981036625802517]}},{"t":2.4800000000000013,"j":false,"c":{"p":[103.49627225247905,656.7737393002672,604.2946657883367],"r":[-0.006981036625802517,1.6152675409036116e-8,0.9999756217002869,-1.475225370684755e-8,1,-1.6256057575809217e-8,-0.9999756217002869,-1.4865378427062264e-8,-0.006981036625802517]}},{"t":2.5200000000000014,"j":false,"c":{"p":[103.00945790592237,656.7760707496551,604.2979572462962],"r":[-0.006981036625802517,-3.5192615702603264e-8,0.9999756217002869,3.6456261485039825e-8,1,3.544798219468507e-8,-0.9999756217002869,3.6702837376896944e-8,-0.006981036625802517]}},{"t":2.5600000000000014,"j":false,"c":{"p":[102.5062196556033,656.7757939226739,604.3013598129314],"r":[-0.006981036625802517,-4.8080851189278824e-8,0.9999756217002869,4.877929033995446e-8,1,4.842256134126614e-8,-0.9999756217002869,4.911614206884296e-8,-0.006981036625802517]}},{"t":2.6000000000000014,"j":false,"c":{"p":[101.97851213289444,656.7716311361868,604.3049279156346],"r":[-0.006981036625802517,-3.673562846157138e-9,0.9999756217002869,3.168494754939076e-9,1,3.6957720905180987e-9,-0.9999756217002869,3.1942178615782384e-9,-0.006981036625802517]}},{"t":2.6400000000000015,"j":false,"c":{"p":[101.45194116497834,656.76759182464,604.3084883335047],"r":[-0.006981036625802517,2.1969540618786996e-8,0.9999756217002869,-2.2900850565235918e-8,1,-2.2129951699065173e-8,-0.9999756217002869,-2.3054783772899076e-8,-0.006981036625802517]}},{"t":2.6800000000000015,"j":false,"c":{"p":[100.92596397814869,656.7636170212759,604.3120447365146],"r":[-0.006981036625802517,3.7809493233426524e-8,0.9999756217002869,-3.8760970916478475e-8,1,-3.808101281876772e-8,-0.9999756217002869,-3.902587411522713e-8,-0.006981036625802517]}},{"t":2.7200000000000015,"j":false,"c":{"p":[100.40893129392227,656.7600198831219,604.3155406611298],"r":[-0.006981036625802517,-9.511285398143688e-9,0.9999756217002869,1.0315603248081624e-8,1,9.583531951892279e-9,-0.9999756217002869,1.0382254883346767e-8,-0.006981036625802517]}},{"t":2.7600000000000016,"j":false,"c":{"p":[99.89255083850142,656.7561068933214,604.3190321756896],"r":[-0.006981036625802517,-5.264771815651814e-8,0.9999756217002869,5.4955408155392544e-8,1,5.3032654963048805e-8,-0.9999756217002869,5.532429457491425e-8,-0.006981036625802517]}},{"t":2.8000000000000016,"j":false,"c":{"p":[99.37421569320915,656.7496471926302,604.3225369069157],"r":[-0.006981036625802517,-1.8904155009309e-8,0.9999756217002869,1.9586401299887568e-8,1,1.904135188590405e-8,-0.9999756217002869,1.9718853411772642e-8,-0.006981036625802517]}},{"t":2.8400000000000016,"j":false,"c":{"p":[98.85251564822093,656.7423341422776,604.3260643899639],"r":[-0.006981036625802517,1.2355482799562038e-8,0.9999756217002869,-1.3119696542646663e-8,1,-1.2447374848468015e-8,-0.9999756217002869,-1.3206272919431869e-8,-0.006981036625802517]}},{"t":2.8800000000000017,"j":false,"c":{"p":[98.32445455384118,656.7334079088185,604.3296348833476],"r":[-0.006981036625802517,3.8919476402173466e-8,0.9999756217002869,-4.07917971528331e-8,1,-3.9205199279421737e-8,-0.9999756217002869,-4.10644978356535e-8,-0.006981036625802517]}},{"t":2.9200000000000017,"j":false,"c":{"p":[97.80780647690155,656.7246745986013,604.3331282074345],"r":[-0.006981036625802517,1.6011022038444996e-8,0.9999756217002869,-1.6658939943718086e-8,1,-1.6127710821675372e-8,-0.9999756217002869,-1.6771124001827048e-8,-0.006981036625802517]}},{"t":2.9600000000000017,"j":false,"c":{"p":[97.29869284488235,656.7160686490531,604.3365705872537],"r":[-0.006981036625802517,-3.9557282030925284e-8,0.9999756217002869,4.167360226050094e-8,1,3.984917711769714e-8,-0.9999756217002869,4.195077413393763e-8,-0.006981036625802517]}},{"t":3.0000000000000018,"j":false,"c":{"p":[96.78219529886583,656.7085109487092,604.3400628935235],"r":[-0.006981036625802517,-3.0198297870122115e-8,0.9999756217002869,3.175233855501004e-8,1,3.0420702589806276e-8,-0.9999756217002869,3.196393237805791e-8,-0.006981036625802517]}},{"t":3.040000000000002,"j":false,"c":{"p":[96.26403301728949,656.7012415104513,604.3435664559288],"r":[-0.006981036625802517,-3.868173881200438e-9,0.9999756217002869,3.9914991667592684e-9,1,3.896133389431262e-9,-0.9999756217002869,4.018601197007599e-9,-0.006981036625802517]}},{"t":3.080000000000002,"j":false,"c":{"p":[95.75984465113221,656.6948578456146,604.3469755334856],"r":[-0.006981036625802517,2.8506628874474577e-8,0.9999756217002869,-3.006446975160213e-8,1,-2.8717209680977527e-8,-0.9999756217002869,-3.026421232048388e-8,-0.006981036625802517]}},{"t":3.120000000000002,"j":false,"c":{"p":[95.24733530189484,656.6884163536195,604.3504408735001],"r":[-0.006981036625802517,4.3539642965651206e-8,0.9999756217002869,-4.585185618822206e-8,1,-4.386080466353374e-8,-0.9999756217002869,-4.6156931818828407e-8,-0.006981036625802517]}},{"t":3.160000000000002,"j":false,"c":{"p":[94.69971710564938,656.6817308706395,604.3541436025353],"r":[-0.006981036625802517,-1.4597808404598272e-8,0.9999756217002869,1.54416577003923e-8,1,1.4705966903288437e-8,-0.9999756217002869,1.55439444354422e-8,-0.006981036625802517]}},{"t":3.200000000000002,"j":false,"c":{"p":[94.16850396906479,656.6754417996326,604.3577354085018],"r":[-0.006981036625802517,-3.97460940132851e-8,0.9999756217002869,4.193958080661738e-8,1,4.003985286596252e-8,-0.9999756217002869,4.221807821410823e-8,-0.006981036625802517]}},{"t":3.240000000000002,"j":false,"c":{"p":[93.66076753643407,656.6697200198593,604.3611684763657],"r":[-0.006981036625802517,-1.7684744650692398e-8,0.9999756217002869,1.8642757621907322e-8,1,1.7815324961677224e-8,-0.9999756217002869,1.876667264273114e-8,-0.006981036625802517]}},{"t":3.280000000000002,"j":false,"c":{"p":[93.1381033056079,656.6638300158494,604.3647024787716],"r":[-0.006981036625802517,1.0604391934451114e-8,0.9999756217002869,-1.1210181018390499e-8,1,-1.0682910690152474e-8,-0.9999756217002869,-1.1284485596695258e-8,-0.006981036625802517]}},{"t":3.320000000000002,"j":false,"c":{"p":[92.60540085641561,656.6578268892209,604.3683043547487],"r":[-0.006981036625802517,4.308141257718247e-8,0.9999756217002869,-4.5471788486798276e-8,1,-4.339990971956998e-8,-0.9999756217002869,-4.577365656758843e-8,-0.006981036625802517]}},{"t":3.360000000000002,"j":false,"c":{"p":[92.0780474719159,656.633877644727,604.3718746202414],"r":[-0.006981036625802517,8.489675782281286e-9,0.9999756217002869,-8.94537845749743e-9,1,-8.552331979087745e-9,-0.9999756217002869,-9.004864416516775e-9,-0.006981036625802517]}},{"t":3.400000000000002,"j":false,"c":{"p":[91.5523115499609,656.6045018116353,604.3754353272828],"r":[-0.006981036625802517,-4.638246689868226e-8,0.9999756217002869,4.898607591093843e-8,1,4.672557864310584e-8,-0.9999756217002869,4.931107531771015e-8,-0.006981036625802517]}},{"t":3.440000000000002,"j":false,"c":{"p":[91.04978288163367,656.5509905127653,604.3788529415787],"r":[-0.006981036625802517,-2.7024687556173124e-8,0.9999756217002869,2.8536168554163026e-8,1,2.722456282203505e-8,-0.9999756217002869,2.8725528903062506e-8,-0.006981036625802517]}},{"t":3.480000000000002,"j":false,"c":{"p":[90.54658950809663,656.4942830349975,604.3822769305407],"r":[-0.006981036625802517,-6.667097154172044e-10,0.9999756217002869,6.952507425748408e-10,1,6.715797438919004e-10,-0.9999756217002869,6.999220644771675e-10,-0.006981036625802517]}},{"t":3.5200000000000022,"j":false,"c":{"p":[90.01460440294112,656.4272184731891,604.3859020419898],"r":[-0.006981036625802517,2.8209015825836675e-8,0.9999756217002869,-2.979710720911107e-8,1,-2.8417723555788845e-8,-0.9999756217002869,-2.9994766778916956e-8,-0.006981036625802517]}},{"t":3.5600000000000023,"j":false,"c":{"p":[89.48941851460843,656.3610110528541,604.3894808214674],"r":[-0.006981036625802517,3.4334948609976575e-8,0.9999756217002869,-3.626161463333707e-8,1,-3.4588935951442274e-8,-0.9999756217002869,-3.650219830617689e-8,-0.006981036625802517]}},{"t":3.6000000000000023,"j":false,"c":{"p":[88.98265257376296,656.2971257383352,604.3929340817116],"r":[-0.006981036625802517,-2.117121519169324e-8,0.9999756217002869,2.236839639666447e-8,1,2.1327889431520364e-8,-0.9999756217002869,2.2516741987583933e-8,-0.006981036625802517]}},{"t":3.6400000000000023,"j":false,"c":{"p":[88.46931946494004,656.2325621071736,604.3964319672476],"r":[-0.006981036625802517,-4.059618095320081e-8,0.9999756217002869,4.288451051874452e-8,1,4.089655601757599e-8,-0.9999756217002869,4.316896644084944e-8,-0.006981036625802517]}},{"t":3.6800000000000024,"j":false,"c":{"p":[87.94848477421382,656.167223644628,604.3999808276153],"r":[-0.006981036625802517,-1.880611107131254e-8,0.9999756217002869,1.9863666200027874e-8,1,1.8945241512127968e-8,-0.9999756217002869,1.999544100837349e-8,-0.006981036625802517]}},{"t":3.7200000000000024,"j":false,"c":{"p":[87.4237112256269,656.1022060840676,604.403555904346],"r":[-0.006981036625802517,3.944364413419177e-8,0.9999756217002869,-4.167086116039559e-8,1,-3.973551833298751e-8,-0.9999756217002869,-4.194724061685465e-8,-0.006981036625802517]}},{"t":3.7600000000000025,"j":false,"c":{"p":[86.90419295008121,656.0381363355643,604.407094910611],"r":[-0.006981036625802517,5.6498338919211446e-8,0.9999756217002869,-5.968589130885203e-8,1,-5.691639527364004e-8,-0.9999756217002869,-6.00817731810482e-8,-0.006981036625802517]}},{"t":3.8000000000000025,"j":false,"c":{"p":[86.39368528128274,655.9755453570143,604.4105721871971],"r":[-0.006981036625802517,2.1283492942593514e-9,0.9999756217002869,-2.246550110120016e-9,1,-2.1440847639228648e-9,-0.9999756217002869,-2.2614647339441344e-9,-0.006981036625802517]}},{"t":3.8400000000000025,"j":false,"c":{"p":[85.87905661858298,655.912449122507,604.4132066048624],"r":[-0.004767406403040075,-2.498869183925613e-8,0.9999833519484811,2.6437805028187154e-8,1,2.5089758478794066e-8,-0.9999833519484811,2.6533497713809865e-8,-0.004767406403040075]}},{"t":3.8800000000000026,"j":false,"c":{"p":[85.3616000021334,655.849006165701,604.4152626266107],"r":[-0.001034714507517541,-3.3403914982871e-8,0.9999963869325937,3.53895974394495e-8,1,3.3425851897850537e-8,-0.9999963869325937,3.541036806432524e-8,-0.001034714507517541]}},{"t":3.9200000000000026,"j":false,"c":{"p":[84.85178839963011,655.7967240495351,604.4158325195312],"r":[-7.82310962677002e-8,1.0265026015816416e-8,1,-1.0316911268915326e-8,1,-1.0265026723909523e-8,-1,-1.0316911977008433e-8,-7.82310962677002e-8]}},{"t":3.9600000000000026,"j":false,"c":{"p":[84.34490846714378,655.7487218342429,604.4158325195312],"r":[-7.82310962677002e-8,7.390693023557208e-8,1,-7.698349980126889e-8,1,-7.39069368383839e-8,-1,-7.69835064040807e-8,-7.82310962677002e-8]}},{"t":4.000000000000003,"j":false,"c":{"p":[83.8303419943429,655.7456916517243,604.4158325195312],"r":[-7.82310962677002e-8,2.9785793350158176e-8,1,-3.122592633656457e-8,1,-2.97857959070614e-8,-1,-3.122592980317263e-8,-7.82310962677002e-8]}},{"t":4.040000000000003,"j":false,"c":{"p":[83.31160064395866,655.7497541870371,604.4158325195312],"r":[-7.82310962677002e-8,-1.8683617518725793e-8,1,1.9114968196724185e-8,1,1.8683619422441557e-8,-1,1.9114968196724185e-8,-7.82310962677002e-8]}},{"t":4.080000000000003,"j":false,"c":{"p":[82.76941591862,655.7734798747292,604.4158325195312],"r":[-7.82310962677002e-8,-2.8537028623937305e-8,1,2.9487979436815125e-8,1,2.853703151833943e-8,-1,2.9487979436815125e-8,-7.82310962677002e-8]}},{"t":4.120000000000003,"j":false,"c":{"p":[82.24165575825512,655.802405279437,604.4158325195312],"r":[-7.82310962677002e-8,-1.5301550058870394e-8,1,1.595467604920773e-8,1,1.530155154505393e-8,-1,1.595467467152097e-8,-7.82310962677002e-8]}},{"t":4.160000000000003,"j":false,"c":{"p":[81.7424653261893,655.8416294004417,604.4158325195312],"r":[-7.82310962677002e-8,4.366447953540405e-8,1,-4.492819488428096e-8,1,-4.366448420878258e-8,-1,-4.492820036834243e-8,-7.82310962677002e-8]}},{"t":4.200000000000003,"j":false,"c":{"p":[81.24122460091394,655.8818288788801,604.4158325195312],"r":[-7.82310962677002e-8,4.203369182111068e-8,1,-4.333754373561882e-8,1,-4.203369626855445e-8,-1,-4.33375481830626e-8,-7.82310962677002e-8]}},{"t":4.240000000000003,"j":false,"c":{"p":[80.73864614377148,655.9226647378688,604.4158325195312],"r":[-7.82310962677002e-8,8.659768130395116e-10,1,-9.854927304170145e-10,1,-8.659768682749006e-10,-1,-9.854927856523903e-10,-7.82310962677002e-8]}},{"t":4.280000000000003,"j":false,"c":{"p":[80.210404760016,655.9657897172328,604.414798378314],"r":[0.003584193252694397,-3.046072277298894e-8,0.9999874833168249,3.13084195412585e-8,1,3.0255861362897755e-8,-0.9999874833168249,3.110944446679179e-8,0.003584193252694397]}},{"t":4.320000000000003,"j":false,"c":{"p":[79.67925258073109,656.0098886547643,604.4132431220459],"r":[0.0069808801636099815,-4.563145956902286e-8,0.9999756217002869,4.7044969671170275e-8,1,4.5304148375600946e-8,-0.9999756217002869,4.6727559549750755e-8,0.0069808801636099815]}},{"t":4.360000000000003,"j":false,"c":{"p":[79.1500990085038,656.0575575291643,604.4096494596743],"r":[0.0069808801636099815,1.7349029701290928e-8,0.9999756217002869,-1.7329822654266777e-8,1,-1.7228470882252893e-8,-0.9999756217002869,-1.720913058730951e-8,0.0069808801636099815]}},{"t":4.400000000000003,"j":false,"c":{"p":[78.62529717582206,656.1068413966889,604.4060845355282],"r":[0.0069808801636099815,4.113919266661366e-8,0.9999756217002869,-4.180082097616988e-8,1,-4.084838012895513e-8,-0.9999756217002869,-4.1514644464036145e-8,0.0069808801636099815]}},{"t":4.440000000000003,"j":false,"c":{"p":[78.10631857137817,656.1582863479522,604.4025580670948],"r":[0.0069808801636099815,1.2487289096719086e-8,0.9999756217002869,-1.2875034493185389e-8,1,-1.239771176450488e-8,-0.9999756217002869,-1.2788173709171321e-8,0.0069808801636099815]}},{"t":4.480000000000003,"j":false,"c":{"p":[77.57869692016341,656.2110340616657,604.3980573942956],"r":[0.009665716983070494,-2.5652236168281266e-8,0.9999475174334117,2.583111619390732e-8,1,2.5280829515809754e-8,-0.9999475174334117,2.5463505825434494e-8,0.009665716983070494]}},{"t":4.520000000000003,"j":false,"c":{"p":[77.0466683168919,656.2644460332285,604.3930599901879],"r":[0.013719509386970566,-6.862934880858243e-8,0.9999050832479335,6.952411900475667e-8,1,6.76645164009174e-8,-0.9999050832479335,6.857193779186941e-8,0.013719509386970566]}},{"t":4.560000000000003,"j":false,"c":{"p":[76.54222878438702,656.3007643127388,604.386362810654],"r":[0.013961857184767723,-1.0731274427203853e-8,0.9999025464057922,1.1167748018164433e-8,1,1.057638572539246e-8,-0.9999025464057922,1.1018994616554084e-8,0.013961857184767723]}},{"t":4.600000000000003,"j":false,"c":{"p":[76.0347946945191,656.3302577968384,604.3794948655294],"r":[0.013961857184767723,3.6753091797081056e-8,0.9999025464057922,-3.6767807959173754e-8,1,-3.624327584584404e-8,-0.9999025464057922,-3.6258200417390636e-8,0.013961857184767723]}},{"t":4.640000000000003,"j":false,"c":{"p":[75.510346236133,656.3391930120464,604.372402321162],"r":[0.013961857184767723,2.3945424123374954e-8,0.9999025464057922,-2.4118369470405415e-8,1,-2.361098743608826e-8,-0.9999025464057922,-2.3786366280999587e-8,0.013961857184767723]}},{"t":4.680000000000003,"j":false,"c":{"p":[74.99617866278916,656.3504096490724,604.3654452419513],"r":[0.013961857184767723,-7.821021996807504e-9,0.9999025464057922,7.588617126964624e-9,1,7.715823071210329e-9,-0.9999025464057922,7.480149519834283e-9,0.013961857184767723]}},{"t":4.720000000000003,"j":false,"c":{"p":[74.49395081287493,656.3642758192291,604.3586454854321],"r":[0.013961857184767723,-6.16052778954302e-8,0.9999025464057922,6.142811981883299e-8,1,6.075354879409587e-8,-0.9999025464057922,6.057390102060071e-8,0.013961857184767723]}},{"t":4.760000000000003,"j":false,"c":{"p":[73.96924585762208,656.3886035011144,604.3515384676579],"r":[0.013961857184767723,-4.089793440789112e-8,0.9999025464057922,4.087200267765318e-8,1,4.033121616743952e-8,-0.9999025464057922,4.030492127041512e-8,0.013961857184767723]}},{"t":4.800000000000003,"j":false,"c":{"p":[73.43142780517665,656.4190344075038,604.344252194297],"r":[0.013961857184767723,2.326765550712347e-8,0.9999025464057922,-2.3086366616404937e-8,1,-2.294756395984837e-8,-0.9999025464057922,-2.2763725550535522e-8,0.013961857184767723]}},{"t":4.840000000000003,"j":false,"c":{"p":[72.9287550296129,656.4496327852837,604.3245515647167],"r":[0.06992390797269729,2.752505297061538e-8,0.9959892952614549,-2.6906441487947025e-8,1,-2.5801513263908492e-8,-0.9959892952614549,-2.5111636558141845e-8,0.06992390797269729]}},{"t":4.8800000000000034,"j":false,"c":{"p":[72.42722316616329,656.4806699210704,604.2992732144631],"r":[0.12670124156510326,2.198408040860708e-8,0.9919224631157771,-2.1112713821016482e-8,1,-1.9574675532271144e-8,-0.9919224631157771,-1.8589974895229355e-8,0.12670124156510326]}},{"t":4.9200000000000035,"j":false,"c":{"p":[71.90662328351976,656.5161978205259,604.226016572223],"r":[0.1425283829796582,-3.409188212136555e-8,0.9896980802607397,3.306070059215004e-8,1,2.9142321467030598e-8,-0.9896980802607397,2.7926510749505122e-8,0.1425283829796582]}},{"t":4.9600000000000035,"j":false,"c":{"p":[71.3953436750656,656.5492819172322,604.1504105217717],"r":[0.1556846536834919,-5.658565783999696e-8,0.9877912599429507,5.494281661575895e-8,1,4.875881034331568e-8,-0.9877912599429507,4.6845350765452987e-8,0.1556846536834919]}},{"t":5.0000000000000036,"j":false,"c":{"p":[70.90221690112841,656.5776062884198,604.0702285953749],"r":[0.1636389450203138,-1.3672357809701462e-8,0.98650294720019,1.3932083770939973e-8,1,1.1697062336837258e-8,-0.98650294720019,1.2013036686680466e-8,0.1636389450203138]}},{"t":5.040000000000004,"j":false,"c":{"p":[70.38650413766027,656.6042961401796,603.9833878480786],"r":[0.16907373230910105,1.5718904187681755e-8,0.9855978789181722,-1.4428598006320928e-8,1,-1.3425139648416533e-8,-0.9855978789181722,-1.1893051989304154e-8,0.16907373230910105]}},{"t":5.080000000000004,"j":false,"c":{"p":[69.85615223951807,656.6299265763225,603.8922311784808],"r":[0.17287550019794273,3.634584193173694e-8,0.9849412109670855,-3.459013486863744e-8,1,-3.0808711368554284e-8,-0.9849412109670855,-2.87172953057429e-8,0.17287550019794273]}},{"t":5.120000000000004,"j":false,"c":{"p":[69.33006316989517,656.6557653168663,603.7999169596095],"r":[0.17664436613845716,-3.408910140977026e-9,0.9842686380420239,1.8348762661193255e-9,1,3.001078954553986e-9,-0.9842686380420239,1.1030156556439154e-9,0.17664436613845716]}},{"t":5.160000000000004,"j":false,"c":{"p":[68.80506046195471,656.6816571428012,603.7073077447817],"r":[0.1804048471730862,-5.8551650222207415e-8,0.9835920118095847,5.2680701469919884e-8,1,4.985725541934876e-8,-0.9835920118095847,4.281047061826463e-8,0.1804048471730862]}},{"t":5.200000000000004,"j":false,"c":{"p":[68.29622756698821,656.69842147892,603.6142216207629],"r":[0.18051768839359283,-3.35159523870043e-8,0.9835717082023621,3.054432351071458e-8,1,2.8469874059426047e-8,-0.9835717082023621,2.4903216581914134e-8,0.18051768839359283]}},{"t":5.240000000000004,"j":false,"c":{"p":[67.79054322995749,656.7105327934412,603.5210738026079],"r":[0.18263827161626103,-4.435951437378685e-9,0.9831595173627516,4.597645887862525e-9,1,3.7527069992037136e-9,-0.9831595173627516,3.961153984586135e-9,0.18263827161626103]}},{"t":5.280000000000004,"j":false,"c":{"p":[67.29623928613313,656.7038625875703,603.4277242714439],"r":[0.1938713884718843,3.136463079878149e-8,0.9809760671596817,-2.8020689582100543e-8,1,-2.6201193865060564e-8,-0.9809760671596817,-2.209714858303286e-8,0.1938713884718843]}},{"t":5.320000000000004,"j":false,"c":{"p":[66.80027286514388,656.6962119885993,603.3259442372871],"r":[0.2189234179292263,3.6392590838550245e-8,0.9749932304878784,-3.2277088246879975e-8,1,-3.110135589941214e-8,-0.9749932304878784,-2.608829990963929e-8,0.2189234179292263]}},{"t":5.360000000000004,"j":false,"c":{"p":[66.30133414694363,656.6868085717621,603.2090915386376],"r":[0.2686819012571794,-1.3596974211052299e-8,0.9622175752179822,1.4174040051880812e-8,1,8.791372833241433e-9,-0.9622175752179822,9.373801700896895e-9,0.2686819012571794]}},{"t":5.400000000000004,"j":false,"c":{"p":[65.79038282374053,656.6818979919617,603.064348515363],"r":[0.3130750409613139,-4.851356087888958e-8,0.9492983967563415,4.6889966158269265e-8,1,3.538407571516333e-8,-0.9492983967563415,3.311923493327146e-8,0.3130750409613139]}},{"t":5.440000000000004,"j":false,"c":{"p":[65.26515307921568,656.6823276876574,602.8864544973039],"r":[0.3510908264796839,-6.551410553440312e-8,0.9362086237733058,6.327995764884195e-8,1,4.616810323966764e-8,-0.9362086237733058,4.293800300426305e-8,0.3510908264796839]}},{"t":5.480000000000004,"j":false,"c":{"p":[64.79516614848755,656.6856928893556,602.7103580843477],"r":[0.35510382056236267,1.3716074505963702e-8,0.9348268508911133,-1.1218478853532617e-8,1,-1.0410856190444625e-8,-0.9348268508911133,-6.790402289661947e-9,0.35510382056236267]}},{"t":5.520000000000004,"j":false,"c":{"p":[64.32248452858863,656.7024155374728,602.5309036189459],"r":[0.35510382056236267,5.840818893070458e-8,0.9348268508911133,-5.391181663341446e-8,1,-4.2001247258683574e-8,-0.9348268508911133,-3.548341477221739e-8,0.35510382056236267]}},{"t":5.560000000000004,"j":false,"c":{"p":[63.83378109432993,656.7417613991023,602.3452413667561],"r":[0.35510382056236267,2.32988787850193e-8,0.9348268508911133,-2.26520374680944e-8,1,-1.6318586239793236e-8,-0.9348268508911133,-1.538094164520556e-8,0.35510382056236267]}},{"t":5.600000000000004,"j":false,"c":{"p":[63.35463884494359,656.8123930221983,602.1625009041875],"r":[0.3568886080875235,-1.9637739830053927e-8,0.9341417542290746,1.5935969670286795e-8,1,1.4851289445419003e-8,-0.9341417542290746,9.454564944217356e-9,0.3568886080875235]}},{"t":5.640000000000004,"j":false,"c":{"p":[62.88440787345088,656.9121838047773,601.9824836270406],"r":[0.3603368649242923,-6.986961754334547e-8,0.9328181293071055,6.1354079647131e-8,1,5.113539473777127e-8,-0.9328181293071055,3.870138425548656e-8,0.3603368649242923]}},{"t":5.680000000000004,"j":false,"c":{"p":[62.41577146453536,657.0152187818733,601.8015689909807],"r":[0.3616229295730591,-5.008438326225324e-8,0.9323244690895081,4.4479686562456186e-8,1,3.6467465899239106e-8,-0.9323244690895081,2.8282025601776026e-8,0.3616229295730591]}},{"t":5.720000000000004,"j":false,"c":{"p":[61.94808349608324,657.1201833949677,601.6201206088543],"r":[0.3616229295730591,1.134679398560659e-8,0.9323244690895081,-9.446078049300556e-9,1,-8.50656164878877e-9,-0.9323244690895081,-5.730642432814214e-9,0.3616229295730591]}},{"t":5.760000000000004,"j":false,"c":{"p":[61.44811706422475,657.1841676780206,601.4261837817803],"r":[0.3616226559671198,3.436584129589849e-8,0.9323245602914878,-3.0050472797526524e-8,1,-2.5204646408612214e-8,-0.9323245602914878,-1.8902226338027095e-8,0.3616226559671198]}},{"t":5.800000000000004,"j":false,"c":{"p":[60.95112994373945,657.1906487300355,601.2336262876469],"r":[0.360653104428418,3.2286371210625004e-8,0.932696723362197,-2.8755552082111237e-8,1,-2.3453849507543275e-8,-0.932696723362197,-1.828747255206559e-8,0.360653104428418]}},{"t":5.840000000000004,"j":false,"c":{"p":[60.49085973275015,657.0389820954359,601.0560317118766],"r":[0.3564453051741726,-2.1802068064199017e-8,0.9343119478389567,1.808026128385754