{"v":1,"name":"macro1_macro2_merged","d":[{"t":0.06624627113342285,"c":{"r":[-0.9702958464622498,1.2453554631974839e-8,0.24192146956920624,1.4479382137722041e-8,1,6.596063695241128e-9,-0.24192146956920624,9.903006414901938e-9,-0.9702958464622498],"p":[-246.26800537109375,665.8291625976562,733.2119750976562]},"j":false},{"t":0.13359332084655762,"c":{"r":[-0.9702958464622498,-7.941950030954104e-8,0.24192146956920624,-9.19339342431158e-8,1,-4.0441275217517614e-8,-0.24192146956920624,-6.148079023660102e-8,-0.9702958464622498],"p":[-246.403564453125,665.77978515625,733.755615234375]},"j":false},{"t":0.20050454139709473,"c":{"r":[-0.9702958464622498,1.2450515285422625e-8,0.24192146956920624,1.4389289759719759e-8,1,6.247284911609086e-9,-0.24192146956920624,9.542792334116257e-9,-0.9702958464622498],"p":[-246.6123046875,665.69775390625,734.592529296875]},"j":false},{"t":0.2690558433532715,"c":{"r":[-0.9702958464622498,4.14835206186126e-8,0.24192146956920624,4.801534458920287e-8,1,2.1104245462311155e-8,-0.24192146956920624,3.209330401432453e-8,-0.9702958464622498],"p":[-246.83409118652344,665.610595703125,735.4817504882812]},"j":false},{"t":0.33475470542907715,"c":{"r":[-0.9702958464622498,-4.510434337134939e-8,0.24192146956920624,-5.216793752538251e-8,1,-2.279247546255192e-8,-0.24192146956920624,-3.4735986531586605e-8,-0.9702958464622498],"p":[-247.02978515625,665.5289916992188,736.266357421875]},"j":false},{"t":0.3999307155609131,"c":{"r":[-0.9702958464622498,-3.799116399250124e-8,0.24192146956920624,-4.395351638208922e-8,1,-1.9249007721100497e-8,-0.24192146956920624,-2.9310530891279996e-8,-0.9702958464622498],"p":[-247.23890686035156,665.1563720703125,737.1050415039062]},"j":false},{"t":0.46694111824035645,"c":{"r":[-0.9702958464622498,8.219359415306826e-8,0.24192146956920624,9.507084541837685e-8,1,4.155585742182666e-8,-0.24192146956920624,6.332115276563854e-8,-0.9702958464622498],"p":[-247.4483642578125,664.849365234375,737.9453125]},"j":false},{"t":0.5302474498748779,"c":{"r":[-0.9702958464622498,-4.7130002123196846e-9,0.24192146956920624,-5.4448721087396734e-9,1,-2.3567012785719044e-9,-0.24192146956920624,-3.603928933060274e-9,-0.9702958464622498],"p":[-247.64474487304688,664.869140625,738.7335815429688]},"j":false},{"t":0.5952274799346924,"c":{"r":[-0.9702958464622498,-9.710697668197099e-8,0.24192146956920624,-1.1230726926214629e-7,1,-4.904194383925642e-8,-0.24192146956920624,-7.475473040585712e-8,-0.9702958464622498],"p":[-247.85421752929688,664.84326171875,739.5742797851562]},"j":false},{"t":0.657761812210083,"c":{"r":[-0.9702958464622498,2.929334108614512e-8,0.24192146956920624,3.3875480198730656e-8,1,1.4781218027337673e-8,-0.24192146956920624,2.2537360422347774e-8,-0.9702958464622498],"p":[-248.05050659179688,664.798583984375,740.3612670898438]},"j":false},{"t":0.7204527854919434,"c":{"r":[-0.9702958464622498,4.1675850326328145e-8,0.24192146956920624,4.8198309343661094e-8,1,2.1043062403691692e-8,-0.24192146956920624,3.207820142847595e-8,-0.9702958464622498],"p":[-248.24630737304688,664.7290649414062,741.1465454101562]},"j":false},{"t":0.7819831371307373,"c":{"r":[-0.9702958464622498,-4.523391083921524e-8,0.24192146956920624,-5.2308912756870996e-8,1,-2.2822312928383326e-8,-0.24192146956920624,-3.4799043646671635e-8,-0.9702958464622498],"p":[-248.44200134277344,664.6549072265625,741.93115234375]},"j":false},{"t":0.8434116840362549,"c":{"r":[-0.9702958464622498,-5.5008978705473055e-8,0.24192146956920624,-6.361459270465275e-8,1,-2.7761052123764784e-8,-0.24192146956920624,-4.232616745980522e-8,-0.9702958464622498],"p":[-248.62464904785156,664.585693359375,742.6634521484375]},"j":false},{"t":0.9144518375396729,"c":{"r":[-0.9702958464622498,8.244067117857412e-8,0.24192146956920624,9.533574285569557e-8,1,4.1596976529945096e-8,-0.24192146956920624,6.342513358958968e-8,-0.9702958464622498],"p":[-248.85940551757812,664.4931030273438,743.6046752929688]},"j":false},{"t":0.9746747016906738,"c":{"r":[-0.9702958464622498,1.0879390721640902e-9,0.24192146956920624,1.2588016184977846e-9,1,5.517116763442687e-10,-0.24192146956920624,8.39854685796837e-10,-0.9702958464622498],"p":[-249.040771484375,664.3796997070312,744.3319702148438]},"j":false},{"t":1.0450236797332764,"c":{"r":[-0.9702958464622498,-9.737102857343416e-8,0.24192146956920624,-1.125999204987238e-7,1,-4.9124235346198475e-8,-0.24192146956920624,-7.490537967669297e-8,-0.9702958464622498],"p":[-249.25869750976562,664.189453125,745.2058715820312]},"j":false},{"t":1.115004062652588,"c":{"r":[-0.9702958464622498,4.623406724135748e-8,0.24192146956920624,5.346468867628573e-8,1,2.332368254087669e-8,-0.24192146956920624,3.556512595537242e-8,-0.9702958464622498],"p":[-249.47518920898438,663.972900390625,746.0741577148438]},"j":false},{"t":1.184220314025879,"c":{"r":[-0.9702958464622498,2.433804624502045e-8,0.24192146956920624,2.814456045996394e-8,1,1.2278793093400964e-8,-0.24192146956920624,1.872283483805859e-8,-0.9702958464622498],"p":[-249.6785888671875,663.7639770507812,746.8905639648438]},"j":false},{"t":1.2446634769439697,"c":{"r":[-0.9702958464622498,-6.273848640603319e-8,0.24192146956920624,-7.25500370890586e-8,1,-3.164873518812783e-8,-0.24192146956920624,-4.826004840197129e-8,-0.9702958464622498],"p":[-249.86915588378906,663.565673828125,747.6552734375]},"j":false},{"t":1.314620018005371,"c":{"r":[-0.9702958464622498,-4.396377040194466e-9,0.24192146956920624,-5.084018539491808e-9,1,-2.2181791958786334e-9,-0.24192146956920624,-3.3822231682023585e-9,-0.9702958464622498],"p":[-250.08421325683594,663.320068359375,748.5176391601562]},"j":false},{"t":1.385310411453247,"c":{"r":[-0.9702958464622498,5.931945779025227e-8,0.24192146956920624,6.85962930901951e-8,1,2.992391401335226e-8,-0.24192146956920624,4.562996380741424e-8,-0.9702958464622498],"p":[-250.2854766845703,663.0764770507812,749.32470703125]},"j":false},{"t":1.455899953842163,"c":{"r":[-0.9650166034698486,-3.958164285222665e-8,0.2621886730194092,-4.6187047075818555e-8,1,-1.903067925468349e-8,-0.2621886730194092,-3.04746414769852e-8,-0.9650166034698486],"p":[-250.5030517578125,662.8167724609375,750.1810302734375]},"j":false},{"t":1.5257158279418945,"c":{"r":[-0.963162899017334,-3.7924809959122285e-8,0.2689186930656433,-4.456421365262031e-8,1,-1.858474618643413e-8,-0.2689186930656433,-2.988428704497892e-8,-0.963162899017334],"p":[-250.7349395751953,662.5631713867188,751.0353393554688]},"j":false},{"t":1.5966613292694092,"c":{"r":[-0.9612618088722229,7.730755413604129e-8,0.2756369709968567,9.047823823493673e-8,1,3.506687207277537e-8,-0.2756369709968567,5.864759344831327e-8,-0.9612618088722229],"p":[-250.9774932861328,662.3016357421875,751.8854370117188]},"j":false},{"t":1.6573739051818848,"c":{"r":[-0.9612618088722229,-1.113230929661313e-8,0.2756369709968567,-1.2733962329036785e-8,1,-4.0210927920725226e-9,-0.2756369709968567,-7.375273725074294e-9,-0.9612618088722229],"p":[-251.1892547607422,662.0289916992188,752.623779296875]},"j":false},{"t":1.7189006805419922,"c":{"r":[-0.9531909823417664,-9.230915054558864e-8,0.3023688495159149,-1.0924323845529216e-7,1,-3.909305590354961e-8,-0.3023688495159149,-7.029490234344848e-8,-0.9531909823417664],"p":[-251.38824462890625,661.7542114257812,753.302001953125]},"j":false},{"t":1.7887153625488281,"c":{"r":[-0.9488763213157654,3.7982413658710357e-8,0.3156481385231018,4.5253504055153826e-8,1,1.5705989397929443e-8,-0.3156481385231018,2.9187226857629867e-8,-0.9488763213157654],"p":[-251.65357971191406,661.4531860351562,754.1303100585938]},"j":false},{"t":1.849104642868042,"c":{"r":[-0.9443768858909607,3.591637565136807e-8,0.3288652002811432,4.314146906381211e-8,1,1.4672966841544621e-8,-0.3288652002811432,2.804453913540783e-8,-0.9443768858909607],"p":[-251.90435791015625,661.2473754882812,754.8750610351562]},"j":false},{"t":1.9185833930969238,"c":{"r":[-0.9396926760673523,-5.6616009658227995e-8,0.3420199155807495,-6.850592626506113e-8,1,-2.26843699380197e-8,-0.3420199155807495,-4.474672721244133e-8,-0.9396926760673523],"p":[-252.18634033203125,661.0792236328125,755.677001953125]},"j":false},{"t":1.9876768589019775,"c":{"r":[-0.9396926760673523,-1.286643058762138e-8,0.3420199155807495,-1.5503038852671125e-8,1,-4.975328593559425e-9,-0.3420199155807495,-9.977628501189884e-9,-0.9396926760673523],"p":[-252.49864196777344,660.9733276367188,756.5357666015625]},"j":false},{"t":2.0576257705688477,"c":{"r":[-0.9396926760673523,5.898673904880525e-8,0.3420199155807495,7.13693353304734e-8,1,2.3619989519829687e-8,-0.3420199155807495,4.660526542465959e-8,-0.9396926760673523],"p":[-252.8133087158203,660.9443359375,757.400390625]},"j":false},{"t":2.12764310836792,"c":{"r":[-0.9396926760673523,-3.925690350570221e-8,0.3420199155807495,-4.7581089290815726e-8,1,-1.594848164643281e-8,-0.3420199155807495,-3.126035252876136e-8,-0.9396926760673523],"p":[-253.1282196044922,660.9264526367188,758.2657470703125]},"j":false},{"t":2.18794322013855,"c":{"r":[-0.9396926760673523,-6.322446211015631e-8,0.3420199155807495,-7.657595091359326e-8,1,-2.553477607136756e-8,-0.3420199155807495,-5.0185342104214214e-8,-0.9396926760673523],"p":[-253.38755798339844,660.9119262695312,758.9783935546875]},"j":false},{"t":2.257272481918335,"c":{"r":[-0.9396926760673523,7.949442704102694e-8,0.3420199155807495,9.632672970383283e-8,1,3.2229387159077305e-8,-0.3420199155807495,6.323137569097526e-8,-0.9396926760673523],"p":[-253.70236206054688,660.8860473632812,759.8433227539062]},"j":false},{"t":2.318450927734375,"c":{"r":[-0.9372825026512146,1.2428662543584323e-8,0.34857073426246643,1.5245182893863785e-8,1,5.3371680408531574e-9,-0.34857073426246643,1.0316458798342865e-8,-0.9372825026512146],"p":[-253.96212768554688,660.8392944335938,760.5541381835938]},"j":false},{"t":2.388364791870117,"c":{"r":[-0.9372825026512146,-8.561265474327229e-8,0.34857073426246643,-1.0384684401287814e-7,1,-3.362638167914156e-8,-0.34857073426246643,-6.771539062810916e-8,-0.9372825026512146],"p":[-254.28175354003906,660.754150390625,761.4134521484375]},"j":false},{"t":2.4582388401031494,"c":{"r":[-0.9372825026512146,2.9398966816529537e-8,0.34857073426246643,3.55900162674061e-8,1,1.1357619733587399e-8,-0.34857073426246643,2.3050935382684656e-8,-0.9372825026512146],"p":[-254.60133361816406,660.6659545898438,762.2725830078125]},"j":false},{"t":2.5294015407562256,"c":{"r":[-0.9372825026512146,3.00842692979586e-8,0.34857073426246643,3.6492323829406814e-8,1,1.181782582904134e-8,-0.34857073426246643,2.3796797421482552e-8,-0.9372825026512146],"p":[-254.92098999023438,660.5823974609375,763.132080078125]},"j":false},{"t":2.600674867630005,"c":{"r":[-0.937282145023346,-6.860468459990443e-8,0.3485715687274933,-8.305555354581884e-8,1,-2.6513349737911085e-8,-0.3485715687274933,-5.3801294086497364e-8,-0.937282145023346],"p":[-255.24049377441406,660.4942016601562,763.9912109375]},"j":false},{"t":2.671271562576294,"c":{"r":[-0.937282145023346,4.087765237414942e-9,0.3485715687274933,4.929148200716327e-9,1,1.5269100428483284e-9,-0.3485715687274933,3.149306593286383e-9,-0.937282145023346],"p":[-255.55931091308594,660.387451171875,764.8485717773438]},"j":false},{"t":2.7430026531219482,"c":{"r":[-0.9372825622558594,4.7716806506059584e-8,0.34857046604156494,5.776539069302089e-8,1,1.843440244897465e-8,-0.34857046604156494,3.741355314446082e-8,-0.9372825622558594],"p":[-255.8778533935547,660.273681640625,765.705078125]},"j":false},{"t":2.814389705657959,"c":{"r":[-0.9372825622558594,-5.712561446102882e-8,0.34857046604156494,-6.911900385375702e-8,1,-2.197094772782293e-8,-0.34857046604156494,-4.468583014727301e-8,-0.9372825622558594],"p":[-256.215576171875,660.1643676757812,766.6130981445312]},"j":false},{"t":2.8841447830200195,"c":{"r":[-0.9372825622558594,-2.1364382263300286e-8,0.34857046604156494,-2.58575543199413e-8,1,-8.2377979992998e-9,-0.34857046604156494,-1.6734324148615087e-8,-0.9372825622558594],"p":[-256.515869140625,660.0740966796875,767.4207153320312]},"j":false},{"t":2.95563006401062,"c":{"r":[-0.9372825622558594,6.535892538295229e-8,0.34857046604156494,7.908091959052399e-8,1,2.513765551270808e-8,-0.34857046604156494,5.112636003445914e-8,-0.9372825622558594],"p":[-256.834228515625,659.958740234375,768.2769775390625]},"j":false},{"t":3.0264933109283447,"c":{"r":[-0.9396932125091553,-3.3931044640667096e-8,0.3420184552669525,-4.0936079415132554e-8,1,-1.326334775342275e-8,-0.3420184552669525,-2.646437202713514e-8,-0.9396932125091553],"p":[-257.1508483886719,659.816650390625,769.1298217773438]},"j":false},{"t":3.0981380939483643,"c":{"r":[-0.9466493725776672,-4.7217380227948524e-8,0.3222654163837433,-5.638265676566334e-8,1,-1.910606428623396e-8,-0.3222654163837433,-3.625692457376317e-8,-0.9466493725776672],"p":[-257.4540100097656,659.6765747070312,769.98779296875]},"j":false},{"t":3.1688480377197266,"c":{"r":[-0.9466493725776672,8.483007718496083e-8,0.3222654163837433,1.0046588272416557e-7,1,3.1886408180525905e-8,-0.3222654163837433,6.256193074705152e-8,-0.9466493725776672],"p":[-257.7476501464844,659.5455932617188,770.85107421875]},"j":false},{"t":3.240408182144165,"c":{"r":[-0.9466493725776672,-2.3251475411711908e-8,0.3222654163837433,-2.7206928265854913e-8,1,-7.769824783565582e-9,-0.3222654163837433,-1.6123150814451037e-8,-0.9466493725776672],"p":[-258.0584716796875,659.4046020507812,771.7647705078125]},"j":false},{"t":3.3016974925994873,"c":{"r":[-0.9466493725776672,-9.225698960335649e-8,0.3222654163837433,-1.0875213263261685e-7,1,-3.318119112805107e-8,-0.3222654163837433,-6.645800709748073e-8,-0.9466493725776672],"p":[-258.2995910644531,659.2808837890625,772.4730224609375]},"j":false},{"t":3.367690324783325,"c":{"r":[-0.9466493725776672,4.8213500747351645e-8,0.3222654163837433,5.6677471604871243e-8,1,1.6881088527043175e-8,-0.3222654163837433,3.4245658753206953e-8,-0.9466493725776672],"p":[-258.57415771484375,659.122802734375,773.2794799804688]},"j":false},{"t":3.436922550201416,"c":{"r":[-0.9466493725776672,1.918277625634346e-8,0.3222654163837433,2.2638124264062753e-8,1,6.974338884191411e-9,-0.3222654163837433,1.3897737183299341e-8,-0.9466493725776672],"p":[-258.8649597167969,658.939453125,774.1339721679688]},"j":false},{"t":3.5091793537139893,"c":{"r":[-0.9488767981529236,-8.366630765976879e-8,0.31564661860466003,-9.807254031102275e-8,1,-2.9756227704069715e-8,-0.31564661860466003,-5.9191261669866435e-8,-0.9488767981529236],"p":[-259.1512145996094,658.7476806640625,774.9882202148438]},"j":false},{"t":3.5784966945648193,"c":{"r":[-0.9488767981529236,2.193739589984034e-8,0.31564661860466003,2.5679421256086243e-8,1,7.695982517930133e-9,-0.31564661860466003,1.5408161857521918e-8,-0.9488767981529236],"p":[-259.43609619140625,658.564208984375,775.8446044921875]},"j":false},{"t":3.648408889770508,"c":{"r":[-0.9510565996170044,3.7974864142142906e-8,0.30901679396629333,4.417605836692928e-8,1,1.3070706295081891e-8,-0.30901679396629333,2.60821266806488e-8,-0.9510565996170044],"p":[-259.721923828125,658.413818359375,776.7069702148438]},"j":false},{"t":3.709463596343994,"c":{"r":[-0.9510565996170044,-4.714606660627396e-8,0.30901679396629333,-5.532241331707155e-8,1,-1.7697034948582768e-8,-0.30901679396629333,-3.392643677102569e-8,-0.9510565996170044],"p":[-259.9540710449219,658.31005859375,777.42138671875]},"j":false},{"t":3.7786319255828857,"c":{"r":[-0.9531913995742798,-2.2872704619203432e-8,0.30236759781837463,-2.6677611231207266e-8,1,-8.45383496539398e-9,-0.30236759781837463,-1.612456834720888e-8,-0.9531913995742798],"p":[-260.23162841796875,658.1690063476562,778.2879028320312]},"j":false},{"t":3.8492374420166016,"c":{"r":[-0.9573193788528442,7.194060458459717e-8,0.28903213143348694,8.339973334159367e-8,1,2.7331132912422618e-8,-0.28903213143348694,5.026982563549609e-8,-0.9573193788528442],"p":[-260.5011901855469,658.0149536132812,779.1549072265625]},"j":false},{"t":3.9129090309143066,"c":{"r":[-0.9573193788528442,-2.2817253864104714e-8,0.28903213143348694,-2.6250955187379077e-8,1,-8.003588902738556e-9,-0.28903213143348694,-1.5249360885150054e-8,-0.9573193788528442],"p":[-260.7330017089844,657.88623046875,779.923095703125]},"j":false},{"t":3.9777884483337402,"c":{"r":[-0.9612615704536438,-7.38849692538679e-8,0.27563780546188354,-8.480503055352528e-8,1,-2.7698844107248988e-8,-0.27563780546188354,-5.000130443022499e-8,-0.9612615704536438],"p":[-260.96160888671875,657.7717895507812,780.6942749023438]},"j":false},{"t":4.037845611572266,"c":{"r":[-0.9668234586715698,5.1003929968373996e-8,0.25544559955596924,5.7905975126004705e-8,1,1.949895178654515e-8,-0.25544559955596924,3.3643868135868615e-8,-0.9668234586715698],"p":[-261.1787414550781,657.66845703125,781.470458984375]},"j":false},{"t":4.111069440841675,"c":{"r":[-0.9685836434364319,1.5683777832009582e-8,0.24868804216384888,1.79181913750881e-8,1,6.721232459483417e-9,-0.24868804216384888,1.0966116015254102e-8,-0.9685836434364319],"p":[-261.408203125,657.5536499023438,782.3548583984375]},"j":false},{"t":4.1783905029296875,"c":{"r":[-0.9685836434364319,-9.344697105007072e-8,0.24868804216384888,-1.0530229843652705e-7,1,-3.436879936202786e-8,-0.24868804216384888,-5.947647707671422e-8,-0.9685836434364319],"p":[-261.63543701171875,657.4354858398438,783.2392578125]},"j":false},{"t":4.241716623306274,"c":{"r":[-0.9702959060668945,1.7199994317707024e-8,0.24192114174365997,1.9430519415664094e-8,1,6.834290910973095e-9,-0.24192114174365997,1.133193805458177e-8,-0.9702959060668945],"p":[-261.8323974609375,657.3200073242188,784.0189208984375]},"j":false},{"t":4.314016580581665,"c":{"r":[-0.9702959060668945,4.160439459610643e-8,0.24192114174365997,4.6745739723519364e-8,1,1.5512515716409325e-8,-0.24192114174365997,2.6360511995449087e-8,-0.9702959060668945],"p":[-262.05340576171875,657.2042236328125,784.9053955078125]},"j":false},{"t":4.3852150440216064,"c":{"r":[-0.9702959060668945,-6.626063253634129e-8,0.24192114174365997,-7.465985163435107e-8,1,-2.5551770477250102e-8,-0.24192114174365997,-4.285457677610793e-8,-0.9702959060668945],"p":[-262.2747497558594,657.1001586914062,785.793212890625]},"j":false},{"t":4.445884943008423,"c":{"r":[-0.9702959060668945,-2.3496331991168518e-8,0.24192114174365997,-2.6438332412226373e-8,1,-8.914781801649951e-9,-0.24192114174365997,-1.5045968027038725e-8,-0.9702959060668945],"p":[-262.46905517578125,656.9772338867188,786.5726318359375]},"j":false},{"t":4.516138553619385,"c":{"r":[-0.9702959060668945,6.857447232277991e-8,0.24192114174365997,7.727548734237644e-8,1,2.6478112147287902e-8,-0.24192114174365997,4.438618006474826e-8,-0.9702959060668945],"p":[-262.6883239746094,656.814697265625,787.4519653320312]},"j":false},{"t":4.5914692878723145,"c":{"r":[-0.9702959060668945,-4.043383228236053e-8,0.24192114174365997,-4.560986255341959e-8,1,-1.579535613416283e-8,-0.24192114174365997,-2.6360160276794886e-8,-0.9702959060668945],"p":[-262.91748046875,656.578369140625,788.37109375]},"j":false},{"t":4.661170721054077,"c":{"r":[-0.9702959060668945,-3.9713256683171494e-8,0.24192114174365997,-4.4773155849497925e-8,1,-1.5418056165117378e-8,-0.24192114174365997,-2.5791649704842712e-8,-0.9702959060668945],"p":[-263.123779296875,656.1979370117188,789.1985473632812]},"j":false},{"t":4.722978591918945,"c":{"r":[-0.9702959060668945,8.221250169526684e-8,0.24192114174365997,9.272275747207459e-8,1,3.2060089694141425e-8,-0.24192114174365997,5.35393702705278e-8,-0.9702959060668945],"p":[-263.28753662109375,655.8529663085938,789.8554077148438]},"j":false},{"t":4.784215688705444,"c":{"r":[-0.9702959060668945,7.337993768175011e-9,0.24192114174365997,8.266988871241665e-9,1,2.8250173311761273e-9,-0.24192114174365997,4.74106220949011e-9,-0.9702959060668945],"p":[-263.4628601074219,655.48583984375,790.5585327148438]},"j":false},{"t":4.855488061904907,"c":{"r":[-0.9702959060668945,-9.380374166312322e-8,0.24192114174365997,-1.0581452158930915e-7,1,-3.665514114459256e-8,-0.24192114174365997,-6.116510320453017e-8,-0.9702959060668945],"p":[-263.66156005859375,655.0697631835938,791.3554077148438]},"j":false},{"t":4.916434288024902,"c":{"r":[-0.9702959060668945,2.1313061537853173e-8,0.24192114174365997,2.4046643787301036e-8,1,8.346930258085195e-9,-0.24192114174365997,1.3916383601042526e-8,-0.9702959060668945],"p":[-263.8303527832031,654.624267578125,792.0324096679688]},"j":false},{"t":4.977764368057251,"c":{"r":[-0.9685837030410767,4.839369083242673e-8,0.24868780374526978,5.488761800620523e-8,1,1.9178914456574603e-8,-0.24868780374526978,3.222626432375364e-8,-0.9685837030410767],"p":[-263.9797668457031,654.0384521484375,792.6320190429688]},"j":false},{"t":5.038613796234131,"c":{"r":[-0.9573196768760681,-3.5543887833000554e-8,0.2890312075614929,-4.0027508418916113e-8,1,-9.601849981777377e-9,-0.2890312075614929,-2.0761239838407164e-8,-0.9573196768760681],"p":[-264.1120300292969,653.5730590820312,793.1070556640625]},"j":false},{"t":5.108659029006958,"c":{"r":[-0.9573196768760681,-4.796535080231479e-8,0.2890312075614929,-5.4773778401795425e-8,1,-1.5467756853126957e-8,-0.2890312075614929,-3.063891895749293e-8,-0.9573196768760681],"p":[-264.2733154296875,652.6732177734375,793.6421508789062]},"j":false},{"t":5.179526329040527,"c":{"r":[-0.9668238162994385,8.683182528557154e-8,0.2554442286491394,9.700119818489839e-8,1,2.721235325964244e-8,-0.2554442286491394,5.108794454145027e-8,-0.9668238162994385],"p":[-264.4315185546875,651.979248046875,794.1788330078125]},"j":false},{"t":5.250804424285889,"c":{"r":[-0.9668238162994385,-1.8505623700093565e-8,0.2554442286491394,-1.9905144199583447e-8,1,-2.893554507110707e-9,-0.2554442286491394,-7.882211328080757e-9,-0.9668238162994385],"p":[-264.567626953125,651.236083984375,794.6935424804688]},"j":false},{"t":5.312716245651245,"c":{"r":[-0.9685834646224976,-9.585507854126263e-8,0.24868875741958618,-1.0561249297325048e-7,1,-2.5893555744005425e-8,-0.24868875741958618,-5.134470981715822e-8,-0.9685834646224976],"p":[-264.70965576171875,650.8589477539062,795.2435913085938]},"j":false},{"t":5.382763385772705,"c":{"r":[-0.961262047290802,5.102787525856911e-8,0.275636225938797,5.585470574942519e-8,1,9.66175939254299e-9,-0.275636225938797,2.4683062704866643e-8,-0.961262047290802],"p":[-264.9119873046875,650.6248779296875,795.9998779296875]},"j":false},{"t":5.452019929885864,"c":{"r":[-0.9573194980621338,1.9124881234233726e-8,0.2890317142009735,2.1849942299922986e-8,1,6.201721358678469e-9,-0.2890317142009735,1.225235557456017e-8,-0.9573194980621338],"p":[-265.1562194824219,650.9802856445312,796.8408813476562]},"j":false},{"t":5.522732973098755,"c":{"r":[-0.9573196768760681,-9.606319650856676e-8,0.2890312671661377,-1.0457453214485213e-7,1,-1.4005624215940315e-8,-0.2890312671661377,-4.363316818967178e-8,-0.9573196768760681],"p":[-265.41455078125,651.4317626953125,797.6966552734375]},"j":false},{"t":5.5947253704071045,"c":{"r":[-0.951056957244873,2.4369333218032807e-8,0.3090157210826874,2.5925160684892035e-8,1,9.286603708247299e-10,-0.3090157210826874,8.894491365651902e-9,-0.951056957244873],"p":[-265.65203857421875,651.6896362304688,798.4725952148438]},"j":false},{"t":5.6571314334869385,"c":{"r":[-0.9420574903488159,5.304583439169619e-8,0.3354514241218567,5.832644944803178e-8,1,5.667096125705484e-9,-0.3354514241218567,2.4904421636051666e-8,-0.9420574903488159],"p":[-265.9001770019531,652.0040283203125,799.2100219726562]},"j":false},{"t":5.718037366867065,"c":{"r":[-0.9420581459999084,-4.6007976095552294e-8,0.33544960618019104,-4.9011266156639977e-8,1,-4.873602632571306e-10,-0.33544960618019104,-1.6899932120395533e-8,-0.9420581459999084],"p":[-266.164794921875,652.331298828125,799.953857421875]},"j":false},{"t":5.7785046100616455,"c":{"r":[-0.9420576691627502,-6.309701916507038e-8,0.3354509770870209,-6.80423255516871e-8,1,-2.989337888337218e-9,-0.3354509770870209,-2.5640993328579498e-8,-0.9420576691627502],"p":[-266.4234924316406,652.6528930664062,800.6802978515625]},"j":false},{"t":5.841656923294067,"c":{"r":[-0.9443764090538025,8.304153453764229e-8,0.32886648178100586,8.862530620490361e-8,1,1.9889991875743362e-9,-0.32886648178100586,3.102425694123667e-8,-0.9443764090538025],"p":[-266.68328857421875,652.972412109375,801.4097900390625]},"j":false},{"t":5.870973825454712,"c":{"r":[-0.9466492533683777,7.54379101408631e-8,0.32226571440696716,8.056615286022861e-8,1,2.5754676169498225e-9,-0.32226571440696716,2.8401775153952258e-8,-0.9466492533683777],"p":[-266.7815246582031,653.0436401367188,801.69384765625]},"j":true},{"t":5.880346298217773,"c":{"r":[-0.9510570764541626,5.540526260006118e-8,0.30901533365249634,5.8912736022875833e-8,1,2.0196808669936672e-9,-0.30901533365249634,2.0125771271750637e-8,-0.9510570764541626],"p":[-266.8300476074219,653.6399536132812,801.8361206054688]},"j":true},{"t":5.893290996551514,"c":{"r":[-0.9530587196350098,3.5122685204669324e-8,0.3027854859828949,3.727822672772163e-8,1,1.3397455367325506e-9,-0.3027854859828949,1.2564163043293775e-8,-0.9530587196350098],"p":[-266.8799133300781,654.20556640625,801.9881591796875]},"j":true},{"t":5.9065845012664795,"c":{"r":[-0.9550871849060059,1.4751437404925127e-8,0.2963249981403351,1.5662392272020043e-8,1,7.002873281258815e-10,-0.2963249981403351,5.309993778013222e-9,-0.9550871849060059],"p":[-266.9292297363281,654.7406005859375,802.1428833007812]},"j":false},{"t":5.969499349594116,"c":{"r":[-0.9631543159484863,-9.639972375907746e-8,0.268949419260025,-9.936044875757943e-8,1,2.6037685341151473e-9,-0.268949419260025,-2.421510458816556e-8,-0.9631543159484863],"p":[-267.1717529296875,657.076171875,802.9749755859375]},"j":false},{"t":6.03203558921814,"c":{"r":[-0.9747537970542908,-1.1609206040930076e-7,0.22328245639801025,-1.1773772712331265e-7,1,5.9421068066001226e-9,-0.22328245639801025,-2.0496676356174248e-8,-0.9747537970542908],"p":[-267.3833923339844,658.4738159179688,803.7594604492188]},"j":false},{"t":6.096982717514038,"c":{"r":[-0.9781463742256165,3.5916929874701964e-8,0.2079174518585205,4.168845890717421e-8,1,2.337698923327025e-8,-0.2079174518585205,3.153387595489221e-8,-0.9781463742256165],"p":[-267.5563659667969,659.1050415039062,804.5532836914062]},"j":false},{"t":6.160832405090332,"c":{"r":[-0.9795737266540527,1.0113025439295598e-7,0.20108537375926971,1.0776206238460873e-7,1,2.2033571411839148e-8,-0.20108537375926971,4.3252882164779294e-8,-0.9795737266540527],"p":[-267.73309326171875,658.9336547851562,805.4015502929688]},"j":false},{"t":6.225061416625977,"c":{"r":[-0.9781911969184875,1.0741663558633263e-8,0.20770660042762756,8.255769401444013e-9,1,-1.2835134732824827e-8,-0.20770660042762756,-1.0840437880688114e-8,-0.9781911969184875],"p":[-267.8973693847656,657.98095703125,806.197021484375]},"j":false},{"t":6.291574239730835,"c":{"r":[-0.9720808863639832,-8.502626513973155e-8,0.23464588820934296,-9.809735246335549e-8,1,-4.403358033755467e-8,-0.23464588820934296,-6.582234135521503e-8,-0.9720808863639832],"p":[-268.0735168457031,656.4605102539062,806.9999389648438]},"j":false},{"t":6.356243848800659,"c":{"r":[-0.9702958464622498,-5.931469759801189e-10,0.241921529173851,2.8826958597960584e-9,1,1.401369598141855e-8,-0.241921529173851,1.4294816885751516e-8,-0.9702958464622498],"p":[-268.23785400390625,656.19287109375,807.6640014648438]},"j":false},{"t":6.419791221618652,"c":{"r":[-0.9668237566947937,4.56174689134059e-8,0.25544431805610657,5.508596601089266e-8,1,2.9912410326460304e-8,-0.25544431805610657,4.299142730701533e-8,-0.9668237566947937],"p":[-268.41229248046875,655.9196166992188,808.34912109375]},"j":false},{"t":6.483148574829102,"c":{"r":[-0.9612616300582886,-1.8636587384435188e-8,0.27563750743865967,-2.8756929282280908e-8,1,-3.267460257916355e-8,-0.27563750743865967,-3.933533321287541e-8,-0.9612616300582886],"p":[-268.5939025878906,656.1846923828125,809.0096435546875]},"j":false},{"t":6.546299934387207,"c":{"r":[-0.9593144059181213,-4.330718894607344e-8,0.28234007954597473,-5.969902616698164e-8,1,-4.945434639580526e-8,-0.28234007954597473,-6.42976942799578e-8,-0.9593144059181213],"p":[-268.77093505859375,656.5061645507812,809.6162719726562]},"j":false},{"t":6.608657121658325,"c":{"r":[-0.9593144059181213,3.797235947899935e-8,0.28234007954597473,5.610668196709412e-8,1,5.614359110950318e-8,-0.28234007954597473,6.970051913413045e-8,-0.9593144059181213],"p":[-268.9709167480469,656.80078125,810.2957763671875]},"j":false},{"t":6.671988248825073,"c":{"r":[-0.9573196768760681,1.2779291402864601e-8,0.28903117775917053,1.7559054654725514e-8,1,1.3944296384238442e-8,-0.28903117775917053,1.8424263004135355e-8,-0.9573196768760681],"p":[-269.14141845703125,657.060546875,810.8750610351562]},"j":false},{"t":6.735629320144653,"c":{"r":[-0.9510570168495178,-4.1496100777749234e-8,0.3090154230594635,-6.593926826781171e-8,1,-6.865646184905927e-8,-0.3090154230594635,-8.567246112534121e-8,-0.9510570168495178],"p":[-269.3497314453125,657.3535766601562,811.5486450195312]},"j":false},{"t":6.798991441726685,"c":{"r":[-0.9466497898101807,-3.1525215771210924e-9,0.3222642242908478,-4.336930370385517e-9,1,-2.957301958872449e-9,-0.3222642242908478,-4.197166614261505e-9,-0.9466497898101807],"p":[-269.5471496582031,657.67236328125,812.1439819335938]},"j":false},{"t":6.862239360809326,"c":{"r":[-0.944376528263092,3.4532387616081905e-8,0.3288661241531372,5.771087074890602e-8,1,6.07189534207464e-8,-0.3288661241531372,7.632070264662616e-8,-0.944376528263092],"p":[-269.7684631347656,657.8255004882812,812.794189453125]},"j":false},{"t":6.925766706466675,"c":{"r":[-0.9420576095581055,-1.2339834043473275e-8,0.3354510962963104,-2.045724478705324e-8,1,-2.0664916888790685e-8,-0.3354510962963104,-2.6329947999670367e-8,-0.9420576095581055],"p":[-270.00286865234375,658.1668090820312,813.45556640625]},"j":false},{"t":6.989639520645142,"c":{"r":[-0.9420580267906189,-3.671352644118997e-8,0.3354499936103821,-6.170363775481746e-8,1,-6.383927342312745e-8,-0.3354499936103821,-8.083878810793976e-8,-0.9420580267906189],"p":[-270.19403076171875,658.4006958007812,813.992431640625]},"j":false},{"t":7.0522685050964355,"c":{"r":[-0.9420576691627502,3.029950335076137e-8,0.3354508876800537,5.064367769591627e-8,1,5.189957974494064e-8,-0.3354508876800537,6.588086876035959e-8,-0.9420576691627502],"p":[-270.44366455078125,658.6082763671875,814.6934204101562]},"j":false},{"t":7.093255281448364,"c":{"r":[-0.9420579075813293,3.063610520825932e-8,0.3354502022266388,5.130114288931509e-8,1,5.274268488619782e-8,-0.3354502022266388,6.689564457929009e-8,-0.9420579075813293],"p":[-270.5704040527344,658.7595825195312,815.0491943359375]},"j":true},{"t":7.105990886688232,"c":{"r":[-0.9420579075813293,2.0815949852703852e-8,0.3354502022266388,3.489357069952348e-8,1,3.593920538946804e-8,-0.3354502022266388,4.556186894433267e-8,-0.9420579075813293],"p":[-270.6061096191406,659.3558959960938,815.1493530273438]},"j":true},{"t":7.116276502609253,"c":{"r":[-0.9420579075813293,1.1002091682144055e-8,0.3354502320289612,1.849652164764848e-8,1,1.9146513707823942e-8,-0.3354502320289612,2.424178724425019e-8,-0.9420579075813293],"p":[-270.64678955078125,659.9215087890625,815.2636108398438]},"j":false},{"t":7.117072820663452,"c":{"r":[-0.9420579075813293,1.1002091682144055e-8,0.3354502320289612,1.849652164764848e-8,1,1.9146513707823942e-8,-0.3354502320289612,2.424178724425019e-8,-0.9420579075813293],"p":[-270.64678955078125,659.9215087890625,815.2636108398438]},"j":true},{"t":7.182042598724365,"c":{"r":[-0.9420579075813293,-4.123238639408555e-8,0.3354502320289612,-6.877701252960833e-8,1,-7.023260195637704e-8,-0.3354502320289612,-8.923444738684339e-8,-0.9420579075813293],"p":[-270.93035888671875,662.4205932617188,816.0601806640625]},"j":false},{"t":7.24636435508728,"c":{"r":[-0.9464408159255981,-4.672923381576766e-8,0.32287731766700745,-7.557325432117068e-8,1,-7.67981447324928e-8,-0.32287731766700745,-9.708578829759063e-8,-0.9464408159255981],"p":[-271.2018737792969,663.9714965820312,816.8258666992188]},"j":false},{"t":7.313076019287109,"c":{"r":[-0.9610680937767029,1.590052711719636e-8,0.2763116955757141,3.204056397976274e-8,1,5.389795632027017e-8,-0.2763116955757141,6.065278768119242e-8,-0.9610680937767029],"p":[-271.4629211425781,664.7810668945312,817.6521606445312]},"j":false},{"t":7.377692222595215,"c":{"r":[-0.9650139808654785,3.489416755542152e-8,0.26219847798347473,5.929570789930949e-8,1,8.51531183343468e-8,-0.26219847798347473,9.77211911390441e-8,-0.9650139808654785],"p":[-271.6798400878906,664.7481079101562,818.4349975585938]},"j":false},{"t":7.437772274017334,"c":{"r":[-0.9650167226791382,5.884456477645017e-9,0.2621883153915405,6.4899690066511084e-9,1,1.443512087639931e-9,-0.2621883153915405,3.094607237130731e-9,-0.9650167226791382],"p":[-271.8927001953125,663.94873046875,819.2186889648438]},"j":false},{"t":7.506084442138672,"c":{"r":[-0.9668211340904236,-2.5211615906073348e-8,0.2554543614387512,-4.9153737080587234e-8,1,-8.733948675399006e-8,-0.2554543614387512,-9.699819969455348e-8,-0.9668211340904236],"p":[-272.1163635253906,662.2512817382812,820.0557861328125]},"j":false},{"t":7.57670259475708,"c":{"r":[-0.966823399066925,2.8846620647726695e-9,0.2554457485675812,7.952460023830099e-9,1,1.8806193935461124e-8,-0.2554457485675812,2.0213690277159913e-8,-0.966823399066925],"p":[-272.3153991699219,661.9734497070312,820.8092041015625]},"j":false},{"t":7.639321804046631,"c":{"r":[-0.9593142867088318,1.3523814068605589e-8,0.28234028816223145,3.0161796615857384e-8,1,5.4582471875619376e-8,-0.28234028816223145,6.08776389299237e-8,-0.9593142867088318],"p":[-272.48583984375,661.7142944335938,821.4330444335938]},"j":false},{"t":7.701975107192993,"c":{"r":[-0.9488762021064758,-6.703772204019742e-9,0.3156484067440033,-1.8862012396425598e-8,1,-3.5463326497620073e-8,-0.3156484067440033,-3.960407113368092e-8,-0.9488762021064758],"p":[-272.68695068359375,661.8497314453125,822.0875244140625]},"j":false},{"t":7.762665033340454,"c":{"r":[-0.9488762021064758,-1.641224400827923e-8,0.3156484067440033,-4.3313697517533e-8,1,-7.821073211289331e-8,-0.3156484067440033,-8.788420302607847e-8,-0.9488762021064758],"p":[-272.90240478515625,662.079833984375,822.7359008789062]},"j":false},{"t":7.8263421058654785,"c":{"r":[-0.9488762021064758,1.277991845682891e-8,0.3156484067440033,3.481578403352614e-8,1,6.417251086077158e-8,-0.3156484067440033,7.188131689872534e-8,-0.9488762021064758],"p":[-273.1019592285156,662.3983154296875,823.3358764648438]},"j":false},{"t":7.889515399932861,"c":{"r":[-0.9488762021064758,5.548999926219267e-9,0.3156484067440033,1.4646033719145635e-8,1,2.6448013557001104e-8,-0.3156484067440033,2.9718888683305522e-8,-0.9488762021064758],"p":[-273.3269348144531,662.6920776367188,824.01220703125]},"j":false},{"t":7.950436353683472,"c":{"r":[-0.9488762021064758,-1.4848466456385268e-8,0.3156484067440033,-4.105616113747601e-8,1,-7.637849108732553e-8,-0.3156484067440033,-8.543304375052685e-8,-0.9488762021064758],"p":[-273.5348815917969,662.8955688476562,824.6373291015625]},"j":false},{"t":8.010837316513062,"c":{"r":[-0.9488762021064758,-1.8922980959956703e-9,0.3156484067440033,-4.997272373685746e-9,1,-9.027433023334197e-9,-0.3156484067440033,-1.0143296869102869e-8,-0.9488762021064758],"p":[-273.7502136230469,663.1394653320312,825.2847900390625]},"j":false},{"t":8.073366641998291,"c":{"r":[-0.9488762021064758,1.834635021680242e-8,0.3156484067440033,5.0987758015708096e-8,1,9.51524512515789e-8,-0.3156484067440033,1.0638210312663432e-7,-0.9488762021064758],"p":[-273.9403991699219,663.579833984375,825.8565063476562]},"j":false},{"t":8.134952068328857,"c":{"r":[-0.9488762021064758,-3.1102791453463396e-9,0.3156484067440033,-8.834160070136932e-9,1,-1.6702903948839776e-8,-0.3156484067440033,-1.8637477339211728e-8,-0.9488762021064758],"p":[-274.15374755859375,663.9839477539062,826.4977416992188]},"j":false},{"t":8.195810317993164,"c":{"r":[-0.9488762021064758,-1.534531079983026e-8,0.3156484067440033,-4.288648369765724e-8,1,-8.030660580971016e-8,-0.3156484067440033,-8.973808007795014e-8,-0.9488762021064758],"p":[-274.3752746582031,664.0179443359375,827.1636962890625]},"j":false},{"t":8.257954597473145,"c":{"r":[-0.9488762021064758,9.01211016923753e-9,0.3156484067440033,2.5318401597473894e-8,1,4.755898430630623e-8,-0.3156484067440033,5.3119304510573784e-8,-0.9488762021064758],"p":[-274.554931640625,664.2828979492188,827.7039184570312]},"j":false},{"t":8.322455167770386,"c":{"r":[-0.9488762021064758,6.7523902025357074e-9,0.3156484067440033,1.8899990905651975e-8,1,3.542346860285761e-8,-0.3156484067440033,3.957823935252236e-8,-0.9488762021064758],"p":[-274.7799072265625,664.56640625,828.3802490234375]},"j":false},{"t":8.34943699836731,"c":{"r":[-0.9488762021064758,-1.2220672251928022e-9,0.3156484067440033,-3.490177480358625e-9,1,-6.6202745507837335e-9,-0.3156484067440033,-7.38349026363494e-9,-0.9488762021064758],"p":[-274.8702392578125,664.6549072265625,828.6516723632812]},"j":true},{"t":8.361530303955078,"c":{"r":[-0.9488762021064758,-6.532724139418633e-9,0.3156484067440033,-1.840102470396232e-8,1,-3.4619439759353554e-8,-0.3156484067440033,-3.865781650347344e-8,-0.9488762021064758],"p":[-274.92578125,665.4431762695312,828.8186645507812]},"j":true},{"t":8.372626066207886,"c":{"r":[-0.9488762021064758,-9.186353011614301e-9,0.3156484067440033,-2.5851667473375528e-8,1,-4.8610033331897284e-8,-0.3156484067440033,-5.428494276316087e-8,-0.9488762021064758],"p":[-274.9559020996094,665.8168334960938,828.9091796875]},"j":true},{"t":8.385269165039062,"c":{"r":[-0.948876678943634,-1.4490292521429637e-8,0.3156471252441406,-4.07433660143397e-8,1,-7.657328637833416e-8,-0.3156471252441406,-8.551912600296419e-8,-0.948876678943634],"p":[-275.02294921875,666.5233764648438,829.1107177734375]},"j":false},{"t":8.446696043014526,"c":{"r":[-0.9488762021064758,-1.9554441621494334e-8,0.3156484365463257,-5.493665611311371e-8,1,-1.0319597265606717e-7,-0.3156484365463257,-1.1526087462243595e-7,-0.9488762021064758],"p":[-275.279296875,668.6874389648438,829.8815307617188]},"j":false},{"t":8.508328437805176,"c":{"r":[-0.9509218335151672,3.2101621361135813e-9,0.30943116545677185,9.102787856818395e-9,1,1.759964085579213e-8,-0.30943116545677185,1.9552569341385606e-8,-0.9509218335151672],"p":[-275.5185241699219,670.0157470703125,830.6010131835938]},"j":false},{"t":8.569246530532837,"c":{"r":[-0.9551488757133484,2.516842734223701e-8,0.29612600803375244,6.771824700990692e-8,1,1.3343165505830257e-7,-0.29612600803375244,1.4750023069609597e-7,-0.9551488757133484],"p":[-275.7657470703125,670.6980590820312,831.3750610351562]},"j":false},{"t":8.630476713180542,"c":{"r":[-0.95719313621521,6.175019162668605e-9,0.2894500195980072,1.7108904515339418e-8,1,3.524445446601021e-8,-0.2894500195980072,3.8687922199187597e-8,-0.95719313621521],"p":[-275.990234375,670.6434326171875,832.099609375]},"j":false},{"t":8.692551136016846,"c":{"r":[-0.9573193788528442,-1.4822728822139197e-8,0.28903213143348694,-3.6383884349788786e-8,1,-6.922507367335129e-8,-0.28903213143348694,-7.678661972931877e-8,-0.9573193788528442],"p":[-276.22528076171875,669.8440551757812,832.8776245117188]},"j":false},{"t":8.752873659133911,"c":{"r":[-0.9573194980621338,-2.2967897805870052e-8,0.2890317142009735,-5.7579082834990913e-8,1,-1.1124620868940838e-7,-0.2890317142009735,-1.231403530255193e-7,-0.9573194980621338],"p":[-276.4601135253906,668.2782592773438,833.6558227539062]},"j":false},{"t":8.816577196121216,"c":{"r":[-0.9573194980621338,4.0738252771177486e-9,0.2890318036079407,9.501743392092976e-9,1,1.737656063482973e-8,-0.2890318036079407,1.9381225513370737e-8,-0.9573194980621338],"p":[-276.68853759765625,667.1913452148438,834.4124755859375]},"j":false},{"t":8.877437114715576,"c":{"r":[-0.9573194980621338,1.5524861396443157e-8,0.2890318036079407,3.820114358177307e-8,1,7.281496294808676e-8,-0.2890318036079407,8.074852786421616e-8,-0.9573194980621338],"p":[-276.85211181640625,667.3939819335938,834.9539794921875]},"j":false},{"t":8.95022463798523,"c":{"r":[-0.9573194980621338,-1.3785256491871678e-8,0.2890318036079407,-3.318906038884961e-8,1,-6.223287130069366e-8,-0.2890318036079407,-6.916943817714127e-8,-0.9573194980621338],"p":[-277.1145324707031,667.6639404296875,835.822998046875]},"j":false},{"t":9.0136