{"v":1,"d":[{"t":0.06849551200866699,"j":false,"c":{"p":[-657.5386352539062,688.4750366210938,1457.8662109375],"r":[-0.13669925928115845,2.632855000683776e-8,0.9906125664710999,-1.2963471407445581e-9,1,-2.6756937998584363e-8,-0.9906125664710999,-4.9418313885496445e-9,-0.13669925928115845]}},{"t":0.03333333333333333,"j":false,"c":{"p":[-657.227599547836,688.4879523523344,1457.8231999963564],"r":[-0.13669925928115845,7.782532504087115e-8,0.9906125664710999,-1.1027863753498057e-8,1,-8.008461072447848e-8,-0.9906125664710999,-2.1871847579241486e-8,-0.13669925928115845]}},{"t":0.06666666666666667,"j":false,"c":{"p":[-657.5224577522931,688.4757083904723,1457.8639738645334],"r":[-0.13669925928115845,2.900698577780146e-8,0.9906125664710999,-1.802500044185606e-9,1,-2.953060190505002e-8,-0.9906125664710999,-5.822390626252883e-9,-0.13669925928115845]}},{"t":0.1,"j":false,"c":{"p":[-657.8173159567502,688.4634644286102,1457.9047477327101],"r":[-0.13669925928115845,-1.9811353485268247e-8,0.9906125664710999,7.422863665126847e-9,1,2.1023406914378465e-8,-0.9906125664710999,1.0227066326735727e-8,-0.13669925928115845]}},{"t":0.13333333333333333,"j":false,"c":{"p":[-658.1121741612073,688.4512204667482,1457.945521600887],"r":[-0.13669925928115845,-6.862969274833793e-8,0.9906125664710999,1.6648227374439296e-8,1,7.157741573380692e-8,-0.9906125664710999,2.6276523279724327e-8,-0.13669925928115845]}},{"t":0.16666666666666666,"j":false,"c":{"p":[-658.5070640829126,688.433785282252,1458.0003680203033],"r":[-0.13669925928115845,-3.08623766485163e-8,0.9906125664710999,5.2065860639516926e-9,1,3.187331920426944e-8,-0.9906125664710999,9.514768786457216e-9,-0.13669925928115845]}},{"t":0.19999999999999998,"j":false,"c":{"p":[-658.9174006955343,688.4155584851081,1458.0573851805993],"r":[-0.13669925928115845,1.8907033877915132e-8,0.9906125664710999,-9.079369122236977e-9,1,-2.033910776038616e-8,-0.9906125664710999,-1.1774478300144805e-8,-0.13669925928115845]}},{"t":0.2333333333333333,"j":false,"c":{"p":[-659.3582242586332,688.3959774840138,1458.118638568638],"r":[-0.13669925928115845,6.389304846182117e-8,0.9906125664710999,-2.1757718195650454e-8,1,-6.750097228008804e-8,-0.9906125664710999,-3.078080153443779e-8,-0.13669925928115845]}},{"t":0.26666666666666666,"j":false,"c":{"p":[-659.793272688632,688.3423263469979,1458.1790894894352],"r":[-0.13669925928115845,8.323109547483332e-8,0.9906125664710999,-2.6371885155602496e-8,1,-8.765900507745352e-8,-0.9906125664710999,-3.8107240943595506e-8,-0.13669925928115845]}},{"t":0.3,"j":false,"c":{"p":[-660.2076736989704,688.1668666937026,1458.2366714065893],"r":[-0.13669925928115845,1.0871801373775853e-8,0.9906125664710999,-2.1547594986994566e-9,1,-1.1272172790068326e-8,-0.9906125664710999,-3.6754284239901857e-9,-0.13669925928115845]}},{"t":0.3333333333333333,"j":false,"c":{"p":[-660.6268264690178,687.9689386083207,1458.2949135910378],"r":[-0.13669925928115845,-4.9246435112264846e-8,0.9906125664710999,1.781604312444071e-8,1,5.2171631076747694e-8,-0.9906125664710999,2.4780620650356258e-8,-0.13669925928115845]}},{"t":0.36666666666666664,"j":false,"c":{"p":[-661.0730107328282,687.6431936047874,1458.356911860041],"r":[-0.13669925928115845,-3.972855932974397e-8,0.9906125664710999,1.3630646438058581e-8,1,4.1985997967116304e-8,-0.9906125664710999,1.9242145129546365e-8,-0.13669925928115845]}},{"t":0.39999999999999997,"j":false,"c":{"p":[-661.5087401680154,687.3837157558597,1458.4174574079827],"r":[-0.13669925928115845,-1.6324842016856506e-8,0.9906125664710999,4.660488201693294e-9,1,1.712266432199789e-8,-0.9906125664710999,6.957393886900189e-9,-0.13669925928115845]}},{"t":0.4333333333333333,"j":false,"c":{"p":[-661.9248760609117,687.2484301192668,1458.4752803908225],"r":[-0.13669925928115845,3.3102527436207376e-8,0.9906125664710999,-1.3276859374846296e-8,1,-3.524835563207633e-8,-0.9906125664710999,-1.797064816695473e-8,-0.13669925928115845]}},{"t":0.4666666666666666,"j":false,"c":{"p":[-662.3476833935507,687.1464365053608,1458.5340303846517],"r":[-0.13669925928115845,5.953725725452041e-8,0.9906125664710999,-2.2636108695435546e-8,1,-6.322511726557653e-8,-0.9906125664710999,-3.106644102908367e-8,-0.13669925928115845]}},{"t":0.49999999999999994,"j":false,"c":{"p":[-662.7870246098446,687.1269507834537,1458.595077797394],"r":[-0.13669925928115845,2.898914029340328e-8,0.9906125664710999,-1.0736186979440503e-8,1,-3.074538907186282e-8,-0.9906125664710999,-1.4838273986707957e-8,-0.13669925928115845]}},{"t":0.5333333333333333,"j":false,"c":{"p":[-663.2265818973331,687.1074491674171,1458.6561552336966],"r":[-0.13669925928115845,-1.560600228198022e-9,0.9906125664710999,1.0607824110916426e-9,1,1.7217712305849249e-9,-0.9906125664710999,1.2861891455520044e-9,-0.13669925928115845]}},{"t":0.5666666666666667,"j":false,"c":{"p":[-663.6669332051723,687.0878891434927,1458.717343000845],"r":[-0.13669925928115845,-3.211630702432979e-8,0.9906125664710999,1.2479421678865396e-8,1,3.414274693424765e-8,-0.9906125664710999,1.7029560225075778e-8,-0.13669925928115845]}},{"t":0.6,"j":false,"c":{"p":[-664.104450215636,687.0680723382177,1458.7781375401848],"r":[-0.13669925928115845,-5.104111799317184e-8,0.9906125664710999,1.9439613506566218e-8,1,5.420736587425612e-8,-0.9906125664710999,2.6667232450392304e-8,-0.13669925928115845]}},{"t":0.6333333333333333,"j":false,"c":{"p":[-664.5252661419025,687.0467424500208,1458.8366149864773],"r":[-0.13669925928115845,-1.4309290073483634e-9,0.9906125664710999,1.2842438127643184e-10,1,1.462209642010178e-9,-0.9906125664710999,3.2710237139525377e-10,-0.13669925928115845]}},{"t":0.6666666666666666,"j":false,"c":{"p":[-664.9459704462337,687.0242379425212,1458.8950094063214],"r":[-0.13669925928115845,4.325184257338995e-8,0.9906125664710999,-1.724822789155057e-8,1,-4.604187921884881e-8,-0.9906125664710999,-2.3380201265759035e-8,-0.13669925928115845]}},{"t":0.7,"j":false,"c":{"p":[-665.36575003389,686.9920024618862,1458.9527160048956],"r":[-0.13669925928115845,4.711409785145162e-8,0.9906125664710999,-1.859847390892433e-8,1,-5.0127061482443284e-8,-0.9906125664710999,-2.5276213945413626e-8,-0.13669925928115845]}},{"t":0.7333333333333333,"j":false,"c":{"p":[-665.7865548921798,686.9602878517774,1459.010564750368],"r":[-0.13669925928115845,4.6110390421511056e-8,0.9906125664710999,-1.8039701612411738e-8,1,-4.903673475660448e-8,-0.9906125664710999,-2.4573640775156057e-8,-0.13669925928115845]}},{"t":0.7666666666666666,"j":false,"c":{"p":[-666.2213020293611,686.9356563687044,1459.0703464993212],"r":[-0.13669925928115845,-2.1063757220029607e-8,0.9906125664710999,8.479109792934903e-9,1,2.243343840469854e-8,-0.9906125664710999,1.1466147235146526e-8,-0.13669925928115845]}},{"t":0.7999999999999999,"j":false,"c":{"p":[-666.6560491665424,686.9110248856313,1459.1301282482743],"r":[-0.13669925928115845,-8.823790486157025e-8,0.9906125664710999,3.499792119828154e-8,1,9.390361156600156e-8,-0.9906125664710999,4.7505935245449096e-8,-0.13669925928115845]}},{"t":0.8333333333333333,"j":false,"c":{"p":[-667.0767823216963,686.9019700982368,1459.188480965838],"r":[-0.13669925928115845,-4.098677902323088e-8,0.9906125664710999,1.6177098512290253e-8,1,4.360754102249317e-8,-0.9906125664710999,2.1986355699117096e-8,-0.13669925928115845]}},{"t":0.8666666666666666,"j":false,"c":{"p":[-667.4972236722336,686.893239654894,1459.246803927551],"r":[-0.13669925928115845,8.646954627046106e-9,0.9906125664710999,-3.5878037733482993e-9,1,-9.223993887044406e-9,-0.9906125664710999,-4.815037082856123e-9,-0.13669925928115845]}},{"t":0.8999999999999999,"j":false,"c":{"p":[-667.9251430032072,686.8863341169375,1459.306258859251],"r":[-0.13669925928115845,5.158249255423931e-8,0.9906125664710999,-2.0677098945645958e-8,1,-5.492463677394192e-8,-0.9906125664710999,-2.7991151694595664e-8,-0.13669925928115845]}},{"t":0.9333333333333332,"j":false,"c":{"p":[-668.3534958824465,686.8795343808846,1459.365779418781],"r":[-0.13669925928115845,9.412969152206708e-8,0.9906125664710999,-3.76112713766829e-8,1,-1.0021185441889315e-7,-0.9906125664710999,-5.095708481713401e-8,-0.13669925928115845]}},{"t":0.9666666666666666,"j":false,"c":{"p":[-668.7936845104334,686.860672076754,1459.426944581212],"r":[-0.13669925928115845,2.5366202626598362e-8,0.9906125664710999,-1.0092089869860969e-8,1,-2.6999236880492653e-8,-0.9906125664710999,-1.3688126623878415e-8,-0.13669925928115845]}},{"t":0.9999999999999999,"j":false,"c":{"p":[-669.2345815225085,686.8410878131197,1459.488208175145],"r":[-0.13669925928115845,-5.005936754702957e-8,0.9906125664710999,2.0087679426917908e-8,1,5.330574122627943e-8,-0.9906125664710999,2.7185963739791417e-8,-0.13669925928115845]}},{"t":1.0333333333333332,"j":false,"c":{"p":[-669.6641225670747,686.8226226360542,1459.547893832818],"r":[-0.13669925928115845,-4.215348037115458e-8,0.9906125664710999,1.6887592697510566e-8,1,4.488334062116447e-8,-0.9906125664710999,2.28645811743422e-8,-0.13669925928115845]}},{"t":1.0666666666666667,"j":false,"c":{"p":[-670.0920747963892,686.8043140305717,1459.607358721174],"r":[-0.13669925928115845,-2.258867551411233e-8,0.9906125664710999,9.017324910471198e-9,1,2.404707810398716e-8,-0.9906125664710999,1.221989267855256e-8,-0.13669925928115845]}},{"t":1.1,"j":false,"c":{"p":[-670.5318043740733,686.7859295410503,1459.668460097572],"r":[-0.13669925928115845,2.5195524486470487e-8,0.9906125664710999,-1.015785022680803e-8,1,-2.6836015504433793e-8,-0.9906125664710999,-1.3730958663622937e-8,-0.13669925928115845]}},{"t":1.1333333333333335,"j":false,"c":{"p":[-670.9732362049892,686.767534083538,1459.7297980057403],"r":[-0.13669925928115845,7.705844875308313e-8,0.9906125664710999,-3.096699376419298e-8,1,-8.206196403464804e-8,-0.9906125664710999,-4.189410468836707e-8,-0.13669925928115845]}},{"t":1.166666666666667,"j":false,"c":{"p":[-671.3889352849867,686.7487189309271,1459.799580949973],"r":[-0.18846793219614322,4.8606143406442924e-8,0.9803087095391613,-2.3018265014484803e-8,1,-5.270145473870456e-8,-0.9803087095391613,-3.007734646205054e-8,-0.18846793219614322]}},{"t":1.2000000000000004,"j":false,"c":{"p":[-671.7985964524695,686.729805301387,1459.8713454308518],"r":[-0.25238356596464323,1.3087355080067332e-9,0.9675871636894862,-8.321811642293628e-9,1,-3.4936452494727765e-9,-0.9675871636894862,-8.879734825362898e-9,-0.25238356596464323]}},{"t":1.2333333333333338,"j":false,"c":{"p":[-672.1910238303135,686.755520880689,1459.9950957823798],"r":[-0.29701822981016873,-3.5927315958428175e-8,0.953793973727542,1.7476905203371212e-9,1,3.9242422802905446e-8,-0.953793973727542,1.4992755382560818e-8,-0.29701822981016873]}},{"t":1.2666666666666673,"j":false,"c":{"p":[-672.582736480751,686.7853156364346,1460.120330015687],"r":[-0.3412405670839042,-6.939252610729313e-8,0.9399018941160722,1.1244790915960128e-8,1,7.782371671539423e-8,-0.9399018941160722,3.694917879045638e-8,-0.3412405670839042]}},{"t":1.3000000000000007,"j":false,"c":{"p":[-672.9615848141625,686.9016192748894,1460.268324857213],"r":[-0.38031633848129553,-1.528910158114003e-8,0.9239101137814925,8.204308012581749e-9,1,1.879652374788165e-8,-0.9239101137814925,1.2512663487569707e-8,-0.38031633848129553]}},{"t":1.3333333333333341,"j":false,"c":{"p":[-673.3389019197888,687.0219763731284,1460.4189609805458],"r":[-0.42119721456763537,3.6477605091608606e-8,0.9065555152257323,5.392231052803043e-9,1,-3.780354850818254e-8,-0.9065555152257323,-1.1167525732640614e-8,-0.42119721456763537]}},{"t":1.3666666666666676,"j":false,"c":{"p":[-673.6906456538167,687.2100311936299,1460.613709731535],"r":[-0.4922255405852931,4.9218273595809515e-8,0.8664401901924077,6.394811930236988e-9,1,-5.386774460501986e-8,-0.8664401901924077,-2.221614690650253e-8,-0.4922255405852931]}},{"t":1.400000000000001,"j":false,"c":{"p":[-674.0420924988123,687.3980364723585,1460.8086462147257],"r":[-0.5631774771675856,6.153499951217e-8,0.8263064847686209,7.319226752726446e-9,1,-6.944906830557334e-8,-0.8263064847686209,-3.30138336101683e-8,-0.5631774771675856]}},{"t":1.4333333333333345,"j":false,"c":{"p":[-674.333818744158,687.5760761947038,1461.0413458970534],"r":[-0.6187633261123476,-1.142628359045549e-8,0.782475478935354,-7.479821293873261e-9,1,1.2101620078520533e-8,-0.782475478935354,6.665107008676044e-9,-0.6187633261123476]}},{"t":1.466666666666668,"j":false,"c":{"p":[-674.6255303490803,687.75439780389,1461.275841359489],"r":[-0.6736674607502061,-8.052654181204873e-8,0.738923076093707,-2.1331147508985028e-8,1,8.943985663730805e-8,-0.738923076093707,4.4363395091203335e-8,-0.6736674607502061]}},{"t":1.5000000000000013,"j":false,"c":{"p":[-674.9168271070625,687.9407068798682,1461.5612215454637],"r":[-0.7092547292038429,-4.022187746478337e-8,0.7032650898033169,-8.328092624373219e-9,1,4.741523489473227e-8,-0.7032650898033169,2.59384661397994e-8,-0.7092547292038429]}},{"t":1.5333333333333348,"j":false,"c":{"p":[-675.2060268762009,688.1260134542971,1461.848375030628],"r":[-0.7425774644715747,1.3410142049358353e-9,0.669718549685883,5.391960337585135e-9,1,3.832933383591556e-9,-0.669718549685883,6.287564516642461e-9,-0.7425774644715747]}},{"t":1.5666666666666682,"j":false,"c":{"p":[-675.4751769853725,688.3017349442657,1462.152483325006],"r":[-0.754248620382231,5.493402708944478e-8,0.656359898470455,2.596735146246637e-8,1,-5.464260410744841e-8,-0.656359898470455,-2.5085066228120998e-8,-0.754248620382231]}},{"t":1.6000000000000016,"j":false,"c":{"p":[-675.7412401223285,688.4735013760802,1462.458844375877],"r":[-0.7717187345758699,9.323807796378223e-8,0.6339609177276535,3.954486109939637e-8,1,-9.763267205885358e-8,-0.6339609177276535,-4.8676597970886866e-8,-0.7717187345758699]}},{"t":1.633333333333335,"j":false,"c":{"p":[-675.9860840660009,688.6180815757056,1462.7806903978153],"r":[-0.8290496599633315,2.64490417184268e-8,0.5494206262811616,5.020415327105256e-9,1,-3.4178901747367215e-8,-0.5494206262811616,-1.878250297458047e-8,-0.8290496599633315]}},{"t":1.6666666666666685,"j":false,"c":{"p":[-676.2238726230771,688.7599439085621,1463.1092009837703],"r":[-0.8856137386460103,-3.465548996619012e-8,0.4609709699846158,-2.6510756979417252e-8,1,2.4451229160696088e-8,-0.4609709699846158,9.402536268520955e-9,-0.8856137386460103]}},{"t":1.700000000000002,"j":false,"c":{"p":[-676.3809624708409,688.8707195904848,1463.513940094829],"r":[-0.9334067119509886,-3.0741305118172106e-8,0.32780644323763963,-2.3805207880234263e-8,1,2.7909121278952283e-8,-0.32780644323763963,1.8039590217778818e-8,-0.9334067119509886]}},{"t":1.7333333333333354,"j":false,"c":{"p":[-676.5368134015569,688.9813359093334,1463.9185805443942],"r":[-0.9804980085691591,-2.6151269502478172e-8,0.19652029725694,-2.0494524077677752e-8,1,3.077510725175802e-8,-0.19652029725694,2.613205496618409e-8,-0.9804980085691591]}},{"t":1.7666666666666688,"j":false,"c":{"p":[-676.6130733163716,689.0817143603776,1464.3168827419192],"r":[-0.9825119043764332,2.185704766035355e-8,0.18590585701887372,2.169147093502186e-8,1,-4.3843835549086755e-9,-0.18590585701887372,-7.612025498956563e-10,-0.9825119043764332]}},{"t":1.8000000000000023,"j":false,"c":{"p":[-676.6895054147993,689.1819957690046,1464.7182766829128],"r":[-0.9843710064888,6.440514586038097e-8,0.1761072725057602,5.897782485693941e-8,1,-3.605237101986672e-8,-0.1761072725057602,-2.5102483264571615e-8,-0.9843710064888]}},{"t":1.8333333333333357,"j":false,"c":{"p":[-676.7680054716077,689.2811116794944,1465.1568030588949],"r":[-0.9843710064888,4.1374961858317956e-8,0.1761072725057602,3.741854487130322e-8,1,-2.5786730362608066e-8,-0.1761072725057602,-1.8794030700109162e-8,-0.9843710064888]}},{"t":1.8666666666666691,"j":false,"c":{"p":[-676.8454335554402,689.377650261759,1465.5893731046126],"r":[-0.9843710064888,1.1242450760014788e-8,0.1761072725057602,9.494110415745665e-9,1,-1.0770269023586635e-8,-0.1761072725057602,-8.929958018077789e-9,-0.9843710064888]}},{"t":1.9000000000000026,"j":false,"c":{"p":[-676.9175253643251,689.4613589198103,1465.9922925745414],"r":[-0.9843710064888,-5.424540137919197e-8,0.1761072725057602,-5.011602423534853e-8,1,2.7895748742766844e-8,-0.1761072725057602,1.8633969959986842e-8,-0.9843710064888]}},{"t":1.933333333333336,"j":false,"c":{"p":[-676.9889234778669,689.5568548748078,1466.3915463149435],"r":[-0.9843710064888,-7.738757617656947e-8,0.1761072725057602,-7.091314663638828e-8,1,4.305748064875898e-8,-0.1761072725057602,2.9896214412952425e-8,-0.9843710064888]}},{"t":1.9666666666666694,"j":false,"c":{"p":[-677.0590592502066,689.673800578235,1466.7841294016316],"r":[-0.9843710064888,-2.34718699147306e-8,0.1761072725057602,-2.108089977804838e-8,1,1.544765763099879e-8,-0.1761072725057602,1.149372638326585e-8,-0.9843710064888]}},{"t":2.0000000000000027,"j":false,"c":{"p":[-677.1306805598448,689.8049564259464,1467.1845934996086],"r":[-0.9843710064888,3.142221979502249e-8,0.1761072725057602,2.9655637306673117e-8,1,-1.2663139920705701e-8,-0.1761072725057602,-7.2426539809719024e-9,-0.9843710064888]}},{"t":2.033333333333336,"j":false,"c":{"p":[-677.2043019941428,689.9552447855295,1467.5956685765477],"r":[-0.9843710064888,8.763360316190489e-8,0.1761072725057602,8.160970907266503e-8,1,-4.1448448654457464e-8,-0.1761072725057602,-2.6428586364314252e-8,-0.9843710064888]}},{"t":2.066666666666669,"j":false,"c":{"p":[-677.2801869544315,690.0552151461451,1468.0197519714943],"r":[-0.9843710064888,6.687862628861432e-8,0.1761072725057602,6.209326006589774e-8,1,-3.26836171314452e-8,-0.1761072725057602,-2.1237728987213463e-8,-0.9843710064888]}},{"t":2.1000000000000023,"j":false,"c":{"p":[-677.3576949448751,690.1191056782146,1468.4531628018126],"r":[-0.9843710064888,-9.064019773843766e-9,0.1761072725057602,-8.670142088665923e-9,1,3.0060255951958364e-9,-0.1761072725057602,1.4321699477215405e-9,-0.9843710064888]}},{"t":2.1333333333333355,"j":false,"c":{"p":[-677.4294025457489,690.1196255576145,1468.8733545986793],"r":[-0.9869265151121346,-4.572705074972124e-8,0.15824767112749785,-4.2993475125615346e-8,1,2.0919418850547268e-8,-0.15824767112749785,1.3799057007240742e-8,-0.9869265151121346]}},{"t":2.1666666666666687,"j":false,"c":{"p":[-677.4953718972262,690.057453680699,1469.280468978966],"r":[-0.9920101549306953,-4.353127321675254e-8,0.1227198001271302,-4.126712527312483e-8,1,2.1247001433168568e-8,-0.1227198001271302,1.597330942284435e-8,-0.9920101549306953]}},{"t":2.200000000000002,"j":false,"c":{"p":[-677.5472658642091,690.0135949988039,1469.6963884730105],"r":[-0.9950182831101486,-1.1388033767660398e-8,0.09887972599136967,-1.0377279120810013e-8,1,8.80067998146013e-9,-0.09887972599136967,7.114985674123916e-9,-0.9950182831101486]}},{"t":2.233333333333335,"j":false,"c":{"p":[-677.5880065493878,689.9842476238558,1470.1192851061235],"r":[-0.9963817836627121,4.4485462016524117e-8,0.08430101818997257,4.3621611956936395e-8,1,-1.3767635046315392e-8,-0.08430101818997257,-1.0485509987164693e-8,-0.9963817836627121]}},{"t":2.2666666666666684,"j":false,"c":{"p":[-677.6248328964035,689.945090031566,1470.5508161734028],"r":[-0.9968579411506653,5.163275313971688e-8,0.07920988649129868,5.036054327082046e-8,1,-1.8058912163506596e-8,-0.07920988649129868,-1.4013117014570377e-8,-0.9968579411506653]}},{"t":2.3000000000000016,"j":false,"c":{"p":[-677.6595587689791,689.9006681749438,1470.9869805675733],"r":[-0.9968579411506653,3.2633057675424734e-8,0.07920988649129868,3.173929021023707e-8,1,-1.2542541251636734e-8,-0.07920988649129868,-9.989066101092296e-9,-0.9968579411506653]}},{"t":2.333333333333335,"j":false,"c":{"p":[-677.6932048235715,689.7908254071745,1471.4100848876756],"r":[-0.9968579411506653,-2.023963956127792e-8,0.07920988649129868,-1.9856389398487005e-8,1,5.626053500987117e-9,-0.07920988649129868,4.0355535932725075e-9,-0.9968579411506653]}},{"t":2.366666666666668,"j":false,"c":{"p":[-677.7263438542197,689.650264528669,1471.8270569055155],"r":[-0.9968579411506653,-8.901726079191687e-8,0.07920988649129868,-8.693507082428005e-8,1,2.973544617561162e-8,-0.07920988649129868,2.2755897848006452e-8,-0.9968579411506653]}},{"t":2.4000000000000012,"j":false,"c":{"p":[-677.7578664739248,689.4760929241124,1472.2248948008028],"r":[-0.9968579411506653,-5.098533973219792e-8,0.07920988649129868,-4.974092623915048e-8,1,1.7683397843579893e-8,-0.07920988649129868,1.368786188435918e-8,-0.9968579411506653]}},{"t":2.4333333333333345,"j":false,"c":{"p":[-677.7890524706813,689.2949217742049,1472.6187479515072],"r":[-0.9968579411506653,9.290023317928724e-9,0.07920988649129868,9.16838074452831e-9,1,-1.899390702041541e-9,-0.07920988649129868,-1.1671965694196154e-9,-0.9968579411506653]}},{"t":2.4666666666666677,"j":false,"c":{"p":[-677.8226827807105,689.1617722473842,1473.041612682491],"r":[-0.9968579411506653,5.4128768310889004e-8,0.07920988649129868,5.298037012557723e-8,1,-1.659975320307341e-8,-0.07920988649129868,-1.2351027626704222e-8,-0.9968579411506653]}},{"t":2.500000000000001,"j":false,"c":{"p":[-677.8564396769597,689.0315807809716,1473.4659812382854],"r":[-0.9968579411506653,9.74806118529061e-8,0.07920988649129868,9.53381952351103e-8,1,-3.082913670271936e-8,-0.07920988649129868,-2.3180543757651447e-8,-0.9968579411506653]}},{"t":2.533333333333334,"j":false,"c":{"p":[-677.8892165519288,688.9686743940114,1473.8789698628975],"r":[-0.9968579411506653,2.074058380271716e-8,0.07920988649129868,2.0253851150520262e-8,1,-6.948261114246362e-9,-0.07920988649129868,-5.322124966475875e-9,-0.9968579411506653]}},{"t":2.5666666666666673,"j":false,"c":{"p":[-677.9220602568055,688.9072099378029,1474.292734216135],"r":[-0.9968579411506653,-5.039009216429897e-8,0.07920988649129868,-4.934061009431421e-8,1,1.5206584153908452e-8,-0.07920988649129868,1.1250539771022147e-8,-0.9968579411506653]}},{"t":2.6000000000000005,"j":false,"c":{"p":[-677.9558086654324,688.8652654870809,1474.7169999245878],"r":[-0.9968579411506653,-4.55846780588744e-8,0.07920988649129868,-4.4616285207431303e-8,1,1.3995452045704894e-8,-0.07920988649129868,1.0417426767459105e-8,-0.9968579411506653]}},{"t":2.6333333333333337,"j":false,"c":{"p":[-677.9896247642937,688.8233473657475,1475.1421165959873],"r":[-0.9968579411506653,-3.13003580849628e-8,0.07920988649129868,-3.061494813555776e-8,1,9.867484903589632e-9,-0.07920988649129868,7.411474479273739e-9,-0.9968579411506653]}},{"t":2.666666666666667,"j":false,"c":{"p":[-678.0237717564239,688.7815579515692,1475.571393068481],"r":[-0.9968579411506653,2.932013100202241e-8,0.07920988649129868,2.8735631921928697e-8,1,-8.518980348059376e-9,-0.07920988649129868,-6.216067467535395e-9,-0.9968579411506653]}},{"t":2.7,"j":false,"c":{"p":[-678.0567388855028,688.7403330789112,1476.0057269922431],"r":[-0.9972073303907418,6.309333536136702e-8,0.07322870212084423,6.180320265436996e-8,1,-1.8993990721004822e-8,-0.07322870212084423,-1.409127645011784e-8,-0.9972073303907418]}},{"t":2.7333333333333334,"j":false,"c":{"p":[-678.0868594767982,688.7004702192147,1476.4522625237316],"r":[-0.998399656166462,3.20947763578708e-8,0.0528173113960862,3.146038094915572e-8,1,-1.0381823807392166e-8,-0.0528173113960862,-8.088406017110026e-9,-0.998399656166462]}},{"t":2.7666666666666666,"j":false,"c":{"p":[-678.1126672454214,688.6621819503472,1476.892812550704],"r":[-0.999351337703438,-1.7793622342552484e-9,0.03572672316707515,-1.8477415102478493e-9,1,-1.0006280393965858e-9,-0.03572672316707515,-9.373560780655977e-10,-0.999351337703438]}},{"t":2.8,"j":false,"c":{"p":[-678.1251399561216,688.6287622470356,1477.3148556610956],"r":[-0.9995589578433782,-4.454466637918246e-8,0.028903910128355546,-4.432444341832741e-8,1,1.0758371106476502e-8,-0.028903910128355546,9.763814369856592e-9,-0.9995589578433782]}},{"t":2.833333333333333,"j":false,"c":{"p":[-678.1372634971383,688.5958276330427,1477.7428182502233],"r":[-0.9997252821922302,-6.632491302128036e-8,0.023438159376382828,-6.594207472868746e-8,1,1.7106876309260506e-8,-0.023438159376382828,1.5556615144107924e-8,-0.9997252821922302]}},{"t":2.8666666666666663,"j":false,"c":{"p":[-678.1479807103251,688.5648467814774,1478.194622335551],"r":[-0.9997252821922302,-3.5850201337225953e-9,0.023438159376382828,-3.546995702633451e-9,1,1.6638899741923377e-9,-0.023438159376382828,1.5802973621743016e-9,-0.9997252821922302]}},{"t":2.8999999999999995,"j":false,"c":{"p":[-678.1586305075249,688.5346014961018,1478.6436418238031],"r":[-0.9997252821922302,4.8683119364325416e-8,0.023438159376382828,4.843258369987216e-8,1,-1.1256916042630276e-8,-0.023438159376382828,-1.0118653138235591e-8,-0.9997252821922302]}},{"t":2.9333333333333327,"j":false,"c":{"p":[-678.1689410240936,688.5080580531496,1479.0786474276051],"r":[-0.9997252821922302,4.825065694624797e-8,0.023438159376382828,4.7994666337408884e-8,1,-1.1484487605927558e-8,-0.023438159376382828,-1.0356425929798614e-8,-0.9997252821922302]}},{"t":2.966666666666666,"j":false,"c":{"p":[-678.1791542694119,688.4846343240671,1479.5096476864753],"r":[-0.9997252821922302,3.481195452056927e-8,0.023438159376382828,3.4620387502891166e-8,1,-8.579057952984398e-9,-0.023438159376382828,-7.765262700645826e-9,-0.9997252821922302]}},{"t":2.999999999999999,"j":false,"c":{"p":[-678.1889144407959,688.4757417234728,1479.9219916889444],"r":[-0.9997252821922302,-3.920773468956578e-8,0.023438159376382828,-3.900939506825322e-8,1,8.91939052521669e-9,-0.023438159376382828,8.002632280719557e-9,-0.9997252821922302]}},{"t":3.0333333333333323,"j":false,"c":{"p":[-678.1987274540842,688.4716294878567,1480.3364891958454],"r":[-0.9997252821922302,-8.777845447644754e-8,0.023438159376382828,-8.732276335566372e-8,1,2.0465621341063608e-8,-0.023438159376382828,1.8413314817380767e-8,-0.9997252821922302]}},{"t":3.0666666666666655,"j":false,"c":{"p":[-678.2087430288992,688.4858420654514,1480.7592418394652],"r":[-0.9997252821922302,-3.87943613538313e-8,0.023438159376382828,-3.858944900875321e-8,1,9.194917184408228e-9,-0.023438159376382828,8.287925772219151e-9,-0.9997252821922302]}},{"t":3.0999999999999988,"j":false,"c":{"p":[-678.2169489932703,688.5030753060171,1481.1871679634921],"r":[-0.9997626934639386,1.340390742379736e-8,0.020554182718475422,1.341775695136947e-8,1,-2.5083895857170076e-9,-0.020554182718475422,-2.5447374399675516e-9,-0.9997626934639386]}},{"t":3.133333333333332,"j":false,"c":{"p":[-678.2206654106859,688.5278026502394,1481.6279292163656],"r":[-0.9998929201045885,7.35763745015604e-8,0.010515213853701978,7.354731331763376e-8,1,-1.528496035732435e-8,-0.010515213853701978,-1.5132110122255883e-8,-0.9998929201045885]}},{"t":3.166666666666665,"j":false,"c":{"p":[-678.2231012985055,688.5502703959403,1482.0654804709986],"r":[-0.999980373323337,1.0506434644459227e-7,0.00042702682002985137,1.0498974977432642e-7,1,-2.2055284665768372e-8,-0.00042702682002985137,-2.1697876792502495e-8,-0.999980373323337]}},{"t":3.1999999999999984,"j":false,"c":{"p":[-678.2204640665689,688.5637862096156,1482.4903145611547],"r":[-0.9998983695515147,2.291193130877059e-8,-0.009856149588169787,2.2781400488097673e-8,1,-5.030448217192797e-9,0.009856149588169787,-4.407632233315782e-9,-0.9998983695515147]}},{"t":3.2333333333333316,"j":false,"c":{"p":[-678.2155308868586,688.5789443676824,1482.9187469310834],"r":[-0.999480132415341,-4.4420976964667325e-8,-0.02458998679758432,-4.4640436606936695e-8,1,8.927058858532106e-9,0.02458998679758432,9.934428503244501e-9,-0.999480132415341]}},{"t":3.266666666666665,"j":false,"c":{"p":[-678.1989705279394,688.6024197151824,1483.365401772897],"r":[-0.9973591363453657,-3.6704677218145775e-8,-0.06186293893156441,-3.7180157877766724e-8,1,7.3509424266409685e-9,0.06186293893156441,9.346244728970906e-9,-0.9973591363453657]}},{"t":3.299999999999998,"j":false,"c":{"p":[-678.1775944495232,688.6255894596675,1483.8086123801359],"r":[-0.9937074292642805,-2.4040203612592747e-8,-0.1044537647380652,-2.4489081267396785e-8,1,5.453475876667758e-9,0.1044537647380652,6.973490991755797e-9,-0.9937074292642805]}},{"t":3.3333333333333313,"j":false,"c":{"p":[-678.1165786601713,688.6462436890407,1484.2234724027912],"r":[-0.9774559555143671,2.9354254691628687e-8,-0.1908176913857751,3.1258347793936385e-8,1,9.108748255070783e-10,0.1908176913857751,-1.0088622771005818e-8,-0.9774559555143671]}},{"t":3.3666666666666645,"j":false,"c":{"p":[-678.0513348494802,688.6667179726741,1484.6384396642586],"r":[-0.9607728053112172,7.839752112227537e-8,-0.2764180322197677,8.248697612641267e-8,1,-3.4474581629505624e-9,0.2764180322197677,-2.58342222850437e-8,-0.9607728053112172]}},{"t":3.3999999999999977,"j":false,"c":{"p":[-677.897746307345,688.6834322804704,1485.055647686425],"r":[-0.9350697525875982,3.6522401216977574e-8,-0.34606320673856894,3.929502214983395e-8,1,-3.955500150462944e-9,0.34606320673856894,-1.4071186335506106e-8,-0.9350697525875982]}},{"t":3.433333333333331,"j":false,"c":{"p":[-677.7441577652097,688.7001465882666,1485.4728557085914],"r":[-0.9093666998639791,-5.352718688320219e-9,-0.4157083812573702,-3.896931826744774e-9,1,-4.463542137975327e-9,0.4157083812573702,-2.3081503859685136e-9,-0.9093666998639791]}},{"t":3.466666666666664,"j":false,"c":{"p":[-677.5626817328516,688.7182946016395,1485.8691428339764],"r":[-0.9060818735479395,-2.8550567825903988e-8,-0.4230450772286607,-2.982187909599619e-8,1,-3.813604680992377e-9,0.4230450772286607,9.328171789828631e-9,-0.9060818735479395]}},{"t":3.4999999999999973,"j":false,"c":{"p":[-677.3806024524984,688.7364736282018,1486.26497740917],"r":[-0.9032819868959041,-5.134439974794425e-8,-0.4290339479036004,-5.5373315264111543e-8,1,-3.1386184020139606e-9,0.4290339479036004,2.0961752957762563e-8,-0.9032819868959041]}},{"t":3.5333333333333306,"j":false,"c":{"p":[-677.1790035558571,688.7598355315931,1486.6529314598965],"r":[-0.8838095477606618,-5.854823446269666e-9,-0.46536716583332927,-9.238281207012523e-9,1,6.786517676811692e-9,0.46536716583332927,7.527520145295898e-9,-0.8838095477606618]}},{"t":3.5666666666666638,"j":false,"c":{"p":[-676.974410067954,688.7839925631997,1487.0396765242704],"r":[-0.8617792981007563,5.011041459888493e-8,-0.5063556452085094,4.7894493490141247e-8,1,1.8130760430310695e-8,0.5063556452085094,-9.752477644905935e-9,-0.8617792981007563]}},{"t":3.599999999999997,"j":false,"c":{"p":[-676.7435358392413,688.8094795707912,1487.4129266763134],"r":[-0.8433688066142373,5.206433666145364e-8,-0.5364610452675239,5.125812714313141e-8,1,1.6349257994517413e-8,0.5364610452675239,-1.3298018089954093e-8,-0.8433688066142373]}},{"t":3.63333333333333,"j":false,"c":{"p":[-676.5046952763823,688.8353697265729,1487.78208619097],"r":[-0.8260555522013078,3.764611024041247e-8,-0.5632675182909408,3.832302144870339e-8,1,1.0589021745491233e-8,0.5632675182909408,-1.2680309206488174e-8,-0.8260555522013078]}},{"t":3.6666666666666634,"j":false,"c":{"p":[-676.2565446064418,688.8504244843546,1488.1081586613082],"r":[-0.783032687174373,-1.276446734471471e-8,-0.6166993591543918,-9.64844512708711e-9,1,-1.0711408204665686e-8,0.6166993591543918,2.5915638012878318e-9,-0.783032687174373]}},{"t":3.6999999999999966,"j":false,"c":{"p":[-676.0060504225885,688.8627517862927,1488.4233853822973],"r":[-0.7335382714297245,-7.22349381155155e-8,-0.676833262563306,-6.643916570917305e-8,1,-3.592357191111604e-8,0.676833262563306,2.1552141697675166e-8,-0.7335382714297245]}},{"t":3.73333333333333,"j":false,"c":{"p":[-675.7170739694461,688.8692254966087,1488.736510321378],"r":[-0.7131724868129987,-5.566377354003224e-8,-0.700958810653436,-5.1298106717574133e-8,1,-2.7053813570457108e-8,0.700958810653436,1.6304324120604233e-8,-0.7131724868129987]}},{"t":3.766666666666663,"j":false,"c":{"p":[-675.4073830341681,688.8725482981731,1489.0485038998454],"r":[-0.7084862481346503,1.839569049764066e-9,-0.7057015508489284,2.5628508268150977e-9,1,1.6177983739030177e-10,0.7057015508489284,-1.974543465426128e-9,-0.7084862481346503]}},{"t":3.7999999999999963,"j":false,"c":{"p":[-675.0953036127597,688.8850573103243,1489.3605414694002],"r":[-0.7050758084622021,3.7280386101381914e-8,-0.7091251956842256,3.5648965988856533e-8,1,1.7149038052488272e-8,0.7091251956842256,-1.3239002495955324e-8,-0.7050758084622021]}},{"t":3.8333333333333295,"j":false,"c":{"p":[-674.7813172682401,688.904900422955,1489.6726141606246],"r":[-0.7026839430987517,5.510689117997567e-8,-0.7114956992027487,5.2148831572179526e-8,1,2.5970182794403824e-8,0.7114956992027487,-1.890328758497268e-8,-0.7026839430987517]}},{"t":3.8666666666666627,"j":true,"c":{"p":[-674.4823564492845,688.9110875422485,1489.9684128636127],"r":[-0.7014473679365198,3.069040423836227e-8,-0.7127212548519523,2.8660220127117163e-8,1,1.4854016049138036e-8,0.7127212548519523,-1.00074512831381e-8,-0.7014473679365198]}},{"t":3.899999999999996,"j":true,"c":{"p":[-674.1853003016142,689.5679543640991,1490.2607528602393],"r":[-0.6956175976462393,-4.2782482120684944e-8,-0.7184077248701958,-4.122476351291477e-8,1,-1.96436395439305e-8,0.7184077248701958,1.596986486352215e-8,-0.6956175976462393]}},{"t":3.933333333333329,"j":false,"c":{"p":[-673.857420544898,690.9848830600282,1490.5704568874946],"r":[-0.6793093045543669,-8.629855433644881e-8,-0.7336377168858746,-8.347877889646501e-8,1,-4.0367831404194173e-8,0.7336377168858746,3.383174781641607e-8,-0.6793093045543669]}},{"t":3.9666666666666623,"j":false,"c":{"p":[-673.5281847443504,692.2333027163124,1490.8734667970673],"r":[-0.6624959643913745,-8.627135830080985e-8,-0.7488818771989882,-8.53238897853118e-8,1,-3.974757351740101e-8,0.7488818771989882,3.7574361496387633e-8,-0.6624959643913745]}},{"t":3.9999999999999956,"j":false,"c":{"p":[-673.1990073629688,693.1777310674413,1491.1597846890913],"r":[-0.6512991844880164,-4.4631862021346787e-8,-0.7587533159297941,-5.005758535903595e-8,1,-1.56081991573553e-8,0.7587533159297941,2.716449644815581e-8,-0.6512991844880164]}},{"t":4.033333333333329,"j":false,"c":{"p":[-672.8698641801996,693.9442027398509,1491.4363310647805],"r":[-0.6433903420772107,2.136749791102131e-8,-0.7654795604650577,6.933762185395565e-9,1,2.2299279036610405e-8,0.7654795604650577,8.469762499391626e-9,-0.6433903420772107]}},{"t":4.066666666666662,"j":false,"c":{"p":[-672.5394412811689,694.5018750971432,1491.703146648222],"r":[-0.6200233049410763,7.543005206442274e-8,-0.7835711498039332,5.2082863654844345e-8,1,5.54241987145317e-8,0.7835711498039332,-7.79590956579008e-9,-0.6200233049410763]}},{"t":4.099999999999995,"j":false,"c":{"p":[-672.207678912297,694.8409987073804,1491.9597770811406],"r":[-0.5804762861462212,1.1699843713798131e-7,-0.8135587641143509,8.48367710090758e-8,1,8.354324866145751e-8,0.8135587641143509,-2.1519099962018273e-8,-0.5804762861462212]}},{"t":4.133333333333328,"j":false,"c":{"p":[-671.8445645654893,694.9074958009003,1492.2124507015149],"r":[-0.5531287530477013,9.112594876032119e-8,-0.8327598281772695,6.376458148246964e-8,1,6.660760865771773e-8,0.8327598281772695,-1.502047089863658e-8,-0.5531287530477013]}},{"t":4.166666666666662,"j":false,"c":{"p":[-671.4667683203526,694.8463239221959,1492.463271375973],"r":[-0.5314941484613078,3.3671400416156465e-8,-0.8469096309009554,1.7486030702504276e-8,1,2.8573192096414222e-8,0.8469096309009554,9.478859740561084e-10,-0.5314941484613078]}},{"t":4.199999999999995,"j":false,"c":{"p":[-671.114762636229,694.4968543619786,1492.683514540127],"r":[-0.5167723505089411,-1.5303238876019683e-8,-0.8560141508968487,-2.410763444531643e-8,1,-3.6004113202212403e-9,0.8560141508968487,1.936524297108744e-8,-0.5167723505089411]}},{"t":4.233333333333328,"j":false,"c":{"p":[-670.7704456994602,694.061436766935,1492.8946418594821],"r":[-0.5041114159745895,-6.174982620919576e-8,-0.8636145584305083,-6.430462962563824e-8,1,-3.402677428169676e-8,0.8636145584305083,3.85127020864279e-8,-0.5041114159745895]}},{"t":4.266666666666661,"j":false,"c":{"p":[-670.381123231066,693.2143573037777,1493.0966741730326],"r":[-0.42619138633858195,-7.347328823515404e-8,-0.8999393394736963,-1.066022446687484e-7,1,-3.510299852408316e-8,0.8999393394736963,8.237840387797652e-8,-0.42619138633858195]}},{"t":4.2999999999999945,"j":false,"c":{"p":[-669.9863744812766,692.3176440943794,1493.2976099089178],"r":[-0.34040311915840793,-8.101021047278923e-8,-0.9397273955397494,-1.4915312978930398e-7,1,-3.264049972661902e-8,0.9397273955397494,1.2922436466250988e-7,-0.34040311915840793]}},{"t":4.333333333333328,"j":false,"c":{"p":[-669.5729098859935,691.041814183863,1493.4299218504136],"r":[-0.2966458521723223,-1.5076466480457594e-9,-0.9541413610286585,-9.311252962855722e-8,1,2.8954633618796547e-8,0.9541413610286585,9.438251511414347e-8,-0.2966458521723223]}},{"t":4.366666666666661,"j":false,"c":{"p":[-669.1581811983917,689.7457472952439,1493.5558343482753],"r":[-0.25366211551024037,7.795644454050988e-8,-0.966922795751726,-3.1373206369085434e-8,1,8.939297422237967e-8,0.966922795751726,5.301108862117951e-8,-0.25366211551024037]}},{"t":4.399999999999994,"j":false,"c":{"p":[-668.7428820938121,688.5129844411375,1493.6550535346787],"r":[-0.1831637284161532,7.757158669872144e-8,-0.9800639740906175,1.998224402937164e-8,1,7.981946827121823e-8,0.9800639740906175,-4.963793206574429e-9,-0.1831637284161532]}},{"t":4.433333333333327,"j":false,"c":{"p":[-668.3275829892324,687.2802215870312,1493.7542727210823],"r":[-0.11266534132206601,7.718672885693301e-8,-0.993205152429509,7.133769442782872e-8,1,7.024596232005677e-8,0.993205152429509,-6.293867503432838e-8,-0.11266534132206601]}},{"t":4.466666666666661,"j":false,"c":{"p":[-667.9293113763706,687.3094467605016,1493.7885955411552],"r":[-0.07258246881824529,3.4865181253610766e-8,-0.9967514370770014,7.625158192477846e-8,1,2.9556837897572904e-8,0.9967514370770014,-7.245585944763027e-8,-0.07258246881824529]}},{"t":4.499999999999994,"j":false,"c":{"p":[-667.5314477554705,687.4402861063855,1493.816296378383],"r":[-0.03672054667109732,-9.849699564295155e-9,-0.9993187398676977,7.19890417511775e-8,1,-1.2604059395358419e-8,0.9993187398676977,-7.237212418571436e-8,-0.03672054667109732]}},{"t":4.533333333333327,"j":false,"c":{"p":[-667.116841180568,687.4450001487689,1493.8286707396396],"r":[-0.02549329731399689,-3.5014705221749786e-8,-0.9996211999574158,-1.2548887282782243e-8,1,-3.5511624994207145e-8,0.9996211999574158,1.1879925055867001e-8,-0.02549329731399689]}},{"t":4.56666666666666,"j":false,"c":{"p":[-666.7030841561403,687.4456258766786,1493.8398441693275],"r":[-0.014185421628051639,-4.6232192522883465e-8,-0.9998781015244206,-7.531629680595598e-8,1,-4.5072736678933096e-8,0.9998781015244206,7.450165728725348e-8,-0.014185421628051639]}},{"t":4.599999999999993,"j":false,"c":{"p":[-666.2928179652214,687.4294525731192,1493.8460829279334],"r":[-0.0025462494520256847,-1.3882438771036826e-10,-0.9999478014801834,-4.8627857296996566e-8,1,2.0721162411813598e-10,0.9999478014801834,4.824363761274178e-8,-0.0025462494520256847]}},{"t":4.633333333333327,"j":false,"c":{"p":[-665.8981741259598,687.4391795889682,1493.8478451945557],"r":[0.007509897731991737,4.4338707167052506e-8,-0.999955269444608,-2.3306586444464662e-8,1,4.4268274880685227e-8,0.999955269444608,2.2791662811346967e-8,0.007509897731991737]}},{"t":4.66666666666666,"j":false,"c":{"p":[-665.5273963190463,687.4884741343658,1493.8427687915066],"r":[0.015147681375376091,8.634774940963637e-8,-0.9998676665291204,-7.391864576425218e-11,1,8.646726573061262e-8,0.9998676665291204,-1.4289293251495445e-9,0.015147681375376091]}},{"t":4.699999999999993,"j":false,"c":{"p":[-665.1421431978554,687.4893135209483,1493.8364593125184],"r":[0.018446622416377068,6.685797348388397e-8,-0.9998298287391663,1.0733593966187499e-8,1,6.706738551134418e-8,0.9998298287391663,-1.1968934499503945e-8,0.018446622416377068]}},{"t":4.733333333333326,"j":false,"c":{"p":[-664.7458840981751,687.4533111212038,1493.8292122920711],"r":[0.018446622416377068,6.089592494784528e-10,-0.9998298287391663,1.2093920279227384e-8,1,8.321940185412661e-10,0.9998298287391663,-1.2107214160791281e-8,0.018446622416377068]}},{"t":4.7666666666666595,"j":false,"c":{"p":[-664.3377522655878,687.4761723076684,1493.8217965280708],"r":[0.018446622416377068,-3.5213579115434386e-8,-0.9998298287391663,7.15609129882863e-9,1,-3.5087541469924236e-8,0.9998298287391663,-6.50762741822678e-9,0.018446622416377068]}},{"t":4.799999999999993,"j":false,"c":{"p":[-663.9252748609946,687.5205783191036,1493.814319001773],"r":[0.018446622416377