{"v":1,"d":[{"t":0.063720703125,"c":{"r":[0.4756240248680115,1.3553387745446344e-8,-0.8796486854553223,-5.5109826035959486e-8,1,-1.439002694780811e-8,0.8796486854553223,5.532152513865185e-8,0.4756240248680115],"p":[-958.0159301757812,169.17869567871094,874.9362182617188]},"j":false},{"t":0.014285714285714284,"j":false,"c":{"p":[-958.8802907817675,169.17869567871094,875.4035402530715],"r":[0.47562409264560535,2.4291096853490117e-9,-0.8796486402702597,-1.347721381376696e-8,1,-4.5256517613889545e-9,0.8796486402702597,1.4007711688498104e-8,0.47562409264560535]}},{"t":0.028571428571428567,"j":false,"c":{"p":[-958.6305080075246,169.17869567871094,875.2684936270957],"r":[0.4756240730592483,5.643801581366978e-9,-0.879648653327831,-2.5508198691860686e-8,1,-7.376257148969937e-9,0.879648653327831,2.59465701541274e-8,0.4756240730592483]}},{"t":0.04285714285714286,"j":false,"c":{"p":[-958.3807252332816,169.17869567871094,875.13344700112],"r":[0.4756240534728913,8.858493477384947e-9,-0.8796486663854024,-3.7539183569954426e-8,1,-1.0226862536550921e-8,0.8796486663854024,3.788542861975671e-8,0.4756240534728913]}},{"t":0.05714285714285714,"j":false,"c":{"p":[-958.1309424590386,169.17869567871094,874.9984003751441],"r":[0.4756240338865343,1.2073185373402914e-8,-0.8796486794429738,-4.957016844804816e-8,1,-1.3077467924131905e-8,0.8796486794429738,4.982428708538601e-8,0.4756240338865343]}},{"t":0.07142857142857142,"j":false,"c":{"p":[-957.8811596847956,169.17869567871094,874.8633537491684],"r":[0.47562401430017726,1.528787726942088e-8,-0.8796486925005451,-6.160115332614189e-8,1,-1.5928073311712888e-8,0.8796486925005451,6.176314555101532e-8,0.47562401430017726]}},{"t":0.08571428571428572,"j":false,"c":{"p":[-957.6313769105527,169.17869567871094,874.7283071231925],"r":[0.4756239947138202,1.850256916543885e-8,-0.8796487055581165,-7.363213820423564e-8,1,-1.8778678699293873e-8,0.8796487055581165,7.370200401664462e-8,0.4756239947138202]}},{"t":0.1,"j":false,"c":{"p":[-957.3815941363098,169.17869567871094,874.5932604972168],"r":[0.4756239751274632,2.171726106145682e-8,-0.8796487186156878,-8.566312308232937e-8,1,-2.1629284086874858e-8,0.8796487186156878,8.564086248227393e-8,0.4756239751274632]}},{"t":0.1142857142857143,"j":false,"c":{"p":[-957.1318113620669,169.17869567871094,874.458213871241],"r":[0.47562395554110615,2.4931952957474786e-8,-0.8796487316732592,-9.769410796042311e-8,1,-2.4479889474455843e-8,0.8796487316732592,9.757972094790324e-8,0.47562395554110615]}},{"t":0.1285714285714286,"j":false,"c":{"p":[-956.8820285878239,169.17869567871094,874.3231672452652],"r":[0.4756239359547491,2.8146644853492754e-8,-0.8796487447308305,-1.0972509283851685e-7,1,-2.7330494862036825e-8,0.8796487447308305,1.0951857941353255e-7,0.4756239359547491]}},{"t":0.14285714285714288,"j":false,"c":{"p":[-956.5959448119692,169.14969433057334,874.1685108948244],"r":[0.47562387225723035,2.1881743535152496e-8,-0.8796487703414926,-8.514951440966296e-8,1,-2.116458882195968e-8,0.8796487703414926,8.496804977699197e-8,0.47562387225723035]}},{"t":0.15714285714285717,"j":false,"c":{"p":[-956.3089223515113,169.11994305494736,874.0133474689419],"r":[0.475623807419069,1.537171542144691e-8,-0.8796487962767572,-5.962735005144887e-8,1,-1.4765530525065323e-8,0.8796487962767572,5.9473964170478035e-8,0.475623807419069]}},{"t":0.17142857142857146,"j":false,"c":{"p":[-956.0218998910535,169.09019177932137,873.8581840430595],"r":[0.4756237425809076,8.861687307741323e-9,-0.8796488222120217,-3.410518569323475e-8,1,-8.366472228170968e-9,0.8796488222120217,3.39798785639641e-8,0.4756237425809076]}},{"t":0.18571428571428575,"j":false,"c":{"p":[-955.7348774305957,169.0604405036954,873.703020617177],"r":[0.4756236777427463,2.3516591940357406e-9,-0.8796488481472863,-8.583021335020657e-9,1,-1.9674139312766138e-9,0.8796488481472863,8.485792957450178e-9,0.4756236777427463]}},{"t":0.20000000000000004,"j":false,"c":{"p":[-955.4388559714588,169.03754451418683,873.5429923613355],"r":[0.4756237021926957,-2.861380928161438e-9,-0.8796488294012469,1.1765027149195742e-8,1,3.108454722806165e-9,0.8796488294012469,-1.1827546401404403e-8,0.4756237021926957]}},{"t":0.21428571428571433,"j":false,"c":{"p":[-955.1280503239856,169.0259108711538,873.3749718204738],"r":[0.4756238733314371,-5.943637902178296e-9,-0.8796487372496169,2.361267394640461e-8,1,6.010494312002523e-9,0.8796487372496169,-2.36295912287865e-8,0.4756238733314371]}},{"t":0.22857142857142862,"j":false,"c":{"p":[-954.8172446765125,169.0142772281208,873.2069512796122],"r":[0.4756240444701784,-9.025894876195154e-9,-0.8796486450979869,3.546032074361348e-8,1,8.912533901198881e-9,0.8796486450979869,-3.54316360561686e-8,0.4756240444701784]}},{"t":0.2428571428571429,"j":false,"c":{"p":[-954.5064390290393,169.00264358508775,873.0389307387505],"r":[0.4756242156089198,-1.2108151850212013e-8,-0.8796485529463569,4.730796754082235e-8,1,1.181457349039524e-8,0.8796485529463569,-4.7233680883550703e-8,0.4756242156089198]}},{"t":0.2571428571428572,"j":false,"c":{"p":[-954.1956333815662,168.99100994205475,872.870910197889],"r":[0.4756243867476612,-1.5190408824228865e-8,-0.8796484607947269,5.915561433803119e-8,1,1.4716613079591591e-8,0.8796484607947269,-5.9035725710932774e-8,0.4756243867476612]}},{"t":0.27142857142857146,"j":false,"c":{"p":[-953.8993734601637,168.9901444113873,872.7097224509349],"r":[0.4779457337404248,-1.2503939088800689e-8,-0.878372296097374,4.823595283908271e-8,1,1.1847400842847567e-8,0.878372296097374,-4.806795664477417e-8,0.4779457337404248]}},{"t":0.28571428571428575,"j":false,"c":{"p":[-953.6056662949222,168.99116867054866,872.549733850497],"r":[0.4806744441011593,-8.805065257753996e-9,-0.8768721823144314,3.332065810490049e-8,1,7.965341355797594e-9,0.8768721823144314,-3.3104114614273375e-8,0.4806744441011593]}},{"t":0.30000000000000004,"j":false,"c":{"p":[-953.3119591296806,168.99219292971006,872.389745250059],"r":[0.48340315446189375,-5.106191426707302e-9,-0.8753720685314889,1.840536337071826e-8,1,4.083281868747622e-9,0.8753720685314889,-1.8140272583772576e-8,0.48340315446189375]}},{"t":0.31428571428571433,"j":false,"c":{"p":[-953.0182519644391,168.99321718887145,872.2297566496211],"r":[0.4861318648226282,-1.4073175956606115e-9,-0.8738719547485463,3.4900686365360504e-9,1,2.012223816976506e-10,0.8738719547485463,-3.1764305532717828e-9,0.4861318648226282]}},{"t":0.3285714285714286,"j":false,"c":{"p":[-952.7210076828977,168.99390859550465,872.0671411389935],"r":[0.4868244524116024,2.3203170080684495e-9,-0.8734912072834161,-1.1601436465248995e-8,1,-3.726759893457977e-9,0.8734912072834161,1.1966327356443992e-8,0.4868244524116024]}},{"t":0.3428571428571429,"j":false,"c":{"p":[-952.4176517697878,168.99402488052849,871.8999867029015],"r":[0.4839989107805177,6.097646117535899e-9,-0.8750445648758316,-2.6997407904594243e-8,1,-7.734090184824532e-9,0.8750445648758316,2.7418226341211222e-8,0.4839989107805177]}},{"t":0.3571428571428572,"j":false,"c":{"p":[-952.1142958566777,168.99414116555235,871.7328322668095],"r":[0.48117336914943304,9.874975227003349e-9,-0.8765979224682471,-4.2393379343939495e-8,1,-1.1741420476191087e-8,0.8765979224682471,4.2870125325978455e-8,0.48117336914943304]}},{"t":0.3714285714285715,"j":false,"c":{"p":[-951.8109399435677,168.99425745057619,871.5656778307176],"r":[0.4783478275183484,1.3652304336470798e-8,-0.8781512800606626,-5.778935078328474e-8,1,-1.5748750767557643e-8,0.8781512800606626,5.832202431074569e-8,0.4783478275183484]}},{"t":0.3857142857142858,"j":false,"c":{"p":[-951.5074988705504,168.99436950683594,871.3985923160203],"r":[0.4756250303619778,1.7327457179115437e-8,-0.8796481530315812,-7.275290153796604e-8,1,-1.96392673311217e-8,0.8796481530315812,7.333788134346422e-8,0.4756250303619778]}},{"t":0.4000000000000001,"j":false,"c":{"p":[-951.201801180586,168.99436950683594,871.2333331206822],"r":[0.47562481628564396,1.8295083646183296e-8,-0.8796482635225922,-7.625791651444245e-8,1,-2.043438553174525e-8,0.8796482635225922,7.679924414047975e-8,0.47562481628564396]}},{"t":0.41428571428571437,"j":false,"c":{"p":[-950.8961034906215,168.99436950683594,871.068073925344],"r":[0.4756246022093102,1.9262710113251156e-8,-0.8796483740136032,-7.976293149091885e-8,1,-2.1229503732368803e-8,0.8796483740136032,8.026060693749528e-8,0.4756246022093102]}},{"t":0.42857142857142866,"j":false,"c":{"p":[-950.5904058006571,168.99436950683594,870.9028147300058],"r":[0.47562438813297636,2.0230336580319012e-8,-0.8796484845046142,-8.326794646739526e-8,1,-2.202462193299235e-8,0.8796484845046142,8.37219697345108e-8,0.47562438813297636]}},{"t":0.44285714285714295,"j":false,"c":{"p":[-950.2847081106927,168.99436950683594,870.7375555346676],"r":[0.47562417405664253,2.1197963047386875e-8,-0.8796485949956252,-8.677296144387166e-8,1,-2.2819740133615902e-8,0.8796485949956252,8.718333253152632e-8,0.47562417405664253]}},{"t":0.45714285714285724,"j":false,"c":{"p":[-949.9790240528208,168.99436950683594,870.5723037087953],"r":[0.4756242187907075,1.3767438614864628e-8,-0.8796485661274038,-5.5972898250871527e-8,1,-1.461334381560138e-8,0.8796485661274038,5.6186943507832685e-8,0.4756242187907075]}},{"t":0.47142857142857153,"j":false,"c":{"p":[-949.6733452767203,168.99436950683594,870.4070547382315],"r":[0.4756243638011869,3.083040055781869e-9,-0.8796484832642728,-1.1881289383127231e-8,1,-2.919299378107981e-9,0.8796484832642728,1.1839855211240603e-8,0.4756243638011869]}},{"t":0.4857142857142858,"j":false,"c":{"p":[-949.3676665006197,168.99436950683594,870.2418057676679],"r":[0.47562450881166635,-7.601358503300887e-9,-0.8796484004011417,3.221031948461708e-8,1,8.774745059385413e-9,0.8796484004011417,-3.250723308535147e-8,0.47562450881166635]}},{"t":0.5000000000000001,"j":false,"c":{"p":[-949.0619877245192,168.99436950683594,870.0765567971041],"r":[0.47562465382214575,-1.8285757062383647e-8,-0.8796483175380105,7.630192835236139e-8,1,2.046878949687881e-8,0.8796483175380105,-7.685432138194355e-8,0.47562465382214575]}},{"t":0.5142857142857143,"j":false,"c":{"p":[-948.7606451338887,168.99436950683594,869.9136519545634],"r":[0.47562470218724867,-2.3010843258439284e-8,-0.8796482884556088,9.566252953620064e-8,1,2.5565468317582693e-8,0.8796482884556088,-9.630894969877954e-8,0.47562470218724867]}},{"t":0.5285714285714286,"j":false,"c":{"p":[-948.4656767030095,168.99436950683594,869.7541929624365],"r":[0.47562460848438126,-1.8975785481812542e-8,-0.8796483384304715,7.866873700766313e-8,1,2.0964069722162775e-8,0.8796483384304715,-7.917185065294207e-8,0.47562460848438126]}},{"t":0.5428571428571428,"j":false,"c":{"p":[-948.1707082721302,168.99436950683594,869.5947339703096],"r":[0.4756245147815138,-1.4940727705185803e-8,-0.8796483884053342,6.167494447912563e-8,1,1.6362671126742857e-8,0.8796483884053342,-6.203475160710457e-8,0.4756245147815138]}},{"t":0.557142857142857,"j":false,"c":{"p":[-947.875739841251,168.99436950683594,869.4352749781825],"r":[0.47562442107864633,-1.0905669928559057e-8,-0.8796484383801968,4.46811519505881e-8,1,1.1761272531322935e-8,0.8796484383801968,-4.489765256126709e-8,0.47562442107864633]}},{"t":0.5714285714285713,"j":false,"c":{"p":[-947.5807714103717,168.99436950683594,869.2758159860556],"r":[0.47562432737577887,-6.870612151932314e-9,-0.8796484883550595,2.7687359422050584e-8,1,7.159873935903017e-9,0.8796484883550595,-2.776055351542962e-8,0.47562432737577887]}},{"t":0.5857142857142855,"j":false,"c":{"p":[-947.2815640601841,168.99436950683594,869.1140654476822],"r":[0.47562445512246654,-2.7864842496484133e-9,-0.8796484256246112,1.0486956487528574e-8,1,2.502540473828455e-9,0.8796484256246112,-1.0415106733346139e-8,0.47562445512246654]}},{"t":0.5999999999999998,"j":false,"c":{"p":[-946.9799105800975,168.99436950683594,868.9509925392939],"r":[0.4756247106598335,1.3259602807185402e-9,-0.8796482978559277,-6.832673979957746e-9,1,-2.1870710147382536e-9,0.8796482978559277,7.050570133339996e-9,0.4756247106598335]}},{"t":0.614285714285714,"j":false,"c":{"p":[-946.6782571000107,168.99436950683594,868.7879196309055],"r":[0.47562496619720046,5.438404811085493e-9,-0.8796481700872442,-2.4152304447444064e-8,1,-6.876682503304961e-9,0.8796481700872442,2.4516247000026134e-8,0.47562496619720046]}},{"t":0.6285714285714282,"j":false,"c":{"p":[-946.3766036199239,168.99436950683594,868.6248467225172],"r":[0.47562522173456745,9.550849341452443e-9,-0.8796480423185606,-4.147193491493037e-8,1,-1.1566293991871667e-8,0.8796480423185606,4.198192386671226e-8,0.47562522173456745]}},{"t":0.6428571428571425,"j":false,"c":{"p":[-946.0749501398371,168.99436950683594,868.461773814129],"r":[0.47562547727193444,1.3663293871819397e-8,-0.8796479145498772,-5.8791565382416686e-8,1,-1.6255905480438374e-8,0.8796479145498772,5.944760073339839e-8,0.47562547727193444]}},{"t":0.6571428571428567,"j":true,"c":{"p":[-945.8403732923947,168.99436950683594,868.3349623192241],"r":[0.47562548518180847,1.685405082228289e-8,-0.8796479105949402,-7.22296062664658e-8,1,-1.9894539891442397e-8,0.8796479105949402,7.299897204086432e-8,0.47562548518180847]}},{"t":0.6714285714285709,"j":true,"c":{"p":[-945.6079390491899,168.99436950683594,868.2093091093307],"r":[0.47562548518180847,2.001536664494018e-8,-0.8796479105949402,-8.554365896025508e-8,1,-2.349960332770772e-8,0.8796479105949402,8.642531012367337e-8,0.47562548518180847]}},{"t":0.6857142857142852,"j":true,"c":{"p":[-945.2155097372937,169.78802936962788,867.9971630760433],"r":[0.47562546534623346,2.5348118694907472e-8,-0.8796479105949402,-1.080028721003595e-7,1,-2.95809211767152e-8,0.8796479105949402,1.0907393801825461e-7,0.47562546534623346]}},{"t":0.6999999999999994,"j":false,"c":{"p":[-944.8860617438836,170.54421087899814,867.8190645424787],"r":[0.4756253968315569,2.982006254074037e-8,-0.879647939340547,-1.2683672606136902e-7,1,-3.468058299233204e-8,0.879647939340547,1.2806663030233474e-7,0.4756253968315569]}},{"t":0.7142857142857136,"j":false,"c":{"p":[-944.5755737005748,171.20981009281277,867.6512156974145],"r":[0.47562536223106106,3.178790384812629e-8,-0.879647970199585,-1.350632510628715e-7,1,-3.6891579027056415e-8,0.879647970199585,1.3635468286112672e-7,0.47562536223106106]}},{"t":0.7285714285714279,"j":false,"c":{"p":[-944.2711263608796,171.7759990431279,867.4866324374406],"r":[0.4756253484761753,2.7663717570576218e-8,-0.879647970199585,-1.1746921847486851e-7,1,-3.206694259469049e-8,0.879647970199585,1.1858340908319115e-7,0.4756253484761753]}},{"t":0.7428571428571421,"j":false,"c":{"p":[-943.9666790211846,172.34218799344308,867.3220491774666],"r":[0.4756253347212896,2.3539531293026148e-8,-0.879647970199585,-9.987518588686551e-8,1,-2.7242306162324565e-8,0.879647970199585,1.0081213530525559e-7,0.4756253347212896]}},{"t":0.7571428571428563,"j":false,"c":{"p":[-943.6622316814895,172.9083769437582,867.1574659174927],"r":[0.47562532096640386,1.9415345015476072e-8,-0.879647970199585,-8.228115329886252e-8,1,-2.241766972995864e-8,0.879647970199585,8.304086152732e-8,0.47562532096640386]}},{"t":0.7714285714285706,"j":false,"c":{"p":[-943.3577843417945,173.47456589407335,866.9928826575187],"r":[0.47562530721151813,1.5291158737926e-8,-0.879647970199585,-6.468712071085954e-8,1,-1.7593033297592716e-8,0.879647970199585,6.526958774938443e-8,0.47562530721151813]}},{"t":0.7857142857142848,"j":false,"c":{"p":[-943.1080432257269,173.80478236360366,866.8578734074031],"r":[0.47562530636787415,7.751965237900656e-9,-0.879647970199585,-3.2638018641179625e-8,1,-8.834789703806432e-9,0.879647970199585,3.2912017459910785e-8,0.47562530636787415]}},{"t":0.799999999999999,"j":false,"c":{"p":[-942.8011516081434,174.19723519379235,866.6919687786053],"r":[0.47562530636787415,-1.9252078127091792e-9,-0.879647970199585,8.494571319580174e-9,1,2.4043978623337342e-9,0.879647970199585,-8.615824425497643e-9,0.47562530636787415]}},{"t":0.8142857142857133,"j":false,"c":{"p":[-942.4942599905601,174.58968802398104,866.5260641498077],"r":[0.47562530636787415,-1.1602380863319011e-8,-0.879647970199585,4.9627161280339967e-8,1,1.3643585428473896e-8,0.879647970199585,-5.014366631090606e-8,0.47562530636787415]}},{"t":0.8285714285714275,"j":false,"c":{"p":[-942.1873683729766,174.9821408541697,866.3601595210099],"r":[0.47562530636787415,-2.1279553913928846e-8,-0.879647970199585,9.075975124109977e-8,1,2.488277299461407e-8,0.879647970199585,-9.167150819631449e-8,0.47562530636787415]}},{"t":0.8428571428571418,"j":false,"c":{"p":[-941.8803941190938,175.2882928871894,866.1942102192926],"r":[0.47562531192668245,-2.5441213236481876e-8,-0.879647970199585,1.0841098813058608e-7,1,2.969573972477727e-8,0.879647970199585,-1.0948755220644853e-7,0.47562531192668245]}},{"t":0.857142857142856,"j":false,"c":{"p":[-941.5733205235571,175.49069797136835,866.0282072137943],"r":[0.47562532416804093,-2.297236925725113e-8,-0.879647970199585,9.783399520397465e-8,1,2.6783391901884556e-8,0.879647970199585,-9.879833598969384e-8,0.47562532416804093]}},{"t":0.8714285714285702,"j":false,"c":{"p":[-941.2662469280203,175.69310305554728,865.8622042082959],"r":[0.4756253364093994,-2.0503525278020387e-8,-0.879647970199585,8.725700227736322e-8,1,2.387104407899184e-8,0.879647970199585,-8.810911977293916e-8,0.4756253364093994]}},{"t":0.8857142857142845,"j":false,"c":{"p":[-940.9591733324837,175.8955081397262,865.6962012027976],"r":[0.47562534865075784,-1.8034681298789645e-8,-0.879647970199585,7.668000935075179e-8,1,2.0958696256099126e-8,0.879647970199585,-7.741990355618447e-8,0.47562534865075784]}},{"t":0.8999999999999987,"j":false,"c":{"p":[-940.652099736947,176.09791322390512,865.5301981972992],"r":[0.4756253608921163,-1.55658373195589e-8,-0.879647970199585,6.610301642414036e-8,1,1.804634843320641e-8,0.879647970199585,-6.673068733942979e-8,0.4756253608921163]}},{"t":0.9142857142857129,"j":false,"c":{"p":[-940.3491917635574,176.18544462746706,865.3664471138361],"r":[0.4756253585404429,-1.2213716414580873e-8,-0.879647970199585,5.176665831281379e-8,1,1.4105437755288967e-8,0.879647970199585,-5.224534193192607e-8,0.4756253585404429]}},{"t":0.9285714285714272,"j":false,"c":{"p":[-940.0492391271533,176.19147789581945,865.2042936761131],"r":[0.47562534583561566,-8.234946986325674e-9,-0.879647970199585,3.4763185763432266e-8,1,9.434804183666702e-9,0.879647970199585,-3.506679954144934e-8,0.47562534583561566]}},{"t":0.9428571428571414,"j":false,"c":{"p":[-939.7492864907492,176.19751116417183,865.0421402383902],"r":[0.4756253331307884,-4.256177558070475e-9,-0.879647970199585,1.7759713214050744e-8,1,4.76417061204444e-9,0.879647970199585,-1.7888257150972612e-8,0.4756253331307884]}},{"t":0.9571428571428556,"j":false,"c":{"p":[-939.4493338543451,176.2035444325242,864.8799868006672],"r":[0.47562532042596123,-2.7740812981527767e-10,-0.879647970199585,7.562406646692227e-10,1,9.35370404221778e-11,0.879647970199585,-7.09714760495885e-10,0.47562532042596123]}},{"t":0.9714285714285699,"j":false,"c":{"p":[-939.149381217941,176.20957770087657,864.7178333629442],"r":[0.475625307721134,3.701361298439923e-9,-0.879647970199585,-1.6247231884712312e-8,1,-4.577096531200089e-9,0.879647970199585,1.6468827629980855e-8,0.475625307721134]}},{"t":0.9857142857142841,"j":false,"c":{"p":[-938.8350570597786,176.03545517352657,864.5479107264358],"r":[0.47562530636787415,7.857584718933727e-9,-0.879647970199585,-3.40090429576054e-8,1,-9.456029351813634e-9,0.879647970199585,3.4413512766750995e-8,0.47562530636787415]}},{"t":0.9999999999999983,"j":false,"c":{"p":[-938.5190196224949,175.83985564683448,864.3770618967037],"r":[0.47562530636787415,1.2034963047376528e-8,-0.879647970199585,-5.186125820488017e-8,1,-1.435979425077417e-8,0.879647970199585,5.244953244645909e-8,0.47562530636787415]}},{"t":1.0142857142857127,"j":false,"c":{"p":[-938.2029821852112,175.64425612014236,864.2062130669716],"r":[0.47562530636787415,1.621234137581936e-8,-0.879647970199585,-6.971347345215509e-8,1,-1.9263559149734747e-8,0.879647970199585,7.048555212616732e-8,0.47562530636787415]}},{"t":1.028571428571427,"j":false,"c":{"p":[-937.8869447479275,175.44865659345027,864.0353642372395],"r":[0.47562530636787415,2.038971970426216e-8,-0.879647970199585,-8.756568869942986e-8,1,-2.4167324048695284e-8,0.879647970199585,8.852157180587541e-8,0.47562530636787415]}},{"t":1.0428571428571412,"j":false,"c":{"p":[-937.574191931553,175.22530872389228,863.8662910630856],"r":[0.47562530636787415,2.4377108078971646e-8,-0.879647970199585,-1.0460461283296959e-7,1,-2.8847327018614103e-8,0.879647970199585,1.0573575496186921e-7,0.47562530636787415]}},{"t":1.0571428571428554,"j":false,"c":{"p":[-937.2783714732896,174.85891698674686,863.7063714676747],"r":[0.47562530636787415,2.738509029900899e-8,-0.879647970199585,-1.1745098727280099e-7,1,-3.237382788919354e-8,0.879647970199585,1.1871333647844162e-7,0.47562530636787415]}},{"t":1.0714285714285696,"j":false,"c":{"p":[-936.9825510150262,174.49252524960144,863.5464518722637],"r":[0.47562530636787415,3.039307251904633e-8,-0.879647970199585,-1.3029736171263238e-7,1,-3.590032875977297e-8,0.879647970199585,1.3169091799501405e-7,0.47562530636787415]}},{"t":1.0857142857142839,"j":false,"c":{"p":[-936.6867305567628,174.12613351245602,863.3865322768527],"r":[0.47562530636787415,3.3401054739083673e-8,-0.879647970199585,-1.431437361524638e-7,1,-3.94268296303524e-8,0.879647970199585,1.4466849951158645e-7,0.47562530636787415]}},{"t":1.099999999999998,"j":false,"c":{"p":[-936.3909100984994,173.7597417753106,863.2266126814418],"r":[0.47562530636787415,3.640903695912101e-8,-0.879647970199585,-1.5599011059229518e-7,1,-4.295333050093183e-8,0.879647970199585,1.5764608102815888e-7,0.47562530636787415]}},{"t":1.1142857142857123,"j":false,"c":{"p":[-936.1076457052176,173.29542501356963,863.073480854678],"r":[0.47562530636787415,3.107955388751481e-8,-0.879647970199585,-1.331291996122089e-7,1,-3.6651099175895514e-8,0.879647970199585,1.3453902579910769e-7,0.47562530636787415]}},{"t":1.1285714285714266,"j":false,"c":{"p":[-935.8296922005844,172.78968851544502,862.9232200773642],"r":[0.47562530636787415,2.2223540024481347e-8,-0.879647970199585,-9.51650363717706e-8,1,-2.6191569977215058e-8,0.879647970199585,9.616910852150883e-8,0.47562530636787415]}},{"t":1.1428571428571408,"j":false,"c":{"p":[-935.5517386959514,172.28395201732042,862.7729593000504],"r":[0.47562530636787415,1.336752616144788e-8,-0.879647970199585,-5.7200873131332286e-8,1,-1.57320407785346e-8,0.879647970199585,5.779919124390997e-8,0.47562530636787415]}},{"t":1.157142857142855,"j":false,"c":{"p":[-935.2737851913182,171.7782155191958,862.6226985227366],"r":[0.47562530636787415,4.51151229841441e-9,-0.879647970199585,-1.923670989089396e-8,1,-5.272511579854142e-9,0.879647970199585,1.9429273966311087e-8,0.47562530636787415]}},{"t":1.1714285714285693,"j":false,"c":{"p":[-934.995831686685,171.2724790210712,862.4724377454228],"r":[0.47562530636787415,-4.3445015646190534e-9,-0.879647970199585,1.8727453349544327e-8,1,5.187017618826311e-9,0.879647970199585,-1.8940643311287744e-8,0.47562530636787415]}},{"t":1.1857142857142835,"j":false,"c":{"p":[-934.6815942407202,170.68229720620363,862.3025123850288],"r":[0.4756253255679707,-7.607471035294498e-9,-0.8796479573995206,3.269500410388674e-8,1,9.029864396304963e-9,0.8796479573995206,-3.305492519914845e-8,0.4756253255679707]}},{"t":1.1999999999999977,"j":false,"c":{"p":[-934.365701368855,170.08826264107304,862.1316898437068],"r":[0.4756253456440564,-1.0615262313921607e-8,-0.8796479440154634,4.556772854183998e-8,1,1.2570830312636285e-8,0.8796479440154634,-4.6062563057114806e-8,0.4756253456440564]}},{"t":1.214285714285712,"j":false,"c":{"p":[-934.0498084969896,169.4942280759425,861.9608673023849],"r":[0.47562536572014213,-1.3623053592548717e-8,-0.8796479306314063,5.844045297979321e-8,1,1.6111796228967607e-8,0.8796479306314063,-5.907020091508116e-8,0.47562536572014213]}},{"t":1.2285714285714262,"j":false,"c":{"p":[-933.7339156251243,168.9001935108119,861.790044761063],"r":[0.4756253857962278,-1.6630844871175826e-8,-0.8796479172473491,7.131317741774645e-8,1,1.9652762145298928e-8,0.8796479172473491,-7.207783877304752e-8,0.4756253857962278]}},{"t":1.2428571428571404,"j":true,"c":{"p":[-933.5625844559653,168.6083596867393,861.6973925239975],"r":[0.47562531889400417,-1.7852471178631706e-8,-0.8796479526770826,7.65373975738858e-8,1,2.1088725787523628e-8,0.8796479526770826,-7.735629436580244e-8,0.47562531889400417]}},{"t":1.2571428571428547,"j":true,"c":{"p":[-933.263170872543,168.6799729008761,861.5354180924099],"r":[0.4756237113924204,-1.2136668173722859e-8,-0.8796488325726863,5.198947308744339e-8,1,1.4313428565624308e-8,0.8796488325726863,-5.2540276703723285e-8,0.4756237113924204]}},{"t":1.271428571428569,"j":true,"c":{"p":[-932.912463444808,169.07121222569677,861.3456951158784],"r":[0.4756234943034418,-5.444258800215754e-9,-0.8796489644494497,2.3246939494119376e-8,1,6.380409332254837e-9,0.8796489644494497,-2.3483821477114534e-8,0.4756234943034418]}},{"t":1.2857142857142831,"j":false,"c":{"p":[-932.5297760075161,169.98303004150873,861.138767990905],"r":[0.4756243133595721,1.8467734970450984e-9,-0.8796485285732847,-8.066823301765746e-9,1,-2.2622640199523835e-9,0.8796485285732847,8.171958372963847e-9,0.4756243133595721]}},{"t":1.2999999999999974,"j":false,"c":{"p":[-932.1704617218019,170.78345601553468,860.9445238350609],"r":[0.4756236031322994,8.6851294694162e-9,-0.8796488938330249,-3.743626945139372e-8,1,-1.0368269776747616e-8,0.8796488938330249,3.7862168421266555e-8,0.4756236031322994]}},{"t":1.3142857142857116,"j":false,"c":{"p":[-931.8574299851107,171.3858210280776,860.774162330636],"r":[0.4793882211987158,1.5144364091282057e-8,-0.877547379105326,-6.273970989978986e-8,1,-1.7487655619132258e-8,0.877547379105326,6.334226051559093e-8,0.4793882211987158]}},{"t":1.3285714285714258,"j":false,"c":{"p":[-931.5594519827451,171.92376527820835,860.6115688315836],"r":[0.4843775395674792,2.148028674766322e-8,-0.8747622126863713,-8.672065254102555e-8,1,-2.4286136187598197e-8,0.8747622126863713,8.745298124864638e-8,0.4843775395674792]}},{"t":1.34285714285714,"j":false,"c":{"p":[-931.2614739803797,172.46170952833913,860.4489753325311],"r":[0.4893668579362426,2.7816209404044383e-8,-0.8719770462674167,-1.1070159518226126e-7,1,-3.1084616756064137e-8,0.8719770462674167,1.1156370198170181e-7,0.4893668579362426]}},{"t":1.3571428571428543,"j":false,"c":{"p":[-930.9634959780142,172.9996537784699,860.2863818334786],"r":[0.494356176305006,3.4152132060425546e-8,-0.869191879848462,-1.3468253782349695e-7,1,-3.7883097324530076e-8,0.869191879848462,1.3567442271475726e-7,0.494356176305006]}},{"t":1.3714285714285686,"j":false,"c":{"p":[-930.6662585037844,173.52952248476603,860.1232429223609],"r":[0.499649476880573,3.977786203603889e-8,-0.8662035336565553,-1.55985542228852e-7,1,-4.391990611662136e-8,0.8662035336565553,1.5709332539013036e-7,0.499649476880573]}},{"t":1.3857142857142828,"j":false,"c":{"p":[-930.3860764616414,173.87339975764343,859.9475423839534],"r":[0.5119439265471428,2.904682924689335e-8,-0.858535663956773,-1.156117628413632e-7,1,-3.2414314250199255e-8,0.858535663956773,1.1651577193784761e-7,0.5119439265471428]}},{"t":1.399999999999997,"j":false,"c":{"p":[-930.1058944194984,174.2172770305208,859.771841845546],"r":[0.5242383762137127,1.8315796457747803e-8,-0.8508677942569909,-7.523798345387438e-8,1,-2.0908722383777155e-8,0.8508677942569909,7.593821848556485e-8,0.5242383762137127]}},{"t":1.4142857142857113,"j":false,"c":{"p":[-929.8257123773554,174.56115430339818,859.5961413071385],"r":[0.5365328258802825,7.58476366860226e-9,-0.8431999245572086,-3.486420406638556e-8,1,-9.403130517355055e-9,0.8431999245572086,3.536066503328212e-8,0.5365328258802825]}},{"t":1.4285714285714255,"j":false,"c":{"p":[-929.5455303352126,174.90503157627558,859.420440768731],"r":[0.5488272755468524,-3.146269120543287e-9,-0.8355320548574263,5.509575321103276e-9,1,2.102461349067048e-9,0.8355320548574263,-5.2168884190006535e-9,0.5488272755468524]}},{"t":1.4428571428571397,"j":false,"c":{"p":[-929.2637429229001,175.21490465159633,859.240961908701],"r":[0.5586332348248998,-1.2802816920339018e-8,-0.8294148192380415,4.115500416319337e-8,1,1.2285888766361014e-8,0.8294148192380415,-4.099712131759041e-8,0.5586332348248998]}},{"t":1.457142857142854,"j":false,"c":{"p":[-928.9757171419421,175.3926395298287,859.0468007258074],"r":[0.5587690752047227,-1.828398287044243e-8,-0.8293232512259109,5.8426356827460693e-8,1,1.733146735568894e-8,0.8293232512259109,-5.813526487515887e-8,0.5587690752047227]}},{"t":1.4714285714285682,"j":false,"c":{"p":[-928.6876913609842,175.57037440806104,858.8526395429138],"r":[0.5589049155845457,-2.3765148820545842e-8,-0.8292316832137803,7.569770949172801e-8,1,2.2377045945016862e-8,0.8292316832137803,-7.527340843272733e-8,0.5589049155845457]}},{"t":1.4857142857142824,"j":false,"c":{"p":[-928.3996655800263,175.74810928629338,858.6584783600201],"r":[0.5590407559643686,-2.9246314770649253e-8,-0.8291401152016495,9.296906215599533e-8,1,2.7422624534344785e-8,0.8291401152016495,-9.241155199029579e-8,0.5590407559643686]}},{"t":1.4999999999999967,"j":false,"c":{"p":[-928.1116397990684,175.92584416452576,858.4643171771265],"r":[0.5591765963441916,-3.472748072075267e-8,-0.8290485471895189,1.1024041482026265e-7,1,3.2468203123672705e-8,0.8290485471895189,-1.0954969554786425e-7,0.5591765963441916]}},{"t":1.514285714285711,"j":false,"c":{"p":[-927.8163833588742,175.92993556110704,858.2651737738246],"r":[0.5601154832302407,-3.473931489763532e-8,-0.8284110017937572,1.09750069756179e-7,1,3.225518851047488e-8,0.8284110017937572,-1.0898858201144191e-7,0.5601154832302407]}},{"t":1.5285714285714251,"j":false,"c":{"p":[-927.5202060405162,175.91191217045667,858.0653958477451],"r":[0.5611566440539778,-3.405458904638415e-8,-0.8277039221226083,1.0699764055049294e-7,1,3.137245299151112e-8,0.8277039221226083,-1.0617333661201899e-7,0.5611566440539778]}},{"t":1.5428571428571394,"j":false,"c":{"p":[-927.2240287221582,175.8938887798063,857.8656179216656],"r":[0.5621978048777149,-3.3369863195132965e-8,-0.8269968424514594,1.0424521134480685e-7,1,3.048971747254736e-8,0.8269968424514594,-1.0335809121259609e-7,0.5621978048777149]}},{"t":1.5571428571428536,"j":false,"c":{"p":[-926.9278514038002,175.87586538915593,857.6658399955861],"r":[0.563238965701452,-3.268513734388178e-8,-0.8262897627803106,1.0149278213912079e-7,1,2.9606981953583606e-8,0.8262897627803106,-1.0054284581317318e-7,0.563238965701452]}},{"t":1.5714285714285678,"j":false,"c":{"p":[-926.6316740854421,175.85784199850556,857.4660620695066],"r":[0.5642801265251891,-3.20004114926306e-8,-0.8255826831091618,9.874035293343472e-8,1,2.872424643461985e-8,0.8255826831091618,-9.772760041375027e-8,0.5642801265251891]}},{"t":1.585714285714282,"j":false,"c":{"p":[-926.3557233685243,175.68816463911028,857.2776457570061],"r":[0.5645427371720803,-3.16288832384378e-8,-0.8254037971362592,9.710120281820977e-8,1,2.8093194535657695e-8,0.8254037971362592,-9.600765405654392e-8,0.5645427371720803]}},{"t":1.5999999999999963,"j":false,"c":{"p":[-926.0833504942175,175.4916615159755,857.0912391773473],"r":[0.5646676316531745,-3.1312755873598596e-8,-0.8253183422781182,9.565897838916378e-8,1,2.7506662443088633e-8,0.8253183422781182,-9.448145293115565e-8,0.5646676316531745]}},{"t":1.6142857142857105,"j":false,"c":{"p":[-925.8109776199105,175.29515839284068,856.9048325976886],"r":[0.5647925261342688,-3.09966285087594e-8,-0.8252328874199772,9.421675396011778e-8,1,2.6920130350519575e-8,0.8252328874199772,-9.295525180576738e-8,0.5647925261342688]}},{"t":1.6285714285714248,"j":false,"c":{"p":[-925.5386047456037,175.0986552697059,856.7184260180298],"r":[0.5649174206153631,-3.0680501143920194e-8,-0.8251474325618362,9.277452953107178e-8,1,2.6333598257950517e-8,0.8251474325618362,-9.142905068037912e-8,0.5649174206153631]}},{"t":1.642857142857139,"j":false,"c":{"p":[-925.2663618039104,174.79861686967632,856.5301052920809],"r":[0.5691612274434491,-3.116207684431263e-8,-0.8221136754099652,9.216244725400081e-8,1,2.5893631574691978e-8,0.8221136754099652,-9.050051167668091e-8,0.5691612274434491]}},{"t":1.6571428571428533,"j":false,"c":{"p":[-924.9942028062253,174.43168867285067,856.3405479165548],"r":[0.5760660906590246,-3.21590150137814e-8,-0.8171751438929123,9.208668497841054e-8,1,2.5548354650713122e-8,0.8171751438929123,-8.995809708459961e-8,0.5760660906590246]}},{"t":1.6714285714285675,"j":false,"c":{"p":[-924.7220438085401,174.06476047602501,856.1509905410287],"r":[0.5829709538746002,-3.315595318325017e-8,-0.8122366123758595,9.201092270282027e-8,1,2.5203077726734266e-8,0.8122366123758595,-8.941568249251833e-8,0.5829709538746002]}},{"t":1.6857142857142817,"j":false,"c":{"p":[-924.4498848108549,173.69783227919936,855.9614331655026],"r":[0.5898758170901757,-3.4152891352718935e-8,-0.8072980808588067,9.193516042722999e-8,1,2.4857800802755414e-8,0.8072980808588067,-8.887326790043704e-8,0.5898758170901757]}},{"t":1.699999999999996,"j":false,"c":{"p":[-924.1777258131698,173.3309040823737,855.7718757899765],"r":[0.5967806803057513,-3.514982952218771e-8,-0.8023595493417539,9.185939815163972e-8,1,2.451252387877656e-8,0.8023595493417539,-8.833085330835575e-8,0.5967806803057513]}},{"t":1.7142857142857102,"j":false,"c":{"p":[-923.9057253787598,172.79939447289652,855.5590451078601],"r":[0.6103025817578601,-4.07012666928313e-8,-0.7914283673821393,9.910494737778864e-8,1,2.5601216260147447e-8,0.7914283673821393,-9.377973785773097e-8,0.6103025817578601]}},{"t":1.7285714285714244,"j":false,"c":{"p":[-923.6337688446819,172.22231833098658,855.3397709041913],"r":[0.6256564974244317,-4.751367691692372e-8,-0.7788380411950565,1.0837749815058773e-7,1,2.7086921936076605e-8,0.7788380411950565,-1.0088739250906008e-7,0.6256564974244317]}},{"t":1.7428571428571387,"j":false,"c":{"p":[-923.3618123106038,171.64524218907664,855.1204967005224],"r":[0.6410104130910035,-5.432608714101614e-8,-0.7662477150079737,1.1765004892338681e-7,1,2.8572627612005763e-8,0.7662477150079737,-1.079950471603892e-7,0.6410104130910035]}},{"t":1.757142857142853,"j":false,"c":{"p":[-923.0898557765257,171.0681660471667,854.9012224968534],"r":[0.6563643287575751,-6.113849736510855e-8,-0.753657388820891,1.2692259969618591e-7,1,3.005833328793492e-8,0.753657388820891,-1.1510270181171831e-7,0.6563643287575751]}},{"t":1.7714285714285671,"j":true,"c":{"p":[-922.8302175869485,170.56296200317672,854.6878516789695],"r":[0.6686127332559606,-6.613104392686848e-8,-0.7436107696030941,1.3316440195535609e-7,1,3.080050987039668e-8,0.7436107696030941,-1.1961638926092835e-7,0.6686127332559606]}},{"t":1.7857142857142814,"j":true,"c":{"p":[-922.6184749335647,170.33720725263805,854.4974340937634],"r":[0.6687864533236587,-6.404769275731405e-8,-0.7434544574152371,1.2762220798687193e-7,1,2.8651735919295375e-8,0.7434544574152371,-1.1404435049861915e-7,0.6687864533236587]}},{"t":1.7999999999999956,"j":true,"c":{"p":[-922.4067322801809,170.11145250209938,854.3070165085574],"r":[0.6689601733913569,-6.196434158775961e-8,-0.74329814522738,1.220800140183878e-7,1,2.650296196819407e-8,0.74329814522738,-1.0847231173630995e-7,0.6689601733913569]}},{"t":1.8142857142857098,"j":false,"c":{"p":[-922.1887007767756,169.89519420933746,854.1109229269333],"r":[0.6691257818191589,-5.981791321212138e-8,-0.7431491321818644,1.1637745113927176e-7,1,2.4292889186440183e-8,0.7431491321818644,-1.0274080751192306e-7,0.6691257818191589]}},{"t":1.828571428571424,"j":false,"c":{"p":[-921.8449644645254,169.86875605944033,853.801374573405],"r":[0.6691292505649709,-5.6410664796858626e-8,-0.7431460181941469,1.0746935097004801e-7,1,2.0857543459184687e-8,0.7431460181941469,-9.382182459755755e-8,0.6691292505649709]}},{"t":1.8428571428571383,"j":true,"c":{"p":[-921.6474925735873,169.96862992177648,853.6235418808957],"r":[0.6691308516457962,-5.445370319123476e-8,-0.743144581894548,1.023531526704705e-7,1,1.8884545871373826e-8,0.743144581894548,-8.869942605327435e-8,0.6691308516457962]}},{"t":1.8571428571428525,"j":true,"c":{"p":[-921.3670947745533,170.79089200506493,853.3710225811905],"r":[0.6691308404180589,-5.1678185567591356e-8,-0.7431445931222853,9.509809817129491e-8,1,1.6086892904357178e-8,0.7431445931222853,-8.143587482104477e-8,0.6691308404180589]}},{"t":1.8714285714285668,"j":false,"c":{"p":[-921.0969834732579,171.50482451830499,853.1243376980523],"r":[0.6718842867964572,-4.982081457778618e-8,-0.740630405179087,8.910261926851754e-8,1,1.34977285513456e-8,0.740630405179087,-7.507730630167296e-8,0.6718842867964572]}},{"t":1.885714285714281,"j":false,"c":{"p":[-920.8072494191964,172.2547160854116,852.8588299203559],"r":[0.6755619549015136,-4.804297482299256e-8,-0.7372723074651215,8.293223083456201e-8,1,1.0748061712497152e-8,0.7372723074651215,-6.842410419135636e-8,0.6755619549015136]}},{"t":1.8999999999999952,"j":false,"c":{"p":[-920.5175153651351,173.00460765251816,852.5933221426595],"r":[0.6792396230065699,-4.6265135068198935e-8,-0.7339142097511561,7.676184240060647e-8,1,7.998394873648704e-9,0.7339142097511561,-6.177090208103978e-8,0.6792396230065699]}},{"t":1.9142857142857095,"j":false,"c":{"p":[-920.2638662344726,173.51985549228937,852.3585936393634],"r":[0.6794281811144315,-4.462715111637945e-8,-0.7337419982988904,7.185845112368956e-8,1,5.717851732756329e-9,0.7337419982988904,-5.661045884587754e-8,0.6794281811144315]}},{"t":1.9285714285714237,"j":false,"c":{"p":[-920.0121299737569,174.02266481503042,852.1254967523614],"r":[0.6794317807125855,-4.2996580952291736e-8,-0.7337386713975663,6.702222365248758e-8,1,3.4621769451437955e-9,0.7337386713975663,-5.1529147096143767e-8,0.6794317807125855]}},{"t":1.942857142857138,"j":false,"c":{"p":[-919.7603937130414,174.52547413777148,851.8923998653593],"r":[0.6794353803107394,-4.136601078820403e-8,-0.7337353444962422,6.218599618128559e-8,1,1.2065021575312617e-9,0.7337353444962422,-4.644783534640999e-8,0.6794353803107394]}},{"t":1.9571428571428522,"j":false,"c":{"p":[-919.5086574523258,175.02828346051254,851.6593029783572],"r":[0.6794389799088933,-3.973544062411632e-8,-0.7337320175949181,5.7349768710083614e-8,1,-1.049172630081272e-9,0.7337320175949181,-4.136652359667622e-8,0.6794389799088933]}},{"t":1.9714285714285664,"j":false,"c":{"p":[-919.260734824281,175.42476696163803,851.429737350226],"r":[0.6794406595607414,-3.813226889458321e-8,-0.733730460653247,5.259552744717179e-8,1,-3.2665015518544797e-9,0.733730460653247,-3.6371545552396064e-8,0.6794406595607414]}},{"t":1.9857142857142807,"j":false,"c":{"p":[-919.0155946821367,175.74367348432622,851.2027481836647],"r":[0.679440938389808,-3.654908749039498e-8,-0.7337301951017549,4.790110460104752e-8,1,-5.455852731606267e-9,0.7337301951017549,-3.1439557926667296e-8,0.679440938389808]}},{"t":1.999999999999995,"j":false,"c":{"p":[-918.7704545399922,176.0625800070144,850.9757590171033],"r":[0.6794412172188746,-3.496590608620675e-8,-0.7337299295502628,4.320668175492325e-8,1,-7.645203911358054e-9,0.7337299295502628,-2.650757030093853e-8,0.6794412172188746]}},{"t":2.0142857142857093,"j":false,"c":{"p":[-918.5253143978479,176.38148652970258,850.7487698505421],"r":[0.6794414960479414,-3.3382724682018495e-8,-0.7337296639987708,3.8512258908798905e-8,1,-9.834555091109875e-9,0.7337296639987708,-2.1575582675209687e-8,0.6794414960479414]}},{"t":2.0285714285714236,"j":false,"c":{"p":[-918.2797331549734,176.685458392057,850.5213722437873],"r":[0.6794417247204543,-3.1797153668825966e-8,-0.7337294462154252,3.381075385690443e-8,1,-1.2027209095689843e-8,0.7337294462154252,-1.6636156744837986e-8,0.6794417247204543]}},{"t":2.042857142857138,"j":false,"c":{"p":[-918.029639146484,176.8366383476048,850.2897960113008],"r":[0.6794414402567253,-3.0187135302420935e-8,-0.7337297171332623,2.903679294060834e-8,1,-1.4253653283110793e-8,0.7337297171332623,-1.1620631812252415e-8,0.6794414402567253]}},{"t":2.057142857142852,"j":false,"c":{"p":[-917.7795451379945,176.9878183031526,850.0582197788143],"r":[0.6794411557929962,-2.8577116936015908e-8,-0.7337299880510995,2.4262832024312257e-8,1,-1.6480097470531746e-8,0.7337299880510995,-6.605106879666843e-9,0.6794411557929962]}},{"t":2.0714285714285663,"j":false,"c":{"p":[-917.529451129505,177.1389982587004,849.8266435463278],"r":[0.6794408713292