{"v":1,"d":[{"t":0.063720703125,"c":{"r":[0.4756240248680115,1.3553387745446344e-8,-0.8796486854553223,-5.5109826035959486e-8,1,-1.439002694780811e-8,0.8796486854553223,5.532152513865185e-8,0.4756240248680115],"p":[-958.0159301757812,169.17869567871094,874.9362182617188]},"j":false},{"t":0.013333333333333329,"j":false,"c":{"p":[-958.8856298059235,169.17869567871094,875.4064268300201],"r":[0.47562409395136246,2.2147968922811477e-9,-0.8796486393997549,-1.2675148155227377e-8,1,-4.335611402216889e-9,0.8796486393997549,1.3211787790789484e-8,0.47562409395136246]}},{"t":0.02666666666666667,"j":false,"c":{"p":[-958.6723954079082,169.17869567871094,875.2911403132407],"r":[0.4756240756707626,5.21517599523125e-9,-0.8796486515868215,-2.3904067374781525e-8,1,-6.9961764306258065e-9,0.8796486515868215,2.4354722358710168e-8,0.4756240756707626]}},{"t":0.04,"j":false,"c":{"p":[-958.4306817881302,169.17869567871094,875.1604563263149],"r":[0.47562405739016267,8.215555098181353e-9,-0.8796486637738882,-3.513298659433568e-8,1,-9.656741459034724e-9,0.8796486637738882,3.549765692663085e-8,0.47562405739016267]}},{"t":0.05333333333333334,"j":false,"c":{"p":[-958.1975511988367,169.17869567871094,875.0344128087378],"r":[0.4756240391095628,1.1215934201131457e-8,-0.8796486759609548,-4.636190581388983e-8,1,-1.2317306487443644e-8,0.8796486759609548,4.6640591494551534e-8,0.4756240391095628]}},{"t":0.06666666666666667,"j":false,"c":{"p":[-957.9644206095434,169.17869567871094,874.9083692911603],"r":[0.47562402082896293,1.4216313304081558e-8,-0.8796486881480213,-5.759082503344399e-8,1,-1.497787151585256e-8,0.8796486881480213,5.778352606247222e-8,0.47562402082896293]}},{"t":0.08,"j":false,"c":{"p":[-957.7312900202498,169.17869567871094,874.7823257735829],"r":[0.475624002548363,1.7216692407031663e-8,-0.8796487003350879,-6.881974425299814e-8,1,-1.763843654426148e-8,0.8796487003350879,6.89264606303929e-8,0.475624002548363]}},{"t":0.09333333333333334,"j":false,"c":{"p":[-957.4981594309564,169.17869567871094,874.6562822560054],"r":[0.47562398426776314,2.0217071509981767e-8,-0.8796487125221545,-8.00486634725523e-8,1,-2.02990015726704e-8,0.8796487125221545,8.006939519831358e-8,0.47562398426776314]}},{"t":0.10666666666666667,"j":false,"c":{"p":[-957.2650288416631,169.17869567871094,874.5302387384281],"r":[0.4756239659871632,2.321745061293187e-8,-0.8796487247092212,-9.127758269210645e-8,1,-2.2959566601079318e-8,0.8796487247092212,9.121232976623427e-8,0.4756239659871632]}},{"t":0.12000000000000001,"j":false,"c":{"p":[-957.0336407004471,169.18008774342155,874.405136487625],"r":[0.47562394770656335,2.6217829715881974e-8,-0.8796487368962878,-1.025065019116606e-7,1,-2.5620131629488234e-8,0.8796487368962878,1.0235526433415496e-7,0.47562394770656335]}},{"t":0.13333333333333333,"j":false,"c":{"p":[-956.7893910583845,169.17120458576744,874.2730864812061],"r":[0.47562391472224286,2.6058344414046008e-8,-0.8796487532677179,-1.0153323336223225e-7,1,-2.5275192848677784e-8,0.8796487532677179,1.0133506953468572e-7,0.47562391472224286]}},{"t":0.14666666666666667,"j":false,"c":{"p":[-956.5194727963429,169.14181442965148,874.1271703404428],"r":[0.475623854967054,2.014573603816435e-8,-0.8796487772575632,-7.834360391413924e-8,1,-1.9458173276121194e-8,0.8796487772575632,7.816962694858829e-8,0.475623854967054]}},{"t":0.16,"j":false,"c":{"p":[-956.2515178594198,169.11399279982217,873.9823147837654],"r":[0.4756237944514367,1.4069709798705803e-8,-0.8796488014638101,-5.4522917179806084e-8,1,-1.3485718865686463e-8,0.8796488014638101,5.437514704917529e-8,0.4756237944514367]}},{"t":0.17333333333333334,"j":false,"c":{"p":[-955.9836995552787,169.08617213147818,873.8375330634838],"r":[0.4756237339358194,7.993683559247257e-9,-0.879648825670057,-3.070223044547291e-8,1,-7.513264455251732e-9,0.879648825670057,3.058066714976229e-8,0.4756237339358194]}},{"t":0.18666666666666668,"j":false,"c":{"p":[-955.7154346344129,169.05869168825708,873.6925099036264],"r":[0.4756236793727429,2.0041231858892716e-9,-0.8796488468975503,-7.226484769406267e-9,1,-1.6290226876711044e-9,0.8796488468975503,7.131570333526576e-9,0.4756236793727429]}},{"t":0.2,"j":false,"c":{"p":[-955.4388559714589,169.0375445141868,873.5429923613355],"r":[0.4756237021926957,-2.8613809281614282e-9,-0.8796488294012469,1.17650271491957e-8,1,3.108454722806155e-9,0.8796488294012469,-1.1827546401404364e-8,0.4756237021926957]}},{"t":0.21333333333333335,"j":false,"c":{"p":[-955.1488013639855,169.02666308841512,873.3861897664558],"r":[0.47562386192218764,-5.738154103910499e-9,-0.8796487433930589,2.2822830826590658e-8,1,5.8170250060560934e-9,0.8796487433930589,-2.2842788240294333e-8,0.47562386192218764]}},{"t":0.22666666666666668,"j":false,"c":{"p":[-954.8586854295089,169.01582838052525,873.229354018394],"r":[0.47562402165167955,-8.614927279659566e-9,-0.8796486573848709,3.38806345039856e-8,1,8.525595289306027e-9,0.8796486573848709,-3.3858030079184294e-8,0.47562402165167955]}},{"t":0.24000000000000002,"j":false,"c":{"p":[-954.5686001585336,169.00497031369437,873.0725348469227],"r":[0.4756241813811715,-1.1491700455408634e-8,-0.879648571376683,4.4938438181380554e-8,1,1.1234165572555962e-8,0.879648571376683,-4.4873271918074254e-8,0.4756241813811715]}},{"t":0.25333333333333335,"j":false,"c":{"p":[-954.2774719051267,168.99334013332503,872.9152257388222],"r":[0.47562434111066354,-1.4368473631157702e-8,-0.8796484853684949,5.5996241858775485e-8,1,1.3942735855805895e-8,0.8796484853684949,-5.588851375696421e-8,0.47562434111066354]}},{"t":0.26666666666666666,"j":false,"c":{"p":[-953.9973989436536,168.9898941182015,872.7631098078108],"r":[0.47717195140950364,-1.3399429000610088e-8,-0.878797684329825,5.18758400053989e-8,1,1.2803804921762249e-8,0.878797684329825,-5.172387966682706e-8,0.47717195140950364]}},{"t":0.27999999999999997,"j":false,"c":{"p":[-953.723026628723,168.9906682569723,872.6136717316393],"r":[0.4795829599568655,-1.0284614790172691e-8,-0.8774722278276085,3.9286775998573445e-8,1,9.518165150617601e-9,0.8774722278276085,-3.908965142647376e-8,0.4795829599568655]}},{"t":0.2933333333333333,"j":false,"c":{"p":[-953.44902247346,168.9917149421014,872.46440659693],"r":[0.482129756293551,-6.832332547862452e-9,-0.8760721216301954,2.536583424667007e-8,1,5.8949096293709685e-9,0.8760721216301954,-2.512339886467305e-8,0.482129756293551]}},{"t":0.3066666666666666,"j":false,"c":{"p":[-953.1751012006551,168.9926902474211,872.3152364585649],"r":[0.48467655263023646,-3.3800503055522123e-9,-0.8746720154327824,1.1444892494766694e-8,1,2.2716541081243365e-9,0.8746720154327824,-1.1157146302872337e-8,0.48467655263023646]}},{"t":0.3199999999999999,"j":false,"c":{"p":[-952.8999022825114,168.993545322744,872.1651174513261],"r":[0.4864088998582179,8.373624583097229e-11,-0.8737196557624942,-2.5465334041778045e-9,1,-1.369970528364558e-9,0.8737196557624942,2.8806726106143627e-9,0.4864088998582179]}},{"t":0.3333333333333332,"j":false,"c":{"p":[-952.620341758644,168.99398995877996,872.0117592103305],"r":[0.4858826052012409,3.579426711224217e-9,-0.8740089931475545,-1.6733426945030545e-8,1,-5.062536657246776e-9,0.8740089931475545,1.71169603513662e-8,0.4858826052012409]}},{"t":0.3466666666666665,"j":false,"c":{"p":[-952.3367568596251,168.99405588986818,871.8554121866104],"r":[0.4832454330122285,7.1049338800604956e-9,-0.8754587935671424,-3.1103000288419414e-8,1,-8.802711595855552e-9,0.8754587935671424,3.153873273714892e-8,0.4832454330122285]}},{"t":0.3599999999999998,"j":false,"c":{"p":[-952.0536260366142,168.99416449021732,871.6994002768488],"r":[0.48060826082321617,1.0630441048896773e-8,-0.8769085939867302,-4.547257363180828e-8,1,-1.254288653446433e-8,0.8769085939867302,4.596050512293164e-8,0.48060826082321617]}},{"t":0.37333333333333313,"j":false,"c":{"p":[-951.7705027824439,168.9942734664105,871.5433822414931],"r":[0.47798478789749904,1.4142324715490014e-8,-0.8783508631234517,-5.978449088390862e-8,1,-1.626748630936611e-8,0.8783508631234517,6.032413858177454e-8,0.47798478789749904]}},{"t":0.38666666666666644,"j":false,"c":{"p":[-951.4871845500228,168.9943727606177,871.3875220054283],"r":[0.4756250160902222,1.7391965610253274e-8,-0.8796481603976486,-7.29865692030644e-8,1,-1.9692275211163253e-8,0.8796481603976486,7.356863886326518e-8,0.4756250160902222]}},{"t":0.39999999999999974,"j":false,"c":{"p":[-951.2018011805858,168.99436950683594,871.2333331206825],"r":[0.47562481628564396,1.8295083646183273e-8,-0.8796482635225922,-7.625791651444237e-8,1,-2.043438553174523e-8,0.8796482635225922,7.679924414047967e-8,0.47562481628564396]}},{"t":0.41333333333333305,"j":false,"c":{"p":[-950.9164833366193,168.99436950683594,871.0790912050333],"r":[0.4756246164810658,1.9198201682113275e-8,-0.8796483666475358,-7.952926382582034e-8,1,-2.1176495852327214e-8,0.8796483666475358,8.002984941769416e-8,0.4756246164810658]}},{"t":0.42666666666666636,"j":false,"c":{"p":[-950.6311654926524,168.99436950683594,870.9248492893843],"r":[0.4756244166764875,2.010131971804327e-8,-0.8796484697724793,-8.280061113719831e-8,1,-2.191860617290919e-8,0.8796484697724793,8.326045469490863e-8,0.4756244166764875]}},{"t":0.43999999999999967,"j":false,"c":{"p":[-950.3458467762318,168.99436950683594,870.7706069020895],"r":[0.4756242168719093,2.1004437753973273e-8,-0.879648572897423,-8.607195844857629e-8,1,-2.2660716493491168e-8,0.879648572897423,8.649105997212312e-8,0.4756242168719093]}},{"t":0.453333333333333,"j":false,"c":{"p":[-950.0605390674198,168.99436950683594,870.6163704654733],"r":[0.4756242068616235,1.5748911796870795e-8,-0.8796485738255962,-6.418624843567254e-8,1,-1.680171616707218e-8,0.8796485738255962,6.44526472474853e-8,0.4756242068616235]}},{"t":0.4666666666666663,"j":false,"c":{"p":[-949.775238006466,168.99436950683594,870.4621376226671],"r":[0.4756243154643604,6.644506242143149e-9,-0.8796485108853165,-2.6578492339043482e-8,1,-6.817314190606175e-9,0.8796485108853165,2.662221797677279e-8,0.4756243154643604]}},{"t":0.4799999999999996,"j":false,"c":{"p":[-949.48993801106,168.99436950683594,870.3079053558935],"r":[0.47562445080747456,-3.3275990796674023e-9,-0.8796484335463941,1.4573675937517776e-8,1,4.097127284387637e-9,0.8796484335463941,-1.4768397766713056e-8,0.47562445080747456]}},{"t":0.4933333333333329,"j":false,"c":{"p":[-949.204350025797,168.99436950683594,870.1535174027221],"r":[0.47562458615058867,-1.3299704401477955e-8,-0.8796483562074717,5.5725844214079036e-8,1,1.501156875938145e-8,0.8796483562074717,-5.61590135101989e-8,0.47562458615058867]}},{"t":0.5066666666666663,"j":false,"c":{"p":[-948.9207032145639,168.99436950683594,870.0001788420345],"r":[0.4756246763925271,-2.049079728720945e-8,-0.8796483039662231,8.53368755714857e-8,1,2.2847239613207113e-8,0.8796483039662231,-8.593314792979968e-8,0.4756246763925271]}},{"t":0.5199999999999996,"j":false,"c":{"p":[-948.642198822035,168.99436950683594,869.8496202564829],"r":[0.4756246647061017,-2.139682014778872e-8,-0.8796483084455539,8.88650125247862e-8,1,2.3724908879414877e-8,0.8796483084455539,-8.945411008044512e-8,0.4756246647061017]}},{"t":0.5333333333333329,"j":false,"c":{"p":[-948.3673538927164,168.99436950683594,869.7010399650609],"r":[0.4756245772500921,-1.763076622293709e-8,-0.879648355088759,7.300413949815116e-8,1,1.9430270190356278e-8,0.879648355088759,-7.34594843043301e-8,0.4756245772500921]}},{"t":0.5466666666666662,"j":false,"c":{"p":[-948.0920500238958,168.99436950683594,869.5522115724091],"r":[0.47562448979408245,-1.3864712298085455e-8,-0.8796484017319642,5.714326647151612e-8,1,1.513563150129768e-8,0.8796484017319642,-5.7464858528215086e-8,0.47562448979408245]}},{"t":0.5599999999999995,"j":false,"c":{"p":[-947.816813977784,168.99436950683594,869.4034198444971],"r":[0.47562440233807285,-1.009865837323382e-8,-0.8796484483751693,4.128239344488107e-8,1,1.084099281223908e-8,0.8796484483751693,-4.1470232752100077e-8,0.47562440233807285]}},{"t":0.5733333333333328,"j":false,"c":{"p":[-947.5411082012328,168.99436950683594,869.254374181809],"r":[0.4756243444086706,-6.326061764961235e-9,-0.8796484799909997,2.539397236411477e-8,1,6.538896140959865e-9,0.8796484799909997,-2.5447827277818947e-8,0.4756243444086706]}},{"t":0.5866666666666661,"j":false,"c":{"p":[-947.2615248565428,168.99436950683594,869.1032323181634],"r":[0.475624472158291,-2.5123212809573852e-9,-0.8796484171066989,9.33231445636325e-9,1,2.1898997079241243e-9,0.8796484171066989,-9.250728275567497e-9,0.475624472158291]}},{"t":0.5999999999999994,"j":false,"c":{"p":[-946.9799105800978,168.99436950683594,868.9509925392939],"r":[0.4756247106598335,1.3259602807184443e-9,-0.8796482978559277,-6.83267397995734e-9,1,-2.187071014738145e-9,0.8796482978559277,7.050570133339589e-9,0.4756247106598335]}},{"t":0.6133333333333327,"j":false,"c":{"p":[-946.6983673320166,168.99436950683594,868.7987911581315],"r":[0.475624949161376,5.164241842394273e-9,-0.8796481786051564,-2.2997662416277932e-8,1,-6.564041737400412e-9,0.8796481786051564,2.3351868542246677e-8,0.475624949161376]}},{"t":0.626666666666666,"j":false,"c":{"p":[-946.4168240839355,168.99436950683594,868.6465897769692],"r":[0.4756251876629185,9.0025234040701e-9,-0.8796480593543851,-3.9162650852598515e-8,1,-1.0941012460062679e-8,0.8796480593543851,3.9653166951153755e-8,0.4756251876629185]}},{"t":0.6399999999999993,"j":false,"c":{"p":[-946.1309879313654,168.99436950683594,868.4920676653435],"r":[0.475625426164461,1.284080496574593e-8,-0.8796479401036139,-5.53276392889191e-8,1,-1.5317983182724945e-8,0.8796479401036139,5.595446536006084e-8,0.475625426164461]}},{"t":0.6533333333333327,"j":true,"c":{"p":[-945.9010245246317,168.99436950683594,868.3677501817592],"r":[0.47562548307250874,1.6003182302159237e-8,-0.8796479116495901,-6.86461286973858e-8,1,-1.8924237381841262e-8,0.8796479116495901,6.938527302553984e-8,0.47562548307250874]}},{"t":0.666666666666666,"j":true,"c":{"p":[-945.6971892611153,168.93557988736987,868.2575574889905],"r":[0.47562548518180847,1.8961594704054366e-8,-0.8796479105949402,-8.110564139565844e-8,1,-2.2297915515619225e-8,0.8796479105949402,8.194986409607014e-8,0.47562548518180847]}},{"t":0.6799999999999993,"j":true,"c":{"p":[-945.3756265704184,169.43516819254344,868.0837217249012],"r":[0.47562547328046345,2.321501787492048e-8,-0.8796479105949402,-9.901918684431742e-8,1,-2.7148394037112122e-8,0.8796479105949402,1.000144868604218e-7,0.47562547328046345]}},{"t":0.6933333333333326,"j":false,"c":{"p":[-945.0348881801428,170.19951467580316,867.8995196388327],"r":[0.47562542880507264,2.7733155412684964e-8,-0.8796479259259304,-1.1804759421289768e-7,1,-3.230074081171079e-8,0.8796479259259304,1.1920337390309711e-7,0.47562542880507264]}},{"t":0.7066666666666659,"j":false,"c":{"p":[-944.7395581364933,170.8666089849562,867.7398651599963],"r":[0.47562538068465887,3.073838848418711e-8,-0.8796479537414313,-1.3067577106207009e-7,1,-3.571238114187006e-8,0.8796479537414313,1.3193438816310424e-7,0.47562538068465887]}},{"t":0.7199999999999992,"j":false,"c":{"p":[-944.4533598340365,171.44344321191076,867.5851472712984],"r":[0.4756253567291068,3.01382293371063e-8,-0.879647970199585,-1.2802563802767047e-7,1,-3.496172445411009e-8,0.879647970199585,1.2924617334995265e-7,0.4756253567291068]}},{"t":0.7333333333333325,"j":false,"c":{"p":[-944.1696439143146,171.96472869323296,867.4317713507826],"r":[0.4756253438912134,2.6288988811392892e-8,-0.879647970199585,-1.1160454094553431e-7,1,-3.045873045056855e-8,0.879647970199585,1.1265965115721276e-7,0.4756253438912134]}},{"t":0.7466666666666658,"j":false,"c":{"p":[-943.8854930639326,172.49317171352712,867.2781603081403],"r":[0.47562533105332006,2.2439748285679487e-8,-0.879647970199585,-9.518344386339816e-8,1,-2.5955736447027014e-8,0.879647970199585,9.607312896447288e-8,0.47562533105332006]}},{"t":0.7599999999999991,"j":false,"c":{"p":[-943.6004669139726,173.0253902935138,867.1240760813401],"r":[0.4756253182154267,1.8590507759966076e-8,-0.879647970199585,-7.8762346781262e-8,1,-2.1452742443485478e-8,0.879647970199585,7.948660677173296e-8,0.4756253182154267]}},{"t":0.7733333333333324,"j":false,"c":{"p":[-943.3221864333548,173.52993140967752,866.9736385418529],"r":[0.4756253070990323,1.4285932937922644e-8,-0.879647970199585,-6.041390710156899e-8,1,-1.6425267485087906e-8,0.879647970199585,6.095524504412138e-8,0.4756253070990323]}},{"t":0.7866666666666657,"j":false,"c":{"p":[-943.0892432657838,173.82913872610678,866.8477102090717],"r":[0.47562530636787415,7.106820367860015e-9,-0.879647970199585,-2.9895845977129034e-8,1,-8.085510532730438e-9,0.879647970199585,3.014349466755029e-8,0.47562530636787415]}},{"t":0.799999999999999,"j":false,"c":{"p":[-942.8011516081432,174.19723519379244,866.6919687786051],"r":[0.47562530636787415,-1.9252078127091792e-9,-0.879647970199585,8.494571319580174e-9,1,2.4043978623337342e-9,0.879647970199585,-8.615824425497643e-9,0.47562530636787415]}},{"t":0.8133333333333324,"j":false,"c":{"p":[-942.514719431732,174.5635245019684,866.5371244583944],"r":[0.47562530636787415,-1.0957235993278371e-8,-0.879647970199585,4.6884988616289376e-8,1,1.2894306257397903e-8,0.879647970199585,-4.7375143518545565e-8,0.47562530636787415]}},{"t":0.8266666666666657,"j":false,"c":{"p":[-942.2282913932573,174.93413524265472,866.3822823751381],"r":[0.47562530636787415,-1.9989264173847563e-8,-0.879647970199585,8.527540591299859e-8,1,2.3384214652462082e-8,0.879647970199585,-8.61344626115935e-8,0.47562530636787415]}},{"t":0.839999999999999,"j":false,"c":{"p":[-941.9417966499171,175.23508309806593,866.2274042314448],"r":[0.47562531081492077,-2.460888137197129e-8,-0.879647970199585,1.048807407526889e-7,1,2.873314637874465e-8,0.879647970199585,-1.059243434044218e-7,0.47562531081492077]}},{"t":0.8533333333333323,"j":false,"c":{"p":[-941.655209405942,175.43942838788303,866.0724760822034],"r":[0.47562532090367865,-2.3630727651712646e-8,-0.879647970199585,1.0065452665107096e-7,1,2.756001798798926e-8,0.879647970199585,-1.0164879364749503e-7,0.47562532090367865]}},{"t":0.8666666666666656,"j":false,"c":{"p":[-941.3686047931992,175.6256346941543,865.9175385434621],"r":[0.4756253323289466,-2.1326473271097283e-8,-0.879647970199585,9.078266658623361e-8,1,2.4841826686622724e-8,0.879647970199585,-9.167219184519063e-8,0.4756253323289466]}},{"t":0.8799999999999989,"j":false,"c":{"p":[-941.0820027706983,175.81454610605465,865.7626024049968],"r":[0.47562534375421445,-1.902221889048192e-8,-0.879647970199585,8.091080652139627e-8,1,2.2123635385256184e-8,0.879647970199585,-8.169559004288625e-8,0.47562534375421445]}},{"t":0.8933333333333322,"j":false,"c":{"p":[-940.7951242743128,176.0110817266833,865.6075168056324],"r":[0.47562535517948235,-1.6717964509866552e-8,-0.879647970199585,7.103894645655892e-8,1,1.9405444083889647e-8,0.879647970199585,-7.171898824058186e-8,0.47562535517948235]}},{"t":0.9066666666666655,"j":false,"c":{"p":[-940.5102945803549,176.1511183497034,865.4535387823198],"r":[0.47562535979466875,-1.4001514230569112e-8,-0.879647970199585,5.9412715972187785e-8,1,1.6207256783511554e-8,0.879647970199585,-5.997085948259454e-8,0.47562535979466875]}},{"t":0.9199999999999988,"j":false,"c":{"p":[-940.2289979247329,176.1937258005431,865.3014707082536],"r":[0.47562535345851203,-1.0622208643278738e-8,-0.879647970199585,4.496526929306094e-8,1,1.2237184326639997e-8,0.879647970199585,-4.537392497573514e-8,0.47562535345851203]}},{"t":0.9333333333333321,"j":false,"c":{"p":[-939.9492549150186,176.19348898527025,865.1502425302054],"r":[0.47562534160067327,-6.908690510240546e-9,-0.879647970199585,2.909536158030483e-8,1,7.877926326459209e-9,0.879647970199585,-2.9340618744623496e-8,0.47562534160067327]}},{"t":0.9466666666666654,"j":false,"c":{"p":[-939.6692991210415,176.19912003573248,864.998899321664],"r":[0.4756253297428345,-3.1951723772023545e-9,-0.879647970199585,1.3225453867548714e-8,1,3.5186683262784234e-9,0.879647970199585,-1.3307312513511858e-8,0.4756253297428345]}},{"t":0.9599999999999987,"j":false,"c":{"p":[-939.3895732714125,176.2076335789259,864.8476804203033],"r":[0.4756253178849958,5.183457558358367e-10,-0.879647970199585,-2.6444538452074014e-9,1,-8.405896739023627e-10,0.879647970199585,2.7259937175997837e-9,0.4756253178849958]}},{"t":0.973333333333332,"j":false,"c":{"p":[-939.1082041694259,176.1955479509948,864.6955731819634],"r":[0.4756253075406993,4.255524421172514e-9,-0.879647970199585,-1.8615473361098417e-8,1,-5.227620907281994e-9,0.879647970199585,1.8861452314883904e-8,0.4756253075406993]}},{"t":0.9866666666666654,"j":false,"c":{"p":[-938.8140376458424,176.02303883350578,864.5365476983606],"r":[0.47562530636787415,8.136076607496672e-9,-0.879647970199585,-3.519919064075744e-8,1,-9.782947011744443e-9,0.879647970199585,3.561591407873193e-8,0.47562530636787415]}},{"t":0.9999999999999987,"j":false,"c":{"p":[-938.5190196224949,175.83985564683448,864.3770618967037],"r":[0.47562530636787415,1.2034963047376625e-8,-0.879647970199585,-5.186125820488059e-8,1,-1.4359794250774285e-8,0.879647970199585,5.244953244645951e-8,0.47562530636787415]}},{"t":1.013333333333332,"j":false,"c":{"p":[-938.2240513476968,175.65729608858845,864.2176029889538],"r":[0.47562530636787415,1.593384948725661e-8,-0.879647970199585,-6.852332576900387e-8,1,-1.8936641489804168e-8,0.879647970199585,6.928315081418723e-8,0.47562530636787415]}},{"t":1.0266666666666655,"j":false,"c":{"p":[-937.9289185985477,175.47612600291862,864.0580551668947],"r":[0.47562530636787415,1.9832735927136596e-8,-0.879647970199585,-8.518539333312717e-8,1,-2.3513488728834046e-8,0.879647970199585,8.611676918191495e-8,0.47562530636787415]}},{"t":1.039999999999999,"j":false,"c":{"p":[-937.635606269974,175.27957707881532,863.8994914583876],"r":[0.47562530636787415,2.3579630404029923e-8,-0.879647970199585,-1.011968280062624e-7,1,-2.7911326424630543e-8,0.879647970199585,1.022929183306712e-7,0.47562530636787415]}},{"t":1.0533333333333323,"j":false,"c":{"p":[-937.3568154332668,174.9603511863849,863.7487780220274],"r":[0.47562530636787415,2.658296170699919e-8,-0.879647970199585,-1.1402528742217996e-7,1,-3.143342765703921e-8,0.879647970199585,1.15252648074023e-7,0.47562530636787415]}},{"t":1.0666666666666658,"j":false,"c":{"p":[-937.0811578344473,174.6146558286499,863.5997584040673],"r":[0.47562530636787415,2.9390411779034068e-8,-0.879647970199585,-1.2601523689935604e-7,1,-3.4724828469580044e-8,0.879647970199585,1.273650574894907e-7,0.47562530636787415]}},{"t":1.0799999999999992,"j":false,"c":{"p":[-936.8050587400681,174.27269020731416,863.450500115017],"r":[0.47562530636787415,3.219786185106895e-8,-0.879647970199585,-1.3800518637653215e-7,1,-3.801622928212088e-8,0.879647970199585,1.3947746690495843e-7,0.47562530636787415]}},{"t":1.0933333333333326,"j":false,"c":{"p":[-936.5281262950057,173.93722390612936,863.3007913192479],"r":[0.47562530636787415,3.500531192310383e-8,-0.879647970199585,-1.4999513585370826e-7,1,-4.130763009466171e-8,0.879647970199585,1.5158987632042613e-7,0.47562530636787415]}},{"t":1.106666666666666,"j":false,"c":{"p":[-936.2575782726772,173.55196535282124,863.1545339220278],"r":[0.47562530636787415,3.392194485903764e-8,-0.879647970199585,-1.4532168546825287e-7,1,-4.0012289215914314e-8,0.879647970199585,1.468627885879329e-7,0.47562530636787415]}},{"t":1.1199999999999994,"j":false,"c":{"p":[-935.9960819193815,173.09611263533935,863.0131698281921],"r":[0.47562530636787415,2.7537148342300544e-8,-0.879647970199585,-1.1794353431602981e-7,1,-3.246728749642229e-8,0.879647970199585,1.1919105888806433e-7,0.47562530636787415]}},{"t":1.1333333333333329,"j":false,"c":{"p":[-935.7370410323733,172.62110968273677,862.8731331515929],"r":[0.47562530636787415,1.9271535403469228e-8,-0.879647970199585,-8.251031529162036e-8,1,-2.2705060244320436e-8,0.879647970199585,8.337913609563837e-8,0.47562530636787415]}},{"t":1.1466666666666663,"j":false,"c":{"p":[-935.4776177613825,172.1490889511538,862.7328897594333],"r":[0.47562530636787415,1.100592246463791e-8,-0.879647970199585,-4.707709626721091e-8,1,-1.2942832992218577e-8,0.879647970199585,4.75672133032124e-8,0.47562530636787415]}},{"t":1.1599999999999997,"j":false,"c":{"p":[-935.2187750334527,171.6784193446387,862.5929610006032],"r":[0.47562530636787415,2.7403095258065886e-9,-0.879647970199585,-1.1643877242801464e-8,1,-3.1806057401167184e-9,0.879647970199585,1.175529051078643e-8,0.47562530636787415]}},{"t":1.1733333333333331,"j":false,"c":{"p":[-934.955762998233,171.1980463139144,862.4507726281093],"r":[0.475625308927887,-4.779564160709559e-9,-0.8796479684929097,2.0589793450125227e-8,1,5.6993971891573235e-9,0.8796479684929097,-2.0822547563004435e-8,0.475625308927887]}},{"t":1.1866666666666665,"j":false,"c":{"p":[-934.6605827845923,170.64280677431356,862.2911502670831],"r":[0.47562532690637643,-7.807990453870078e-9,-0.8796479565072501,3.355318573308551e-8,1,9.265928790727569e-9,0.8796479565072501,-3.3922101056348106e-8,0.47562532690637643]}},{"t":1.2,"j":false,"c":{"p":[-934.365701368855,170.08826264107296,862.1316898437068],"r":[0.4756253456440564,-1.0615262313922075e-8,-0.8796479440154634,4.556772854184198e-8,1,1.2570830312636836e-8,0.8796479440154634,-4.606256305711683e-8,0.4756253456440564]}},{"t":1.2133333333333334,"j":false,"c":{"p":[-934.0708680217806,169.53383038028443,861.9722554718065],"r":[0.4756253643817364,-1.3422534173974072e-8,-0.8796479315236768,5.758227135059845e-8,1,1.5875731834546103e-8,0.8796479315236768,-5.820302505788555e-8,0.4756253643817364]}},{"t":1.2266666666666668,"j":false,"c":{"p":[-933.7687958812965,168.96426569720293,861.8089067943],"r":[0.4756253831194164,-1.622980603402607e-8,-0.8796479190318901,6.959681415935493e-8,1,1.9180633356455367e-8,0.8796479190318901,-7.034348705865427e-8,0.4756253831194164]}},{"t":1.2400000000000002,"j":true,"c":{"p":[-933.6027349770667,168.63863062925145,861.719108866992],"r":[0.4756253322744489,-1.7608145917140754e-8,-0.8796479455911359,7.549255354265889e-8,1,2.080153305907895e-8,0.8796479455911359,-7.630060324725243e-8,0.4756253322744489]}},{"t":1.2533333333333336,"j":true,"c":{"p":[-933.3500320837604,168.62848112284027,861.5824084596466],"r":[0.47562414005950937,-1.3660882308364116e-8,-0.8796485979338586,5.8535586283823306e-8,1,1.612017449146282e-8,0.8796485979338586,-5.915788141360628e-8,0.47562414005950937]}},{"t":1.266666666666667,"j":true,"c":{"p":[-933.0336345823281,168.89039974362083,861.4112382133084],"r":[0.4756235666664347,-7.675061924716771e-9,-0.8796489204905286,3.2827784025221576e-8,1,9.024749076709725e-9,0.8796489204905286,-3.3169306552644915e-8,0.4756235666664347]}},{"t":1.2800000000000005,"j":false,"c":{"p":[-932.6827031559781,169.60133536022516,861.2214514662423],"r":[0.47562398573712,-1.0696394218577016e-9,-0.8796487029237507,4.458681816581684e-9,1,1.1948053209286787e-9,0.8796487029237507,-4.490353567060814e-9,0.47562398573712]}},{"t":1.293333333333334,"j":false,"c":{"p":[-932.3337125577453,170.4295382517634,861.0328494556793],"r":[0.47562393457169333,5.4938966823111955e-9,-0.8796487233784794,-2.3730527914907147e-8,1,-6.585467090244964e-9,0.8796487233784794,2.400673706539851e-8,0.47562393457169333]}},{"t":1.3066666666666673,"j":false,"c":{"p":[-932.0204342230767,171.0814462435526,860.8629855795231],"r":[0.4773804248966279,1.1699438959621753e-8,-0.8786681869600983,-4.9244541660651074e-8,1,-1.3690649836528753e-8,0.8786681869600983,4.9752878065290454e-8,0.4773804248966279]}},{"t":1.3200000000000007,"j":false,"c":{"p":[-931.737154915293,171.60563702302372,860.7085656346283],"r":[0.48138394854622235,1.767873315383604e-8,-0.8764333125377435,-7.233208695628987e-8,1,-2.0207047846520263e-8,0.8764333125377435,7.298654880881889e-8,0.48138394854622235]}},{"t":1.3333333333333341,"j":false,"c":{"p":[-931.4601259819566,172.10308002825207,860.5573709985661],"r":[0.48604064569040156,2.359226096645852e-8,-0.8738338238800524,-9.471430008811009e-8,1,-2.6552296377088533e-8,0.8738338238800524,9.548988815967085e-8,0.48604064569040156]}},{"t":1.3466666666666676,"j":false,"c":{"p":[-931.1819938711634,172.6053718907023,860.4056312872316],"r":[0.49069734283458083,2.9505788779080995e-8,-0.8712343352223614,-1.170965132199303e-7,1,-3.289754490765681e-8,0.8712343352223614,1.1799322751052282e-7,0.49069734283458083]}},{"t":1.360000000000001,"j":false,"c":{"p":[-930.903728202454,173.10912021746938,860.2539899436638],"r":[0.4954148364201208,3.527727805554972e-8,-0.8685942106100799,-1.3894313870457365e-7,1,-3.909045908294995e-8,0.8685942106100799,1.3995820324983762e-7,0.4954148364201208]}},{"t":1.3733333333333344,"j":false,"c":{"p":[-930.6280468631956,173.5846861366306,860.100445195762],"r":[0.5012887368361191,3.834705766414985e-8,-0.8651811510299156,-1.5060237164384233e-7,1,-4.2385827201095225e-8,0.8651811510299156,1.5168298492981476e-7,0.5012887368361191]}},{"t":1.3866666666666678,"j":false,"c":{"p":[-930.3673976588318,173.89632490916867,859.9358290147262],"r":[0.5127635565249177,2.8331427060947244e-8,-0.858024472643452,-1.129201775488524e-7,1,-3.1647274792434494e-8,0.858024472643452,1.1381060170768382e-7,0.5127635565249177]}},{"t":1.4000000000000012,"j":false,"c":{"p":[-930.1058944194983,174.2172770305209,859.771841845546],"r":[0.5242383762137164,1.8315796457744633e-8,-0.8508677942569887,-7.523798345386245e-8,1,-2.0908722383773757e-8,0.8508677942569887,7.593821848555287e-8,0.5242383762137164]}},{"t":1.4133333333333347,"j":false,"c":{"p":[-929.8443911801648,174.53822915187314,859.6078546763658],"r":[0.535713195902515,8.300165854542026e-9,-0.843711115870525,-3.755578935887251e-8,1,-1.0170169975113023e-8,0.843711115870525,3.806583526342194e-8,0.535713195902515]}},{"t":1.426666666666668,"j":false,"c":{"p":[-929.5829683282565,174.86088400193265,859.4440567031421],"r":[0.5471880155913136,-1.7154647486605837e-9,-0.8365544374840616,1.2640473611744408e-10,1,5.683824335477143e-10,0.8365544374840616,1.934520412909758e-10,0.5471880155913136]}},{"t":1.4400000000000015,"j":false,"c":{"p":[-929.3205253468784,175.16193094830683,859.2778578025163],"r":[0.5566720429692935,-1.0871507360382995e-8,-0.8306382663619165,3.402591839478688e-8,1,1.0249203282905514e-8,0.8306382663619165,-3.3841074737884026e-8,0.5566720429692935]}},{"t":1.453333333333335,"j":false,"c":{"p":[-929.0526866765505,175.34868894343904,859.0989598692197],"r":[0.5587328511034366,-1.6822338617083343e-8,-0.8293476693624791,5.382066278366182e-8,1,1.5985979731869836e-8,0.8293476693624791,-5.356509325981298e-8,0.5587328511034366]}},{"t":1.4666666666666683,"j":false,"c":{"p":[-928.7836999546366,175.51112944865034,858.9173599372117],"r":[0.558859635457938,-2.1938093503846578e-8,-0.8292622058844904,6.994059193697813e-8,1,2.0695186415242614e-8,0.8292622058844904,-6.95606939135437e-8,0.558859635457938]}},{"t":1.4800000000000018,"j":false,"c":{"p":[-928.5148758924093,175.6770153350005,858.7361428331775],"r":[0.5589864198124395,-2.7053848390609816e-8,-0.8291767424065019,8.606052109029447e-8,1,2.5404393098615387e-8,0.8291767424065019,-8.555629456727443e-8,0.5589864198124395]}},{"t":1.4933333333333352,"j":false,"c":{"p":[-928.2465317317134,175.85442600354028,858.5552564009573],"r":[0.5591132041669409,-3.2169603277373054e-8,-0.8290912789285132,1.021804502436108e-7,1,3.0113599781988164e-8,0.8290912789285132,-1.0155189522100515e-7,0.5591132041669409]}},{"t":1.5066666666666686,"j":false,"c":{"p":[-927.9743868409893,175.9405625609118,858.3717511100554],"r":[0.5596147435576816,-3.4733003336631244e-8,-0.8287510260048299,1.100115871236901e-7,1,3.236879630418031e-8,0.8287510260048299,-1.0928784256420028e-7,0.5596147435576816]}},{"t":1.520000000000002,"j":false,"c":{"p":[-927.6979787347586,175.92431846952758,858.1853082890327],"r":[0.560531947559736,-3.446542455713459e-8,-0.8281281699252974,1.0864909807390354e-7,1,3.190209430288904e-8,0.8281281699252974,-1.0786248385167168e-7,0.560531947559736]}},{"t":1.5333333333333354,"j":false,"c":{"p":[-927.4214802677301,175.9059043735732,857.9988032057186],"r":[0.5615036976618906,-3.382634709596682e-8,-0.8274682288988918,1.060801641485965e-7,1,3.1078207818522856e-8,0.8274682288988918,-1.0523492147887693e-7,0.5615036976618906]}},{"t":1.5466666666666689,"j":false,"c":{"p":[-927.1450481039293,175.88908254229952,857.8123438080444],"r":[0.5624754477640452,-3.318726963479904e-8,-0.8268082878724862,1.0351123022328947e-7,1,3.0254321334156675e-8,0.8268082878724862,-1.026073591060822e-7,0.5624754477640452]}},{"t":1.5600000000000023,"j":false,"c":{"p":[-926.8682923145054,175.8746871745258,857.6257026245529],"r":[0.5634471978661999,-3.254819217363127e-8,-0.8261483468460806,1.0094229629798245e-7,1,2.9430434849790495e-8,0.8261483468460806,-9.997979673328746e-8,0.5634471978661999]}},{"t":1.5733333333333357,"j":false,"c":{"p":[-926.5938402655415,175.84301894038617,857.4403554898402],"r":[0.564315141278108,-3.195087439207141e-8,-0.8255588316461081,9.852179958473738e-8,1,2.864010618142463e-8,0.8255588316461081,-9.749827423278871e-8,0.564315141278108]}},{"t":1.5866666666666691,"j":false,"c":{"p":[-926.3374612869553,175.67584337159647,857.2651602950085],"r":[0.56455106347082,-3.1607808080781717e-8,-0.8253981001457165,9.700505452293943e-8,1,2.805409239615284e-8,0.8253981001457165,-9.590590731485071e-8,0.56455106347082]}},{"t":1.6000000000000025,"j":false,"c":{"p":[-926.0833504942174,175.4916615159754,857.0912391773472],"r":[0.5646676316531745,-3.1312755873598457e-8,-0.8253183422781182,9.565897838916316e-8,1,2.750666244308838e-8,0.8253183422781182,-9.448145293115499e-8,0.5646676316531745]}},{"t":1.613333333333336,"j":false,"c":{"p":[-925.8291358115309,175.30825860104966,856.9172597029991],"r":[0.5647841998355292,-3.10177036664152e-8,-0.8252385844105199,9.431290225538687e-8,1,2.6959232490023917e-8,0.8252385844105199,-9.305699854745925e-8,0.5647841998355292]}},{"t":1.6266666666666694,"j":false,"c":{"p":[-925.5749146225891,175.13004011924826,856.743376077754],"r":[0.5649007680178839,-3.072265145923194e-8,-0.8251588265429216,9.296682612161059e-8,1,2.641180253695946e-8,0.8251588265429216,-9.163254416376353e-8,0.5649007680178839]}},{"t":1.6400000000000028,"j":false,"c":{"p":[-925.3208029409108,174.8645620611074,856.5678792091842],"r":[0.5683124660778339,-3.1065761704234364e-8,-0.822720426840338,9.228486370941472e-8,1,2.598162491134348e-8,0.822720426840338,-9.068621947742012e-8,0.5683124660778339]}},{"t":1.6533333333333362,"j":false,"c":{"p":[-925.0667763501788,174.53128028152042,856.3911287945213],"r":[0.574224793801541,-3.1893164835256866e-8,-0.8184920856307908,9.210688825190124e-8,1,2.564042849710732e-8,0.8184920856307908,-9.010274097582103e-8,0.574224793801541]}},{"t":1.6666666666666696,"j":false,"c":{"p":[-924.8127634744351,174.1870698749667,856.2141763328708],"r":[0.580669332802745,-3.2823640460094395e-8,-0.8138827895482081,9.203617679468366e-8,1,2.531817003472705e-8,0.8138827895482081,-8.959648735654516e-8,0.580669332802745]}},{"t":1.680000000000003,"j":false,"c":{"p":[-924.5587484099287,173.84460355792945,856.037256115713],"r":[0.5871138718039489,-3.375411608493192e-8,-0.8092734934656254,9.196546533746606e-8,1,2.4995911572346786e-8,0.8092734934656254,-8.909023373726929e-8,0.5871138718039489]}},{"t":1.6933333333333365,"j":false,"c":{"p":[-924.3047228215192,173.51306057020594,855.8618805565335],"r":[0.5935584108051528,-3.4684591709769446e-8,-0.8046641973830427,9.189475388024848e-8,1,2.4673653109966517e-8,0.8046641973830427,-8.858398011799341e-8,0.5935584108051528]}},{"t":1.7066666666666699,"j":false,"c":{"p":[-924.0507792037372,173.09643582811097,855.6744736645148],"r":[0.603090900983409,-3.7740500201824214e-8,-0.7972583310939282,9.524065445717958e-8,1,2.502058032341686e-8,0.7972583310939282,-9.087366609806696e-8,0.603090900983409]}},{"t":1.7200000000000033,"j":false,"c":{"p":[-923.7969396043046,172.57184480646737,855.4717993599442],"r":[0.6164441480244968,-4.3426230782471807e-8,-0.7863922369072996,1.0281396768691309e-7,1,2.6195498530519883e-8,0.7863922369072996,-9.66227997182663e-8,0.6164441480244968]}},{"t":1.7333333333333367,"j":false,"c":{"p":[-923.5431166666557,172.0299596170163,855.2666795029681],"r":[0.6307744693132971,-4.978448032495813e-8,-0.7746412657993555,1.1146834840819232e-7,1,2.758215716138711e-8,0.7746412657993555,-1.0325661072617355e-7,0.6307744693132971]}},{"t":1.7466666666666701,"j":false,"c":{"p":[-923.2889693787558,171.4894812194953,855.0618696542256],"r":[0.6451047906020975,-5.614272986744445e-8,-0.7628902946914116,1.2012272912947157e-7,1,2.8968815792254337e-8,0.7628902946914116,-1.0989042173408079e-7,0.6451047906020975]}},{"t":1.7600000000000036,"j":true,"c":{"p":[-923.0363734359829,170.95805423540628,854.8578032648635],"r":[0.6588140096572589,-6.213700667746327e-8,-0.7516480649773261,1.2817096014802335e-7,1,3.020676860442768e-8,0.7516480649773261,-1.1600543930156279e-7,0.6588140096572589]}},{"t":1.773333333333337,"j":true,"c":{"p":[-922.7995869085366,170.5188682051512,854.6613133057352],"r":[0.6686358959316537,-6.585326377092673e-8,-0.7435899279780465,1.324254427595551e-7,1,3.051400667691531e-8,0.7435899279780465,-1.1887345075928403e-7,0.6686358959316537]}},{"t":1.7866666666666704,"j":true,"c":{"p":[-922.6043718002131,170.32213723957847,854.4847513605199],"r":[0.6687980346615053,-6.390880267934258e-8,-0.7434440366027132,1.2725272838896986e-7,1,2.8508484322554072e-8,0.7434440366027132,-1.1367288124779538e-7,0.6687980346615053]}},{"t":1.8000000000000038,"j":false,"c":{"p":[-922.4067322801808,170.11145250209927,854.3070165085572],"r":[0.668960173391357,-6.196434158775838e-8,-0.7432981452273799,1.2208001401838452e-7,1,2.6502961968192798e-8,0.7432981452273799,-1.0847231173630665e-7,0.668960173391357]}},{"t":1.8133333333333372,"j":false,"c":{"p":[-922.2068993490666,169.9040799179792,854.1273019952255],"r":[0.6691147412573055,-5.996100843716267e-8,-0.7431590663848987,1.1675762199787616e-7,1,2.444022737188915e-8,0.7431590663848987,-1.031229077935455e-7,0.6691147412573055]}},{"t":1.8266666666666707,"j":false,"c":{"p":[-921.8844403099594,169.86449387089868,853.8369261693886],"r":[0.6691287880655292,-5.6864964585558305e-8,-0.7431464333925093,1.0865709765927256e-7,1,2.1315589556150046e-8,0.7431464333925093,-9.501102231946766e-8,0.6691287880655292]}},{"t":1.840000000000004,"j":true,"c":{"p":[-921.6899539791522,169.9004013109727,853.6617809116817],"r":[0.6691305314296312,-5.484509551235835e-8,-0.7431448691544678,1.0337639233038292e-7,1,1.927914538893481e-8,0.7431448691544678,-8.97239057621279e-8,0.6691305314296312]}},{"t":1.8533333333333375,"j":true,"c":{"p":[-921.4432921572466,170.56055414359835,853.4398900959632],"r":[0.6691308434121223,-5.241832360056123e-8,-0.743144590128222,9.703277937107063e-8,1,1.6832933695559906e-8,0.743144590128222,-8.337282181630155e-8,0.6691308434121223]}},{"t":1.866666666666671,"j":false,"c":{"p":[-921.1880931295336,171.2681955865704,853.2077441914148],"r":[0.6709664713369928,-5.043993824105342e-8,-0.7414684678268182,9.110111223610626e-8,1,1.4360783335681183e-8,0.7414684678268182,-7.719682914145961e-8,0.6709664713369928]}},{"t":1.8800000000000043,"j":false,"c":{"p":[-920.9240849329534,171.95303342398384,852.9659365303731],"r":[0.6740908876594933,-4.8754110724908885e-8,-0.7386155465507056,8.540038620814033e-8,1,1.1847928448034795e-8,0.7386155465507056,-7.108538503547881e-8,0.6740908876594933]}},{"t":1.8933333333333378,"j":false,"c":{"p":[-920.6503296206328,172.67023164562394,852.7151829404095],"r":[0.6775233778908794,-4.709479362043482e-8,-0.7354813220176711,7.96413570031151e-8,1,9.281572731776219e-9,0.7354813220176711,-6.48757297325166e-8,0.6775233778908794]}},{"t":1.9066666666666712,"j":false,"c":{"p":[-920.396639712944,173.2613523908594,852.4816445880073],"r":[0.6793276167902388,-4.550074255734877e-8,-0.7338338444067654,7.447359313804206e-8,1,6.934141407897447e-9,0.7338338444067654,-5.936269523796071e-8,0.6793276167902388]}},{"t":1.9200000000000046,"j":false,"c":{"p":[-920.1630340035499,173.7218747946123,852.2652374081894],"r":[0.6794296209536931,-4.397492305074329e-8,-0.7337406675383608,6.992396013520558e-8,1,4.815581817709829e-9,0.7337406675383608,-5.457793414598068e-8,0.6794296209536931]}},{"t":1.933333333333338,"j":false,"c":{"p":[-919.9282178868516,174.1902679226111,852.0477977900271],"r":[0.6794329805786368,-4.245305756426141e-8,-0.7337375624304583,6.541014782875034e-8,1,2.710285