{"v":1,"name":"macro1_macro2_merged","d":[{"t":0.063720703125,"c":{"r":[0.4756240248680115,1.3553387745446344e-8,-0.8796486854553223,-5.5109826035959486e-8,1,-1.439002694780811e-8,0.8796486854553223,5.532152513865185e-8,0.4756240248680115],"p":[-958.0159301757812,169.17869567871094,874.9362182617188]},"j":false},{"t":0.12893152236938477,"c":{"r":[0.4756239354610443,2.822767619647948e-8,-0.879648745059967,-1.1002835265117028e-7,1,-2.7402348834471013e-8,0.879648745059967,1.0981951703570303e-7,0.4756239354610443],"p":[-956.875732421875,169.17869567871094,874.3197631835938]},"j":false},{"t":0.1945946216583252,"c":{"r":[0.47562363743782043,-1.6951273718035509e-9,-0.8796488642692566,7.282156211374513e-9,1,2.0103911868574187e-9,0.8796488642692566,-7.361930176585929e-9,0.47562363743782043],"p":[-955.5564575195312,169.0419464111328,873.6065673828125]},"j":false},{"t":0.2592756748199463,"c":{"r":[0.4756244122982025,-1.565058127539487e-8,-0.8796484470367432,6.092443527450087e-8,1,1.5149879573073122e-8,0.8796484470367432,-6.079773839928748e-8,0.4756244122982025],"p":[-954.1492309570312,168.98927307128906,872.8458251953125]},"j":false},{"t":0.3233344554901123,"c":{"r":[0.4878602623939514,9.355930474796992e-10,-0.8729217648506165,-5.95745630604938e-9,1,-2.2577202329898682e-9,0.8729217648506165,6.301844823752845e-9,0.4878602623939514],"p":[-952.8322143554688,168.99386596679688,872.12841796875]},"j":false},{"t":0.3851947784423828,"c":{"r":[0.47562503814697266,1.729226895008651e-8,-0.8796481490135193,-7.262543988417747e-8,1,-1.9610352453014457e-8,0.8796481490135193,7.321200712340215e-8,0.47562503814697266],"p":[-951.5186157226562,168.99436950683594,871.4046020507812]},"j":false},{"t":0.44684648513793945,"c":{"r":[0.47562411427497864,2.146817656978328e-8,-0.8796486258506775,-8.775175075470543e-8,1,-2.3041780039534387e-8,0.8796486258506775,8.814993179839803e-8,0.47562411427497864],"p":[-950.1993408203125,168.99436950683594,870.69140625]},"j":false},{"t":0.5085020065307617,"c":{"r":[0.4756247401237488,-2.464447490524435e-8,-0.8796482682228088,1.0254262861053576e-7,1,2.742838844937978e-8,0.8796482682228088,-1.0324706778419568e-7,0.4756247401237488],"p":[-948.8800659179688,168.99436950683594,869.9782104492188]},"j":false},{"t":0.5766558647155762,"c":{"r":[0.47562429308891296,-5.394142021941661e-9,-0.8796485066413879,2.1469151789688112e-8,1,5.476173736695955e-9,0.8796485066413879,-2.1489908519356504e-8,0.47562429308891296],"p":[-947.4728393554688,168.99436950683594,869.2174682617188]},"j":false},{"t":0.6432993412017822,"c":{"r":[0.47562548518180847,1.3790590003281977e-8,-0.8796479105949402,-5.932767521699134e-8,1,-1.6401067171045725e-8,0.8796479105949402,5.998823127129072e-8,0.47562548518180847],"p":[-946.0656127929688,168.99436950683594,868.4567260742188]},"j":false},{"t":0.6757330894470215,"c":{"r":[0.47562548518180847,2.0967922509385062e-8,-0.8796479105949402,-8.955539954058622e-8,1,-2.458586756404202e-8,0.8796479105949402,9.047088411762161e-8,0.47562548518180847],"p":[-945.5379028320312,168.99436950683594,868.1714477539062]},"j":true},{"t":0.6834208965301514,"c":{"r":[0.47562548518180847,2.455313818927607e-8,-0.8796479105949402,-1.046547595251468e-7,1,-2.867434822917403e-8,0.8796479105949402,1.0569758757128511e-7,0.47562548518180847],"p":[-945.2740478515625,169.6485595703125,868.02880859375]},"j":true},{"t":0.690312385559082,"c":{"r":[0.4756254255771637,2.69420041831836e-8,-0.8796479105949402,-1.1471562544329572e-7,1,-3.139854243272566e-8,0.8796479105949402,1.158433065029385e-7,0.4756254255771637],"p":[-945.09814453125,170.06765747070312,867.9337158203125]},"j":true},{"t":0.710399866104126,"c":{"r":[0.4756253659725189,3.2909721170426565e-8,-0.879647970199585,-1.398489928305935e-7,1,-3.820392535658357e-8,0.879647970199585,1.4118863589374087e-7,0.4756253659725189],"p":[-944.6583862304688,171.05580139160156,867.6959838867188]},"j":false},{"t":0.7723047733306885,"c":{"r":[0.47562530636787415,1.5038205347650546e-8,-0.879647970199585,-6.360800597349225e-8,1,-1.7297118404258072e-8,0.879647970199585,6.417960207727447e-8,0.47562530636787415],"p":[-943.339111328125,173.50929260253906,866.9827880859375]},"j":false},{"t":0.7749581336975098,"c":{"r":[0.47562530636787415,1.5038205347650546e-8,-0.879647970199585,-6.360800597349225e-8,1,-1.7297118404258072e-8,0.879647970199585,6.417960207727447e-8,0.47562530636787415],"p":[-943.339111328125,173.50929260253906,866.9827880859375]},"j":true},{"t":0.8363699913024902,"c":{"r":[0.47562530636787415,-2.6562316790545992e-8,-0.879647970199585,1.1321400705810447e-7,1,3.1018238644264784e-8,0.879647970199585,-1.1434153179834539e-7,0.47562530636787415],"p":[-942.0198364257812,175.19638061523438,866.2695922851562]},"j":false},{"t":0.9059288501739502,"c":{"r":[0.4756253659725189,-1.4541218895658403e-8,-0.879647970199585,6.171335797944266e-8,1,1.6837667260460876e-8,0.879647970199585,-6.229445403960199e-8,0.4756253659725189],"p":[-940.524658203125,176.18191528320312,865.4613037109375]},"j":false},{"t":0.9729502201080322,"c":{"r":[0.47562530636787415,4.125161545687206e-9,-0.879647970199585,-1.8058363693285173e-8,1,-5.074590969655901e-9,0.879647970199585,1.829860707402986e-8,0.47562530636787415],"p":[-939.117431640625,176.21022033691406,864.7005615234375]},"j":false},{"t":1.0405361652374268,"c":{"r":[0.47562530636787415,2.3888405920047262e-8,-0.879647970199585,-1.0251748250311721e-7,1,-2.827438194685783e-8,0.879647970199585,1.0362730762381034e-7,0.47562530636787415],"p":[-937.6222534179688,175.2848358154297,863.8922729492188]},"j":false},{"t":1.1042463779449463,"c":{"r":[0.47562530636787415,3.7303149014178416e-8,-0.879647970199585,-1.5980864986886445e-7,1,-4.4001570387308675e-8,0.879647970199585,1.6150362114331074e-7,0.47562530636787415],"p":[-936.302978515625,173.6508331298828,863.1790771484375]},"j":false},{"t":1.1720519065856934,"c":{"r":[0.47562530636787415,-4.730920100115554e-9,-0.879647970199585,2.0383961185643784e-8,1,5.643403078181564e-9,0.879647970199585,-2.0614855600342707e-8,0.47562530636787415],"p":[-934.9837036132812,171.2504119873047,862.4658813476562]},"j":false},{"t":1.2356719970703125,"c":{"r":[0.4756253957748413,-1.8125836831472952e-8,-0.8796479105949402,7.771143373247469e-8,1,2.141276311817819e-8,0.8796479105949402,-7.854315242639132e-8,0.4756253957748413],"p":[-933.576904296875,168.6049346923828,861.7051391601562]},"j":false},{"t":1.2421739101409912,"c":{"r":[0.4756253957748413,-1.8125836831472952e-8,-0.8796479105949402,7.771143373247469e-8,1,2.141276311817819e-8,0.8796479105949402,-7.854315242639132e-8,0.4756253957748413],"p":[-933.576904296875,168.6049346923828,861.7051391601562]},"j":true},{"t":1.2673346996307373,"c":{"r":[0.4756225645542145,-8.05884869947704e-9,-0.8796494603157043,3.447627250352525e-8,1,9.479735219031227e-9,0.8796494603157043,-3.483581068053354e-8,0.4756225645542145],"p":[-933.049560546875,168.73106384277344,861.4198608398438]},"j":true},{"t":1.2752082347869873,"c":{"r":[0.47562435269355774,-3.030341089171884e-9,-0.8796485066413879,1.2879468158644158e-8,1,3.5189595681828223e-9,0.8796485066413879,-1.3003107923736934e-8,0.47562435269355774],"p":[-932.785888671875,169.38525390625,861.2772216796875]},"j":true},{"t":1.2825253009796143,"c":{"r":[0.4756244719028473,3.2025460061646527e-10,-0.8796484470367432,-1.510713221186677e-9,1,-4.5276901672330894e-10,0.8796484470367432,1.5442445100433133e-9,0.4756244719028473],"p":[-932.6099853515625,169.80435180664062,861.18212890625]},"j":true},{"t":1.3035061359405518,"c":{"r":[0.4756234288215637,1.0363463864848654e-8,-0.8796489834785461,-4.464439840035084e-8,1,-1.2357722845024455e-8,0.8796489834785461,4.514902229857398e-8,0.4756234288215637],"p":[-932.082275390625,170.9799041748047,860.8968505859375]},"j":false},{"t":1.3708341121673584,"c":{"r":[0.49913787841796875,4.0224403363708916e-8,-0.8665226101875305,-1.576655819235384e-7,1,-4.439867851147028e-8,0.8665226101875305,1.5878184456141753e-7,0.49913787841796875],"p":[-930.6779174804688,173.5152130126953,860.1305541992188]},"j":false},{"t":1.4399333000183105,"c":{"r":[0.558605432510376,-1.1680992173523919e-8,-0.8294335603713989,3.7620093706891566e-8,1,1.1253215248530068e-8,0.8294335603713989,-3.748947463577679e-8,0.558605432510376],"p":[-929.3226928710938,175.17852783203125,859.2807006835938]},"j":false},{"t":1.5016138553619385,"c":{"r":[0.5591919422149658,-3.5346687354831374e-8,-0.8290382027626038,1.1219155737762776e-7,1,3.3038201507906706e-8,0.8290382027626038,-1.1148578948905197e-7,0.5591919422149658],"p":[-928.0791015625,175.9459228515625,858.4423828125]},"j":false},{"t":1.573575735092163,"c":{"r":[0.5644366145133972,-3.189749619991744e-8,-0.8254764080047607,9.832665881503999e-8,1,2.8591570000457978e-8,0.8254764080047607,-9.730446492994815e-8,0.5644366145133972],"p":[-926.587158203125,175.85513305664062,857.43603515625]},"j":false},{"t":1.6341784000396729,"c":{"r":[0.5649664402008057,-3.0556424945871186e-8,-0.8251138925552368,9.220847374535879e-8,1,2.610339144837326e-8,0.8251138925552368,-9.083003504883891e-8,0.5649664402008057],"p":[-925.4317016601562,175.0215301513672,856.645263671875]},"j":false},{"t":1.7030975818634033,"c":{"r":[0.5982778668403625,-3.5365996353675655e-8,-0.8012887239456177,9.184297056208379e-8,1,2.443765723114666e-8,0.8012887239456177,-8.821324115615425e-8,0.5982778668403625],"p":[-924.1187133789062,173.2513427734375,855.7307739257812]},"j":false},{"t":1.7685060501098633,"c":{"r":[0.6685771942138672,-6.655724860138434e-8,-0.7436427474021912,1.3429820455712616e-7,1,3.124009850807852e-8,0.7436427474021912,-1.2075629740593286e-7,0.6685771942138672],"p":[-922.87353515625,170.60914611816406,854.726806640625]},"j":false},{"t":1.8136050701141357,"c":{"r":[0.6691256165504456,-5.998025187636813e-8,-0.7431492805480957,1.1680187839147038e-7,1,2.4456566549702075e-8,0.7431492805480957,-1.0316575327351529e-7,0.6691256165504456],"p":[-922.205078125,169.89645385742188,854.1256713867188]},"j":true},{"t":1.8352069854736328,"c":{"r":[0.6691308617591858,-5.482803544509807e-8,-0.7431445717811584,1.0333163658060585e-7,1,1.9261863215547237e-8,0.7431445717811584,-8.967905529289055e-8,0.6691308617591858],"p":[-921.685302734375,169.85647583007812,853.6575927734375]},"j":false},{"t":1.8412532806396484,"c":{"r":[0.6691308617591858,-5.482803544509807e-8,-0.7431445717811584,1.0333163658060585e-7,1,1.9261863215547237e-8,0.7431445717811584,-8.967905529289055e-8,0.6691308617591858],"p":[-921.685302734375,169.85647583007812,853.6575927734375]},"j":true},{"t":1.850705862045288,"c":{"r":[0.669130802154541,-5.2621857093981816e-8,-0.7431446313858032,9.756480778833065e-8,1,1.7038091826293567e-8,0.7431446313858032,-8.390547634462564e-8,0.669130802154541],"p":[-921.4624633789062,170.51747131347656,853.4569091796875]},"j":true},{"t":1.8607330322265625,"c":{"r":[0.6691308617591858,-5.115186141324557e-8,-0.7431445717811584,9.372231346560511e-8,1,1.555637041406044e-8,0.7431445717811584,-8.005847718095538e-8,0.6691308617591858],"p":[-921.3139038085938,170.94338989257812,853.3231201171875]},"j":true},{"t":1.900719165802002,"c":{"r":[0.6794247627258301,-4.617563575948225e-8,-0.7337451577186584,7.645121513633057e-8,1,7.859972228629886e-9,0.7337451577186584,-6.143596920082928e-8,0.6794247627258301],"p":[-920.5029296875,173.0423583984375,852.5799560546875]},"j":false},{"t":1.9631690979003906,"c":{"r":[0.6794404983520508,-3.904760603745672e-8,-0.7337306141853333,5.530966973310569e-8,1,-2.000699383941651e-9,0.7337306141853333,-3.9223039038915886e-8,0.6794404983520508],"p":[-919.4024658203125,175.24038696289062,851.5609741210938]},"j":false},{"t":2.027299404144287,"c":{"r":[0.6794417500495911,-3.194051245714036e-8,-0.7337294220924377,3.423583549988507e-8,1,-1.182896269824596e-8,0.7337294220924377,-1.708274766087925e-8,0.6794417500495911],"p":[-918.302001953125,176.6719970703125,850.5419921875]},"j":false},{"t":2.0901594161987305,"c":{"r":[0.6794404983520508,-2.4856108282733658e-8,-0.7337306141853333,1.3229448647678055e-8,1,-2.1625764290433835e-8,0.7337306141853333,4.98656937963915e-9,0.6794404983520508],"p":[-917.2015380859375,177.33721923828125,849.5230102539062]},"j":false},{"t":2.1529486179351807,"c":{"r":[0.6794417500495911,-1.779438285609558e-8,-0.7337294220924377,-7.709695104551884e-9,1,-3.139123094797469e-8,0.7337294220924377,2.6985343737351286e-8,0.6794417500495911],"p":[-916.10107421875,177.2360076904297,848.5040283203125]},"j":false},{"t":2.2150142192840576,"c":{"r":[0.6794404983520508,-1.075535838168662e-8,-0.7337306141853333,-2.858181602505283e-8,1,-4.1125449712353657e-8,0.7337306141853333,4.8913651795601254e-8,0.6794404983520508],"p":[-915.0006103515625,176.368408203125,847.4850463867188]},"j":false},{"t":2.2755744457244873,"c":{"r":[0.6844436526298523,-3.4197942255786984e-9,-0.7290657162666321,-4.91014731096584e-8,1,-5.078689824244975e-8,0.7290657162666321,7.055897555119373e-8,0.6844436526298523],"p":[-913.90087890625,174.73440551757812,846.46533203125]},"j":false},{"t":2.339745044708252,"c":{"r":[0.6895964741706848,3.1368849739976667e-9,-0.724193811416626,-6.777135297397763e-8,1,-6.020211884560922e-8,0.724193811416626,9.059476013817402e-8,0.6895964741706848],"p":[-912.8092041015625,172.333984375,845.4365844726562]},"j":false},{"t":2.392232656478882,"c":{"r":[0.6996508240699768,7.780870170392973e-9,-0.7144849300384521,-7.984921523984667e-8,1,-6.730120105657988e-8,0.7144849300384521,1.0413840101364258e-7,0.6996508240699768],"p":[-911.9471435546875,169.86183166503906,844.6016235351562]},"j":true},{"t":2.400543212890625,"c":{"r":[0.6996594071388245,8.221061165158972e-9,-0.7144765257835388,-8.165771703261271e-8,1,-6.845785804898696e-8,0.7144765257835388,1.0623970325696064e-7,0.6996594071388245],"p":[-911.80419921875,169.40213012695312,844.4617309570312]},"j":true},{"t":2.4054782390594482,"c":{"r":[0.6996623873710632,8.65980087638718e-9,-0.7144736051559448,-8.346511037871096e-8,1,-6.961433030028275e-8,0.7144736051559448,1.0834015284899579e-7,0.6996623873710632],"p":[-911.6612548828125,168.9287872314453,844.3218383789062]},"j":false},{"t":2.4482452869415283,"c":{"r":[0.6996639370918274,1.084767919934393e-8,-0.7144721150398254,-9.248983445786507e-8,1,-7.53900977201738e-8,0.7144721150398254,1.1882914208172224e-7,0.6996639370918274],"p":[-910.946533203125,168.856689453125,843.6223754882812]},"j":true},{"t":2.4570720195770264,"c":{"r":[0.6996638774871826,1.1066166649698062e-8,-0.7144721746444702,-9.339124318330505e-8,1,-7.596700157819214e-8,0.7144721746444702,1.1987681602931843e-7,0.6996638774871826],"p":[-910.8750610351562,169.07815551757812,843.5524291992188]},"j":true},{"t":2.4696273803710938,"c":{"r":[0.6996638774871826,1.1939688349116295e-8,-0.7144721746444702,-9.699493830339634e-8,1,-7.827339487676e-8,0.7144721746444702,1.240652522938035e-7,0.6996638774871826],"p":[-910.5891723632812,169.9299774169922,843.2726440429688]},"j":false},{"t":2.474680185317993,"c":{"r":[0.6996638774871826,1.1939688349116295e-8,-0.7144721746444702,-9.699493830339634e-8,1,-7.827339487676e-8,0.7144721746444702,1.240652522938035e-7,0.6996638774871826],"p":[-910.5891723632812,169.9299774169922,843.2726440429688]},"j":true},{"t":2.5357589721679688,"c":{"r":[0.6996638774871826,1.542634464613002e-8,-0.7144721746444702,-1.1137898781043987e-7,1,-8.747927182639614e-8,0.7144721746444702,1.4078327126298973e-7,0.6996638774871826],"p":[-909.4456176757812,172.7922821044922,842.1535034179688]},"j":false},{"t":2.602134943008423,"c":{"r":[0.6996638774871826,1.890112777402919e-8,-0.7144721746444702,-1.2571398144700652e-7,1,-9.665372857625698e-8,0.7144721746444702,1.5744426207220386e-7,0.6996638774871826],"p":[-908.3020629882812,174.7825927734375,841.0343627929688]},"j":false},{"t":2.669893503189087,"c":{"r":[0.7188722491264343,2.6552065435225813e-8,-0.6951422095298767,-1.3892642414248257e-7,1,-1.0547235973490388e-7,0.6951422095298767,1.723947775644774e-7,0.7188722491264343],"p":[-907.1609497070312,175.90090942382812,839.9127807617188]},"j":false},{"t":2.736459732055664,"c":{"r":[0.7520755529403687,1.3501726847664486e-8,-0.6590769290924072,-1.0999703192737798e-7,1,-1.0503228509151086e-7,0.6590769290924072,1.5148872023473814e-7,0.7520755529403687],"p":[-906.0096435546875,176.13365173339844,838.6622314453125]},"j":false},{"t":2.7981085777282715,"c":{"r":[0.7524150013923645,-1.3662558195903785e-8,-0.6586893796920776,-7.051934858282038e-8,1,-1.0129566163641357e-7,0.6586893796920776,1.2266671944871632e-7,0.7524150013923645],"p":[-905.0873413085938,175.58616638183594,837.6089477539062]},"j":false},{"t":2.860154628753662,"c":{"r":[0.7658514380455017,-4.19148840080652e-8,-0.643017590045929,-2.6290969401543407e-8,1,-9.64979207651595e-8,0.643017590045929,9.080862639621046e-8,0.7658514380455017],"p":[-904.1038818359375,174.25872802734375,836.4764404296875]},"j":false},{"t":2.9213101863861084,"c":{"r":[0.774942934513092,-8.067308954196051e-8,-0.6320312023162842,3.3023514589558545e-8,1,-8.715036159401279e-8,0.6320312023162842,4.666465969194178e-8,0.774942934513092],"p":[-903.150634765625,172.1648712158203,835.3179931640625]},"j":false},{"t":2.958195686340332,"c":{"r":[0.7793282866477966,-1.0283584828130188e-7,-0.6266158223152161,6.639466931801508e-8,1,-8.15373581986023e-8,0.6266158223152161,2.1940421035537838e-8,0.7793282866477966],"p":[-902.6483764648438,171.37294006347656,834.6962280273438]},"j":true},{"t":2.9873149394989014,"c":{"r":[0.7836933732032776,-1.2245989466919127e-7,-0.621147871017456,9.572890036224635e-8,1,-7.637115828629248e-8,0.621147871017456,3.897696887467106e-10,0.7836933732032776],"p":[-902.2131958007812,171.37083435058594,834.1500244140625]},"j":false},{"t":2.99949312210083,"c":{"r":[0.7836935520172119,-1.2810595251266932e-7,-0.6211476922035217,1.041022485992471e-7,1,-7.48963415730941e-8,0.6211476922035217,-5.967090377367867e-9,0.7836935520172119],"p":[-902.0892944335938,171.33119201660156,833.99365234375]},"j":true},{"t":3.0073065757751465,"c":{"r":[0.7836935520172119,-1.3374959451084578e-7,-0.621147632598877,1.1247201570085963e-7,1,-7.34221501375032e-8,0.621147632598877,-1.2321263120895765e-8,0.7836935520172119],"p":[-901.9653930664062,171.77072143554688,833.8372802734375]},"j":true},{"t":3.014965772628784,"c":{"r":[0.7836936116218567,-1.3939082066372066e-7,-0.6211475729942322,1.20838222983366e-7,1,-7.194858397951975e-8,0.6211475729942322,-1.8672725587975947e-8,0.7836936116218567],"p":[-901.8412475585938,172.19664001464844,833.6806030273438]},"j":true},{"t":3.0521295070648193,"c":{"r":[0.7836936116218567,-1.6756089848968259e-7,-0.6211475729942322,1.6261567736819416e-7,1,-6.459017498627873e-8,0.6211475729942322,-5.038942774149291e-8,0.7836936116218567],"p":[-901.2199096679688,174.121826171875,832.8969116210938]},"j":false},{"t":3.1194217205047607,"c":{"r":[0.7836936116218567,1.405818395028291e-8,-0.6211475729942322,-2.504519036605757e-9,1,1.947268124524726e-8,0.6211475729942322,-1.3704939405556615e-8,0.7836936116218567],"p":[-900.2257690429688,176.49363708496094,831.6430053710938]},"j":false},{"t":3.1861374378204346,"c":{"r":[0.7836928367614746,1.070595843088995e-7,-0.6211485266685486,-9.50487830664315e-8,1,5.243598621973433e-8,0.6211485266685486,1.794570714253041e-8,0.7836928367614746],"p":[-899.2316284179688,177.99343872070312,830.3890991210938]},"j":false},{"t":3.2521231174468994,"c":{"r":[0.7836928367614746,4.532452280159305e-8,-0.6211485266685486,-5.2421938789848355e-8,1,6.828999588037732e-9,0.6211485266685486,2.7209972941477645e-8,0.7836928367614746],"p":[-898.2374877929688,178.62124633789062,829.1351928710938]},"j":false},{"t":3.3191585540771484,"c":{"r":[0.7836928367614746,-1.619985567913318e-8,-0.6211485266685486,-9.940606560121523e-9,1,-3.8622381737241085e-8,0.6211485266685486,3.6442678208459256e-8,0.7836928367614746],"p":[-897.2433471679688,178.37705993652344,827.8812866210938]},"j":false},{"t":3.379289388656616,"c":{"r":[0.7836928367614746,-6.986141443121596e-8,-0.6211485266685486,2.7111584088856944e-8,1,-7.826510994846103e-8,0.6211485266685486,4.4495482853790236e-8,0.7836928367614746],"p":[-896.3734741210938,177.4480743408203,826.7841186523438]},"j":false},{"t":3.4395639896392822,"c":{"r":[0.7796118855476379,-1.2766730606017518e-7,-0.6262629628181458,6.688811282629104e-8,1,-1.2058917775448208e-7,0.6262629628181458,5.2123208860166415e-8,0.7796118855476379],"p":[-895.4414672851562,175.71188354492188,825.6085815429688]},"j":false},{"t":3.486767530441284,"c":{"r":[0.7749461531639099,-4.9675104918378565e-8,-0.632027268409729,3.044682017616651e-8,1,-4.126476582655414e-8,0.632027268409729,1.273474925511664e-8,0.7749461531639099],"p":[-894.8969116210938,175.1830291748047,824.9320678710938]},"j":true},{"t":3.5092291831970215,"c":{"r":[0.766045093536377,7.041857230660753e-8,-0.6427868604660034,-2.8015954001148202e-8,1,7.616379349428826e-8,0.6427868604660034,-4.033661227254015e-8,0.766045093536377],"p":[-894.4169311523438,175.11451721191406,824.3480834960938]},"j":false},{"t":3.518350124359131,"c":{"r":[0.766045093536377,7.041857230660753e-8,-0.6427868604660034,-2.8015954001148202e-8,1,7.616379349428826e-8,0.6427868604660034,-4.033661227254015e-8,0.766045093536377],"p":[-894.4169311523438,175.11451721191406,824.3480834960938]},"j":true},{"t":3.5256998538970947,"c":{"r":[0.7615383863449097,1.1565970936544545e-7,-0.6481198072433472,-4.941341913422548e-8,1,1.2039362218274618e-7,0.6481198072433472,-5.965855365275274e-8,0.7615383863449097],"p":[-894.2360229492188,175.7755126953125,824.1294555664062]},"j":true},{"t":3.5354955196380615,"c":{"r":[0.7615383267402649,1.143571992656689e-7,-0.6481198668479919,-4.92822636033452e-8,1,1.1853804693373604e-7,0.6481198668479919,-5.833044625092043e-8,0.7615383267402649],"p":[-894.1737060546875,175.99017333984375,824.0551147460938]},"j":true},{"t":3.5714213848114014,"c":{"r":[0.7615383267402649,1.000478704327179e-7,-0.6481198668479919,-4.7841407280202475e-8,1,9.8152838745591e-8,0.6481198668479919,-4.374017947839093e-8,0.7615383267402649],"p":[-893.4622192382812,178.12661743164062,823.2183837890625]},"j":false},{"t":3.6409897804260254,"c":{"r":[0.7478410601615906,7.482547204062939e-8,-0.6638777852058411,-3.9680994490254307e-8,1,6.801010243862038e-8,0.6638777852058411,-2.451741742959257e-8,0.7478410601615906],"p":[-892.3469848632812,180.61770629882812,821.9352416992188]},"j":false},{"t":3.7089736461639404,"c":{"r":[0.7245339751243591,4.310705037369189e-8,-0.6892390847206116,-1.9268986406473232e-8,1,4.2287236823312924e-8,0.6892390847206116,-1.735760335463965e-8,0.7245339751243591],"p":[-891.2688598632812,182.06301879882812,820.753173828125]},"j":false},{"t":3.7730705738067627,"c":{"r":[0.7146497964859009,5.422618354344877e-9,-0.6994823813438416,1.2648063929532327e-8,1,2.06746513242706e-8,0.6994823813438416,-2.362223305851785e-8,0.7146497964859009],"p":[-890.23046875,182.62603759765625,819.67041015625]},"j":false},{"t":3.837895393371582,"c":{"r":[0.7144722938537598,-3.654144364872991e-8,-0.6996636986732483,4.922341645396955e-8,1,-1.9619041946583593e-9,0.6996636986732483,-3.3038112690064736e-8,0.7144722938537598],"p":[-889.111572265625,182.38185119628906,818.526611328125]},"j":false},{"t":3.8999359607696533,"c":{"r":[0.714472234249115,-7.578143623732103e-8,-0.6996638178825378,8.343435808910726e-8,1,-2.311096558571535e-8,0.6996638178825378,-4.186385638149659e-8,0.714472234249115],"p":[-888.0623779296875,181.3609619140625,817.4545288085938]},"j":false},{"t":3.967944622039795,"c":{"r":[0.714472234249115,-1.1749910555636234e-7,-0.6996638178825378,1.1980540648437454e-7,1,-4.5595424325028944e-8,0.6996638178825378,-5.12468432134483e-8,0.714472234249115],"p":[-886.9432373046875,179.42727661132812,816.3109741210938]},"j":false},{"t":4.02866792678833,"c":{"r":[0.714472234249115,-1.3364525841552677e-7,-0.6996638178825378,1.3162113532416697e-7,1,-5.660663404682964e-8,0.6996638178825378,-5.164667271628787e-8,0.714472234249115],"p":[-885.9649658203125,177.14256286621094,815.3114013671875]},"j":false},{"t":4.093906879425049,"c":{"r":[0.714472234249115,8.102810511445568e-8,-0.6996638178825378,-8.206622936768326e-8,1,3.2006891359515066e-8,0.6996638178825378,3.455073382951923e-8,0.714472234249115],"p":[-884.855224609375,176.83717346191406,814.1781616210938]},"j":false},{"t":4.109094142913818,"c":{"r":[0.714472234249115,8.264284190317994e-8,-0.6996638178825378,-8.31899455988605e-8,1,3.316726804314385e-8,0.6996638178825378,3.450790231340761e-8,0.714472234249115],"p":[-884.720703125,176.7356414794922,814.0408325195312]},"j":true},{"t":4.116057634353638,"c":{"r":[0.714472234249115,8.506364679305989e-8,-0.6996638178825378,-8.487461400363827e-8,1,3.490689692853266e-8,0.6996638178825378,3.4443687013663293e-8,0.714472234249115],"p":[-884.5196533203125,177.38983154296875,813.8355712890625]},"j":true},{"t":4.123436689376831,"c":{"r":[0.714472234249115,8.667664985750889e-8,-0.6996638178825378,-8.599712231216472e-8,1,3.606603016237386e-8,0.6996638178825378,3.440089813011582e-8,0.714472234249115],"p":[-884.3814086914062,177.80892944335938,813.6943969726562]},"j":true},{"t":4.161802291870117,"c":{"r":[0.714472234249115,9.473135520465803e-8,-0.6996638178825378,-9.160249447859314e-8,1,4.1854267607277507e-8,0.6996638178825378,3.418723792947276e-8,0.714472234249115],"p":[-883.6821899414062,179.70005798339844,812.9800415039062]},"j":false},{"t":4.200226783752441,"c":{"r":[0.714472234249115,1.0035942921149399e-7,-0.6996638178825378,-9.551914104122261e-8,1,4.589869462279239e-8,0.6996638178825378,3.4037942242548525e-8,0.714472234249115],"p":[-883.1925659179688,180.82118225097656,812.479736328125]},"j":true},{"t":4.222598314285278,"c":{"r":[0.7096120119094849,1.0510801473628817e-7,-0.7045926451683044,-9.834009517817321e-8,1,5.0134929097112035e-8,0.7045926451683044,3.371336276813963e-8,0.7096120119094849],"p":[-882.7012329101562,181.775390625,811.9811401367188]},"j":false},{"t":4.286691427230835,"c":{"r":[0.7095710039138794,1.1516841169623149e-7,-0.7046339511871338,-1.0314429488289534e-7,1,5.9577338618055364e-8,0.7046339511871338,3.040462104308972e-8,0.7095710039138794],"p":[-881.6447143554688,183.2581024169922,810.9163818359375]},"j":false},{"t":4.352249622344971,"c":{"r":[0.7095707654953003,1.2586673392434022e-7,-0.7046341896057129,-1.0824943075249394e-7,1,6.961925436144156e-8,0.7046341896057129,2.6876463721237087e-8,0.7095707654953003],"p":[-880.5177612304688,183.9949188232422,809.7806396484375]},"j":false},{"t":4.412642240524292,"c":{"r":[0.7095704674720764,1.3586324598691135e-7,-0.7046344876289368,-1.1301967361987408e-7,1,7.900241882907721e-8,0.7046344876289368,2.3579778130056184e-8,0.7095704674720764],"p":[-879.4612426757812,183.89370727539062,808.7158813476562]},"j":false},{"t":4.478907585144043,"c":{"r":[0.7144651412963867,1.4614458621053927e-7,-0.6996710300445557,-1.1719318138148083e-7,1,8.920497407416406e-8,0.6996710300445557,1.826282769457066e-8,0.7144651412963867],"p":[-878.33740234375,182.94102478027344,807.5771484375]},"j":false},{"t":4.545665502548218,"c":{"r":[0.7144715189933777,1.5563053068490262e-7,-0.6996645331382751,-1.2035431495860394e-7,1,9.953455304412273e-8,0.6996645331382751,1.3093048423229448e-8,0.7144715189933777],"p":[-877.21826171875,181.1163330078125,806.43359375]},"j":false},{"t":4.612250804901123,"c":{"r":[0.7144715189933777,1.6508384703683987e-7,-0.6996645331382751,-1.2350508882263966e-7,1,1.0982830644934438e-7,0.6996645331382751,7.942944080241432e-9,0.7144715189933777],"p":[-876.09912109375,178.4196319580078,805.2900390625]},"j":false},{"t":4.672102689743042,"c":{"r":[0.7144712805747986,8.325368838768554e-8,-0.6996647119522095,-6.057450718799373e-8,1,5.7134418085524885e-8,0.6996647119522095,1.5609447068243298e-9,0.7144712805747986],"p":[-875.2708740234375,176.6140899658203,804.4439086914062]},"j":true},{"t":4.679101228713989,"c":{"r":[0.7144712805747986,1.8393718548281868e-8,-0.6996647119522095,-1.2234281143719272e-8,1,1.3796143782940362e-8,0.6996647119522095,-1.2970534646328247e-9,0.7144712805747986],"p":[-875.0799560546875,176.61160278320312,804.2489013671875]},"j":false},{"t":4.7045581340789795,"c":{"r":[0.7144712805747986,-9.13142059744132e-8,-0.6996647119522095,6.93521187145052e-8,1,-5.969160099539295e-8,0.6996647119522095,-5.875298914048699e-9,0.7144712805747986],"p":[-874.7299194335938,176.61146545410156,803.8914184570312]},"j":true},{"t":4.7129294872283936,"c":{"r":[0.7144712805747986,-9.471376216652061e-8,-0.6996647119522095,7.152749503802625e-8,1,-6.232902194369672e-8,0.6996647119522095,-5.512965195464403e-9,0.7144712805747986],"p":[-874.6195678710938,177.0543975830078,803.7787475585938]},"j":true},{"t":4.729145288467407,"c":{"r":[0.7144713401794434,-1.0150851181833787e-7,-0.6996646523475647,7.587545525211681e-8,1,-6.760048165688204e-8,0.6996646523475647,-4.788768048769043e-9,0.7144713401794434],"p":[-874.3936767578125,177.90621948242188,803.548095703125]},"j":true},{"t":4.740763902664185,"c":{"r":[0.7144713401794434,-1.0829744212514925e-7,-0.6996646523475647,8.02197064331267e-8,1,-7.286742231826793e-8,0.6996646523475647,-4.065206837822188e-9,0.7144713401794434],"p":[-874.1417236328125,178.70355224609375,803.2908935546875]},"j":false},{"t":4.806498289108276,"c":{"r":[0.714472770690918,-1.3370434714943258e-7,-0.6996632218360901,9.64776276646262e-8,1,-9.257840360987757e-8,0.6996632218360901,-1.3570984336297442e-9,0.714472770690918],"p":[-873.0966796875,181.2081298828125,802.223388671875]},"j":false},{"t":4.870724678039551,"c":{"r":[0.7097471356391907,-1.5907222916666797e-7,-0.7044565081596375,1.1276374323188065e-7,1,-1.1219781015370245e-7,0.7044565081596375,1.9492525649145165e-10,0.7097471356391907],"p":[-872.0474853515625,182.94631958007812,801.1513061523438]},"j":false},{"t":4.936826705932617,"c":{"r":[0.6950535774230957,-1.8977723925672763e-7,-0.7189579606056213,1.3476542903845257e-7,1,-1.3367686335641338e-7,0.7189579606056213,-3.978096518864049e-9,0.6950535774230957],"p":[-870.8441772460938,183.98976135253906,799.950439453125]},"j":false},{"t":5.003355503082275,"c":{"r":[0.6693664789199829,2.0559101088224452e-8,-0.7429323792457581,-5.413621995131734e-9,1,2.279535138427491e-8,0.7429323792457581,-1.1236489072530276e-8,0.6693664789199829],"p":[-869.7508544921875,184.09292602539062,798.923828125]},"j":false},{"t":5.070366382598877,"c":{"r":[0.6639256477355957,1.0709397457731029e-7,-0.7477986216545105,-6.412279418555045e-8,1,8.628153125300742e-8,0.7477986216545105,-9.333584571891151e-9,0.6639256477355957],"p":[-868.481689453125,183.28335571289062,797.7927856445312]},"j":false},{"t":5.135979890823364,"c":{"r":[0.6639253497123718,5.180109496905061e-8,-0.7477988600730896,-3.936220949185554e-8,1,3.432410622394855e-8,0.7477988600730896,6.6463710091113626e-9,0.6639253497123718],"p":[-867.285400390625,181.62217712402344,796.7302856445312]},"j":false},{"t":5.202962160110474,"c":{"r":[0.6639253497123718,1.353161610539999e-10,-0.7477988600730896,-1.6225845556050444e-8,1,-1.422499362746521e-8,0.7477988600730896,2.157800160773604e-8,0.6639253497123718],"p":[-866.1638793945312,179.27284240722656,795.7341918945312]},"j":false},{"t":5.233133316040039,"c":{"r":[0.6639253497123718,-2.3918808267353597e-8,-0.7477988600730896,-5.454202867127833e-9,1,-3.6828076588335534e-8,0.7477988600730896,2.8529740347948973e-8,0.6639253497123718],"p":[-865.6405029296875,177.91421508789062,795.2693481445312]},"j":true},{"t":5.25762414932251,"c":{"r":[0.6639253497123718,-4.107832651811805e-8,-0.7477988600730896,2.229977091872115e-9,1,-5.2952458418076276e-8,0.7477988600730896,3.3488905870626695e-8,0.6639253497123718],"p":[-865.2683715820312,177.1702423095703,794.9389038085938]},"j":true},{"t":5.268828868865967,"c":{"r":[0.6639253497123718,-5.479275699826758e-8,-0.7477988600730896,8.371416448937907e-9,1,-6.583957912198457e-8,0.7477988600730896,3.7452426937534256e-8,0.6639253497123718],"p":[-864.9738159179688,177.1525115966797,794.6773681640625]},"j":false},{"t":5.311076402664185,"c":{"r":[0.6639253497123718,-8.218649583113802e-8,-0.7477988600730896,2.063857351686238e-8,1,-9.158080871429775e-8,0.7477988600730896,4.5369318968369043e-8,0.6639253497123718],"p":[-864.3849487304688,177.11251831054688,794.1544189453125]},"j":true},{"t":5.323237657546997,"c":{"r":[0.6639253497123718,-9.24470953123091e-8,-0.7477988600730896,2.5233358513787607e-8,1,-1.0122244020749349e-7,0.7477988600730896,4.8334666047367136e-8,0.6639253497123718],"p":[-864.1641235351562,177.76670837402344,793.9583129882812]},"j":true},{"t":5.333420515060425,"c":{"r":[0.6639253497123718,-1.0270111516774705e-7,-0.7477988600730896,2.9825208969214145e-8,1,-1.1085789708431548e-7,0.7477988600730896,5.129811242454707e-8,0.6639253497123718],"p":[-863.9404296875,178.39024353027344,793.759765625]},"j":true},{"t":5.337291240692139,"c":{"r":[0.6639253497123718,-1.1294857671373393e-7,-0.7477988600730896,3.441411777771464e-8,1,-1.2048718645019107e-7,0.7477988600730896,5.425965809990885e-8,0.6639253497123718],"p":[-863.7161254882812,178.98313903808594,793.5606079101562]},"j":false},{"t":5.403326749801636,"c":{"r":[0.6639253497123718,-1.6408750980190234e-7,-0.7477988600730896,5.731462238145468e-8,1,-1.685411490370825e-7,0.7477988600730896,6.903893989829157e-8,0.6639253497123718],"p":[-862.5946044921875,181.4877166748047,792.5645141601562]},"j":false},{"t":5.468710660934448,"c":{"r":[0.6639253497123718,8.761563918824322e-9,-0.7477988600730896,-4.707437217810195e-10,1,1.129852655878949e-8,0.7477988600730896,-7.14935666223937e-9,0.6639253497123718],"p":[-861.3983154296875,183.3145294189453,791.5020141601562]},"j":false},{"t":5.5351598262786865,"c":{"r":[0.6742745041847229,9.916497845097183e-8,-0.738480806350708,-3.1253438947942414e-8,1,1.0574625264325732e-7,0.738480806350708,-4.822193488962512e-8,0.6742745041847229],"p":[-860.2083129882812,184.26934814453125,790.4324340820312]},"j":false},{"t":5.602397918701172,"c":{"r":[0.6743013858795166,4.454427582345488e-8,-0.7384562492370605,-1.2484784761568335e-8,1,4.892066129968953e-8,0.7384562492370605,-2.376780372514986e-8,0.6743013858795166],"p":[-859.0266723632812,184.35214233398438,789.3533325195312]},"j":false},{"t":5.665319442749023,"c":{"r":[0.6845236420631409,-1.1143276523739587e-8,-0.7289906740188599,8.694939879205776e-9,1,-7.121332412651782e-9,0.7289906740188599,-1.4638098511099429e-9,0.6845236420631409],"p":[-857.8511962890625,183.5629425048828,788.2678833007812]},"j":false},{"t":5.728123426437378,"c":{"r":[0.6944752931594849,-6.477962699591444e-8,-0.7195165157318115,3.270183768222523e-8,1,-5.84684407556324e-8,0.7195165157318115,1.707537577999574e-8,0.6944752931594849],"p":[-856.7619018554688,182.0311279296875,787.236572265625]},"j":false},{"t":5.791164875030518,"c":{"r":[0.7188698053359985,-1.2276851180104131e-7,-0.695144772529602,6.740214786304932e-8,1,-1.0690600049656496e-7,0.695144772529602,2.999723847096902e-8,0.7188698053359985],"p":[-855.6959228515625,179.73289489746094,786.1812744140625]},"j":false},{"t":5.838574647903442,"c":{"r":[0.7337263822555542,-9.344435447644628e-9,-0.6794450879096985,1.0421444152086679e-8,1,-2.4990194358309736e-9,0.6794450879096985,-5.247202672364892e-9,0.7337263822555542],"p":[-855.017822265625,179.6266632080078,785.4646606445312]},"j":true},{"t":5.846528768539429,"c":{"r":[0.7337284684181213,1.667122973003643e-8,-0.679442822933197,-3.00301494782218e-9,1,2.129367082659428e-8,0.679442822933197,-1.3583395741534332e-8,0.7337284684181213],"p":[-854.8837890625,179.58702087402344,785.3200073242188]},"j":true},{"t":5.853844404220581,"c":{"r":[0.7337288856506348,2.9674893653464096e-8,-0.6794423460960388,-9.713096105201657e-9,1,3.3186207559765535e-8,0.6794423460960388,-1.7750188874288142e-8,0.7337288856506348],"p":[-854.8167724609375,179.80848693847656,785.2476806640625]},"j":true},{"t":5.857545852661133,"c":{"r":[0.7337284088134766,6.866926582915767e-8,-0.6794428825378418,-2.9834716031018615e-8,1,6.88485926048088e-8,0.6794428825378418,-3.024518591132619e-8,0.7337284088134766],"p":[-854.61572265625,180.4524688720703,785.0307006835938]},"j":false},{"t":5.868846893310547,"c":{"r":[0.7337291836738586,8.166179554791597e-8,-0.6794420480728149,-3.653906688327879e-8,1,8.073097035321553e-8,0.6794420480728149,-3.440848672653374e-8,0.7337291836738586],"p":[-854.5481567382812,180.66030883789062,784.9577026367188]},"j":true},{"t":5.918827533721924,"c":{"r":[0.7337293028831482,9.738467809938811e-8,-0.6794419288635254,-4.90233453831479e-8,1,9.039008830313833e-8,0.6794419288635254,-3.301333961758246e-8,0.7337293028831482],"p":[-853.6652221679688,183.05235290527344,784.004150390625]},"j":false},{"t":5.982433795928955,"c":{"r":[0.7337293028831482,3.316583985224497e-8,-0.6794419288635254,-2.363546869332822e-8,1,2.328941484108782e-8,0.6794419288635254,-1.0291982821541978e-9,0.7337293028831482],"p":[-852.5783081054688,185.20616149902344,782.830322265625]},"j":false},{"t":6.045210838317871,"c":{"r":[0.7337293028831482,-2.684032374133949e-8,-0.6794419288635254,8.697130515766816e-11,1,-3.940956361248027e-8,0.6794419288635254,2.8856860012638208e-8,0.7337293028831482],"p":[-851.559326171875,186.43341064453125,781.7298583984375]},"j":false},{"t":6.106318712234497,"c":{"r":[0.7337293028831482,-8.267289075547524e-8,-0.6794419288635254,2.2159431622981174e-8,1,-9.774767306680587e-8,0.6794419288635254,5.6664283931695536e-8,0.7337293028831482],"p":[-850.6082763671875,186.88735961914062,780.7027587890625]},"j":false},{"t":6.1725013256073,"c":{"r":[0.7337293028831482,-1.4627742928041698e-7,-0.6794419288635254,4.7304368422373955e-8,1,-1.642065683427063e-7,0.6794419288635254,8.834260256662674e-8,0.7337293028831482],"p":[-849.5213623046875,186.5886688232422,779.5289306640625]},"j":false},{"t":6.2388060092926025,"c":{"r":[0.7337286472320557,5.965418714559689e-10,-0.6794425845146179,2.012025213105062e-9,1,3.050768970780382e-9,0.6794425845146179,-3.6054923491235513e-9,0.7337286472320557],"p":[-848.4344482421875,185.41798400878906,778.3551025390625]},"j":false},{"t":6.306981325149536,"c":{"r":[0.7337286472320557,1.0112536585893395e-7,-0.6794425845146179,-3.039052387521224e-8,1,1.1601710525610542e-7,0.6794425845146179,-6.447645972684768e-8,0.7337286472320557],"p":[-847.3475341796875,183.3752899169922,777.1812744140625]},"j":false},{"t":6.368808269500732,"c":{"r":[0.7337285876274109,3.890998456768102e-8,-0.6794427037239075,-1.3783068908423957e-8,1,4.2383192067063646e-8,0.6794427037239075,-2.1732954991193765e-8,0.7337285876274109],"p":[-846.3346557617188,181.91876220703125,776.08740234375]},"j":false},{"t":6.382901668548584,"c":{"r":[0.7337286472320557,2.64907988878349e-8,-0.6794426441192627,-1.0467952726855856e-8,1,2.7684693648666325e-8,0.6794426441192627,-1.3200679660485548e-8,0.7337286472320557],"p":[-846.1337890625,181.91864013671875,775.8704223632812]},"j":true},{"t":6.398339033126831,"c":{"r":[0.7337286472320557,1.4079565069380351e-8,-0.6794426441192627,-7.154957959443209e-9,1,1.2995604592447307e-8,0.6794426441192627,-4.673863518434018e-9,0.7337286472320557],"p":[-845.9329223632812,181.87899780273438,775.6534423828125]},"j":true},{"t":6.407305955886841,"c":{"r":[0.7337285876274109,5.809826841840504e-9,-0.6794427037239075,-4.947474430139209e-9,1,3.208104670804346e-9,0.6794427037239075,1.007647298933989e-9,0.7337285876274109],"p":[-845.7990112304688,182.3185272216797,775.5087890625]},"j":true},{"t":6.415651082992554,"c":{"r":[0.7337286472320557,-2.4563810985256396e-9,-0.6794425845146179,-2.7409330360939066e-9,1,-6.5752163713739264e-9,0.6794425845146179,6.686731612859376e-9,0.7337286472320557],"p":[-845.6636352539062,182.74444580078125,775.362548828125]},"j":true},{"t":6.434730291366577,"c":{"r":[0.7337286472320557,-2.723382763747395e-8,-0.6794425845146179,3.873040554935869e-9,1,-3.59001148808602e-8,0.6794425845146179,2.3709434415764008e-8,0.7337286472320557],"p":[-845.256103515625,183.9404296875,774.9224243164062]},"j":false},{"t":6.464842319488525,"c":{"r":[0.7337286472320557,-5.197954422442308e-8,-0.6794425845146179,1.0478547807224459e-8,1,-6.518745010453131e-8,0.6794425845146179,4.071033288255421e-8,0.7337286472320557],"p":[-844.8485107421875,185.0137939453125,774.4822387695312]},"j":true},{"t":6.502728700637817,"c":{"r":[0.7430394291877747,-9.307844806016874e-8,-0.6692476272583008,2.2963