{"v":1,"d":[{"t":0,"j":false,"c":{"p":[-958.8856298059235,169.17869567871094,875.4064268300201],"r":[0.47562409395136246,2.2147968922811477e-9,-0.8796486393997549,-1.2675148155227377e-8,1,-4.335611402216889e-9,0.8796486393997549,1.3211787790789484e-8,0.47562409395136246]}},{"t":0.011764705882352941,"j":false,"c":{"p":[-958.7000881290339,169.17869567871094,875.3061125568771],"r":[0.4756240778214214,4.86219021841359e-9,-0.8796486501530489,-2.2583018054833972e-8,1,-6.683168780224756e-9,0.8796486501530489,2.304378888013126e-8,0.4756240778214214]}},{"t":0.023529411764705882,"j":false,"c":{"p":[-958.4875679512124,169.17869567871094,875.1912121877322],"r":[0.4756240616914803,7.509583544546034e-9,-0.8796486609063431,-3.249088795444058e-8,1,-9.030726158232625e-9,0.8796486609063431,3.287578996947304e-8,0.4756240616914803]}},{"t":0.03529411764705882,"j":false,"c":{"p":[-958.275680860806,169.17869567871094,875.0766541012748],"r":[0.4756240455615392,1.0156976870678478e-8,-0.8796486716596371,-4.239875785404719e-8,1,-1.1378283536240494e-8,0.8796486716596371,4.2707791058814815e-8,0.4756240455615392]}},{"t":0.047058823529411764,"j":false,"c":{"p":[-958.0627050447483,169.17869567871094,874.9615073884555],"r":[0.47562402943159815,1.2804370196810922e-8,-0.8796486824129311,-5.230662775365379e-8,1,-1.3725840914248364e-8,0.8796486824129311,5.2539792148156597e-8,0.47562402943159815]}},{"t":0.058823529411764705,"j":false,"c":{"p":[-957.8813642643223,169.17869567871094,874.8634643563745],"r":[0.4756240133016571,1.5451763522943364e-8,-0.8796486931662252,-6.22144976532604e-8,1,-1.607339829225623e-8,0.8796486931662252,6.237179323749836e-8,0.4756240133016571]}},{"t":0.07058823529411765,"j":false,"c":{"p":[-957.6627221998694,169.17869567871094,874.745254150766],"r":[0.475623997171716,1.8099156849075808e-8,-0.8796487039195192,-7.2122367552867e-8,1,-1.84209556702641e-8,0.8796487039195192,7.220379432684014e-8,0.475623997171716]}},{"t":0.08235294117647059,"j":false,"c":{"p":[-957.4569963951033,169.17867782809486,874.6340272123363],"r":[0.47562398104177495,2.074655017520825e-8,-0.8796487146728134,-8.20302374524736e-8,1,-2.076851304827197e-8,0.8796487146728134,8.203579541618193e-8,0.47562398104177495]}},{"t":0.09411764705882353,"j":true,"c":{"p":[-957.2513933207678,169.1787580284356,874.5228665726263],"r":[0.4756239651806662,2.334982027923849e-8,-0.8796487252468859,-9.177297618708676e-8,1,-2.307694446997971e-8,0.8796487252468859,9.170392982070135e-8,0.4756239651806662]}},{"t":0.10588235294117647,"j":true,"c":{"p":[-957.0475840151909,169.1802712942548,874.4126749230142],"r":[0.47562395308321037,2.5335365273837823e-8,-0.8796487333118564,-9.920387861179173e-8,1,-2.4837612503485608e-8,0.8796487333118564,9.907793063770769e-8,0.47562395308321037]}},{"t":0.11764705882352941,"j":true,"c":{"p":[-956.8341949029793,169.17413112642342,874.2973082820744],"r":[0.4756239273338948,2.6119324088277408e-8,-0.8796487470080534,-1.0190536545466074e-7,1,-2.5407081206046485e-8,0.8796487470080534,1.0172514401683572e-7,0.4756239273338948]}},{"t":0.12941176470588234,"j":true,"c":{"p":[-956.5995003527452,169.15096976364165,874.1704324884754],"r":[0.4756238830871429,2.2928139979755724e-8,-0.8796487659682242,-8.925637071324185e-8,1,-2.2195594251441947e-8,0.8796487659682242,8.90710116949871e-8,0.4756238830871429]}},{"t":0.1411764705882353,"j":true,"c":{"p":[-956.3617446050472,169.1253704777551,874.0419030404963],"r":[0.4756238282689875,1.746513622663852e-8,-0.8796487879367898,-6.783447741369815e-8,1,-1.682326691857646e-8,0.8796487879367898,6.767206228708256e-8,0.4756238282689875]}},{"t":0.15294117647058825,"j":true,"c":{"p":[-956.1255028863729,169.10088071320138,873.9141914933754],"r":[0.47562377309298354,1.1925229949485137e-8,-0.8796488100071913,-4.611561597945319e-8,1,-1.1377793779650672e-8,0.8796488100071913,4.597709531997069e-8,0.47562377309298354]}},{"t":0.1647058823529412,"j":true,"c":{"p":[-955.88938587118,169.07619277516702,873.7865473869308],"r":[0.4756237194926521,6.408211695711312e-9,-0.8796488312890993,-2.448806247239642e-8,1,-5.955671046186265e-9,0.8796488312890993,2.4373553286641045e-8,0.4756237194926521]}},{"t":0.17647058823529416,"j":true,"c":{"p":[-955.6512145262674,169.0530628635021,873.657792718168],"r":[0.4756236833997934,1.1455048128214923e-9,-0.8796488438099673,-3.875041489652945e-9,1,-7.929972622927559e-10,0.8796488438099673,3.78584385089167e-9,0.4756236833997934]}},{"t":0.1882352941176471,"j":true,"c":{"p":[-955.4053494304875,169.03579392208428,873.5248788322467],"r":[0.4756237162864744,-3.1152138554334124e-9,-0.8796488218122891,1.274071570896587e-8,1,3.347446218387039e-9,0.8796488218122891,-1.2799479504835858e-8,0.4756237162864744]}},{"t":0.20000000000000007,"j":true,"c":{"p":[-955.1488013639855,169.02666308841512,873.3861897664558],"r":[0.47562386192218764,-5.738154103910508e-9,-0.8796487433930589,2.282283082659069e-8,1,5.817025006056102e-9,0.8796487433930589,-2.2842788240294367e-8,0.47562386192218764]}},{"t":0.21176470588235302,"j":true,"c":{"p":[-954.8928156861036,169.01710383653696,873.2478047261578],"r":[0.4756239676255279,-7.641901058450334e-9,-0.8796486864758756,3.014049502486677e-8,1,7.609461222912677e-9,0.8796486864758756,-3.013228651603038e-8,0.4756239676255279]}},{"t":0.22352941176470598,"j":true,"c":{"p":[-954.6369266214494,169.00757876656684,873.1094668308095],"r":[0.4756241132612411,-1.0264841306927426e-8,-0.8796486080566455,4.022261014249158e-8,1,1.0079040010581736e-8,0.8796486080566455,-4.0175595251488875e-8,0.4756241132612411]}},{"t":0.23529411764705893,"j":true,"c":{"p":[-954.3794482598911,168.9968713279631,872.9703826445042],"r":[0.4756242588969544,-1.288778155540452e-8,-0.8796485296374152,5.030472526011639e-8,1,1.2548618798250796e-8,0.8796485296374152,-5.021890398694737e-8,0.4756242588969544]}},{"t":0.2470588235294119,"j":false,"c":{"p":[-954.1281739799591,168.99075770816955,872.8342127535728],"r":[0.476238833435203,-1.3983705910204967e-8,-0.8793106673090231,5.436019994640535e-8,1,1.3490513279053264e-8,0.8793106673090231,-5.423490904470385e-8,0.476238833435203]}},{"t":0.25882352941176484,"j":false,"c":{"p":[-953.8839976372191,168.9898986480229,872.7013770889126],"r":[0.47816471963488794,-1.211685844337113e-8,-0.8782519081230299,4.669210776729418e-8,1,1.145089442776148e-8,0.8782519081230299,-4.652155039138735e-8,0.47816471963488794]}},{"t":0.2705882352941178,"j":false,"c":{"p":[-953.6424076638941,168.9909583140238,872.5697546487912],"r":[0.4803320177029495,-9.269237660081403e-9,-0.8770604318871928,3.519238136566052e-8,1,8.452501762015608e-9,0.8770604318871928,-3.49819300847675e-8,0.4803320177029495]}},{"t":0.28235294117647075,"j":false,"c":{"p":[-953.4006948489315,168.99189286798497,872.4380889376284],"r":[0.4825791909412014,-6.2231062698076525e-9,-0.8758250440659461,2.290919746692221e-8,1,5.255511596209745e-9,0.8758250440659461,-2.265876605964919e-8,0.4825791909412014]}},{"t":0.2941176470588237,"j":false,"c":{"p":[-953.1589534180591,168.99274434669286,872.3064359244704],"r":[0.484778455408353,-3.1762981554707882e-9,-0.8746159942757066,1.0621867441887362e-8,1,2.0574408942131616e-9,0.8746159942757066,-1.0331392249137582e-8,0.484778455408353]}},{"t":0.30588235294117666,"j":false,"c":{"p":[-952.9162061689432,168.9935059132794,872.1740339190575],"r":[0.4863069970801014,-1.200159042503221e-10,-0.8737756769195699,-1.7235083512989969e-9,1,-1.1557573144535197e-9,0.8737756769195699,2.054918556880133e-9,0.4863069970801014]}},{"t":0.3176470588235296,"j":false,"c":{"p":[-952.6699727217313,168.99393941888306,872.0390428188773],"r":[0.4859754807289427,2.9625401585078417e-9,-0.8739579336090145,-1.4229857496645091e-8,1,-4.410907340385293e-9,0.8739579336090145,1.4604674279469143e-8,0.4859754807289427]}},{"t":0.32941176470588257,"j":false,"c":{"p":[-952.4202537796316,168.99404493411524,871.901463301135],"r":[0.48402107189134974,6.068020006873444e-9,-0.8750323816790284,-2.6876655187423055e-8,1,-7.702660143323654e-9,0.8750323816790284,2.729703497662496e-8,0.48402107189134974]}},{"t":0.3411764705882355,"j":false,"c":{"p":[-952.1701861337513,168.99411761783372,871.763624200009],"r":[0.4816941552539859,9.178761626434877e-9,-0.8763116173433705,-3.955569049041327e-8,1,-1.1002814500919644e-8,0.8763116173433705,4.002212825819798e-8,0.4816941552539859]}},{"t":0.3529411764705885,"j":false,"c":{"p":[-951.9204024945403,168.99421631590366,871.6259711786918],"r":[0.47937368532876096,1.228309218611723e-8,-0.8775873088745991,-5.220759351515006e-8,1,-1.4295639369712342e-8,0.8775873088745991,5.2719862044740506e-8,0.47937368532876096]}},{"t":0.36470588235294144,"j":false,"c":{"p":[-951.6706057458505,168.9943133595955,871.4882937297813],"r":[0.47715192725963657,1.5289256795994803e-8,-0.8788087327496389,-6.444404793772875e-8,1,-1.7476235333529923e-8,0.8788087327496389,6.499866809288932e-8,0.47715192725963657]}},{"t":0.3764705882352944,"j":false,"c":{"p":[-951.420176210229,168.99437898114593,871.3511284063445],"r":[0.4756249690773802,1.7604463971648602e-8,-0.8796481846623412,-7.375629798221228e-8,1,-1.986688940424139e-8,0.8796481846623412,7.432878128143341e-8,0.4756249690773802]}},{"t":0.38823529411764734,"j":false,"c":{"p":[-951.1682313745521,168.99436935782293,871.2151894416081],"r":[0.475624792779223,1.8401332826880955e-8,-0.8796482756549385,-7.664278090401638e-8,1,-2.0521692628284317e-8,0.8796482756549385,7.717931534956385e-8,0.475624792779223]}},{"t":0.4000000000000003,"j":false,"c":{"p":[-950.9164833366193,168.99436950683594,871.0790912050333],"r":[0.4756246164810658,1.9198201682113312e-8,-0.8796483666475358,-7.952926382582047e-8,1,-2.1176495852327243e-8,0.8796483666475358,8.002984941769429e-8,0.4756246164810658]}},{"t":0.41176470588235325,"j":false,"c":{"p":[-950.6647323377806,168.99436950683594,870.9429954187076],"r":[0.4756244401829085,1.9995070537345665e-8,-0.879648457640133,-8.241574674762458e-8,1,-2.1831299076370166e-8,0.879648457640133,8.288038348582472e-8,0.4756244401829085]}},{"t":0.4235294117647062,"j":false,"c":{"p":[-950.4129798530375,168.99436950683594,870.8068988291064],"r":[0.47562426388475126,2.0791939392578022e-8,-0.8796485486327305,-8.530222966942868e-8,1,-2.248610230041309e-8,0.8796485486327305,8.573091755395516e-8,0.47562426388475126]}},{"t":0.43529411764705916,"j":false,"c":{"p":[-950.1612349710226,168.99436950683594,870.6708063495167],"r":[0.47562421039466557,1.7603803311141996e-8,-0.8796485734980057,-7.191061667551982e-8,1,-1.8869598635219766e-8,0.8796485734980057,7.223091056206226e-8,0.47562421039466557]}},{"t":0.4470588235294121,"j":false,"c":{"p":[-949.9094968693001,168.99436950683594,870.5347175353307],"r":[0.4756242643571901,1.0928932385543917e-8,-0.8796485405042717,-4.427625991392577e-8,1,-1.1515856297177889e-8,0.8796485405042717,4.442477292769434e-8,0.4756242643571901]}},{"t":0.4588235294117651,"j":false,"c":{"p":[-949.6577758232514,168.99436950683594,870.3986379413874],"r":[0.475624371193878,2.5383452272794316e-9,-0.8796484790398779,-9.633481872221873e-9,1,-2.323132406784592e-9,0.8796484790398779,9.579023258864571e-9,0.475624371193878]}},{"t":0.47058823529411803,"j":false,"c":{"p":[-949.4059033808012,168.99436950683594,870.2624765030332],"r":[0.4756244906142728,-6.260571233141671e-9,-0.8796484107996523,2.667725484239111e-8,1,7.3072571299746826e-9,0.8796484107996523,-2.6942108279505403e-8,0.4756244906142728]}},{"t":0.482352941176471,"j":false,"c":{"p":[-949.1541126020473,168.99436950683594,870.1263592118123],"r":[0.4756246020756366,-1.456872079307806e-8,-0.8796483469884279,6.09513203359761e-8,1,1.639433420417468e-8,0.8796483469884279,-6.141327252542435e-8,0.4756246020756366]}},{"t":0.49411764705882394,"j":false,"c":{"p":[-948.9041806672933,168.99436950683594,869.9912468057238],"r":[0.4756246757050903,-2.054409274959652e-8,-0.8796483042297131,8.554441303932712e-8,1,2.289886721710174e-8,0.8796483042297131,-8.61402633504261e-8,0.4756246757050903]}},{"t":0.5058823529411769,"j":false,"c":{"p":[-948.6584777185948,168.99436950683594,869.8584205759976],"r":[0.4756246653935385,-2.134352468540176e-8,-0.8796483081820639,8.86574750569452e-8,1,2.3673281275520356e-8,0.8796483081820639,-8.924699465981913e-8,0.4756246653935385]}},{"t":0.5176470588235298,"j":false,"c":{"p":[-948.4158364768299,168.99436950683594,869.7272494952654],"r":[0.47562459268350554,-1.8295363974381266e-8,-0.8796483468576052,7.58031170910858e-8,1,2.0188147606072243e-8,0.8796483468576052,-7.628206532364355e-8,0.47562459268350554]}},{"t":0.5294117647058827,"j":false,"c":{"p":[-948.1730307923053,168.99436950683594,869.5959895173021],"r":[0.47562451551643825,-1.4972375217159244e-8,-0.8796483880133745,6.180822912640785e-8,1,1.6398760527491134e-8,0.8796483880133745,-6.216916022707151e-8,0.47562451551643825]}},{"t":0.5411764705882356,"j":false,"c":{"p":[-947.930176548591,168.99436950683594,869.4647032883962],"r":[0.4756244383493709,-1.1649386459937219e-8,-0.8796484291691437,4.781334116172989e-8,1,1.2609373448910022e-8,0.8796484291691437,-4.805625513049946e-8,0.4756244383493709]}},{"t":0.5529411764705885,"j":false,"c":{"p":[-947.687328363475,168.99436950683594,869.3334203347491],"r":[0.47562437507717764,-8.32331879287004e-9,-0.8796484632532071,3.380548940687251e-8,1,8.816476731636857e-9,0.8796484632532071,-3.393027723479041e-8,0.47562437507717764]}},{"t":0.5647058823529414,"j":false,"c":{"p":[-947.4428000721933,168.99436950683594,869.2012291210722],"r":[0.4756243894967719,-4.980035711783198e-9,-0.8796484577965407,1.972515192608395e-8,1,5.003956223417603e-9,0.8796484577965407,-1.9731204100552848e-8,0.4756243894967719]}},{"t":0.5764705882352943,"j":false,"c":{"p":[-947.1954008924502,168.99436950683594,869.0674859142575],"r":[0.47562452827630103,-1.6091962076216928e-9,-0.8796483890476939,5.528787765463432e-9,1,1.1600242437680647e-9,0.8796483890476939,-5.415128649941439e-9,0.47562452827630103]}},{"t":0.5882352941176472,"j":false,"c":{"p":[-946.946784592153,168.99436950683594,868.9330847359566],"r":[0.47562473871883854,1.7775228173863862e-9,-0.8796482838264252,-8.734437325407653e-9,1,-2.702008746816284e-9,0.8796482838264252,8.968369946153025e-9,0.47562473871883854]}},{"t":0.6000000000000001,"j":false,"c":{"p":[-946.6983673320166,168.99436950683594,868.7987911581315],"r":[0.475624949161376,5.164241842394465e-9,-0.8796481786051564,-2.299766241627874e-8,1,-6.564041737400631e-9,0.8796481786051564,2.335186854224749e-8,0.475624949161376]}},{"t":0.611764705882353,"j":false,"c":{"p":[-946.450143420573,168.99436950683594,868.6646021039929],"r":[0.4756251596039135,8.550960867402543e-9,-0.8796480733838876,-3.726088750714982e-8,1,-1.0426074727984977e-8,0.8796480733838876,3.773536713834195e-8,0.4756251596039135]}},{"t":0.6235294117647059,"j":false,"c":{"p":[-946.1944904891396,168.99436950683594,868.5263969453616],"r":[0.475625370046451,1.193767989241062e-8,-0.8796479681626189,-5.15241125980209e-8,1,-1.4288107718569323e-8,0.8796479681626189,5.211886573443641e-8,0.475625370046451]}},{"t":0.6352941176470588,"j":true,"c":{"p":[-945.978005845131,168.99871321370875,868.409366037879],"r":[0.4756254537816018,1.437548808488779e-8,-0.8796479262950435,-6.17910238547931e-8,1,-1.7068077132296222e-8,0.8796479262950435,6.247235731536728e-8,0.4756254537816018]}},{"t":0.6470588235294117,"j":true,"c":{"p":[-945.7993439345145,168.92986821690957,868.3127819793293],"r":[0.4756254839100248,1.7177846049970637e-8,-0.8796479112308321,-7.359328815111211e-8,1,-2.0263786052606152e-8,0.8796479112308321,7.437415477413317e-8,0.4756254839100248]}},{"t":0.6588235294117646,"j":true,"c":{"p":[-945.5741241934643,169.08831123565224,868.19102890627],"r":[0.4756254815063931,2.0275151859763154e-8,-0.8796479105949402,-8.663776572539193e-8,1,-2.3795857411962773e-8,0.8796479105949402,8.752864465564991e-8,0.4756254815063931]}},{"t":0.6705882352941175,"j":true,"c":{"p":[-945.2754281226078,169.64354506010204,868.029554763871],"r":[0.47562546346971546,2.4211665861192196e-8,-0.8796479139767762,-1.0321662964621071e-7,1,-2.828494111974434e-8,0.8796479139767762,1.042473295904243e-7,0.47562546346971546]}},{"t":0.6823529411764704,"j":true,"c":{"p":[-944.9799367245256,170.32421430747456,867.8698130573435],"r":[0.4756254224361943,2.813090684861916e-8,-0.8796479296073938,-1.1971897056058264e-7,1,-3.275228144364374e-8,0.8796479296073938,1.2088836108456902e-7,0.4756254224361943]}},{"t":0.6941176470588233,"j":true,"c":{"p":[-944.7224809878378,170.9029824374448,867.7306333079472],"r":[0.4756253796277963,3.071191087475706e-8,-0.8796479544675263,-1.3055885342819945e-7,1,-3.56792639350571e-8,0.8796479544675263,1.3181579045075925e-7,0.4756253796277963]}},{"t":0.7058823529411762,"j":true,"c":{"p":[-944.4701154844516,171.41110598995039,867.5942053224253],"r":[0.47562536377485737,3.031474673330652e-8,-0.8796479653589515,-1.2880508892014086e-7,1,-3.5182505832863e-8,0.8796479653589515,1.300368247655854e-7,0.47562536377485737]}},{"t":0.7176470588235291,"j":true,"c":{"p":[-944.2197056244511,171.87302113007615,867.458834551474],"r":[0.4756253487998197,2.7760757247694974e-8,-0.879647970199585,-1.17883195712233e-7,1,-3.218046345192255e-8,0.879647970199585,1.1900155670149522e-7,0.4756253487998197]}},{"t":0.729411764705882,"j":true,"c":{"p":[-943.9691442599939,172.3372521131485,867.3233818776973],"r":[0.47562533709468163,2.425115559189746e-8,-0.879647970199585,-1.0291101896087358e-7,1,-2.8074792448693507e-8,0.879647970199585,1.0387855117282065e-7,0.47562533709468163]}},{"t":0.7411764705882349,"j":true,"c":{"p":[-943.7173937133815,172.80802491856986,867.1872863358436],"r":[0.47562532538954355,2.074155393609995e-8,-0.879647970199585,-8.793884220951417e-8,1,-2.3969121445464464e-8,0.879647970199585,8.875554564414604e-8,0.47562532538954355]}},{"t":0.7529411764705878,"j":true,"c":{"p":[-943.4664088610085,173.27668333100064,867.0516047258516],"r":[0.4756253142919934,1.7071246058068294e-8,-0.879647970199585,-7.22864268943111e-8,1,-1.96783395169921e-8,0.879647970199585,7.294612616198727e-8,0.4756253142919934]}},{"t":0.7647058823529407,"j":true,"c":{"p":[-943.2388439753514,173.64792888658434,866.9285838751044],"r":[0.47562530690549043,1.2385579610552966e-8,-0.879647970199585,-5.233559680392244e-8,1,-1.4217684762404864e-8,0.879647970199585,5.279919347385189e-8,0.47562530690549043]}},{"t":0.7764705882352936,"j":true,"c":{"p":[-943.0252159194299,173.91104854253445,866.8130972300225],"r":[0.47562530636787415,5.512933041877027e-9,-0.879647970199585,-2.3121066454179546e-8,1,-6.234350227718894e-9,0.879647970199585,2.3303614827599845e-8,0.47562530636787415]}},{"t":0.7882352941176465,"j":true,"c":{"p":[-942.7673776807302,174.24038442807702,866.6737107012597],"r":[0.47562530636787415,-2.722151475700758e-9,-0.879647970199585,1.1881961081055277e-8,1,3.3299780148396044e-9,0.879647970199585,-1.2035764345473229e-8,0.47562530636787415]}},{"t":0.7999999999999994,"j":true,"c":{"p":[-942.514719431732,174.5635245019684,866.5371244583944],"r":[0.47562530636787415,-1.095723599327854e-8,-0.879647970199585,4.68849886162901e-8,1,1.28943062573981e-8,0.879647970199585,-4.737514351854629e-8,0.47562530636787415]}},{"t":0.8117647058823523,"j":true,"c":{"p":[-942.2619918391551,174.8936979330872,866.4005007286106],"r":[0.47562530636787415,-1.6934313465714026e-8,-0.879647970199585,7.229041182734761e-8,1,1.9836157401190558e-8,0.879647970199585,-7.302469291835738e-8,0.47562530636787415]}},{"t":0.8235294117647052,"j":true,"c":{"p":[-942.0092149535651,175.17239245820923,866.2638503511822],"r":[0.47562530891838617,-2.263875050806566e-8,-0.879647970199585,9.651964207105659e-8,1,2.6451984319006586e-8,0.879647970199585,-9.748454130159829e-8,0.47562530891838617]}},{"t":0.8352941176470581,"j":true,"c":{"p":[-941.7563628561844,175.37253993408126,866.1271593144996],"r":[0.47562531571093564,-2.4134189125375167e-8,-0.879647970199585,1.028297839092566e-7,1,2.816383407146628e-8,0.879647970199585,-1.0384944425767787e-7,0.47562531571093564]}},{"t":0.847058823529411,"j":true,"c":{"p":[-941.503478399474,175.53889310916307,865.9904507844668],"r":[0.4756253254401821,-2.2715803118232985e-8,-0.879647970199585,9.673481750767952e-8,1,2.6480736147740743e-8,0.879647970199585,-9.768749587305049e-8,0.4756253254401821]}},{"t":0.8588235294117639,"j":true,"c":{"p":[-941.2506057982873,175.70284883381757,865.8537486634923],"r":[0.4756253358573381,-2.0614865300613094e-8,-0.879647970199585,8.773400391915136e-8,1,2.4002385255318315e-8,0.879647970199585,-8.859118246506708e-8,0.4756253358573381]}},{"t":0.8705882352941168,"j":true,"c":{"p":[-940.9975844484833,175.8735170212404,865.7169661294898],"r":[0.47562534627449415,-1.8513927482993208e-8,-0.879647970199585,7.87331903306232e-8,1,2.1524034362895886e-8,0.879647970199585,-7.949486905708368e-8,0.47562534627449415]}},{"t":0.8823529411764697,"j":true,"c":{"p":[-940.7446923032177,176.04042438805166,865.5802534430487],"r":[0.47562535579031584,-1.635843432584186e-8,-0.879647970199585,6.950018065715673e-8,1,1.8982154588251336e-8,0.879647970199585,-7.016408884614223e-8,0.47562535579031584]}},{"t":0.8941176470588226,"j":true,"c":{"p":[-940.4936531410003,176.15623278924352,865.444542473328],"r":[0.4756253595151324,-1.3852427219365092e-8,-0.879647970199585,5.8775328618696754e-8,1,1.60321065280613e-8,0.879647970199585,-5.932687707788001e-8,0.4756253595151324]}},{"t":0.9058823529411755,"j":true,"c":{"p":[-940.2454985562193,176.192494362755,865.3103908969615],"r":[0.47562535532208755,-1.1616122051305289e-8,-0.879647970199585,4.9214518316333414e-8,1,1.3404852696308067e-8,0.879647970199585,-4.9667141007164244e-8,0.47562535532208755]}},{"t":0.9176470588235284,"j":true,"c":{"p":[-939.9986141391796,176.19372903311893,865.176925969221],"r":[0.4756253461345528,-8.328565090519825e-9,-0.879647970199585,3.516326747047616e-8,1,9.544701444175358e-9,0.879647970199585,-3.5471000538871946e-8,0.4756253461345528]}},{"t":0.9294117647058813,"j":true,"c":{"p":[-939.7516287078462,176.19707347657072,865.0434064334758],"r":[0.47562533532299395,-4.942710322161479e-9,-0.879647970199585,2.0693645732375016e-8,1,5.570083855775235e-9,0.879647970199585,-2.0852397798740758e-8,0.47562533532299395]}},{"t":0.9411764705882342,"j":true,"c":{"p":[-939.5048601014062,176.2054517351022,864.9100041125761],"r":[0.4756253245114351,-1.5568555538031318e-9,-0.879647970199585,6.224023994273869e-9,1,1.5954662673751113e-9,0.879647970199585,-6.2337950586095735e-9,0.4756253245114351]}},{"t":0.9529411764705871,"j":true,"c":{"p":[-939.2580228353022,176.21270871115885,864.776564674481],"r":[0.4756253142340676,1.837349990660563e-9,-0.879647970199585,-8.281284262580772e-9,1,-2.388953638624605e-9,0.879647970199585,8.42086145781778e-9,0.4756253142340676]}},{"t":0.96470588235294,"j":true,"c":{"p":[-939.0053605523078,176.14694554567865,864.6399762508496],"r":[0.4756253072302456,5.282729411670098e-9,-0.879647970199585,-2.300528087630233e-8,1,-6.433442523169128e-9,0.879647970199585,2.3296456899431966e-8,0.4756253072302456]}},{"t":0.9764705882352929,"j":true,"c":{"p":[-938.7446791679432,175.9806580507326,864.4990527266164],"r":[0.47562530636787415,8.824115391004908e-9,-0.879647970199585,-3.81395555050145e-8,1,-1.0590625936279131e-8,0.879647970199585,3.8586552614213305e-8,0.47562530636787415]}},{"t":0.9882352941176458,"j":true,"c":{"p":[-938.4843161985123,175.81834100705447,864.3583013364799],"r":[0.47562530636787415,1.2378982439130742e-8,-0.879647970199585,-5.333144063700912e-8,1,-1.4763633713041629e-8,0.879647970199585,5.3934851714200197e-8,0.47562530636787415]}},{"t":0.9999999999999987,"j":true,"c":{"p":[-938.2240513476968,175.65729608858845,864.2176029889539],"r":[0.47562530636787415,1.4959127877286588e-8,-0.879647970199585,-6.435780887797295e-8,1,-1.7792429680046668e-8,0.879647970199585,6.50747462222552e-8,0.47562530636787415]}},{"t":1.0117647058823516,"j":true,"c":{"p":[-937.9635577332125,175.49813594877395,864.0767809725185],"r":[0.47562530636787415,1.8513994925412454e-8,-0.879647970199585,-7.95496940099677e-8,1,-2.1965437456809202e-8,0.879647970199585,8.042304532224222e-8,0.47562530636787415]}},{"t":1.0235294117647045,"j":true,"c":{"p":[-937.7035833641814,175.33458924465194,863.9362396585178],"r":[0.47562530636787415,2.1981690112413602e-8,-0.879647970199585,-9.436842204271922e-8,1,-2.6035777995540803e-8,0.879647970199585,9.539426648781906e-8,0.47562530636787415]}},{"t":1.0352941176470574,"j":true,"c":{"p":[-937.4543954638199,175.07991889513897,863.8015294750468],"r":[0.47562530636787415,2.5037129418706123e-8,-0.879647970199585,-1.0742240389928096e-7,1,-2.9620581434475856e-8,0.879647970199585,1.085821989414152e-7,0.47562530636787415]}},{"t":1.0470588235294103,"j":true,"c":{"p":[-937.2107245025767,174.77864166998873,863.6698017312519],"r":[0.47562530636787415,2.7697684529718847e-8,-0.879647970199585,-1.1878600265576426e-7,1,-3.274030739143034e-8,0.879647970199585,1.2006198710663487e-7,0.47562530636787415]}},{"t":1.0588235294117632,"j":true,"c":{"p":[-936.9675429812892,174.4732566442129,863.5383385771345],"r":[0.47562530636787415,3.02574184189271e-8,-0.879647970199585,-1.2971801541436592e-7,1,-3.5741290485217545e-8,0.879647970199585,1.3110565451485534e-7,0.47562530636787415]}},{"t":1.070588235294116,"j":true,"c":{"p":[-936.7234741603248,174.17506762993824,863.4063957516444],"r":[0.47562530636787415,3.281715230813536e-8,-0.879647970199585,-1.4065002817296757e-7,1,-3.874227357900475e-8,0.879647970199585,1.4214932192307582e-7,0.47562530636787415]}},{"t":1.082352941176469,"j":true,"c":{"p":[-936.4798844039428,173.87312197019392,863.2747119069384],"r":[0.47562530636787415,3.4861925105801003e-8,-0.879647970199585,-1.4937659094975115e-7,1,-4.113618791953344e-8,0.879647970199585,1.5096423235583165e-7,0.47562530636787415]}},{"t":1.0941176470588219,"j":true,"c":{"p":[-936.2419563098299,173.5270208829542,863.1460887387814],"r":[0.47562530636787415,3.364026265977017e-8,-0.879647970199585,-1.4411382585859742e-7,1,-3.9679421492995945e-8,0.879647970199585,1.456419769835284e-7,0.47562530636787415]}},{"t":1.1058823529411748,"j":true,"c":{"p":[-936.0113853456111,173.12354137923535,863.0214428115595],"r":[0.47562530636787415,2.941502967075301e-8,-0.879647970199585,-1.259959317137441e-7,1,-3.4686405649214514e-8,0.879647970199585,1.273298029174391e-7,0.47562530636787415]}},{"t":1.1176470588235277,"j":true,"c":{"p":[-935.7827455256668,172.7050008392073,862.8978408547683],"r":[0.47562530636787415,2.243191682125822e-8,-0.879647970199585,-9.605831080095573e-8,1,-2.643767654659532e-8,0.879647970199585,9.707193010450949e-8,0.47562530636787415]}},{"t":1.1294117647058806,"j":true,"c":{"p":[-935.5538878588134,172.28772852350474,862.7741210724815],"r":[0.47562530636787415,1.4895622671147367e-8,-0.879647970199585,-6.375155227870029e-8,1,-1.7536822287326046e-8,0.879647970199585,6.441988285259193e-8,0.47562530636787415]}},{"t":1.1411764705882335,"j":true,"c":{"p":[-935.3256254024948,171.87284836699,862.6507240086898],"r":[0.47562530636787415,7.359328521036512e-9,-0.879647970199585,-3.144479375644485e-8,1,-8.635968028056767e-9,0.879647970199585,3.1767835600674375e-8,0.47562530636787415]}},{"t":1.1529411764705864,"j":true,"c":{"p":[-935.0971653174989,171.45739003809808,862.5272198213479],"r":[0.4756253072714081,8.623645997800677e-11,-0.879647969597229,-2.6728758647716767e-10,1,-4.6487059197232016e-11,0.879647969597229,2.5723001415716056e-10,0.4756253072714081]}},{"t":1.1647058823529393,"j":true,"c":{"p":[-934.853946469906,171.00758294949256,862.3957169188],"r":[0.4756253136868989,-5.581206414781181e-9,-0.8796479653202351,2.4021279642672336e-8,1,6.643479083690294e-9,0.8796479653202351,-2.4290076428888312e-8,0.4756253136868989]}},{"t":1.1764705882352922,"j":true,"c":{"p":[-934.5911773481126,170.51227559171423,862.2536184751632],"r":[0.47562533021302583,-8.303391370349563e-9,-0.8796479543028172,3.567339916992369e-8,1,9.849146706358289e-9,0.8796479543028172,-3.60645355270708e-8,0.47562533021302583]}},{"t":1.188235294117645,"j":true,"c":{"p":[-934.3310570932076,170.02312259520113,862.112955567425],"r":[0.4756253472973811,-1.086296277216166e-8,-0.879647942913247,4.66278352602604e-8,1,1.2862439270452009e-8,0.879647942913247,-4.713378029247749e-8,0.4756253472973811]}},{"t":1.199999999999998,"j":true,"c":{"p":[-934.0708680217807,169.53383038028448,861.9722554718066],"r":[0.4756253596973164,-1.2720716208960757e-8,-0.8796479346466235,5.4578635648407984e-8,1,1.5049506454068416e-8,0.8796479346466235,-5.516790955769201e-8,0.4756253596973164]}},{"t":1.2117647058823509,"j":true,"c":{"p":[-933.7981490937625,169.0201944975461,861.8247797936838],"r":[0.47562537678167166,-1.5280287610772854e-8,-0.8796479232570532,6.553307173874468e-8,1,1.8062799018162133e-8,0.8796479232570532,-6.62371543230987e-8,0.47562537678167166]}},{"t":1.2235294117647038,"j":true,"c":{"p":[-933.6448897153175,168.68838258096693,861.7419075977473],"r":[0.4756253539583321,-1.7020324496400496e-8,-0.8796479342643987,7.297819409977852e-8,1,2.0110267009430453e-8,0.8796479342643987,-7.376006840211423e-8,0.4756253539583321]}},{"t":1.2352941176470567,"j":true,"c":{"p":[-933.4474192349064,168.5992469223032,861.635092715486],"r":[0.47562475369955176,-1.5692562106999673e-8,-0.879648262169222,6.726343707881445e-8,1,1.85296972836188e-8,0.879648262169222,-6.798134118092642e-8,0.47562475369955176]}},{"t":1.2470588235294096,"j":true,"c":{"p":[-933.1885387268683,168.72158374962063,861.4950372504344],"r":[0.4756239123887297,-1.128415950897556e-8,-0.8796487260078305,4.832807656349972e-8,1,1.3302873223841254e-8,0.8796487260078305,-4.883888845411052e-8,0.4756239123887297]}},{"t":1.2588235294117625,"j":true,"c":{"p":[-932.8914968040514,169.14530231261998,861.3343578806189],"r":[0.4756236960853228,-5.635152034128902e-9,-0.8796488533007883,2.4066737754910443e-8,1,6.6066782109549526e-9,0.8796488533007883,-2.431257107180694e-8,0.4756236960853228]}},{"t":1.2705882352941154,"j":true,"c":{"p":[-932.5788263084098,169.84171419072752,861.165321376569],"r":[0.4756239744506288,3.7819942464914516e-10,-0.8796487074358232,-1.7595262124189184e-9,1,-5.214312403584416e-10,0.8796487074358232,1.7957693665655856e-9,0.4756239744506288]}},{"t":1.2823529411764683,"j":true,"c":{"p":[-932.2759063985068,170.55676827695834,861.0015541249624],"r":[0.4758564112323462,6.315218454307196e-9,-0.8795189464995762,-2.7107382675369205e-8,1,-7.525858924310809e-9,0.8795189464995762,2.741431455067424e-8,0.4758564112323462]}},{"t":1.2941176470588212,"j":true,"c":{"p":[-932.0029789822083,171.11565200798108,860.8534944356708],"r":[0.47755705093999173,1.1963231350541983e-8,-0.8785695895591125,-5.026310983545485e-8,1,-1.3978137984027302e-8,0.8785695895591125,5.077789295103051e-8,0.47755705093999173]}},{"t":1.305882352941174,"j":true,"c":{"p":[-931.753606712526,171.57570710597383,860.7175399829072],"r":[0.4802064415904586,1.592011721436022e-8,-0.8770906285443189,-6.554163245756861e-8,1,-1.829046019652164e-8,0.8770906285443189,6.615311623718889e-8,0.4802064415904586]}},{"t":1.317647058823527,"j":true,"c":{"p":[-931.5089993069689,172.0153487968701,860.5840436643792],"r":[0.48426014384115573,2.1331206214572398e-8,-0.8748277460138759,-8.6156395067116e-8,1,-2.4126171938928943e-8,0.8748277460138759,8.688567017257638e-8,0.48426014384115573]}},{"t":1.3294117647058799,"j":true,"c":{"p":[-931.2638409009953,172.45738422593968,860.4502700480241],"r":[0.4885059559432015,2.6722952161375207e-8,-0.8724576240024517,-1.0656370704024605e-7,1,-2.991154559915292e-8,0.8724576240024517,1.0740342075717656e-7,0.4885059559432015]}},{"t":1.3411764705882327,"j":true,"c":{"p":[-931.0181307373981,172.90362950789356,860.3165611892271],"r":[0.4927785900046711,3.2052034048110206e-8,-0.8700695743640025,-1.2673473034550405e-7,1,-3.56297129261673e-8,0.8700695743640025,1.2768365798374573e-7,0.4927785900046711]}},{"t":1.3529411764705856,"j":true,"c":{"p":[-930.772944193914,173.34438391040487,860.1825081237164],"r":[0.49748797774341313,3.6360729682113866e-8,-0.8673896013464931,-1.4305816209490145e-7,1,-4.0253530183471155e-8,0.8673896013464931,1.4409636148982722e-7,0.49748797774341313]}},{"t":1.3647058823529385,"j":true,"c":{"p":[-930.5349767865805,173.70641280928268,860.0431380367887],"r":[0.504326189106681,3.569586132801004e-8,-0.863286736162912,-1.4062767320694096e-7,1,-3.954326921056959e-8,0.863286736162912,1.4165794231219963e-7,0.504326189106681]}},{"t":1.3764705882352914,"j":true,"c":{"p":[-930.3059262399738,173.97120232426812,859.8972005242765],"r":[0.5147885247052915,2.6563962836854784e-8,-0.8567615293987836,-1.0627037859092097e-7,1,-2.9752236132084872e-8,0.8567615293987836,1.071272399626099e-7,0.5147885247052915]}},{"t":1.3882352941176443,"j":true,"c":{"p":[-930.0751288416524,174.25502570633608,859.7525480821296],"r":[0.525250860303902,1.743206434569953e-8,-0.8502363226346552,-7.191308397490097e-8,1,-1.9961203053600153e-8,0.8502363226346552,7.259653761302018e-8,0.525250860303902]}},{"t":1.3999999999999972,"j":true,"c":{"p":[-929.8443911801651,174.538229151873,859.6078546763658],"r":[0.5328444909803127,1.0804073505344929e-8,-0.8455002854671425,-4.697633788262847e-8,1,-1.2854808077280621e-8,0.8455002854671425,4.753393106896319e-8,0.5328444909803127]}},{"t":1.4117647058823501,"j":true,"c":{"p":[-929.6137701857591,174.82390378478084,859.463435852605],"r":[0.5433068265789232,1.6721750141896758e-9,-0.8389750787030141,-1.2619043266608467e-8,1,-3.0637749987959025e-9,0.8389750787030141,1.300322871937345e-8,0.5433068265789232]}},{"t":1.423529411764703,"j":true,"c":{"p":[-929.3826694386357,175.09941652076648,859.3178879060409],"r":[0.5526273842345645,-6.96672448185214e-9,-0.8331613393404798,1.9568772863875666e-8,1,6.120617920677089e-9,0.8331613393404798,-1.932635008205129e-8,0.5526273842345645]}},{"t":1.435294117647056,"j":true,"c":{"p":[-929.1475202494156,175.2891770561253,859.1628117418713],"r":[0.5576721410343919,-1.3759410764368473e-8,-0.8300119472298368,4.363219140703017e-8,1,1.3033227147842679e-8,0.8300119472298368,-4.3413024902932954e-8,0.5576721410343919]}},{"t":1.4470588235294088,"j":true,"c":{"p":[-928.9103385131922,175.43588513469948,859.0029518733339],"r":[0.5587831919500769,-1.8853594233885107e-8,-0.8293137353344542,6.022122288865102e-8,1,1.785581179732549e-8,0.8293137353344542,-5.991628763702557e-8,0.5587831919500769]}},{"t":1.4588235294117617,"j":true,"c":{"p":[-928.6729721743292,175.57861524003056,858.8426973673264],"r":[0.5588987894497693,-2.3517958983580964e-8,-0.8292358127515822,7.491880535196873e-8,1,2.214950024393005e-8,0.8292358127515822,-7.450051176248584e-8,0.5588987894497693]}},{"t":1.4705882352941146,"j":true,"c":{"p":[-928.4360320155008,175.7311371772815,858.6829966683885],"r":[0.5590143869494618,-2.8182323733276824e-8,-0.8291578901687102,8.961638781528646e-8,1,2.6443188690534608e-8,0.8291578901687102,-8.908473588794609e-8,0.5590143869494618]}},{"t":1.4823529411764675,"j":true,"c":{"p":[-928.1987882708846,175.87640136783827,858.5230674983801],"r":[0.5591795843804211,-3.250887681462712e-8,-0.82904624545332,1.032169242424427e-7,1,3.041208167463063e-8,0.82904624545332,-1.0257577060466124e-7,0.5591795843804211]}},{"t":1.4941176470588204,"j":true,"c":{"p":[-927.9582387587118,175.94227791622774,858.3608605191087],"r":[0.559655208440125,-3.4721198390477054e-8,-0.8287235470601447,1.0995147731267047e-7,1,3.234820651000582e-8,0.8287235470601447,-1.0922495909158913e-7,0.559655208440125]}},{"t":1.5058823529411733,"j":true,"c":{"p":[-927.7142473312592,175.92549724994385,858.1962819192163],"r":[0.5602621816767785,-3.4544124198163095e-8,-0.828311362889866,1.0904983014737056e-7,1,3.203935959738661e-8,0.828311362889866,-1.0828170700241579e-7,0.5602621816767785]}},{"t":1.5176470588235262,"j":true,"c":{"p":[-927.4702713058931,175.90908646306315,858.0317139319915],"r":[0.5611321461522429,-3.4070700242884095e-8,-0.8277205592913411,1.0706240359062641e-7,1,3.139322323901605e-8,0.8277205592913411,-1.0623957768024039e-7,0.5611321461522429]}},{"t":1.5294117647058791,"j":true,"c":{"p":[-927.2263733708603,175.89380372683615,857.8671967328738],"r":[0.5620181535983251,-3.348801196946642e-8,-0.8271188483555008,1.0472014030578766e-7,1,3.0642032620917476e-8,0.8271188483555008,-1.0384385904622168e-7,0.5620181535983251]}},{"t":1.541176470588232,"j":true,"c":{"p":[-926.9821026017274,175.88172418830084,857.7024717543426],"r":[0.5629041610444073,-3.290532369604875e-8,-0.8265171374196604,1.0237787702094892e-7,1,2.989084200281891e-8,0.8265171374196604,-1.0144814041220297e-7,0.5629041610444073]}},{"t":1.552941176470585,"j":true,"c":{"p":[-926.7379270400536,175.86886701652682,857.5377999976558],"r":[0.5637535308351084,-3.2337374133080914e-8,-0.8259402826578552,1.000880033403673e-7,1,2.915149531977926e-8,0.8259402826578552,-9.910396526252397e-8,0.5637535308351084]}},{"t":1.5647058823529378,"j":true,"c":{"p":[-926.501926816689,175.79471321496172,857.3777204625057],"r":[0.5643775912702964,-3.186006272143601e-8,-0.8255162850724751,9.812030824485016e-8,1,2.848498488532346e-8,0.8255162850724751,-9.70767653427468e-8,0.5643775912702964]}},{"t":1.5764705882352907,"j":true,"c":{"p":[-926.2775166668317,175.63365995820732,857.2241512616267],"r":[0.5645716343265296,-3.155574004422006e-8,-0.825384025227905,9.676751167580288e-8,1,2.7957487110318114e-8,0.825384025227905,-9.565453301184605e-8,0.5645716343265296]}},{"t":1.5882352941176436,"j":true,"c":{"p":[-926.0534476820525,175.47001737197442,857.0707730911694],"r":[0.5646779170810292,-3.128672185531768e-8,-0.8253113048192124,9.55402069655951e-8,1,2.7458359800171106e-8,0.8253113048192124,-9.435576577965289e-8,0.5646779170810292]}},{"t":1.5999999999999965,"j":true,"c":{"p":[-925.8291358115313,175.30825860104963,856.9172597029993],"r":[0.5647550577899405,-3.1091466718211114e-8,-0.8252585238774195,9.46494212888314e-8,1,2.7096089978290217e-8,0.8252585238774195,-9.341311214338366e-8,0.5647550577899405]}},{"t":1.6117647058823494,"j":true,"c":{"p":[-925.604818022398,175.1549715570998,856.7639062710508],"r":[0.5648613405444404,-3.082244852930874e-8,-0.8251858034687269,9.342211657862362e-8,1,2.6596962668143213e-8,0.8251858034687269,-9.211434491119052e-8,0.5648613405444404]}},{"t":1.6235294117647023,"j":true,"c":{"p":[-925.3805857527416,174.93353932326892,856.6092929799865],"r":[0.5668574771993247,-3.0919435276218506e-8,-0.8237603325958525,9.257570062049849e-8,1,2.616508301638574e-8,0.8237603325958525,-9.108979912306691e-8,0.5668574771993247]}},{"t":1.6352941176470552,"j":true,"c":{"p":[-925.1564283513555,174.6524491873295,856.453576741643],"r":[0.5711816839437485,-3.146729557664205e-8,-0.8206684377239416,9.219849326679795e-8,1,2.5816044298552524e-8,0.8206684377239416,-9.040306079282077e-8,0.5711816839437485]}},{"t":1.6470588235294081,"j":true,"c":{"p":[-924.9322982857443,174.3495768604168,856.2974577970786],"r":[0.5767836548755462,-3.226261839217731e-8,-0.8166619239509435,9.20788116438884e-8,1,2.551247293116233e-8,0.8166619239509435,-8.990172850934403e-8,0.5767836548755462]}},{"t":1.658823529411761,"j":true,"c":{"p":[-924.7081697168384,174.0453853631861,856.141247506067],"r":[0.5826595580825262,-3.311099322658799e-8,-0.8124593304638829,9.20143394328959e-8,1,2.521864903899209e-8,0.8124593304638829,-8.944014432706309e-8,0.5826595580825262]}},{"t":1.670588235294114,"j":true,"c":{"p":[-924.4840332700468,173.7488881594648,855.9859292156601],"r":[0.5885354612895062,-3.3959368060998665e-8,-0.8082567369768221,9.194986722190338e-8,1,2.492482514682185e-8,0.8082567369768221,-8.897856014478216e-8,0.5885354612895062]}},{"t":1.6823529411764668,"j":true,"c":{"p":[-924.259903002847,173.44601441917837,855.8297244978048],"r":[0.5948200639169772,-3.508905018665788e-8,-0.8036840091977215,9.233759366248807e-8,1,2.4719569947040695e-8,0.8036840091977215,-8.88870267918258e-8,0.5948200639169772]}},{"t":1.6941176470588197,"j":true,"c":{"p":[-924.0358447254392,173.0684185742683,855.6629533956782],"r":[0.6036800148234518,-3.7991341256850564e-8,-0.7967789445856989,9.557477121731192e-8,1,2.507241495020036e-8,0.7967789445856989,-9.112730434601469e-8,0.6036800148234518]}},{"t":1.7058823529411726,"j":true,"c":{"p":[-923.8118707419766,172.60332947753844,855.4838099530702],"r":[0.6125167224241715,-4.175395708227908e-8,-0.7895881469621947,1.0058652261934141e-7,1,2.5849934351959705e-8,0.7895881469621947,-9.4931878065