{"d":[{"t":0.06868529319763184,"c":{"r":[0.02792171575129032,-8.29262436496947e-9,-0.9996101260185242,-3.630627176676171e-8,1,-9.309987447636559e-9,0.9996101260185242,3.65520698153432e-8,0.02792171575129032],"p":[-956.9998168945313,169.17869567871095,876.0001220703125]},"j":false},{"t":0.12987327575683595,"c":{"r":[0.2823401987552643,1.0283629947593909e-8,-0.9593143463134766,3.803449644124157e-8,1,2.191387693528668e-8,0.9593143463134766,-4.267420550263523e-8,0.2823401987552643],"p":[-956.3607788085938,169.16848754882813,875.9114379882813]},"j":false},{"t":0.1904466152191162,"c":{"r":[0.6746480464935303,-3.908671430963295e-8,-0.7381395101547241,9.328643812978044e-8,1,3.230934453313239e-8,0.7381395101547241,-9.065584549716732e-8,0.6746480464935303],"p":[-955.0447998046875,168.9815216064453,875.2345581054688]},"j":false},{"t":0.2561657428741455,"c":{"r":[0.6845480799674988,-3.7745088832252807e-8,-0.7289677262306213,1.8356374198447157e-8,1,-3.454099228861196e-8,0.7289677262306213,1.0263766725415735e-8,0.6845480799674988],"p":[-953.8746337890625,168.98947143554688,874.1436157226563]},"j":false},{"t":0.32375144958496096,"c":{"r":[0.6845480799674988,-3.523058822452185e-8,-0.7289677262306213,-5.627206789426964e-8,1,-1.0117255300201578e-7,0.7289677262306213,1.1027799473595224e-7,0.6845480799674988],"p":[-952.7086181640625,168.9939727783203,873.0479125976563]},"j":false},{"t":0.38428306579589846,"c":{"r":[0.6481218934059143,1.9702405040789018e-8,-0.7615365982055664,5.361569410666789e-9,1,3.043498608690243e-8,0.7615365982055664,-2.3808611970821404e-8,0.6481218934059143],"p":[-951.6072387695313,168.99436950683595,872.0297241210938]},"j":false},{"t":0.44707560539245608,"c":{"r":[0.5821226239204407,2.1943455053019535e-8,-0.8131009936332703,2.6774515049510229e-8,1,4.615602122726159e-8,0.8131009936332703,-4.8638849392546038e-8,0.5821226239204407],"p":[-950.4329223632813,168.99436950683595,871.0972900390625]},"j":false},{"t":0.5080554485321045,"c":{"r":[0.5060341358184815,-1.972022900531556e-8,-0.8625134825706482,-2.4336372916877737e-9,1,-2.429148615590293e-8,0.8625134825706482,1.4391365432686598e-8,0.5060341358184815],"p":[-949.2509765625,168.99436950683595,870.3485107421875]},"j":false},{"t":0.5752408504486084,"c":{"r":[0.3156501352787018,-8.05497819555967e-8,-0.9488756656646729,-4.499137062907721e-8,1,-9.985640758713999e-8,0.9488756656646729,7.421090231218841e-8,0.3156501352787018],"p":[-947.8198852539063,168.99436950683595,869.6392822265625]},"j":false},{"t":0.6423828601837158,"c":{"r":[0.2957093417644501,3.808852255815509e-8,-0.9552779793739319,1.1804369925982883e-8,1,4.352574478616589e-8,0.9552779793739319,-2.414742361622757e-8,0.2957093417644501],"p":[-946.1990966796875,168.99436950683595,869.1271362304688]},"j":false},{"t":0.7086374759674072,"c":{"r":[0.28903213143348696,3.619894073381147e-8,-0.9573193788528442,1.9713109367103244e-8,1,4.3764561752368539e-8,0.9573193788528442,-3.15211075019306e-8,0.28903213143348696],"p":[-944.7654418945313,168.99436950683595,868.686767578125]},"j":false},{"t":0.7773265838623047,"c":{"r":[0.28903213143348696,-4.607042569659825e-8,-0.9573193788528442,-7.224991271925774e-9,1,-5.030576133435716e-8,0.9573193788528442,2.145660538133143e-8,0.28903213143348696],"p":[-943.1384887695313,168.99436950683595,868.1949462890625]},"j":false},{"t":0.844841718673706,"c":{"r":[0.28903213143348696,-7.755583197877059e-8,-0.9573193788528442,-2.0399538058768486e-8,1,-8.717253052736851e-8,0.9573193788528442,4.472453696280354e-8,0.28903213143348696],"p":[-941.6072387695313,168.99436950683595,867.7320556640625]},"j":false},{"t":0.9093754291534424,"c":{"r":[0.28903213143348696,7.827018322359436e-8,-0.9573193788528442,1.6325717666632046e-8,1,8.668877171658096e-8,0.9573193788528442,-4.0684767554921567e-8,0.28903213143348696],"p":[-940.1716918945313,168.99436950683595,867.298095703125]},"j":false},{"t":0.9730081558227539,"c":{"r":[0.28903213143348696,1.5316835799694674e-8,-0.9573193788528442,5.092592569866383e-9,1,1.7537260532662914e-8,0.9573193788528442,-9.944069567779934e-9,0.28903213143348696],"p":[-938.6404418945313,168.99436950683595,866.835205078125]},"j":false},{"t":1.0414302349090577,"c":{"r":[0.28903213143348696,-8.002567142284534e-8,-0.9573193788528442,-1.3272315690926462e-8,1,-8.760063963109133e-8,0.9573193788528442,3.8025245174821978e-8,0.28903213143348696],"p":[-937.1091918945313,168.99436950683595,866.372314453125]},"j":false},{"t":1.1044442653656006,"c":{"r":[0.28903213143348696,-1.1122230247906373e-8,-0.9573193788528442,-2.601041826366668e-9,1,-1.2403399196614373e-8,0.9573193788528442,6.075008940342741e-9,0.28903213143348696],"p":[-935.6736450195313,168.97882080078126,865.938720703125]},"j":false},{"t":1.1715447902679444,"c":{"r":[0.28903213143348696,6.071940106266993e-8,-0.9573193788528442,9.890624319552899e-9,1,6.641263894380245e-8,0.9573193788528442,-2.8663873052892087e-8,0.28903213143348696],"p":[-934.0474853515625,168.9064178466797,865.4479370117188]},"j":false},{"t":1.2382349967956544,"c":{"r":[0.28903111815452578,-3.614476540292344e-8,-0.9573196768760681,-4.755122073873963e-9,1,-3.919186397638441e-8,0.9573196768760681,1.5879839665444707e-8,0.28903111815452578],"p":[-932.5172119140625,168.8300018310547,864.9860229492188]},"j":false},{"t":1.305739402770996,"c":{"r":[0.28903111815452578,-8.337170243066794e-8,-0.9573196768760681,-1.2154563577837508e-8,1,-9.075834128680072e-8,0.9573196768760681,3.786778890457754e-8,0.28903111815452578],"p":[-930.986083984375,168.79043579101563,864.5237426757813]},"j":false},{"t":1.3725850582122803,"c":{"r":[0.28903135657310488,8.285812214126054e-8,-0.9573196172714233,1.1601981597664235e-8,1,9.005503898151801e-8,0.9573196172714233,-3.713553553552629e-8,0.28903135657310488],"p":[-929.454833984375,168.79345703125,864.0608520507813]},"j":false},{"t":1.4389872550964356,"c":{"r":[0.28903135657310488,1.8634546350426718e-8,-0.9573196172714233,2.8015534336844895e-9,1,2.031117141143568e-8,0.9573196172714233,-8.552548003137872e-9,0.28903135657310488],"p":[-928.019287109375,168.7943115234375,863.6268920898438]},"j":false},{"t":1.5068624019622803,"c":{"r":[0.2957082688808441,-9.186771166014296e-8,-0.9552782773971558,-1.2434635543456807e-8,1,-1.0001769368273017e-7,0.9552782773971558,4.1454597976553489e-8,0.2957082688808441],"p":[-926.392333984375,168.7943572998047,863.1350708007813]},"j":false},{"t":1.5710875988006592,"c":{"r":[0.2957082688808441,1.5148119203445277e-8,-0.9552782773971558,2.2201478433458989e-9,1,1.6544534631179887e-8,0.9552782773971558,-7.0132148977108958e-9,0.2957082688808441],"p":[-924.8638916015625,168.7943572998047,862.6627197265625]},"j":false},{"t":1.6319034099578858,"c":{"r":[0.2957082688808441,6.852830125581022e-8,-0.9552782773971558,9.383025911802179e-9,1,7.464101514642607e-8,0.9552782773971558,-3.103536627691028e-8,0.2957082688808441],"p":[-923.5266723632813,168.8017578125,862.2491455078125]},"j":false},{"t":1.6955986022949219,"c":{"r":[0.2957082688808441,-4.003932829732548e-8,-0.9552782773971558,-5.6929163605445869e-9,1,-4.3676038785633867e-8,0.9552782773971558,1.8353684794192305e-8,0.2957082688808441],"p":[-922.0001220703125,168.85491943359376,861.7764892578125]},"j":false},{"t":1.7630646228790284,"c":{"r":[0.2957082688808441,-5.2851465426329017e-8,-0.9552782773971558,-7.3751444951142279e-9,1,-5.760871601978579e-8,0.9552782773971558,2.408068944248498e-8,0.2957082688808441],"p":[-920.4737548828125,168.928955078125,861.3038330078125]},"j":false},{"t":1.8314509391784669,"c":{"r":[0.2957082688808441,9.308344317560113e-8,-0.9552782773971558,1.3147487543108128e-8,1,1.0151100582334038e-7,0.9552782773971558,-4.257715602307144e-8,0.2957082688808441],"p":[-918.94580078125,168.98330688476563,860.8311767578125]},"j":false},{"t":1.8977251052856446,"c":{"r":[0.2957082688808441,-4.298621458787011e-9,-0.9552782773971558,-6.514950245950502e-10,1,-4.701534717099776e-9,0.9552782773971558,2.012641830972939e-9,0.2957082688808441],"p":[-917.41748046875,168.99342346191407,860.3585205078125]},"j":false},{"t":1.9638304710388184,"c":{"r":[0.32886576652526858,-1.0988419774093927e-7,-0.9443766474723816,-1.2768932577955639e-8,1,-1.2080292322025344e-7,0.9443766474723816,5.1786628318950537e-8,0.32886576652526858],"p":[-915.9937133789063,168.9943084716797,859.8870239257813]},"j":false},{"t":2.032667636871338,"c":{"r":[0.342019259929657,4.668315867206729e-8,-0.9396929740905762,5.90704551939325e-9,1,5.182914719625842e-8,0.9396929740905762,-2.3277374694430365e-8,0.342019259929657],"p":[-914.3888549804688,168.99436950683595,859.3267822265625]},"j":false},{"t":2.0970160961151125,"c":{"r":[0.36812251806259158,3.193461495243355e-8,-0.9297773241996765,1.7558305920317708e-9,1,3.504169754364739e-8,0.9297773241996765,-1.4532169245740079e-8,0.36812251806259158],"p":[-912.8961791992188,168.99436950683595,858.7516479492188]},"j":false},{"t":2.158113718032837,"c":{"r":[0.36812251806259158,-7.12479888420603e-8,-0.9297773241996765,-1.1654547549255767e-8,1,-8.124342087967307e-8,0.9297773241996765,4.074366444228872e-8,0.36812251806259158],"p":[-911.5018310546875,168.99436950683595,858.1995849609375]},"j":false},{"t":2.2211477756500246,"c":{"r":[0.36812251806259158,-1.736731825019433e-8,-0.9297773241996765,-1.7444574673675107e-9,1,-1.9369684522985154e-8,0.9297773241996765,8.752373936715685e-9,0.36812251806259158],"p":[-910.1074829101563,168.99436950683595,857.6475219726563]},"j":false},{"t":2.2821779251098635,"c":{"r":[0.36812251806259158,9.034774706151438e-8,-0.9297773241996765,1.5673668585236557e-8,1,1.0337698341800206e-7,0.9297773241996765,-5.262841895614656e-8,0.36812251806259158],"p":[-908.8060913085938,168.99436950683595,857.1322631835938]},"j":false},{"t":2.348944664001465,"c":{"r":[0.3616260290145874,-1.6129915181295474e-8,-0.9323232173919678,-3.884435439971412e-9,1,-1.8807455148817099e-8,0.9323232173919678,1.0422814611388276e-8,0.3616260290145874],"p":[-907.3187866210938,168.99436950683595,856.5433959960938]},"j":false},{"t":2.4135758876800539,"c":{"r":[0.335452675819397,-8.589630340338772e-8,-0.9420570731163025,-1.8273032864613016e-8,1,-9.768627506900884e-8,0.9420570731163025,4.998335967343337e-8,0.335452675819397],"p":[-905.9141235351563,168.99436950683595,856.0171508789063]},"j":false},{"t":2.474379062652588,"c":{"r":[0.3090166747570038,4.39585470246584e-8,-0.9510565996170044,1.0417573470533626e-8,1,4.9605617391534909e-8,0.9510565996170044,-2.523666431386573e-8,0.3090166747570038],"p":[-904.497314453125,168.99436950683595,855.52490234375]},"j":false},{"t":2.5410656929016115,"c":{"r":[0.28903156518936159,3.007559712386865e-8,-0.9573195576667786,7.369829191361532e-9,1,3.364154466112268e-8,0.9573195576667786,-1.6778750833168489e-8,0.28903156518936159],"p":[-902.9703369140625,168.99436950683595,855.0474243164063]},"j":false},{"t":2.606652021408081,"c":{"r":[0.28903281688690188,-7.633745724433538e-8,-0.9573192000389099,-1.7981445665782304e-8,1,-8.516980187778245e-8,0.9573192000389099,4.183085167142053e-8,0.28903281688690188],"p":[-901.4390869140625,168.99436950683595,854.5845336914063]},"j":false},{"t":2.672133207321167,"c":{"r":[0.2890307605266571,6.090823401194712e-10,-0.9573197960853577,5.1511597071174367e-11,1,6.517892892077271e-10,0.9573197960853577,-2.3770022061775366e-10,0.2890307605266571],"p":[-899.9078369140625,168.99436950683595,854.1216430664063]},"j":false},{"t":2.732729434967041,"c":{"r":[0.2756362557411194,8.91405633751674e-8,-0.9612619876861572,2.109531926919317e-8,1,9.878180406985848e-8,0.9612619876861572,-4.7505977818218528e-8,0.2756362557411194],"p":[-898.567626953125,168.99436950683595,853.7176513671875]},"j":false},{"t":2.7988908290863039,"c":{"r":[0.23514218628406526,-3.26415801055191e-8,-0.9719609618186951,-1.0237756420394817e-8,1,-3.605999410183358e-8,0.9719609618186951,1.8429926029739364e-8,0.23514218628406526],"p":[-897.0209350585938,168.99436950683595,853.308837890625]},"j":false},{"t":2.8599512577056886,"c":{"r":[0.20107808709144593,-5.505733824406889e-8,-0.9795752167701721,-1.5527090724276605e-8,1,-5.9392576190475668e-8,0.9795752167701721,2.715249891593885e-8,0.20107808709144593],"p":[-895.5578002929688,168.99436950683595,852.9789428710938]},"j":false},{"t":2.923125982284546,"c":{"r":[0.17364895343780518,6.380573580599958e-8,-0.9848076105117798,2.345228367062191e-8,1,6.892533832569825e-8,0.9848076105117798,-3.506480084070063e-8,0.17364895343780518],"p":[-894.0853881835938,168.99436950683595,852.6930541992188]},"j":false},{"t":2.988229990005493,"c":{"r":[0.15988244116306306,1.5765628802455468e-8,-0.9871360659599304,5.562084126609079e-9,1,1.687194917110446e-8,0.9871360659599304,-8.188061784153433e-9,0.15988244116306306],"p":[-892.5073852539063,168.99436950683595,852.4293823242188]},"j":false},{"t":3.0505661964416506,"c":{"r":[0.14608122408390046,-9.669482636809335e-8,-0.9892725944519043,-3.503754442135687e-8,1,-1.029171912136917e-7,0.9892725944519043,4.9695952242245769e-8,0.14608122408390046],"p":[-891.4236450195313,168.99436950683595,851.7212524414063]},"j":false},{"t":3.115082263946533,"c":{"r":[0.12533126771450044,1.5477956694098795e-8,-0.9921149611473084,6.8200680658492278e-9,1,1.6462532670402653e-8,0.9921149611473084,-8.829561970458144e-9,0.12533126771450044],"p":[-890.4583129882813,168.99436950683595,850.4453125]},"j":false},{"t":3.1803464889526369,"c":{"r":[0.10452906042337418,6.431682919583182e-8,-0.9945218563079834,2.576446789248621e-8,1,6.737907654041919e-8,0.9945218563079834,-3.266639581056552e-8,0.10452906042337418],"p":[-889.4605102539063,168.99436950683595,849.1946411132813]},"j":false},{"t":3.249109983444214,"c":{"r":[0.006981913466006517,-6.331524815550438e-8,-0.9999756217002869,-3.157482808546774e-8,1,-6.353725012786527e-8,0.9999756217002869,3.201767029281655e-8,0.006981913466006517],"p":[-888.4124755859375,168.99436950683595,847.986328125]},"j":false},{"t":3.3124513626098635,"c":{"r":[-0.05582182854413986,-2.5153507721142888e-8,-0.9984407424926758,-1.1701451363421711e-8,1,-2.4538573839549828e-8,0.9984407424926758,1.0313417675433812e-8,-0.05582182854413986],"p":[-887.02880859375,168.99436950683595,847.7457885742188]},"j":false},{"t":3.3760979175567629,"c":{"r":[-0.07671786099672318,1.028967275829018e-7,-0.9970528483390808,5.647548562137672e-8,1,9.88553878755738e-8,0.9970528483390808,-4.8725070200816847e-8,-0.07671786099672318],"p":[-885.432373046875,168.99436950683595,847.8501586914063]},"j":false},{"t":3.4446732997894289,"c":{"r":[-0.08367898315191269,-2.257676356975935e-8,-0.9964927434921265,-1.312852226931227e-8,1,-2.15537756531603e-8,0.9964927434921265,1.1278879163967304e-8,-0.08367898315191269],"p":[-883.836669921875,168.99436950683595,847.9730834960938]},"j":false},{"t":3.5094664096832277,"c":{"r":[-0.08367767930030823,-6.539952579487363e-8,-0.996492862701416,-3.6824019389314347e-8,1,-6.253750228779609e-8,0.996492862701416,3.146188021219132e-8,-0.08367767930030823],"p":[-882.241943359375,168.99436950683595,848.1064453125]},"j":false},{"t":3.574063539505005,"c":{"r":[-0.08367874473333359,6.389877427182e-8,-0.9964928030967712,3.6481033305335589e-8,1,6.10602413075867e-8,0.9964928030967712,-3.124364056361628e-8,-0.08367874473333359],"p":[-880.7468872070313,168.99436950683595,848.2318725585938]},"j":false},{"t":3.6420249938964845,"c":{"r":[-0.09758283942937851,1.1590112869441782e-8,-0.9952273964881897,5.800492530738666e-9,1,1.107695002389164e-8,0.9952273964881897,-4.691889099461832e-9,-0.09758283942937851],"p":[-879.0527954101563,168.99436950683595,848.3770751953125]},"j":false},{"t":3.703871488571167,"c":{"r":[-0.1322561353445053,-1.0009394202370459e-7,-0.9912155866622925,-6.168389177219069e-8,1,-9.275063206359846e-8,0.9912155866622925,4.887519367002824e-8,-0.1322561353445053],"p":[-877.662109375,168.99436950683595,848.5375366210938]},"j":false},{"t":3.76733136177063,"c":{"r":[-0.1322561353445053,1.9307929477463405e-8,-0.9912155866622925,1.1864067062106188e-8,1,1.7896040205300779e-8,0.9912155866622925,-9.392986832779116e-9,-0.1322561353445053],"p":[-876.078369140625,168.9493865966797,848.7490844726563]},"j":false},{"t":3.82912540435791,"c":{"r":[-0.1598793864250183,7.387873779407528e-8,-0.9871365427970886,4.55628530460217e-8,1,6.746196845597297e-8,0.9871365427970886,-3.4190978936976538e-8,-0.1598793864250183],"p":[-874.7791748046875,168.46604919433595,848.9301147460938]},"j":false},{"t":3.8931198120117189,"c":{"r":[-0.1736464947462082,-4.270616216217604e-8,-0.9848080277442932,-2.640442886558958e-8,1,-3.8709195848696257e-8,0.9848080277442932,1.92815772237509e-8,-0.1736464947462082],"p":[-873.4523315429688,167.73147583007813,849.1526489257813]},"j":false},{"t":3.9057185649871828,"c":{"r":[-0.1736464947462082,-6.601383262250238e-8,-0.9848080277442932,-4.0888807006922437e-8,1,-5.982245454561053e-8,0.9848080277442932,2.98796649644828e-8,-0.1736464947462082],"p":[-873.1871948242188,167.6195526123047,849.1993408203125]},"j":true},{"t":3.914443254470825,"c":{"r":[-0.1736464947462082,-8.154397335147223e-8,-0.9848080277442932,-5.053989582393115e-8,1,-7.389043332750589e-8,0.9848080277442932,3.694128380971051e-8,-0.1736464947462082],"p":[-873.0104370117188,168.05908203125,849.23046875]},"j":true},{"t":3.9228053092956545,"c":{"r":[-0.17364656925201417,-9.706747761129009e-8,-0.9848080277442932,-6.018687059849981e-8,1,-8.795240091785672e-8,0.9848080277442932,4.3999879295597569e-8,-0.17364656925201417],"p":[-872.8263549804688,168.48500061035157,849.2628784179688]},"j":true},{"t":3.9603347778320314,"c":{"r":[-0.17364664375782014,-1.2549593009225647e-7,-0.9848080277442932,-7.78887354613289e-8,1,-1.1369811403483254e-7,0.9848080277442932,5.6962157657380888e-8,-0.17364664375782014],"p":[-871.8460693359375,170.41018676757813,849.4356079101563]},"j":false},{"t":4.021134376525879,"c":{"r":[-0.18051795661449433,-4.894435967628397e-9,-0.9835717082023621,-8.826419040097733e-10,1,-4.814192156032959e-9,0.9835717082023621,-9.065873594372997e-13,-0.18051795661449433],"p":[-870.4688720703125,172.533203125,849.686767578125]},"j":false},{"t":4.08882212638855,"c":{"r":[-0.22133979201316834,1.2005816074633913e-7,-0.9751967191696167,9.071887063782924e-8,1,1.0252133364474503e-7,0.9751967191696167,-6.57766960898698e-8,-0.22133979201316834],"p":[-868.8026733398438,174.21360778808595,850.0226440429688]},"j":false},{"t":4.155120849609375,"c":{"r":[-0.25518062710762026,3.295008355053142e-8,-0.9668933749198914,3.833424599974933e-8,1,2.3961202799682725e-8,0.9668933749198914,-3.095069445180343e-8,-0.25518062710762026],"p":[-867.248291015625,174.8959197998047,850.4013671875]},"j":false},{"t":4.233126401901245,"c":{"r":[-0.2554433345794678,-6.267122643066614e-8,-0.9668240547180176,-1.256648474168287e-8,1,-6.150158071704937e-8,0.9668240547180176,-3.5605882686695624e-9,-0.2554433345794678],"p":[-865.5079956054688,174.62120056152345,850.8610229492188]},"j":false},{"t":4.29555869102478,"c":{"r":[-0.2486940175294876,-1.3668221754414845e-7,-0.9685820937156677,-5.1925059807444998e-8,1,-1.2778345137576253e-7,0.9685820937156677,1.851470443625658e-8,-0.2486940175294876],"p":[-864.1616821289063,173.64453125,851.2171020507813]},"j":false},{"t":4.374502658843994,"c":{"r":[-0.21473567187786103,-1.7613693614748628e-8,-0.9766721725463867,-1.264624671648562e-8,1,-1.525393322765467e-8,0.9766721725463867,9.07567443420021e-9,-0.21473567187786103],"p":[-862.828125,171.09117126464845,851.5693969726563]},"j":false},{"t":4.438486099243164,"c":{"r":[-0.15298157930374146,7.89762282238371e-8,-0.9882290363311768,2.41745254925263e-8,1,7.617462216558124e-8,0.9882290363311768,-1.223665524463513e-8,-0.15298157930374146],"p":[-862.7347412109375,169.8489532470703,851.5939331054688]},"j":false},{"t":4.507572889328003,"c":{"r":[-0.05581929162144661,-3.0565516340175239e-8,-0.9984408617019653,1.1974143898640933e-9,1,-3.068019083229956e-8,0.9984408617019653,-2.9080939878411984e-9,-0.05581929162144661],"p":[-862.7076416015625,169.98097229003907,851.5960083007813]},"j":false},{"t":4.510972261428833,"c":{"r":[-0.05581929162144661,-3.0565516340175239e-8,-0.9984408617019653,1.1974143898640933e-9,1,-3.068019083229956e-8,0.9984408617019653,-2.9080939878411984e-9,-0.05581929162144661],"p":[-862.7076416015625,169.98097229003907,851.5960083007813]},"j":true},{"t":4.519747018814087,"c":{"r":[-0.03490521386265755,-4.41794405503515e-8,-0.9993906021118164,-7.621706044069754e-10,1,-4.4179756741868917e-8,0.9993906021118164,-7.803978019360613e-10,-0.03490521386265755],"p":[-862.6715087890625,170.42050170898438,851.5988159179688]},"j":true},{"t":4.5276947021484379,"c":{"r":[-0.03490502014756203,-5.773338429548858e-8,-0.9993906617164612,-2.720907499309533e-9,1,-5.7673556597137579e-8,0.9993906617164612,7.061529694318835e-10,-0.03490502014756203],"p":[-862.6279907226563,170.84642028808595,851.601806640625]},"j":true},{"t":4.573530912399292,"c":{"r":[0.13113871216773988,-8.470502876889441e-8,-0.9913640022277832,1.0437872788315872e-7,1,-7.163558279899007e-8,0.9913640022277832,-9.408311996139673e-8,0.13113871216773988],"p":[-862.1589965820313,173.1157684326172,851.609375]},"j":false},{"t":4.63560152053833,"c":{"r":[0.15298715233802796,4.670600972644934e-8,-0.9882282018661499,8.869976397818391e-8,1,6.099394767034028e-8,0.9882282018661499,-9.698689495962754e-8,0.15298715233802796],"p":[-861.0845947265625,175.2626953125,851.5052490234375]},"j":false},{"t":4.701948404312134,"c":{"r":[0.1190856471657753,1.2780625979758043e-7,-0.9928839802742004,5.3971862534751839e-9,1,1.2936958171394509e-7,0.9928839802742004,-2.0764840513720629e-8,0.1190856471657753],"p":[-859.5206298828125,176.7080078125,851.2835693359375]},"j":false},{"t":4.7633678913116459,"c":{"r":[0.11147276312112808,1.633771007369944e-9,-0.993767499923706,-5.67979725474288e-8,1,-4.727117808300818e-9,0.993767499923706,5.6970925754740168e-8,0.11147276312112808],"p":[-858.0304565429688,177.27102661132813,851.112548828125]},"j":false},{"t":4.829845428466797,"c":{"r":[0.07672514766454697,-1.0159063634773702e-7,-0.9970522522926331,-9.681050272547509e-8,1,-1.0934073912949316e-7,0.9970522522926331,1.0491432078651997e-7,0.07672514766454697],"p":[-856.8358154296875,177.06764221191407,850.9785766601563]},"j":false},{"t":4.891069173812866,"c":{"r":[-0.04885297641158104,-3.806857051813495e-8,-0.9988059997558594,1.5611627546263663e-8,1,-3.8877665531344977e-8,0.9988059997558594,-1.749227607206194e-8,-0.04885297641158104],"p":[-856.1963500976563,176.0978546142578,850.9068603515625]},"j":false},{"t":4.956792593002319,"c":{"r":[-0.07672518491744995,3.7210657666264527e-8,-0.9970522522926331,1.4072338672121988e-7,1,2.6491719040677709e-8,0.9970522522926331,-1.3827599332216779e-7,-0.07672518491744995],"p":[-856.0772705078125,174.2186737060547,850.8935546875]},"j":false},{"t":5.021736145019531,"c":{"r":[-0.07672518491744995,2.79310725659343e-8,-0.9970522522926331,3.03097884568615e-8,1,2.5681249127273987e-8,0.9970522522926331,-2.8250047634514887e-8,-0.07672518491744995],"p":[-856.0772705078125,171.46746826171876,850.8935546875]},"j":false},{"t":5.0688183307647709,"c":{"r":[-0.07672518491744995,1.470116561819168e-8,-0.9970522522926331,-5.9490854908972327e-8,1,1.932257021053374e-8,0.9970522522926331,6.079802261638179e-8,-0.07672518491744995],"p":[-855.8878173828125,169.78956604003907,850.9080810546875]},"j":true},{"t":5.082269906997681,"c":{"r":[-0.07672518491744995,9.417122193156047e-9,-0.9970522522926331,-9.535737177657211e-8,1,1.6782905731815846e-8,0.9970522522926331,9.63639550377593e-8,-0.07672518491744995],"p":[-855.5811157226563,169.83184814453126,850.9317016601563]},"j":false},{"t":5.09306263923645,"c":{"r":[-0.07672518491744995,6.776796013241437e-9,-0.9970522522926331,-1.1327912829983689e-7,1,1.551388884024618e-8,0.9970522522926331,1.141355170375391e-7,-0.07672518491744995],"p":[-855.3865966796875,169.86734008789063,850.9466552734375]},"j":true},{"t":5.100884199142456,"c":{"r":[-0.07672518491744995,4.1375995962766869e-9,-0.9970522522926331,-1.311932180669828e-7,1,1.4245415513869375e-8,0.9970522522926331,1.3189948333547364e-7,-0.07672518491744995],"p":[-855.1898193359375,170.30686950683595,850.9617919921875]},"j":true},{"t":5.108998537063599,"c":{"r":[-0.07672496885061264,1.499532165105677e-9,-0.9970523118972778,-1.4909964818343725e-7,1,1.2977452001905477e-8,0.9970523118972778,1.4965584682613554e-7,-0.07672496885061264],"p":[-854.9911499023438,170.7327880859375,850.97705078125]},"j":true},{"t":5.149733543395996,"c":{"r":[-0.07672473043203354,-6.874757652042263e-9,-0.9970523118972778,-8.161085673918933e-8,1,-6.14999051684606e-10,0.9970523118972778,8.132310824748856e-8,-0.07672473043203354],"p":[-853.9940795898438,172.65797424316407,851.053955078125]},"j":false},{"t":5.215485095977783,"c":{"r":[-0.07672475278377533,-1.938446914095948e-8,-0.9970523118972778,5.3918636666594469e-8,1,-2.3590901676584509e-8,0.9970523118972778,-5.556970705811182e-8,-0.07672475278377533],"p":[-852.3983764648438,175.02978515625,851.177001953125]},"j":false},{"t":5.282367944717407,"c":{"r":[-0.07672477513551712,-2.0578426074280288e-8,-0.9970523118972778,1.210379991789523e-7,1,-2.9953334035326409e-8,0.9970523118972778,-1.2297937246330549e-7,-0.07672477513551712],"p":[-850.8026733398438,176.5295867919922,851.300048828125]},"j":false},{"t":5.351670265197754,"c":{"r":[-0.0767245963215828,1.4023814998154194e-8,-0.9970523118972778,-2.408898502892498e-8,1,1.591895681940514e-8,0.9970523118972778,2.5239353718120584e-8,-0.0767245963215828],"p":[-849.1072387695313,177.1676788330078,851.4307861328125]},"j":false},{"t":5.413665294647217,"c":{"r":[-0.07672518491744995,4.242532014586686e-8,-0.9970522522926331,-1.4321012997697836e-7,1,5.357105692382902e-8,0.9970522522926331,1.4689823046865059e-7,-0.07672518491744995],"p":[-847.780517578125,176.95401000976563,851.532958984375]},"j":false},{"t":5.479813814163208,"c":{"r":[-0.07672518491744995,1.6794317048152153e-9,-0.9970522522926331,-2.0472045392239125e-8,1,3.259762015872525e-9,0.9970522522926331,2.0661804711608057e-8,-0.07672518491744995],"p":[-846.7588500976563,175.79701232910157,851.611572265625]},"j":false},{"t":5.549818515777588,"c":{"r":[-0.07672518491744995,-4.360504846090407e-8,-0.9970522522926331,1.1847195224845564e-7,1,-5.285061988047346e-8,0.9970522522926331,-1.221777097271115e-7,-0.07672518491744995],"p":[-846.4498291015625,173.65560913085938,851.6353149414063]},"j":false},{"t":5.615124702453613,"c":{"r":[-0.07672518491744995,-1.9527899297600017e-8,-0.9970522522926331,5.920933787706417e-8,1,-2.414191158095491e-8,0.9970522522926331,-6.088709625373667e-8,-0.07672518491744995],"p":[-846.4495849609375,170.94862365722657,851.6353149414063]},"j":false},{"t":5.636289834976196,"c":{"r":[-0.07672518491744995,-6.926884399405253e-9,-0.9970522522926331,2.5851271345800343e-8,1,-8.936670958803461e-9,0.9970522522926331,-2.646073582468489e-8,-0.07672518491744995],"p":[-846.4224853515625,170.09732055664063,851.6373901367188]},"j":true},{"t":5.6753456592559818,"c":{"r":[-0.07672518491744995,2.1386025395031539e-8,-0.9970522522926331,-4.9100123078460459e-8,1,2.522760667034163e-8,0.9970522522926331,5.089098209509757e-8,-0.07672518491744995],"p":[-845.8572998046875,169.80429077148438,851.6808471679688]},"j":true},{"t":5.681025981903076,"c":{"r":[-0.07672518491744995,3.0811559526000568e-8,-0.9970522522926331,-7.40518828479253e-8,1,3.660109371139697e-8,0.9970522522926331,7.664182533062558e-8,-0.07672518491744995],"p":[-845.5689086914063,170.45848083496095,851.7030029296875]},"j":false},{"t":5.683758974075317,"c":{"r":[-0.07672518491744995,3.0811559526000568e-8,-0.9970522522926331,-7.40518828479253e-8,1,3.660109371139697e-8,0.9970522522926331,7.664182533062558e-8,-0.07672518491744995],"p":[-845.5689086914063,170.45848083496095,851.7030029296875]},"j":true},{"t":5.6919660568237309,"c":{"r":[-0.07672496885061264,3.709189044798222e-8,-0.9970523118972778,-9.067750283975329e-8,1,4.417934817979585e-8,0.9970523118972778,9.379986920521333e-8,-0.07672496885061264],"p":[-845.371337890625,170.87757873535157,851.7182006835938]},"j":true},{"t":5.747180938720703,"c":{"r":[-0.07672476023435593,3.5981376100835408e-8,-0.9970523118972778,-9.230125641579434e-8,1,4.319048230172484e-8,0.9970523118972778,9.53429619698909e-8,-0.07672476023435593],"p":[-843.9755859375,173.42977905273438,851.8258056640625]},"j":false},{"t":5.814374685287476,"c":{"r":[-0.06308753788471222,-1.651066483532304e-8,-0.9980080127716065,3.739187448559278e-8,1,-1.8907288179548233e-8,0.9980080127716065,-3.851020480283296e-8,-0.06308753788471222],"p":[-842.3798828125,175.5290985107422,851.9464721679688]},"j":false},{"t":5.880764484405518,"c":{"r":[-0.05582888424396515,-4.8086768345001477e-8,-0.9984403252601624,1.2553594785913448e-7,1,-5.518136347859581e-8,0.9984403252601624,-1.284208792640129e-7,-0.05582888424396515],"p":[-840.7823486328125,176.75640869140626,852.0377807617188]},"j":false},{"t":5.95119833946228,"c":{"r":[-0.05582861974835396,2.682598143621817e-9,-0.9984403848648071,-1.0156347984846548e-9,1,2.7435786975615885e-9,0.9984403848648071,1.1672210975532949e-9,-0.05582861974835396],"p":[-839.1846923828125,177.11170959472657,852.1266479492188]},"j":false},{"t":6.01713752746582,"c":{"r":[-0.04187614843249321,5.791338963945236e-8,-0.9991227984428406,-1.3520241282094504e-7,1,6.363096360928466e-8,0.9991227984428406,1.3774842955172063e-7,-0.04187614843249321],"p":[-837.5988159179688,176.5337677001953,852.215087890625]},"j":false},{"t":6.082906484603882,"c":{"r":[0.03490009158849716,2.204885163337167e-8,-0.9993907809257507,-3.9217120217927007e-8,1,2.0692775493103e-8,0.9993907809257507,3.847104679266522e-8,0.03490009158849716],"p":[-836.7332153320313,175.20632934570313,852.2634887695313]},"j":false},{"t":6.143273830413818,"c":{"r":[0.069748654961586,-3.568406015119763e-8,-0.9975646138191223,9.250324950471622e-8,1,-2.9303448556561308e-8,0.9975646138191223,-9.02340886455022e-8,0.069748654961586],"p":[-836.4253540039063,173.1124725341797,852.2807006835938]},"j":false},{"t":6.23675799369812,"c":{"r":[0.069748654961586,-1.8192764628111037e-8,-0.9975646138191223,3.864274233933429e-8,1,-1.5535320585513547e-8,0.9975646138191223,-3.746506394008975e-8,0.069748654961586],"p":[-836.4235229492188,169.66551208496095,852.28076171875]},"j":false},{"t":6.24183988571167,"c":{"r":[0.069748654961586,-1.8192764628111037e-8,-0.9975646138191223,3.864274233933429e-8,1,-1.5535320585513547e-8,0.9975646138191223,-3.746506394008975e-8,0.069748654961586],"p":[-836.4235229492188,169.66551208496095,852.28076171875]},"j":true},{"t":6.283635377883911,"c":{"r":[0.11839703470468521,1.4992354024911948e-8,-0.99296635389328,-5.3018776924318448e-8,1,8.776821047717931e-9,0.99296635389328,5.160670824011504e-8,0.11839703470468521],"p":[-835.8309326171875,169.91549682617188,852.2393798828125]},"j":true},{"t":6.309047698974609,"c":{"r":[0.1873810738325119,4.0781944932177797e-8,-0.9822872877120972,-1.1217222350978773e-7,1,2.011936039991724e-8,0.9822872877120972,1.0641536363209525e-7,0.1873810738325119],"p":[-835.1575927734375,171.39425659179688,852.1923828125]},"j":false},{"t":6.314417839050293,"c":{"r":[0.1873810738325119,4.0781944932177797e-8,-0.9822872877120972,-1.1217222350978773e-7,1,2.011936039991724e-8,0.9822872877120972,1.0641536363209525e-7,0.1873810738325119],"p":[-835.1575927734375,171.39425659179688,852.1923828125]},"j":true},{"t":6.33679461479187,"c":{"r":[0.1873810738325119,5.980623996038048e-8,-0.9822872877120972,-1.628048238444535e-7,1,2.982803337658879e-8,0.9822872877120972,1.5433190014846333e-7,0.1873810738325119],"p":[-834.5723876953125,172.52894592285157,852.1046752929688]},"j":true},{"t":6.372967720031738,"c":{"r":[0.1873810738325119,2.6402419806004219e-8,-0.9822872877120972,-7.075149000002057e-8,1,1.3381961316838442e-8,0.9822872877120972,6.699075782989894e-8,0.1873810738325119],"p":[-833.59033203125,174.14756774902345,851.91748046875]},"j":false},{"t":6.434004783630371,"c":{"r":[0.1873810738325119,-2.024313516812981e-8,-0.9822872877120972,5.779320488841222e-8,1,-9.583532190049482e-9,0.9822872877120972,-5.4973760654775108e-8,0.1873810738325119],"p":[-832.2154541015625,175.84140014648438,851.6551513671875]},"j":false},{"t":6.49715781211853,"c":{"r":[0.18095135688781739,-4.088168026328276e-8,-0.9834920763969421,1.1665591870269054e-7,1,-2.0104517162167214e-8,0.9834920763969421,-1.1109223407856916e-7,0.18095135688781739],"p":[-830.6441650390625,176.959716796875,851.3553466796875]},"j":false},{"t":6.559842348098755,"c":{"r":[0.17365896701812745,4.6194719161007928e-9,-0.9848058223724365,-4.766976591241701e-9,1,3.850143315276e-9,0.9848058223724365,4.025934252638308e-9,0.17365896701812745],"p":[-829.2376098632813,177.21617126464845,851.0967407226563]},"j":false},{"t":6.621801376342773,"c":{"r":[0.15299180150032044,4.486595628350187e-8,-0.9882274866104126,-1.1656835141593547e-7,1,2.7353982190447824e-8,0.9882274866104126,1.1101111141442743e-7,0.15299180150032044],"p":[-828.3566284179688,176.76406860351563,850.9349365234375]},"j":false},{"t":6.684563875198364,"c":{"r":[0.07671480625867844,1.844486341440188e-8,-0.9970530867576599,-6.864304680220812e-8,1,1.3217877459226202e-8,0.9970530867576599,6.74267539579887e-8,0.07671480625867844],"p":[-827.9357299804688,175.42987060546876,850.857666015625]},"j":false},{"t":6.748522996902466,"c":{"r":[-0.020946603268384935,-3.505912715695558e-8,-0.9997805953025818,7.049606409736953e-8,1,-3.6543799097898957e-8,0.9997805953025818,-7.124606327124639e-8,-0.020946603268384935],"p":[-827.9252319335938,173.38711547851563,850.8557739257813]},"j":false},{"t":6.809142827987671,"c":{"r":[-0.16676519811153413,-3.1012312717848548e-8,-0.985996663570404,9.895258301639842e-8,1,-4.818896570668585e-8,0.985996663570404,-1.056031564417026e-7,-0.16676519811153413],"p":[-827.9252319335938,170.7890625,850.8557739257813]},"j":false},{"t":6.8524720668792729,"c":{"r":[-0.17365185916423798,-6.193668244947048e-9,-0.9848071336746216,2.8303217547431815e-8,1,-1.1279949418963043e-8,0.9848071336746216,-2.9831994652340657e-8,-0.17365185916423798],"p":[-827.9252319335938,169.77903747558595,850.8557739257813]},"j":true},{"t":6.861686944961548,"c":{"r":[-0.17365185916423798,-1.3838571399915623e-9,-0.9848071336746216,1.41914364704121e-8,1,-3.907593804086673e-9,0.9848071336746216,-1.4654387925361334e-8,-0.17365185916423798],"p":[-827.9252319335938,169.82366943359376,850.8557739257813]},"j":true},{"t":6.870620489120483,"c":{"r":[-0.17365185916423798,3.4239013846359968e-9,-0.9848071336746216,8.56785267733251e-11,1,3.4616152166933036e-9,0.9848071336746216,5.167390959570639e-10,-0.17365185916423798],"p":[-827.9252319335938,170.26319885253907,850.8557739257813]},"j":true},{"t":6.875340938568115,"c":{"r":[-0.17365163564682008,1.0631692859419673e-8,-0.9848071336746216,-2.106166974158441e-8,1,1.4509526913286664e-8,0.9848071336746216,2.3261284454179078e-8,-0.17365163564682008],"p":[-827.9105834960938,170.89695739746095,850.8583374023438]},"j":false},{"t":6.877600193023682,"c":{"r":[-0.17365163564682008,1.0631692859419673e-8,-0.9848071336746216,-2.106166974158441e-8,1,1.4509526913286664e-8,0.9848071336746216,2.3261284454179078e-8,-0.17365163564682008],"p":[-827.9105834960938,170.89695739746095,850.8583374023438]},"j":true},{"t":6.937962293624878,"c":{"r":[-0.17365148663520814,4.660133612333084e-8,-0.9848071932792664,-1.2659531023473392e-7,1,6.964287280197823e-8,0.9848071932792664,1.367655499961984e-7,-0.17365148663520814],"p":[-827.5071411132813,173.6059112548828,850.9295043945313]},"j":false},{"t":7.004419803619385,"c":{"r":[-0.13285033404827119,1.7418042119743405e-8,-0.9911361336708069,-2.7049848583260429e-8,1,2.1199534572247104e-8,0.9911361336708069,2.9626447073383134e-8,-0.13285033404827119],"p":[-826.4699096679688,175.65072631835938,851.10791015625]},"j":false},{"t":7.070623397827148,"c":{"r":[-0.041935034096241,1.6469713370881323e-9,-0.9991203546524048,1.2414432148943889e-7,1,-3.562158790160197e-9,0.9991203546524048,-1.2418449557571876e-7,-0.041935034096241],"p":[-825.0223999023438,176.77578735351563,851.2333374023438]},"j":false},{"t":7.132530689239502,"c":{"r":[-0.028105685487389566,-2.3270418925136484e-9,-0.9996049404144287,1.709627355239718e-7,1,-7.134885571247196e-9,0.9996049404144287,-1.7109573491325137e-7,-0.028105685487389566],"p":[-823.5235595703125,177.13442993164063,851.2930297851563]},"j":false},{"t":7.196878671646118,"c":{"r":[-0.000050247756007593128,-7.287583314585788e-10,-1,2.3141398131087955e-8,1,-7.2992112354342e-10,1,-2.314143365822474e-8,-0.000050247756007593128],"p":[-821.9239501953125,176.6722412109375,851.3129272460938]},"j":false},{"t":7.263803005218506,"c":{"r":[8.06524536045572e-9,6.351786208114163e-9,-1,-1.3838962331647054e-7,1,6.351785319935743e-9,1,1.3838962331647054e-7,8.06524624863414e-9],"p":[-820.49365234375,175.4469757080078,851.3129272460938]},"j":false},{"t":7.327316999435425,"c":{"r":[-0.027923284098505975,-8.32455215871164e-10,-0.9996100664138794,-5.521623336335324e-8,1,7.096400689299287e-10,0.9996100664138794,5.521451740264638e-8,-0.027923284098505975],"p":[-819.50927734375,173.2952880859375,851.3129272460938]},"j":false},{"t":7.387570858001709,"c":{"r":[-0.027923284098505975,-4.392252783702588e-9,-0.9996100664138794,1.7282514974681363e-8,1,-4.876739012615872e-9,0.9996100664138794,-1.741194921578426e-8,-0.027923284098505975],"p":[-819.16943359375,170.69723510742188,851.3129272460938]},"j":false},{"t":7.447858095169067,"c":{"r":[-0.027923284098505975,-8.194521505799912e-9,-0.9996100664138794,9.471953177353498e-8,1,-1.0843629993928517e-8,0.9996100664138794,-9.498538133811962e-8,-0.027923284098505975],"p":[-818.9113159179688,169.85716247558595,851.3200073242188]},"j":false},{"t":7.451147556304932,"c":{"r":[-0.027923284098505975,-8.194521505799912e-9,-0.9996100664138794,9.471953177353498e-8,1,-1.0843629993928517e-8,0.9996100664138794,-9.498538133811962e-8,-0.027923284098505975],"p":[-818.9113159179688,169.85716247558595,851.3200073242188]},"j":true},{"t":7.458234071731567,"c":{"r":[-0.027923284098505975,-8.447573307535095e-9,-0.9996100664138794,9.987318350113128e-8,1,-1.124074344716064e-8,0.9996100664138794,-1.0014811380187894e-7,-0.027923284098505975],"p":[-818.8480224609375,170.07862854003907,851.32177734375]},"j":true},{"t":7.474740266799927,"c":{"r":[-0.027923187240958215,-9.7120205211354e-9,-0.9996100664138794,1.2562493623136107e-7,1,-1.3225025519147949e-8,0.9996100664138794,-1.25945234685787e-7,-0.027923187240958215],"p":[-818.5166015625,171.1348876953125,851.3309936523438]},"j":true},{"t":7.513672828674316,"c":{"r":[-0.027923280373215677,-1.2236780477792309e-8,-0.9996100664138794,1.7704601873447246e-7,1,-1.7187188561251788e-8,0.9996100664138794,-1.774569113877078e-7,-0.027923280373215677],"p":[-817.6724853515625,172.99195861816407,851.3546142578125]},"j":false},{"t":7.58008599281311,"c":{"r":[-0.027923161163926126,2.3819888284037917e-9,-0.9996100664138794,-2.060519399549321e-8,1,2.958504552452723e-9,0.9996100664138794,2.067976900832491e-8,-0.027923161163926126],"p":[-816.0759887695313,175.2547607421875,851.3994140625]},"j":false},{"t":7.647676229476929,"c":{"r":[-0.027923332527279855,9.159797365043687e-9,-0.9996100664138794,-1.1727767912361742e-7,1,1.2439431706923188e-8,0.9996100664138794,1.1757929740952022e-7,-0.027923332527279855],"p":[-814.5763549804688,176.58419799804688,851.4415283203125]},"j":false},{"t":7.7141876220703129,"c":{"r":[-0.027923280373215677,1.244558234247961e-9,-0.9996100664138794,-2.7331472196578944e-8,1,2.0085257901314437e-9,0.9996100664138794,2.7376898970032927e-8,-0.027923280373215677],"p":[-812.8767700195313,177.1643829345703,851.4892578125]},"j":false},{"t":7.781914472579956,"c":{"r":[-0.03490009903907776,-5.926656054811019e-9,-0.9993907809257507,5.700838556776944e-8,1,-7.921079792083674e-9,0.9993907809257507,-5.725010154833399e-8,-0.03490009903907776],"p":[-811.4138793945313,176.81118774414063,851.5302124023438]},"j":false},{"t":7.847718954086304,"c":{"r":[-0.03490009903907776,-1.286305373326968e-8,-0.9993907809257507,1.3576614321664238e-7,1,-1.7612034497460628e-8,0.9993907809257507,-1.3629809814119654e-7,-0.03490009903907776],"p":[-810.5844116210938,175.68812561035157,851.5533447265625]},"j":false},{"t":7.911613464355469,"c":{"r":[-0.03490009903907776,-7.2152559482674