{"v":1,"d":[{"t":0,"j":false,"c":{"p":[-957.0569236808307,169.30893054295953,876.393224379372],"r":[-0.20223069442738667,-2.5097101978577927e-8,-1.0360625516035036,-1.0355652330347522e-7,1,-3.755576408293583e-8,1.0360625516035036,1.082218557468447e-7,-0.20223069442738667]}},{"t":0.01,"j":false,"c":{"p":[-958.725704007412,169.17869567871094,875.3199619424356],"r":[0.4756240802409126,4.465081219493724e-9,-0.8796486485400549,-2.1096837569892983e-8,1,-6.331035173523577e-9,0.8796486485400549,2.1568988716729993e-8,0.4756240802409126]}},{"t":0.02,"j":false,"c":{"p":[-958.5515385980192,169.17869567871094,875.2257983197778],"r":[0.47562406653046263,6.7153655467063e-9,-0.8796486576803548,-2.95185269845586e-8,1,-8.326458944830265e-9,0.8796486576803548,2.99261896426705e-8,0.47562406653046263]}},{"t":0.03,"j":false,"c":{"p":[-958.3723991408068,169.17869567871094,875.1289454469206],"r":[0.4756240528200127,8.965649873918878e-9,-0.8796486668206548,-3.7940216399224214e-8,1,-1.0321882716136952e-8,0.8796486668206548,3.828339056861102e-8,0.4756240528200127]}},{"t":0.04,"j":false,"c":{"p":[-958.1975511988367,169.17869567871094,875.0344128087378],"r":[0.4756240391095628,1.1215934201131456e-8,-0.8796486759609548,-4.6361905813889827e-8,1,-1.2317306487443642e-8,0.8796486759609548,4.664059149455153e-8,0.4756240391095628]}},{"t":0.05,"j":false,"c":{"p":[-958.0227032568666,169.17869567871094,874.9398801705546],"r":[0.47562402539911286,1.3466218528344033e-8,-0.8796486851012547,-5.4783595228555445e-8,1,-1.4312730258750331e-8,0.8796486851012547,5.4997792420492044e-8,0.47562402539911286]}},{"t":0.060000000000000005,"j":false,"c":{"p":[-957.8478553148966,169.17869567871094,874.8453475323716],"r":[0.475624011688663,1.5716502855556608e-8,-0.8796486942415546,-6.320528464322106e-8,1,-1.630815403005702e-8,0.8796486942415546,6.335499334643256e-8,0.475624011688663]}},{"t":0.07,"j":false,"c":{"p":[-957.6730073729265,169.17869567871094,874.7508148941886],"r":[0.47562399797821303,1.796678718276919e-8,-0.8796487033818545,-7.162697405788668e-8,1,-1.8303577801363707e-8,0.8796487033818545,7.171219427237306e-8,0.47562399797821303]}},{"t":0.08,"j":false,"c":{"p":[-957.4981594309564,169.17869567871094,874.6562822560054],"r":[0.47562398426776314,2.0217071509981763e-8,-0.8796487125221545,-8.004866347255228e-8,1,-2.0299001572670395e-8,0.8796487125221545,8.006939519831356e-8,0.47562398426776314]}},{"t":0.09,"j":false,"c":{"p":[-957.3233114889865,169.17869567871094,874.5617496178224],"r":[0.4756239705573132,2.246735583719434e-8,-0.8796487216624544,-8.847035288721789e-8,1,-2.2294425343977083e-8,0.8796487216624544,8.842659612425409e-8,0.4756239705573132]}},{"t":0.09999999999999999,"j":false,"c":{"p":[-957.1493347710551,169.17939171106624,874.4676876130266],"r":[0.4756239568468633,2.4717640164406916e-8,-0.8796487308027544,-9.689204230188351e-8,1,-2.428984911528377e-8,0.8796487308027544,9.67837970501946e-8,0.4756239568468633]}},{"t":0.10999999999999999,"j":false,"c":{"p":[-956.9725782899314,169.17786695400804,874.3721239860203],"r":[0.47562393946048326,2.6177958390422983e-8,-0.8796487409891453,-1.0226318477430352e-7,1,-2.553389693428562e-8,0.8796487409891453,1.0210021563428765e-7,0.47562393946048326]}},{"t":0.11999999999999998,"j":false,"c":{"p":[-956.7893910583845,169.17120458576744,874.2730864812061],"r":[0.47562391472224286,2.6058344414046008e-8,-0.8796487532677179,-1.0153323336223225e-7,1,-2.5275192848677784e-8,0.8796487532677179,1.0133506953468572e-7,0.47562391472224286]}},{"t":0.12999999999999998,"j":false,"c":{"p":[-956.5869523618534,169.14916196868046,874.1636493756337],"r":[0.4756238699058512,2.1623888132134774e-8,-0.8796487712601019,-8.414101127616253e-8,1,-2.091242816926035e-8,0.8796487712601019,8.396098759511268e-8,0.4756238699058512]}},{"t":0.13999999999999999,"j":false,"c":{"p":[-956.3854953278814,169.12790361473682,874.0547425621041],"r":[0.47562382470924536,1.7107722918435083e-8,-0.8796487893606866,-6.643326054697269e-8,1,-1.6471946070903834e-8,0.8796487893606866,6.627238699888181e-8,0.47562382470924536]}},{"t":0.15,"j":false,"c":{"p":[-956.1845632833845,169.10703763273617,873.946119353695],"r":[0.4756237793225324,1.255070323884117e-8,-0.8796488075153718,-4.85677454962228e-8,1,-1.1992605263077783e-8,0.8796488075153718,4.842652707432205e-8,0.4756237793225324]}},{"t":0.16,"j":false,"c":{"p":[-955.9836995552787,169.08617213147818,873.8375330634838],"r":[0.4756237339358194,7.993683559247257e-9,-0.879648825670057,-3.070223044547291e-8,1,-7.513264455251732e-9,0.879648825670057,3.058066714976229e-8,0.4756237339358194]}},{"t":0.17,"j":false,"c":{"p":[-955.7825008646294,169.06556179906235,873.7287656935907],"r":[0.47562369301351204,3.5015132792287645e-9,-0.879648841590677,-1.3095421188422914e-8,1,-3.100083129566258e-9,0.879648841590677,1.2993844537585494e-8,0.47562369301351204]}},{"t":0.18000000000000002,"j":false,"c":{"p":[-955.5771453029358,169.04811810122195,873.6177511324809],"r":[0.4756236907827193,-4.2862887113608307e-10,-0.8796488381493985,2.269271189894734e-9,1,7.397160175675299e-10,0.8796488381493985,-2.3479880339389112e-9,0.4756236907827193]}},{"t":0.19000000000000003,"j":false,"c":{"p":[-955.3663423195906,169.03482415774388,873.5037917126156],"r":[0.4756237421250687,-3.5805742220987003e-9,-0.8796488078991999,1.4529478068544458e-8,1,3.785597293618644e-9,0.8796488078991999,-1.4581356861126873e-8,0.4756237421250687]}},{"t":0.20000000000000004,"j":false,"c":{"p":[-955.1488013639855,169.02666308841512,873.3861897664558],"r":[0.47562386192218764,-5.738154103910505e-9,-0.8796487433930589,2.282283082659068e-8,1,5.817025006056099e-9,0.8796487433930589,-2.2842788240294357e-8,0.47562386192218764]}},{"t":0.21000000000000005,"j":false,"c":{"p":[-954.931214413128,169.01853705749772,873.2685629554095],"r":[0.4756239817193066,-7.895733985722306e-9,-0.8796486788869179,3.11161835846369e-8,1,7.84845271849355e-9,0.8796486788869179,-3.1104219619461835e-8,0.4756239817193066]}},{"t":0.22000000000000006,"j":false,"c":{"p":[-954.7136427940212,169.0103993471098,873.1509444326583],"r":[0.47562410151642553,-1.0053313867534109e-8,-0.8796486143807769,3.940953634268311e-8,1,9.879880430931003e-9,0.8796486143807769,-3.936565099862931e-8,0.47562410151642553]}},{"t":0.23000000000000007,"j":false,"c":{"p":[-954.4958180951819,169.00206276860203,873.0332075698976],"r":[0.47562422131354454,-1.2210893749345911e-8,-0.8796485498746359,4.7702889100729325e-8,1,1.1911308143368455e-8,0.8796485498746359,-4.7627082377796785e-8,0.47562422131354454]}},{"t":0.24000000000000007,"j":false,"c":{"p":[-954.2774719051267,168.99334013332503,872.9152257388222],"r":[0.47562434111066354,-1.4368473631157699e-8,-0.8796484853684949,5.5996241858775466e-8,1,1.394273585580589e-8,0.8796484853684949,-5.588851375696419e-8,0.47562434111066354]}},{"t":0.25000000000000006,"j":false,"c":{"p":[-954.0674171840219,168.99075562198237,872.8011387905636],"r":[0.4767850488347936,-1.364169015824699e-8,-0.8790103845894924,5.2905940468743035e-8,1,1.3088537655273159e-8,0.8790103845894924,-5.276503818936134e-8,0.4767850488347936]}},{"t":0.26000000000000006,"j":false,"c":{"p":[-953.8602127861883,168.9902811875869,872.6883907697251],"r":[0.47837745568318457,-1.1842021895391376e-8,-0.8781349560787167,4.5581308001986115e-8,1,1.1160985036189911e-8,0.8781349560787167,-4.540676554665036e-8,0.47837745568318457]}},{"t":0.2700000000000001,"j":false,"c":{"p":[-953.6545255899073,168.9909299282546,872.576355447962],"r":[0.4802196590410369,-9.42154422959511e-9,-0.8771222012782552,3.5806540560597516e-8,1,8.61235127030592e-9,0.8771222012782552,-3.55980882860235e-8,0.4802196590410369]}},{"t":0.2800000000000001,"j":false,"c":{"p":[-953.44902247346,168.9917149421014,872.46440659693],"r":[0.482129756293551,-6.832332547862423e-9,-0.8760721216301954,2.5365834246669954e-8,1,5.894909629370939e-9,0.8760721216301954,-2.5123398864672935e-8,0.482129756293551]}},{"t":0.2900000000000001,"j":false,"c":{"p":[-953.2435815188563,168.9924464210912,872.3525289931562],"r":[0.4840398535460651,-4.243120866129736e-9,-0.8750220419821356,1.4925127932742392e-8,1,3.1774679884359567e-9,0.8750220419821356,-1.464870944332237e-8,0.4840398535460651]}},{"t":0.3000000000000001,"j":false,"c":{"p":[-953.0375017415832,168.99311778508257,872.2401769549455],"r":[0.4855427262442272,-1.6481570298605767e-9,-0.8741958355976382,4.4491795452942696e-9,1,4.508417898798435e-10,0.8741958355976382,-4.138236846128811e-9,0.4855427262442272]}},{"t":0.3100000000000001,"j":false,"c":{"p":[-952.8300121515446,168.993656481753,872.1267778910772],"r":[0.4862773261939736,9.576588621793346e-10,-0.8737919901087593,-6.093256789391196e-9,1,-2.2931120605851664e-9,0.8737919901087593,6.4397445458025304e-9,0.4862773261939736]}},{"t":0.3200000000000001,"j":false,"c":{"p":[-952.620341758644,168.99398995877996,872.0117592103305],"r":[0.4858826052012408,3.5794267112242756e-9,-0.8740089931475545,-1.6733426945030783e-8,1,-5.062536657246838e-9,0.8740089931475545,1.7116960351366443e-8,0.4858826052012408]}},{"t":0.3300000000000001,"j":false,"c":{"p":[-952.4076530843798,168.99403940709612,871.8944989425404],"r":[0.48390472605948154,6.223557087851492e-9,-0.8750963434622454,-2.7510606952572466e-8,1,-7.867667861203429e-9,0.8750963434622454,2.7933289640703512e-8,0.48390472605948154]}},{"t":0.34000000000000014,"j":false,"c":{"p":[-952.1951914481197,168.99411019004276,871.7774062317295],"r":[0.4819268469177223,8.867687464478709e-9,-0.8761836937769363,-3.8287786960114145e-8,1,-1.0672799065160019e-8,0.8761836937769363,3.874961893004058e-8,0.4819268469177223]}},{"t":0.35000000000000014,"j":false,"c":{"p":[-951.9828452230716,168.99419173426563,871.6603957680098],"r":[0.47995239259178685,1.1508411965545163e-8,-0.8772691612709106,-4.90505529448337e-8,1,-1.347403647818986e-8,0.8772691612709106,4.955141348764269e-8,0.47995239259178685]}},{"t":0.36000000000000015,"j":false,"c":{"p":[-951.7705027824439,168.9942734664105,871.5433822414931],"r":[0.477984787897499,1.4142324715490095e-8,-0.8783508631234517,-5.978449088390896e-8,1,-1.6267486309366196e-8,0.8783508631234517,6.032413858177487e-8,0.477984787897499]}},{"t":0.37000000000000016,"j":false,"c":{"p":[-951.5580141081281,168.9943479370659,871.4264870644445],"r":[0.4762149590420413,1.6579555386562548e-8,-0.8793238360790994,-6.968604962327581e-8,1,-1.883607798571406e-8,0.8793238360790994,7.025751379289288e-8,0.4762149590420413]}},{"t":0.38000000000000017,"j":false,"c":{"p":[-951.3444928653042,168.99437113372682,871.3104275630553],"r":[0.47562491618793307,1.78435246282183e-8,-0.8796482119601204,-7.462224285875348e-8,1,-2.0063330371454264e-8,0.8796482119601204,7.518394150187252e-8,0.47562491618793307]}},{"t":0.3900000000000002,"j":false,"c":{"p":[-951.1304717195942,168.99436950683594,871.1947726417701],"r":[0.4756247663344994,1.8520863155165802e-8,-0.8796482893038281,-7.707575334228697e-8,1,-2.061991311189075e-8,0.8796482893038281,7.76068954597834e-8,0.4756247663344994]}},{"t":0.4000000000000002,"j":false,"c":{"p":[-950.9164833366193,168.99436950683594,871.0790912050333],"r":[0.4756246164810658,1.9198201682113305e-8,-0.8796483666475358,-7.952926382582045e-8,1,-2.1176495852327237e-8,0.8796483666475358,8.002984941769426e-8,0.4756246164810658]}},{"t":0.4100000000000002,"j":false,"c":{"p":[-950.7024949536441,168.99436950683594,870.9634097682965],"r":[0.4756244666276321,1.9875540209060805e-8,-0.8796484439912434,-8.198277430935393e-8,1,-2.173307859276372e-8,0.8796484439912434,8.245280337560513e-8,0.4756244666276321]}},{"t":0.4200000000000002,"j":false,"c":{"p":[-950.4885061344421,168.99436950683594,870.8477280957369],"r":[0.4756243167741984,2.0552878736008305e-8,-0.8796485213349512,-8.443628479288743e-8,1,-2.2289661333200207e-8,0.8796485213349512,8.4875757333516e-8,0.4756243167741984]}},{"t":0.4300000000000002,"j":false,"c":{"p":[-950.2745198490288,168.99436950683594,870.7320477929354],"r":[0.4756242143693378,1.9690556264697447e-8,-0.8796485731294663,-8.060053094534949e-8,1,-2.1195966411886188e-8,0.8796485731294663,8.09814567909628e-8,0.4756242143693378]}},{"t":0.4400000000000002,"j":false,"c":{"p":[-950.0605390674198,168.99436950683594,870.6163704654733],"r":[0.4756242068616235,1.5748911796870414e-8,-0.8796485738255962,-6.418624843567098e-8,1,-1.6801716167071762e-8,0.8796485738255962,6.445264724748372e-8,0.4756242068616235]}},{"t":0.45000000000000023,"j":false,"c":{"p":[-949.8465632717044,168.99436950683594,870.5006958333687],"r":[0.4756242883136762,8.920607630824662e-9,-0.8796485266203864,-3.5980431363199096e-8,1,-9.313414684722239e-9,0.8796485266203864,3.607982529444926e-8,0.4756242883136762]}},{"t":0.46000000000000024,"j":false,"c":{"p":[-949.6325880087629,168.99436950683594,870.3850214892802],"r":[0.4756243831359175,1.6584535812374159e-9,-0.8796484722158553,-6.002408200760967e-9,1,-1.3600934531087684e-9,0.8796484722158553,5.926910105027968e-9,0.4756243831359175]}},{"t":0.47000000000000025,"j":false,"c":{"p":[-949.4185410147442,168.99436950683594,870.2693083676006],"r":[0.4756244846432531,-5.820625410120518e-9,-0.8796484142116635,2.4861718006660062e-8,1,6.825737653136613e-9,0.8796484142116635,-2.51160517025865e-8,0.4756244846432531]}},{"t":0.48000000000000026,"j":false,"c":{"p":[-949.204350025797,168.99436950683594,870.1535174027221],"r":[0.47562458615058867,-1.3299704401478314e-8,-0.8796483562074717,5.572584421408052e-8,1,1.501156875938184e-8,0.8796483562074717,-5.615901351020039e-8,0.47562458615058867]}},{"t":0.49000000000000027,"j":false,"c":{"p":[-948.9916149173722,168.99436950683594,870.0385134822064],"r":[0.4756246538320425,-1.8693024065776928e-8,-0.8796483170265352,7.793411773213548e-8,1,2.088832189975108e-8,0.8796483170265352,-7.848961432490094e-8,0.4756246538320425]}},{"t":0.5000000000000002,"j":false,"c":{"p":[-948.7814510182994,168.99436950683594,869.9248995492587],"r":[0.4756246705493144,-2.0943808717499127e-8,-0.8796483062058885,8.710094404813612e-8,1,2.3286074246311035e-8,0.8796483062058885,-8.769362900512256e-8,0.4756246705493144]}},{"t":0.5100000000000002,"j":false,"c":{"p":[-948.5734875897053,168.99436950683594,869.8124751836274],"r":[0.4756246428420993,-2.045530666657563e-8,-0.8796483201063552,8.489979426812668e-8,1,2.2651249207150022e-8,0.8796483201063552,-8.545545363641559e-8,0.4756246428420993]}},{"t":0.5200000000000002,"j":false,"c":{"p":[-948.3673538927164,168.99436950683594,869.7010399650609],"r":[0.4756245772500921,-1.76307662229369e-8,-0.879648355088759,7.300413949815037e-8,1,1.9430270190356063e-8,0.879648355088759,-7.345948430432931e-8,0.4756245772500921]}},{"t":0.5300000000000002,"j":false,"c":{"p":[-948.160875991101,168.99436950683594,869.5894186705721],"r":[0.47562451165808484,-1.4806225779298167e-8,-0.8796483900711629,6.110848472817406e-8,1,1.6209291173562106e-8,0.8796483900711629,-6.146351497224301e-8,0.47562451165808484]}},{"t":0.5400000000000003,"j":false,"c":{"p":[-947.9544320008399,168.99436950683594,869.477815708453],"r":[0.4756244460660776,-1.1981685335659434e-8,-0.8796484250535668,4.921282995819774e-8,1,1.2988312156768149e-8,0.8796484250535668,-4.946754564015671e-8,0.4756244460660776]}},{"t":0.5500000000000003,"j":false,"c":{"p":[-947.7478875336462,168.99436950683594,869.3661584288251],"r":[0.47562438785572225,-9.155509221165463e-9,-0.8796484562791269,3.73102881746886e-8,1,9.765468644419035e-9,0.8796484562791269,-3.746463138352889e-8,0.47562438785572225]}},{"t":0.5600000000000003,"j":false,"c":{"p":[-947.5411082012328,168.99436950683594,869.254374181809],"r":[0.4756243444086706,-6.326061764961013e-9,-0.8796484799909997,2.5393972364113835e-8,1,6.538896140959612e-9,0.8796484799909997,-2.5447827277818004e-8,0.4756243444086706]}},{"t":0.5700000000000003,"j":false,"c":{"p":[-947.3314206927153,168.99436950683594,869.1410177840747],"r":[0.4756244402208859,-3.4657564019581176e-9,-0.8796484328277742,1.3347728933300162e-8,1,3.277148816182797e-9,0.8796484328277742,-1.330000302612938e-8,0.4756244402208859]}},{"t":0.5800000000000003,"j":false,"c":{"p":[-947.1207177183203,168.99436950683594,869.0271124287286],"r":[0.47562459140906227,-5.931805001192306e-10,-0.8796483574813133,1.2498202382019438e-9,1,1.4143465927161254e-12,0.8796483574813133,-1.100079071112936e-9,0.47562459140906227]}},{"t":0.5900000000000003,"j":false,"c":{"p":[-946.9095247680775,168.99436950683594,868.9129421940033],"r":[0.47562477028521916,2.285530671137649e-9,-0.8796482680432348,-1.0873921089038532e-8,1,-3.2813136954039943e-9,0.8796482680432348,1.1125894735567414e-8,0.47562477028521916]}},{"t":0.6000000000000003,"j":false,"c":{"p":[-946.6983673320166,168.99436950683594,868.7987911581315],"r":[0.475624949161376,5.1642418423945285e-9,-0.8796481786051564,-2.2997662416279007e-8,1,-6.5640417374007035e-9,0.8796481786051564,2.3351868542247762e-8,0.475624949161376]}},{"t":0.6100000000000003,"j":false,"c":{"p":[-946.4872098959557,168.99436950683594,868.6846401222598],"r":[0.4756251280375329,8.042953013651408e-9,-0.8796480891670779,-3.512140374351948e-8,1,-9.846769779397412e-9,0.8796480891670779,3.557784234892811e-8,0.4756251280375329]}},{"t":0.6200000000000003,"j":false,"c":{"p":[-946.2739060076505,168.99436950683594,868.5693287211564],"r":[0.47562530691368976,1.0921664184908287e-8,-0.8796479997289994,-4.724514507075995e-8,1,-1.3129497821394121e-8,0.8796479997289994,4.780381615560845e-8,0.47562530691368976]}},{"t":0.6300000000000003,"j":true,"c":{"p":[-946.0734970796819,168.99436950683594,868.4609882944474],"r":[0.475625440391473,1.3631399299849488e-8,-0.8796479329901079,-5.8657261641036746e-8,1,-1.6219546732504286e-8,0.8796479329901079,5.931216727643157e-8,0.475625440391473]}},{"t":0.6400000000000003,"j":true,"c":{"p":[-945.9010245246317,168.99436950683594,868.3677501817592],"r":[0.47562548307250874,1.600318230215946e-8,-0.8796479116495901,-6.864612869738674e-8,1,-1.8924237381841514e-8,0.8796479116495901,6.938527302554078e-8,0.47562548307250874]}},{"t":0.6500000000000004,"j":true,"c":{"p":[-945.7481480769944,168.9502772922364,868.2851056621827],"r":[0.47562548465448357,1.8221991603580812e-8,-0.8796479108586026,-7.799076322109124e-8,1,-2.1454495982174993e-8,0.8796479108586026,7.880871632843854e-8,0.47562548465448357]}},{"t":0.6600000000000004,"j":true,"c":{"p":[-945.5364079157669,169.18537403995668,868.1706396069459],"r":[0.47562547923113596,2.108830628948776e-8,-0.8796479105949402,-9.006241411998935e-8,1,-2.472315477636606e-8,0.8796479105949402,9.09821754782474e-8,0.47562547923113596]}},{"t":0.6700000000000004,"j":false,"c":{"p":[-945.2904419728495,169.62625481335843,868.0376712033841],"r":[0.4756254621616157,2.4344552259361968e-8,-0.8796479144276877,-1.0377628868646404e-7,1,-2.843648073076221e-8,0.8796479144276877,1.0481170862109219e-7,0.4756254621616157]}},{"t":0.6800000000000004,"j":false,"c":{"p":[-945.0348881801428,170.19951467580321,867.8995196388327],"r":[0.47562542880507264,2.7733155412685216e-8,-0.8796479259259304,-1.1804759421289872e-7,1,-3.2300740811711074e-8,0.8796479259259304,1.1920337390309817e-7,0.47562542880507264]}},{"t":0.6900000000000004,"j":false,"c":{"p":[-944.8133906474056,170.699835407668,867.7797787797053],"r":[0.4756253927147623,2.9987080216311834e-8,-0.8796479467875561,-1.2751872684977805e-7,1,-3.485947105933053e-8,0.8796479467875561,1.2875163459810355e-7,0.4756253927147623]}},{"t":0.7000000000000004,"j":false,"c":{"p":[-944.5964589852649,171.15502609843352,867.6625062156473],"r":[0.4756253687068828,3.0438308910646653e-8,-0.8796479619705082,-1.2935070454487005e-7,1,-3.533705279799001e-8,0.8796479619705082,1.305902807565282e-7,0.4756253687068828]}},{"t":0.7100000000000004,"j":false,"c":{"p":[-944.382430854106,171.57376458224135,867.5468032911695],"r":[0.4756253535196334,2.9175919205677602e-8,-0.879647970199585,-1.2392036375713497e-7,1,-3.3835975953224305e-8,0.879647970199585,1.250995428017662e-7,0.4756253535196334]}},{"t":0.7200000000000004,"j":false,"c":{"p":[-944.1696439143146,171.964728693233,867.4317713507826],"r":[0.4756253438912134,2.6288988811392538e-8,-0.879647970199585,-1.116045409455328e-7,1,-3.045873045056814e-8,0.879647970199585,1.1265965115721124e-7,0.4756253438912134]}},{"t":0.7300000000000004,"j":false,"c":{"p":[-943.9565307765281,172.36106095845363,867.3165630688009],"r":[0.4756253342627934,2.3402058417107477e-8,-0.879647970199585,-9.928871813393066e-8,1,-2.7081484947911975e-8,0.879647970199585,1.002197595126563e-7,0.4756253342627934]}},{"t":0.7400000000000004,"j":false,"c":{"p":[-943.7429799889526,172.7592810035205,867.2011181947402],"r":[0.47562532463437335,2.0515128022822413e-8,-0.879647970199585,-8.697289532232851e-8,1,-2.3704239445255814e-8,0.879647970199585,8.777986786810133e-8,0.47562532463437335]}},{"t":0.7500000000000004,"j":false,"c":{"p":[-943.5308967938181,173.15152557255476,867.0864666964683],"r":[0.4756253154363281,1.7514364054454796e-8,-0.879647970199585,-7.417523686133695e-8,1,-2.0195873703885594e-8,0.879647970199585,7.485376633982826e-8,0.4756253154363281]}},{"t":0.7600000000000005,"j":false,"c":{"p":[-943.3221864333548,173.52993140967754,866.9736385418529],"r":[0.4756253070990323,1.4285932937921926e-8,-0.879647970199585,-6.041390710156594e-8,1,-1.6425267485087072e-8,0.879647970199585,6.09552450441183e-8,0.4756253070990323]}},{"t":0.7700000000000005,"j":false,"c":{"p":[-943.1474790576765,173.7543368969995,866.879192292267],"r":[0.47562530655066365,8.90159851037494e-9,-0.879647970199585,-3.752536125823591e-8,1,-1.0170449770818954e-8,0.879647970199585,3.784643226168992e-8,0.47562530655066365]}},{"t":0.7800000000000005,"j":false,"c":{"p":[-942.9451974369634,174.01318695994965,866.7698394938384],"r":[0.47562530636787415,2.5908062775744778e-9,-0.879647970199585,-1.0700637328770433e-8,1,-2.8405563351972593e-9,0.879647970199585,1.0763835121022287e-8,0.47562530636787415]}},{"t":0.7900000000000005,"j":false,"c":{"p":[-942.7295435640403,174.28880752083646,866.6532576985524],"r":[0.47562530636787415,-4.183214857852436e-9,-0.879647970199585,1.809217564376155e-8,1,5.02687496110089e-9,0.879647970199585,-1.830565419876374e-8,0.47562530636787415]}},{"t":0.8000000000000005,"j":false,"c":{"p":[-942.514719431732,174.56352450196843,866.5371244583944],"r":[0.47562530636787415,-1.0957235993279349e-8,-0.879647970199585,4.688498861629353e-8,1,1.2894306257399038e-8,0.879647970199585,-4.737514351854976e-8,0.47562530636787415]}},{"t":0.8100000000000005,"j":false,"c":{"p":[-942.299898402876,174.84148255748318,866.4209928959522],"r":[0.47562530636787415,-1.773125712870626e-8,-0.879647970199585,7.567780158882552e-8,1,2.0761737553697195e-8,0.879647970199585,-7.64446328383358e-8,0.47562530636787415]}},{"t":0.8200000000000005,"j":false,"c":{"p":[-942.0850440215872,175.08460917036035,866.3048433032914],"r":[0.47562530859139746,-2.2299072772909944e-8,-0.879647970199585,9.507807333284595e-8,1,2.605868051560397e-8,0.879647970199585,-9.602940300800987e-8,0.47562530859139746]}},{"t":0.8300000000000005,"j":false,"c":{"p":[-941.8701498389233,175.28616942052022,866.1886721941344],"r":[0.4756253133371102,-2.4364342941906516e-8,-0.879647970199585,1.0382418722728393e-7,1,2.8439864281055668e-8,0.879647970199585,-1.0485545596518961e-7,0.4756253133371102]}},{"t":0.8400000000000005,"j":false,"c":{"p":[-941.655209405942,175.43942838788305,866.0724760822034],"r":[0.47562532090367865,-2.3630727651712378e-8,-0.879647970199585,1.0065452665106981e-7,1,2.7560017987988943e-8,0.879647970199585,-1.0164879364749386e-7,0.47562532090367865]}},{"t":0.8500000000000005,"j":false,"c":{"p":[-941.4402559463848,175.5790831175865,865.9562729281474],"r":[0.47562532947262964,-2.190253686625085e-8,-0.879647970199585,9.325063160244178e-8,1,2.5521374511964035e-8,0.879647970199585,-9.416634229576554e-8,0.47562532947262964]}},{"t":0.8600000000000005,"j":false,"c":{"p":[-941.2253037819487,175.72009040010448,865.8400704742294],"r":[0.4756253380415805,-2.017434608078932e-8,-0.879647970199585,8.584673655381375e-8,1,2.3482731035939124e-8,0.879647970199585,-8.668389094403723e-8,0.4756253380415805]}},{"t":0.8700000000000006,"j":false,"c":{"p":[-941.0102831466019,175.86368001121184,865.7238310051556],"r":[0.4756253466105314,-1.8446155295327793e-8,-0.879647970199585,7.844284150518571e-8,1,2.1444087559914217e-8,0.879647970199585,-7.920143959230892e-8,0.4756253466105314]}},{"t":0.8800000000000006,"j":false,"c":{"p":[-940.7951242743128,176.01108172668333,865.6075168056324],"r":[0.47562535517948235,-1.671796450986621e-8,-0.879647970199585,7.103894645655746e-8,1,1.9405444083889246e-8,0.879647970199585,-7.171898824058039e-8,0.47562535517948235]}},{"t":0.8900000000000006,"j":false,"c":{"p":[-940.5815020038443,176.1161091939484,865.4920332881479],"r":[0.47562535864087213,-1.4680626800393127e-8,-0.879647970199585,6.23192735932791e-8,1,1.700680360860567e-8,0.879647970199585,-6.290789167208988e-8,0.47562535864087213]}},{"t":0.9000000000000006,"j":false,"c":{"p":[-940.3696462525438,176.17242207512325,865.3775047452867],"r":[0.4756253566265904,-1.2311861436923488e-8,-0.879647970199585,5.21889926326225e-8,1,1.4222220555075262e-8,0.879647970199585,-5.2672392229162953e-8,0.4756253566265904]}},{"t":0.9100000000000006,"j":false,"c":{"p":[-940.1590621723043,176.19366659672488,865.2636636637416],"r":[0.47562535049405236,-9.693829110018703e-9,-0.879647970199585,4.099779236486983e-8,1,1.1147369826594228e-8,0.879647970199585,-4.1365598417955125e-8,0.47562535049405236]}},{"t":0.9200000000000006,"j":false,"c":{"p":[-939.9492549150186,176.19348898527025,865.1502425302054],"r":[0.47562534160067327,-6.908690510240052e-9,-0.879647970199585,2.9095361580302715e-8,1,7.877926326458628e-9,0.879647970199585,-2.934061874462136e-8,0.47562534160067327]}},{"t":0.9300000000000006,"j":false,"c":{"p":[-939.7392880695357,176.19771227311693,865.0367351237993],"r":[0.4756253327072942,-4.1235519104614e-9,-0.879647970199585,1.7192930795735594e-8,1,4.60848282632303e-9,0.879647970199585,-1.7315639071287598e-8,0.4756253327072942]}},{"t":0.9400000000000006,"j":false,"c":{"p":[-939.5294361962269,176.2033768073292,864.9232898709836],"r":[0.47562532381391515,-1.3384133106827485e-9,-0.879647970199585,5.2905000111684755e-9,1,1.3390393261874312e-9,0.879647970199585,-5.290659397953833e-9,0.47562532381391515]}},{"t":0.9500000000000006,"j":false,"c":{"p":[-939.3192309959157,176.20461217194313,864.8096536107183],"r":[0.47562531529892166,1.4526404221705276e-9,-0.879647970199585,-6.6372087241823825e-9,1,-1.9373474822478824e-9,0.879647970199585,6.759858366923064e-9,0.47562531529892166]}},{"t":0.9600000000000006,"j":false,"c":{"p":[-939.1082041694259,176.19554795099478,864.6955731819634],"r":[0.4756253075406993,4.255524421173063e-9,-0.879647970199585,-1.8615473361100763e-8,1,-5.227620907282639e-9,0.879647970199585,1.8861452314886276e-8,0.4756253075406993]}},{"t":0.9700000000000006,"j":false,"c":{"p":[-938.8875792767383,176.06616611287802,864.5763040692613],"r":[0.47562530666108044,7.165938560916191e-9,-0.879647970199585,-3.105326132084507e-8,1,-8.644115485629485e-9,0.879647970199585,3.142729863777233e-8,0.47562530666108044]}},{"t":0.9800000000000006,"j":false,"c":{"p":[-938.6665286341686,175.93144724017012,864.4568047975321],"r":[0.47562530636787415,1.0085519827437218e-8,-0.879647970199585,-4.353022442282144e-8,1,-1.207137063126003e-8,0.879647970199585,4.4032723262598176e-8,0.47562530636787415]}},{"t":0.9900000000000007,"j":false,"c":{"p":[-938.4452775537953,175.79421575727295,864.3371971697662],"r":[0.47562530636787415,1.300968465734719e-8,-0.879647970199585,-5.6026775095913836e-8,1,-1.5504006060532422e-8,0.879647970199585,5.665793703839389e-8,0.47562530636787415]}},{"t":1.0000000000000007,"j":false,"c":{"p":[-938.2240513476968,175.65729608858842,864.2176029889538],"r":[0.47562530636787415,1.5933849487257163e-8,-0.879647970199585,-6.852332576900623e-8,1,-1.8936641489804816e-8,0.879647970199585,6.928315081418962e-8,0.47562530636787415]}},{"t":1.0100000000000007,"j":false,"c":{"p":[-938.0027017858349,175.52141852433604,864.0979421224094],"r":[0.47562530636787415,1.885801431716716e-8,-0.879647970199585,-8.101987644209874e-8,1,-2.2369276919077234e-8,0.879647970199585,8.190836458998544e-8,0.47562530636787415]}},{"t":1.0200000000000007,"j":false,"c":{"p":[-937.7822624342608,175.37785154086694,863.9787733126411],"r":[0.47562530636787415,2.170618316558379e-8,-0.879647970199585,-9.319111066969705e-8,1,-2.5712407576732918e-8,0.879647970199585,9.420484375629537e-8,0.47562530636787415]}},{"t":1.0300000000000007,"j":false,"c":{"p":[-937.5659085607972,175.19977060570767,863.8618130992976],"r":[0.47562530636787415,2.433046322977265e-8,-0.879647970199585,-1.0440394286024355e-7,1,-2.8791851732733193e-8,0.879647970199585,1.0553285076651093e-7,0.47562530636787415]}},{"t":1.0400000000000007,"j":false,"c":{"p":[-937.3568154332668,174.96035118638486,863.7487780220274],"r":[0.47562530636787415,2.6582961706999563e-8,-0.879647970199585,-1.1402528742218156e-7,1,-3.143342765703965e-8,0.879647970199585,1.1525264807402462e-7,0.47562530636787415]}},{"t":1.0500000000000007,"j":false,"c":{"p":[-937.150072234152,174.7010796680836,863.6370133085574],"r":[0.47562530636787415,2.868854926102571e-8,-0.879647970199585,-1.2301774953006357e-7,1,-3.390197826644526e-8,0.879647970199585,1.2433695513562533e-7,0.47562530636787415]}},{"t":1.0600000000000007,"j":false,"c":{"p":[-936.9431082872577,174.44367301798198,863.5251292595422],"r":[0.47562530636787415,3.0794136815051856e-8,-0.879647970199585,-1.320102116379456e-7,1,-3.637052887585087e-8,0.879647970199585,1.3342126219722607e-7,0.47562530636787415]}},{"t":1.0700000000000007,"j":false,"c":{"p":[-936.7358256288024,174.18882363201791,863.4130729160747],"r":[0.47562530636787415,3.2899724369078005e-8,-0.879647970199585,-1.410026737458276e-7,1,-3.8839079485256483e-8,0.879647970199585,1.4250556925882682e-7,0.47562530636787415]}},{"t":1.0800000000000007,"j":false,"c":{"p":[-936.5281262950057,173.9372239061293,863.3007913192479],"r":[0.47562530636787415,3.5005311923103704e-8,-0.879647970199585,-1.499951358537077e-7,1,-4.130763009466156e-8,0.879647970199585,1.5158987632042557e-7,0.47562530636787415]}},{"t":1.0900000000000007,"j":false,"c":{"p":[-936.3252152782593,173.64827999114823,863.1910982713327],"r":[0.47562530636787415,3.4192786625054065e-8,-0.879647970199585,-1.464900480646162e-7,1,-4.033612443560102e-8,0.879647970199585,1.4804456052105567e-7,0.47562530636787415]}},{"t":1.1000000000000008,"j":false,"c":{"p":[-936.1268300960293,173.32403899408024,863.0838518751099],"r":[0.47562530636787415,3.0729546600668404e-8,-0.879647970199585,-1.316326098921384e-7,1,-3.6239788356167485e-8,0.879647970199585,1.3302692373799562e-7,0.47562530636787415]}},{"t":1.1100000000000008,"j":false,"c":{"p":[-935.9313216976294,172.97736189718867,862.9781606590423],"r":[0.47562530636787415,2.5470745107591854e-8,-0.879647970199585,-1.0908522955992376e-7,1,-3.002673068339581e-8,0.879647970199585,1.1023807818995412e-7,0.47562530636787415]}},{"t":1.1200000000000008,"j":false,"c":{"p":[-935.7370410323733,172.62110968273672,862.8731331515929],"r":[0.47562530636787415,1.92715354034684e-8,-0.879647970199585,-8.251031529161681e-8,1,-2.270506024431946e-8,0.879647970199585,8.33791360956348e-8,0.47562530636787415]}},{"t":1.1300000000000008,"j":false,"c":{"p":[-935.5424735791302,172.2670941340495,862.7679506074732],"r":[0.47562530636787415,1.3072325699344948e-8,-0.879647970199585,-5.5935401023309887e-8,1,-1.538338980524311e-8,0.879647970199585,5.6520194001315464e-8,0.47562530636787415]}},{"t":1.1400000000000008,"j":false,"c":{"p":[-935.3481963974176,171.9137541478962,862.6629253800182],"r":[0.47562530636787415,6.873115995221492e-9,-0.879647970199585,-2.9360486755002942e-8,1,-8.061719366166754e-9,0.879647970199585,2.9661251906996137e-8,0.47562530636787415]}},{"t":1.1500000000000008,"j":false,"c":{"p":[-935.1530220246478,171.5583260869576,862.5574139074797],"r":[0.47562530700787736,8.603411041768943e-10,-0.8796479697729161,-3.5854595695669744e-9,1,-9.606050077974318e-10,0.8796479697729161,3.6108309923358647e-9,0.47562530700787736]}},{"t":1.1600000000000008,"j":false,"c":{"p":[-934.955762998233,171.19804631391435,862.4507726281093],"r":[0.475625308927887,-4.7795641607098114e-9,-0.8796479684929097,2.0589793450126306e-8,1,5.6993971891576204e-9,0.8796479684929097,-2.0822547563005527e-8,0.475625308927887]}},{"t":1.1700000000000008,"j":false,"c":{"p":[-934.7343778380025,170.7816166592137,862.3310558573397],"r":[0.4756253224117541,-7.050883880580187e-9,-0.879647959503665,3.0312337662346464e-8,1,8.374295890335289e-9,0.879647959503665,-3.064721268301322e-8,0.4756253224117541]}},{"t":1.1800000000000008,"j":false,"c":{"p":[-934.5131420767236,170.36553470769323,862.2114200553949],"r":[0.4756253362752164,-9.211626383896287e-9,-0.8796479502613568,3.956045713746464e-8,1,1.091837955168245e-8,0.8796479502613568,-3.999233205673338e-8,0.4756253362752164]}},{"t":1.1900000000000008,"j":false,"c":{"p":[-934.2919930320863,169.9496545758758,862.0918312507317],"r":[0.4756253503284764,-1.1317080278935274e-8,-0.8796479408925167,4.857136424403195e-8,1,1.3397055693114387e-8,0.8796479408925167,-4.909767855730987e-8,0.4756253503284764]}},{"t":1.2000000000000008,"j":false,"c":{"p":[-934.0708680217806,169.5338303802844,861.9722554718065],"r":[0.4756253643817364,-1.3422534173974258e-8,-0.8796479315236768,5.758227135059925e-8,1,1.5875731834546325e-8,0.8796479315236768,-5.820302505788636e-8,0.4756253643817364]}},{"t":1.2100000000000009,"j":false,"c":{"p":[-933.8443139164175,169.10665686797327,861.8497439636766],"r":[0.4756253784349964,-1.5527988069013245e-8,-0.8796479221548368,6.659317845716655e-8,1,1.8354407975978256e-8,0.8796479221548368,-6.730837155846284e-8,0.4756253784349964]}},{"t":1.2200000000000009,"j":true,"c":{"p":[-933.6857654291815,168.80144816322718,861.7640078306459],"r":[0.47562535769693265,-1.691897597558349e-8,-0.8796479323115131,7.254468385100725e-8,1,1.9991083207767253e-8,0.8796479323115131,-7.332204515295369e-8,0.47562535769693265]}},{"t":1.2300000000000009,"j":true,"c":{"p":[-933.5395592537401,168.63609325264866,861.6849337651556],"r":[0.475625034220714,-1.662133001494638e-8,-0.8796481086768166,7.125331172794907e-8,1,1.9631193417174663e-8,0.8796481086768166,-7.201492278883997e-8,0.475625034220714]}},{"t":1.2400000000000009,"j":true,"c":{"p":[-933.3500320837604,168.62848112284027,861.5824084596466],"r":[0.47562414005950937,-1.3660882308363816e-8,-0.8796485979338586,5.853558628382202e-8,1,1.6120174491462466e-8,0.8796485979338586,-5.915788141360498e-8,0.47562414005950937]}},{"t":1.2500000000000009,"j":true,"c":{"p":[-933.1127339576861,168.8249200884257,861.4540307748929],"r":[0.4756237100147033,-9.171517020628334e-9,-0.8796488398513611,3.925473458987084e-8,1,1.0798605430397674e-8,0.8796488398513611,-3.9666450267884066e-8,0.4756237100147033]}},{"t":1.260000000000001,"j":false,"c":{"p":[-932.858168869153,169.24586755192303,861.3163448397753],"r":[0.47562377620177737,-4.372350673286962e-9,-0.8796488117071396,1.864323292090045e-8,1,5.109777198818876e-9,0.8796488117071396,-1.8829830059851668e-8,0.47562377620177737]}},{"t":1.270000000000001,"j":false,"c":{"p":[-932.5954555064199,169.80838608310975,861.1743009636016],"r":[0.4756239729457633,5.712446041847686e-10,-0.8796487080374329,-2.58862061629158e-9,1,-7.502627818650237e-10,0.8796487080374329,2.6339190910550852e-9,0.4756239729457633]}},{"t":1.280000000000001,"j":false,"c":{"p":[-932.3337125577453,170.42953825176343,861.0328494556793],"r":[0.4756239345716934,5.493896682311402e-9,-0.8796487233784794,-2.3730527914907998e-8,1,-6.5854670902452e-9,0.8796487233784794,2.4006737065399368e-8,0.4756239345716934]}},{"t":1.290000000000001,"j":false,"c":{"p":[-932.0987538067438,170.9184692456053,860.9054515485622],"r":[0.47694130231539433,1.0148053390294294e-8,-0.8789133210646936,-4.2866038224215835e-8,1,-1.1914354149958012e-8,0.8789133210646936,4.331634281531822e-8,0.47694130231539433]}},{"t":1.300000000000001,"j":false,"c":{"p":[-931.8787945691848,171.34354163328817,860.7857756070756],"r":[0.47938218672142524,1.4689086056729045e-8,-0.8775507497489208,-6.078831430847104e-8,1,-1.6948848841524672e-8,0.8775507497489208,6.136971343705525e-8,0.47938218672142524]}},{"t":1.310000000000001,"j":false,"c":{"p":[-931.6678976819588,171.72999777433083,860.6707669756127],"r":[0.4825481228322672,1.9157115106991783e-8,-0.8757834403733207,-7.79276402392454e-8,1,-2.179335997916246e-8,0.8757834403733207,7.861238364653235e-8,0.4825481228322672]}},{"t":1.320000000000001,"j":false,"c":{"p":[-931.4601259819566,172.10308002825207,860.5573709985661],"r":[0.4860406456904016,2.3592260966458618e-8,-0.8738338238800524,-9.471430008811046e-8,1,-2.655229637708864e-8,0.8738338238800524,9.548988815967122e-8,0.4860406456904016]}},{"t":1.330000000000001,"j":false,"c":{"p":[-931.2515268988617,172.47979892508974,860.4435662150652],"r":[0.48953316854853607,2.802740682592545e-8,-0.8718842073867841,-1.1150095993697553e-7,1,-3.131123277501482e-8,0.8718842073867841,1.1236739267281011e-7,0.48953316854853607]}},{"t":1.340000000000001,"j":false,"c":{"p":[-931.0428610368086,172.85724605408583,860.3298106154476],"r":[0.49305608962735087,3.23915334173154e-8,-0.8699142729162206,-1.2801982596225217e-7,1,-3.599400199530343e-8,0.8699142729162206,1.289757153801804e-7,0.49305608962735087]}},{"t":1.350000000000001,"j":false,"c":{"p":[-930.8348078676394,173.2280116972597,860.2156037566883],"r":[0.4968833115241204,3.604472295769977e-8,-0.8677409457150388,-1.4185794693939087e-7,1,-3.991430111248628e-8,0.8677409457150388,1.4288939866983195e-7,0.4968833115241204]}},{"t":1.360000000000001,"j":false,"c":{"p":[-930.6280468631956,173.5846861366306,860.100445195762],"r":[0.5012887368361191,3.834705766414985e-8,-0.8651811510299156,-1.5060237164384233e-7,1,-4.2385827201095225e-8,0.8651811510299156,1.5168298492981476e-7,0.5012887368361191]}},{"t":1.370000000000001,"j":false,"c":{"p":[-930.4325599599227,173.81841521603414,859.9769830599852],"r":[0.509894851602718,3.0835334711747934e-8,-0.859813642240068,-1.2234072607260005e-7,1,-3.433191289459972e-8,0.859813642240068,1.2327869751321672e-7,0.509894851602718]}},{"t":1.380000000000001,"j":false,"c":{"p":[-930.2366460391651,174.05680096984477,859.8538354301361],"r":[0.518500966369317,2.332361175934602e-8,-0.8544461334502205,-9.407908050135775e-8,1,-2.6277998588104215e-8,0.8544461334502205,9.487441009661866e-8,0.518500966369317]}},{"t":1.390000000000001,"j":false,"c":{"p":[-930.040518609665,174.29751506085896,859.730845053251],"r":[0.5271070811359159,1.5811888806944106e-8,-0.8490786246603729,-6.581743493011544e-8,1,-1.8224084281608708e-8,0.8490786246603729,6.647012268002061e-8,0.5271070811359159]}},{"t":1.400000000000001,"j":false,"c":{"p":[-929.8443911801648,174.53822915187314,859.6078546763658],"r":[0.5357131959025148,8.300165854542193e-9,-0.8437111158705252,-3.755578935887314e-8,1,-1.0170169975113202e-8,0.8437111158705252,3.806583526342257e-8,0.5357131959025148]}},{"t":1.410000000000001,"j":false,"c":{"p":[-929.6483240412335,174.78022028941777,859.485006196448],"r":[0.5443193106691137,7.88442902140276e-10,-0.8383436070806776,-9.294143787630827e-9,1,-2.1162556686176933e-9,0.8383436070806776,9.661547846824503e-9,0.5443193106691137]}},{"t":1.420000000000001,"j":false,"c":{"p":[-929.4517468375675,175.01140747511974,859.3609572528293],"r":[0.5519300292803033,-6.29348605452156e-9,-0.8335963519229892,1.7076161565451315e-8,1,5.408792858226372e-9,0.8335963519229892,-1.6823811348295675e-8,0.5519300292803033]}},{"t":1.430000000000001,"j":false,"c":{"p":[-929.2535656792965,175.20862044708988,859.2331333191922],"r":[0.5571872450028292,-1.2359215174557909e-8,-0.8303156171120571,3.897460449200504e-8,1,1.1683397395146427e-8,0.8303156171120571,-3.877207936836569e-8,0.5571872450028292]}},{"t":1.440000000000001,"j":false,"c":{"p":[-929.0526866765505,175.34868894343904,859.0989598692197],"r":[0.5587328511034365,-1.6822338617083145e-8,-0.8293476693624791,5.3820662783661166e-8,1,1.5985979731869645e-8,0.8293476693624791,-5.356509325981232e-8,0.5587328511034365]}},{"t":1.450000000000001,"j":false,"c":{"p":[-928.8509466351151,175.4705193223475,858.9627599202137],"r":[0.5588279393693126,-2.065915478215558e-8,-0.8292835717539876,6.591060964864846e-8,1,1.951788474439924e-8,0.8292835717