{"v":1,"d":[{"t":0.06408071517944336,"c":{"r":[0.23514288663864136,8.293505260326128e-8,-0.9719607830047607,-7.740901253328047e-8,1,6.660029328031669e-8,0.9719607830047607,5.957794257938076e-8,0.23514288663864136],"p":[-957.0569458007812,168.7943878173828,876.3932495117188]},"j":false},{"t":0.03333333333333333,"j":false,"c":{"p":[-957.1118125455918,168.7943878173828,876.4065190714521],"r":[0.23514288663864136,1.264025950680258e-7,-0.9719607830047607,-1.1798029008774248e-7,1,1.0150653133529201e-7,0.9719607830047607,9.080368146726106e-8,0.23514288663864136]}},{"t":0.06666666666666667,"j":false,"c":{"p":[-957.0523313350342,168.7943878173828,876.3921335000239],"r":[0.23514288663864136,7.927929561408788e-8,-0.9719607830047607,-7.399684052931573e-8,1,6.366456890991623e-8,0.9719607830047607,5.695175976092474e-8,0.23514288663864136]}},{"t":0.1,"j":false,"c":{"p":[-956.9928501244766,168.7943878173828,876.3777479285957],"r":[0.23514288663864136,3.2155996160149934e-8,-0.9719607830047607,-3.001339097088896e-8,1,2.5822606484540425e-8,0.9719607830047607,2.3099838054588424e-8,0.23514288663864136]}},{"t":0.13333333333333333,"j":false,"c":{"p":[-956.8493197184829,168.79489864904806,876.3430328451636],"r":[0.23514288663864136,-1.4228442398263532e-8,-0.9719607830047607,1.3280433457603752e-8,1,-1.1426018574082812e-8,0.9719607830047607,-1.0221313880005696e-8,0.23514288663864136]}},{"t":0.16666666666666666,"j":false,"c":{"p":[-956.1221923066457,168.7989564489952,876.1671594523143],"r":[0.23514288663864136,-5.548258786909894e-8,-0.9719607830047607,5.1785834167164445e-8,1,-4.45547956211373e-8,0.9719607830047607,-3.985705695407073e-8,0.23514288663864136]}},{"t":0.19999999999999998,"j":false,"c":{"p":[-955.3898104664423,168.80569926345748,875.9887043750252],"r":[0.2385946756343857,-8.414002600267189e-8,-0.9710099986168339,7.837776890651027e-8,1,-6.773563858756428e-8,0.9710099986168339,-6.041483717007344e-8,0.2385946756343857]}},{"t":0.2333333333333333,"j":false,"c":{"p":[-954.616630425404,168.83328997112437,875.7902037146727],"r":[0.2688480062762912,-1.498987024206932e-8,-0.9626768141456578,1.2467162284116179e-8,1,-1.3675384289958739e-8,0.9626768141456578,-1.0486443433198806e-8,0.2688480062762912]}},{"t":0.26666666666666666,"j":false,"c":{"p":[-953.8442013067198,168.86202296105648,875.5834009132153],"r":[0.30131771673648383,4.530832124898185e-8,-0.9532145393302397,-4.4829293926273225e-8,1,3.344912580651309e-8,0.9532145393302397,3.277607432930226e-8,0.30131771673648383]}},{"t":0.3,"j":false,"c":{"p":[-953.077720653584,168.89980459185605,875.3108323237612],"r":[0.3513445806357743,3.5485275560551616e-8,-0.9348081240489611,-3.3888366235595434e-8,1,2.5631823065261176e-8,0.9348081240489611,2.3234552674714184e-8,0.3513445806357743]}},{"t":0.3333333333333333,"j":false,"c":{"p":[-952.3169358535367,168.9358225545044,875.0317482912881],"r":[0.39488628730645997,1.995015124248422e-8,-0.9187227698687369,-1.747899285624065e-8,1,1.4267217702135982e-8,0.9187227698687369,1.0516936789521756e-8,0.39488628730645997]}},{"t":0.36666666666666664,"j":false,"c":{"p":[-951.5888156798515,168.9617262181544,874.7152994412011],"r":[0.4012368595705571,-2.8342649808356022e-8,-0.9159482564796151,3.0290869009909635e-8,1,-1.74404886746431e-8,0.9159482564796151,-2.0414971094233562e-8,0.4012368595705571]}},{"t":0.39999999999999997,"j":false,"c":{"p":[-950.8609824210124,168.98478526637945,874.3967842754583],"r":[0.40758652087097474,-6.580480148284734e-8,-0.9131599313162586,6.719367751875718e-8,1,-4.211265743567346e-8,0.9131599313162586,-4.4251184512578225e-8,0.40758652087097474]}},{"t":0.4333333333333333,"j":false,"c":{"p":[-950.1350049993168,168.98944462900036,874.0649036621088],"r":[0.41393028982996977,-3.321159816449331e-8,-0.9102822681350731,3.3805660960874244e-8,1,-2.1277205359757735e-8,0.9102822681350731,-2.2190667511358406e-8,0.41393028982996977]}},{"t":0.4666666666666666,"j":false,"c":{"p":[-949.4090041581087,168.99355417889916,873.7325552441995],"r":[0.41945138573646545,-5.565040183780527e-10,-0.9077777862548828,4.268265386767672e-10,1,-4.158186621446392e-10,0.9077777862548828,-2.1304814661435847e-10,0.41945138573646545]}},{"t":0.49999999999999994,"j":false,"c":{"p":[-948.6828461446507,168.99397384402548,873.3970673119563],"r":[0.41945138573646545,3.251394978339151e-8,-0.9077777862548828,-3.289038504126055e-8,1,2.0619619602193355e-8,0.9077777862548828,2.1208231369615097e-8,0.41945138573646545]}},{"t":0.5333333333333333,"j":false,"c":{"p":[-947.9576995384496,168.99434095054423,873.0620466539467],"r":[0.4198580921816288,5.5124393952637025e-8,-0.9075881352226559,-5.5647443143177514e-8,1,3.502304587644285e-8,0.9075881352226559,3.584054525234125e-8,0.4198580921816288]}},{"t":0.5666666666666667,"j":false,"c":{"p":[-947.239326799747,168.99435604748308,872.7301555500538],"r":[0.42298870193283594,7.679260793026122e-9,-0.9061283025156097,-7.678213739226322e-9,1,5.0087856341422105e-9,0.9061283025156097,5.003980651245791e-9,0.42298870193283594]}},{"t":0.6,"j":false,"c":{"p":[-946.5205636603738,168.99436950683594,872.3966527521247],"r":[0.42646344481393433,-3.5832757781692574e-8,-0.9044992390168326,3.632774678294152e-8,1,-2.2476170107889535e-8,0.9044992390168326,-2.3257429347908336e-8,0.42646344481393433]}},{"t":0.6333333333333333,"j":false,"c":{"p":[-945.7985918098904,168.99436950683594,872.0499034078887],"r":[0.43276662494076706,-4.701842699514566e-8,-0.9014792641733448,4.7759519159845276e-8,1,-2.917272033771466e-8,0.9014792641733448,-3.035359090975873e-8,0.43276662494076706]}},{"t":0.6666666666666666,"j":false,"c":{"p":[-945.0750437445329,168.99436950683594,871.6999750652038],"r":[0.44103442123019254,-4.892041358258174e-8,-0.8974017598341527,4.9730208207166084e-8,1,-3.0371035660146234e-8,0.8974017598341527,-3.1656718879277996e-8,0.44103442123019254]}},{"t":0.7,"j":false,"c":{"p":[-944.3388247023786,168.99436950683594,871.3244911867573],"r":[0.4650954994007454,2.3807860640885303e-8,-0.8848229198441219,-2.4355463662214786e-8,1,1.2630210944329434e-8,0.8848229198441219,1.360956157436431e-8,0.4650954994007454]}},{"t":0.7333333333333333,"j":false,"c":{"p":[-943.6050446173482,168.99436950683594,870.9475136691937],"r":[0.4891525428141092,9.000580077507847e-8,-0.8721514153513957,-9.175068776169021e-8,1,5.1838016216704276e-8,0.8721514153513957,5.4807802358134126e-8,0.4891525428141092]}},{"t":0.7666666666666666,"j":false,"c":{"p":[-942.9140922602398,168.99436950683594,870.544308068692],"r":[0.5131387364854088,4.15320359877193e-8,-0.8578527358375292,-4.166263428677712e-8,1,2.4433550336462372e-8,0.8578527358375292,2.457186561659186e-8,0.5131387364854088]}},{"t":0.7999999999999999,"j":false,"c":{"p":[-942.2269531166205,168.99436950683594,870.1404779625798],"r":[0.5368337217696371,-6.814818508265955e-9,-0.8436589855551675,8.313013604498225e-9,1,-2.7164944931159976e-9,0.8436589855551675,-5.455033749162368e-9,0.5368337217696371]}},{"t":0.8333333333333333,"j":false,"c":{"p":[-941.6065275197934,168.99436950683594,869.725721905325],"r":[0.5554339111780219,-5.2941331634290717e-8,-0.8313010100638497,5.632208522474358e-8,1,-2.5415351179782388e-8,0.8313010100638497,-3.182474875023247e-8,0.5554339111780219]}},{"t":0.8666666666666666,"j":false,"c":{"p":[-940.9809797641274,168.99436950683594,869.3044654034071],"r":[0.5712517266271437,-8.104022306841807e-8,-0.8207723749077267,8.543339627667993e-8,1,-3.931973472201148e-8,0.8207723749077267,-4.772194477302648e-8,0.5712517266271437]}},{"t":0.8999999999999999,"j":false,"c":{"p":[-940.3318624600698,168.99436950683594,868.8532971885038],"r":[0.5742664838857595,-2.6185243837751015e-8,-0.8186614259090538,2.7586903751989127e-8,1,-1.2756462560296387e-8,0.8186614259090538,-1.542997864755015e-8,0.5742664838857595]}},{"t":0.9333333333333332,"j":false,"c":{"p":[-939.6675813551975,168.99436950683594,868.3908918130368],"r":[0.5747043651211798,1.8788679318484604e-8,-0.8183458579828654,-1.9906181769484333e-8,1,9.027865888126016e-9,0.8183458579828654,1.1168070227834019e-8,0.5747043651211798]}},{"t":0.9666666666666666,"j":false,"c":{"p":[-938.9645622056305,168.99436950683594,867.8997795432047],"r":[0.568559257053415,3.8520066218944615e-8,-0.8226168414813164,-4.0950044689561654e-8,1,1.8603715906873798e-8,0.8226168414813164,2.3220213125136003e-8,0.568559257053415]}},{"t":0.9999999999999999,"j":false,"c":{"p":[-938.2812780153413,168.99436950683594,867.426178025335],"r":[0.5649690628051758,2.982370947037176e-8,-0.8251121044158936,-3.181687524403028e-8,1,1.4359455469952688e-8,0.8251121044158936,1.8139839379617655e-8,0.5649690628051758]}},{"t":1.0333333333333332,"j":false,"c":{"p":[-937.6257256165308,168.99436950683594,866.977182817274],"r":[0.5649690628051758,-1.881963921162653e-8,-0.8251121044158936,1.9721406734049908e-8,1,-9.304982934924584e-9,0.8251121044158936,-1.1015343558620574e-8,0.5649690628051758]}},{"t":1.0666666666666667,"j":false,"c":{"p":[-936.9766376576458,168.99326494287274,866.532615176795],"r":[0.5649690628051758,-4.628729754926238e-8,-0.8251121044158936,4.886011902224769e-8,1,-2.2642792807677176e-8,0.8251121044158936,-2.7522596895942686e-8,0.5649690628051758]}},{"t":1.1,"j":false,"c":{"p":[-936.3333378914635,168.99117136375204,866.0920119345726],"r":[0.5649690628051758,-5.479446159278143e-8,-0.8251121044158936,5.79424880985343e-8,1,-2.673424621333396e-8,0.8251121044158936,-3.270502477866489e-8,0.5649690628051758]}},{"t":1.1333333333333335,"j":false,"c":{"p":[-935.6819173199642,168.97551890752382,865.6459401526249],"r":[0.5649690628051758,-1.5297517818747444e-8,-0.8251121044158936,1.624937872916991e-8,1,-7.413686525279027e-9,0.8251121044158936,-9.219055230878986e-9,0.5649690628051758]}},{"t":1.166666666666667,"j":false,"c":{"p":[-935.0251605939964,168.9509569577368,865.1962750112071],"r":[0.5649690628051758,5.574276734021679e-8,-0.8251121044158936,-5.8808130551168125e-8,1,2.7290829976017018e-8,0.8251121044158936,3.310482399218501e-8,0.5649690628051758]}},{"t":1.2000000000000004,"j":false,"c":{"p":[-934.35710455271,168.91989035524057,864.7388722165633],"r":[0.5649690628051758,5.0552109848504257e-8,-0.8251121044158936,-5.337807318734859e-8,1,2.471803649350546e-8,0.8251121044158936,3.007796689982317e-8,0.5649690628051758]}},{"t":1.2333333333333338,"j":false,"c":{"p":[-933.6846516051287,168.88629259509125,864.2784584663689],"r":[0.5649690628051758,1.569768051251031e-8,-0.8251121044158936,-1.6627862481407295e-8,1,7.639511087994988e-9,0.8251121044158936,9.403762834519034e-9,0.5649690628051758]}},{"t":1.2666666666666673,"j":false,"c":{"p":[-933.0078721577859,168.85295422376595,863.8150824569002],"r":[0.5649690628051758,-3.0993066680579624e-8,-0.8251121044158936,3.261954408814013e-8,1,-1.5227062367474734e-8,0.8251121044158936,-1.8311960962261694e-8,0.5649690628051758]}},{"t":1.3000000000000007,"j":false,"c":{"p":[-932.3297106719742,168.8196987104906,863.3507601960744],"r":[0.5649690628051758,-8.146475632333996e-8,-0.8251121044158936,8.585900113428289e-8,1,-3.9942544988534595e-8,0.8251121044158936,-4.8276997525425296e-8,0.5649690628051758]}},{"t":1.3333333333333341,"j":false,"c":{"p":[-931.6920383029513,168.80271098809038,862.9141229708409],"r":[0.5649690628051758,-4.795556642066401e-8,-0.8251121044158936,5.055981957535921e-8,1,-2.350084645109209e-8,0.8251121044158936,-2.8440266893872186e-8,0.5649690628051758]}},{"t":1.3666666666666676,"j":false,"c":{"p":[-931.063713261492,168.78947885193418,862.4838771198041],"r":[0.5649690628051758,4.9414702032756406e-9,-0.8251121044158936,-5.1794140939459355e-9,1,2.4424091562380835e-9,0.8251121044158936,2.89371208808471e-9,0.5649690628051758]}},{"t":1.400000000000001,"j":false,"c":{"p":[-930.4116853926809,168.7900797556024,862.0373117804277],"r":[0.5649690628051758,3.2641515060867096e-8,-0.8251121044158936,-3.4379565598305366e-8,1,1.601979145608334e-8,0.8251121044158936,1.931630958505647e-8,0.5649690628051758]}},{"t":1.4333333333333345,"j":false,"c":{"p":[-929.7552377871807,168.79326003061425,861.5877034352403],"r":[0.5649690628051758,5.564321455597923e-8,-0.8251121044158936,-5.8631119477584015e-8,1,2.7291376935181807e-8,0.8251121044158936,3.295846326167874e-8,0.5649690628051758]}},{"t":1.466666666666668,"j":false,"c":{"p":[-929.096416696214,168.79385475611798,861.1364694631728],"r":[0.5649690628051758,9.534138258650645e-9,-0.8251121044158936,-1.0066605109697526e-8,1,4.6621749537457064e-9,0.8251121044158936,5.672092885651005e-9,0.5649690628051758]}},{"t":1.5000000000000013,"j":false,"c":{"p":[-928.435250714977,168.79429893373955,860.6836294493967],"r":[0.5649690628051758,-3.7171921627241134e-8,-0.8251121044158936,3.912826490884765e-8,1,-1.8258929369597925e-8,0.8251121044158936,-2.1969475562126837e-8,0.5649690628051758]}},{"t":1.5333333333333348,"j":false,"c":{"p":[-927.7478932061396,168.79433282710784,860.2128505639059],"r":[0.5649690628051758,-5.475284549740781e-8,-0.8251121044158936,5.765246339448755e-8,1,-2.6882394172092493e-8,0.8251121044158936,-3.238202273194619e-8,0.5649690628051758]}},{"t":1.5666666666666682,"j":false,"c":{"p":[-927.0723610820507,168.7943572998047,859.7501710173776],"r":[0.5649690628051758,-4.798351218450653e-8,-0.8251121044158936,5.0533730993846343e-8,1,-2.3552580632231117e-8,0.8251121044158936,-2.8389510600691124e-8,0.5649690628051758]}},{"t":1.6000000000000016,"j":false,"c":{"p":[-926.4275485364941,168.7943572998047,859.3085316555541],"r":[0.5649690628051758,2.204208328981058e-8,-0.8251121044158936,-2.319932693669452e-8,1,1.0829049027182905e-8,0.8251121044158936,1.3023970054589158e-8,0.5649690628051758]}},{"t":1.633333333333335,"j":false,"c":{"p":[-925.7740432798969,168.7943572998047,858.8609385582101],"r":[0.5649690628051758,6.77656403840958e-8,-0.8251121044158936,-7.134566692636502e-8,1,3.327734980423988e-8,0.8251121044158936,4.0067501715036436e-8,0.5649690628051758]}},{"t":1.6666666666666685,"j":false,"c":{"p":[-925.091495251386,168.7943572998047,858.3934537398662],"r":[0.5649690628051758,3.2294900968288765e-8,-0.8251121044158936,-3.4005533282690894e-8,1,1.585581627049801e-8,0.8251121044158936,1.91003323274574e-8,0.5649690628051758]}},{"t":1.700000000000002,"j":false,"c":{"p":[-924.4229759619795,168.79600768202272,857.9356012416804],"r":[0.5649690628051758,-6.713143079946787e-9,-0.8251121044158936,7.059046541984684e-9,1,-3.3025822671800846e-9,0.8251121044158936,-3.958647410099382e-9,0.5649690628051758]}},{"t":1.7333333333333354,"j":false,"c":{"p":[-923.7878269031269,168.80158383652216,857.5006611907255],"r":[0.5649690628051758,-5.4135391016828126e-8,-0.8251121044158936,5.6982984775302435e-8,1,-2.659247011346761e-8,0.8251121044158936,-3.199342669280546e-8,0.5649690628051758]}},{"t":1.7666666666666688,"j":false,"c":{"p":[-923.1391906632972,168.81424087751762,857.058383951967],"r":[0.5605791704492772,-6.803824961570215e-8,-0.8280287552460612,7.194511393941534e-8,1,-3.31906745879161e-8,0.8280287552460612,-4.058366911493161e-8,0.5605791704492772]}},{"t":1.8000000000000023,"j":false,"c":{"p":[-922.4652439832727,168.84018611821082,856.6023375309445],"r":[0.5479510770843097,-1.9037637085788736e-8,-0.8364188787412028,2.1296884716084934e-8,1,-8.464775497005384e-9,0.8364188787412028,-1.2683722211465316e-8,0.5479510770843097]}},{"t":1.8333333333333357,"j":false,"c":{"p":[-921.8133477179537,168.87048890078952,856.1673878858692],"r":[0.5490943727728649,2.019842159473971e-8,-0.835622035670422,-1.9469080983113594e-8,1,1.1098625093916562e-8,0.835622035670422,9.788268857749551e-9,0.5490943727728649]}},{"t":1.8666666666666691,"j":false,"c":{"p":[-921.1830088869153,168.9050518038275,855.7530633567881],"r":[0.5637011710050508,4.988823224773287e-8,-0.8258436187549238,-5.057372061150859e-8,1,2.5614945000678437e-8,0.8258436187549238,2.6953656729775325e-8,0.5637011710050508]}},{"t":1.9000000000000026,"j":false,"c":{"p":[-920.5324345703029,168.9384935981547,855.3111820609703],"r":[0.5771405063949533,3.708186440554648e-8,-0.8165480013847697,-3.8386012371864736e-8,1,1.8622950248437554e-8,0.8165480013847697,2.1139327481883605e-8,0.5771405063949533]}},{"t":1.933333333333336,"j":false,"c":{"p":[-919.8631724193842,168.97090002845528,854.8438515962207],"r":[0.5895016688852995,-1.4970487401834654e-8,-0.807698258064611,1.3782956546016666e-8,1,-8.232359326837009e-9,0.807698258064611,-5.89718318439833e-9,0.5895016688852995]}},{"t":1.9666666666666694,"j":false,"c":{"p":[-919.2239458970685,168.98540545494424,854.3734812145681],"r":[0.6013539513564746,-4.88565867209456e-8,-0.7988707544222842,4.803742395222766e-8,1,-2.4788636159581435e-8,0.7988707544222842,-2.3161381617055608e-8,0.6013539513564746]}},{"t":2.0000000000000027,"j":false,"c":{"p":[-918.5986553807319,168.99160512897328,853.9017003646778],"r":[0.6129701224053217,-7.431386283657953e-8,-0.7900535696012257,7.397987620188446e-8,1,-3.6566342056484294e-8,0.7900535696012257,-3.589139821118659e-8,0.6129701224053217]}},{"t":2.033333333333336,"j":false,"c":{"p":[-917.9623761056093,168.99351392814165,853.3927480507521],"r":[0.6316960094605543,-2.046472960266021e-8,-0.7747458352564908,1.9895745280551854e-8,1,-1.1484874546713398e-8,0.7747458352564908,-1.02519741894252e-8,0.6316960094605543]}},{"t":2.066666666666669,"j":false,"c":{"p":[-917.3227816991739,168.9941282395624,852.8725817055812],"r":[0.6525667831783872,5.7309868378346985e-8,-0.757480006791853,-5.833111521574148e-8,1,2.471641116162457e-8,0.757480006791853,2.6962891292241153e-8,0.6525667831783872]}},{"t":2.1000000000000023,"j":false,"c":{"p":[-916.7048215768814,168.99433186955142,852.3384918023772],"r":[0.662692556626116,5.500063058677095e-8,-0.7488608078773789,-5.5544810364417255e-8,1,2.4430244619647038e-8,0.7488608078773789,2.5622936804879443e-8,0.662692556626116]}},{"t":2.1333333333333355,"j":false,"c":{"p":[-916.0958441285069,168.99436498234834,851.7986207611997],"r":[0.6683569467879936,1.9440143153374754e-8,-0.7438317371699162,-1.9121393113815234e-8,1,8.994286963585637e-9,0.7438317371699162,8.274808741440366e-9,0.6683569467879936]}},{"t":2.1666666666666687,"j":false,"c":{"p":[-915.5175167252771,168.99436950683594,851.277803784231],"r":[0.6759860374598313,-2.910893418858943e-8,-0.7368409555135206,3.0165014103579547e-8,1,-1.1513100307778498e-8,0.7368409555135206,-1.3937832219794212e-8,0.6759860374598313]}},{"t":2.200000000000002,"j":false,"c":{"p":[-914.9440401072766,168.99436950683594,850.7600023712781],"r":[0.6839260686268253,-7.971363199640908e-8,-0.7295397065005368,8.14871638930291e-8,1,-3.282311007948695e-8,0.7295397065005368,-3.692034830523531e-8,0.6839260686268253]}},{"t":2.233333333333335,"j":false,"c":{"p":[-914.3497333184247,168.99436950683594,850.1834169588717],"r":[0.6948287809941018,-4.311495647860005e-8,-0.7190397094321602,4.45584317016737e-8,1,-1.7234855138829195e-8,0.7190397094321602,-2.0620873254507863e-8,0.6948287809941018]}},{"t":2.2666666666666684,"j":false,"c":{"p":[-913.7553811026263,168.99436950683594,849.6023606928547],"r":[0.7046349048614502,7.884293745993709e-10,-0.709570050239563,2.2984004452311032e-10,1,1.3393780394929357e-9,0.709570050239563,-1.1068598964289323e-9,0.7046349048614502]}},{"t":2.3000000000000016,"j":false,"c":{"p":[-913.1735447284725,168.99436950683594,849.0250269217684],"r":[0.7046349048614502,4.406219673779628e-8,-0.709570050239563,-4.3515436521026976e-8,1,1.8884252905973546e-8,0.709570050239563,1.757074932559793e-8,0.7046349048614502]}},{"t":2.333333333333335,"j":false,"c":{"p":[-912.5903146728306,168.99436950683594,848.4463102543473],"r":[0.7046349048614502,5.8592432389995514e-8,-0.709570050239563,-5.861627520297974e-8,1,2.4365962749395482e-8,0.709570050239563,2.4423249121874293e-8,0.7046349048614502]}},{"t":2.366666666666668,"j":false,"c":{"p":[-912.0036862572285,168.99436950683594,847.8642215255384],"r":[0.7046349048614502,3.034295544816274e-9,-0.709570050239563,-3.8703722753954586e-9,1,4.327902417391538e-10,0.709570050239563,2.44134253456937e-9,0.7046349048614502]}},{"t":2.4000000000000012,"j":false,"c":{"p":[-911.4320043177706,168.99436950683594,847.2969636079679],"r":[0.7046349048614502,-4.281760542116261e-8,-0.709570050239563,4.136429013720341e-8,1,-1.9266431999931222e-8,0.709570050239563,-1.5775060690925966e-8,0.7046349048614502]}},{"t":2.4333333333333345,"j":false,"c":{"p":[-910.8767902345243,168.99436950683594,846.7460461083409],"r":[0.7046349048614502,-7.79752868752139e-8,-0.709570050239563,7.611957669659841e-8,1,-3.430073633618921e-8,0.709570050239563,-2.984267544422001e-8,0.7046349048614502]}},{"t":2.4666666666666677,"j":false,"c":{"p":[-910.32469056952,168.99436950683594,846.1962422173109],"r":[0.713643671902709,-5.0816011943119237e-8,-0.7002411761299823,4.9737145267875434e-8,1,-2.253059847391483e-8,0.7002411761299823,-1.9987333057585475e-8,0.713643671902709]}},{"t":2.500000000000001,"j":false,"c":{"p":[-909.775057465174,168.99436950683594,845.6473202833402],"r":[0.7297872129649934,2.5697120121361696e-8,-0.6835240092232162,-2.5065208666185212e-8,1,1.046815335631921e-8,0.6835240092232162,8.814541337963419e-9,0.7297872129649934]}},{"t":2.533333333333334,"j":false,"c":{"p":[-909.2535163606436,168.99436950683594,845.0401425997201],"r":[0.7610655309818876,4.3336597175806784e-8,-0.6466320603321702,-4.325615558842134e-8,1,1.5920731452571832e-8,0.6466320603321702,1.59613191104597e-8,0.7610655309818876]}},{"t":2.5666666666666673,"j":false,"c":{"p":[-908.7410544101167,168.99436950683594,844.414137031787],"r":[0.7972353117525687,4.194848687137976e-8,-0.6032197514161413,-4.3150659182269997e-8,1,1.2470563031105236e-8,0.6032197514161413,1.6109308669625057e-8,0.7972353117525687]}},{"t":2.6000000000000005,"j":false,"c":{"p":[-908.2803524188188,168.99436950683594,843.8037666389865],"r":[0.8007308840751648,-7.073532806125846e-9,-0.59902423620224,2.149878516339807e-9,1,-8.934628227208433e-9,0.59902423620224,5.866403903294378e-9,0.8007308840751648]}},{"t":2.6333333333333337,"j":false,"c":{"p":[-907.8231773328453,168.99450269930813,843.1923820772605],"r":[0.8007308840751648,-5.7859166614974436e-8,-0.59902423620224,4.9305655027492715e-8,1,-3.068090519339048e-8,0.59902423620224,-4.968132982285798e-9,0.8007308840751648]}},{"t":2.666666666666667,"j":false,"c":{"p":[-907.3353565086912,168.99666611321257,842.540042329063],"r":[0.8007308840751648,-5.785002458517112e-8,-0.59902423620224,5.104035759507108e-8,1,-2.834682166273329e-8,0.59902423620224,-7.876235194532698e-9,0.8007308840751648]}},{"t":2.7,"j":false,"c":{"p":[-906.8474454379601,169.01108501555905,841.8876327962445],"r":[0.8007308840751648,-3.843187290509559e-8,-0.59902423620224,3.538378579421053e-8,1,-1.6859053722989683e-8,0.59902423620224,-7.69618033000639e-9,0.8007308840751648]}},{"t":2.7333333333333334,"j":false,"c":{"p":[-906.3592157124947,169.0687772423393,841.2349768585144],"r":[0.8007308840751648,4.9518216568137936e-8,-0.59902423620224,-4.168023309630006e-8,1,2.6949772416285095e-8,0.59902423620224,3.387954263181073e-9,0.8007308840751648]}},{"t":2.7666666666666666,"j":false,"c":{"p":[-905.9035576054631,169.2188084533596,840.6258955573853],"r":[0.8007308840751648,8.14524612906656e-8,-0.59902423620224,-7.028809254283118e-8,1,4.2019359270388136e-8,0.59902423620224,8.458071683510317e-9,0.8007308840751648]}},{"t":2.8,"j":false,"c":{"p":[-905.4952800717562,169.50316132918647,840.0802004606827],"r":[0.8007308840751648,3.190279556743256e-8,-0.59902423620224,-2.8408800108483608e-8,1,1.5283174728662834e-8,0.59902423620224,4.77984943470923e-9,0.8007308840751648]}},{"t":2.833333333333333,"j":false,"c":{"p":[-905.0697860568139,169.8440576645737,839.5389754870514],"r":[0.788990948522376,-2.183208231895631e-8,-0.6136257736462231,1.613052437313449e-8,1,-1.498165670739598e-8,0.6136257736462231,3.950288147166673e-10,0.788990948522376]}},{"t":2.8666666666666663,"j":false,"c":{"p":[-904.6283250791282,170.23739371164473,839.0018962089056],"r":[0.7663631253100507,-7.944842272776432e-8,-0.6417691145040109,6.313682407546137e-8,1,-4.851903685574721e-8,0.6417691145040109,-4.645107471307521e-9,0.7663631253100507]}},{"t":2.8999999999999995,"j":false,"c":{"p":[-904.128346690584,170.4902692723775,838.4121087853487],"r":[0.7569952447629007,-6.439792454007728e-8,-0.653420430030269,5.163235937360374e-8,1,-3.873842347542751e-8,0.653420430030269,-4.412868226544711e-9,0.7569952447629007]}},{"t":2.9333333333333327,"j":false,"c":{"p":[-903.5870252627634,170.64390832694522,837.7850826170502],"r":[0.7569956244029785,1.9923017403382045e-9,-0.6534199919840252,-1.2104488289083408e-9,1,1.6467139524238762e-9,0.6534199919840252,-4.5565165537850606e-10,0.7569956244029785]}},{"t":2.966666666666666,"j":false,"c":{"p":[-903.068668432346,170.64631451997423,837.1845400084142],"r":[0.7569957971572876,4.218037066579762e-8,-0.6534197926521301,-3.3302019119558593e-8,1,2.5972404388239602e-8,0.6534197926521301,2.0991975413756015e-9,0.7569957971572876]}},{"t":2.999999999999999,"j":false,"c":{"p":[-902.5694875616015,170.52243784362972,836.6061117727482],"r":[0.7569957971572876,6.048904393018387e-8,-0.6534197926521301,-4.8065835111961767e-8,1,3.688809235453278e-8,0.6534197926521301,3.4830381745490086e-9,0.7569957971572876]}},{"t":3.0333333333333323,"j":false,"c":{"p":[-902.0389151573409,170.46694518612844,835.991314707799],"r":[0.7569957971572876,1.7826714823125316e-8,-0.6534197926521301,-1.440707638859203e-8,1,1.059138247054344e-8,0.6534197926521301,1.3962375302128018e-9,0.7569957971572876]}},{"t":3.0666666666666655,"j":false,"c":{"p":[-901.4969809011209,170.43620344110096,835.3633543084101],"r":[0.7569957971572876,-4.6903459500746745e-8,-0.6534197926521301,3.677774951860548e-8,1,-2.91739830688615e-8,0.6534197926521301,-1.946727053311587e-9,0.7569957971572876]}},{"t":3.0999999999999988,"j":false,"c":{"p":[-900.9918065356272,170.46744915593732,834.7777848690355],"r":[0.7569957971572876,-6.106768857962869e-8,-0.6534197926521301,4.807464823148693e-8,1,-3.7763444963692275e-8,0.6534197926521301,-2.826158611044996e-9,0.7569957971572876]}},{"t":3.133333333333332,"j":false,"c":{"p":[-900.4870603674842,170.50802045030534,834.1927365095535],"r":[0.7569957388007117,-6.089291953158005e-8,-0.653419858303278,4.806314718384202e-8,1,-3.7509300070732126e-8,0.653419858303278,-3.0110237687100836e-9,0.7569957388007117]}},{"t":3.166666666666665,"j":false,"c":{"p":[-899.964056935747,170.58496948046374,833.5868471808301],"r":[0.7569952248752592,2.1508809624841137e-8,-0.6534204364694121,-1.679090303949708e-8,1,1.3464808129839576e-8,0.6534204364694121,7.787744172568123e-10,0.7569952248752592]}},{"t":3.1999999999999984,"j":false,"c":{"p":[-899.4446659652112,170.6824668288674,832.9905562705696],"r":[0.7540532285175314,7.366887218292326e-8,-0.6567108825975202,-5.790801073164142e-8,1,4.566482215957433e-8,0.6567108825975202,3.3213457857014376e-9,0.7540532285175314]}},{"t":3.2333333333333316,"j":false,"c":{"p":[-898.9356706178964,170.83909632081287,832.4218868450243],"r":[0.7426464926450945,3.880212559307013e-8,-0.6694686214860194,-3.071703227051644e-8,1,2.3838398690638795e-8,0.6694686214860194,2.274757480695441e-9,0.7426464926450945]}},{"t":3.266666666666665,"j":false,"c":{"p":[-898.4206893358815,171.00398700751822,831.8517455406327],"r":[0.733164381010662,-2.338482768181764e-9,-0.6800476798906157,1.2793752169894972e-9,1,-2.067159316545676e-9,0.6800476798906157,5.60078256399185e-10,0.733164381010662]}},{"t":3.299999999999998,"j":false,"c":{"p":[-897.8842863415592,171.1984418218539,831.2763368608389],"r":[0.7305698731994711,-6.593120072563356e-8,-0.6828299498446461,5.0472849373850974e-8,1,-4.2570612375853724e-8,0.6828299498446461,-3.54548095325361e-9,0.7305698731994711]}},{"t":3.3333333333333313,"j":false,"c":{"p":[-897.3796143222261,171.43864614140995,830.7368402680586],"r":[0.728089300284408,-8.202356723251826e-8,-0.6854769341553955,6.31244821327342e-8,1,-5.259978623334366e-8,0.6854769341553955,-4.841073710659527e-9,0.728089300284408]}},{"t":3.3666666666666645,"j":false,"c":{"p":[-896.9260767683968,171.7525757876317,830.2552160027182],"r":[0.725792333451972,-2.1569118411924646e-8,-0.6879059056549457,1.6888938275082142e-8,1,-1.3519659821188217e-8,0.6879059056549457,-1.6084055915033774e-9,0.725792333451972]}},{"t":3.3999999999999977,"j":false,"c":{"p":[-896.4478528431654,172.098532526368,829.7492537690181],"r":[0.7241719961166382,2.540949205392694e-8,-0.6896193623542786,-1.9084551355298317e-8,1,1.6804914975470713e-8,0.6896193623542786,9.914273276057264e-10,0.7241719961166382]}},{"t":3.433333333333331,"j":false,"c":{"p":[-895.9105120017667,172.52118514366947,829.1850089464448],"r":[0.7241719961166382,4.0117259902619234e-8,-0.6896193623542786,-3.0483307438173576e-8,1,2.6162406257753962e-8,0.6896193623542786,2.0757979351525667e-9,0.7241719961166382]}},{"t":3.466666666666664,"j":false,"c":{"p":[-895.378806812857,172.87109975878326,828.6266718190108],"r":[0.7241719961166382,3.195496720096525e-8,-0.6896193623542786,-2.4477840723547076e-8,1,2.063283041024095e-8,0.6896193623542786,1.9386762266997823e-9,0.7241719961166382]}},{"t":3.4999999999999973,"j":false,"c":{"p":[-894.859540933284,173.06046322005864,828.0813744677953],"r":[0.7241719961166382,-2.6687329065194758e-8,-0.6896193623542786,1.9943144258784363e-8,1,-1.7756264987856604e-8,0.6896193623542786,-8.945877298216962e-10,0.7241719961166382]}},{"t":3.5333333333333306,"j":false,"c":{"p":[-894.3310203199395,173.22825749726206,827.5263667437375],"r":[0.7241719961166382,-5.9070151278990746e-8,-0.6896193623542786,4.452389150292462e-8,1,-3.890145639537713e-8,0.6896193623542786,-2.533191832462951e-9,0.7241719961166382]}},{"t":3.5666666666666638,"j":false,"c":{"p":[-893.7847153423509,173.3546033400256,826.9526990763642],"r":[0.7241719961166382,-4.099144073141854e-8,-0.6896193623542786,3.097863498085699e-8,1,-2.6909890211362625e-8,0.6896193623542786,-1.8760771695624736e-9,0.7241719961166382]}},{"t":3.599999999999997,"j":false,"c":{"p":[-893.2433476588889,173.50083007452818,826.3842182063034],"r":[0.7241721316297779,-7.485202376981958e-9,-0.6896192268411389,5.761998307027366e-9,1,-4.8034127269796216e-9,0.6896192268411389,-4.951064540965149e-10,0.7241721316297779]}},{"t":3.63333333333333,"j":false,"c":{"p":[-892.7112255059774,173.6842855799373,825.8254500841122],"r":[0.7241725209035488,5.4910479464887625e-8,-0.689618837567368,-4.1310355078889414e-8,1,3.624415253572999e-8,0.689618837567368,2.2413502981097066e-9,0.7241725209035488]}},{"t":3.6666666666666634,"j":false,"c":{"p":[-892.175826999262,173.88341307827383,825.2632571568107],"r":[0.7241727709770203,7.290226176663003e-8,-0.6896185874938965,-5.493208357143486e-8,1,4.802935905231547e-8,0.6896185874938965,3.1006322159224287e-9,0.7241727709770203]}},{"t":3.6999999999999966,"j":false,"c":{"p":[-891.6345425197923,174.1106953269513,824.6949115638404],"r":[0.7241727709770203,1.1122395912209435e-8,-0.6896185874938965,-8.459732326987889e-9,1,7.244709986605719e-9,0.6896185874938965,5.87567741465729e-10,0.7241727709770203]}},{"t":3.73333333333333,"j":false,"c":{"p":[-891.0936191444886,174.32209423162706,824.1269215755742],"r":[0.7241727709770203,-3.640425358895796e-8,-0.6896185874938965,2.7299955892102533e-8,1,-2.4121114159969893e-8,0.6896185874938965,-1.3587020316582531e-9,0.7241727709770203]}},{"t":3.766666666666663,"j":false,"c":{"p":[-890.5532480600306,174.5092003523386,823.5594754670008],"r":[0.7241727709770203,-6.213131821497083e-8,-0.6896185874938965,4.667515929932186e-8,1,-4.108131446978807e-8,0.6896185874938965,-2.438087524612707e-9,0.7241727709770203]}},{"t":3.7999999999999963,"j":false,"c":{"p":[-890.0177134418456,174.6754587446532,822.9967899120904],"r":[0.7252250259781652,-4.763078694014621e-8,-0.6885058457434686,3.577719784563594e-8,1,-3.150359248217314e-8,0.6885058457434686,-1.9493604847141495e-9,0.7252250259781652]}},{"t":3.8333333333333295,"j":false,"c":{"p":[-889.4895624128774,174.80988996111248,822.4413720544426],"r":[0.7278837056375941,2.8283186825597007e-8,-0.6856943372642113,-2.133727810685943e-8,1,1.8588237503825673e-8,0.6856943372642113,9.333248989305309e-10,0.7278837056375941]}},{"t":3.8666666666666627,"j":false,"c":{"p":[-888.9529875202954,174.94146051595732,821.8659515537673],"r":[0.7318139249626925,5.0983241540911046e-8,-0.6814744419831016,-3.8572290841194914e-8,1,3.339141634515495e-8,0.6814744419831016,1.9309610999576302e-9,0.7318139249626925]}},{"t":3.899999999999996,"j":false,"c":{"p":[-888.4105973351076,175.07105625436432,821.2767225173147],"r":[0.7366219333350598,3.694783564428762e-8,-0.6762822872103205,-2.8277091998976614e-8,1,2.3833584433923352e-8,0.6762822872103205,1.6272808177167205e-9,0.7366219333350598]}},{"t":3.933333333333329,"j":false,"c":{"p":[-887.8681500539835,175.17949566392912,820.6844712264118],"r":[0.7384551167488098,-1.142746145590768e-8,-0.6743026375770569,8.018912274384239e-9,1,-8.165261490444826e-9,0.6743026375770569,6.225050112557689e-10,0.7384551167488098]}},{"t":3.9666666666666623,"j":false,"c":{"p":[-887.3256675884957,175.2748978589791,820.0903575245076],"r":[0.7384551167488098,-8.096411085752633e-8,-0.6743026375770569,6.033745431839297e-8,1,-5.3992986508168034e-8,0.6743026375770569,-8.14308546781641e-10,0.7384551167488098]}},{"t":3.9999999999999956,"j":false,"c":{"p":[-886.783120946826,175.34049949580907,819.4961968128199],"r":[0.7384551167488098,-6.58735443219584e-8,-0.6743026375770569,4.932219299749337e-8,1,-4.3676711260508356e-8,0.6743026375770569,-1.004794830128754e-9,0.7384551167488098]}},{"t":4.033333333333329,"j":false,"c":{"p":[-886.2405379932541,175.38923950382426,818.9020095022506],"r":[0.7384551167488098,-2.899555864386422e-9,-0.6743026375770569,2.4716605423279005e-9,1,-1.593269583885211e-9,0.6743026375770569,-4.900893606100701e-10,0.7384551167488098]}},{"t":4.066666666666662,"j":false,"c":{"p":[-885.7084460871777,175.441105084963,818.3106708565037],"r":[0.7430286503585701,3.630571103660281e-8,-0.6691874139498692,-2.698808734145678e-8,1,2.4278949701013075e-8,0.6691874139498692,-2.2305489812996992e-10,0.7430286503585701]}},{"t":4.099999999999995,"j":false,"c":{"p":[-885.1819630475037,175.4946417024867,817.7208552026623],"r":[0.7500473486685305,6.28034209634809e-8,-0.6613374199429173,-4.7150137608681624e-8,1,4.148410493400503e-8,0.6613374199429173,-8.843367568408778e-11,0.7500473486685305]}},{"t":4.133333333333328,"j":false,"c":{"p":[-884.7001621603412,175.66326293536375,817.1591096934311],"r":[0.7606643870337535,2.562505385346212e-8,-0.6489275580383124,-1.885531788514526e-8,1,1.73798536895103e-8,0.6489275580383124,3.5775799159450155e-11,0.7606643870337535]}},{"t":4.166666666666662,"j":false,"c":{"p":[-884.241124374324,175.89051345515537,816.6116643802517],"r":[0.773114581906197,-4.399277511446305e-8,-0.6341946940326626,3.41256140954007e-8,1,-2.7769269949097054e-8,0.6341946940326626,1.5468106078921418e-10,0.773114581906197]}},{"t":4.199999999999995,"j":false,"c":{"p":[-883.7481799821004,176.1304165646245,816.007876582626],"r":[0.7768673901993229,-4.632338596390395e-8,-0.6296547165582812,3.5573396662084095e-8,1,-2.9681068588737928e-8,0.6296547165582812,6.282667203257113e-10,0.7768673901993229]}},{"t":4.233333333333328,"j":false,"c":{"p":[-883.2493922834184,176.37250016241882,815.3943789838704],"r":[0.7791213314321208,-3.70580313012738e-8,-0.6268713336346943,2.8140196479870107e-8,1,-2.4141548188269898e-8,0.6268713336346943,1.1629763462995173e-9,0.7791213314321208]}},{"t":4.266666666666661,"j":false,"c":{"p":[-882.7864509002634,176.2535091406357,814.8191950188688],"r":[0.7793389558792114,2.8415820705093694e-8,-0.6266025900840759,-2.2654557515247205e-8,1,1.7172353379342494e-8,0.6266025900840759,8.123203035109823e-10,0.7793389558792114]}},{"t":4.2999999999999945,"j":false,"c":{"p":[-882.3273404704511,176.0959294940396,814.2481056934733],"r":[0.7793389558792114,9.989676514525411e-8,-0.6266025900840759,-7.808343044498175e-8,1,6.230952054892566e-8,0.6266025900840759,3.670438089882963e-10,0.7793389558792114]}},{"t":4.333333333333328,"j":false,"c":{"p":[-881.8690657105296,175.62908800139303,813.678002160043],"r":[0.7793389558792114,5.045738424792062e-8,-0.6266025900840759,-3.92312700610202e-8,1,3.1731320681499824e-8,0.6266025900840759,-1.4703839737766132e-10,0.7793389558792114]}},{"t":4.366666666666661,"j":false,"c":{"p":[-881.410886821754,175.12676684406583,813.1080117203188],"r":[0.7793389558792114,-1.285442433757264e-8,-0.6266025900840759,1.0437159741327455e-8,1,-7.533226590068328e-9,0.6266025900840759,-6.690142499061982e-10,0.7793389558792114]}},{"t":4.399999999999994,"j":false,"c":{"p":[-880.9586689425906,174.81430585022642,812.5454293882524],"r":[0.7793389558792114,-4.170082313004156e-8,-0.6266025900840759,3.295153606641257e-8,1,-2.556709619139174e-8,0.6266025900840759,-7.220840567688904e-10,0.7793389558792114]}},{"t":4.433333333333327,"j":false,"c":{"p":[-880.5068864504813,174.51571208067512,811.9833881380463],"r":[0.7793389558792114,-6.80298978087919e-8,-0.6266025900840759,5.348260350255619e-8,1,-4.205029521688726e-8,0.6266025900840759,-7.409053662856446e-10,0.7793389558792114]}},{"t":4.466666666666661,"j":false,"c":{"p":[-880.0488914166065,174.5096528105503,811.4137211511814],"r":[0.7793389023974528,-1.1950044119614656e-8,-0.6266026435658345,9.213908621254048e-9,1,-7.611345310611417e-9,0.6266026435658345,1.5836266464398223e-10,0.7793389023974528]}},{"t":4.499999999999994,"j":false,"c":{"p":[-879.5901532397615,174.5385864571718,810.8431419752634],"r":[0.7793388425182173,5.3987548657383774e-8,-0.6266027034450701,-4.280612052114027e-8,1,3.291890159347781e-8,0.6266027034450701,1.1674523539383902e-9,0.7793388425182173]}},{"t":4.533333333333327,"j":false,"c":{"p":[-879.0902129612673,174.78023731037544,810.2212790565229],"r":[0.7793388366699219,4.4215861615306785e-8,-0.6266027092933655,-3.497881583120668e-8,1,2.7059425266466008e-8,0.6266027092933655,8.293592636941598e-10,0.7793388366699219]}},{"t":4.56666666666666,"j":false,"c":{"p":[-878.5858129776215,175.0449126206831,809.593865198318],"r":[0.7793388366699219,2.6249421108857595e-8,-0.6266027092933655,-2.0673650733303135e-8,1,1.61787369286176e-8,0.6266027092933655,3.454474471834927e-10,0.7793388366699219]}},{"t":4.599999999999993,"j":false,"c":{"p":[-878.1210422409473,175.29225003249164,809.0158636825672],"r":[0.7793388669596267,-4.384126593340357e-8,-0.6266026790036606,3.481762061366484e-8,1,-2.6662093278371797e-8,0.6266026790036606,-1.0380069930493766e-9,0.7793388669596267]}},{"t":4.633333333333327,"j":false,"c":{"p":[-877.6562556176551,175.53109866126118,808.4378456275679],"r":[0.7793388962745667,-1.0346679406403212e-7,-0.6266026496887207,8.200595030429099e-8,1,-6.312830459779332e-8,0.6266026496887207,-2.186804356109931e-9,0.7793388962745667]}},{"t":4.66666666666666,"j":false,"c":{"p":[-877.1633114607678,175.7134849573832,807.8247453818373],"r":[0.7793388962745667,-4.1500196819405185e-8,-0.6266026496887207,3.284374390573696e-8,1,-2.538097770214297e-8,0.6266026496887207,-7.995944638371634e-10,0.7793388962745667]}},{"t":4.699999999999993,"j":false,"c":{"p":[-876.6685104701543,175.87795959840892,807.2096166769026],"r":[0.7786390730856003,1.8667823697496548e-8,-0.627454630726915,-1.4878794573040622e-8,1,1.129186943513675e-8,0.627454630726915,6.350598890639625e-10,0.7786390730856003]}},{"t":4.733333333333326,"j":false,"c":{"p":[-876.1576214898901,175.88724397238929,806.5769129838459],"r":[0.7718758377219167,6.32526051906101e-8,-0.6356883508687325,-5.012775382501975e-8,1,3.86552027536266e-8,0.6356883508687325,2.480782815759839e-9,0.7718758377219167]}},{"t":4.7666666666666595,"j":false,"c":{"p":[-875.6483451685477,175.90758771696827,805.9510773545435],"r":[0.7647970469062657,9.03678097357735e-8,-0.644232722800731,-7.157876997074889e-8,1,5.527493774151659e-8,0.644232722800731,3.5447410129582556e-9,0.7647970469062657]}},{"t":4.799999999999993,"j":false,"c":{"p":[-875.1491540859184,175.99709450092146,805.3681931897605],"r":[0.7557448369023744,8.231856854876669e-9,-0.6547198474241568,-6.7402749881836235e-9,1,4.7064084665762805e-9,0.6547198474241568,-2.802973457954289e-10,0.7557448369023744]}},{"t":4.833333333333326,"j":false,"c":{"p":[-874.6517892379692,176.11781985093225,804.7903044313033],"r":[0.7475112312445376,-6.161752446457159e-8,-0.6642470944198662,4.841776931952886e-8,1,-3.827476443195219e-8,0.6642470944198662,-3.5357904415352565e-9,0.7475112312445376]