{"v":1,"d":[{"t":0.06258010864257812,"c":{"r":[-0.13917525112628937,-6.388594986361795e-9,-0.9902677536010742,-1.5587540147521395e-8,1,-4.260661157218237e-9,0.9902677536010742,1.48428593860217e-8,-0.13917525112628937],"p":[-957,169.2770233154297,875.9999389648438]},"j":false},{"t":0.02500000000000001,"j":false,"c":{"p":[-957.4618613573294,169.2770233154297,875.9349932792414],"r":[-0.13917525112628937,6.913156526574285e-9,-0.9902677536010742,1.256878618548427e-9,1,6.804451022558482e-9,0.9902677536010742,-2.976358595031647e-10,-0.13917525112628937]}},{"t":0.05,"j":false,"c":{"p":[-957.1546101451775,169.2770233154297,875.9781981075058],"r":[-0.13917525112628937,-1.9357744593950082e-9,-0.9902677536010742,-9.948795988646001e-9,1,-5.565656026302947e-10,0.9902677536010742,9.774511210057685e-9,-0.13917525112628937]}},{"t":0.07500000000000001,"j":false,"c":{"p":[-956.8473589330255,169.2770233154297,876.0214029357701],"r":[-0.13917525112628937,-1.0784705445364306e-8,-0.9902677536010742,-2.1154470595840433e-8,1,-7.917582227819074e-9,0.9902677536010742,1.9846658279618542e-8,-0.13917525112628937]}},{"t":0.1,"j":false,"c":{"p":[-956.5401077208734,169.2770233154297,876.0646077640345],"r":[-0.13917525112628937,-1.9633636431333597e-8,-0.9902677536010742,-3.236014520303486e-8,1,-1.527859885300785e-8,0.9902677536010742,2.991880534917939e-8,-0.13917525112628937]}},{"t":0.125,"j":false,"c":{"p":[-956.2328565087214,169.2770233154297,876.1078125922987],"r":[-0.13917525112628937,-2.8482567417302893e-8,-0.9902677536010742,-4.3565819810229286e-8,1,-2.2639615478196622e-8,0.9902677536010742,3.999095241874024e-8,-0.13917525112628937]}},{"t":0.15,"j":false,"c":{"p":[-955.7181496006098,169.2770233154297,876.1801683615704],"r":[-0.13917525112628937,-1.441137779385467e-8,-0.9902677536010742,-1.8729400586083583e-8,1,-1.1920722554290639e-8,0.9902677536010742,1.6888051434750703e-8,-0.13917525112628937]}},{"t":0.175,"j":false,"c":{"p":[-955.107655558055,169.2770233154297,876.2659838003513],"r":[-0.13917525112628937,1.0242566205734928e-8,-0.9902677536010742,2.2748494165995924e-8,1,7.1460863846081385e-9,0.9902677536010742,-2.1532543157847338e-8,-0.13917525112628937]}},{"t":0.19999999999999998,"j":false,"c":{"p":[-954.5082154876067,169.2770233154297,876.349782055111],"r":[-0.14059540606654436,2.9687464380132414e-8,-0.9900580451509907,5.484644940383452e-8,1,2.2185149182414806e-8,0.9900580451509907,-5.117054499524751e-8,-0.14059540606654436]}},{"t":0.22499999999999998,"j":false,"c":{"p":[-953.9416401237914,169.2770233154297,876.4275829941147],"r":[-0.1462378419240184,3.364528141908783e-8,-0.9892248498109428,5.905678583823698e-8,1,2.524926812805126e-8,0.9892248498109428,-5.4696907360887225e-8,-0.1462378419240184]}},{"t":0.24999999999999997,"j":false,"c":{"p":[-953.3750647599761,169.2770233154297,876.5053839331183],"r":[-0.15188027778149246,3.7603098458043245e-8,-0.9883916544708948,6.326712227263944e-8,1,2.831338707368772e-8,0.9883916544708948,-5.822326972652695e-8,-0.15188027778149246]}},{"t":0.27499999999999997,"j":false,"c":{"p":[-952.7711955783192,169.2770233154297,876.6053206555915],"r":[-0.16901988787461983,1.1121263489288961e-8,-0.9853434136438656,1.3428276458292121e-8,1,1.052404369090392e-8,0.9853434136438656,-1.2334508680872194e-8,-0.16901988787461983]}},{"t":0.3,"j":false,"c":{"p":[-952.1582371189404,169.2770233154297,876.7106523280909],"r":[-0.18896159803931922,-2.2779346677715898e-8,-0.9817553202417262,-4.95834772674594e-8,1,-1.2347721431804929e-8,0.9817553202417262,4.5597743922746195e-8,-0.18896159803931922]}},{"t":0.325,"j":false,"c":{"p":[-951.5576180261165,169.2770233154297,876.8271690857562],"r":[-0.21199050641944692,-3.825425504024793e-8,-0.9768949249551117,-7.603875508789274e-8,1,-2.338353521001628e-8,0.9768949249551117,6.969198882920537e-8,-0.21199050641944692]}},{"t":0.35000000000000003,"j":false,"c":{"p":[-950.976110287511,169.2770233154297,876.9610094332197],"r":[-0.23980090324752576,-2.519122246876865e-8,-0.9700639737344715,-4.5874938492702236e-8,1,-1.608769009395927e-8,0.9700639737344715,4.13775344506401e-8,-0.23980090324752576]}},{"t":0.37500000000000006,"j":false,"c":{"p":[-950.3946025489055,169.2770233154297,877.0948497806833],"r":[-0.26761130007560463,-1.2128189897289376e-8,-0.9632330225138315,-1.5711121897511733e-8,1,-8.791844977902258e-9,0.9632330225138315,1.3063080072074816e-8,-0.26761130007560463]}},{"t":0.4000000000000001,"j":false,"c":{"p":[-949.8265612488839,169.2770233154297,877.2609165359721],"r":[-0.2982178058400516,7.71081375965801e-9,-0.9536625912241833,2.3830782193347188e-8,1,-1.2961190411739766e-9,0.9536625912241833,-2.2113340110565358e-8,-0.2982178058400516]}},{"t":0.4250000000000001,"j":false,"c":{"p":[-949.2639845466487,169.2770233154297,877.4400605689518],"r":[-0.32995895537904607,3.0299464724205204e-8,-0.9429804958053707,6.717825639476961e-8,1,6.28071730075929e-9,0.9429804958053707,-6.007430372764863e-8,-0.32995895537904607]}},{"t":0.4500000000000001,"j":false,"c":{"p":[-948.7013867945618,169.2770233154297,877.6193277832965],"r":[-0.3616596901938333,5.27726265053904e-8,-0.9323092933526089,1.1028944156743016e-7,1,1.382618636417437e-8,0.9323092933526089,-9.782611813620747e-8,-0.3616596901938333]}},{"t":0.47500000000000014,"j":false,"c":{"p":[-948.130044258583,169.2770233154297,877.8497684893957],"r":[-0.37657085170650445,2.7267875590372938e-8,-0.9261633785413439,5.523858192353678e-8,1,8.340681387831423e-9,0.9261633785413439,-4.8690639943414527e-8,-0.37657085170650445]}},{"t":0.5000000000000001,"j":false,"c":{"p":[-947.5587017226042,169.2770233154297,878.0802091954951],"r":[-0.3914820132191755,1.763124675355529e-9,-0.9200174637300789,1.8772227964351914e-10,1,2.855176411488488e-9,0.9200174637300789,4.4483824937830154e-10,-0.3914820132191755]}},{"t":0.5250000000000001,"j":false,"c":{"p":[-946.9973301161688,169.2770233154297,878.3164064275186],"r":[-0.4022839636318931,-1.4959714985492914e-8,-0.9155012363303507,-3.518169280157589e-8,1,-8.523169084225946e-10,0.9155012363303507,3.1848480019662847e-8,-0.4022839636318931]}},{"t":0.5500000000000002,"j":false,"c":{"p":[-946.4505815202369,169.2770233154297,878.5610459756462],"r":[-0.4070594912508863,-1.8803316060816222e-8,-0.9133750505042089,-4.168700155171278e-8,1,-1.952241594551398e-9,0.9133750505042089,3.724724139029913e-8,-0.4070594912508863]}},{"t":0.5750000000000002,"j":false,"c":{"p":[-945.9038329243051,169.2770233154297,878.8056855237736],"r":[-0.41183501886987955,-2.264691713613953e-8,-0.9112488646780669,-4.8192310301849666e-8,1,-3.0521662806802016e-9,0.9112488646780669,4.26460027609354e-8,-0.41183501886987955]}},{"t":0.6000000000000002,"j":false,"c":{"p":[-945.3518392504172,169.2770233154297,879.0552382601916],"r":[-0.41310349106788635,-7.736509377570436e-9,-0.9106841087341309,-1.493928291789869e-8,1,-1.7185330834520029e-9,0.9106841087341309,1.2895034046475713e-8,-0.41310349106788635]}},{"t":0.6250000000000002,"j":false,"c":{"p":[-944.7979484763229,169.2770233154297,879.3065680551392],"r":[-0.41310349106788635,1.3957064299795497e-8,-0.9106841087341309,3.26939974051163e-8,1,4.952973581101429e-10,0.9106841087341309,-2.9569293890532955e-8,-0.41310349106788635]}},{"t":0.6500000000000002,"j":false,"c":{"p":[-944.2485322863197,169.2770233154297,879.5558674925602],"r":[-0.41310349106788635,3.262785836930356e-8,-0.9106841087341309,7.360315478703639e-8,1,2.4400761593949132e-9,0.9106841087341309,-6.602121642219171e-8,-0.41310349106788635]}},{"t":0.6750000000000003,"j":false,"c":{"p":[-943.7377319140038,169.2770233154297,879.787644873296],"r":[-0.41310349106788635,2.5211958376143613e-8,-0.9106841087341309,5.648289528784388e-8,1,2.0629298660649344e-9,0.9106841087341309,-5.0585869375092184e-8,-0.41310349106788635]}},{"t":0.7000000000000003,"j":false,"c":{"p":[-943.2269315416878,169.2770233154297,880.019422254032],"r":[-0.41310349106788635,1.7796058382983662e-8,-0.9106841087341309,3.936263578865136e-8,1,1.6857835727349556e-9,0.9106841087341309,-3.515052232799265e-8,-0.41310349106788635]}},{"t":0.7250000000000003,"j":false,"c":{"p":[-942.6945011008728,169.2770233154297,880.261014350836],"r":[-0.41310349106788635,4.136935128711859e-9,-0.9106841087341309,8.41836829963159e-9,1,7.239368071554082e-10,0.9106841087341309,-7.367412188393655e-9,-0.41310349106788635]}},{"t":0.7500000000000003,"j":false,"c":{"p":[-942.1333598723772,169.2770233154297,880.515634063766],"r":[-0.41310349106788635,-1.780916407749596e-8,-0.9106841087341309,-4.0875270496456877e-8,1,-1.01401527293357e-9,0.9106841087341309,3.680556765923224e-8,-0.41310349106788635]}},{"t":0.7750000000000004,"j":false,"c":{"p":[-941.5722186438818,169.2770233154297,880.7702537766959],"r":[-0.41310349106788635,-3.9755263283703775e-8,-0.9106841087341309,-9.016890929254533e-8,1,-2.7519673530225477e-9,0.9106841087341309,8.097854750685813e-8,-0.41310349106788635]}},{"t":0.8000000000000004,"j":false,"c":{"p":[-941.017288510182,169.2770233154297,881.0220551845476],"r":[-0.41310349106788635,-2.5930306455796482e-8,-0.9106841087341309,-5.847748280159503e-8,1,-1.9469480925920963e-9,0.9106841087341309,5.245022459580894e-8,-0.41310349106788635]}},{"t":0.8250000000000004,"j":false,"c":{"p":[-940.4636024838134,169.2770233154297,881.2732920745286],"r":[-0.41310349106788635,-4.940262872203518e-9,-0.9106841087341309,-1.0564421194725933e-8,1,-6.325614191709056e-10,0.9106841087341309,9.359537604133214e-9,-0.41310349106788635]}},{"t":0.8500000000000004,"j":false,"c":{"p":[-939.9071266251459,169.2770233154297,881.5257948602645],"r":[-0.41310349106788635,1.3663763947194292e-8,-0.9106841087341309,3.18749886895199e-8,1,5.447501020781278e-10,0.9106841087341309,-2.8803007774827887e-8,-0.41310349106788635]}},{"t":0.8750000000000004,"j":false,"c":{"p":[-939.3396028701032,169.2770233154297,881.7833106660042],"r":[-0.41310349106788635,2.281902713622289e-8,-0.9106841087341309,5.263842290664741e-8,1,1.179236136135542e-9,0.9106841087341309,-4.7449828899758355e-8,-0.41310349106788635]}},{"t":0.9000000000000005,"j":false,"c":{"p":[-938.7720791150607,169.2770233154297,882.0408264717441],"r":[-0.41310349106788635,3.1974290325251485e-8,-0.9106841087341309,7.340185712377491e-8,1,1.813722170192956e-9,0.9106841087341309,-6.609665002468883e-8,-0.41310349106788635]}},{"t":0.9250000000000005,"j":false,"c":{"p":[-938.230474997057,169.2770233154297,882.2865811553155],"r":[-0.41310349106788635,1.903412541988108e-8,-0.9106841087341309,4.3497719274469224e-8,1,1.1695238289344055e-9,0.9106841087341309,-3.912954806694566e-8,-0.41310349106788635]}},{"t":0.9500000000000005,"j":false,"c":{"p":[-937.7038170570355,169.2770233154297,882.5255539605397],"r":[-0.41310349106788635,-6.647043551084781e-9,-0.9106841087341309,-1.5623129784696165e-8,1,-2.1200907560621636e-10,0.9106841087341309,1.4140152643859166e-8,-0.41310349106788635]}},{"t":0.9750000000000005,"j":false,"c":{"p":[-937.1764772258547,169.2770233154297,882.7648361761626],"r":[-0.41310349106788635,-3.094139407012422e-8,-0.9106841087341309,-7.154429128968664e-8,1,-1.5221491014875463e-9,0.9106841087341309,6.452544147569029e-8,-0.41310349106788635]}},{"t":1.0000000000000004,"j":false,"c":{"p":[-936.6330285967409,169.2770233154297,883.0114278128316],"r":[-0.41310349106788635,-2.2473949828465046e-8,-0.9106841087341309,-5.1876966931494657e-8,1,-1.145724577580714e-9,0.9106841087341309,4.677022507196518e-8,-0.41310349106788635]}},{"t":1.0250000000000004,"j":false,"c":{"p":[-936.0895799676273,169.2770233154297,883.2580194495005],"r":[-0.41310349106788635,-1.400650558680587e-8,-0.9106841087341309,-3.2209642573302683e-8,1,-7.69300053673882e-10,0.9106841087341309,2.901500866824007e-8,-0.41310349106788635]}},{"t":1.0500000000000003,"j":false,"c":{"p":[-935.5457441566634,169.2770233154297,883.5047867712314],"r":[-0.41310349106788635,-1.3622217247254364e-9,-0.9106841087341309,-2.905988327547372e-9,1,-1.7761067276594706e-10,0.9106841087341309,2.5730667850843494e-9,-0.41310349106788635]}},{"t":1.0750000000000002,"j":false,"c":{"p":[-935.0012186092182,169.2770233154297,883.7518670632021],"r":[-0.41310349106788635,1.8722800030044594e-8,-0.9106841087341309,4.35640911240717e-8,1,7.975574921061595e-10,0.9106841087341309,-3.9343648685780445e-8,-0.41310349106788635]}},{"t":1.1,"j":false,"c":{"p":[-934.456693061773,169.2770233154297,883.998947355173],"r":[-0.41310349106788635,3.880782178481463e-8,-0.9106841087341309,9.003417057569079e-8,1,1.7727256569782663e-9,0.9106841087341309,-8.126036415664524e-8,-0.41310349106788635]}},{"t":1.125,"j":false,"c":{"p":[-933.919097701934,169.2770233154297,884.2428830512929],"r":[-0.41310349106788635,3.1851796844871293e-8,-0.9106841087341309,7.383651705522808e-8,1,1.482045279031826e-9,0.9106841087341309,-6.662950042401434e-8,-0.41310349106788635]}},{"t":1.15,"j":false,"c":{"p":[-933.3847077665165,169.2770233154297,884.4853642753395],"r":[-0.41310349106788635,1.2388458050997523e-8,-0.9106841087341309,2.865311406858925e-8,1,6.058711073237945e-10,0.9106841087341309,-2.5843646140800106e-8,-0.41310349106788635]}},{"t":1.1749999999999998,"j":false,"c":{"p":[-932.8453545988515,169.2770233154297,884.7300975826514],"r":[-0.41310349106788635,-5.7728544320156366e-9,-0.9106841087341309,-1.3502544956678924e-8,1,-2.1402148129536606e-10,0.9106841087341309,1.2208140147798413e-8,-0.41310349106788635]}},{"t":1.1999999999999997,"j":false,"c":{"p":[-932.2720747483432,169.2770233154297,884.9902252359987],"r":[-0.41310349106788635,-1.5034032587600862e-8,-0.9106841087341309,-3.496174973944718e-8,1,-6.49195538904079e-10,0.9106841087341309,3.157092437136384e-8,-0.41310349106788635]}},{"t":1.2249999999999996,"j":false,"c":{"p":[-931.698794897835,169.2770233154297,885.2503528893459],"r":[-0.41310349106788635,-2.4295210743186087e-8,-0.9106841087341309,-5.642095452221544e-8,1,-1.084369596512792e-9,0.9106841087341309,5.093370859492928e-8,-0.41310349106788635]}},{"t":1.2499999999999996,"j":false,"c":{"p":[-931.1462459521875,169.2770233154297,885.501073825139],"r":[-0.41310349106788635,-1.6740542808087815e-8,-0.9106841087341309,-3.883063617487785e-8,1,-7.680730975755386e-10,0.9106841087341309,3.50451485959761e-8,-0.41310349106788635]}},{"t":1.2749999999999995,"j":false,"c":{"p":[-930.608339937023,169.2770233154297,885.745150482154],"r":[-0.41310349106788635,2.691718843631863e-9,-0.9106841087341309,6.341664551816505e-9,1,7.901215338302745e-11,0.9106841087341309,-5.74261316671223e-9,-0.41310349106788635]}},{"t":1.2999999999999994,"j":false,"c":{"p":[-930.0703623064106,169.2770233154297,885.9892596349184],"r":[-0.41310349106788635,2.1291605721857763e-8,-0.9106841087341309,4.9577889436358343e-8,1,8.903274693190931e-10,0.9106841087341309,-4.478199813423402e-8,-0.41310349106788635]}},{"t":1.3249999999999993,"j":false,"c":{"p":[-929.5309206845304,169.2770233154297,886.2340330786268],"r":[-0.41310349106788635,2.2875758697214886e-8,-0.9106841087341309,5.323608721712002e-8,1,9.704196446125844e-10,0.9106841087341309,-4.808037405647555e-8,-0.41310349106788635]}},{"t":1.3499999999999992,"j":false,"c":{"p":[-928.9914790626503,169.2770233154297,886.4788065223352],"r":[-0.41310349106788635,2.445991167257201e-8,-0.9106841087341309,5.6894284997881704e-8,1,1.0505118199060755e-9,0.9106841087341309,-5.137874997871707e-8,-0.41310349106788635]}},{"t":1.3749999999999991,"j":false,"c":{"p":[-928.4526641767724,169.2770233154297,886.7232955824821],"r":[-0.41310349106788635,1.2325063247601274e-8,-0.9106841087341309,2.864265277889016e-8,1,5.410042447397851e-10,0.9106841087341309,-2.5860916946245303e-8,-0.41310349106788635]}},{"t":1.399999999999999,"j":false,"c":{"p":[-927.9144408188887,169.2770233154297,886.9675162348194],"r":[-0.41310349106788635,-1.2758097310244791e-8,-0.9106841087341309,-2.9726218070452383e-8,1,-5.249812678247921e-10,0.9106841087341309,2.6854323327752653e-8,-0.41310349106788635]}},{"t":1.424999999999999,"j":false,"c":{"p":[-927.376217461005,169.2770233154297,887.2117368871568],"r":[-0.41310349106788635,-3.7841257868090855e-8,-0.9106841087341309,-8.809508891979493e-8,1,-1.5909667803893697e-9,0.9106841087341309,7.956956360175062e-8,-0.41310349106788635]}},{"t":1.4499999999999988,"j":false,"c":{"p":[-926.8265049088745,169.2770233154297,887.4611707998862],"r":[-0.41310349106788635,-2.4907513716493782e-8,-0.9106841087341309,-5.797429940372329e-8,1,-1.0520966161341625e-9,0.9106841087341309,5.2361648299953514e-8,-0.41310349106788635]}},{"t":1.4749999999999988,"j":false,"c":{"p":[-926.2765162484164,169.2770233154297,887.7107299976946],"r":[-0.41310349106788635,-1.1060147272899575e-8,-0.9106841087341309,-2.5726926281253623e-8,1,-4.746585586486444e-10,0.9106841087341309,2.323301964342967e-8,-0.41310349106788635]}},{"t":1.4999999999999987,"j":false,"c":{"p":[-925.7264128058774,169.2770233154297,887.9603412782569],"r":[-0.41310349106788635,4.614786783144575e-9,-0.9106841087341309,1.0774323432608427e-8,1,1.7994811574860586e-10,0.9106841087341309,-9.73766798608318e-9,-0.41310349106788635]}},{"t":1.5249999999999986,"j":false,"c":{"p":[-925.1760734833698,169.2770233154297,888.2100595901454],"r":[-0.41310349106788635,2.4045416743309648e-8,-0.9106841087341309,5.601739302886119e-8,1,9.93138175235259e-10,0.9106841087341309,-5.0603880273587925e-8,-0.41310349106788635]}},{"t":1.5499999999999985,"j":false,"c":{"p":[-924.6257341608621,169.2770233154297,888.4597779020339],"r":[-0.41310349106788635,4.347604670347471e-8,-0.9106841087341309,1.0126046262511396e-7,1,1.8063282347219118e-9,0.9106841087341309,-9.147009256109266e-8,-0.41310349106788635]}},{"t":1.5749999999999984,"j":false,"c":{"p":[-924.0908819222635,169.2770233154297,888.7024688976983],"r":[-0.41310349106788635,3.3808351183356716e-8,-0.9106841087341309,7.873684027027561e-8,1,1.4076078774698521e-9,0.9106841087341309,-7.112290050961007e-8,-0.41310349106788635]}},{"t":1.5999999999999983,"j":false,"c":{"p":[-923.5633239112137,169.2770233154297,888.9418501131679],"r":[-0.41310349106788635,1.0435699417777562e-8,-0.9106841087341309,2.4295932890955046e-8,1,4.380925015808274e-10,0.9106841087341309,-2.1944941936184568e-8,-0.41310349106788635]}},{"t":1.6249999999999982,"j":false,"c":{"p":[-923.0333303260056,169.2770233154297,889.1825417896689],"r":[-0.4133373174885597,-1.1365820555881117e-8,-0.9105770530821373,-2.647886044977703e-8,1,-4.5400791318771116e-10,0.9105770530821373,2.3919777308670264e-8,-0.4133373174885597]}},{"t":1.6499999999999981,"j":false,"c":{"p":[-922.478886488987,169.2770233154297,889.4363889277238],"r":[-0.415918481536187,-1.7395056279286426e-8,-0.9093952867136262,-4.045025320513761e-8,1,-5.689547000469619e-10,0.9093952867136262,3.652353604844982e-8,-0.415918481536187]}},{"t":1.674999999999998,"j":false,"c":{"p":[-921.9244426519684,169.2770233154297,889.6902360657788],"r":[-0.41849964558381436,-2.3424292002691734e-8,-0.9082135203451153,-5.442164596049819e-8,1,-6.839014869062125e-10,0.9082135203451153,4.912729478822939e-8,-0.41849964558381436]}},{"t":1.699999999999998,"j":false,"c":{"p":[-921.3797407595662,169.2770233154297,889.9410385581514],"r":[-0.41945239901542664,-1.390674951582833e-8,-0.9077773094177246,-3.274225685795722e-8,1,-1.9049930920397012e-10,0.9077773094177246,2.964277471995669e-8,-0.41945239901542664]}},{"t":1.7249999999999979,"j":false,"c":{"p":[-920.8407387017587,169.2770233154297,890.1900596837154],"r":[-0.41945239901542664,4.706930115237788e-9,-0.9077773094177246,9.79575624317758e-9,1,6.588367821582789e-10,0.9077773094177246,-8.616013612249268e-9,-0.41945239901542664]}},{"t":1.7499999999999978,"j":false,"c":{"p":[-920.299972428081,169.2770233154297,890.43989588413],"r":[-0.41945239901542664,2.1517921960680022e-8,-0.9077773094177246,4.8242251090674765e-8,1,1.4128954814807297e-9,0.9077773094177246,-4.320057872574036e-8,-0.41945239901542664]}},{"t":1.7749999999999977,"j":false,"c":{"p":[-919.7441880567424,169.2770233154297,890.6966705062616],"r":[-0.41945239901542664,2.298331938635788e-8,-0.9077773094177246,5.185920963016627e-8,1,1.3558940364589814e-9,0.9077773094177246,-4.65078812030029e-8,-0.41945239901542664]}},{"t":1.7999999999999976,"j":false,"c":{"p":[-919.1884036854038,169.2770233154297,890.9534451283931],"r":[-0.41945239901542664,2.4448716812035738e-8,-0.9077773094177246,5.547616816965779e-8,1,1.2988925914372331e-9,0.9077773094177246,-4.981518368026545e-8,-0.41945239901542664]}},{"t":1.8249999999999975,"j":false,"c":{"p":[-918.6321256850423,169.2770233154297,891.210447809125],"r":[-0.41945239901542664,1.2787341231211973e-8,-0.9077773094177246,2.92708878897308e-8,1,5.613684575061436e-10,0.9077773094177246,-2.6335981448163606e-8,-0.41945239901542664]}},{"t":1.8499999999999974,"j":false,"c":{"p":[-918.0753386801898,169.2770233154297,891.4676856519856],"r":[-0.41945239901542664,-1.2409677724516344e-8,-0.9077773094177246,-2.7685528949116745e-8,1,-8.778751638454752e-10,0.9077773094177246,2.4764066731878193e-8,-0.41945239901542664]}},{"t":1.8749999999999973,"j":false,"c":{"p":[-917.5185516753372,169.2770233154297,891.7249234948462],"r":[-0.41945239901542664,-3.7606696680244665e-8,-0.9077773094177246,-8.46419457879643e-8,1,-2.3171187851970942e-9,0.9077773094177246,7.586411491192e-8,-0.41945239901542664]}},{"t":1.8999999999999972,"j":false,"c":{"p":[-916.9820368528392,169.2770233154297,891.9727955076613],"r":[-0.41945239901542664,-3.141122834576158e-8,-0.9077773094177246,-7.084127985662574e-8,1,-1.8690512623213336e-9,0.9077773094177246,6.352412701517763e-8,-0.41945239901542664]}},{"t":1.9249999999999972,"j":false,"c":{"p":[-916.4533572107545,169.2770233154297,892.2170476355109],"r":[-0.41945239901542664,-1.3082591650873422e-8,-0.9077773094177246,-2.9693064493946688e-8,1,-6.915396641900338e-10,0.9077773094177246,2.6664621713078057e-8,-0.41945239901542664]}},{"t":1.949999999999997,"j":false,"c":{"p":[-915.9175352617574,169.2770233154297,892.4645995379728],"r":[-0.41945239901542664,5.474854014685939e-9,-0.9077773094177246,1.1968841669594692e-8,1,5.006674276572806e-10,0.9077773094177246,-1.0655036633864035e-8,-0.41945239901542664]}},{"t":1.974999999999997,"j":false,"c":{"p":[-915.3663841345679,169.2770233154297,892.7192335826126],"r":[-0.41945239901542664,2.4523380997053678e-8,-0.9077773094177246,5.473325685706029e-8,1,1.7244147269712852e-9,0.9077773094177246,-4.896229858101363e-8,-0.41945239901542664]}},{"t":1.999999999999997,"j":false,"c":{"p":[-914.8152330073782,169.2770233154297,892.9738676272523],"r":[-0.41945239901542664,4.357190797942142e-8,-0.9077773094177246,9.74976720445259e-8,1,2.9481620262852903e-9,0.9077773094177246,-8.726956052816322e-8,-0.41945239901542664]}},{"t":2.024999999999997,"j":false,"c":{"p":[-914.2619740765153,169.2770233154297,893.2294754856939],"r":[-0.41945239901542664,2.8218502179595194e-8,-0.9077773094177246,6.319549289387656e-8,1,1.8848238069969877e-9,0.9077773094177246,-5.657684105076351e-8,-0.41945239901542664]}},{"t":2.0499999999999967,"j":false,"c":{"p":[-913.708336614714,169.2770233154297,893.4852582269566],"r":[-0.41945239901542664,6.687008700391872e-9,-0.9077773094177246,1.5053272255258927e-8,1,4.1075823254472945e-10,0.9077773094177246,-1.3492726653340625e-8,-0.41945239901542664]}},{"t":2.0749999999999966,"j":false,"c":{"p":[-913.1562870108263,169.2770233154297,893.7403073714562],"r":[-0.41945239901542664,-1.3789976309374177e-8,-0.9077773094177246,-3.0734209849107205e-8,1,-9.897124807501841e-10,0.9077773094177246,2.748467918469885e-8,-0.41945239901542664]}},{"t":2.0999999999999965,"j":false,"c":{"p":[-912.6287228632508,169.2770233154297,893.9840441363414],"r":[-0.41945239901542664,-1.8005984291833023e-8,-0.9077773094177246,-4.021060454114372e-8,1,-1.2553185805384322e-9,0.9077773094177246,3.597572717902574e-8,-0.41945239901542664]}},{"t":2.1249999999999964,"j":false,"c":{"p":[-912.1011587156754,169.2770233154297,894.2277809012267],"r":[-0.41945239901542664,-2.2221992274291873e-8,-0.9077773094177246,-4.968699923318025e-8,1,-1.5209246803266804e-9,0.9077773094177246,4.4466775173352626e-8,-0.41945239901542664]}},{"t":2.1499999999999964,"j":false,"c":{"p":[-911.556694519165,169.2770233154297,894.4793255569109],"r":[-0.41945239901542664,-1.5595042903557013e-8,-0.9077773094177246,-3.4927560834293174e-8,1,-1.0405562062533084e-9,0.9077773094177246,3.126998364272076e-8,-0.41945239901542664]}},{"t":2.1749999999999963,"j":false,"c":{"p":[-910.993949861715,169.2770233154297,894.7393158593105],"r":[-0.41945239901542664,2.7605268474407954e-9,-0.9077773094177246,6.047316458590225e-9,1,2.467187514625866e-10,0.9077773094177246,-5.386130688012452e-9,-0.41945239901542664]}},{"t":2.199999999999996,"j":false,"c":{"p":[-910.4333666828811,169.2770233154297,894.998307549868],"r":[-0.41945239901542664,2.03345052728008e-8,-0.9077773094177246,4.5278701045449695e-8,1,1.4786066546169614e-9,0.9077773094177246,-4.048277398466512e-8,-0.41945239901542664]}},{"t":2.224999999999996,"j":false,"c":{"p":[-909.9059484788951,169.2770233154297,895.241976888226],"r":[-0.41945239901542664,2.5916018696075924e-8,-0.9077773094177246,5.7758540966277974e-8,1,1.8606548888682038e-9,0.9077773094177246,-5.165143703829928e-8,-0.41945239901542664]}},{"t":2.249999999999996,"j":false,"c":{"p":[-909.3785302749089,169.2770233154297,895.4856462265841],"r":[-0.41945239901542664,3.149753211935105e-8,-0.9077773094177246,7.023838088710626e-8,1,2.242703123119446e-9,0.9077773094177246,-6.282010009193343e-8,-0.41945239901542664]}},{"t":2.274999999999996,"j":false,"c":{"p":[-908.8351246485838,169.2770233154297,895.7367018185715],"r":[-0.41945239901542664,2.5529774016619294e-8,-0.9077773094177246,5.695806567549342e-8,1,1.8050429038862141e-9,0.9077773094177246,-5.094810825046866e-8,-0.41945239901542664]}},{"t":2.299999999999996,"j":false,"c":{"p":[-908.2557774569489,169.2770233154297,896.0043625587552],"r":[-0.41945239901542664,-6.402075609118268e-9,-0.9077773094177246,-1.4234042847015636e-8,1,-4.754162538365146e-10,0.9077773094177246,1.2721927398281747e-8,-0.41945239901542664]}},{"t":2.3249999999999957,"j":false,"c":{"p":[-907.676430265314,169.2770233154297,896.272023298939],"r":[-0.41945239901542664,-3.833392523485583e-8,-0.9077773094177246,-8.542615136952469e-8,1,-2.7558754115592427e-9,0.9077773094177246,7.639196304703215e-8,-0.41945239901542664]}},{"t":2.3499999999999956,"j":false,"c":{"p":[-907.1382739753423,169.2770233154297,896.5206536763503],"r":[-0.41945239901542664,-3.825319482073277e-8,-0.9077773094177246,-8.526367817137046e-8,1,-2.742016695594981e-9,0.9077773094177246,7.625028643648767e-8,-0.41945239901542664]}},{"t":2.3749999999999956,"j":false,"c":{"p":[-906.6228195874515,169.2770233154297,896.7587956833986],"r":[-0.41945239901542664,-2.0529091038079492e-8,-0.9077773094177246,-4.577492994991618e-8,1,-1.4636704931129607e-9,0.9077773094177246,4.093950245396337e-8,-0.41945239901542664]}},{"t":2.3999999999999955,"j":false,"c":{"p":[-906.1072695633338,169.2770233154297,896.9969818747697],"r":[-0.41945239901542664,-2.801910508578081e-9,-0.9077773094177246,-6.279326702280998e-9,1,-1.8510243985430692e-10,0.9077773094177246,5.622588690357988e-9,-0.41945239901542664]}},{"t":2.4249999999999954,"j":false,"c":{"p":[-905.5648286705134,169.2770233154297,897.2475917559854],"r":[-0.41945239901542664,1.579038565921946e-8,-0.9077773094177246,3.5143763804709756e-8,1,1.1558453234380165e-9,0.9077773094177246,-3.141788886784306e-8,-0.41945239901542664]}},{"t":2.4499999999999953,"j":false,"c":{"p":[-905.0223877776929,169.2770233154297,897.4982016372011],"r":[-0.41945239901542664,3.4382681827017e-8,-0.9077773094177246,7.656685431170051e-8,1,2.4967930867303403e-9,0.9077773094177246,-6.845836642604411e-8,-0.41945239901542664]}},{"t":2.474999999999995,"j":false,"c":{"p":[-904.4702474492703,169.2770233154297,897.7532926968017],"r":[-0.41945239901542664,3.4299587029516114e-8,-0.9077773094177246,7.639215201091829e-8,1,2.4859804364358322e-9,0.9077773094177246,-6.830431102667424e-8,-0.41945239901542664]}},{"t":2.499999999999995,"j":false,"c":{"p":[-903.9081640117096,169.2770233154297,898.0129775129445],"r":[-0.41945239901542664,1.5071929786554922e-8,-0.9077773094177246,3.3574618645367345e-8,1,1.0894478460714744e-9,0.9077773094177246,-3.00213050656223e-8,-0.41945239901542664]}},{"t":2.524999999999995,"j":false,"c":{"p":[-903.3460805741488,169.2770233154297,898.2726623290872],"r":[-0.41945239901542664,-4.1557274564062765e-9,-0.9077773094177246,-9.242914720183614e-9,1,-3.070847442928831e-10,0.9077773094177246,8.261700895429639e-9,-0.41945239901542664]}},{"t":2.549999999999995,"j":false,"c":{"p":[-902.8139561837545,169.2770233154297,898.5185059445553],"r":[-0.41945239901542664,-1.4371602694064063e-8,-0.9077773094177246,-3.199673174599316e-8,1,-1.0470590057730773e-9,0.9077773094177246,2.8606715934545388e-8,-0.41945239901542664]}},{"t":2.574999999999995,"j":false,"c":{"p":[-902.2918812254468,169.2770233154297,898.75970668185],"r":[-0.41945239901542664,-2.1564575009013326e-8,-0.9077773094177246,-4.802039631936807e-8,1,-1.5667980140986163e-9,0.9077773094177246,4.293462967743263e-8,-0.41945239901542664]}},{"t":2.5999999999999948,"j":false,"c":{"p":[-901.7660671501429,169.2770233154297,899.0026349062844],"r":[-0.41945239901542664,-2.5155322259154057e-8,-0.9077773094177246,-5.602236470661458e-8,1,-1.8249032561136764e-9,0.9077773094177246,5.0090372316788244e-8,-0.41945239901542664]}},{"t":2.6249999999999947,"j":false,"c":{"p":[-901.2175049442044,169.2770233154297,899.2560728588599],"r":[-0.41945239901542664,-6.830765325047333e-9,-0.9077773094177246,-1.5221743352854474e-8,1,-4.91274647409659e-10,0.9077773094177246,1.3611886509143663e-8,-0.41945239901542664]}},{"t":2.6499999999999946,"j":false,"c":{"p":[-900.668942738266,169.2770233154297,899.5095108114353],"r":[-0.41945239901542664,1.1493791609059398e-8,-0.9077773094177246,2.5578878000905638e-8,1,8.423539612943585e-10,0.9077773094177246,-2.2866599298500926e-8,-0.41945239901542664]}},{"t":2.6749999999999945,"j":false,"c":{"p":[-900.1057554024368,169.2770233154297,899.7697056330322],"r":[-0.41945239901542664,2.1589211017425992e-8,-0.9077773094177246,4.805859180412811e-8,1,1.5762888452900822e-9,0.9077773094177246,-4.296532299006258e-8,-0.41945239901542664]}},{"t":2.6999999999999944,"j":false,"c":{"p":[-899.527586267552,169.2770233154297,900.0368221062439],"r":[-0.41945239901542664,2.325480547828263e-8,-0.9077773094177246,5.1770598414772644e-8,1,1.695905022665762e-9,0.9077773094177246,-4.628482444982469e-8,-0.41945239901542664]}},{"t":2.7249999999999943,"j":false,"c":{"p":[-898.9494171326672,169.2770233154297,900.3039385794557],"r":[-0.41945239901542664,2.4920399939139266e-8,-0.9077773094177246,5.548260502541719e-8,1,1.8155212000414415e-9,0.9077773094177246,-4.960432590958681e-8,-0.41945239901542664]}},{"t":2.7499999999999942,"j":false,"c":{"p":[-898.4298829100294,169.2770233154297,900.5439654866192],"r":[-0.4175004005218482,3.2761653486945647e-9,-0.9086710029819737,6.946463671805806e-9,1,1.7948398117780762e-10,0.9086710029819737,-6.13082018760983e-9,-0.4175004005218482]}},{"t":2.774999999999994,"j":false,"c":{"p":[-897.922754795809,169.2770233154297,900.7782607216357],"r":[-0.4151353937365514,-2.330001601752815e-8,-0.9097537862681179,-5.26444599509316e-8,1,-1.828018386053476e-9,0.9097537862681179,4.724325667931306e-8,-0.4151353937365514]}},{"t":2.799999999999994,"j":false,"c":{"p":[-897.409939950068,169.2770233154297,901.0129277981192],"r":[-0.410399587083039,-4.3627555540619876e-8,-0.9118206802492849,-9.834170492730447e-8,1,-3.295814884107215e-9,0.9118206802492849,8.81921112989712e-8,-0.410399587083039]}},{"t":2.824999999999994,"j":false,"c":{"p":[-896.8624402078998,169.2770233154297,901.2498628351581],"r":[-0.39120363797727103,-2.5842957301190776e-8,-0.9198899285538181,-5.92976880596293e-8,1,-1.4718009449941839e-9,0.9198899285538181,5.335621238242563e-8,-0.39120363797727103]}},{"t":2.849999999999994,"j":false,"c":{"p":[-896.3149404657316,169.2770233154297,901.486797872197],"r":[-0.37200768887150315,-8.058359061761676e-9,-0.9279591768583513,-2.025367119195412e-8,1,3.522129941188481e-10,0.9279591768583513,1.8520313465880052e-8,-0.37200768887150315]}},{"t":2.874999999999994,"j":false,"c":{"p":[-895.7539954467335,169.2770233154297,901.7103446869618],"r":[-0.35510696572203715,9.351617699850785e-9,-0.9346959478309559,1.9341707797405146e-8,1,3.281251145741154e-9,0.9346959478309559,-1.7198134409679068e-8,-0.35510696572203715]}},{"t":2.8999999999999937,"j":false,"c":{"p":[-895.1772167657936,169.2770233154297,901.9181250293683],"r":[-0.34090918668678866,2.632042616788249e-8,-0.9398635435544851,5.95863914870344e-8,1,7.511607227769846e-9,0.9398635435544851,-5.395590501846398e-8,-0.34090918668678866]}},{"t":2.9249999999999936,"j":false,"c":{"p":[-894.6004380848536,169.2770233154297,902.1259053717749],"r":[-0.32671140765154016,4.3289234635914194e-8,-0.9450311392780143,9.983107517666365e-8,1,1.1741963309798537e-8,0.9450311392780143,-9.071367562724887e-8,-0.32671140765154016]}},{"t":2.9499999999999935,"j":false,"c":{"p":[-894.0229178744065,169.2770233154297,902.3184220954885],"r":[-0.3083646600767746,2.924276987623001e-8,-0.9509523977521623,6.890542651730169e-8,1,6.683574711593101e-9,0.9509523977521623,-6.268154212818156e-8,-0.3083646600767746]}},{"t":2.9749999999999934,"j":false,"c":{"p":[-893.4450595297661,169.2770233154297,902.5039786762211],"r":[-0.2881260010989366,1.0534769581633084e-9,-0.9572173231252967,5.526419378824928e-9,1,-2.6104406004291576e-9,0.9572173231252967,-5.105497361016806e-9,-0.2881260010989366]}},{"t":2.9999999999999933,"j":false,"c":{"p":[-892.8673879234656,169.27647932536826,902.6882542448764],"r":[-0.26892149448394775,-2.54485408464947e-8,-0.9631621241569519,-5.415949749873535e-8,1,-1.1300163239123687e-8,0.9631621241569519,4.912551648360228e-8,-0.26892149448394775]}},{"t":3.0249999999999932,"j":false,"c":{"p":[-892.2931841018095,169.26583328351202,902.8487410510638],"r":[-0.26892149448394775,-2.061737483722181e-8,-0.9631621241569519,-4.52636667601882e-8,1,-8.767997247849952e-9,0.9631621241569519,4.1238344665147014e-8,-0.26892149448394775]}},{"t":3.049999999999993,"j":false,"c":{"p":[-891.7189802801535,169.2551872416558,903.0092278572513],"r":[-0.26892149448394775,-1.5786208827948918e-8,-0.9631621241569519,-3.6367836021641056e-8,1,-6.235831256576218e-9,0.9631621241569519,3.335117284669174e-8,-0.26892149448394775]}},{"t":3.074999999999993,"j":false,"c":{"p":[-891.1508117378775,169.2385913124076,903.1679596912542],"r":[-0.26892149448394775,-5.8568730973064435e-9,-0.9631621241569519,-1.6090027448857005e-8,1,-1.5884335579443249e-9,0.9631621241569519,1.5070142153908872e-8,-0.26892149448394775]}},{"t":3.099999999999993,"j":false,"c":{"p":[-890.5930084705851,169.21177676442517,903.3236774528114],"r":[-0.26892149448394775,1.2828301054022376e-8,-0.9631621241569519,2.373572955857418e-8,1,6.691763373382615e-9,0.9631621241569519,-2.106179461788562e-8,-0.26892149448394775]}},{"t":3.124999999999993,"j":false,"c":{"p":[-890.0352052032929,169.18496221644276,903.4793952143685],"r":[-0.26892149448394775,3.1513475205351195e-8,-0.9631621241569519,6.356148656600537e-8,1,1.4971960304709555e-8,0.9631621241569519,-5.719373138968012e-8,-0.26892149448394775]}},{"t":3.149999999999993,"j":false,"c":{"p":[-889.4493755768603,169.15604554727253,903.6399505588513],"r":[-0.26647641575383,2.6655185941495407e-8,-0.9638356109881538,5.4472572112091506e-8,1,1.2549812426094191e-8,0.9638356109881538,-4.913342867084376e-8,-0.26647641575383]}},{"t":3.1749999999999927,"j":false,"c":{"p":[-888.8621797216218,169.12702640390987,903.8007417258007],"r":[-0.2639121443388053,2.0649200048528985e-8,-0.9645419289518146,4.299916551442481e-8,1,9.60594669971186e-9,0.9645419289518146,-3.891884289679918e-8,-0.2639121443388053]}},{"t":3.1999999999999926,"j":false,"c":{"p":[-888.277794569867,169.10272954047238,903.960352516746],"r":[-0.262190580368042,7.69996818128715e-9,-0.9650161266326904,1.6816522019551298e-8,1,3.4101335973492236e-9,0.9650161266326904,-1.533411050580039e-8,-0.262190580368042]}},{"t":3.2249999999999925,"j":false,"c":{"p":[-887.699151394029,169.08807980550688,904.1175519218484],"r":[-0.262190580368042,-1.94335956161602e-8,-0.9650161266326904,-3.941556799687963e-8,1,-9.429070963614182e-9,0.9650161266326904,3.5564445746981455e-8,-0.262190580368042]}},{"t":3.2499999999999925,"j":false,"c":{"p":[-887.1205082181909,169.0734300705414,904.2747513269508],"r":[-0.262190580368042,-4.6567159413607555e-8,-0.9650161266326904,-9.564765801331055e-8,1,-2.2268275524577592e-8,0.9650161266326904,8.64630019997633e-8,-0.262190580368042]}},{"t":3.2749999999999924,"j":false,"c":{"p":[-886.5503184322071,169.07241900334378,904.4298004442591],"r":[-0.258076205615591,-3.322799495413341e-8,-0.9661031977858164,-6.856977722614705e-8,1,-1.5742029509589793e-8,0.9661031977858164,6.200968414793289e-8,-0.258076205615591]}},{"t":3.2999999999999923,"j":false,"c":{"p":[-885.981886957078,169.07424478834355,904.5844023002397],"r":[-0.2531060381085951,-1.1470475414508793e-8,-0.9674163804801835,-2.416336569379745e-8,1,-5.1877565674184625e-9,0.9674163804801835,2.1883125091787615e-8,-0.2531060381085951]}},{"t":3.324999999999992,"j":false,"c":{"p":[-885.4108399077696,169.07604659080297,904.737056096813],"r":[-0.24696157012254819,9.556038466842085e-9,-0.9689885310257994,1.8833259019672063e-8,1,5.195412376849968e-9,0.9689885310257994,-1.703798521095533e-8,-0.24696157012254819]}},{"t":3.349999999999992,"j":false,"c":{"p":[-884.8189847828149,169.0776576013064,904.8742121996743],"r":[-0.23147501067850623,2.4767071695895332e-8,-0.9726208879616922,5.0614391929121353e-8,1,1.421737162585436e-8,0.9726208879616922,-4.636920544458128e-8,-0.23147501067850623]}},{"t":3.374999999999992,"j":false,"c":{"p":[-884.2271296578602,169.07926861180985,905.0113683025355],"r":[-0.21598845123446425,3.997810492494858e-8,-0.9762532448975849,8.239552483857065e-8,1,2.3239330874858754e-8,0.9762532448975849,-7.570042567820724e-8,-0.21598845123446425]}},{"t":3.399999999999992,"j":false,"c":{"p":[-883.6371194488607,169.087563437928,905.1426778687211],"r":[-0.20791327953338623,3.394719080261935e-8,-0.9781472682952881,6.968534931415458e-8,1,1.9893405670250843e-8,0.9781472682952881,-6.402643188781749e-8,-0.20791327953338623]}},{"t":3.424999999999992,"j":false,"c":{"p":[-883.0491193914859,169.1031407002887,905.2676172665724],"r":[-0.20791327953338623,4.771842995718782e-9,-0.9781472682952881,8.499103279169743e-9,1,3.071894785103098e-9,0.9781472682952881,-7.674686053252743e-9,-0.20791327953338623]}},{"t":3.4499999999999917,"j":false,"c":{"p":[-882.4611193341111,169.11871796264936,905.3925566644238],"r":[-0.20791327953338623,-2.4403504811181774e-8,-0.9781472682952881,-5.268714275581508e-8,1,-1.3749616100044647e-8,0.9781472682952881,4.867705978131199e-8,-0.20791327953338623]}},{"t":3.4749999999999917,"j":false,"c":{"p":[-881.879950246847,169.1438242882501,905.515990156944],"r":[-0.20791327953338623,-2.4135977669080677e-8,-0.9781472682952881,-5.1458878632863755e-8,1,-1.3737189601589345e-8,0.9781472682952881,4.747821965573078e-8,-0.20791327953338623]}},{"t":3.4999999999999916,"j":false,"c":{"p":[-881.3002900329338,169.17103546123695,905.6390910143647],"r":[-0.20791327953338623,-1.736489851835251e-8,-0.9781472682952881,-3.6444052782899956e-8,1,-1.0006363066661176e-8,0.9781472682952881,3.3567196036959034e-8,-0.20791327953338623]}},{"t":3.5249999999999915,"j":false,"c":{"p":[-880.7182641271041,169.1917756713004,905.7627068862296],"r":[-0.20791327953338623,-9.076495277935348e-9,-0.9781472682952881,-1.820955923360262e-8,1,-5.408680962973551e-9,0.9781472682952881,1.668709435696661e-8,-0.20791327953338623]}},{"t":3.5499999999999914,"j":false,"c":{"p":[-880.1191886715222,169.16587962939164,905.8900344689603],"r":[-0.20791327953338623,1.0147267878507749e-8,-0.9781472682952881,2.32290904623437e-8,1,5.436432196487419e-9,0.9781472682952881,-2.1591163088732737e-8,-0.20791327953338623]}},{"t":3.5749999999999913,"j":false,"c":{"p":[-879.5201132159403,169.13998358748287,906.0173620516908],"r":[-0.20791327953338623,2.9371031034950848e-8,-0.9781472682952881,6.466774015829003e-8,1,1.6281545355948388e-8,0.9781472682952881,-5.986942053443208e-8,-0.20791327953338623]}},{"t":3.599999999999991,"j":false,"c":{"p":[-878.9466515141702,169.052300880435,906.1392432246665],"r":[-0.20791