{"v":1,"d":[{"t":0.06868529319763184,"c":{"r":[0.02792171575129032,-8.29262436496947e-9,-0.9996101260185242,-3.630627176676171e-8,1,-9.309987447636558e-9,0.9996101260185242,3.65520698153432e-8,0.02792171575129032],"p":[-956.9998168945312,169.17869567871094,876.0001220703125]},"j":false},{"t":0.013333333333333336,"j":false,"c":{"p":[-957.0569236808307,169.30893054295953,876.393224379372],"r":[-0.20223069442738667,-2.5097101978577927e-8,-1.0360625516035036,-1.0355652330347522e-7,1,-3.755576408293583e-8,1.0360625516035036,1.082218557468447e-7,-0.20223069442738667]}},{"t":0.026666666666666672,"j":false,"c":{"p":[-957.0836317863917,169.24603166768077,876.2083208433003],"r":[-0.14679094468942586,-2.1049192888022023e-8,-1.0272817904105012,-8.735709653181618e-8,1,-3.0751843208939214e-8,1.0272817904105012,9.095783929474244e-8,-0.14679094468942586]}},{"t":0.04,"j":false,"c":{"p":[-957.085503502009,169.20684891356905,876.0917888226879],"r":[-0.09135119495146507,-1.700128379746612e-8,-1.0185010292174987,-7.115766976015717e-8,1,-2.3947922334942594e-8,1.0185010292174987,7.369382284264018e-8,-0.09135119495146507]}},{"t":0.05333333333333334,"j":false,"c":{"p":[-957.0613622767765,169.18621237195146,876.0281228543824],"r":[-0.03591144521350424,-1.2953374706910216e-8,-1.0097202680244963,-5.4958242988498116e-8,1,-1.7144001460945974e-8,1.0097202680244963,5.6429806390537915e-8,-0.03591144521350424]}},{"t":0.06666666666666667,"j":false,"c":{"p":[-957.0100315597878,169.17895213415517,876.0018174752304],"r":[0.019528304524456544,-8.905465616354312e-9,-1.000939506831494,-3.875881621683909e-8,1,-1.0340080586949356e-8,1.000939506831494,3.916578993843566e-8,0.019528304524456544]}},{"t":0.08,"j":false,"c":{"p":[-956.930334800136,169.1798982915073,875.9973672220791],"r":[0.07496805426241737,-4.857556525798409e-9,-0.9921587456384916,-2.255938944518005e-8,1,-3.536159712952736e-9,0.9921587456384916,2.19017734863334e-8,0.07496805426241737]}},{"t":0.09333333333333334,"j":false,"c":{"p":[-956.8210954469151,169.18388093533505,875.9992666317758],"r":[0.13040780400037819,-8.096474352425035e-10,-0.9833779844454892,-6.359962673521014e-9,1,3.2677611610438842e-9,0.9833779844454892,4.637757034231133e-9,0.13040780400037819]}},{"t":0.10666666666666667,"j":false,"c":{"p":[-956.6811369492189,169.18573015696555,875.992010241167],"r":[0.185847553738339,3.2382616553134e-9,-0.9745972232524868,9.839464098138027e-9,1,1.0071682035040503e-8,0.9745972232524868,-1.2626259417871128e-8,0.185847553738339]}},{"t":0.12000000000000001,"j":false,"c":{"p":[-956.5092827561404,169.18027604772595,875.9600925871002],"r":[0.2412873034762998,7.286170745869305e-9,-0.9658164620594843,2.603889086979706e-8,1,1.6875602909037126e-8,0.9658164620594843,-2.9890275869973395e-8,0.2412873034762998]}},{"t":0.13333333333333333,"j":false,"c":{"p":[-956.302571767991,169.16199597950413,875.8883453225848],"r":[0.3047495252499913,7.463507510595423e-9,-0.9466804437686415,4.119058625158904e-8,1,2.2507684652385677e-8,0.9466804437686415,-4.5415002666364883e-8,0.3047495252499913]}},{"t":0.14666666666666667,"j":false,"c":{"p":[-956.0409048584817,169.12403841395968,875.777873395219],"r":[0.3911038743681235,-3.403835492227431e-9,-0.8979956949727391,5.335257966959982e-8,1,2.4795922941183582e-8,0.8979956949727391,-5.597666569512158e-8,0.3911038743681235]}},{"t":0.16,"j":false,"c":{"p":[-955.739730308766,169.07448609862143,875.6374822365257],"r":[0.4774582234862556,-1.4271178495050285e-8,-0.8493109461768368,6.551457308761059e-8,1,2.7084161229981487e-8,0.8493109461768368,-6.653832872387828e-8,0.4774582234862556]}},{"t":0.17333333333333334,"j":false,"c":{"p":[-955.4253727845805,169.02523102547812,875.4727433799877],"r":[0.5638125726043878,-2.5138521497873142e-8,-0.8006261973809344,7.767656650562136e-8,1,2.9372399518779392e-8,0.8006261973809344,-7.709999175263498e-8,0.5638125726043878]}},{"t":0.18666666666666668,"j":false,"c":{"p":[-955.1241569516634,168.98816518651827,875.2892283590878],"r":[0.6501669217225199,-3.6005864500695986e-8,-0.7519414485850322,8.983855992363214e-8,1,3.1660637807577294e-8,0.7519414485850322,-8.766165478139168e-8,0.6501669217225199]}},{"t":0.2,"j":false,"c":{"p":[-954.8669180461069,168.97236073360756,875.0979958767367],"r":[0.6760871835072915,-3.889168639501229e-8,-0.7368062365085184,8.239408824726539e-8,1,2.259151940097036e-8,0.7368062365085184,-7.59854759730804e-8,0.6760871835072915]}},{"t":0.21333333333333335,"j":false,"c":{"p":[-954.6263399108066,168.970009585554,874.8854509575991],"r":[0.6780957379575646,-3.86194925857411e-8,-0.7349454319500146,6.719200698519027e-8,1,9.028682277375138e-9,0.7349454319500146,-5.5510541541544826e-8,0.6780957379575646]}},{"t":0.22666666666666668,"j":false,"c":{"p":[-954.3915027447604,168.97531611632235,874.6566164526012],"r":[0.6801042924078379,-3.834729877646991e-8,-0.7330846273915108,5.198992572311514e-8,1,-4.534154846220089e-9,0.7330846273915108,-3.503560711000925e-8,0.6801042924078379]}},{"t":0.24000000000000002,"j":false,"c":{"p":[-954.1588574556561,168.98331067920176,874.4217466543092],"r":[0.682112846858111,-3.807510496719872e-8,-0.7312238228330071,3.678784446104002e-8,1,-1.809699196981531e-8,0.7312238228330071,-1.4560672678473677e-8,0.682112846858111]}},{"t":0.25333333333333335,"j":false,"c":{"p":[-953.924854951181,168.9890236274817,874.1910958552904],"r":[0.6841214013083842,-3.780291115792753e-8,-0.7293630182745033,2.1585763198964895e-8,1,-3.165982909341054e-8,0.7293630182745033,5.914261753061884e-9,0.6841214013083842]}},{"t":0.26666666666666666,"j":false,"c":{"p":[-953.692578679736,168.99040378216844,873.9728477738939],"r":[0.6845480799674988,-3.735440594169711e-8,-0.7289677262306213,6.761206798284566e-9,1,-4.489366854636028e-8,0.7289677262306213,2.5803173467143466e-8,0.6845480799674988]}},{"t":0.27999999999999997,"j":false,"c":{"p":[-953.4605271628778,168.99147888103744,873.7544450183541],"r":[0.6845480799674988,-3.685834432746854e-8,-0.7289677262306213,-7.96151998812222e-9,1,-5.803876760278369e-8,0.7289677262306213,4.5534017532240536e-8,0.6845480799674988]}},{"t":0.2933333333333333,"j":false,"c":{"p":[-953.2287736128237,168.99241828638606,873.5360425622011],"r":[0.6845480799674988,-3.6362282713239966e-8,-0.7289677262306213,-2.268424677452901e-8,1,-7.11838666592071e-8,0.7289677262306213,6.526486159733761e-8,0.6845480799674988]}},{"t":0.3066666666666666,"j":false,"c":{"p":[-952.998711271713,168.9932068848409,873.3195355521605],"r":[0.6845480799674988,-3.5866221099011394e-8,-0.7289677262306213,-3.7406973560935804e-8,1,-8.432896571563051e-8,0.7289677262306213,8.49957056624347e-8,0.6845480799674988]}},{"t":0.3199999999999999,"j":false,"c":{"p":[-952.7717333816862,168.99382956302864,873.1068191349575],"r":[0.6845480799674988,-3.5370159484782816e-8,-0.7289677262306213,-5.212970034734259e-8,1,-9.747406477205392e-8,0.7289677262306213,1.0472654972753177e-7,0.6845480799674988]}},{"t":0.3333333333333332,"j":false,"c":{"p":[-952.5314195136277,168.9942699225819,872.8814870794293],"r":[0.6787819777736744,-2.6534941414364207e-8,-0.7341232328008086,-4.6515739142245814e-8,1,-8.033966898377088e-8,0.7341232328008086,8.905268541659086e-8,0.6787819777736744]}},{"t":0.3466666666666665,"j":false,"c":{"p":[-952.2901963923415,168.99444066883626,872.6529762501536],"r":[0.6707583610607931,-1.443481992327806e-8,-0.7412971966483844,-3.293966299934587e-8,1,-5.135040192476298e-8,0.7412971966483844,5.9517352731488424e-8,0.6707583610607931]}},{"t":0.3599999999999998,"j":false,"c":{"p":[-952.0512035874208,168.99443667538372,872.4282806137269],"r":[0.6627347443479119,-2.3346984321919145e-9,-0.7484711604959603,-1.9363586856445926e-8,1,-2.2361134865755082e-8,0.7484711604959603,2.9982020046386e-8,0.6627347443479119]}},{"t":0.37333333333333313,"j":false,"c":{"p":[-951.8100302251154,168.99437682446936,872.2076643529156],"r":[0.6547111276350306,9.765423058894235e-9,-0.755645124343536,-5.787510713545982e-9,1,6.628132193252831e-9,0.755645124343536,4.466873612835668e-10,0.6547111276350306]}},{"t":0.38666666666666644,"j":false,"c":{"p":[-951.5639483183355,168.99437647591233,871.99269529259],"r":[0.6456165652693812,1.9787475158909866e-8,-0.7634939794268355,6.174403486153889e-9,1,3.1031755596317026e-8,0.7634939794268355,-2.4751166228382338e-8,0.6456165652693812]}},{"t":0.39999999999999974,"j":false,"c":{"p":[-951.3186176898845,168.9943974129227,871.7859914311182],"r":[0.6316023166745599,2.0263338486332575e-8,-0.7744431348008136,1.0721216589838219e-8,1,3.436995155427994e-8,0.7744431348008136,-3.0023605190347985e-8,0.6316023166745599]}},{"t":0.41333333333333305,"j":false,"c":{"p":[-951.0692649709533,168.9943960063591,871.5820544977767],"r":[0.6175880680797388,2.0739201813755285e-8,-0.7853922901747918,1.5268029693522546e-8,1,3.770814751224286e-8,0.7853922901747918,-3.529604415231364e-8,0.6175880680797388]}},{"t":0.42666666666666636,"j":false,"c":{"p":[-950.8177659210585,168.99438365102236,871.3836963787948],"r":[0.6035738194849175,2.1215065141177995e-8,-0.79634144554877,1.981484279720688e-8,1,4.104634347020578e-8,0.79634144554877,-4.0568483114279285e-8,0.6035738194849175]}},{"t":0.43999999999999967,"j":false,"c":{"p":[-950.5659962997171,168.9943717417133,871.1937289604015],"r":[0.5895595708900963,2.1690928468600705e-8,-0.8072906009227481,2.436165590089121e-8,1,4.4384539428168695e-8,0.8072906009227481,-4.584092207624493e-8,0.5895595708900963]}},{"t":0.453333333333333,"j":false,"c":{"p":[-950.3131240110279,168.99436950683594,871.0126752199963],"r":[0.5743144526713886,1.7667943893460737e-8,-0.8181716841554415,2.3777185742048217e-8,1,3.8926725239943255e-8,0.8181716841554415,-4.217071310154135e-8,0.5743144526713886]}},{"t":0.4666666666666663,"j":false,"c":{"p":[-950.0624888693263,168.99436950683594,870.8417529878001],"r":[0.5576775916619321,8.558117451757797e-9,-0.8289757983005521,1.7390779822240897e-8,1,2.3523273048517904e-8,0.8289757983005521,-2.8389062951805027e-8,0.5576775916619321]}},{"t":0.4799999999999996,"j":false,"c":{"p":[-949.8119068082586,168.99436950683594,870.6798603147131],"r":[0.5410407306524756,-5.517089899451437e-10,-0.8397799124456627,1.1004373902433574e-8,1,8.119820857092554e-9,0.8397799124456627,-1.4607412802068698e-8,0.5410407306524756]}},{"t":0.4933333333333329,"j":false,"c":{"p":[-949.5538038388798,168.99436950683594,870.5224780731392],"r":[0.5244038696430192,-9.66153543164808e-9,-0.8505840265907734,4.6179679826262575e-9,1,-7.283631334332791e-9,0.8505840265907734,-8.257626523323795e-10,0.5244038696430192]}},{"t":0.5066666666666663,"j":false,"c":{"p":[-949.2806059722452,168.99436950683594,870.365087135482],"r":[0.5077670086335626,-1.8771361873351057e-8,-0.8613881407358841,-1.7684379371810922e-9,1,-2.2687083525758214e-8,0.8613881407358841,1.2955887497404005e-8,0.5077670086335626]}},{"t":0.5199999999999996,"j":false,"c":{"p":[-949.0139873571642,168.99436950683594,870.2174829106355],"r":[0.4721867310513374,-3.053480635779843e-8,-0.877867376592572,-9.999760611708158e-9,1,-3.772578985069322e-8,0.877867376592572,2.50263771563768e-8,0.4721867310513374]}},{"t":0.5333333333333329,"j":false,"c":{"p":[-948.7391523417353,168.99436950683594,870.0700742925974],"r":[0.43440392008169987,-4.260678453858999e-8,-0.8950064535607807,-1.8445590037625985e-8,1,-5.272208751371766e-8,0.8950064535607807,3.689791178009237e-8,0.43440392008169987]}},{"t":0.5466666666666662,"j":false,"c":{"p":[-948.4548061870679,168.99436950683594,869.9250220070185],"r":[0.39662110911206233,-5.467876271938156e-8,-0.9121455305289893,-2.6891419463543817e-8,1,-6.771838517674211e-8,0.9121455305289893,4.8769446403807944e-8,0.39662110911206233]}},{"t":0.5599999999999995,"j":false,"c":{"p":[-948.1623428576929,168.99436950683594,869.7860199167886],"r":[0.3588382981424248,-6.675074090017312e-8,-0.9292846074971979,-3.533724888946164e-8,1,-8.271468283976654e-8,0.9292846074971979,6.064098102752352e-8,0.3588382981424248]}},{"t":0.5733333333333328,"j":false,"c":{"p":[-947.8631563181416,168.99436950683594,869.6567618847986],"r":[0.32105548717278726,-7.882271908096468e-8,-0.9464236844654066,-4.378307831537947e-8,1,-9.771098050279099e-8,0.9464236844654066,7.251251565123908e-8,0.32105548717278726]}},{"t":0.5866666666666661,"j":false,"c":{"p":[-947.5529355752599,168.99436950683594,869.5397184865939],"r":[0.3122567331027025,-6.03606415181262e-8,-0.9499651722210144,-3.5326219167111284e-8,1,-7.545651058628624e-8,0.9499651722210144,5.7472884489849176e-8,0.3122567331027025]}},{"t":0.5999999999999994,"j":false,"c":{"p":[-947.2281118508723,168.99436950683594,869.4328642898646],"r":[0.3082968092352812,-3.680096455248073e-8,-0.9512365697130898,-2.4047490041757653e-8,1,-4.6983099689197066e-8,0.9512365697130898,3.794048814237317e-8,0.3082968092352812]}},{"t":0.6133333333333327,"j":false,"c":{"p":[-946.8973865848608,168.99436950683594,869.3332570157897],"r":[0.3043368853678598,-1.3241287586835267e-8,-0.9525079672051653,-1.2768760916404022e-8,1,-1.8509688792107908e-8,0.9525079672051653,1.8408091794897177e-8,0.3043368853678598]}},{"t":0.626666666666666,"j":false,"c":{"p":[-946.5696129948593,168.99436950683594,869.2379527615831],"r":[0.30037696150043847,1.0318389378810202e-8,-0.9537793646972407,-1.4900317910503911e-9,1,9.96372210498127e-9,0.9537793646972407,-1.1243045525788259e-9,0.30037696150043847]}},{"t":0.6399999999999993,"j":false,"c":{"p":[-946.2536442985015,168.99436950683594,869.1440076244581],"r":[0.2964170376330171,3.387806634445567e-8,-0.9550507621893162,9.78869733430324e-9,1,3.8437133002070434e-8,0.9550507621893162,-2.0656700900054835e-8,0.2964170376330171]}},{"t":0.6533333333333327,"j":false,"c":{"p":[-945.9535728463347,168.99436950683594,869.0508063887108],"r":[0.2946057414857574,3.777621503381545e-8,-0.9556153791145696,1.3111515667798835e-8,1,4.356521613084341e-8,0.9556153791145696,-2.536613610061917e-8,0.2946057414857574]}},{"t":0.666666666666666,"j":false,"c":{"p":[-945.6680927459113,168.99436950683594,868.9626419213107],"r":[0.2932619940347093,3.739594833048362e-8,-0.9560261981857675,1.4703100766702908e-8,1,4.361327657430642e-8,0.9560261981857675,-2.6850044564652663e-8,0.2932619940347093]}},{"t":0.6799999999999993,"j":false,"c":{"p":[-945.3886573414019,168.99436950683594,868.8768874591015],"r":[0.29191824658366117,3.701568162715178e-8,-0.9564370172569655,1.6294685865606984e-8,1,4.366133701776942e-8,0.9564370172569655,-2.833395302868616e-8,0.29191824658366117]}},{"t":0.6933333333333326,"j":false,"c":{"p":[-945.1059648491852,168.99436950683594,868.7905299584232],"r":[0.2905744991326131,3.663541492381995e-8,-0.9568478363281634,1.7886270964511056e-8,1,4.370939746123243e-8,0.9568478363281634,-2.9817861492719656e-8,0.2905744991326131]}},{"t":0.7066666666666659,"j":false,"c":{"p":[-944.8107134856399,168.99436950683594,868.7005563756163],"r":[0.2892307516815649,3.625514822048811e-8,-0.9572586553993613,1.947785606341513e-8,1,4.375745790469544e-8,0.9572586553993613,-3.130176995675315e-8,0.2892307516815649]}},{"t":0.7199999999999992,"j":false,"c":{"p":[-944.5063549831732,168.99436950683594,868.6080445105772],"r":[0.28903213143348694,2.258997590867526e-8,-0.9573193788528442,1.525701981689836e-8,1,2.8203487521180088e-8,0.9573193788528442,-2.2757555982978084e-8,0.28903213143348694]}},{"t":0.7333333333333325,"j":false,"c":{"p":[-944.1907941963019,168.99436950683594,868.5125391710485],"r":[0.28903213143348694,6.620560678865897e-9,-0.9573193788528442,1.0028029570924676e-8,1,9.943373029536702e-9,0.9573193788528442,-1.2473982258436652e-8,0.28903213143348694]}},{"t":0.7466666666666658,"j":false,"c":{"p":[-943.8688059051381,168.99436950683594,868.4153331770972],"r":[0.28903213143348694,-9.348854550943468e-9,-0.9573193788528442,4.79903932495099e-9,1,-8.316741462106694e-9,0.9573193788528442,-2.190408533895219e-9,0.28903213143348694]}},{"t":0.7599999999999991,"j":false,"c":{"p":[-943.5467313451584,168.99436950683594,868.3181902894676],"r":[0.28903213143348694,-2.531826978075283e-8,-0.9573193788528442,-4.2995092102269645e-10,1,-2.657685595375009e-8,0.9573193788528442,8.09316519064622e-9,0.28903213143348694]}},{"t":0.7733333333333324,"j":false,"c":{"p":[-943.2309117518396,168.99436950683594,868.2228742689033],"r":[0.28903213143348694,-4.12876850105622e-8,-0.9573193788528442,-5.658941166996379e-9,1,-4.483697044539347e-8,0.9573193788528442,1.837673891518765e-8,0.28903213143348694]}},{"t":0.7866666666666657,"j":false,"c":{"p":[-942.9209507346709,168.99436950683594,868.1291854290346],"r":[0.28903213143348694,-5.042613501460406e-8,-0.9573193788528442,-9.04756569531654e-9,1,-5.540593151033145e-8,0.9573193788528442,2.4675504495792756e-8,0.28903213143348694]}},{"t":0.799999999999999,"j":false,"c":{"p":[-942.6135802663921,168.99436950683594,868.0362685910471],"r":[0.28903213143348694,-5.6644080342986e-8,-0.9573193788528442,-1.164936193426747e-8,1,-6.268662381653232e-8,0.9573193788528442,2.927060881750657e-8,0.28903213143348694]}},{"t":0.8133333333333324,"j":false,"c":{"p":[-942.3099423109835,168.99436950683594,867.9444800764659],"r":[0.28903213143348694,-6.286202567136794e-8,-0.9573193788528442,-1.4251158173218404e-8,1,-6.996731612273317e-8,0.9573193788528442,3.386571313922038e-8,0.28903213143348694]}},{"t":0.8266666666666657,"j":false,"c":{"p":[-942.0100368684454,168.99436950683594,867.8538198852904],"r":[0.28903213143348694,-6.90799709997499e-8,-0.9573193788528442,-1.6852954412169333e-8,1,-7.724800842893402e-8,0.9573193788528442,3.846081746093419e-8,0.28903213143348694]}},{"t":0.839999999999999,"j":false,"c":{"p":[-941.7138639387775,168.99436950683594,867.7642880175209],"r":[0.28903213143348694,-7.529791632813183e-8,-0.9573193788528442,-1.9454750651120266e-8,1,-8.452870073513489e-8,0.9573193788528442,4.305592178264799e-8,0.28903213143348694]}},{"t":0.8533333333333323,"j":false,"c":{"p":[-941.4143145408942,168.99436950683594,867.6737354571914],"r":[0.28903213143348694,-5.7051595275086364e-8,-0.9573193788528442,-1.5567075806435165e-8,1,-6.429513556741178e-8,0.9573193788528442,3.3486024611356956e-8,0.28903213143348694]}},{"t":0.8666666666666656,"j":false,"c":{"p":[-941.1182787647012,168.99436950683594,867.5842450503575],"r":[0.28903213143348694,-2.4856325744588966e-8,-0.9573193788528442,-7.979257398063467e-9,1,-2.8373588838529803e-8,0.9573193788528442,1.58395772207241e-8,0.28903213143348694]}},{"t":0.8799999999999989,"j":false,"c":{"p":[-940.8262091899196,168.99436950683594,867.4959536100217],"r":[0.28903213143348694,7.338943785908431e-9,-0.9573193788528442,-3.9143898969177213e-10,1,7.547957890352156e-9,0.9573193788528442,-1.8068701699087567e-9,0.28903213143348694]}},{"t":0.8933333333333322,"j":false,"c":{"p":[-940.5330413504289,168.99436950683594,867.4073301687471],"r":[0.28903213143348694,3.953421331640583e-8,-0.9573193788528442,7.1963794186799275e-9,1,4.3469504619234135e-8,0.9573193788528442,-1.945331756054161e-8,0.28903213143348694]}},{"t":0.9066666666666655,"j":false,"c":{"p":[-940.2337107801085,168.99436950683594,867.3168437590966],"r":[0.28903213143348694,7.172948284690321e-8,-0.9573193788528442,1.478419782705162e-8,1,7.939105134811609e-8,0.9573193788528442,-3.7099764951174456e-8,0.28903213143348694]}},{"t":0.9199999999999988,"j":false,"c":{"p":[-939.9215679050793,168.99436950683594,867.2224842420279],"r":[0.28903213143348694,6.775904634886926e-8,-0.9573193788528442,1.445015552014342e-8,1,7.514274551000153e-8,0.9573193788528442,-3.555208283854439e-8,0.28903213143348694]}},{"t":0.9333333333333321,"j":false,"c":{"p":[-939.6021756692223,168.99436950683594,867.1259332727701],"r":[0.28903213143348694,5.4568067279025233e-8,-0.9573193788528442,1.2096413835167955e-8,1,6.065302933124201e-8,0.9573193788528442,-2.9110806554849315e-8,0.28903213143348694]}},{"t":0.9466666666666654,"j":false,"c":{"p":[-939.279125742425,168.99436950683594,867.0282765984705],"r":[0.28903213143348694,4.137708820918121e-8,-0.9573193788528442,9.742672150192489e-9,1,4.6163313152482486e-8,0.9573193788528442,-2.266953027115424e-8,0.28903213143348694]}},{"t":0.9599999999999987,"j":false,"c":{"p":[-938.9550594505511,168.99436950683594,866.9303126811565],"r":[0.28903213143348694,2.818610913933718e-8,-0.9573193788528442,7.388930465217024e-9,1,3.167359697372297e-8,0.9573193788528442,-1.622825398745916e-8,0.28903213143348694]}},{"t":0.973333333333332,"j":false,"c":{"p":[-938.6331635178913,168.99436968159665,866.8330048504583],"r":[0.28903213143348694,1.4863718332863554e-8,-0.9573193788528442,5.005312919350238e-9,1,1.7037590234723856e-8,0.9573193788528442,-9.716094291956121e-9,0.28903213143348694]}},{"t":0.9866666666666654,"j":false,"c":{"p":[-938.3332454541313,168.99461746242346,866.7423350080807],"r":[0.28903213143348694,-3.7155684501411407e-9,-0.9573193788528442,1.4265639724148758e-9,1,-3.4505137160762166e-9,0.9573193788528442,-3.6836806417009466e-10,0.28903213143348694]}},{"t":0.9999999999999987,"j":false,"c":{"p":[-938.0318695750849,168.99510209174787,866.6512188957171],"r":[0.28903213143348694,-2.229485523314583e-8,-0.9573193788528442,-2.1521849745204857e-9,1,-2.3938617666876286e-8,0.9573193788528442,8.97935816361593e-9,0.28903213143348694]}},{"t":1.013333333333332,"j":false,"c":{"p":[-937.7311604690437,168.9954783917208,866.5603068975389],"r":[0.28903213143348694,-4.0874142016150686e-8,-0.9573193788528442,-5.7309339214558795e-9,1,-4.442672161767653e-8,0.9573193788528442,1.8327084391402036e-8,0.28903213143348694]}},{"t":1.0266666666666655,"j":false,"c":{"p":[-937.4332427242994,168.99540118449326,866.470249397717],"r":[0.28903213143348694,-5.945342879915552e-8,-0.9573193788528442,-9.30968286839127e-9,1,-6.491482556847676e-8,0.9573193788528442,2.767481061918814e-8,0.28903213143348694]}},{"t":1.039999999999999,"j":false,"c":{"p":[-937.1402409291434,168.99452529221622,866.3816967804219],"r":[0.28903213143348694,-7.803271558216038e-8,-0.9573193788528442,-1.2888431815326662e-8,1,-8.540292951927701e-8,0.9573193788528442,3.702253684697424e-8,0.28903213143348694]}},{"t":1.0533333333333323,"j":false,"c":{"p":[-936.8348345013395,168.99322128410225,866.2894175092069],"r":[0.28903213143348694,-6.701008685962427e-8,-0.9573193788528442,-1.1256554721473084e-8,1,-7.339618155024036e-8,0.9573193788528442,3.198997328660162e-8,0.28903213143348694]}},{"t":1.0666666666666658,"j":false,"c":{"p":[-936.5365475503386,168.99199492039645,866.1993059651812],"r":[0.28903213143348694,-5.2430594921987096e-8,-0.9573193788528442,-8.998586924514128e-9,1,-5.748496518785971e-8,0.9573193788528442,2.522952411827159e-8,0.28903213143348694]}},{"t":1.0799999999999992,"j":false,"c":{"p":[-936.2399628096568,168.98969983891388,866.10972597741],"r":[0.28903213143348694,-3.785110298434991e-8,-0.9573193788528442,-6.740619127555173e-9,1,-4.157374882547906e-8,0.9573193788528442,1.8469074949941556e-8,0.28903213143348694]}},{"t":1.0933333333333326,"j":false,"c":{"p":[-935.936943150639,168.98516213178476,866.0182195814282],"r":[0.28903213143348694,-2.3271611046712725e-8,-0.9573193788528442,-4.482651330596217e-9,1,-2.566253246309841e-8,0.9573193788528442,1.1708625781611523e-8,0.28903213143348694]}},{"t":1.106666666666666,"j":false,"c":{"p":[-935.6226859478784,168.9773050942099,865.9233357863],"r":[0.28903213143348694,-8.742801247497595e-9,-0.9573193788528442,-2.187311901964884e-9,1,-9.792974524631411e-9,0.9573193788528442,4.924440645211162e-9,0.28903213143348694]}},{"t":1.1199999999999994,"j":false,"c":{"p":[-935.3077152767893,168.9660074538387,865.8282594593857],"r":[0.28903213143348694,5.532622363099211e-9,-0.9573193788528442,2.948676168192436e-10,1,5.86831143502867e-9,0.9573193788528442,-1.9784128558194303e-9,0.28903213143348694]}},{"t":1.1333333333333329,"j":false,"c":{"p":[-934.9817735896423,168.9518296097293,865.7298902656955],"r":[0.28903213143348694,1.9808045973696016e-8,-0.9573193788528442,2.7770471356033706e-9,1,2.1529597394688748e-8,0.9573193788528442,-8.881266356850022e-9,0.28903213143348694]}},{"t":1.1466666666666663,"j":false,"c":{"p":[-934.6516043475594,168.9360153095311,865.6302538294693],"r":[0.28903213143348694,3.408346958429282e-8,-0.9573193788528442,5.259226654387498e-9,1,3.7190883354348826e-8,0.9573193788528442,-1.5784119857880616e-8,0.28903213143348694]}},{"t":1.1599999999999997,"j":false,"c":{"p":[-934.3239510116623,168.91980830089344,865.531375774947],"r":[0.28903213143348694,4.835889319488963e-8,-0.9573193788528442,7.741406173171624e-9,1,5.285216931400891e-8,0.9573193788528442,-2.2686973358911207e-8,0.28903213143348694]}},{"t":1.1733333333333331,"j":false,"c":{"p":[-934.0052280122244,168.9044065385185,865.4351825793152],"r":[0.2890321042586864,5.812163233114385e-8,-0.9573193868454326,9.497844786946076e-9,1,6.358046595760469e-8,0.9573193868454326,-2.7469269637532307e-8,0.2890321042586864]}},{"t":1.1866666666666665,"j":false,"c":{"p":[-933.6940157929805,168.88863018769945,865.3412491366686],"r":[0.2890319016744263,3.875563713056485e-8,-0.9573194464290385,6.5697294196936434e-9,1,4.246702048715498e-8,0.9573194464290385,-1.856367164195474e-8,0.2890319016744263]}},{"t":1.2,"j":false,"c":{"p":[-933.387872778584,168.87217114896487,865.2488433332968],"r":[0.2890316990901661,1.9389641929985853e-8,-0.9573195060126445,3.64161405244121e-9,1,2.1353575016705264e-8,0.9573195060126445,-9.658073646377175e-9,0.2890316990901661]}},{"t":1.2133333333333334,"j":false,"c":{"p":[-933.0844796493994,168.85600909707549,865.1572642517834],"r":[0.2890314965059059,2.3646729406858693e-11,-0.9573195655962504,7.134986851887766e-10,1,2.4012954625554355e-10,0.9573195655962504,-7.524756507996083e-10,0.2890314965059059]}},{"t":1.2266666666666668,"j":false,"c":{"p":[-932.7815170857917,168.84112370679216,865.0658109747114],"r":[0.2890312939216458,-1.9342348471172143e-8,-0.9573196251798564,-2.2146166820636577e-9,1,-2.0873315924194164e-8,0.9573196251798564,8.153122344777958e-9,0.2890312939216458]}},{"t":1.2400000000000002,"j":false,"c":{"p":[-932.4771889296738,168.82849625547902,864.9739406868184],"r":[0.28903111815452576,-3.7379583989666656e-8,-0.9573196768760681,-4.9485914893316215e-9,1,-4.054014630514028e-8,0.9573196768760681,1.6454747337074925e-8,0.28903111815452576]}},{"t":1.2533333333333336,"j":false,"c":{"p":[-932.1748129758349,168.8178416144164,864.8826638163131],"r":[0.28903111815452576,-4.670775278998585e-8,-0.9573196768760681,-6.410114165183127e-9,1,-5.0725452299192086e-8,0.9573196768760681,2.0797762467507506e-8,0.28903111815452576]}},{"t":1.266666666666667,"j":false,"c":{"p":[-931.8723942842832,168.80855097227865,864.791375792396],"r":[0.28903111815452576,-5.603592159030505e-8,-0.9573196768760681,-7.871636841034633e-9,1,-6.09107582932439e-8,0.9573196768760681,2.5140777597940087e-8,0.28903111815452576]}},{"t":1.2800000000000005,"j":false,"c":{"p":[-931.5699497867906,168.80075696127966,864.7000709711435],"r":[0.28903111815452576,-6.536409039062424e-8,-0.9573196768760681,-9.333159516886137e-9,1,-7.109606428729569e-8,0.9573196768760681,2.9483792728372672e-8,0.28903111815452576]}},{"t":1.293333333333334,"j":false,"c":{"p":[-931.2674964151294,168.79459221363348,864.6087437086316],"r":[0.28903111815452576,-7.469225919094344e-8,-0.9573196768760681,-1.0794682192737642e-8,1,-8.128137028134749e-8,0.9573196768760681,3.382680785880525e-8,0.28903111815452576]}},{"t":1.3066666666666673,"j":false,"c":{"p":[-930.9648346637032,168.79019066506095,864.5173229606625],"r":[0.2890311214618004,-8.106580964389286e-8,-0.9573196760492495,-1.1825019548660107e-8,1,-8.825014956857674e-8,0.9573196760492495,3.6827364147732836e-8,0.2890311214618004]}},{"t":1.3200000000000007,"j":false,"c":{"p":[-930.6577077816177,168.78830791208821,864.4245137437209],"r":[0.28903116901783626,-4.790886554143137e-8,-0.9573196641602405,-7.08643282103667e-9,1,-5.218430423683486e-8,0.9573196641602405,2.186686567904065e-8,0.28903116901783626]}},{"t":1.3333333333333341,"j":false,"c":{"p":[-930.3492035724289,168.7887605359888,864.3312571377602],"r":[0.28903121657387215,-1.4751921438969878e-8,-0.9573196522712315,-2.3478460934132347e-9,1,-1.6118458905092986e-8,0.9573196522712315,6.9063672103484666e-9,0.28903121657387215]}},{"t":1.3466666666666676,"j":false,"c":{"p":[-930.0416034160827,168.79048304514166,864.2382564471709],"r":[0.289031264129908,1.8405022663491613e-8,-0.9573196403822225,2.390740634210203e-9,1,1.994738642664889e-8,0.9573196403822225,-8.054131258343718e-9,0.289031264129908]}},{"t":1.360000000000001,"j":false,"c":{"p":[-929.7371886925242,168.7924099479257,864.1462149763441],"r":[0.28903131168594387,5.1561966765953105e-8,-0.9573196284932136,7.129327361833641e-9,1,5.601323175839077e-8,0.9573196284932136,-2.301462972703591e-8,0.28903131168594387]}},{"t":1.3733333333333344,"j":false,"c":{"p":[-929.4381419189759,168.79347864590824,864.055806107542],"r":[0.28903135657310486,8.213439753267183e-8,-0.9573196172714233,1.150281106176738e-8,1,8.926910713893406e-8,0.9573196172714233,-3.68134386854296e-8,0.28903135657310486]}},{"t":1.3866666666666678,"j":false,"c":{"p":[-929.1474952983683,168.79379520362505,863.967944820445],"r":[0.28903135657310486,6.923852384084641e-8,-0.9573196172714233,9.735715277404912e-9,1,7.526477779588389e-8,0.9573196172714233,-3.107407284642395e-8,0.28903135657310486]}},{"t":1.4000000000000012,"j":false,"c":{"p":[-928.8649187638349,168.79400447963383,863.8825230874291],"r":[0.28903135657310486,5.6342650149021e-8,-0.9573196172714233,7.968619493042444e-9,1,6.12604484528337e-8,0.9573196172714233,-2.5334707007418302e-8,0.28903135657310486]}},{"t":1.4133333333333347,"j":false,"c":{"p":[-928.5834390291085,168.79413945769727,863.7974329125183],"r":[0.28903135657310486,4.3446776457195576e-8,-0.9573196172714233,6.201523708679978e-9,1,4.725611910978354e-8,0.9573196172714233,-1.9595341168412656e-8,0.28903135657310486]}},{"t":1.426666666666668,"j":false,"c":{"p":[-928.2960828079214,168.79423312157797,863.7105662997359],"r":[0.28903135657310486,3.055090276537016e-8,-0.9573196172714233,4.4344279243175095e-9,1,3.3251789766733365e-8,0.9573196172714233,-1.3855975329407007e-8,0.28903135657310486]}},{"t":1.4400000000000015,"j":false,"c":{"p":[-927.9963866866458,168.79431806607775,863.6199705159544],"r":[0.28913098079822197,1.6985774984172056e-8,-0.9572891590455547,2.574218783980294e-9,1,1.8515780159953706e-8,0.9572891590455547,-7.8064062329711e-9,0.28913098079822197]}},{"t":1.453333333333335,"j":false,"c":{"p":[-927.6862600372385,168.79437516034318,863.5264009660804],"r":[0.29044258749886726,-4.721190056405202e-9,-0.9568881600606974,-4.1876459421275423e-10,1,-5.121514814792933e-9,0.9568881600606974,2.0169529372675247e-9,0.29044258749886726]}},{"t":1.4666666666666683,"j":false,"c":{"p":[-927.3646536379438,168.79439027471676,863.4295067029909],"r":[0.29175419419951254,-2.6428155096982457e-8,-0.9564871610758403,-3.4117479724058025e-9,1,-2.875880978953957e-8,0.9564871610758403,1.1840312107506145e-8,0.29175419419951254]}},{"t":1.4800000000000018,"j":false,"c":{"p":[-927.0381604236691,168.79438075902723,863.3310463053235],"r":[0.29306580090015777,-4.813512013755971e-8,-0.9560861620909832,-6.404731350598852e-9,1,-5.2396104764286214e-8,0.9560861620909832,2.166367127774477e-8,0.29306580090015777]}},{"t":1.4933333333333352,"j":false,"c":{"p":[-926.7133733293218,168.79436396310328,863.2327783517158],"r":[0.29437740760080305,-6.984208517813697e-8,-0.955685163106126,-9.3977147287919e-9,1,-7.603339973903285e-8,0.955685163106126,3.148703044798339e-8,0.29437740760080305]}},{"t":1.5066666666666686,"j":false,"c":{"p":[-926.3968852898098,168.79435723677358,863.136461420805],"r":[0.29568901430144834,-9.154905021871422e-8,-0.9552841641212688,-1.2390698106984948e-8,1,-9.967069471377949e-8,0.9552841641212688,4.131038961822201e-8,0.29568901430144834]}},{"t":1.520000000000002,"j":false,"c":{"p":[-926.0701257834862,168.79423710411243,863.0362107750606],"r":[0.2957082688808441,-6.99770668856843e-8,-0.9552782773971558,-9.436923384626217e-9,1,-7.617428366060293e-8,0.9552782773971558,3.154025478019136e-8,0.2957082688808441]}},{"t":1.5333333333333354,"j":false,"c":{"p":[-925.7458112929259,168.79399105495915,862.9360662831125],"r":[0.2957082688808441,-4.7760276356594056e-8,-0.9552782773971558,-6.394548717939725e-9,1,-5.19756338986335e-8,0.9552782773971558,2.1478199125983925e-8,0.2957082688808441]}},{"t":1.5466666666666689,"j":false,"c":{"p":[-925.4266874156813,168.7938189238632,862.8371615415722],"r":[0.2957082688808441,-2.5543485827503827e-8,-0.9552782773971558,-3.352174051253234e-9,1,-2.7776984136664074e-8,0.9552782773971558,1.141614347177649e-8,0.2957082688808441]}},{"t":1.5600000000000023,"j":false,"c":{"p":[-925.1152427739306,168.79392058699696,862.740551634497],"r":[0.2957082688808441,-3.326695298413591e-9,-0.9552782773971558,-3.097993845667418e-10,1,-3.578334374694634e-9,0.9552782773971558,1.3540878175690564e-9,0.2957082688808441]}},{"t":1.5733333333333357,"j":false,"c":{"p":[-924.8113619695582,168.79447379586173,862.646479986591],"r":[0.2957082688808441,1.711927959602207e-8,-0.9552782773971558,2.484650154925641e-9,1,1.8689852929784102e-8,0.9552782773971558,-7.900276565966559e-9,0.2957082688808441]}},{"t":1.5866666666666691,"j":false,"c":{"p":[-924.5124081199059,168.79461178102486,862.5540518296307],"r":[0.2957082688808441,2.8822416447360943e-8,-0.9552782773971558,4.055048363803308e-9,1,3.142699686428939e-8,0.9552782773971558,-1.3166922617839548e-8,0.2957082688808441]}},{"t":1.6000000000000025,"j":false,"c":{"p":[-924.2268802590937,168.79467863678047,862.4657603279358],"r":[0.2957082688808441,4.052555329869981e-8,-0.9552782773971558,5.625446572680975e-9,1,4.416414079879468e-8,0.9552782773971558,-1.8433568669712535e-8,0.2957082688808441]}},{"t":1.613333333333336,"j":false,"c":{"p":[-923.9427473110744,168.79588711874942,862.3778794176977],"r":[0.2957082688808441,5.222869015003868e-8,-0.9552782773971558,7.195844781558641e-9,1,5.690128473329997e-8,0.9552782773971558,-2.3700214721585524e-8,0.2957082688808441]}},{"t":1.6266666666666694,"j":false,"c":{"p":[-923.6479781998006,168.79944998255252,862.2866830351077],"r":[0.2957082688808441,6.393182700137755e-8,-0.9552782773971558,8.766242990436308e-9,1,6.963842866780527e-8,0.9552782773971558,-2.8966860773458516e-8,0.2957082688808441]}},{"t":1.6400000000000028,"j":false,"c":{"p":[-923.3417927886968,168.80615219174427,862.1919251044521],"r":[0.2957082688808441,5.472776849841006e-8,-0.9552782773971558,7.466653268920006e-9,1,5.9601188033416084e-8,0.9552782773971558,-2.4757295916812097e-8,0.2957082688808441]}},{"t":1.6533333333333362,"j":false,"c":{"p":[-923.0270890166627,168.81547034167275,862.0944988790491],"r":[0.2957082688808441,3.200127469363168e-8,-0.9552782773971558,4.310801841897766e-9,1,3.4833844357826676e-8,0.9552782773971558,-1.4418671339566948e-8,0.2957082688808441]}},{"t":1.6666666666666696,"j":false,"c":{"p":[-922.7041664335331,168.82678352565588,861.9945078948964],"r":[0.2957082688808441,9.274780888853311e-9,-0.9552782773971558,1.1549504148755266e-9,1,1.0066500682237267e-8,0.9552782773971558,-4.0800467623218e-9,0.2957082688808441]}},{"t":1.680000000000003,"j":false,"c":{"p":[-922.3782400976302,168.83940689988356,861.8935779737191],"r":[0.2957082688808441,-1.345171291592507e-8,-0.9552782773971558,-2.000901012146713e-9,1,-1.4700842993352135e-8,0.9552782773971558,6.2585778149233485e-9,0.2957082688808441]}},{"t":1.6933333333333365,"j":false,"c":{"p":[-922.0545250672756,168.85265562054548,861.7933349372419],"r":[0.2957082688808441,-3.617820672070344e-8,-0.9552782773971558,-5.1567524391689524e-9,1,-3.9468186668941537e-8,0.9552782773971558,1.6597202392168497e-8,0.2957082688808441]}},{"t":1.7066666666666699,"j":false,"c":{"p":[-921.7497229230389,168.86609017961547,861.6989481525951],"r":[0.2957082688808441,-4.214120947033304e-8,-0.9552782773971558,-5.968892461108736e-9,1,-4.596174894258819e-8,0.9552782773971558,1.9293222291080567e-8,0.2957082688808441]}},{"t":1.7200000000000033,"j":false,"c":{"p":[-921.4481118472406,168.88098070401753,861.6055369319722],"r":[0.2957082688808441,-4.467327662909511e-8,-0.9552782773971558,-6.301351797923581e-9,1,-4.8715268835718753e-8,0.9552782773971558,2.0425052230302223e-8,0.2957082688808441]}},{"t":1.7333333333333367,"j":false,"c":{"p":[-921.1465020431781,168.89655178890146,861.5121257113493],"r":[0.2957082688808441,-4.720534378785718e-8,-0.9552782773971558,-6.633811134738425e-9,1,-5.146878872884932e-8,0.9552782773971558,2.1556882169523878e-8,0.2957082688808441]}},{"t":1.7466666666666701,"j":false,"c":{"p":[-920.8448525225197,168.91186423612038,861.4187144907263],"r":[0.2957082688808441,-4.973741094661924e-8,-0.9552782773971558,-6.966270471553271e-9,1,-5.422230862197989e-8,0.9552782773971558,2.2688712108745537e-8,0.2957082688808441]}},{"t":1.7600000000000036,"j":false,"c":{"p":[-920.5431222969341,168.92597884752712,861.3253032701034],"r":[0.2957082688808441,-5.226947810538131e-8,-0.9552782773971558,-7.298729808368115e-9,1,-5.697582851511046e-8,0.9552782773971558,2.3820542047967193e-8,0.2957082688808441]}},{"t":1.773333333333337,"j":false,"c":{"p":[-920.2444108477247,168.9386075540502,861.2328601811081],"r":[0.2957082688808441,-3.093826110855932e-8,-0.9552782773971558,-4.293519726234051e-9,1,-3.3715714618413154e-8,0.9552782773971558,1.4071521649373851e-8,0.2957082688808441]}},{"t":1.7866666666666704,"j":false,"c":{"p":[-919.9465466121275,168.95089538976939,861.1407060240434],"r":[0.2957082688808441,-2.4852183559837167e-9,-0.9552782773971558,-2.92206179166839e-10,1,-2.692018562728457e-9,0.9552782773971558,1.0751896202806411e-9,0.2957082688808441]}},{"t":1.8000000000000038,"j":false,"c":{"p":[-919.6486236941649,168.96240194797744,861.0485518669788],"r":[0.2957082688808441,2.5967824396591885e-8,-0.9552782773971558,3.7091073679003727e-9,1,2.8331677492956246e-8,0.9552782773971558,-1.1921142408812568e-8,0.2957082688808441]}},{"t":1.8133333333333372,"j":false,"c":{"p":[-919.3506692357145,168.9725813376594,860.9563977099141],"r":[0.2957082688808441,5.4420867149167494e-8,-0.9552782773971558,7.710420914967586e-9,1,5.9355373548640956e-8,0.9552782773971558,-2.491747443790578e-8,0.2957082688808441]}},{"t":1.8266666666666707,"j":false,"c":{"p":[-919.0527103786538,168.98088766780032,860.8642435528494],"r":[0.2957082688808441,8.287390990174312e-8,-0.9552782773971558,1.1711734462034798e-8,1,9.037906960432567e-8,0.9552782773971558,-3.791380646699899e-8,0.2957082688808441]}},{"t":1.840000000000004,"j":false,"c":{"p":[-918.7479147874219,168.98684325343118,860.7701978844913],"r":[0.2957082688808441,8.052160735951693e-8,-0.9552782773971558,1.1367482630547625e-8,1,8.781007946808784e-8,0.9552782773971558,-3.6825278387103834e-8,0.2957082688808441]}},{"t":1.8533333333333375,"j":false,"c":{"p":[-918.4373899441636,168.99026069581902,860.6750728473954],"r":[0.2957082688808441,6.092984778371606e-8,-0.9552782773971558,8.591341563174508e-9,1,6.64417652305964e-8,0.9552782773971558,-2.7854503302699728e-8,0.2957082688808441]}},{"t":1.866666666666671,"j":false,"c":{"p":[-918.1268101033618,168.99187430537083,860.5799473662469],"r":[0.2957082688808441,4.133808820791519e-8,-0.9552782773971558,5.815200495801394e-9,1,4.507345099310497e-8,0.9552782773971558,-1.888372821829563e-8,0.2957082688808441]}},{"t":1.8800000000000043,"j":false,"c":{"p":[-917.8187383357173,168.99253918449907,860.4848497705065],"r":[0.2957082688808441,2.1746328632114312e-8,-0.9552782773971558,3.0390594284282776e-9,1,2.3705136755613545e-8,0.9552782773971558,-9.912953133891523e-9,0.2957082688808441]}},{"t":1.8933333333333378,"j":false,"c":{"p":[-917.5157377119308,168.9931104356162,860.3898083896354],"r":[0.2957082688808441,2.154569056313457e-9,-0.9552782773971558,2.6291836105516306e-10,1,2.3368225181221187e-9,0.9552782773971558,-9.421780494874234e-10,0.2957082688808441]}},{"t":1.9066666666666712,"j":false,"c":{"p":[-917.2210435144914,168.994016553021,860.295388189949],"r":[0.30019322705407125,-1.8580365467330026e-8,-0.9538036982610298,-2.290527052171858e-9,1,-2.0405671285976212e-8,0.9538036982610298,8.745183891513227e-9,0.30019322705407125]}},{"t":1.9200000000000046,"j":false,"c":{"p":[-916.936799806509,168.9944364501851,860.202899409476],"r":[0.3068810346708244,-3.98767862301854e-8,-0.951604859119796,-4.734592404568034e-9,1,-4.382311245339112e-8,0.951604859119796,1.8784507411044252e-8,0.3068810346708244]}},{"t":1.933333333333338,"j":false,"c":{"p":[-9