{"d":[{"c":{"r":[0,0,-1,0,1,0,1,0,0],"p":[-958.0599975585938,169.17869567871095,874.9600219726563]},"t":0.063720703125},{"c":{"r":[0.4756240248680115,1.3553387745446344e-8,-0.8796486854553223,-5.5109826035959489e-8,1,-1.439002694780811e-8,0.8796486854553223,5.532152513865185e-8,0.4756240248680115],"p":[-958.0159301757813,169.17869567871095,874.9362182617188]},"t":0.7988605499267578},{"c":{"r":[0.4756239354610443,2.822767619647948e-8,-0.879648745059967,-1.1002835265117028e-7,1,-2.7402348834471014e-8,0.879648745059967,1.0981951703570303e-7,0.4756239354610443],"p":[-956.875732421875,169.17869567871095,874.3197631835938]},"t":0.8640713691711426},{"c":{"r":[0.47562363743782046,-1.6951273718035509e-9,-0.8796488642692566,7.282156211374513e-9,1,2.0103911868574188e-9,0.8796488642692566,-7.361930176585929e-9,0.47562363743782046],"p":[-955.5564575195313,169.0419464111328,873.6065673828125]},"t":0.929734468460083},{"c":{"r":[0.4756244122982025,-1.565058127539487e-8,-0.8796484470367432,6.092443527450087e-8,1,1.5149879573073123e-8,0.8796484470367432,-6.079773839928748e-8,0.4756244122982025],"p":[-954.1492309570313,168.98927307128907,872.8458251953125]},"t":0.9944155216217041},{"c":{"r":[0.4878602623939514,9.355930474796992e-10,-0.8729217648506165,-5.95745630604938e-9,1,-2.2577202329898684e-9,0.8729217648506165,6.301844823752845e-9,0.4878602623939514],"p":[-952.8322143554688,168.99386596679688,872.12841796875]},"t":1.0584743022918702},{"c":{"r":[0.47562503814697268,1.729226895008651e-8,-0.8796481490135193,-7.262543988417747e-8,1,-1.9610352453014458e-8,0.8796481490135193,7.321200712340215e-8,0.47562503814697268],"p":[-951.5186157226563,168.99436950683595,871.4046020507813]},"t":1.1203346252441407},{"c":{"r":[0.47562411427497866,2.146817656978328e-8,-0.8796486258506775,-8.775175075470543e-8,1,-2.3041780039534389e-8,0.8796486258506775,8.814993179839803e-8,0.47562411427497866],"p":[-950.1993408203125,168.99436950683595,870.69140625]},"t":1.1819863319396973},{"c":{"r":[0.4756247401237488,-2.464447490524435e-8,-0.8796482682228088,1.0254262861053576e-7,1,2.742838844937978e-8,0.8796482682228088,-1.0324706778419568e-7,0.4756247401237488],"p":[-948.8800659179688,168.99436950683595,869.9782104492188]},"t":1.2436418533325196},{"c":{"r":[0.47562429308891299,-5.394142021941661e-9,-0.8796485066413879,2.1469151789688113e-8,1,5.476173736695955e-9,0.8796485066413879,-2.1489908519356505e-8,0.47562429308891299],"p":[-947.4728393554688,168.99436950683595,869.2174682617188]},"t":1.311795711517334},{"c":{"r":[0.47562548518180849,1.3790590003281978e-8,-0.8796479105949402,-5.932767521699134e-8,1,-1.6401067171045726e-8,0.8796479105949402,5.998823127129072e-8,0.47562548518180849],"p":[-946.0656127929688,168.99436950683595,868.4567260742188]},"t":1.37843918800354},{"t":1.4108729362487794,"c":{"r":[0.47562548518180849,2.0967922509385063e-8,-0.8796479105949402,-8.955539954058622e-8,1,-2.458586756404202e-8,0.8796479105949402,9.047088411762161e-8,0.47562548518180849],"p":[-945.5379028320313,168.99436950683595,868.1714477539063]},"j":true},{"t":1.4185607433319092,"c":{"r":[0.47562548518180849,2.455313818927607e-8,-0.8796479105949402,-1.046547595251468e-7,1,-2.867434822917403e-8,0.8796479105949402,1.0569758757128511e-7,0.47562548518180849],"p":[-945.2740478515625,169.6485595703125,868.02880859375]},"j":true},{"t":1.4254522323608399,"c":{"r":[0.4756254255771637,2.69420041831836e-8,-0.8796479105949402,-1.1471562544329572e-7,1,-3.139854243272566e-8,0.8796479105949402,1.158433065029385e-7,0.4756254255771637],"p":[-945.09814453125,170.06765747070313,867.9337158203125]},"j":true},{"c":{"r":[0.4756253659725189,3.2909721170426567e-8,-0.879647970199585,-1.398489928305935e-7,1,-3.820392535658357e-8,0.879647970199585,1.4118863589374087e-7,0.4756253659725189],"p":[-944.6583862304688,171.05580139160157,867.6959838867188]},"t":1.4455397129058838},{"c":{"r":[0.47562530636787417,1.5038205347650547e-8,-0.879647970199585,-6.360800597349226e-8,1,-1.7297118404258073e-8,0.879647970199585,6.417960207727447e-8,0.47562530636787417],"p":[-943.339111328125,173.50929260253907,866.9827880859375]},"t":1.5074446201324463},{"t":1.5100979804992676,"c":{"r":[0.47562530636787417,1.5038205347650547e-8,-0.879647970199585,-6.360800597349226e-8,1,-1.7297118404258073e-8,0.879647970199585,6.417960207727447e-8,0.47562530636787417],"p":[-943.339111328125,173.50929260253907,866.9827880859375]},"j":true},{"c":{"r":[0.47562530636787417,-2.6562316790545993e-8,-0.879647970199585,1.1321400705810447e-7,1,3.1018238644264787e-8,0.879647970199585,-1.1434153179834539e-7,0.47562530636787417],"p":[-942.0198364257813,175.19638061523438,866.2695922851563]},"t":1.571509838104248},{"c":{"r":[0.4756253659725189,-1.4541218895658404e-8,-0.879647970199585,6.171335797944266e-8,1,1.6837667260460877e-8,0.879647970199585,-6.229445403960199e-8,0.4756253659725189],"p":[-940.524658203125,176.18191528320313,865.4613037109375]},"t":1.641068696975708},{"c":{"r":[0.47562530636787417,4.125161545687206e-9,-0.879647970199585,-1.8058363693285174e-8,1,-5.074590969655901e-9,0.879647970199585,1.829860707402986e-8,0.47562530636787417],"p":[-939.117431640625,176.21022033691407,864.7005615234375]},"t":1.70809006690979},{"c":{"r":[0.47562530636787417,2.3888405920047263e-8,-0.879647970199585,-1.0251748250311721e-7,1,-2.827438194685783e-8,0.879647970199585,1.0362730762381034e-7,0.47562530636787417],"p":[-937.6222534179688,175.2848358154297,863.8922729492188]},"t":1.7756760120391846},{"c":{"r":[0.47562530636787417,3.7303149014178419e-8,-0.879647970199585,-1.5980864986886446e-7,1,-4.4001570387308678e-8,0.879647970199585,1.6150362114331075e-7,0.47562530636787417],"p":[-936.302978515625,173.6508331298828,863.1790771484375]},"t":1.839386224746704},{"c":{"r":[0.47562530636787417,-4.730920100115554e-9,-0.879647970199585,2.0383961185643785e-8,1,5.643403078181564e-9,0.879647970199585,-2.0614855600342709e-8,0.47562530636787417],"p":[-934.9837036132813,171.2504119873047,862.4658813476563]},"t":1.9071917533874512},{"c":{"r":[0.4756253957748413,-1.8125836831472953e-8,-0.8796479105949402,7.771143373247469e-8,1,2.141276311817819e-8,0.8796479105949402,-7.854315242639132e-8,0.4756253957748413],"p":[-933.576904296875,168.6049346923828,861.7051391601563]},"t":1.9708118438720704},{"t":1.977313756942749,"c":{"r":[0.4756253957748413,-1.8125836831472953e-8,-0.8796479105949402,7.771143373247469e-8,1,2.141276311817819e-8,0.8796479105949402,-7.854315242639132e-8,0.4756253957748413],"p":[-933.576904296875,168.6049346923828,861.7051391601563]},"j":true},{"t":2.002474546432495,"c":{"r":[0.4756225645542145,-8.05884869947704e-9,-0.8796494603157044,3.447627250352525e-8,1,9.479735219031227e-9,0.8796494603157044,-3.483581068053354e-8,0.4756225645542145],"p":[-933.049560546875,168.73106384277345,861.4198608398438]},"j":true},{"t":2.010348081588745,"c":{"r":[0.47562435269355776,-3.030341089171884e-9,-0.8796485066413879,1.2879468158644159e-8,1,3.5189595681828225e-9,0.8796485066413879,-1.3003107923736934e-8,0.47562435269355776],"p":[-932.785888671875,169.38525390625,861.2772216796875]},"j":true},{"t":2.017665147781372,"c":{"r":[0.4756244719028473,3.2025460061646529e-10,-0.8796484470367432,-1.510713221186677e-9,1,-4.5276901672330896e-10,0.8796484470367432,1.5442445100433134e-9,0.4756244719028473],"p":[-932.6099853515625,169.80435180664063,861.18212890625]},"j":true},{"c":{"r":[0.4756234288215637,1.0363463864848655e-8,-0.8796489834785461,-4.464439840035084e-8,1,-1.2357722845024455e-8,0.8796489834785461,4.514902229857398e-8,0.4756234288215637],"p":[-932.082275390625,170.9799041748047,860.8968505859375]},"t":2.0386459827423097},{"c":{"r":[0.49913787841796877,4.0224403363708919e-8,-0.8665226101875305,-1.576655819235384e-7,1,-4.439867851147028e-8,0.8665226101875305,1.5878184456141754e-7,0.49913787841796877],"p":[-930.6779174804688,173.5152130126953,860.1305541992188]},"t":2.105973958969116},{"c":{"r":[0.558605432510376,-1.1680992173523919e-8,-0.8294335603713989,3.7620093706891569e-8,1,1.1253215248530069e-8,0.8294335603713989,-3.748947463577679e-8,0.558605432510376],"p":[-929.3226928710938,175.17852783203126,859.2807006835938]},"t":2.1750731468200685},{"c":{"r":[0.5591919422149658,-3.5346687354831377e-8,-0.8290382027626038,1.1219155737762776e-7,1,3.3038201507906709e-8,0.8290382027626038,-1.1148578948905197e-7,0.5591919422149658],"p":[-928.0791015625,175.9459228515625,858.4423828125]},"t":2.2367537021636965},{"c":{"r":[0.5644366145133972,-3.189749619991744e-8,-0.8254764080047607,9.832665881503999e-8,1,2.8591570000457979e-8,0.8254764080047607,-9.730446492994816e-8,0.5644366145133972],"p":[-926.587158203125,175.85513305664063,857.43603515625]},"t":2.308715581893921},{"c":{"r":[0.5649664402008057,-3.0556424945871188e-8,-0.8251138925552368,9.220847374535879e-8,1,2.610339144837326e-8,0.8251138925552368,-9.083003504883891e-8,0.5649664402008057],"p":[-925.4317016601563,175.0215301513672,856.645263671875]},"t":2.3693182468414308},{"c":{"r":[0.5982778668403626,-3.5365996353675658e-8,-0.8012887239456177,9.184297056208379e-8,1,2.443765723114666e-8,0.8012887239456177,-8.821324115615426e-8,0.5982778668403626],"p":[-924.1187133789063,173.2513427734375,855.7307739257813]},"t":2.438237428665161},{"c":{"r":[0.6685771942138672,-6.655724860138435e-8,-0.7436427474021912,1.3429820455712616e-7,1,3.124009850807852e-8,0.7436427474021912,-1.2075629740593286e-7,0.6685771942138672],"p":[-922.87353515625,170.60914611816407,854.726806640625]},"t":2.503645896911621},{"t":2.5487449169158937,"c":{"r":[0.6691256165504456,-5.998025187636813e-8,-0.7431492805480957,1.1680187839147038e-7,1,2.4456566549702076e-8,0.7431492805480957,-1.0316575327351529e-7,0.6691256165504456],"p":[-922.205078125,169.89645385742188,854.1256713867188]},"j":true},{"c":{"r":[0.6691308617591858,-5.482803544509807e-8,-0.7431445717811585,1.0333163658060585e-7,1,1.9261863215547238e-8,0.7431445717811585,-8.967905529289055e-8,0.6691308617591858],"p":[-921.685302734375,169.85647583007813,853.6575927734375]},"t":2.5703468322753908},{"t":2.5763931274414064,"c":{"r":[0.6691308617591858,-5.482803544509807e-8,-0.7431445717811585,1.0333163658060585e-7,1,1.9261863215547238e-8,0.7431445717811585,-8.967905529289055e-8,0.6691308617591858],"p":[-921.685302734375,169.85647583007813,853.6575927734375]},"j":true},{"t":2.585845708847046,"c":{"r":[0.669130802154541,-5.2621857093981819e-8,-0.7431446313858032,9.756480778833066e-8,1,1.7038091826293568e-8,0.7431446313858032,-8.390547634462564e-8,0.669130802154541],"p":[-921.4624633789063,170.51747131347657,853.4569091796875]},"j":true},{"t":2.5958728790283205,"c":{"r":[0.6691308617591858,-5.115186141324557e-8,-0.7431445717811585,9.372231346560511e-8,1,1.555637041406044e-8,0.7431445717811585,-8.005847718095538e-8,0.6691308617591858],"p":[-921.3139038085938,170.94338989257813,853.3231201171875]},"j":true},{"c":{"r":[0.6794247627258301,-4.617563575948225e-8,-0.7337451577186585,7.645121513633058e-8,1,7.859972228629886e-9,0.7337451577186585,-6.143596920082928e-8,0.6794247627258301],"p":[-920.5029296875,173.0423583984375,852.5799560546875]},"t":2.6358590126037599},{"c":{"r":[0.6794404983520508,-3.904760603745672e-8,-0.7337306141853333,5.530966973310569e-8,1,-2.000699383941651e-9,0.7337306141853333,-3.9223039038915888e-8,0.6794404983520508],"p":[-919.4024658203125,175.24038696289063,851.5609741210938]},"t":2.6983089447021486},{"c":{"r":[0.6794417500495911,-3.194051245714036e-8,-0.7337294220924377,3.423583549988507e-8,1,-1.182896269824596e-8,0.7337294220924377,-1.708274766087925e-8,0.6794417500495911],"p":[-918.302001953125,176.6719970703125,850.5419921875]},"t":2.762439250946045},{"c":{"r":[0.6794404983520508,-2.4856108282733659e-8,-0.7337306141853333,1.3229448647678055e-8,1,-2.1625764290433837e-8,0.7337306141853333,4.98656937963915e-9,0.6794404983520508],"p":[-917.2015380859375,177.33721923828126,849.5230102539063]},"t":2.8252992630004885},{"c":{"r":[0.6794417500495911,-1.779438285609558e-8,-0.7337294220924377,-7.709695104551884e-9,1,-3.139123094797469e-8,0.7337294220924377,2.6985343737351287e-8,0.6794417500495911],"p":[-916.10107421875,177.2360076904297,848.5040283203125]},"t":2.8880884647369386},{"c":{"r":[0.6794404983520508,-1.075535838168662e-8,-0.7337306141853333,-2.858181602505283e-8,1,-4.1125449712353659e-8,0.7337306141853333,4.8913651795601257e-8,0.6794404983520508],"p":[-915.0006103515625,176.368408203125,847.4850463867188]},"t":2.9501540660858156},{"c":{"r":[0.6844436526298523,-3.4197942255786985e-9,-0.7290657162666321,-4.91014731096584e-8,1,-5.078689824244975e-8,0.7290657162666321,7.055897555119373e-8,0.6844436526298523],"p":[-913.90087890625,174.73440551757813,846.46533203125]},"t":3.010714292526245},{"c":{"r":[0.6895964741706848,3.1368849739976669e-9,-0.724193811416626,-6.777135297397763e-8,1,-6.020211884560922e-8,0.724193811416626,9.059476013817403e-8,0.6895964741706848],"p":[-912.8092041015625,172.333984375,845.4365844726563]},"t":3.0748848915100099},{"t":3.1273725032806398,"c":{"r":[0.6996508240699768,7.780870170392973e-9,-0.7144849300384522,-7.984921523984667e-8,1,-6.730120105657989e-8,0.7144849300384522,1.0413840101364258e-7,0.6996508240699768],"p":[-911.9471435546875,169.86183166503907,844.6016235351563]},"j":true},{"t":3.135683059692383,"c":{"r":[0.6996594071388245,8.221061165158972e-9,-0.7144765257835388,-8.165771703261271e-8,1,-6.845785804898697e-8,0.7144765257835388,1.0623970325696064e-7,0.6996594071388245],"p":[-911.80419921875,169.40213012695313,844.4617309570313]},"j":true},{"c":{"r":[0.6996623873710632,8.65980087638718e-9,-0.7144736051559448,-8.346511037871096e-8,1,-6.961433030028275e-8,0.7144736051559448,1.0834015284899579e-7,0.6996623873710632],"p":[-911.6612548828125,168.9287872314453,844.3218383789063]},"t":3.140618085861206},{"t":3.183385133743286,"c":{"r":[0.6996639370918274,1.084767919934393e-8,-0.7144721150398254,-9.248983445786507e-8,1,-7.53900977201738e-8,0.7144721150398254,1.1882914208172224e-7,0.6996639370918274],"p":[-910.946533203125,168.856689453125,843.6223754882813]},"j":true},{"t":3.192211866378784,"c":{"r":[0.6996638774871826,1.1066166649698062e-8,-0.7144721746444702,-9.339124318330505e-8,1,-7.596700157819214e-8,0.7144721746444702,1.1987681602931844e-7,0.6996638774871826],"p":[-910.8750610351563,169.07815551757813,843.5524291992188]},"j":true},{"c":{"r":[0.6996638774871826,1.1939688349116296e-8,-0.7144721746444702,-9.699493830339634e-8,1,-7.827339487676e-8,0.7144721746444702,1.240652522938035e-7,0.6996638774871826],"p":[-910.5891723632813,169.9299774169922,843.2726440429688]},"t":3.2047672271728517},{"t":3.209820032119751,"c":{"r":[0.6996638774871826,1.1939688349116296e-8,-0.7144721746444702,-9.699493830339634e-8,1,-7.827339487676e-8,0.7144721746444702,1.240652522938035e-7,0.6996638774871826],"p":[-910.5891723632813,169.9299774169922,843.2726440429688]},"j":true},{"c":{"r":[0.6996638774871826,1.542634464613002e-8,-0.7144721746444702,-1.1137898781043987e-7,1,-8.747927182639614e-8,0.7144721746444702,1.4078327126298974e-7,0.6996638774871826],"p":[-909.4456176757813,172.7922821044922,842.1535034179688]},"t":3.2708988189697267},{"c":{"r":[0.6996638774871826,1.890112777402919e-8,-0.7144721746444702,-1.2571398144700653e-7,1,-9.665372857625698e-8,0.7144721746444702,1.5744426207220386e-7,0.6996638774871826],"p":[-908.3020629882813,174.7825927734375,841.0343627929688]},"t":3.3372747898101808},{"c":{"r":[0.7188722491264343,2.6552065435225815e-8,-0.6951422095298767,-1.3892642414248258e-7,1,-1.0547235973490388e-7,0.6951422095298767,1.723947775644774e-7,0.7188722491264343],"p":[-907.1609497070313,175.90090942382813,839.9127807617188]},"t":3.4050333499908449},{"c":{"r":[0.7520755529403687,1.3501726847664486e-8,-0.6590769290924072,-1.0999703192737798e-7,1,-1.0503228509151086e-7,0.6590769290924072,1.5148872023473815e-7,0.7520755529403687],"p":[-906.0096435546875,176.13365173339845,838.6622314453125]},"t":3.471599578857422},{"c":{"r":[0.7524150013923645,-1.3662558195903785e-8,-0.6586893796920776,-7.051934858282039e-8,1,-1.0129566163641357e-7,0.6586893796920776,1.2266671944871633e-7,0.7524150013923645],"p":[-905.0873413085938,175.58616638183595,837.6089477539063]},"t":3.5332484245300295},{"c":{"r":[0.7658514380455017,-4.19148840080652e-8,-0.643017590045929,-2.6290969401543408e-8,1,-9.64979207651595e-8,0.643017590045929,9.080862639621046e-8,0.7658514380455017],"p":[-904.1038818359375,174.25872802734376,836.4764404296875]},"t":3.59529447555542},{"c":{"r":[0.774942934513092,-8.067308954196051e-8,-0.6320312023162842,3.3023514589558547e-8,1,-8.715036159401279e-8,0.6320312023162842,4.666465969194178e-8,0.774942934513092],"p":[-903.150634765625,172.1648712158203,835.3179931640625]},"t":3.656450033187866},{"t":3.69333553314209,"c":{"r":[0.7793282866477966,-1.0283584828130188e-7,-0.6266158223152161,6.639466931801508e-8,1,-8.15373581986023e-8,0.6266158223152161,2.1940421035537839e-8,0.7793282866477966],"p":[-902.6483764648438,171.37294006347657,834.6962280273438]},"j":true},{"c":{"r":[0.7836933732032776,-1.2245989466919128e-7,-0.621147871017456,9.572890036224635e-8,1,-7.637115828629249e-8,0.621147871017456,3.897696887467106e-10,0.7836933732032776],"p":[-902.2131958007813,171.37083435058595,834.1500244140625]},"t":3.722454786300659},{"t":3.734632968902588,"c":{"r":[0.7836935520172119,-1.2810595251266933e-7,-0.6211476922035217,1.041022485992471e-7,1,-7.48963415730941e-8,0.6211476922035217,-5.967090377367867e-9,0.7836935520172119],"p":[-902.0892944335938,171.33119201660157,833.99365234375]},"j":true},{"t":3.7424464225769045,"c":{"r":[0.7836935520172119,-1.3374959451084579e-7,-0.621147632598877,1.1247201570085963e-7,1,-7.34221501375032e-8,0.621147632598877,-1.2321263120895765e-8,0.7836935520172119],"p":[-901.9653930664063,171.77072143554688,833.8372802734375]},"j":true},{"t":3.750105619430542,"c":{"r":[0.7836936116218567,-1.3939082066372067e-7,-0.6211475729942322,1.20838222983366e-7,1,-7.194858397951976e-8,0.6211475729942322,-1.8672725587975948e-8,0.7836936116218567],"p":[-901.8412475585938,172.19664001464845,833.6806030273438]},"j":true},{"c":{"r":[0.7836936116218567,-1.6756089848968259e-7,-0.6211475729942322,1.6261567736819416e-7,1,-6.459017498627873e-8,0.6211475729942322,-5.038942774149291e-8,0.7836936116218567],"p":[-901.2199096679688,174.121826171875,832.8969116210938]},"t":3.787269353866577},{"c":{"r":[0.7836936116218567,1.405818395028291e-8,-0.6211475729942322,-2.504519036605757e-9,1,1.947268124524726e-8,0.6211475729942322,-1.3704939405556616e-8,0.7836936116218567],"p":[-900.2257690429688,176.49363708496095,831.6430053710938]},"t":3.8545615673065187},{"c":{"r":[0.7836928367614746,1.070595843088995e-7,-0.6211485266685486,-9.50487830664315e-8,1,5.243598621973433e-8,0.6211485266685486,1.794570714253041e-8,0.7836928367614746],"p":[-899.2316284179688,177.99343872070313,830.3890991210938]},"t":3.9212772846221926},{"c":{"r":[0.7836928367614746,4.532452280159305e-8,-0.6211485266685486,-5.2421938789848357e-8,1,6.828999588037732e-9,0.6211485266685486,2.7209972941477646e-8,0.7836928367614746],"p":[-898.2374877929688,178.62124633789063,829.1351928710938]},"t":3.9872629642486574},{"c":{"r":[0.7836928367614746,-1.619985567913318e-8,-0.6211485266685486,-9.940606560121524e-9,1,-3.8622381737241088e-8,0.6211485266685486,3.6442678208459259e-8,0.7836928367614746],"p":[-897.2433471679688,178.37705993652345,827.8812866210938]},"t":4.054298400878906},{"c":{"r":[0.7836928367614746,-6.986141443121596e-8,-0.6211485266685486,2.7111584088856945e-8,1,-7.826510994846103e-8,0.6211485266685486,4.4495482853790239e-8,0.7836928367614746],"p":[-896.3734741210938,177.4480743408203,826.7841186523438]},"t":4.114429235458374},{"c":{"r":[0.7796118855476379,-1.2766730606017519e-7,-0.6262629628181458,6.688811282629104e-8,1,-1.2058917775448209e-7,0.6262629628181458,5.2123208860166417e-8,0.7796118855476379],"p":[-895.4414672851563,175.71188354492188,825.6085815429688]},"t":4.17470383644104},{"t":4.221907377243042,"c":{"r":[0.7749461531639099,-4.9675104918378568e-8,-0.632027268409729,3.044682017616651e-8,1,-4.126476582655414e-8,0.632027268409729,1.273474925511664e-8,0.7749461531639099],"p":[-894.8969116210938,175.1830291748047,824.9320678710938]},"j":true},{"c":{"r":[0.766045093536377,7.041857230660753e-8,-0.6427868604660034,-2.8015954001148203e-8,1,7.616379349428826e-8,0.6427868604660034,-4.033661227254015e-8,0.766045093536377],"p":[-894.4169311523438,175.11451721191407,824.3480834960938]},"t":4.244369029998779},{"t":4.253489971160889,"c":{"r":[0.766045093536377,7.041857230660753e-8,-0.6427868604660034,-2.8015954001148203e-8,1,7.616379349428826e-8,0.6427868604660034,-4.033661227254015e-8,0.766045093536377],"p":[-894.4169311523438,175.11451721191407,824.3480834960938]},"j":true},{"t":4.2608397006988529,"c":{"r":[0.7615383863449097,1.1565970936544545e-7,-0.6481198072433472,-4.941341913422548e-8,1,1.2039362218274619e-7,0.6481198072433472,-5.965855365275275e-8,0.7615383863449097],"p":[-894.2360229492188,175.7755126953125,824.1294555664063]},"j":true},{"t":4.270635366439819,"c":{"r":[0.7615383267402649,1.143571992656689e-7,-0.6481198668479919,-4.92822636033452e-8,1,1.1853804693373604e-7,0.6481198668479919,-5.833044625092043e-8,0.7615383267402649],"p":[-894.1737060546875,175.99017333984376,824.0551147460938]},"j":true},{"c":{"r":[0.7615383267402649,1.000478704327179e-7,-0.6481198668479919,-4.7841407280202478e-8,1,9.8152838745591e-8,0.6481198668479919,-4.374017947839093e-8,0.7615383267402649],"p":[-893.4622192382813,178.12661743164063,823.2183837890625]},"t":4.306561231613159},{"c":{"r":[0.7478410601615906,7.482547204062939e-8,-0.6638777852058411,-3.9680994490254309e-8,1,6.801010243862038e-8,0.6638777852058411,-2.451741742959257e-8,0.7478410601615906],"p":[-892.3469848632813,180.61770629882813,821.9352416992188]},"t":4.376129627227783},{"c":{"r":[0.7245339751243591,4.310705037369189e-8,-0.6892390847206116,-1.9268986406473233e-8,1,4.2287236823312926e-8,0.6892390847206116,-1.735760335463965e-8,0.7245339751243591],"p":[-891.2688598632813,182.06301879882813,820.753173828125]},"t":4.444113492965698},{"c":{"r":[0.7146497964859009,5.422618354344877e-9,-0.6994823813438416,1.2648063929532327e-8,1,2.06746513242706e-8,0.6994823813438416,-2.362223305851785e-8,0.7146497964859009],"p":[-890.23046875,182.62603759765626,819.67041015625]},"t":4.5082104206085209},{"c":{"r":[0.7144722938537598,-3.654144364872991e-8,-0.6996636986732483,4.922341645396955e-8,1,-1.9619041946583595e-9,0.6996636986732483,-3.3038112690064739e-8,0.7144722938537598],"p":[-889.111572265625,182.38185119628907,818.526611328125]},"t":4.57303524017334},{"c":{"r":[0.714472234249115,-7.578143623732103e-8,-0.6996638178825378,8.343435808910726e-8,1,-2.311096558571535e-8,0.6996638178825378,-4.186385638149659e-8,0.714472234249115],"p":[-888.0623779296875,181.3609619140625,817.4545288085938]},"t":4.635075807571411},{"c":{"r":[0.714472234249115,-1.1749910555636234e-7,-0.6996638178825378,1.1980540648437455e-7,1,-4.5595424325028947e-8,0.6996638178825378,-5.12468432134483e-8,0.714472234249115],"p":[-886.9432373046875,179.42727661132813,816.3109741210938]},"t":4.703084468841553},{"c":{"r":[0.714472234249115,-1.3364525841552678e-7,-0.6996638178825378,1.3162113532416698e-7,1,-5.660663404682964e-8,0.6996638178825378,-5.164667271628787e-8,0.714472234249115],"p":[-885.9649658203125,177.14256286621095,815.3114013671875]},"t":4.763807773590088},{"c":{"r":[0.714472234249115,8.102810511445569e-8,-0.6996638178825378,-8.206622936768326e-8,1,3.2006891359515069e-8,0.6996638178825378,3.455073382951923e-8,0.714472234249115],"p":[-884.855224609375,176.83717346191407,814.1781616210938]},"t":4.829046726226807},{"t":4.844233989715576,"c":{"r":[0.714472234249115,8.264284190317994e-8,-0.6996638178825378,-8.31899455988605e-8,1,3.316726804314385e-8,0.6996638178825378,3.450790231340761e-8,0.714472234249115],"p":[-884.720703125,176.7356414794922,814.0408325195313]},"j":true},{"t":4.8511974811553959,"c":{"r":[0.714472234249115,8.506364679305989e-8,-0.6996638178825378,-8.487461400363827e-8,1,3.490689692853266e-8,0.6996638178825378,3.4443687013663296e-8,0.714472234249115],"p":[-884.5196533203125,177.38983154296876,813.8355712890625]},"j":true},{"t":4.858576536178589,"c":{"r":[0.714472234249115,8.667664985750889e-8,-0.6996638178825378,-8.599712231216472e-8,1,3.606603016237386e-8,0.6996638178825378,3.440089813011582e-8,0.714472234249115],"p":[-884.3814086914063,177.80892944335938,813.6943969726563]},"j":true},{"c":{"r":[0.714472234249115,9.473135520465803e-8,-0.6996638178825378,-9.160249447859315e-8,1,4.1854267607277509e-8,0.6996638178825378,3.418723792947276e-8,0.714472234249115],"p":[-883.6821899414063,179.70005798339845,812.9800415039063]},"t":4.896942138671875},{"t":4.935366630554199,"c":{"r":[0.714472234249115,1.0035942921149399e-7,-0.6996638178825378,-9.551914104122261e-8,1,4.589869462279239e-8,0.6996638178825378,3.4037942242548527e-8,0.714472234249115],"p":[-883.1925659179688,180.82118225097657,812.479736328125]},"j":true},{"c":{"r":[0.7096120119094849,1.0510801473628817e-7,-0.7045926451683044,-9.834009517817322e-8,1,5.0134929097112038e-8,0.7045926451683044,3.371336276813963e-8,0.7096120119094849],"p":[-882.7012329101563,181.775390625,811.9811401367188]},"t":4.957738161087036},{"c":{"r":[0.7095710039138794,1.1516841169623149e-7,-0.7046339511871338,-1.0314429488289534e-7,1,5.9577338618055367e-8,0.7046339511871338,3.040462104308972e-8,0.7095710039138794],"p":[-881.6447143554688,183.2581024169922,810.9163818359375]},"t":5.021831274032593},{"c":{"r":[0.7095707654953003,1.2586673392434023e-7,-0.7046341896057129,-1.0824943075249394e-7,1,6.961925436144156e-8,0.7046341896057129,2.6876463721237088e-8,0.7095707654953003],"p":[-880.5177612304688,183.9949188232422,809.7806396484375]},"t":5.0873894691467289},{"c":{"r":[0.7095704674720764,1.3586324598691136e-7,-0.7046344876289368,-1.1301967361987409e-7,1,7.900241882907722e-8,0.7046344876289368,2.3579778130056185e-8,0.7095704674720764],"p":[-879.4612426757813,183.89370727539063,808.7158813476563]},"t":5.14778208732605},{"c":{"r":[0.7144651412963867,1.4614458621053928e-7,-0.6996710300445557,-1.1719318138148083e-7,1,8.920497407416406e-8,0.6996710300445557,1.826282769457066e-8,0.7144651412963867],"p":[-878.33740234375,182.94102478027345,807.5771484375]},"t":5.214047431945801},{"c":{"r":[0.7144715189933777,1.5563053068490263e-7,-0.6996645331382752,-1.2035431495860394e-7,1,9.953455304412273e-8,0.6996645331382752,1.3093048423229448e-8,0.7144715189933777],"p":[-877.21826171875,181.1163330078125,806.43359375]},"t":5.280805349349976},{"c":{"r":[0.7144715189933777,1.6508384703683988e-7,-0.6996645331382752,-1.2350508882263967e-7,1,1.0982830644934438e-7,0.6996645331382752,7.942944080241432e-9,0.7144715189933777],"p":[-876.09912109375,178.4196319580078,805.2900390625]},"t":5.347390651702881},{"t":5.4072425365448,"c":{"r":[0.7144712805747986,8.325368838768554e-8,-0.6996647119522095,-6.057450718799373e-8,1,5.7134418085524888e-8,0.6996647119522095,1.5609447068243299e-9,0.7144712805747986],"p":[-875.2708740234375,176.6140899658203,804.4439086914063]},"j":true},{"c":{"r":[0.7144712805747986,1.8393718548281869e-8,-0.6996647119522095,-1.2234281143719273e-8,1,1.3796143782940362e-8,0.6996647119522095,-1.2970534646328247e-9,0.7144712805747986],"p":[-875.0799560546875,176.61160278320313,804.2489013671875]},"t":5.414241075515747},{"t":5.439697980880737,"c":{"r":[0.7144712805747986,-9.13142059744132e-8,-0.6996647119522095,6.93521187145052e-8,1,-5.969160099539295e-8,0.6996647119522095,-5.875298914048699e-9,0.7144712805747986],"p":[-874.7299194335938,176.61146545410157,803.8914184570313]},"j":true},{"t":5.448069334030151,"c":{"r":[0.7144712805747986,-9.471376216652061e-8,-0.6996647119522095,7.152749503802625e-8,1,-6.232902194369672e-8,0.6996647119522095,-5.512965195464403e-9,0.7144712805747986],"p":[-874.6195678710938,177.0543975830078,803.7787475585938]},"j":true},{"t":5.464285135269165,"c":{"r":[0.7144713401794434,-1.0150851181833787e-7,-0.6996646523475647,7.587545525211681e-8,1,-6.760048165688204e-8,0.6996646523475647,-4.788768048769043e-9,0.7144713401794434],"p":[-874.3936767578125,177.90621948242188,803.548095703125]},"j":true},{"c":{"r":[0.7144713401794434,-1.0829744212514925e-7,-0.6996646523475647,8.02197064331267e-8,1,-7.286742231826793e-8,0.6996646523475647,-4.065206837822188e-9,0.7144713401794434],"p":[-874.1417236328125,178.70355224609376,803.2908935546875]},"t":5.475903749465942},{"c":{"r":[0.714472770690918,-1.3370434714943259e-7,-0.6996632218360901,9.64776276646262e-8,1,-9.257840360987757e-8,0.6996632218360901,-1.3570984336297443e-9,0.714472770690918],"p":[-873.0966796875,181.2081298828125,802.223388671875]},"t":5.541638135910034},{"c":{"r":[0.7097471356391907,-1.5907222916666797e-7,-0.7044565081596375,1.1276374323188065e-7,1,-1.1219781015370245e-7,0.7044565081596375,1.9492525649145166e-10,0.7097471356391907],"p":[-872.0474853515625,182.94631958007813,801.1513061523438]},"t":5.605864524841309},{"c":{"r":[0.6950535774230957,-1.8977723925672763e-7,-0.7189579606056213,1.3476542903845257e-7,1,-1.3367686335641339e-7,0.7189579606056213,-3.978096518864049e-9,0.6950535774230957],"p":[-870.8441772460938,183.98976135253907,799.950439453125]},"t":5.671966552734375},{"c":{"r":[0.6693664789199829,2.0559101088224453e-8,-0.7429323792457581,-5.413621995131734e-9,1,2.279535138427491e-8,0.7429323792457581,-1.1236489072530276e-8,0.6693664789199829],"p":[-869.7508544921875,184.09292602539063,798.923828125]},"t":5.738495349884033},{"c":{"r":[0.6639256477355957,1.0709397457731029e-7,-0.7477986216545105,-6.412279418555045e-8,1,8.628153125300742e-8,0.7477986216545105,-9.333584571891152e-9,0.6639256477355957],"p":[-868.481689453125,183.28335571289063,797.7927856445313]},"t":5.805506229400635},{"c":{"r":[0.6639253497123718,5.180109496905061e-8,-0.7477988600730896,-3.936220949185554e-8,1,3.432410622394855e-8,0.7477988600730896,6.6463710091113629e-9,0.6639253497123718],"p":[-867.285400390625,181.62217712402345,796.7302856445313]},"t":5.871119737625122},{"c":{"r":[0.6639253497123718,1.353161610539999e-10,-0.7477988600730896,-1.6225845556050446e-8,1,-1.422499362746521e-8,0.7477988600730896,2.157800160773604e-8,0.6639253497123718],"p":[-866.1638793945313,179.27284240722657,795.7341918945313]},"t":5.9381020069122318},{"t":5.968273162841797,"c":{"r":[0.6639253497123718,-2.3918808267353598e-8,-0.7477988600730896,-5.454202867127833e-9,1,-3.6828076588335537e-8,0.7477988600730896,2.8529740347948974e-8,0.6639253497123718],"p":[-865.6405029296875,177.91421508789063,795.2693481445313]},"j":true},{"t":5.992763996124268,"c":{"r":[0.6639253497123718,-4.107832651811805e-8,-0.7477988600730896,2.229977091872115e-9,1,-5.2952458418076279e-8,0.7477988600730896,3.3488905870626698e-8,0.6639253497123718],"p":[-865.2683715820313,177.1702423095703,794.9389038085938]},"j":true},{"c":{"r":[0.6639253497123718,-5.479275699826758e-8,-0.7477988600730896,8.371416448937908e-9,1,-6.583957912198457e-8,0.7477988600730896,3.7452426937534258e-8,0.6639253497123718],"p":[-864.9738159179688,177.1525115966797,794.6773681640625]},"t":6.003968715667725},{"t":6.046216249465942,"c":{"r":[0.6639253497123718,-8.218649583113802e-8,-0.7477988600730896,2.063857351686238e-8,1,-9.158080871429775e-8,0.7477988600730896,4.5369318968369046e-8,0.6639253497123718],"p":[-864.3849487304688,177.11251831054688,794.1544189453125]},"j":true},{"t":6.058377504348755,"c":{"r":[0.6639253497123718,-9.24470953123091e-8,-0.7477988600730896,2.5233358513787608e-8,1,-1.0122244020749349e-7,0.7477988600730896,4.8334666047367139e-8,0.6639253497123718],"p":[-864.1641235351563,177.76670837402345,793.9583129882813]},"j":true},{"t":6.068560361862183,"c":{"r":[0.6639253497123718,-1.0270111516774705e-7,-0.7477988600730896,2.9825208969214148e-8,1,-1.1085789708431548e-7,0.7477988600730896,5.129811242454707e-8,0.6639253497123718],"p":[-863.9404296875,178.39024353027345,793.759765625]},"j":true},{"c":{"r":[0.6639253497123718,-1.1294857671373393e-7,-0.7477988600730896,3.441411777771464e-8,1,-1.2048718645019108e-7,0.7477988600730896,5.425965809990885e-8,0.6639253497123718],"p":[-863.7161254882813,178.98313903808595,793.5606079101563]},"t":6.0724310874938969},{"c":{"r":[0.6639253497123718,-1.6408750980190235e-7,-0.7477988600730896,5.731462238145468e-8,1,-1.685411490370825e-7,0.7477988600730896,6.903893989829158e-8,0.6639253497123718],"p":[-862.5946044921875,181.4877166748047,792.5645141601563]},"t":6.1384665966033939},{"c":{"r":[0.6639253497123718,8.761563918824322e-9,-0.7477988600730896,-4.707437217810195e-10,1,1.129852655878949e-8,0.7477988600730896,-7.14935666223937e-9,0.6639253497123718],"p":[-861.3983154296875,183.3145294189453,791.5020141601563]},"t":6.203850507736206},{"c":{"r":[0.6742745041847229,9.916497845097183e-8,-0.738480806350708,-3.1253438947942416e-8,1,1.0574625264325732e-7,0.738480806350708,-4.822193488962512e-8,0.6742745041847229],"p":[-860.2083129882813,184.26934814453126,790.4324340820313]},"t":6.270299673080444},{"c":{"r":[0.6743013858795166,4.454427582345488e-8,-0.7384562492370606,-1.2484784761568335e-8,1,4.892066129968953e-8,0.7384562492370606,-2.376780372514986e-8,0.6743013858795166],"p":[-859.0266723632813,184.35214233398438,789.3533325195313]},"t":6.33753776550293},{"c":{"r":[0.6845236420631409,-1.1143276523739587e-8,-0.7289906740188599,8.694939879205777e-9,1,-7.121332412651782e-9,0.7289906740188599,-1.4638098511099429e-9,0.6845236420631409],"p":[-857.8511962890625,183.5629425048828,788.2678833007813]},"t":6.400459289550781},{"c":{"r":[0.6944752931594849,-6.477962699591444e-8,-0.7195165157318115,3.270183768222523e-8,1,-5.84684407556324e-8,0.7195165157318115,1.707537577999574e-8,0.6944752931594849],"p":[-856.7619018554688,182.0311279296875,787.236572265625]},"t":6.463263273239136},{"c":{"r":[0.7188698053359985,-1.2276851180104132e-7,-0.695144772529602,6.740214786304932e-8,1,-1.0690600049656496e-7,0.695144772529602,2.999723847096902e-8,0.7188698053359985],"p":[-855.6959228515625,179.73289489746095,786.1812744140625]},"t":6.526304721832275},{"t":6.5737144947052,"c":{"r":[0.7337263822555542,-9.344435447644628e-9,-0.6794450879096985,1.0421444152086679e-8,1,-2.4990194358309738e-9,0.6794450879096985,-5.247202672364892e-9,0.7337263822555542],"p":[-855.017822265625,179.6266632080078,785.4646606445313]},"j":true},{"t":6.5816686153411869,"c":{"r":[0.7337284684181213,1.667122973003643e-8,-0.679442822933197,-3.00301494782218e-9,1,2.129367082659428e-8,0.679442822933197,-1.3583395741534332e-8,0.7337284684181213],"p":[-854.8837890625,179.58702087402345,785.3200073242188]},"j":true},{"t":6.588984251022339,"c":{"r":[0.7337288856506348,2.9674893653464097e-8,-0.6794423460960388,-9.713096105201658e-9,1,3.3186207559765538e-8,0.6794423460960388,-1.7750188874288143e-8,0.7337288856506348],"p":[-854.8167724609375,179.80848693847657,785.2476806640625]},"j":true},{"c":{"r":[0.7337284088134766,6.866926582915767e-8,-0.6794428825378418,-2.9834716031018618e-8,1,6.88485926048088e-8,0.6794428825378418,-3.024518591132619e-8,0.7337284088134766],"p":[-854.61572265625,180.4524688720703,785.0307006835938]},"t":6.592685699462891},{"t":6.603986740112305,"c":{"r":[0.7337291836738586,8.166179554791597e-8,-0.6794420480728149,-3.653906688327879e-8,1,8.073097035321553e-8,0.6794420480728149,-3.440848672653374e-8,0.7337291836738586],"p":[-854.5481567382813,180.66030883789063,784.9577026367188]},"j":true},{"c":{"r":[0.7337293028831482,9.738467809938811e-8,-0.6794419288635254,-4.90233453831479e-8,1,9.039008830313833e-8,0.6794419288635254,-3.301333961758246e-8,0.7337293028831482],"p":[-853.6652221679688,183.05235290527345,784.004150390625]},"t":6.653967380523682},{"c":{"r":[0.7337293028831482,3.316583985224497e-8,-0.6794419288635254,-2.363546869332822e-8,1,2.328941484108782e-8,0.6794419288635254,-1.0291982821541979e-9,0.7337293028831482],"p":[-852.5783081054688,185.20616149902345,782.830322265625]},"t":6.717573642730713},{"c":{"r":[0.7337293028831482,-2.684032374133949e-8,-0.6794419288635254,8.697130515766816e-11,1,-3.940956361248027e-8,0.6794419288635254,2.8856860012638209e-8,0.7337293028831482],"p":[-851.559326171875,186.43341064453126,781.7298583984375]},"t":6.780350685119629},{"c":{"r":[0.7337293028831482,-8.267289075547524e-8,-0.6794419288635254,2.2159431622981175e-8,1,-9.774767306680588e-8,0.6794419288635254,5.6664283931695539e-8,0.7337293028831482],"p":[-850.6082763671875,186.88735961914063,780.7027587890625]},"t":6.841458559036255},{"c":{"r":[0.7337293028831482,-1.4627742928041699e-7,-0.6794419288635254,4.7304368422373957e-8,1,-1.642065683427063e-7,0.6794419288635254,8.834260256662674e-8,0.7337293028831482],"p":[-849.5213623046875,186.5886688232422,779.5289306640625]},"t":6.907641172409058},{"c":{"r":[0.7337286472320557,5.965418714559689e-10,-0.6794425845146179,2.012025213105062e-9,1,3.050768970780382e-9,0.6794425845146179,-3.6054923491235515e-9,0.7337286472320557],"p":[-848.4344482421875,185.41798400878907,778.3551025390625]},"t":6.97394585609436},{"c":{"r":[0.7337286472320557,1.0112536585893395e-7,-0.6794425845146179,-3.039052387521224e-8,1,1.1601710525610543e-7,0.6794425845146179,-6.447645972684768e-8,0.7337286472320557],"p":[-847.3475341796875,183.3752899169922,777.1812744140625]},"t":7.042121171951294},{"c":{"r":[0.7337285876274109,3.890998456768102e-8,-0.6794427037239075,-1.3783068908423957e-8,1,4.2383192067063649e-8,0.6794427037239075,-2.1732954991193766e-8,0.7337285876274109],"p":[-846.3346557617188,181.91876220703126,776.08740234375]},"t":7.10394811630249},{"t":7.118041515350342,"c":{"r":[0.7337286472320557,2.64907988878349e-8,-0.6794426441192627,-1.0467952726855856e-8,1,2.7684693648666326e-8,0.6794426441192627,-1.3200679660485548e-8,0.7337286472320557],"p":[-846.1337890625,181.91864013671876,775.8704223632813]},"j":true},{"t":7.133478879928589,"c":{"r":[0.7337286472320557,1.4079565069380351e-8,-0.6794426441192627,-7.154957959443209e-9,1,1.2995604592447308e-8,0.6794426441192627,-4.673863518434018e-9,0.7337286472320557],"p":[-845.9329223632813,181.87899780273438,775.6534423828125]},"j":true},{"t":7.142445802688599,"c":{"r":[0.7337285876274109,5.809826841840504e-9,-0.6794427037239075,-4.947474430139209e-9,1,3.208104670804346e-9,0.6794427037239075,1.007647298933989e-9,0.7337285876274109],"p":[-845.7990112304688,182.3185272216797,775.5087890625]},"j":true},{"t":7.1507909297943119,"c":{"r":[0.7337286472320557,-2.4563810985256397e-9,-0.6794425845146179,-2.7409330360939068e-9,1,-6.5752163713739268e-9,0.6794425845146179,6.686731612859376e-9,0.7337286472320557],"p":[-845.6636352539063,182.74444580078126,775.362548828125]},"j":true},{"c":{"r":[0.7337286472320557,-2.723382763747395e-8,-0.6794425845146179,3.873040554935869e-9,1,-3.59001148808602e-8,0.6794425845146179,2.3709434415764009e-8,0.7337286472320557],"p":[-845.256103515625,183.9404296875,774.9224243164063]},"t":7.169870138168335},{"t":7.199982166290283,"c":{"r":[0.7337286472320557,-5.197954422442308e-8,-0.6794425845146179,1.0478547807224459e-8,1,-6.518745010453131e-8,0.6794425845146179,4.071033288255421e-8,0.7337286472320557],"p":[-844.8485107421875,185.0137939453125,774.4822387695313]},"j":true},{"c":{"r":[0.7430394291877747,-9.307844806016874e-8,-0.6692476272583008,2.2963831725064666e-8,1,-1.1358338269928936e-7,0.6692476272583008,6.90284451820844e-8,0.7430394291877747],"p":[-844.172607421875,186.53024291992188,773.7453002929688]},"t":7.237868547439575},{"c":{"r":[0.7476320266723633,-1.1681156308895879e-7,-0.6641132235527039,3.331183151544792e-8,1,-1.3838990753356485e-7,0.6641132235527039,8.134190210284942e-8,0.7476320266723633],"p":[-843.1022338867188,188.248046875,772.5559692382813]},"t":7.305064916610718},{"c":{"r":[0.747798502445221,4.8339824587628757e-8,-0.6639257073402405,-1.0656539650710784e-8,1,6.080632175553547e-8,0.6639257073402405,-3.839572570996097e-8,0.747798502445221],"p":[-842.0394897460938,189.09385681152345,771.3599243164063]},"t":7.3709423542022709},{"c":{"r":[0.7477985620498657,7.591265926976121e-8,-0.6639257073402405,-1.990015796593525e-8,1,9.192497429921787e-8,0.6639257073402405,-5.5529135067899918e-8,0.7477985620498657],"p":[-840.9105834960938,189.0370635986328,770.0888671875]},"t":7.43914318