{"v":1,"d":[{"t":0,"j":false,"c":{"p":[-424.3701477050781,249.25177001953125,783.6978759765625],"r":[0.9271838068962097,2.933719933650991e-8,0.3746066391468048,-1.680320416141967e-8,1,-3.6725296581607836e-8,-0.3746066391468048,2.7756509979326438e-8,0.9271838068962097]}},{"t":0.014285714285714285,"j":false,"c":{"p":[-424.4983739498208,249.24656827059985,783.3805484011892],"r":[0.9271838068962097,3.187172658722301e-8,0.3746066391468048,-1.8408989797649506e-8,1,-3.951667454965734e-8,-0.3746066391468048,2.9743092002774258e-8,0.9271838068962097]}},{"t":0.02857142857142857,"j":false,"c":{"p":[-424.6266001945635,249.24136652166845,783.063220825816],"r":[0.9271838068962097,3.4406253837936106e-8,0.3746066391468048,-2.001477543387934e-8,1,-4.2308052517706836e-8,-0.3746066391468048,3.172967402622208e-8,0.9271838068962097]}},{"t":0.04285714285714286,"j":false,"c":{"p":[-424.75482643930616,249.23616477273706,782.7458932504426],"r":[0.9271838068962097,3.6940781088649204e-8,0.3746066391468048,-2.1620561070109176e-8,1,-4.509943048575634e-8,-0.3746066391468048,3.3716256049669904e-8,0.9271838068962097]}},{"t":0.05714285714285714,"j":false,"c":{"p":[-424.88305268404883,249.23096302380566,782.4285656750693],"r":[0.9271838068962097,3.9475308339362294e-8,0.3746066391468048,-2.322634670633901e-8,1,-4.789080845380584e-8,-0.3746066391468048,3.570283807311772e-8,0.9271838068962097]}},{"t":0.07142857142857142,"j":false,"c":{"p":[-425.0062759202057,249.20210110159368,782.1178004991922],"r":[0.9277064508728341,3.696827976275618e-8,0.37328659474149983,-2.207930841314265e-8,1,-4.3899478954945026e-8,-0.37328659474149983,3.2380646729235126e-8,0.9277064508728341]}},{"t":0.08571428571428572,"j":false,"c":{"p":[-425.1264002120897,249.15858368614693,781.8111001794883],"r":[0.9285528289647068,2.3629396793762228e-8,0.3711488935243817,-1.4342959290926356e-8,1,-2.721655894645677e-8,-0.3711488935243817,1.972771563567396e-8,0.9285528289647068]}},{"t":0.1,"j":false,"c":{"p":[-425.2465245039737,249.1150662707002,781.5043998597845],"r":[0.9293992070565796,1.0290513824768266e-8,0.3690111923072635,-6.606610168710059e-9,1,-1.053363893796851e-8,-0.3690111923072635,7.074784542112785e-9,0.9293992070565796]}},{"t":0.1142857142857143,"j":false,"c":{"p":[-425.3666487958577,249.07154885525344,781.1976995400806],"r":[0.9302455851484525,-3.04836914422568e-9,0.36687349109014533,1.1297389535062362e-9,1,6.149281070519739e-9,-0.36687349109014533,-5.578146551448385e-9,0.9302455851484525]}},{"t":0.1285714285714286,"j":false,"c":{"p":[-425.48626235803016,248.97643136694452,780.8813377598203],"r":[0.9331904228959041,-3.5486701220056075e-8,0.35924343683590276,2.0072322072833894e-8,1,4.6589514376039985e-8,-0.35924343683590276,-3.625722798667004e-8,0.9331904228959041]}},{"t":0.14285714285714288,"j":false,"c":{"p":[-425.60499403551796,248.7922152557235,780.5482933901147],"r":[0.9355543951041378,-3.464463224864452e-8,0.3527484933715316,1.993525625873103e-8,1,4.518094614166656e-8,-0.3527484933715316,-3.521003178861548e-8,0.9355543951041378]}},{"t":0.15714285714285717,"j":false,"c":{"p":[-425.7237257130058,248.6079991445025,780.2152490204091],"r":[0.9379183673123715,-3.3802563277232975e-8,0.34625354990716045,1.9798190444628165e-8,1,4.3772377907293135e-8,-0.34625354990716045,-3.416283559056092e-8,0.9379183673123715]}},{"t":0.17142857142857146,"j":false,"c":{"p":[-425.8424573904936,248.42378303328147,779.8822046507036],"r":[0.9402823395206051,-3.296049430582142e-8,0.3397586064427893,1.96611246305253e-8,1,4.2363809672919703e-8,-0.3397586064427893,-3.311563939250636e-8,0.9402823395206051]}},{"t":0.18571428571428575,"j":false,"c":{"p":[-425.9595500279055,248.2551888609656,779.5488356630339],"r":[0.9468148505808982,-2.854340705394712e-8,0.3217560256738475,1.794832629582915e-8,1,3.569860534065171e-8,-0.3217560256738475,-2.7965684563699482e-8,0.9468148505808982]}},{"t":0.20000000000000004,"j":false,"c":{"p":[-426.065140158399,248.19622682209803,779.213188561221],"r":[0.9481430590119405,-1.1311849994684551e-8,0.3176682325929243,7.175240579882935e-9,1,1.2675188895458694e-8,-0.3176682325929243,-9.287701071481571e-9,0.9481430590119405]}},{"t":0.21428571428571433,"j":false,"c":{"p":[-426.1707302888925,248.13726478323045,778.8775414594081],"r":[0.9494712674429827,5.919707064578022e-9,0.31358043951200115,-3.59784513606328e-9,1,-1.0348227549734326e-8,-0.31358043951200115,9.390282420736343e-9,0.9494712674429827]}},{"t":0.22857142857142862,"j":false,"c":{"p":[-426.276320419386,248.07830274436287,778.5418943575953],"r":[0.950799475874025,2.315126412384059e-8,0.30949264643107793,-1.4370930852009492e-8,1,-3.337164399492734e-8,-0.30949264643107793,2.8068265912954258e-8,0.950799475874025]}},{"t":0.2428571428571429,"j":false,"c":{"p":[-426.38191054987954,248.0193407054953,778.2062472557825],"r":[0.9521276843050672,4.038282118310315e-8,0.30540485335015477,-2.5144016567955703e-8,1,-5.639506044012036e-8,-0.30540485335015477,4.6746249405172166e-8,0.9521276843050672]}},{"t":0.2571428571428572,"j":false,"c":{"p":[-426.475487831487,247.99440002441406,777.883295654977],"r":[0.9564423095601073,7.447870471320648e-8,0.2915947401064771,-4.6475838247096226e-8,1,-1.0179658697370176e-7,-0.2915947401064771,8.351748675242173e-8,0.9564423095601073]}},{"t":0.27142857142857146,"j":false,"c":{"p":[-426.5602586264508,247.99440002441406,777.5696509855345],"r":[0.9584597841264517,6.273240091259224e-8,0.28446516403688976,-3.915852026006674e-8,1,-8.583411427490136e-8,-0.28446516403688976,7.046166991673484e-8,0.9584597841264517]}},{"t":0.28571428571428575,"j":false,"c":{"p":[-426.64502942141456,247.99440002441406,777.256006316092],"r":[0.9604772586927961,5.098609711197801e-8,0.2773355879673024,-3.1841202273037264e-8,1,-6.987164157610094e-8,-0.2773355879673024,5.740585308104794e-8,0.9604772586927961]}},{"t":0.30000000000000004,"j":false,"c":{"p":[-426.72980021637835,247.99440002441406,776.9423616466494],"r":[0.9624947332591406,3.923979331136377e-8,0.27020601189771504,-2.4523884286007783e-8,1,-5.390916887730052e-8,-0.27020601189771504,4.4350036245361035e-8,0.9624947332591406]}},{"t":0.31428571428571433,"j":false,"c":{"p":[-426.81457101134214,247.99440002441406,776.6287169772069],"r":[0.964512207825485,2.749348951074954e-8,0.2630764358281277,-1.720656629897831e-8,1,-3.794669617850012e-8,-0.2630764358281277,3.1294219409674145e-8,0.964512207825485]}},{"t":0.3285714285714286,"j":false,"c":{"p":[-426.90016691128346,247.99440002441406,776.2865029283938],"r":[0.9688092941030215,-3.6655529715200468e-9,0.24779625164329233,2.6569797512370995e-9,1,4.619583387670119e-9,-0.24779625164329233,-3.862456646532255e-9,0.9688092941030215]}},{"t":0.3428571428571429,"j":false,"c":{"p":[-426.9857965549385,247.99440002441406,775.9431204986043],"r":[0.9690449795888768,-1.1429090071773755e-8,0.2468648260643308,7.964910709485719e-9,1,1.5401998887491867e-8,-0.2468648260643308,-1.303685329548733e-8,0.9690449795888768]}},{"t":0.3571428571428572,"j":false,"c":{"p":[-427.07142619859354,247.99440002441406,775.5997380688149],"r":[0.9692806650747321,-1.9192627172027467e-8,0.24593340048536927,1.3272841667734338e-8,1,2.6184414387313615e-8,-0.24593340048536927,-2.2211249944442404e-8,0.9692806650747321]}},{"t":0.3714285714285715,"j":false,"c":{"p":[-427.1570558422486,247.99440002441406,775.2563556390253],"r":[0.9695163505605873,-2.6956164272281175e-8,0.24500197490640774,1.8580772625982957e-8,1,3.696682988713536e-8,-0.24500197490640774,-3.138564659339748e-8,0.9695163505605873]}},{"t":0.3857142857142858,"j":false,"c":{"p":[-427.2426854859037,247.99440002441406,774.9129732092358],"r":[0.9697520360464426,-3.471970137253489e-8,0.2440705493274462,2.3888703584231576e-8,1,4.774924538695712e-8,-0.2440705493274462,-4.0560043242352555e-8,0.9697520360464426]}},{"t":0.4000000000000001,"j":false,"c":{"p":[-427.32183567456286,247.99440002441406,774.5955739659366],"r":[0.9702956676483154,-4.0236765648521306e-8,0.24192212522029877,2.760710131828607e-8,1,5.559522918013451e-8,-0.24192212522029877,-4.72650359927394e-8,0.9702956676483154]}},{"t":0.41428571428571437,"j":false,"c":{"p":[-427.4000483151795,247.99440002441406,774.2819343730476],"r":[0.9702956676483154,-2.6053653325828913e-8,0.24192212522029877,1.78487281699386e-8,1,3.610711882810974e-8,-0.24192212522029877,-3.071657417188423e-8,0.9702956676483154]}},{"t":0.42857142857142866,"j":false,"c":{"p":[-427.4782609557962,247.99440002441406,773.9682947801585],"r":[0.9702956676483154,-1.1870541003136527e-8,0.24192212522029877,8.090355021591137e-9,1,1.6619008476084974e-8,-0.24192212522029877,-1.4168112351029069e-8,0.9702956676483154]}},{"t":0.44285714285714295,"j":false,"c":{"p":[-427.5564735964129,247.99440002441406,773.6546551872694],"r":[0.9702956676483154,2.3125713195558728e-9,0.24192212522029877,-1.6680181267563344e-9,1,-2.869101875939806e-9,-0.24192212522029877,2.3803494698261017e-9,0.9702956676483154]}},{"t":0.45714285714285724,"j":false,"c":{"p":[-427.6364761416003,247.99440002441406,773.3338379190524],"r":[0.9702956676483154,4.071180713515017e-8,0.24192212522029877,-2.8081964768279753e-8,1,-5.5654260371958935e-8,-0.24192212522029877,4.720743952700022e-8,0.9702956676483154]}},{"t":0.47142857142857153,"j":false,"c":{"p":[-427.72239336171646,247.99440002441406,772.989302282269],"r":[0.9702956676483154,3.7695248494467885e-8,0.24192212522029877,-2.598157249111117e-8,1,-5.1609335480961e-8,-0.24192212522029877,4.3790797416613145e-8,0.9702956676483154]}},{"t":0.4857142857142858,"j":false,"c":{"p":[-427.8083105818326,247.99440002441406,772.6447666454856],"r":[0.9702956676483154,3.46786898537856e-8,0.24192212522029877,-2.3881180213942584e-8,1,-4.7564410589963053e-8,-0.24192212522029877,4.037415530622607e-8,0.9702956676483154]}},{"t":0.5000000000000001,"j":false,"c":{"p":[-427.89422780194866,247.99440002441406,772.3002310087022],"r":[0.9702956676483154,3.166213121310331e-8,0.24192212522029877,-2.1780787936774e-8,1,-4.3519485698965116e-8,-0.24192212522029877,3.6957513195839e-8,0.9702956676483154]}},{"t":0.5142857142857143,"j":false,"c":{"p":[-427.9801450220648,247.99440002441406,771.9556953719189],"r":[0.9702956676483154,2.864557257242104e-8,0.24192212522029877,-1.9680395659605423e-8,1,-3.947456080796719e-8,-0.24192212522029877,3.3540871085451944e-8,0.9702956676483154]}},{"t":0.5285714285714286,"j":false,"c":{"p":[-428.0642292401603,247.99440002441406,771.6185102350415],"r":[0.9702956676483154,1.1967517144896826e-8,0.24192212522029877,-8.122315233509129e-9,1,-1.6891674915255554e-8,-0.24192212522029877,1.4424949665294412e-8,0.9702956676483154]}},{"t":0.5428571428571428,"j":false,"c":{"p":[-428.14762017349943,247.99440002441406,771.284105231235],"r":[0.9702956676483154,-1.8475997406266094e-9,0.24192212522029877,1.4216697017948794e-9,1,1.935169001563492e-9,-0.24192212522029877,-1.5337537883414881e-9,0.9702956676483154]}},{"t":0.557142857142857,"j":false,"c":{"p":[-428.23101110683865,247.99440002441406,770.9497002274285],"r":[0.9702956676483154,-1.566271662615005e-8,0.24192212522029877,1.0965654637098891e-8,1,2.0762012918382537e-8,-0.24192212522029877,-1.7492457241977387e-8,0.9702956676483154]}},{"t":0.5714285714285713,"j":false,"c":{"p":[-428.3144020401778,247.99440002441406,770.615295223622],"r":[0.9702956676483154,-2.9477833511673483e-8,0.24192212522029877,2.05096395724029e-8,1,3.958885683520157e-8,-0.24192212522029877,-3.3451160695613285e-8,0.9702956676483154]}},{"t":0.5857142857142855,"j":false,"c":{"p":[-428.3979275183997,247.99440002441406,770.278478803422],"r":[0.9704959973881897,-5.995670959817047e-8,0.2410940552595554,4.154140086200537e-8,1,8.122082916447842e-8,-0.2410940552595554,-6.875754718906798e-8,0.9704959973881897]}},{"t":0.5999999999999998,"j":false,"c":{"p":[-428.4816796447233,247.99440002441406,769.9376002224253],"r":[0.9710337933648983,-4.931622770269397e-8,0.23887105684903281,3.4125725812105966e-8,1,6.697863906415812e-8,-0.23887105684903281,-5.67300486016478e-8,0.9710337933648983]}},{"t":0.614285714285714,"j":false,"c":{"p":[-428.5654317710468,247.99440002441406,769.5967216414286],"r":[0.9715715893416067,-3.867574580721747e-8,0.23664805843851025,2.671005076220657e-8,1,5.2736448963837845e-8,-0.23664805843851025,-4.470255001422763e-8,0.9715715893416067]}},{"t":0.6285714285714282,"j":false,"c":{"p":[-428.6491838973704,247.99440002441406,769.255843060432],"r":[0.9721093853183151,-2.803526391174097e-8,0.2344250600279877,1.9294375712307163e-8,1,3.8494258863517555e-8,-0.2344250600279877,-3.267505142680745e-8,0.9721093853183151]}},{"t":0.6428571428571425,"j":false,"c":{"p":[-428.73156188769417,247.99440002441406,768.9166524070682],"r":[0.9736538227595293,2.187768713932654e-9,0.22801557670940864,-1.8167749864212794e-9,1,-1.9555143891457436e-9,-0.22801557670940864,1.513691035143553e-9,0.9736538227595293]}},{"t":0.6571428571428567,"j":false,"c":{"p":[-428.80144166674756,247.99440002441406,768.5928140013497],"r":[0.9744104921113109,1.3784844942703916e-8,0.2246304537271936,-1.0381698279804969e-8,1,-1.7442901974885637e-8,-0.2246304537271936,1.4885488859652457e-8,0.9744104921113109]}},{"t":0.6714285714285709,"j":false,"c":{"p":[-428.87132144580096,247.99440002441406,768.2689755956311],"r":[0.9751671614630926,2.538192117147518e-8,0.22124533074497854,-1.894662157318866e-8,1,-3.2930289560625525e-8,-0.22124533074497854,2.825728668416136e-8,0.9751671614630926]}},{"t":0.6857142857142852,"j":false,"c":{"p":[-428.94120122485435,247.99440002441406,767.9451371899124],"r":[0.9759238308148742,3.697899740024644e-8,0.2178602077627635,-2.7511544866572345e-8,1,-4.841767714636541e-8,-0.2178602077627635,4.162908450867026e-8,0.9759238308148742]}},{"t":0.6999999999999994,"j":false,"c":{"p":[-429.01108100390775,247.99440002441406,767.6212987841939],"r":[0.9766805001666559,4.85760736290177e-8,0.21447508478054844,-3.607646815995604e-8,1,-6.390506473210532e-8,-0.21447508478054844,5.5000882333179165e-8,0.9766805001666559]}},{"t":0.7142857142857136,"j":false,"c":{"p":[-429.0841132159202,247.99440002441406,767.2781342816088],"r":[0.978147566318512,5.825369155035824e-8,0.20791184902191162,-4.3216246613111326e-8,1,-7.686828154606364e-8,-0.20791184902191162,6.62033500025849e-8,0.978147566318512]}},{"t":0.7285714285714279,"j":false,"c":{"p":[-429.1576060001598,247.99440002441406,766.9321462254087],"r":[0.978147566318512,4.357519279471554e-8,0.20791184902191162,-3.2366917227935155e-8,1,-5.731069532183454e-8,-0.20791184902191162,4.9328849209279315e-8,0.978147566318512]}},{"t":0.7428571428571421,"j":false,"c":{"p":[-429.2310987843994,247.99440002441406,766.5861581692087],"r":[0.978147566318512,2.8896694039072848e-8,0.20791184902191162,-2.151758784275899e-8,1,-3.775310909760544e-8,-0.20791184902191162,3.2454348415973724e-8,0.978147566318512]}},{"t":0.7571428571428563,"j":false,"c":{"p":[-429.304591568639,247.99440002441406,766.2401701130086],"r":[0.978147566318512,1.4218195283430156e-8,0.20791184902191162,-1.0668258457582825e-8,1,-1.8195522873376346e-8,-0.20791184902191162,1.5579847622668133e-8,0.978147566318512]}},{"t":0.7714285714285706,"j":false,"c":{"p":[-429.37697255825674,247.99440002441406,765.8952542718702],"r":[0.9783551923626491,-2.4089425994750363e-8,0.20688213358874122,1.7686032170227795e-8,1,3.2830753754294104e-8,-0.20688213358874122,-2.846733093252355e-8,0.9783551923626491]}},{"t":0.7857142857142848,"j":false,"c":{"p":[-429.4472705702177,247.99440002441406,765.552347254999],"r":[0.9789518114837374,-2.4878278063298837e-8,0.20392321810555972,1.8383896827582352e-8,1,3.383963680149482e-8,-0.20392321810555972,-2.9398567357424718e-8,0.9789518114837374]}},{"t":0.799999999999999,"j":false,"c":{"p":[-429.5175685821786,247.99440002441406,765.2094402381276],"r":[0.9795484306048258,-2.5667130131847315e-8,0.20096430262237822,1.9081761484936906e-8,1,3.484851984869553e-8,-0.20096430262237822,-3.0329803782325885e-8,0.9795484306048258]}},{"t":0.8142857142857133,"j":false,"c":{"p":[-429.58786659413954,247.99440002441406,764.8665332212564],"r":[0.9801450497259141,-2.645598220039579e-8,0.19800538713919671,1.9779626142291462e-8,1,3.585740289589625e-8,-0.19800538713919671,-3.126104020722705e-8,0.9801450497259141]}},{"t":0.8285714285714275,"j":false,"c":{"p":[-429.65816460610046,247.99440002441406,764.5236262043851],"r":[0.9807416688470024,-2.7244834268944263e-8,0.1950464716560152,2.0477490799646016e-8,1,3.686628594309696e-8,-0.1950464716560152,-3.219227663212822e-8,0.9807416688470024]}},{"t":0.8428571428571418,"j":false,"c":{"p":[-429.7156497312885,247.99440002441406,764.1795480715751],"r":[0.9831390739572734,-2.219636569701038e-8,0.1818786612496751,1.644796691396877e-8,1,3.0211255888946537e-8,-0.1818786612496751,-2.6248742262439543e-8,0.9831390739572734]}},{"t":0.857142857142856,"j":false,"c":{"p":[-429.7598576063917,247.99440002441406,763.8342563793642],"r":[0.9848737595352244,-7.755472381351713e-9,0.1706733258932682,4.561826457708668e-9,1,1.1338408420047847e-8,-0.1706733258932682,-9.234237912641087e-9,0.9848737595352244]}},{"t":0.8714285714285702,"j":false,"c":{"p":[-429.8040654814949,247.99440002441406,763.4889646871532],"r":[0.9866084451131754,6.685420934306959e-9,0.15946799053686128,-7.324313998551442e-9,1,-7.53443904885085e-9,-0.15946799053686128,7.780266437157376e-9,0.9866084451131754]}},{"t":0.8857142857142845,"j":false,"c":{"p":[-429.8482733565981,247.99440002441406,763.1436729949422],"r":[0.9883431306911262,2.1126314249965618e-8,0.14826265518045437,-1.9210454454811546e-8,1,-2.640728651774955e-8,-0.14826265518045437,2.4794770786955836e-8,0.9883431306911262]}},{"t":0.8999999999999987,"j":false,"c":{"p":[-429.891486354911,247.99440002441406,762.8020877049937],"r":[0.9929653437223903,5.805181355861844e-8,0.11840511503162,-4.955595092416114e-8,1,-7.469668860449568e-8,-0.11840511503162,6.830354381810187e-8,0.9929653437223903]}},{"t":0.9142857142857129,"j":false,"c":{"p":[-429.9302315856517,247.99440002441406,762.4771470327506],"r":[0.9929653607881104,4.952228991633303e-8,0.11840501370390698,-4.227471448122884e-8,1,-6.372158891773892e-8,-0.11840501370390698,5.82677860007948e-8,0.9929653607881104]}},{"t":0.9285714285714272,"j":false,"c":{"p":[-429.96897681639246,247.99440002441406,762.1522063605074],"r":[0.9929653778538304,4.099276627404761e-8,0.11840491237619397,-3.499347803829654e-8,1,-5.2746489230982154e-8,-0.11840491237619397,4.823202818348773e-8,0.9929653778538304]}},{"t":0.9428571428571414,"j":false,"c":{"p":[-430.0077220471332,247.99440002441406,761.8272656882643],"r":[0.9929653949195505,3.24632426317622e-8,0.11840481104848094,-2.7712241595364233e-8,1,-4.1771389544225384e-8,-0.11840481104848094,3.8196270366180655e-8,0.9929653949195505]}},{"t":0.9571428571428556,"j":false,"c":{"p":[-430.0464672778739,247.99440002441406,761.5023250160212],"r":[0.9929654119852707,2.3933718989476788e-8,0.11840470972076791,-2.0431005152431934e-8,1,-3.079628985746862e-8,-0.11840470972076791,2.8160512548873584e-8,0.9929654119852707]}},{"t":0.9714285714285699,"j":false,"c":{"p":[-430.0852292150424,247.99440002441406,761.1772442336857],"r":[0.9929654598236084,-2.9175628744680886e-9,0.11840442568063736,2.4906200214436604e-9,1,3.753770350810595e-9,-0.11840442568063736,-3.4324636343575384e-9,0.9929654598236084]}},{"t":0.9857142857142841,"j":false,"c":{"p":[-430.12403157956146,247.99440002441406,760.8518244034148],"r":[0.9929654598236084,-1.2976986803181223e-8,0.11840442568063736,1.1077862112191862e-8,1,1.6697445867303316e-8,-0.11840442568063736,-1.5268318070168908e-8,0.9929654598236084]}},{"t":0.9999999999999983,"j":false,"c":{"p":[-430.16283394408055,247.99440002441406,760.5264045731439],"r":[0.9929654598236084,-2.3036410731894363e-8,0.11840442568063736,1.9665104202940066e-8,1,2.964112138379604e-8,-0.11840442568063736,-2.7104172505980284e-8,0.9929654598236084]}},{"t":1.0142857142857127,"j":false,"c":{"p":[-430.20163630859963,247.99440002441406,760.200984742873],"r":[0.9929654598236084,-3.3095834660607574e-8,0.11840442568063736,2.8252346293688334e-8,1,4.258479690028886e-8,-0.11840442568063736,-3.8940026941791746e-8,0.9929654598236084]}},{"t":1.028571428571427,"j":false,"c":{"p":[-430.2404386731187,247.99440002441406,759.875564912602],"r":[0.9929654598236084,-4.3155258589320706e-8,0.11840442568063736,3.6839588384436536e-8,1,5.552847241678158e-8,-0.11840442568063736,-5.0775881377603115e-8,0.9929654598236084]}},{"t":1.0428571428571412,"j":false,"c":{"p":[-430.2813913783913,247.99440002441406,759.5321110390018],"r":[0.9929654598236084,-5.527272780443851e-8,0.11840442568063736,4.718366704106965e-8,1,7.112041782877314e-8,-0.11840442568063736,-6.503335854189933e-8,0.9929654598236084]}},{"t":1.0571428571428554,"j":false,"c":{"p":[-430.3232009972597,247.99440002441406,759.1814705756057],"r":[0.9929654598236084,-4.061255637281496e-8,0.11840442568063736,3.466896651156318e-8,1,5.2257056802403285e-8,-0.11840442568063736,-4.778448910964905e-8,0.9929654598236084]}},{"t":1.0714285714285696,"j":false,"c":{"p":[-430.365010616128,247.99440002441406,758.8308301122096],"r":[0.9929654598236084,-2.595238494119141e-8,0.11840442568063736,2.215426598205672e-8,1,3.339369577603344e-8,-0.11840442568063736,-3.0535619677398775e-8,0.9929654598236084]}},{"t":1.0857142857142839,"j":false,"c":{"p":[-430.4068202349964,247.99440002441406,758.4801896488135],"r":[0.9929654598236084,-1.1292213509567859e-8,0.11840442568063736,9.639565452550251e-9,1,1.453033474966359e-8,-0.11840442568063736,-1.3286750245148486e-8,0.9929654598236084]}},{"t":1.099999999999998,"j":false,"c":{"p":[-430.4481979090183,247.99440002441406,758.1331717331764],"r":[0.9929654598236084,2.934640799888382e-8,0.11840442568063736,-2.5051716704105313e-8,1,-3.775972785283561e-8,-0.11840442568063736,3.45278728189487e-8,0.9929654598236084]}},{"t":1.1142857142857123,"j":false,"c":{"p":[-430.4876564557217,247.99440002441406,757.8022487667513],"r":[0.9929654598236084,3.04449653175005e-8,0.11840442568063736,-2.5989490732117075e-8,1,-3.9173359138584306e-8,-0.11840442568063736,3.582052319311523e-8,0.9929654598236084]}},{"t":1.1285714285714266,"j":false,"c":{"p":[-430.52711500242515,247.99440002441406,757.4713258003262],"r":[0.9929654598236084,3.154352263611717e-8,0.11840442568063736,-2.6927264760128838e-8,1,-4.058699042433301e-8,-0.11840442568063736,3.7113173567281756e-8,0.9929654598236084]}},{"t":1.1428571428571408,"j":false,"c":{"p":[-430.5665735491286,247.99440002441406,757.1404028339011],"r":[0.9929654598236084,3.264207995473384e-8,0.11840442568063736,-2.7865038788140597e-8,1,-4.2000621710081704e-8,-0.11840442568063736,3.840582394144828e-8,0.9929654598236084]}},{"t":1.157142857142855,"j":false,"c":{"p":[-430.60603209583195,247.99440002441406,756.8094798674762],"r":[0.9929654598236084,3.374063727335051e-8,0.11840442568063736,-2.880281281615236e-8,1,-4.34142529958304e-8,-0.11840442568063736,3.9698474315614814e-8,0.9929654598236084]}},{"t":1.1714285714285693,"j":false,"c":{"p":[-430.6466281661342,247.99440002441406,756.4690169479827],"r":[0.9929654598236084,2.6583119123567438e-8,0.11840442568063736,-2.269272217207203e-8,1,-3.420506146616383e-8,-0.11840442568063736,3.127752690075191e-8,0.9929654598236084]}},{"t":1.1857142857142835,"j":false,"c":{"p":[-430.6877534516244,247.99440002441406,756.124115713485],"r":[0.9929654598236084,1.2479422617932278e-8,0.11840442568063736,-1.0653022385834195e-8,1,-1.6058015260914615e-8,-0.11840442568063736,1.4683690664248602e-8,0.9929654598236084]}},{"t":1.1999999999999977,"j":false,"c":{"p":[-430.7288787371146,247.99440002441406,755.7792144789875],"r":[0.9929654598236084,-1.6242738877028896e-9,0.11840442568063736,1.3866774004036484e-9,1,2.089030944334609e-9,-0.11840442568063736,-1.91014557225471e-9,0.9929654598236084]}},{"t":1.214285714285712,"j":false,"c":{"p":[-430.7700040226048,247.99440002441406,755.4343132444898],"r":[0.9929654598236084,-1.572797039333805e-8,0.11840442568063736,1.3426377186641481e-8,1,2.023607714958382e-8,-0.11840442568063736,-1.8503981808758005e-8,0.9929654598236084]}},{"t":1.2285714285714262,"j":false,"c":{"p":[-430.8110523334015,247.99440002441406,755.0900575657976],"r":[0.9929654598236084,-5.603147525347144e-8,0.11840442568063736,4.783168749127681e-8,1,7.209410853013087e-8,-0.11840442568063736,-6.5923474489897e-8,0.9929654598236084]}},{"t":1.2428571428571404,"j":false,"c":{"p":[-430.8511615008035,247.99440002441406,754.7536781051629],"r":[0.9929654598236084,-4.84160094971856e-8,0.11840442568063736,4.133066104387309e-8,1,6.229573326651108e-8,-0.11840442568063736,-5.696377680359028e-8,0.9929654598236084]}},{"t":1.2571428571428547,"j":false,"c":{"p":[-430.8912706682056,247.99440002441406,754.4172986445283],"r":[0.9929654598236084,-4.080054374089975e-8,0.11840442568063736,3.4829634596469376e-8,1,5.249735800289128e-8,-0.11840442568063736,-4.800407911728356e-8,0.9929654598236084]}},{"t":1.271428571428569,"j":false,"c":{"p":[-430.93137983560763,247.99440002441406,754.0809191838937],"r":[0.9929654598236084,-3.3185077984613905e-8,0.11840442568063736,2.832860814906566e-8,1,4.269898273927149e-8,-0.11840442568063736,-3.9044381430976856e-8,0.9929654598236084]}},{"t":1.2857142857142831,"j":false,"c":{"p":[-430.97148900300965,247.99440002441406,753.744539723259],"r":[0.9929654598236084,-2.556961222832806e-8,0.11840442568063736,2.1827581701661947e-8,1,3.290060747565169e-8,-0.11840442568063736,-3.0084683744670137e-8,0.9929654598236084]}},{"t":1.2999999999999974,"j":false,"c":{"p":[-431.0118627776273,247.99440002441406,753.4059411082958],"r":[0.9929654598236084,7.266708652160128e-11,0.11840442568063736,-6.22231187712154e-11,1,-9.190160476406418e-11,-0.11840442568063736,8.388807349300556e-11,0.9929654598236084]}},{"t":1.3142857142857116,"j":false,"c":{"p":[-431.052380584936,247.99440002441406,753.0661345490624],"r":[0.9929654598236084,1.3207725643897827e-8,0.11840442568063736,-1.1275095308960926e-8,1,-1.699214610046918e-8,-0.11840442568063736,1.553759359675144e-8,0.9929654598236084]}},{"t":1.3285714285714258,"j":false,"c":{"p":[-431.0928983922447,247.99440002441406,752.726327989829],"r":[0.9929654598236084,2.6342784201274057e-8,0.11840442568063736,-2.2487967499150638e-8,1,-3.3892390596174295e-8,-0.11840442568063736,3.0991299120009873e-8,0.9929654598236084]}},{"t":1.34285714285714,"j":false,"c":{"p":[-431.13341619955344,247.99440002441406,752.3865214305956],"r":[0.9929654598236084,3.947784275865028e-8,0.11840442568063736,-3.3700839689340344e-8,1,-5.079263509187941e-8,-0.11840442568063736,4.6445004643268304e-8,0.9929654598236084]}},{"t":1.3571428571428543,"j":false,"c":{"p":[-431.1740476300974,247.99440002441406,752.0457619589719],"r":[0.9929654598236084,7.000329272087615e-8,0.11840442568063736,-5.975916570401034e-8,1,-9.006846652511182e-8,-0.11840442568063736,8.235912794108716e-8,0.9929654598236084]}},{"t":1.3714285714285686,"j":false,"c":{"p":[-431.2149958775282,247.99440002441406,751.7023454714978],"r":[0.9929654598236084,5.5536570129702706e-8,0.11840442568063736,-4.7409409961771805e-8,1,-7.145563555737066e-8,-0.11840442568063736,6.533949528214037e-8,0.9929654598236084]}},{"t":1.3857142857142828,"j":false,"c":{"p":[-431.25594412495906,247.99440002441406,751.3589289840237],"r":[0.9929654598236084,4.106984753852926e-8,0.11840442568063736,-3.5059654219533265e-8,1,-5.284280458962948e-8,-0.11840442568063736,4.831986262319359e-8,0.9929654598236084]}},{"t":1.399999999999997,"j":false,"c":{"p":[-431.2968923723899,247.99440002441406,751.0155124965496],"r":[0.9929654598236084,2.6603124947355824e-8,0.11840442568063736,-2.270989847729473e-8,1,-3.42299736218883e-8,-0.11840442568063736,3.1300229964246815e-8,0.9929654598236084]}},{"t":1.4142857142857113,"j":false,"c":{"p":[-431.3378406198207,247.99440002441406,750.6720960090754],"r":[0.9929654598236084,1.2136402356182383e-8,0.11840442568063736,-1.0360142735056191e-8,1,-1.5617142654147133e-8,-0.11840442568063736,1.428059730530003e-8,0.9929654598236084]}},{"t":1.4285714285714255,"j":false,"c":{"p":[-431.37990135092326,247.99440002441406,750.3193495683341],"r":[0.9929654506501747,-2.0808085992145868e-8,0.118404456640976,1.7763414180262324e-8,1,2.6769496741538993e-8,-0.118404456640976,-2.447791622869056e-8,0.9929654506501747]}},{"t":1.4428571428571397,"j":false,"c":{"p":[-431.4220503525324,247.99440002441406,749.9658628383444],"r":[0.9929654407488709,-2.6192408767988916e-8,0.11840449005787634,2.235977856948012e-8,1,3.3697361090595626e-8,-0.11840449005787634,-3.0812814194322884e-8,0.9929654407488709]}},{"t":1.457142857142854,"j":false,"c":{"p":[-431.4641993541415,247.99440002441406,749.6123761083546],"r":[0.9929654308475672,-3.157673154383197e-8,0.11840452347477667,2.695614295869792e-8,1,4.062522543965227e-8,-0.11840452347477667,-3.7147712159955214e-8,0.9929654308475672]}},{"t":1.4714285714285682,"j":false,"c":{"p":[-431.50634835575056,247.99440002441406,749.2588893783649],"r":[0.9929654209462633,-3.696105431967502e-8,0.11840455689167702,3.155250734791572e-8,1,4.755308978870891e-8,-0.11840455689167702,-4.348261012558754e-8,0.9929654209462633]}},{"t":1.4857142857142824,"j":false,"c":{"p":[-431.54649082993933,247.99440002441406,748.9222305871016],"r":[0.9929654002189636,-3.9096319240148797e-8,0.11840462684631348,3.337510324690314e-8,1,5.030204670855883e-8,-0.11840462684631348,-4.5996423583785175e-8,0.9929654002189636]}},{"t":1.4999999999999967,"j":false,"c":{"p":[-431.5858239395371,247.99440002441406,748.5923596112482],"r":[0.9929654002189636,-2.627484963732563e-8,0.11840462684631348,2.2429703500080742e-8,1,3.380720538017275e-8,-0.11840462684631348,-3.091360263049799e-8,0.9929654002189636]}},{"t":1.514285714285711,"j":false,"c":{"p":[-431.6251570491348,247.99440002441406,748.2624886353948],"r":[0.9929654002189636,-1.3453380034502448e-8,0.11840462684631348,1.1484303753258343e-8,1,1.7312364051786655e-8,-0.11840462684631348,-1.5830781677210793e-8,0.9929654002189636]}},{"t":1.5285714285714251,"j":false,"c":{"p":[-431.66449015873263,247.99440002441406,747.9326176595414],"r":[0.9929654002189636,-6.319104316792836e-10,0.11840462684631348,5.389040064359531e-10,1,8.175227234005751e-10,-0.11840462684631348,-7.47960723923612e-10,0.9929654002189636]}},{"t":1.5428571428571394,"j":false,"c":{"p":[-431.7038232683304,247.99440002441406,747.602746683688],"r":[0.9929654002189636,1.21895591711439e-8,0.11840462684631348,-1.0406495740386453e-8,1,-1.5677318604985518e-8,-0.11840462684631348,1.4334860229363589e-8,0.9929654002189636]}},{"t":1.5571428571428536,"j":false,"c":{"p":[-431.74499288013175,247.99440002441406,747.2574737022404],"r":[0.9929654002189636,3.6085028232351677e-8,0.11840462684631348,-3.080535922171767e-8,1,-4.64202228700825e-8,-0.11840462684631348,4.244618070267049e-8,0.9929654002189636]}},{"t":1.5714285714285678,"j":false,"c":{"p":[-431.78637579393614,247.99440002441406,746.9104118426541],"r":[0.9929654002189636,3.1725678966735556e-8,0.11840462684631348,-2.7083702249224586e-8,1,-4.0813413964549814e-8,-0.11840462684631348,3.7319474423991147e-8,0.9929654002189636]}},{"t":1.585714285714282,"j":false,"c":{"p":[-431.82775870774054,247.99440002441406,746.5633499830678],"r":[0.9929654002189636,2.7366329701119433e-8,0.11840462684631348,-2.33620452767315e-8,1,-3.520660505901713e-8,-0.11840462684631348,3.219276814531181e-8,0.9929654002189636]}},{"t":1.5999999999999963,"j":false,"c":{"p":[-431.8691416215449,247.99440002441406,746.2162881234816],"r":[0.9929654002189636,2.300698043550331e-8,0.11840462684631348,-1.9640388304238413e-8,1,-2.9599796153484446e-8,-0.11840462684631348,2.7066061866632474e-8,0.9929654002189636]}},{"t":1.6142857142857105,"j":false,"c":{"p":[-431.91052831022324,247.99440002441406,745.8691946055452],"r":[0.9929654002189636,9.305634008244215e-9,0.11840462684631348,-7.943305101022296e-9,1,-1.1977631203200132e-8,-0.11840462684631348,1.0952849228481442e-8,0.9929654002189636]}},{"t":1.6285714285714248,"j":false,"c":{"p":[-431.952030079453,247.99440002441406,745.5211359532935],"r":[0.9929654002189636,-3.060140029704642e-9,0.11840462684631348,2.613292820444835e-9,1,3.929159934235025e-9,-0.11840462684631348,-3.5920942660127983e-9,0.9929654002189636]}},{"t":1.642857142857139,"j":false,"c":{"p":[-431.9935318486828,247.99440002441406,745.1730773010419],"r":[0.9929654002189636,-1.5425914067653495e-8,0.11840462684631348,1.3169890741911963e-8,1,1.9835951071670178e-8,-0.11840462684631348,-1.8137037760507034e-8,0.9929654002189636]}},{"t":1.6571428571428533,"j":false,"c":{"p":[-432.0350336179125,247.99440002441406,744.8250186487901],"r":[0.9929654002189636,-2.7791688105602352e-8,0.11840462684631348,2.3726488663379092e-8,1,3.574274220910533e-8,-0.11840462684631348,-3.268198125500127e-8,0.9929654002189636]}},{"t":1.6714285714285675,"j":false,"c":{"p":[-432.0765353871423,247.99440002441406,744.4769599965384],"r":[0.9929654002189636,-4.015746214355121e-8,0.11840462684631348,3.4283086584846224e-8,1,5.164953334654049e-8,-0.11840462684631348,-4.7226924749495514e-8,0.9929654002189636]}},{"t":1.6857142857142817,"j":false,"c":{"p":[-432.1170831553172,247.99440002441406,744.136902167567],"r":[0.9929654002189636,-6.426015420938499e-8,0.11840462684631348,5.4859214048494586e-8,1,8.265600429213068e-8,-0.11840462684631348,-7.557896952568786e-8,0.9929654002189636]}},{"t":1.699999999999996,"j":false,"c":{"p":[-432.15654130492186,247.99440002441406,743.8059825314489],"r":[0.9929654002189636,-4.994424880395778e-8,0.11840462684631348,4.26373336401217e-8,1,6.424455146308143e-8,-0.11840462684631348,-5.87441608336188e-8,0.9929654002189636]}},{"t":1.7142857142857102,"j":false,"c":{"p":[-432.1959994545266,247.99440002441406,743.4750628953308],"r":[0.9929654002189636,-3.5628343398530563e-8,0.11840462684631348,3.041545323174881e-8,1,4.583309863403216e-8,-0.11840462684631348,-4.190935214154975e-8,0.9929654002189636]}},{"t":1.7285714285714244,"j":false,"c":{"p":[-432.23545760413134,247.99440002441406,743.1441432592128],"r":[0.9929654002189636,-2.1312437993103345e-8,0.11840462684631348,1.819357282337592e-8,1,2.7421645804982898e-8,-0.11840462684631348,-2.5074543449480695e-8,0.9929654002189636]}},{"t":1.7428571428571387,"j":false,"c":{"p":[-432.27560016697345,247.99440002441406,742.8074837244493],"r":[0.9929654002189636,1.6499556143313398e-8,0.11840462684631348,-1.408749575696244e-8,1,-2.1208297568493484e-8,-0.11840462684631348,1.9391080663909464e-8,0.9929654002189636]}},{"t":1.757142857142853,"j":false,"c":{"p":[-432.3176349634972,247.99440002441406,742.454954786593],"r":[0.9929654002189636,2.2232242583701258e-8,0.11840462684631348,-1.8981398312782772e-8,1,-2.8583095762799464e-8,-0.11840462684631348,2.6134540016207407e-8,0.9929654002189636]}},{"t":1.7714285714285671,"j":false,"c":{"p":[-432.35966976002095,247.99440002441406,742.1024258487369],"r":[0.9929654002189636,2.796492902408912e-8,0.11840462684631348,-2.3875300868603108e-8,1,-3.595789395710545e-8,-0.11840462684631348,3.287799936850536e-8,0.9929654002189636]}},{"t":1.7857142857142814,"j":false,"c":{"p":[-432.40170455654464,247.99440002441406,741.7498969108806],"r":[0.9929654002189636,3.369761546447697e-8,0.11840462684631348,-2.8769203424423437e-8,1,-4.333269215141143e-8,-0.11840462684631348,3.9621458720803295e-8,0.9929654002189636]}},{"t":1.7999999999999956,"j":false,"c":{"p":[-432.44364751846445,247.99440002441406,741.3981381529242],"r":[0.9929654002189636,4.9070037012555725e-8,0.11840462684631348,-4.189234273896664e-8,1,-6.310892476459803e-8,-0.11840462684631348,5.770473472709857e-8,0.9929654002189636]}},{"t":1.8142857142857098,"j":false,"c":{"p":[-432.48340115939476,247.99440002441406,741.0647403498643],"r":[0.9929654002189636,3.638608477674326e-8,0.11840462684631348,-3.1062998085443507e-8,1,-4.680223641833018e-8,-0.11840462684631348,4.279500134612874e-8,0.9929654002189636]}},{"t":1.828571428571424,"j":false,"c":{"p":[-432.5231548003251,247.99440002441406,740.7313425468045],"r":[0.9929654002189636,2.3702132540930803e-8,0.11840462684631348,-2.0233653431920367e-8,1,-3.0495548072062326e-8,-0.11840462684631348,2.7885267965158915e-8,0.9929654002189636]}},{"t":1.8428571428571383,"j":false,"c":{"p":[-432.5629084412554,247.99440002441406,740.3979447437447],"r":[0.9929654002189636,1.1018180305118345e-8,0.11840462684631348,-9.404308778397227e-9,1,-1.4188859725794468e-8,-0.11840462684631348,1.2975534584189082e-8,0.9929654002189636]}},{"t":1.8571428571428525,"j":false,"c":{"p":[-432.6026620821857,247.99440002441406,740.0645469406849],"r":[0.9929654002189636,-1.6657719306941198e-9,0.11840462684631348,1.425035875125909e-9,1,2.117828620473383e-9,-0.11840462684631348,-1.9341987967807452e-9,0.9929654002189636]}},{"t":1.8714285714285668,"j":false,"c":{"p":[-432.64225451061577,247.99440002441406,739.732501162047],"r":[0.9929654002189636,-3.624985763826181e-8,0.11840462684631348,3.095214526241148e-8,1,4.6581350963902025e-8,-0.11840462684631348,-4.2588793317606004e-8,0.9929654002189636]}},{"t":1.885714285714281,"j":false,"c":{"p":[-432.68142102349964,247.99440002441406,739.404027365851],"r":[0.9929654002189636,-3.4344137050497186e-8,0.11840462684631348,2.9324344254037233e-8,1,4.413743856320428e-8,-0.11840462684631348,-4.035481219003344e-8,0.9929654002189636]}},{"t":1.8999999999999952,"j":false,"c":{"p":[-432.72058753638345,247.99440002441406,739.0755535696551],"r":[0.9929654002189636,-3.2438416462732566e-8,0.11840462684631348,2.769654324566299e-8,1,4.169352616250653e-8,-0.11840462684631348,-3.812083106246088e-8,0.9929654002189636]}},{"t":1.9142857142857095,"j":false,"c":{"p":[-432.7597540492673,247.99440002441406,738.7470797734591],"r":[0.9929654002189636,-3.053269587496794e-8,0.11840462684631348,2.6068742237288747e-8,1,3.924961376180878e-8,-0.11840462684631348,-3.5886849934888313e-8,0.9929654002189636]}},{"t":1.9285714285714237,"j":false,"c":{"p":[-432.7989205621512,247.99440002441406,738.4186059772632],"r":[0.9929654002189636,-2.8626975287203313e-8,0.11840462684631348,2.4440941228914503e-8,1,3.680570136111103e-8,-0.11840462684631348,-3.365286880731575e-8,0.9929654002189636]}},{"t":1.942857142857138,"j":false,"c":{"p":[-432.83987596914204,247.99440002441406,738.0751294454377],"r":[0.9929654002189636,-1.4198982355327985e-8,0.11840462684631348,1.2120089609532773e-8,1,1.8277599602875635e-8,-0.11840462684631348,-1.6713950463290058e-8,0.9929654002189636]}},{"t":1.9571428571428522,"j":false,"c":{"p":[-432.881460631803,247.99440002441406,737.7263755993066],"r":[0.9929654002189636,-3.727517434354472e-10,0.11840462684631348,3.143133937744925e-10,1,5.122261373183716e-10,-0.11840462684631348,-4.714070744407846e-10,0.9929654002189636]}},{"t":1.9714285714285664,"j":false,"c":{"p":[-432.92304529446403,247.99440002441406,737.3776217531755],"r":[0.9929654002189636,1.3453478868457086e-8,0.11840462684631348,-1.149146282198379e-8,1,-1.72531473282389e-8,-0.11840462684631348,1.5771136314408492e-8,0.9929654002189636]}},{"t":1.9857142857142807,"j":false,"c":{"p":[-432.964629957125,247.99440002441406,737.0288679070444],"r":[0.9929654002189636,2.727970948034963e-8,0.11840462684631348,-2.3297239037742074e-8,1,-3.501852079379618e-8,-0.11840462684631348,3.201367970325777e-8,0.9929654002189636]}},{"t":1.999999999999995,"j":false,"c":{"p":[-433.00621461978596,247.99440002441406,736.6801140609133],"r":[0.9929654002189636,4.110594009224217e-8,0.11840462684631348,-3.510301525350035e-8,1,-5.2783894259353446e-8,-0.11840462684631348,4.8256223092107045e-8,0.9929654002189636]}},{"t":2.0142857142857093,"j":false,"c":{"p":[-433.0485058851967,247.99440002441406,736.3254342216184],"r":[0.9929654002189636,5.970890290682881e-8,0.11840462684631348,-5.0985415215924725e-8,1,-7.67043113204092e-8,-0.11840462684631348,7.012782107201183e-8,0.9929654002189636]}},{"t":2.0285714285714236,"j":false,"c":{"p":[-433.0908763634738,247.99440002441406,735.9700900558613],"r":[0.9929654002189636,4.69488842127499e-8,0.11840462684631348,-4.008773549083299e-8,1,-6.032827154949956e-8,-0.11840462684631348,5.5157315336713067e-8,0.9929654002189636]}},{"t":2.042857142857138,"j":false,"c":{"p":[-433.1332468417509,247.99440002441406,735.6147458901042],"r":[0.9929654002189636,3.418886551867099e-8,0.11840462684631348,-2.919005576574125e-8,1,-4.395223177858989e-8,-0.11840462684631348,4.018680960141428e-8,0.9929654002189636]}},{"t":2.057142857142852,"j":false,"c":{"p":[-433.17561732002804,247.99440002441406,735