{"v":1,"d":[{"t":0.06715631484985352,"c":{"r":[-0.7615376114845276,5.183266793551411e-8,-0.6481207609176636,1.8728114170585286e-8,1,5.796837143634548e-8,0.6481207609176636,3.2007015704493824e-8,-0.7615376114845276],"p":[-345.9095458984375,388.2543640136719,518.7399291992188]},"j":false},{"t":0.016666666666666663,"j":false,"c":{"p":[-346.6647718847657,388.2543640136719,517.8524685717474],"r":[-0.7615369643140987,1.454063144664145e-7,-0.6481215076527739,5.168458157356718e-8,1,1.6362166595571086e-7,0.6481215076527739,9.110626098784395e-8,-0.7615369643140987]}},{"t":0.03333333333333333,"j":false,"c":{"p":[-346.41547128107624,388.2543640136719,518.1454199190056],"r":[-0.7615371779454905,1.1451759110164478e-7,-0.648121261155014,4.080562962041662e-8,1,1.287454427029649e-7,0.648121261155014,7.159756055453073e-8,-0.7615371779454905]}},{"t":0.05,"j":false,"c":{"p":[-346.1661706773868,388.2543640136719,518.4383712662637],"r":[-0.7615373915768824,8.362886773687506e-8,-0.6481210146572542,2.9926677667266066e-8,1,9.386921945021897e-8,0.6481210146572542,5.208886012121753e-8,-0.7615373915768824]}},{"t":0.06666666666666667,"j":false,"c":{"p":[-345.91687007369734,388.2543640136719,518.7313226135219],"r":[-0.7615376052082742,5.274014437210535e-8,-0.6481207681594944,1.904772571411552e-8,1,5.899299619747304e-8,0.6481207681594944,3.258015968790432e-8,-0.7615376052082742]}},{"t":0.08333333333333333,"j":false,"c":{"p":[-345.6675694700079,388.2543640136719,519.0242739607801],"r":[-0.7615378188396661,2.1851421007335643e-8,-0.6481205216617346,8.168773760964969e-9,1,2.4116772944727117e-8,0.6481205216617346,1.307145925459112e-8,-0.7615378188396661]}},{"t":0.09999999999999999,"j":false,"c":{"p":[-345.41826886631844,388.2543640136719,519.3172253080382],"r":[-0.7615380324710579,-9.037302357434074e-9,-0.6481202751639747,-2.7101781921855814e-9,1,-1.0759450308018808e-8,0.6481202751639747,-6.4372411787220865e-9,-0.7615380324710579]}},{"t":0.11666666666666665,"j":false,"c":{"p":[-345.168968262629,388.2543640136719,519.6101766552964],"r":[-0.7615382461024498,-3.992602572220378e-8,-0.6481200286662149,-1.3589130145336128e-8,1,-4.5635673560764733e-8,0.6481200286662149,-2.5945941612035287e-8,-0.7615382461024498]}},{"t":0.13333333333333333,"j":false,"c":{"p":[-344.9147328184064,388.2439530327062,519.9089312849907],"r":[-0.7615383863449097,-5.693010626735618e-8,-0.6481198668479919,-1.963140893111126e-8,1,-6.477202046722381e-8,0.6481198668479919,-3.660287207947687e-8,-0.7615383863449097]}},{"t":0.15,"j":false,"c":{"p":[-344.65106714871,388.21364720463254,520.2187756877977],"r":[-0.7615383863449097,-4.740135124619552e-8,-0.6481198668479919,-1.64310550107245e-8,1,-5.3830276323326275e-8,0.6481198668479919,-3.034452715766117e-8,-0.7615383863449097]}},{"t":0.16666666666666666,"j":false,"c":{"p":[-344.38740147901365,388.1833413765588,520.5286200906047],"r":[-0.7615383863449097,-3.787259622503486e-8,-0.6481198668479919,-1.3230701090337743e-8,1,-4.288853217942874e-8,0.6481198668479919,-2.408618223584547e-8,-0.7615383863449097]}},{"t":0.18333333333333332,"j":false,"c":{"p":[-344.1237358093173,388.1530355484851,520.8384644934117],"r":[-0.7615383863449097,-2.834384120387419e-8,-0.6481198668479919,-1.0030347169950988e-8,1,-3.194678803553121e-8,0.6481198668479919,-1.7827837314029773e-8,-0.7615383863449097]}},{"t":0.19999999999999998,"j":false,"c":{"p":[-343.8589886079278,387.98952545644545,521.1495798487169],"r":[-0.7615383863449097,-4.963820023619748e-9,-0.6481198668479919,-2.003180856047517e-9,1,-5.305070275484373e-9,0.6481198668479919,-2.7417133835995316e-9,-0.7615383863449097]}},{"t":0.21666666666666665,"j":false,"c":{"p":[-343.59367412079183,387.7561469723907,521.4613618448993],"r":[-0.7615383863449097,2.5681476794931656e-8,-0.6481198668479919,8.555748409376708e-9,1,2.957160842785701e-8,0.6481198668479919,1.6974763255016096e-8,-0.7615383863449097]}},{"t":0.2333333333333333,"j":false,"c":{"p":[-343.3283596336559,387.5227684883359,521.7731438410816],"r":[-0.7615383863449097,5.632677361348306e-8,-0.6481198668479919,1.9114677674800933e-8,1,6.44482871311984e-8,0.6481198668479919,3.6691239893631725e-8,-0.7615383863449097]}},{"t":0.24999999999999997,"j":false,"c":{"p":[-343.0630451465199,387.28939000428113,522.084925837264],"r":[-0.7615383863449097,8.697207043203447e-8,-0.6481198668479919,2.9673606940225158e-8,1,9.93249658345398e-8,0.6481198668479919,5.6407716532247354e-8,-0.7615383863449097]}},{"t":0.26666666666666666,"j":false,"c":{"p":[-342.813695668495,387.20361307088814,522.3779466927962],"r":[-0.7615383863449097,6.373380761304876e-8,-0.6481198668479919,2.1793219069091838e-8,1,7.272950585852866e-8,0.6481198668479919,4.126168969074982e-8,-0.7615383863449097]}},{"t":0.2833333333333333,"j":false,"c":{"p":[-342.5644867294149,387.1191354644203,522.670802395218],"r":[-0.7615383863449097,4.002121129587893e-8,-0.6481198668479919,1.3750511079162649e-8,1,4.5592910612747354e-8,0.6481198668479919,2.5808770480922976e-8,-0.7615383863449097]}},{"t":0.3,"j":false,"c":{"p":[-342.31527779033485,387.0346578579525,522.9636580976397],"r":[-0.7615383863449097,1.630861497870911e-8,-0.6481198668479919,5.707803089233456e-9,1,1.845631536696606e-8,0.6481198668479919,1.035585127109613e-8,-0.7615383863449097]}},{"t":0.31666666666666665,"j":false,"c":{"p":[-342.0658776715173,386.95852495373725,523.2567384632558],"r":[-0.7615383863449097,-7.064279906763182e-9,-0.6481198668479919,-2.221413212105253e-9,1,-8.289498482495499e-9,0.6481198668479919,-4.873029147132317e-9,-0.7615383863449097]}},{"t":0.3333333333333333,"j":false,"c":{"p":[-341.8145390329349,386.9670054633567,523.5520968633979],"r":[-0.7615383863449097,-2.699267827809609e-8,-0.6481198668479919,-8.999849183257503e-9,1,-3.1072876404950534e-8,0.6481198668479919,-1.7830206343986725e-8,-0.7615383863449097]}},{"t":0.35,"j":false,"c":{"p":[-341.5632003943525,386.9754859729762,523.8474552635398],"r":[-0.7615383863449097,-4.6921076649429e-8,-0.6481198668479919,-1.5778285154409758e-8,1,-5.385625432740557e-8,0.6481198668479919,-3.078738354084114e-8,-0.7615383863449097]}},{"t":0.36666666666666664,"j":false,"c":{"p":[-341.3118617557701,386.98396648259563,524.1428136636819],"r":[-0.7615383863449097,-6.684947502076191e-8,-0.6481198668479919,-2.2556721125562005e-8,1,-7.66396322498606e-8,0.6481198668479919,-4.374456073769555e-8,-0.7615383863449097]}},{"t":0.3833333333333333,"j":false,"c":{"p":[-341.05857943478986,386.9907742574,524.4404561651728],"r":[-0.7615383863449097,-7.550185149092739e-8,-0.6481198668479919,-2.5522823029373507e-8,1,-8.650443766206625e-8,0.6481198668479919,-4.933459887075229e-8,-0.7615383863449097]}},{"t":0.39999999999999997,"j":false,"c":{"p":[-340.7984586513046,386.99169684523844,524.7461348259916],"r":[-0.7615383863449097,-4.448177269758099e-8,-0.6481198668479919,-1.507598071741689e-8,1,-5.091779801027798e-8,0.6481198668479919,-2.9004813728339468e-8,-0.7615383863449097]}},{"t":0.41666666666666663,"j":false,"c":{"p":[-340.53833786781934,386.9926194330769,525.0518134868105],"r":[-0.7615383863449097,-1.3461693904234594e-8,-0.6481198668479919,-4.6291384054602745e-9,1,-1.5331158358489712e-8,0.6481198668479919,-8.67502858592665e-9,-0.7615383863449097]}},{"t":0.4333333333333333,"j":false,"c":{"p":[-340.2782170843341,386.9935420209154,525.3574921476293],"r":[-0.7615383863449097,1.7558384889111818e-8,-0.6481198668479919,5.817703906496342e-9,1,2.0255481293298568e-8,0.6481198668479919,1.1654756556486176e-8,-0.7615383863449097]}},{"t":0.44999999999999996,"j":false,"c":{"p":[-340.0104254660831,386.9940578185756,525.672185122749],"r":[-0.7615383863449097,3.423082558490111e-8,-0.6481198668479919,1.144453784849352e-8,1,3.93682900027945e-8,0.6481198668479919,2.2563030832337685e-8,-0.7615383863449097]}},{"t":0.4666666666666666,"j":false,"c":{"p":[-339.73443885063,386.99413902932633,525.9965083770669],"r":[-0.7615383863449097,3.557522733066033e-8,-0.6481198668479919,1.1922003265033636e-8,1,4.0881580197625545e-8,0.6481198668479919,2.340600484421252e-8,-0.7615383863449097]}},{"t":0.4833333333333333,"j":false,"c":{"p":[-339.4584522351768,386.99422024007714,526.3208316313847],"r":[-0.7615383863449097,3.6919629076419544e-8,-0.6481198668479919,1.2399468681573752e-8,1,4.23948703924566e-8,0.6481198668479919,2.424897885608735e-8,-0.7615383863449097]}},{"t":0.49999999999999994,"j":false,"c":{"p":[-339.1824656197237,386.9943014508279,526.6451548857025],"r":[-0.7615383863449097,3.826403082217876e-8,-0.6481198668479919,1.2876934098113868e-8,1,4.3908160587287644e-8,0.6481198668479919,2.5091952867962184e-8,-0.7615383863449097]}},{"t":0.5166666666666666,"j":false,"c":{"p":[-338.92189936698514,386.99432373046875,526.9513570358133],"r":[-0.7615383863449097,1.8493355156896518e-8,-0.6481198668479919,6.258405542139542e-9,1,2.1180246264350927e-8,0.6481198668479919,1.2073374406360594e-8,-0.7615383863449097]}},{"t":0.5333333333333333,"j":false,"c":{"p":[-338.66716297462636,386.99432373046875,527.2507082765513],"r":[-0.7615383863449097,-9.260138778756139e-9,-0.6481198668479919,-3.0428520054228227e-9,1,-1.0712357657072933e-8,0.6481198668479919,-6.185736788647067e-9,-0.7615383863449097]}},{"t":0.55,"j":false,"c":{"p":[-338.4124265822675,386.99432373046875,527.5500595172895],"r":[-0.7615383863449097,-3.701363271440878e-8,-0.6481198668479919,-1.2344109552985185e-8,1,-4.2604961578496776e-8,0.6481198668479919,-2.4444847983654722e-8,-0.7615383863449097]}},{"t":0.5666666666666668,"j":false,"c":{"p":[-338.15769018990875,386.99432373046875,527.8494107580275],"r":[-0.7615383863449097,-6.476712665006144e-8,-0.6481198668479919,-2.164536710054755e-8,1,-7.449756549992064e-8,0.6481198668479919,-4.2703959178662376e-8,-0.7615383863449097]}},{"t":0.5833333333333335,"j":false,"c":{"p":[-337.9423037538985,386.99432373046875,528.1587685664143],"r":[-0.7615383863449097,-5.449754079811771e-8,-0.6481198668479919,-1.8222741700772745e-8,1,-6.267394087152497e-8,0.6481198668479919,-3.5918087642586275e-8,-0.7615383863449097]}},{"t":0.6000000000000002,"j":false,"c":{"p":[-337.730865754253,386.99432373046875,528.4691304495005],"r":[-0.7615383863449097,-4.041265945754179e-8,-0.6481198668479919,-1.3523381920773017e-8,1,-4.6463761274466586e-8,0.6481198668479919,-2.6619163240709804e-8,-0.7615383863449097]}},{"t":0.6166666666666669,"j":false,"c":{"p":[-337.51942775460753,386.99432373046875,528.7794923325868],"r":[-0.7615383863449097,-2.632777811696587e-8,-0.6481198668479919,-8.824022140773291e-9,1,-3.02535816774082e-8,0.6481198668479919,-1.7320238838833333e-8,-0.7615383863449097]}},{"t":0.6333333333333336,"j":false,"c":{"p":[-337.32291181977286,386.99432373046875,529.0958759979426],"r":[-0.7614016940472477,-1.1662403695008632e-8,-0.6482782248118777,-3.938943553213042e-9,1,-1.3383687128844801e-8,0.6482782248118777,-7.65679406299622e-9,-0.7614016940472477]}},{"t":0.6500000000000004,"j":false,"c":{"p":[-337.35146460252946,386.99432373046875,529.503085888103],"r":[-0.7592032790235793,1.1758517298659716e-8,-0.6508250876042855,3.747322026911289e-9,1,1.3436653285863027e-8,0.6508250876042855,7.50469231388013e-9,-0.7592032790235793]}},{"t":0.6666666666666671,"j":false,"c":{"p":[-337.380017385286,386.99432373046875,529.9102957782634],"r":[-0.757004863999911,3.517943829232806e-8,-0.6533719503966932,1.143358760703562e-8,1,4.0256993700570855e-8,0.6533719503966932,2.2666178690756477e-8,-0.757004863999911]}},{"t":0.6833333333333338,"j":false,"c":{"p":[-337.40857016804256,386.99432373046875,530.3175056684238],"r":[-0.7548064489762426,5.8600359285996414e-8,-0.655918813189101,1.911985318715995e-8,1,6.707733411527869e-8,0.655918813189101,3.782766506763283e-8,-0.7548064489762426]}},{"t":0.7000000000000005,"j":false,"c":{"p":[-337.4371229507991,386.99432373046875,530.7247155585842],"r":[-0.7526080339525743,8.202128027966475e-8,-0.6584656759815086,2.680611876728428e-8,1,9.38976745299865e-8,0.6584656759815086,5.298915144450917e-8,-0.7526080339525743]}},{"t":0.7166666666666672,"j":false,"c":{"p":[-337.45221079227304,386.99432373046875,531.1015306022941],"r":[-0.7371042747533277,5.808113740287531e-8,-0.674655239722271,2.0109226981189643e-8,1,6.583355877908467e-8,0.674655239722271,3.676923492404966e-8,-0.7371042747533277]}},{"t":0.733333333333334,"j":false,"c":{"p":[-337.4659990251076,386.99432373046875,531.4754119974858],"r":[-0.7203163109015461,2.956980134469528e-8,-0.6921615691024507,1.2024102214113774e-8,1,3.2472107383975314e-8,0.6921615691024507,1.752044947152521e-8,-0.7203163109015461]}},{"t":0.7500000000000007,"j":false,"c":{"p":[-337.47978725794206,386.99432373046875,531.8492933926775],"r":[-0.7035283470497644,1.0584652865152484e-9,-0.7096678984826305,3.938977447037909e-9,1,-8.893440111340555e-10,0.7096678984826305,-1.7283359809992397e-9,-0.7035283470497644]}},{"t":0.7666666666666674,"j":false,"c":{"p":[-337.4891236315457,386.99432373046875,532.2297469449591],"r":[-0.6893802574383171,-2.440843923730355e-8,-0.7243981661102495,-3.2300836497921332e-9,1,-3.061085061664161e-8,0.7243981661102495,-1.875043959766573e-8,-0.6893802574383171]}},{"t":0.7833333333333341,"j":false,"c":{"p":[-337.4769520891319,386.99432373046875,532.6419520409012],"r":[-0.6879859838197787,-3.516702205435177e-8,-0.7257166657694715,-5.973438661992606e-9,1,-4.2746979342537955e-8,0.7257166657694715,-2.5014951062635837e-8,-0.6879859838197787]}},{"t":0.8000000000000008,"j":false,"c":{"p":[-337.46478054671815,386.99432373046875,533.0541571368433],"r":[-0.6865917102012404,-4.592560487139999e-8,-0.7270351654286935,-8.716793674193078e-9,1,-5.4883108068434304e-8,0.7270351654286935,-3.127946252760594e-8,-0.6865917102012404]}},{"t":0.8166666666666675,"j":false,"c":{"p":[-337.4526090043044,386.99432373046875,533.4663622327855],"r":[-0.685197436582702,-5.668418768844821e-8,-0.7283536650879154,-1.1460148686393551e-8,1,-6.701923679433065e-8,0.7283536650879154,-3.754397399257604e-8,-0.685197436582702]}},{"t":0.8333333333333343,"j":false,"c":{"p":[-337.4356220175923,386.99432373046875,533.8800594978588],"r":[-0.6735502184377247,-4.4736433086356524e-8,-0.7383277542531621,-1.0464904701831483e-8,1,-5.2336391036950815e-8,0.7383277542531621,-2.893743415873329e-8,-0.6735502184377247]}},{"t":0.850000000000001,"j":false,"c":{"p":[-337.4144228806306,386.99432373046875,534.2950619884086],"r":[-0.6529345769923337,-1.2927062628279099e-8,-0.7558730333731063,-6.1994451936209554e-9,1,-1.419453650128552e-8,0.7558730333731063,-7.322935233139011e-9,-0.6529345769923337]}},{"t":0.8666666666666677,"j":false,"c":{"p":[-337.39322374366884,386.99432373046875,534.7100644789583],"r":[-0.6323189355469427,1.8882307829798327e-8,-0.7734183124930504,-1.9339856854104296e-9,1,2.394731803437978e-8,0.7734183124930504,1.4291563692455267e-8,-0.6323189355469427]}},{"t":0.8833333333333344,"j":false,"c":{"p":[-337.3720246067071,386.99432373046875,535.1250669695081],"r":[-0.6117032941015518,5.069167828787574e-8,-0.7909635916129946,2.331473822800097e-9,1,6.208917257004506e-8,0.7909635916129946,3.5906062618049545e-8,-0.6117032941015518]}},{"t":0.9000000000000011,"j":false,"c":{"p":[-337.31561206176735,386.99432373046875,535.5070630327184],"r":[-0.5953343427613662,4.820201089739664e-8,-0.802815155709457,2.6268454634742147e-9,1,5.83708140189505e-8,0.802815155709457,3.29575426202556e-8,-0.5953343427613662]}},{"t":0.9166666666666679,"j":false,"c":{"p":[-337.25632046605705,386.99432373046875,535.886360488054],"r":[-0.5793126011098063,4.2908051703999975e-8,-0.8142012012558366,2.5976224343808422e-9,1,5.122996143330318e-8,0.8142012012558366,2.8000748427543807e-8,-0.5793126011098063]}},{"t":0.9333333333333346,"j":false,"c":{"p":[-337.1970288703468,386.99432373046875,536.2656579433897],"r":[-0.5632908594582464,3.7614092510603304e-8,-0.8255872468022162,2.5683994052874693e-9,1,4.4089108847655874e-8,0.8255872468022162,2.3043954234832016e-8,-0.5632908594582464]}},{"t":0.9500000000000013,"j":false,"c":{"p":[-337.13700611542026,386.99432373046875,536.6450168806273],"r":[-0.5471809650595031,3.1849751680079485e-8,-0.8369885930334936,2.5759281859689407e-9,1,3.64116591934385e-8,0.8369885930334936,1.7821957471397802e-8,-0.5471809650595031]}},{"t":0.966666666666668,"j":false,"c":{"p":[-337.0378395518871,386.99432373046875,537.0276673523894],"r":[-0.5263516686656392,9.027579243402913e-10,-0.8492090865419771,4.551025419334841e-9,1,6.6048201720708596e-12,0.8492090865419771,-1.598094161198677e-9,-0.5263516686656392]}},{"t":0.9833333333333347,"j":false,"c":{"p":[-336.9386729883539,386.99432373046875,537.4103178241513],"r":[-0.5055223722717752,-3.004423583139891e-8,-0.8614295800504607,6.526122652700742e-9,1,-3.639844955309436e-8,0.8614295800504607,-2.101814579379516e-8,-0.5055223722717752]}},{"t":1.0000000000000013,"j":false,"c":{"p":[-336.83950642482074,386.99432373046875,537.7929682959134],"r":[-0.48469307587791144,-6.09912295871379e-8,-0.8736500735589441,8.501219886066629e-9,1,-7.280350392636055e-8,0.8736500735589441,-4.0438197426391516e-8,-0.48469307587791144]}},{"t":1.016666666666668,"j":false,"c":{"p":[-336.74033986128757,386.99432373046875,538.1756187676755],"r":[-0.46386377948404767,-9.19382233428769e-8,-0.8858705670674275,1.0476317119432517e-8,1,-1.0920855829962675e-7,0.8858705670674275,-5.985824905898787e-8,-0.46386377948404767]}},{"t":1.0333333333333345,"j":false,"c":{"p":[-336.6226177709617,386.99432373046875,538.5499420928572],"r":[-0.44237352180491624,-6.789414809817536e-8,-0.8959598996897854,6.2650583045874e-9,1,-8.012286889462947e-8,0.8959598996897854,-4.2779343737725055e-8,-0.44237352180491624]}},{"t":1.0500000000000012,"j":false,"c":{"p":[-336.5043764332428,386.99432373046875,538.9240323958671],"r":[-0.4208647681580832,-4.231123380377337e-8,-0.9059895951082778,1.880683992346492e-9,1,-4.920452346472185e-8,0.9059895951082778,-2.4679072197277006e-8,-0.4208647681580832]}},{"t":1.0666666666666678,"j":false,"c":{"p":[-336.3861350955239,386.99432373046875,539.298122698877],"r":[-0.39935601451125013,-1.6728319509371384e-8,-0.9160192905267702,-2.503690319894416e-9,1,-1.8286178034814225e-8,0.9160192905267702,-6.578800656828957e-9,-0.39935601451125013]}},{"t":1.0833333333333344,"j":false,"c":{"p":[-336.2620710491428,386.99432373046875,539.6709151597353],"r":[-0.3798594605350689,7.3834659747210514e-9,-0.9250205530719864,-6.727289910357445e-9,1,1.0692017647696935e-8,0.9250205530719864,1.02061571726333e-8,-0.3798594605350689]}},{"t":1.100000000000001,"j":false,"c":{"p":[-336.10497672495785,386.99432373046875,540.036345396361],"r":[-0.3717774419536373,2.3150029997727115e-8,-0.9281878600687787,-1.0038868303778833e-8,1,2.8664393040217714e-8,0.9281878600687787,1.952978045949349e-8,-0.3717774419536373]}},{"t":1.1166666666666676,"j":false,"c":{"p":[-335.947882400773,386.99432373046875,540.4017756329866],"r":[-0.36369542337220573,3.8916594020733176e-8,-0.9313551670655712,-1.335044669720022e-8,1,4.66367684327385e-8,0.9313551670655712,2.8853403746353678e-8,-0.36369542337220573]}},{"t":1.1333333333333342,"j":false,"c":{"p":[-335.79078807658806,386.99432373046875,540.7672058696123],"r":[-0.35561340479077413,5.468315804373924e-8,-0.9345224740623636,-1.666202509062161e-8,1,6.460914382525927e-8,0.9345224740623636,3.817702703321386e-8,-0.35561340479077413]}},{"t":1.1500000000000008,"j":false,"c":{"p":[-335.6306568516958,386.99432373046875,541.1339566843193],"r":[-0.345448484517951,6.446909360071897e-8,-0.9382728867379861,-1.7995835286433073e-8,1,7.562615408310665e-8,0.9382728867379861,4.338357809561059e-8,-0.345448484517951]}},{"t":1.1666666666666674,"j":false,"c":{"p":[-335.449952186036,386.99432373046875,541.5096537365074],"r":[-0.32117297627986385,3.3739346441513e-8,-0.9459735405642995,-5.931282879431543e-9,1,3.952414188830472e-8,0.9459735405642995,2.0699081768331842e-8,-0.32117297627986385]}},{"t":1.183333333333334,"j":false,"c":{"p":[-335.26924752037615,386.99432373046875,541.8853507886954],"r":[-0.2968974680417767,3.0095992823070416e-9,-0.953674194390613,6.133269527569987e-9,1,3.4221296935028064e-9,0.953674194390613,-1.985414558946898e-9,-0.2968974680417767]}},{"t":1.2000000000000006,"j":false,"c":{"p":[-335.08854285471637,386.99432373046875,542.2610478408834],"r":[-0.27262195980368953,-2.7720147876898922e-8,-0.9613748482169263,1.8197821934571514e-8,1,-3.2679882501299106e-8,0.9613748482169263,-2.4669910886225638e-8,-0.27262195980368953]}},{"t":1.2166666666666672,"j":false,"c":{"p":[-334.8989739955958,386.99432373046875,542.6281729412367],"r":[-0.2522267222644629,-4.7942531003481425e-8,-0.9676021498235594,2.5713616439882058e-8,1,-5.6308053943973516e-8,0.9676021498235594,-3.9145458078201e-8,-0.2522267222644629]}},{"t":1.2333333333333338,"j":false,"c":{"p":[-334.68796385355563,386.99432373046875,542.9745636515664],"r":[-0.24121733378499524,-4.274902423993192e-8,-0.9702656120439763,2.222658191906429e-8,1,-4.976369476157565e-8,0.9702656120439763,-3.3764669590858204e-8,-0.24121733378499524]}},{"t":1.2500000000000004,"j":false,"c":{"p":[-334.47695371151553,386.99432373046875,543.320954361896],"r":[-0.23020794530552757,-3.755551747638241e-8,-0.9729290742643932,1.8739547398246522e-8,1,-4.321933557917778e-8,0.9729290742643932,-2.838388110351541e-8,-0.23020794530552757]}},{"t":1.266666666666667,"j":false,"c":{"p":[-334.2659435694754,386.99432373046875,543.6673450722258],"r":[-0.21919855682605993,-3.2362010712832904e-8,-0.97559253648481,1.5252512877428752e-8,1,-3.667497639677991e-8,0.97559253648481,-2.3003092616172616e-8,-0.21919855682605993]}},{"t":1.2833333333333337,"j":false,"c":{"p":[-334.047537366438,386.99432373046875,544.0155329422352],"r":[-0.21473638713359833,-1.2237102379711869e-8,-0.9766720533370972,4.698042237784198e-9,1,-1.356232642216463e-8,0.9766720533370972,-7.50077145159642e-9,-0.21473638713359833]}},{"t":1.3000000000000003,"j":false,"c":{"p":[-333.8240904766146,386.99432373046875,544.364945642469],"r":[-0.21473638713359833,1.8064103663506496e-8,-0.9766720533370972,-1.0673145282534274e-8,1,2.084222129316e-8,0.9766720533370972,1.489974539314333e-8,-0.21473638713359833]}},{"t":1.3166666666666669,"j":false,"c":{"p":[-333.60064358679114,386.99432373046875,544.7143583427028],"r":[-0.21473638713359833,4.836530970672486e-8,-0.9766720533370972,-2.6044332802852746e-8,1,5.5246769008484624e-8,0.9766720533370972,3.7300262237883076e-8,-0.21473638713359833]}},{"t":1.3333333333333335,"j":false,"c":{"p":[-333.3771966969677,386.99432373046875,545.0637710429367],"r":[-0.21473638713359833,7.866651574994322e-8,-0.9766720533370972,-4.141552032317122e-8,1,8.965131672380926e-8,0.9766720533370972,5.970077908262283e-8,-0.21473638713359833]}},{"t":1.35,"j":false,"c":{"p":[-333.1677871800722,386.99432373046875,545.3876884675257],"r":[-0.21312822578148718,5.908094009697465e-8,-0.9770197468202516,-3.102791828367757e-8,1,6.732286671749877e-8,0.9770197468202516,4.477150429278059e-8,-0.21312822578148718]}},{"t":1.3666666666666667,"j":false,"c":{"p":[-332.95868121467663,386.99432373046875,545.7110545689288],"r":[-0.21148528870651087,3.841658656352465e-8,-0.977374959009285,-2.008329469538306e-8,1,4.3767592671741756e-8,0.977374959009285,2.903499054846706e-8,-0.21148528870651087]}},{"t":1.3833333333333333,"j":false,"c":{"p":[-332.74957524928107,386.99432373046875,546.0344206703319],"r":[-0.20984235163153456,1.7752233030074656e-8,-0.9777301711983183,-9.138671107088547e-9,1,2.0212318625984742e-8,0.9777301711983183,1.329847680415353e-8,-0.20984235163153456]}},{"t":1.4,"j":false,"c":{"p":[-332.54046928388556,386.99432373046875,546.357786771735],"r":[-0.20819941455655822,-2.9121205033753537e-9,-0.9780853833873516,1.8059524812059696e-9,1,-3.3429554197722715e-9,0.9780853833873516,-2.4380369401599945e-9,-0.20819941455655822]}},{"t":1.4166666666666665,"j":false,"c":{"p":[-332.32202642347556,386.99432373046875,546.6896815989244],"r":[-0.20085062001995402,-1.8709820962570626e-8,-0.9795201368010593,1.011308182715771e-8,1,-2.0924832078359822e-8,0.9795201368010593,-1.3776803655537504e-8,-0.20085062001995402]}},{"t":1.4333333333333331,"j":false,"c":{"p":[-332.1015929898954,386.99432373046875,547.0233947021786],"r":[-0.1922853689677196,-3.346997853162156e-8,-0.9811850422936577,1.785791232887584e-8,1,-3.723321422346932e-8,0.9811850422936577,-2.4177995595621467e-8,-0.1922853689677196]}},{"t":1.4499999999999997,"j":false,"c":{"p":[-331.88115955631514,386.99432373046875,547.3571078054329],"r":[-0.18372011791548518,-4.8230136100672506e-8,-0.982849947786256,2.560274283059397e-8,1,-5.354159636857883e-8,0.982849947786256,-3.457918753570543e-8,-0.18372011791548518]}},{"t":1.4666666666666663,"j":false,"c":{"p":[-331.66072612273496,386.99432373046875,547.6908209086871],"r":[-0.17515486686325077,-6.299029366972345e-8,-0.9845148532788542,3.3347573332312097e-8,1,-6.984997851368834e-8,0.9845148532788542,-4.49803794757894e-8,-0.17515486686325077]}},{"t":1.483333333333333,"j":false,"c":{"p":[-331.4243183105388,386.99432373046875,548.0115287317699],"r":[-0.15850930592428922,-4.203791386503167e-8,-0.9868277404989882,2.0914200832796853e-8,1,-4.714214901472003e-8,0.9868277404989882,-2.972248104617232e-8,-0.15850930592428922]}},{"t":1.4999999999999996,"j":false,"c":{"p":[-331.1844972021327,386.99432373046875,548.3294576753365],"r":[-0.14013719951059508,-1.345472278475544e-8,-0.9892790840326883,4.1692876166017215e-9,1,-1.609760166710289e-8,0.9892790840326883,-8.981923289796923e-9,-0.14013719951059508]}},{"t":1.5166666666666662,"j":false,"c":{"p":[-330.9446760937266,386.99432373046875,548.647386618903],"r":[-0.12176509309690095,1.51284682955208e-8,-0.9917304275663882,-1.257562559959341e-8,1,1.4946945680514244e-8,0.9917304275663882,1.175863446657848e-8,-0.12176509309690095]}},{"t":1.5333333333333328,"j":false,"c":{"p":[-330.7048549853206,386.99432373046875,548.9653155624698],"r":[-0.10339298668320682,4.371165937579704e-8,-0.9941817711000881,-2.9320538815788542e-8,1,4.5991493028131387e-8,0.9941817711000881,3.249919222295388e-8,-0.10339298668320682]}},{"t":1.5499999999999994,"j":false,"c":{"p":[-330.4612286160786,386.99432373046875,549.2761909926177],"r":[-0.0882745590910899,6.012389239247168e-8,-0.996065869084656,-3.8574705435698086e-8,1,6.384810241306087e-8,0.996065869084656,4.4148939584060495e-8,-0.0882745590910899]}},{"t":1.566666666666666,"j":false,"c":{"p":[-330.20894652860164,386.99432373046875,549.5710219970746],"r":[-0.08055718186596873,4.885119441781922e-8,-0.9966596698057882,-3.0789884532359356e-8,1,5.170648565120917e-8,0.9966596698057882,3.512007995851389e-8,-0.08055718186596873]}},{"t":1.5833333333333326,"j":false,"c":{"p":[-329.9566644411247,386.99432373046875,549.8658530015314],"r":[-0.07283980464084755,3.7578496443166745e-8,-0.9972534705269205,-2.300506362902063e-8,1,3.956486888935746e-8,0.9972534705269205,2.609122033296728e-8,-0.07283980464084755]}},{"t":1.5999999999999992,"j":false,"c":{"p":[-329.70438235364776,386.99432373046875,550.1606840059883],"r":[-0.06512242741572638,2.6305798468514284e-8,-0.9978472712480527,-1.5220242725681906e-8,1,2.7423252127505757e-8,0.9978472712480527,1.7062360707420675e-8,-0.06512242741572638]}},{"t":1.6166666666666658,"j":false,"c":{"p":[-329.4470688122706,386.99432373046875,550.4551727341973],"r":[-0.06278932094573975,3.5182377929216353e-9,-0.9980267882347107,-2.024393332658874e-10,1,3.5379309322220476e-9,0.9980267882347107,4.24184187874032e-10,-0.06278932094573975]}},{"t":1.6333333333333324,"j":false,"c":{"p":[-329.18757504664717,386.99432373046875,550.749513147627],"r":[-0.06278932094573975,-2.4258930926239776e-8,-0.9980267882347107,1.7949552329023756e-8,1,-2.54361597624637e-8,0.9980267882347107,-1.9511253425134564e-8,-0.06278932094573975]}},{"t":1.649999999999999,"j":false,"c":{"p":[-328.9280812810238,386.99432373046875,551.0438535610567],"r":[-0.06278932094573975,-5.203609964540119e-8,-0.9980267882347107,3.610154399131341e-8,1,-5.441025045714944e-8,0.9980267882347107,-3.944669103814316e-8,-0.06278932094573975]}},{"t":1.6666666666666656,"j":false,"c":{"p":[-328.6685875154005,386.99432373046875,551.3381939744864],"r":[-0.06278932094573975,-7.98132683645626e-8,-0.9980267882347107,5.425353565360306e-8,1,-8.338434115183519e-8,0.9980267882347107,-5.938212865115176e-8,-0.06278932094573975]}},{"t":1.6833333333333322,"j":false,"c":{"p":[-328.3961679244417,386.99432373046875,551.6471959839818],"r":[-0.06278932094573975,-6.246087033485156e-8,-0.9980267882347107,4.211368056846464e-8,1,-6.523387621625659e-8,0.9980267882347107,-4.612657256684972e-8,-0.06278932094573975]}},{"t":1.6999999999999988,"j":false,"c":{"p":[-328.12190101413694,386.99432373046875,551.9582933838568],"r":[-0.06278932094573975,-3.8658692923769053e-8,-0.9980267882347107,2.5644607574756184e-8,1,-4.034851420196926e-8,0.9980267882347107,-2.8127461376260435e-8,-0.06278932094573975]}},{"t":1.7166666666666655,"j":false,"c":{"p":[-327.8476341038322,386.99432373046875,552.2693907837319],"r":[-0.06278932094573975,-1.485651551268653e-8,-0.9980267882347107,9.175534581047727e-9,1,-1.5463152187681914e-8,0.9980267882347107,-1.0128350185671146e-8,-0.06278932094573975]}},{"t":1.733333333333332,"j":false,"c":{"p":[-327.57463522695497,386.99432373046875,552.5790498697329],"r":[-0.06278932094573975,7.009108320351631e-9,-0.9980267882347107,-5.892695128386514e-9,1,7.393695764691748e-9,0.9980267882347107,6.3453129948036344e-9,-0.06278932094573975]}},{"t":1.7499999999999987,"j":false,"c":{"p":[-327.3052806075217,386.99432373046875,552.8845753217712],"r":[-0.06278932094573975,2.330918503224612e-8,-0.9980267882347107,-1.6934979262981988e-8,1,2.4420707287296083e-8,0.9980267882347107,1.8434923558608353e-8,-0.06278932094573975]}},{"t":1.7666666666666653,"j":false,"c":{"p":[-327.0359259880884,386.99432373046875,553.1901007738095],"r":[-0.06278932094573975,3.960926174414061e-8,-0.9980267882347107,-2.7977263397577457e-8,1,4.144771880990041e-8,0.9980267882347107,3.0524534122413077e-8,-0.06278932094573975]}},{"t":1.7833333333333319,"j":false,"c":{"p":[-326.76657136865515,386.99432373046875,553.4956262258478],"r":[-0.06278932094573975,5.59093384560351e-8,-0.9980267882347107,-3.901954753217293e-8,1,5.8474730332504755e-8,0.9980267882347107,4.26141446862178e-8,-0.06278932094573975]}},{"t":1.7999999999999985,"j":false,"c":{"p":[-326.49842025233676,386.99432373046875,553.7913708335366],"r":[-0.05436918902435907,4.9143570143706056e-8,-0.9983208180634756,-3.337129840098429e-8,1,5.155779525747898e-8,0.9983208180634756,3.677173790663532e-8,-0.05436918902435907]}},{"t":1.816666666666665,"j":false,"c":{"p":[-326.2311573919071,386.99432373046875,554.0798966044122],"r":[-0.03973450587245193,2.5353855304549194e-8,-0.9988318591518294,-1.5404456756815968e-8,1,2.696882319047668e-8,0.9988318591518294,1.7694450547070732e-8,-0.03973450587245193]}},{"t":1.8333333333333317,"j":false,"c":{"p":[-325.9638945314775,386.99432373046875,554.3684223752877],"r":[-0.025099822720544805,1.5641404653923316e-9,-0.999342900240183,2.562384887352354e-9,1,2.379851123474376e-9,0.999342900240183,-1.3828368124938493e-9,-0.025099822720544805]}},{"t":1.8499999999999983,"j":false,"c":{"p":[-325.69663167104784,386.99432373046875,554.6569481461632],"r":[-0.010465139568637677,-2.222557437376453e-8,-0.9998539413285368,2.0529226531520676e-8,1,-2.2209120943527903e-8,0.9998539413285368,-2.0460124172058424e-8,-0.010465139568637677]}},{"t":1.866666666666665,"j":false,"c":{"p":[-325.4102982388464,386.99432373046875,554.9477236915394],"r":[-0.0011262480084768727,-3.544690773360898e-8,-0.9999347567255136,3.026892592801698e-8,1,-3.5363899205839266e-8,0.9999347567255136,-3.014483963909782e-8,-0.0011262480084768727]}},{"t":1.8833333333333315,"j":false,"c":{"p":[-325.11800500083064,386.99432373046875,555.2392023211918],"r":[0.00655763866260365,-4.536548215460332e-8,-0.9998811209058402,3.743753459951627e-8,1,-4.4945340730551636e-8,0.9998811209058402,-3.689425220875844e-8,0.00655763866260365]}},{"t":1.8999999999999981,"j":false,"c":{"p":[-324.8257117628149,386.99432373046875,555.5306809508442],"r":[0.014241525333684172,-5.528405657559765e-8,-0.9998274850861668,4.4606143271015575e-8,1,-5.4526782255264005e-8,0.9998274850861668,-4.364366477841905e-8,0.014241525333684172]}},{"t":1.9166666666666647,"j":false,"c":{"p":[-324.5328847368277,386.99432373046875,555.8202376024773],"r":[0.021666023891006025,-5.97186432767496e-8,-0.9997579575108977,4.740247895275344e-8,1,-5.877305375121197e-8,0.9997579575108977,-4.6202853169572776e-8,0.021666023891006025]}},{"t":1.9333333333333313,"j":false,"c":{"p":[-324.2364211955235,386.99432373046875,556.0967004736559],"r":[0.027323399734139924,-2.6792692813590844e-8,-0.9995801648271222,2.041201060218961e-8,1,-2.6672632234634603e-8,0.9995801648271222,-2.0215473963306756e-8,0.027323399734139924]}},{"t":1.949999999999998,"j":false,"c":{"p":[-323.9399576542193,386.99432373046875,556.3731633448347],"r":[0.03298077557727382,6.133257649567927e-9,-0.9994023721433467,-6.5784577483742135e-9,1,5.427789281942768e-9,0.9994023721433467,5.771905242959264e-9,0.03298077557727382]}},{"t":1.9666666666666646,"j":false,"c":{"p":[-323.6434941129151,386.99432373046875,556.6496262160133],"r":[0.03863815142040772,3.9059208112726684e-8,-0.9992245794595712,-3.356892609893804e-8,1,3.7528210798520126e-8,0.9992245794595712,3.1759284449225285e-8,0.03863815142040772]}},{"t":1.9833333333333312,"j":false,"c":{"p":[-323.3547925718024,386.99432373046875,556.915587034229],"r":[0.04336831997532766,5.4004988587302783e-8,-0.9990498184633798,-4.569262745078921e-8,1,5.2111909677147914e-8,0.9990498184633798,4.34383233184691e-8,0.04336831997532766]}},{"t":1.9999999999999978,"j":false,"c":{"p":[-323.07647026588006,386.99432373046875,557.1675046580367],"r":[0.04685864025955797,4.4907943956404276e-8,-0.9988791113962892,-3.793670146536478e-8,1,4.3272498592257056e-8,0.9988791113962892,3.5984454963193926e-8,0.04685864025955797]}},{"t":2.0166666666666644,"j":false,"c":{"p":[-322.79814795995776,386.99432373046875,557.4194222818445],"r":[0.05034896054378828,3.581089932550577e-8,-0.9987084043291986,-3.018077547994036e-8,1,3.4433087507366197e-8,0.9987084043291986,2.8530586607918755e-8,0.05034896054378828]}},{"t":2.033333333333331,"j":false,"c":{"p":[-322.5198256540354,386.99432373046875,557.6713399056522],"r":[0.053839280828018594,2.6713854694607267e-8,-0.9985376972621081,-2.242484949451594e-8,1,2.5593676422475338e-8,0.9985376972621081,2.1076718252643584e-8,0.053839280828018594]}},{"t":2.0499999999999976,"j":false,"c":{"p":[-322.22657124154216,386.99432373046875,557.9220769844821],"r":[0.055820437277089976,1.0341502134048805e-8,-0.9984408020973206,-8.786154521946693e-9,1,9.866438609275814e-9,0.9984408020973206,8.221707536314311e-9,0.055820437277089976]}},{"t":2.066666666666664,"j":false,"c":{"p":[-321.9137149913823,386.99432373046875,558.1712643254433],"r":[0.05582046772972578,-1.558137193765189e-8,-0.9984408020973206,1.2575033065369244e-8,1,-1.4902662169689203e-8,0.9984408020973206,-1.1723549641431718e-8,0.05582046772972578]}},{"t":2.083333333333331,"j":false,"c":{"p":[-321.6008587412224,386.99432373046875,558.4204516664043],"r":[0.05582049818236157,-4.1504246009352585e-8,-0.9984408020973206,3.393622065268518e-8,1,-3.9671762948654226e-8,0.9984408020973206,-3.166880681917775e-8,0.05582049818236157]}},{"t":2.0999999999999974,"j":false,"c":{"p":[-321.2880024910625,386.99432373046875,558.6696390073655],"r":[0.05582052863499737,-6.742712008105327e-8,-0.9984408020973206,5.52974082400011e-8,1,-6.444086372761923e-8,0.9984408020973206,-5.161406399692377e-8,0.05582052863499737]}},{"t":2.116666666666664,"j":false,"c":{"p":[-320.9249834519763,386.99432373046875,558.7856241666011],"r":[0.055820527283541234,-6.741055083457291e-8,-0.9984408020973206,5.534419346987949e-8,1,-6.442165287315918e-8,0.9984408020973206,-5.166184875001027e-8,0.055820527283541234]}},{"t":2.1333333333333306,"j":false,"c":{"p":[-320.51525210455134,386.99432373046875,558.777569544211],"r":[0.05582049631565864,-4.3238800021266506e-8,-0.9984408020973206,3.5542701594619435e-8,1,-4.1319210782939647e-8,0.9984408020973206,-3.318082186889749e-8,0.05582049631565864]}},{"t":2.1499999999999972,"j":false,"c":{"p":[-320.1055207571264,386.99432373046875,558.769514921821],"r":[0.05582046534777606,-1.9067049207960102e-8,-0.9984408020973206,1.574120971935938e-8,1,-1.8216768692720123e-8,0.9984408020973206,-1.4699794987784716e-8,0.05582046534777606]}},{"t":2.166666666666664,"j":false,"c":{"p":[-319.69578940970143,386.99432373046875,558.761460299431],"r":[0.055820434379893466,5.104701605346289e-9,-0.9984408020973206,-4.060282155900664e-9,1,4.885673397499393e-9,0.9984408020973206,3.7812318933280525e-9,0.055820434379893466]}},{"t":2.1833333333333305,"j":false,"c":{"p":[-319.29973444934865,386.99432373046875,558.741025493465],"r":[0.06187282103809499,2.0872474377996528e-8,-0.9979963439577193,-1.6937518507561267e-8,1,1.9697587678830587e-8,0.9979963439577193,1.546587011011531e-8,0.06187282103809499]}},{"t":2.199999999999997,"j":false,"c":{"p":[-318.9104657149697,386.99432373046875,558.7144476379568],"r":[0.07092841852105525,3.24701915824452e-8,-0.9973313456012218,-2.637893789704644e-8,1,3.039574041943252e-8,0.9973313456012218,2.3778138925623212e-8,0.07092841852105525]}},{"t":2.2166666666666637,"j":false,"c":{"p":[-318.5211969805907,386.99432373046875,558.6878697824486],"r":[0.0799840160040155,4.4067908786893884e-8,-0.9966663472447245,-3.582035728653161e-8,1,4.109389316003444e-8,0.9966663472447245,3.2090407741131117e-8,0.0799840160040155]}},{"t":2.2333333333333303,"j":false,"c":{"p":[-318.1319282462117,386.99432373046875,558.6612919269404],"r":[0.08903961348697575,5.5665625991342566e-8,-0.996001348888227,-4.526177667601678e-8,1,5.179204590063637e-8,0.996001348888227,4.0402676556639014e-8,0.08903961348697575]}},{"t":2.249999999999997,"j":false,"c":{"p":[-317.7480711164551,386.99432373046875,558.6206295170307],"r":[0.10477256005274713,3.7458150229099706e-8,-0.9941482144647623,-2.9486779152096006e-8,1,3.5307266349370503e-8,0.9941482144647623,2.6603735682252312e-8,0.10477256005274713]}},{"t":2.2666666666666635,"j":false,"c":{"p":[-317.36536926773056,386.99432373046875,558.5769603060551],"r":[0.1219310015093672,1.2887797557493376e-8,-0.992041434189914,-8.328526532511167e-9,1,1.3019415756021218e-8,0.992041434189914,8.084446050816747e-9,0.1219310015093672]}},{"t":2.28333333333333,"j":false,"c":{"p":[-316.9826674190061,386.99432373046875,558.5332910950796],"r":[0.13908944296598724,-1.168255511411294e-8,-0.9899346539150656,1.2829726087073665e-8,1,-9.268434837328054e-9,0.9899346539150656,-1.0434843580618818e-8,0.13908944296598724]}},{"t":2.2999999999999967,"j":false,"c":{"p":[-316.59508058692234,386.99432373046875,558.485385249803],"r":[0.15370817899703904,-3.2887166593880775e-8,-0.9881113939124998,3.105401930747654e-8,1,-2.8440176132781125e-8,0.9881113939124998,-2.6296393485357663e-8,0.15370817899703904]}},{"t":2.3166666666666633,"j":false,"c":{"p":[-316.186686168122,386.99432373046875,558.4194334606367],"r":[0.15750903971691382,-3.9755403399466026e-8,-0.9874957885154114,3.678111240818264e-8,1,-3.433884981130853e-8,0.9874957885154114,-3.083730097089405e-8,0.15750903971691382]}},{"t":2.33333333333333,"j":false,"c":{"p":[-315.77829174932157,386.99432373046875,558.3534816714703],"r":[0.16130990043678864,-4.6623640205051277e-8,-0.986880183118323,4.2508205508888754e-8,1,-4.023752348983593e-8,0.986880183118323,-3.5378208456430435e-8,0.16130990043678864]}},{"t":2.3499999999999965,"j":false,"c":{"p":[-315.3698973305212,386.99432373046875,558.2875298823039],"r":[0.16511076115666343,-5.349187701063653e-8,-0.9862645777212345,4.823529860959486e-8,1,-4.613619716836333e-8,0.9862645777212345,-3.991911594196683e-8,0.16511076115666343]}},{"t":2.366666666666663,"j":false,"c":{"p":[-314.964659641266,386.99432373046875,558.2203839518442],"r":[0.16676712036132812,-3.8160316520718163e-8,-0.9859963059425354,3.414184146081873e-8,1,-3.2927689436138256e-8,0.9859963059425354,-2.817247593025756e-8,0.16676712036132812]}},{"t":2.3833333333333298,"j":false,"c":{"p":[-314.56186013076785,386.99432373046875,558.1523156965883],"r":[0.16676712036132812,-5.682189180043399e-9,-0.9859963059425354,4.7394882285473665e-9,1,-4.961273826287891e-9,0.9859963059425354,-3.845742583508805e-9,0.16676712036132812]}},{"t":2.3999999999999964,"j":false,"c":{"p":[-314.15906062026966