{"d":[{"t":0.06715631484985352,"c":{"r":[-0.7615376114845276,5.183266793551411e-8,-0.6481207609176636,1.8728114170585287e-8,1,5.796837143634548e-8,0.6481207609176636,3.2007015704493827e-8,-0.7615376114845276],"p":[-345.9095458984375,388.2543640136719,518.7399291992188]},"j":false},{"t":0.1276078224182129,"c":{"r":[-0.7615383863449097,-6.020352572022603e-8,-0.6481198668479919,-2.073082860931663e-8,1,-6.853084499880424e-8,0.6481198668479919,-3.875280540910353e-8,-0.7615383863449097],"p":[-345.00531005859377,388.2543640136719,519.802490234375]},"j":false},{"t":0.18906760215759278,"c":{"r":[-0.7615383863449097,-2.506541463276335e-8,-0.6481198668479919,-8.929245787214768e-9,1,-2.8182213895888709e-8,0.6481198668479919,-1.5674615383431957e-8,-0.7615383863449097],"p":[-344.03302001953127,388.1426086425781,520.945068359375]},"j":false},{"t":0.25014543533325198,"c":{"r":[-0.7615383863449097,8.723948496935918e-8,-0.6481198668479919,2.9765745424015223e-8,1,9.962930391793634e-8,0.6481198668479919,5.657976487327687e-8,-0.7615383863449097],"p":[-343.06072998046877,387.287353515625,522.087646484375]},"j":false},{"t":0.3151705265045166,"c":{"r":[-0.7615383863449097,-5.275339276522573e-9,-0.6481198668479919,-1.6129237945250452e-9,1,-6.244270878141833e-9,0.6481198668479919,-3.7098839555937958e-9,-0.7615383863449097],"p":[-342.08843994140627,386.957763671875,523.230224609375]},"j":false},{"t":0.37964463233947756,"c":{"r":[-0.7615383863449097,-8.236727921939746e-8,-0.6481198668479919,-2.7834939686499639e-8,1,-9.438054604515855e-8,0.6481198668479919,-5.383402879033383e-8,-0.7615383863449097],"p":[-341.11614990234377,386.9905700683594,524.372802734375]},"j":false},{"t":0.4419419765472412,"c":{"r":[-0.7615383863449097,3.358083233706566e-8,-0.6481198668479919,1.1213692197031833e-8,1,3.863664232994779e-8,0.6481198668479919,2.2155468570872473e-8,-0.7615383863449097],"p":[-340.14385986328127,386.9940185546875,525.515380859375]},"j":false},{"t":0.5045723915100098,"c":{"r":[-0.7615383863449097,3.863285868987987e-8,-0.6481198668479919,1.3007923627128548e-8,1,4.432332190162924e-8,0.6481198668479919,2.5323217300865509e-8,-0.7615383863449097],"p":[-339.10675048828127,386.99432373046877,526.734130859375]},"j":false},{"t":0.5681865215301514,"c":{"r":[-0.7615383863449097,-6.729800361426897e-8,-0.6481198668479919,-2.2493560791758683e-8,1,-7.740589325067049e-8,0.6481198668479919,-4.436903111582069e-8,-0.7615383863449097],"p":[-338.13446044921877,386.99432373046877,527.876708984375]},"j":false},{"t":0.6322970390319824,"c":{"r":[-0.7615383863449097,-1.311866171249676e-8,-0.6481198668479919,-4.416857546374331e-9,1,-1.505131308476848e-8,0.6481198668479919,-8.59949977893848e-9,-0.7615383863449097],"p":[-337.3211364746094,386.99432373046877,529.070556640625]},"j":false},{"t":0.7014670372009277,"c":{"r":[-0.7524145245552063,8.408284202232608e-8,-0.6586898565292358,2.748268101981921e-8,1,9.6258460757781e-8,0.6586898565292358,5.4323699316682908e-8,-0.7524145245552063],"p":[-337.43963623046877,386.99432373046877,530.7605590820313]},"j":false},{"t":0.7638084888458252,"c":{"r":[-0.6896193623542786,-2.2563442669820689e-8,-0.724172055721283,-2.759623862758076e-9,1,-2.8529617779327056e-8,0.724172055721283,-1.7676134334010386e-8,-0.6896193623542786],"p":[-337.4912109375,386.99432373046877,532.1590576171875]},"j":false},{"t":0.8244431018829346,"c":{"r":[-0.6845468878746033,-6.170399302618535e-8,-0.7289688587188721,-1.2740160038049453e-8,1,-7.268178592312324e-8,0.7289688587188721,-4.046690804671016e-8,-0.6845468878746033],"p":[-337.4469299316406,386.99432373046877,533.65869140625]},"j":false},{"t":0.8845930099487305,"c":{"r":[-0.6101451516151428,5.309584949486634e-8,-0.792289674282074,2.65385979858479e-9,1,6.497195670362999e-8,0.792289674282074,3.753969934905399e-8,-0.6101451516151428],"p":[-337.37042236328127,386.99432373046877,535.1564331054688]},"j":false},{"t":0.9496943950653076,"c":{"r":[-0.5475628972053528,3.241720492042077e-8,-0.8367645144462586,2.5397122183079547e-9,1,3.707919304929419e-8,0.8367645144462586,1.8178049288053445e-8,-0.5475628972053528],"p":[-337.1388244628906,386.99432373046877,536.6380004882813]},"j":false},{"t":1.017120361328125,"c":{"r":[-0.4632967710494995,-9.278065249418433e-8,-0.8862032294273377,1.0530082583670719e-8,1,-1.1019956502877904e-7,0.8862032294273377,-6.038689548404364e-8,-0.4632967710494995],"p":[-336.7376403808594,386.99432373046877,538.18603515625]},"j":false},{"t":1.0808355808258057,"c":{"r":[-0.38107067346572878,5.0206074853065278e-9,-0.9245458841323853,-6.230999716194674e-9,1,7.998584905521966e-9,0.9245458841323853,8.80887096599281e-9,-0.38107067346572878],"p":[-336.2856140136719,386.99432373046877,539.6161499023438]},"j":false},{"t":1.1478562355041505,"c":{"r":[-0.34857094287872317,6.842173405630092e-8,-0.937282383441925,-1.9547648832940469e-8,1,8.026980680142515e-8,0.937282383441925,4.630139116557075e-8,-0.34857094287872317],"p":[-335.6539001464844,386.99432373046877,541.0856323242188]},"j":false},{"t":1.211791753768921,"c":{"r":[-0.2554469108581543,-4.946160458985105e-8,-0.9668231010437012,2.6733555813507338e-8,1,-5.822224480311888e-8,0.9668231010437012,-4.071931059002054e-8,-0.2554469108581543],"p":[-334.960693359375,386.99432373046877,542.52685546875]},"j":false},{"t":1.2734217643737794,"c":{"r":[-0.21473638713359834,-3.025705197501338e-8,-0.9766720533370972,1.3839197343656906e-8,1,-3.4022509254327818e-8,0.9766720533370972,-2.0822227497774294e-8,-0.21473638713359834],"p":[-334.180419921875,386.99432373046877,543.8077392578125]},"j":false},{"t":1.333686113357544,"c":{"r":[-0.21473638713359834,7.93078953620352e-8,-0.9766720533370972,-4.174087919750491e-8,1,9.0379550954367e-8,0.9766720533370972,6.017492637511168e-8,-0.21473638713359834],"p":[-333.3724670410156,386.99432373046877,545.0711669921875]},"j":false},{"t":1.4029288291931153,"c":{"r":[-0.2079107016324997,-6.5434622165128079e-9,-0.9781478047370911,3.729248465589308e-9,1,-7.482317876394973e-9,0.9781478047370911,-5.203410591292368e-9,-0.2079107016324997],"p":[-332.50372314453127,386.99432373046877,546.4146118164063]},"j":false},{"t":1.4696009159088135,"c":{"r":[-0.17364691197872163,-6.558889253938105e-8,-0.9848079681396484,3.471108911412557e-8,1,-7.272114999068435e-8,0.9848079681396484,-4.68115608498465e-8,-0.17364691197872163],"p":[-331.6219177246094,386.99432373046877,547.7495727539063]},"j":false},{"t":1.5449104309082032,"c":{"r":[-0.09063124656677246,6.356628290404842e-8,-0.9958845376968384,-4.095198846698622e-8,1,6.755583825679423e-8,0.9958845376968384,4.6906119877121458e-8,-0.09063124656677246],"p":[-330.53826904296877,386.99432373046877,549.1861572265625]},"j":false},{"t":1.6050386428833008,"c":{"r":[-0.06278932094573975,2.289785250297882e-8,-0.9980267882347107,-1.2866746779138794e-8,1,2.375261587417299e-8,0.9980267882347107,1.4332768749625302e-8,-0.06278932094573975],"p":[-329.62811279296877,386.99432373046877,550.2498168945313]},"j":false},{"t":1.6687507629394532,"c":{"r":[-0.06278932094573975,-8.328668599233424e-8,-0.9980267882347107,5.6523365543625917e-8,1,-8.700742881728729e-8,0.9980267882347107,-6.18749709246913e-8,-0.06278932094573975],"p":[-328.6361389160156,386.99432373046877,551.375]},"j":false},{"t":1.7290310859680176,"c":{"r":[-0.06278932094573975,2.8014905950612958e-9,-0.9980267882347107,-3.0422968588794676e-9,1,2.998430836953503e-9,0.9980267882347107,3.224563283055204e-9,-0.06278932094573975],"p":[-327.6441650390625,386.99432373046877,552.5001831054688]},"j":false},{"t":1.7904107570648194,"c":{"r":[-0.06278932094573975,6.28310914407848e-8,-0.9980267882347107,-4.370860295921375e-8,1,6.570517285808819e-8,0.9980267882347107,4.774794248874059e-8,-0.06278932094573975],"p":[-326.6521911621094,386.99432373046877,553.6253662109375]},"j":false},{"t":1.8539683818817139,"c":{"r":[-0.006980578880757093,-2.7889974774097938e-8,-0.9999756217002869,2.4807183862662897e-8,1,-2.806382681797004e-8,0.9999756217002869,-2.5002481862657079e-8,-0.006980578880757093],"p":[-325.63299560546877,386.99432373046877,554.7256469726563]},"j":false},{"t":1.9145333766937256,"c":{"r":[0.020941894501447679,-6.39330792751025e-8,-0.9997807145118713,5.085718868258482e-8,1,-6.288182419211808e-8,0.9997807145118713,-4.952917009859448e-8,0.020941894501447679],"p":[-324.5708312988281,386.99432373046877,555.7848510742188]},"j":false},{"t":1.9762022495269776,"c":{"r":[0.04187493398785591,5.7897295846487398e-8,-0.9991228580474854,-4.901111694266547e-8,1,5.589398455185801e-8,0.9991228580474854,4.662757291384878e-8,0.04187493398785591],"p":[-323.473876953125,386.99432373046877,556.8078002929688]},"j":false},{"t":2.0427935123443605,"c":{"r":[0.05582042410969734,2.1550274453829844e-8,-0.9984408020973206,-1.802250260141136e-8,1,2.0576331749566635e-8,0.9984408020973206,1.6845822514710563e-8,0.05582042410969734],"p":[-322.3618469238281,386.99432373046877,557.8143310546875]},"j":false},{"t":2.108036518096924,"c":{"r":[0.05582054331898689,-7.992689887714732e-8,-0.9984408020973206,6.55975824770394e-8,1,-7.638430332690405e-8,0.9984408020973206,-6.123148921233224e-8,0.05582054331898689],"p":[-321.13714599609377,386.99432373046877,558.789794921875]},"j":false},{"t":2.172194004058838,"c":{"r":[0.05582042410969734,1.3121026931628421e-8,-0.9984408020973206,-1.0627253743678012e-8,1,1.2547372918447764e-8,0.9984408020973206,9.910284148872961e-9,0.05582042410969734],"p":[-319.5599060058594,386.99432373046877,558.7587890625]},"j":false},{"t":2.2362654209136965,"c":{"r":[0.09063272178173065,5.770595734588824e-8,-0.995884358882904,-4.6922760787992959e-8,1,5.367412114765102e-8,0.995884358882904,4.186501456615588e-8,0.09063272178173065],"p":[-318.0634460449219,386.99432373046877,558.6566162109375]},"j":false},{"t":2.2968311309814455,"c":{"r":[0.15298551321029664,-3.158129402436316e-8,-0.988228440284729,2.996511483388531e-8,1,-2.7318648676555314e-8,0.988228440284729,-2.5433021022536196e-8,0.15298551321029664],"p":[-316.6727294921875,386.99432373046877,558.4979248046875]},"j":false},{"t":2.3572630882263185,"c":{"r":[0.16676712036132813,-5.648495360333072e-8,-0.9859963059425354,5.073108155784212e-8,1,-4.870675240908895e-8,0.9859963059425354,-4.189797664366779e-8,0.16676712036132813],"p":[-315.1919250488281,386.99432373046877,558.2587890625]},"j":false},{"t":2.4266209602355959,"c":{"r":[0.16676712036132813,7.867187434840162e-8,-0.9859963059425354,-7.162599757748467e-8,1,6.76747120564869e-8,0.9859963059425354,5.933705082838969e-8,0.16676712036132813],"p":[-313.51568603515627,386.99432373046877,557.9755249023438]},"j":false},{"t":2.4946799278259279,"c":{"r":[0.13225768506526948,-2.330060810962209e-9,-0.9912153482437134,4.766905203901217e-10,1,-2.2871062821394618e-9,0.9912153482437134,-1.7001558494378345e-10,0.13225768506526948],"p":[-311.9396057128906,386.94140625,557.7191162109375]},"j":false},{"t":2.5608012676239015,"c":{"r":[0.12533187866210938,-8.208021995415038e-8,-0.9921149015426636,7.080372199652629e-8,1,-7.3788086751847e-8,0.9921149015426636,-6.099742222431814e-8,0.12533187866210938],"p":[-310.4104919433594,386.4930114746094,557.52197265625]},"j":false},{"t":2.565985918045044,"c":{"r":[0.12533187866210938,-8.208021995415038e-8,-0.9921149015426636,7.080372199652629e-8,1,-7.3788086751847e-8,0.9921149015426636,-6.099742222431814e-8,0.12533187866210938],"p":[-310.4104919433594,386.4930114746094,557.52197265625]},"j":true},{"t":2.575119733810425,"c":{"r":[0.12533187866210938,-6.62465708956006e-8,-0.9921149015426636,5.7282331766828068e-8,1,-5.9536727547992999e-8,0.9921149015426636,-4.93688041558471e-8,0.12533187866210938],"p":[-310.2220764160156,386.93255615234377,557.4981689453125]},"j":true},{"t":2.5822067260742189,"c":{"r":[0.12533193826675416,-5.0419682651181577e-8,-0.9921148419380188,4.376671824957157e-8,1,-4.5291447037243418e-8,0.9921148419380188,-3.7745149228385347e-8,0.12533193826675416],"p":[-310.02716064453127,387.35845947265627,557.4735717773438]},"j":true},{"t":2.6272597312927248,"c":{"r":[0.12533198297023774,4.439974077286024e-8,-0.9921148419380188,-3.72057513686741e-8,1,4.005248754879176e-8,0.9921148419380188,3.189252240076712e-8,0.12533198297023774],"p":[-308.8371887207031,389.6278381347656,557.3234252929688]},"j":false},{"t":2.693056583404541,"c":{"r":[0.11185915023088455,9.59886321538761e-8,-0.9937240481376648,-8.244960980618998e-8,1,8.731386458293855e-8,0.9937240481376648,7.21653137247813e-8,0.11185915023088455],"p":[-307.2496643066406,391.890625,557.1242065429688]},"j":false},{"t":2.7596302032470705,"c":{"r":[0.06300877034664154,-1.1506527286542223e-8,-0.9980129599571228,2.751751004836933e-8,1,-9.79214043184129e-9,0.9980129599571228,-2.6845841105682667e-8,0.06300877034664154],"p":[-305.6563415527344,393.2814025878906,556.9801025390625]},"j":false},{"t":2.827143907546997,"c":{"r":[0.06279090791940689,-8.149613961450086e-8,-0.9980267286300659,1.0924479454388347e-7,1,-7.478412555883551e-8,0.9980267286300659,-1.0433345920546344e-7,0.06279090791940689],"p":[-304.0596618652344,393.8002014160156,556.8794555664063]},"j":false},{"t":2.89164400100708,"c":{"r":[0.04886908456683159,-7.901860499259783e-9,-0.9988051652908325,6.407521624396395e-9,1,-7.597808604487e-9,0.9988051652908325,-6.028567867133461e-9,0.04886908456683159],"p":[-302.4620056152344,393.447021484375,556.7927856445313]},"j":false},{"t":2.9521982669830324,"c":{"r":[0.04884864389896393,5.542460712604225e-8,-0.9988061785697937,-8.196182221809068e-8,1,5.148234549778863e-8,0.9988061785697937,7.934912815699136e-8,0.04884864389896393],"p":[-301.0636291503906,392.42266845703127,556.7244262695313]},"j":false},{"t":3.023778200149536,"c":{"r":[0.04884868860244751,5.040924477839326e-8,-0.9988061785697937,-7.175779614954081e-8,1,4.696003230719725e-8,0.9988061785697937,6.937819563290759e-8,0.04884868860244751],"p":[-299.3656005859375,390.28125,556.6414184570313]},"j":false},{"t":3.0892744064331056,"c":{"r":[0.048848576843738559,-4.0607371687428898e-8,-0.9988061785697937,6.164648880258028e-8,1,-3.764096589975452e-8,0.9988061785697937,-5.97341909269744e-8,0.048848576843738559],"p":[-297.7674560546875,389.53424072265627,556.5632934570313]},"j":false},{"t":3.1516387462615969,"c":{"r":[0.048848576843738559,-1.5125840135965519e-8,-0.9988061785697937,2.14565680778378e-8,1,-1.4094544198428594e-8,0.9988061785697937,-2.0742454864830507e-8,0.048848576843738559],"p":[-296.26947021484377,388.8568420410156,556.4900512695313]},"j":false},{"t":3.215266704559326,"c":{"r":[-0.01076030544936657,0.013986877165734768,-0.9998442530632019,0.0016958453925326467,0.9999009966850281,0.0139694195240736,0.9999406933784485,-0.0015452661318704486,-0.010782959870994091],"p":[-294.9845275878906,388.628662109375,556.4512329101563]},"j":true},{"t":3.221439838409424,"c":{"r":[-0.0052250828593969349,0.023822829127311708,-0.999702513217926,-0.0008642974426038563,0.9997156858444214,0.02382766082882881,0.9999859929084778,0.0009885418694466353,-0.0052030072547495369],"p":[-294.8890075683594,389.12548828125,556.4389038085938]},"j":false},{"t":3.2239747047424318,"c":{"r":[-0.0052250828593969349,0.023822829127311708,-0.999702513217926,-0.0008642974426038563,0.9997156858444214,0.02382766082882881,0.9999859929084778,0.0009885418694466353,-0.0052030072547495369],"p":[-294.8890075683594,389.12548828125,556.4389038085938]},"j":true},{"t":3.283780097961426,"c":{"r":[-0.004213509149849415,0.10680847615003586,-0.9942706823348999,-0.018729908391833307,0.9940966367721558,0.1068691611289978,0.9998157024383545,0.019072894006967546,-0.0021881223656237127],"p":[-293.8150329589844,392.44744873046877,556.3535766601563]},"j":false},{"t":3.304004430770874,"c":{"r":[0.02327035367488861,0.09916770458221436,-0.9947986006736755,-0.01651209220290184,0.994970440864563,0.09879858046770096,0.9995928406715393,0.014127128757536412,0.024790780618786813],"p":[-293.5359191894531,393.32476806640627,556.3292236328125]},"j":true},{"t":3.344111919403076,"c":{"r":[0.048738930374383929,-0.0008241207106038928,-0.9988111853599548,0.0001296352274948731,0.9999996423721314,-0.0008187755011022091,0.9988115429878235,-0.00008957487443694845,0.04873901978135109],"p":[-292.60662841796877,395.46697998046877,556.2620239257813]},"j":false},{"t":3.409388303756714,"c":{"r":[-0.0065155974589288239,0.00001786500433809124,-0.99997878074646,2.6005898234870985e-7,1,0.000017863689208752477,0.99997878074646,-1.436608414451257e-7,-0.0065155974589288239],"p":[-291.00732421875,397.8438720703125,556.2173461914063]},"j":false},{"t":3.4758851528167726,"c":{"r":[-0.08347155898809433,-1.64611606123799e-7,-0.9965101480484009,-8.018425035061228e-8,1,-1.584715505487111e-7,0.9965101480484009,6.667655583214582e-8,-0.08347155898809433],"p":[-289.50909423828127,399.2802734375,556.2804565429688]},"j":false},{"t":3.5415618419647219,"c":{"r":[-0.08367671817541123,1.0019382301607038e-7,-0.9964929819107056,3.0467187883687077e-8,1,9.798807809602295e-8,0.9964929819107056,-2.216101613328192e-8,-0.08367671817541123],"p":[-287.914794921875,399.9676818847656,556.4136962890625]},"j":false},{"t":3.6085383892059328,"c":{"r":[-0.09063304215669632,7.22363182603658e-8,-0.995884358882904,-3.341504495324443e-8,1,7.557586911843828e-8,0.995884358882904,4.01271904593159e-8,-0.09063304215669632],"p":[-286.32135009765627,399.7830810546875,556.5565795898438]},"j":false},{"t":3.676610231399536,"c":{"r":[-0.03536677733063698,-2.271011112497945e-8,-0.9993743896484375,-7.875683394331645e-8,1,-1.993720921689146e-8,0.9993743896484375,7.800245072075995e-8,-0.03536677733063698],"p":[-284.62579345703127,398.6315002441406,556.6751098632813]},"j":false},{"t":3.7581496238708498,"c":{"r":[-0.03490081802010536,-1.0923793780648339e-7,-0.9993907809257507,-9.657436095267258e-8,1,-1.0593195298724823e-7,0.9993907809257507,9.281841073516262e-8,-0.03490081802010536],"p":[-283.0267028808594,396.6484069824219,556.7312622070313]},"j":false},{"t":3.826167106628418,"c":{"r":[-0.11028502881526947,-1.861916310019751e-8,-0.9939000010490418,2.999630765998518e-8,1,-2.206188476350235e-8,0.9939000010490418,-3.224642597388083e-8,-0.11028502881526947],"p":[-281.02923583984377,392.9432678222656,556.8258666992188]},"j":false},{"t":3.8387389183044435,"c":{"r":[-0.1442212611436844,6.613444902825449e-9,-0.989545464515686,6.420559373054857e-8,1,-2.674325871865335e-9,0.989545464515686,-6.392004792132866e-8,-0.1442212611436844],"p":[-280.830322265625,392.4978332519531,556.8466796875]},"j":true},{"t":3.863922595977783,"c":{"r":[-0.19371116161346436,4.670863518185797e-8,-0.9810585975646973,9.936282197031687e-8,1,2.799113829610178e-8,0.9810585975646973,-9.205855633354077e-8,-0.19371116161346436],"p":[-280.23785400390627,391.0797119140625,556.941162109375]},"j":true},{"t":3.892303943634033,"c":{"r":[-0.20790761709213258,3.704203166421394e-8,-0.9781484603881836,3.126580239154464e-8,1,3.122392300269894e-8,0.9781484603881836,-2.4090905270668374e-8,-0.20790761709213258],"p":[-279.5524597167969,390.41717529296877,557.0820922851563]},"j":false},{"t":3.915776252746582,"c":{"r":[-0.20791037380695344,2.9202430695818294e-8,-0.9781478643417358,-1.7267639762508226e-8,1,3.352514710286414e-8,0.9781478643417358,2.3860531328523394e-8,-0.20791037380695344],"p":[-279.06341552734377,390.4734191894531,557.1861572265625]},"j":true},{"t":3.922830104827881,"c":{"r":[-0.20791152119636537,2.606884841327428e-8,-0.9781476259231567,-3.666643166866379e-8,1,3.4444926910737198e-8,0.9781476259231567,4.3026680884850069e-8,-0.20791152119636537],"p":[-278.8677978515625,390.9129638671875,557.227783203125]},"j":true},{"t":3.9349398612976076,"c":{"r":[-0.20791180431842805,2.293662682006925e-8,-0.978147566318512,-5.605692621202252e-8,1,3.536431947281926e-8,0.978147566318512,6.218460413265348e-8,-0.20791180431842805],"p":[-278.67218017578127,391.3388671875,557.2694091796875]},"j":true},{"t":3.955315351486206,"c":{"r":[-0.20791202783584596,1.3548031141397132e-8,-0.9781475067138672,-1.1417871093044596e-7,1,3.8120177237033207e-8,0.9781475067138672,1.1960926826759533e-7,-0.20791202783584596],"p":[-278.0853271484375,392.5348815917969,557.394287109375]},"j":false},{"t":4.021000623703003,"c":{"r":[-0.20791202783584596,-1.121633808054412e-8,-0.9781475067138672,-6.142712294376907e-8,1,1.589841258642366e-9,0.9781475067138672,6.041533140432876e-8,-0.20791202783584596],"p":[-276.5203857421875,395.1246643066406,557.727294921875]},"j":false},{"t":4.084983825683594,"c":{"r":[-0.20791202783584596,-3.582525209822052e-8,-0.9781475067138672,6.015280007432011e-8,1,-4.9411507774266286e-8,0.9781475067138672,-6.911155736588626e-8,-0.20791202783584596],"p":[-274.9554443359375,396.84246826171877,558.060302734375]},"j":false},{"t":4.149428606033325,"c":{"r":[-0.2011091560125351,-3.8566607685197599e-8,-0.9795688390731812,1.117290509000668e-7,1,-6.230939675333502e-8,0.9795688390731812,-1.21977294043063e-7,-0.2011091560125351],"p":[-273.4879455566406,397.66094970703127,558.3707885742188]},"j":false},{"t":4.217858076095581,"c":{"r":[-0.20107929408550263,2.614807925738205e-8,-0.979574978351593,-2.260013864940902e-8,1,3.133246551101365e-8,0.979574978351593,2.8438840615763185e-8,-0.20107929408550263],"p":[-271.8226013183594,397.66204833984377,558.7122802734375]},"j":false},{"t":4.283512592315674,"c":{"r":[-0.2619416415691376,8.804479278978761e-8,-0.9650837182998657,-1.1397450805361587e-7,1,1.2216501943385084e-7,0.9650837182998657,1.4199504505540973e-7,-0.2619416415691376],"p":[-270.3614501953125,396.8455505371094,559.0496826171875]},"j":false},{"t":4.343538284301758,"c":{"r":[-0.21586932241916657,2.982291036346396e-8,-0.9764222502708435,1.6757160992142418e-8,1,2.683834132710672e-8,0.9764222502708435,-1.0568490083073812e-8,-0.21586932241916657],"p":[-268.913818359375,395.26263427734377,559.4419555664063]},"j":false},{"t":4.410029649734497,"c":{"r":[-0.20108039677143098,-2.2541182254087745e-9,-0.9795747399330139,1.1254296339302528e-7,1,-2.5403169345850075e-8,0.9795747399330139,-1.1535232857795563e-7,-0.20108039677143098],"p":[-267.3474426269531,392.7294616699219,559.7681274414063]},"j":false},{"t":4.476760387420654,"c":{"r":[-0.20107895135879517,-3.639557277779204e-8,-0.9795750379562378,4.7465640307109427e-8,1,-4.6897799421685707e-8,0.9795750379562378,-5.5926317799048778e-8,-0.20107895135879517],"p":[-266.17926025390627,393.0909423828125,560.0077514648438]},"j":false},{"t":4.479898691177368,"c":{"r":[-0.20107895135879517,-3.639557277779204e-8,-0.9795750379562378,4.7465640307109427e-8,1,-4.6897799421685707e-8,0.9795750379562378,-5.5926317799048778e-8,-0.20107895135879517],"p":[-266.17926025390627,393.0909423828125,560.0077514648438]},"j":true},{"t":4.488086938858032,"c":{"r":[-0.20107895135879517,-3.8525527656929628e-8,-0.9795750379562378,4.340569148553186e-8,1,-4.823877475246263e-8,0.9795750379562378,-5.2218933177528018e-8,-0.20107895135879517],"p":[-266.1034240722656,393.3124084472656,560.0233154296875]},"j":true},{"t":4.4957051277160648,"c":{"r":[-0.20107890665531159,-4.278407317315214e-8,-0.9795750379562378,3.5288394428789618e-8,1,-5.091986210459254e-8,0.9795750379562378,-4.4806540699937616e-8,-0.20107890665531159],"p":[-265.9444274902344,393.7451477050781,560.055908203125]},"j":true},{"t":4.543283939361572,"c":{"r":[-0.20107890665531159,-7.042030603088279e-8,-0.9795750379562378,-1.7389574225035177e-8,1,-6.831903931470151e-8,0.9795750379562378,3.2968749952289046e-9,-0.20107890665531159],"p":[-264.7250061035156,396.22576904296877,560.30615234375]},"j":false},{"t":4.607239723205566,"c":{"r":[-0.20107883214950562,-1.0221303625712608e-7,-0.9795750379562378,-7.79903430725426e-8,1,-8.833507081362768e-8,0.9795750379562378,5.863508079073654e-8,-0.20107883214950562],"p":[-263.2555847167969,398.3726806640625,560.6073608398438]},"j":false},{"t":4.674503326416016,"c":{"r":[-0.20107890665531159,-1.3601318471501146e-7,-0.9795750379562378,-1.424174627118191e-7,1,-1.0961492336036827e-7,0.9795750379562378,1.174673371906465e-7,-0.20107890665531159],"p":[-261.6882019042969,399.8179626464844,560.9286499023438]},"j":false},{"t":4.742028713226318,"c":{"r":[-0.2010788768529892,2.303898760658285e-8,-0.9795750379562378,8.847126586886134e-9,1,2.1703305819187336e-8,0.9795750379562378,-4.302347811346863e-9,-0.2010788768529892],"p":[-260.1208190917969,400.3912658691406,561.2499389648438]},"j":false},{"t":4.807289123535156,"c":{"r":[-0.16741013526916505,9.132398304245726e-8,-0.985887348651886,8.931071704409988e-8,1,7.746571384359413e-8,0.985887348651886,-7.50817576999907e-8,-0.16741013526916505],"p":[-258.5521545410156,400.0925598144531,561.5645751953125]},"j":false},{"t":4.867866277694702,"c":{"r":[-0.14608605206012727,5.0106493176826919e-8,-0.989271879196167,9.470223005791922e-8,1,3.666516690259414e-8,0.989271879196167,-8.832998332763964e-8,-0.14608605206012727],"p":[-257.1689147949219,399.11590576171877,561.7804565429688]},"j":false},{"t":4.932970762252808,"c":{"r":[-0.14608296751976014,6.628234405781086e-9,-0.9892723560333252,1.0479070766677978e-7,1,-8.774027726587974e-9,0.9892723560333252,-1.049482847292893e-7,-0.14608296751976014],"p":[-255.5859832763672,397.1822204589844,562.0138549804688]},"j":false},{"t":4.994125604629517,"c":{"r":[-0.12564107775688172,-3.556250760539115e-8,-0.9920757412910461,1.17284585599009e-7,1,-5.07000308402894e-8,0.9920757412910461,-1.2272519711586939e-7,-0.12564107775688172],"p":[-254.10072326660157,394.5774230957031,562.2233276367188]},"j":false},{"t":5.060525417327881,"c":{"r":[-0.12533433735370637,-3.1159487434706537e-8,-0.9921145439147949,5.009354353546769e-8,1,-3.7735489399892688e-8,0.9921145439147949,-5.442808514999342e-8,-0.12533433735370637],"p":[-252.67486572265626,391.3628845214844,562.40380859375]},"j":false},{"t":5.114388465881348,"c":{"r":[-0.12533429265022279,2.5131509318043755e-8,-0.9921145439147949,-8.458857081450333e-8,1,3.601736864311533e-8,0.9921145439147949,8.84357689301396e-8,-0.12533429265022279],"p":[-251.7471160888672,391.8214111328125,562.52099609375]},"j":true},{"t":5.122047424316406,"c":{"r":[-0.12533429265022279,2.6656385543333273e-8,-0.9921145439147949,-8.055283728936047e-8,1,3.7044529221930136e-8,0.9921145439147949,8.456059674699645e-8,-0.12533429265022279],"p":[-251.5951690673828,392.2609558105469,562.5401611328125]},"j":true},{"t":5.127439260482788,"c":{"r":[-0.12533427774906159,2.7418577630555775e-8,-0.9921145439147949,-7.853562067339226e-8,1,3.755794253379463e-8,0.9921145439147949,8.262362882760499e-8,-0.12533427774906159],"p":[-251.5167236328125,392.4756164550781,562.550048828125]},"j":false},{"t":5.131171703338623,"c":{"r":[-0.12533427774906159,2.7418577630555775e-8,-0.9921145439147949,-7.853562067339226e-8,1,3.755794253379463e-8,0.9921145439147949,8.262362882760499e-8,-0.12533427774906159],"p":[-251.5167236328125,392.4756164550781,562.550048828125]},"j":true},{"t":5.193444013595581,"c":{"r":[-0.12533412873744965,4.0350997210225617e-8,-0.9921146035194397,-4.430875932825984e-8,1,4.626924976491864e-8,0.9921146035194397,4.9758480002992658e-8,-0.12533412873744965],"p":[-249.90870666503907,395.6036682128906,562.7531127929688]},"j":false},{"t":5.2293713092803959,"c":{"r":[-0.12533403933048249,4.566245337400687e-8,-0.9921146035194397,-3.025142802925984e-8,1,4.984704915500515e-8,0.9921146035194397,3.626041689130943e-8,-0.12533403933048249],"p":[-249.21421813964845,396.6055603027344,562.8406982421875]},"j":true},{"t":5.259302616119385,"c":{"r":[-0.12533405423164369,5.247979473210762e-8,-0.9921146035194397,-1.220858081296683e-8,1,5.443922290737646e-8,0.9921146035194397,1.893539902653174e-8,-0.12533405423164369],"p":[-248.32130432128907,397.6484680175781,562.9533081054688]},"j":false},{"t":5.324237585067749,"c":{"r":[-0.12533405423164369,6.381296913104961e-8,-0.9921146035194397,1.7785861672336979e-8,1,6.207326208595987e-8,0.9921146035194397,-9.865719796664507e-9,-0.12533405423164369],"p":[-246.83311462402345,398.77349853515627,563.1409912109375]},"j":false},{"t":5.384799003601074,"c":{"r":[-0.11176499724388123,7.41405017379293e-8,-0.9937346577644348,4.63426417240953e-8,1,6.939580288189973e-8,0.9937346577644348,-3.829626749052295e-8,-0.11176499724388123],"p":[-245.44386291503907,399.132080078125,563.3139038085938]},"j":false},{"t":5.451433420181274,"c":{"r":[-0.0907013937830925,8.752334679229534e-8,-0.9958781599998474,8.636535397954504e-8,1,8.001971707471967e-8,0.9958781599998474,-7.875146934566146e-8,-0.0907013937830925],"p":[-243.85276794433595,398.7243957519531,563.4822387695313]},"j":false},{"t":5.513213157653809,"c":{"r":[-0.09063141793012619,-1.9658790151311224e-8,-0.9958844780921936,-7.517309441595899e-9,1,-1.9055910627230334e-8,0.9958844780921936,5.759307697417171e-9,-0.09063141793012619],"p":[-242.36012268066407,397.7327575683594,563.617919921875]},"j":false},{"t":5.576079607009888,"c":{"r":[-0.05582244694232941,-4.467543135433516e-8,-0.998440682888031,-4.910908657507207e-8,1,-4.19995309641763e-8,0.998440682888031,4.668799391538414e-8,-0.05582244694232941],"p":[-240.76583862304688,397.5296325683594,563.7517700195313]},"j":false},{"t":5.6424689292907719,"c":{"r":[-0.020940706133842469,-3.2617364364995184e-9,-0.9997807145118713,-3.3921423892024907e-8,1,-2.5519573121357554e-9,0.9997807145118713,3.386054459042498e-8,-0.020940706133842469],"p":[-239.26678466796876,397.5511779785156,563.8010864257813]},"j":false},{"t":5.709043264389038,"c":{"r":[-2.60770320892334e-8,4.216949278657012e-8,-1,-1.7204786928459727e-8,1,4.216949278657012e-8,1,1.7204788704816566e-8,-2.60770320892334e-8],"p":[-237.5671844482422,397.55047607421877,563.8353271484375]},"j":false},{"t":5.7754950523376469,"c":{"r":[0.08367753773927689,8.260958850314637e-8,-0.996492862701416,-5.397805757922924e-9,1,8.244706606319596e-8,0.996492862701416,-1.5200924963210128e-9,0.08367753773927689],"p":[-236.0690460205078,397.5521545410156,563.7744750976563]},"j":false},{"t":5.83579683303833,"c":{"r":[0.1391739547252655,1.2130996651649185e-7,-0.9902679324150086,4.41594272260204e-9,1,1.231227884090913e-7,0.9902679324150086,-2.1508453684759844e-8,0.1391739547252655],"p":[-234.57559204101563,397.5552978515625,563.6354370117188]},"j":false},{"t":5.868640899658203,"c":{"r":[0.23514115810394288,1.0068333011759023e-7,-0.9719612002372742,4.8899759796938728e-9,1,1.0477080536475114e-7,0.9719612002372742,-2.938879717362397e-8,0.23514115810394288],"p":[-233.98484802246095,397.5654296875,563.5352783203125]},"j":true},{"t":5.87844443321228,"c":{"r":[0.2689206302165985,5.719502382817154e-8,-0.963162362575531,4.733148539770582e-9,1,6.070406044500487e-8,0.963162362575531,-2.088336437111593e-8,0.2689206302165985],"p":[-233.69142150878907,398.2264404296875,563.4743041992188]},"j":true},{"t":5.887463331222534,"c":{"r":[0.2883112132549286,2.8439517407718996e-8,-0.9575367569923401,5.907582423247959e-9,1,3.147945903947402e-8,0.9575367569923401,-1.4732608910605905e-8,0.2883112132549286],"p":[-233.49745178222657,398.65234375,563.4264526367188]},"j":true},{"t":5.903323650360107,"c":{"r":[0.3331533670425415,-4.490085103725505e-8,-0.9428726434707642,2.9005081003674605e-8,1,-3.737271470072301e-8,0.9428726434707642,-1.4897252320622556e-8,0.3331533670425415],"p":[-233.0197296142578,399.65753173828127,563.2793579101563]},"j":false},{"t":5.970386028289795,"c":{"r":[0.361228883266449,-1.0570254005415336e-7,-0.9324771761894226,8.238061610654768e-8,1,-8.144358076833669e-8,0.9324771761894226,-4.739827375033201e-8,0.361228883266449],"p":[-231.51858520507813,402.30181884765627,562.7257080078125]},"j":false},{"t":6.033015727996826,"c":{"r":[0.38106438517570498,-8.626971492731173e-8,-0.9245485067367554,9.323996863486173e-8,1,-5.488006848963778e-8,0.9245485067367554,-6.529203488980784e-8,0.38106438517570498],"p":[-230.1280059814453,403.9888916015625,562.16357421875]},"j":false},{"t":6.100538730621338,"c":{"r":[0.38106897473335268,-6.502159521915019e-8,-0.9245465993881226,1.0817534956686359e-7,1,-2.5741620390817844e-8,0.9245465993881226,-9.020381952495882e-8,0.38106897473335268],"p":[-228.6487579345703,404.9436950683594,561.55419921875]},"j":false},{"t":6.161006450653076,"c":{"r":[0.37473663687705996,-4.443952406063545e-8,-0.9271312952041626,1.2247005543031265e-7,1,1.5688140786451755e-9,0.9271312952041626,-1.1413371936441763e-7,0.37473663687705996],"p":[-227.26156616210938,405.046875,560.9838256835938]},"j":false},{"t":6.226146697998047,"c":{"r":[0.2962489426136017,-1.5826627119963633e-8,-0.9551107883453369,1.6026972105009919e-7,1,3.3140768351813679e-8,0.9551107883453369,-1.6289324378249149e-7,0.2962489426136017],"p":[-225.85743713378907,404.3836364746094,560.4569091796875]},"j":false},{"t":6.29231333732605,"c":{"r":[0.21475686132907868,1.5332476621665593e-8,-0.9766675233840942,1.2113569880511933e-7,1,4.2334978189728648e-8,0.9766675233840942,-1.2740103727537645e-7,0.21475686132907868],"p":[-224.3074951171875,402.8314514160156,560.063232421875]},"j":false},{"t":6.360459327697754,"c":{"r":[0.09936126321554184,4.7518625478915058e-8,-0.9950514435768127,1.4240150392197393e-7,1,6.197450375111657e-8,0.9950514435768127,-1.4785469204525726e-7,0.09936126321554184],"p":[-222.6383819580078,400.226806640625,559.7444458007813]},"j":false},{"t":6.421679496765137,"c":{"r":[-0.07607030123472214,3.903285517026234e-8,-0.9971024394035339,1.2955032957506774e-7,1,2.926271314152018e-8,0.9971024394035339,-1.269489189326123e-7,-0.07607030123472214],"p":[-221.34933471679688,397.7125244140625,559.6821899414063]},"j":false},{"t":6.485449552536011,"c":{"r":[-0.34857115149497988,-4.873589176668247e-8,-0.9372823238372803,-8.662222938937703e-8,1,-1.978260044666058e-8,0.9372823238372803,7.429384396573369e-8,-0.34857115149497988],"p":[-220.10458374023438,397.25811767578127,559.9049682617188]},"j":false},{"t":6.529597282409668,"c":{"r":[-0.41945189237594607,-2.6592747559561759e-8,-0.9077775478363037,-6.222603587957565e-8,1,-5.418927528921813e-10,0.9077775478363037,5.626010235459944e-8,-0.41945189237594607],"p":[-219.4005584716797,396.6980895996094,560.1516723632813]},"j":true},{"t":6.538132667541504,"c":{"r":[-0.41945189237594607,-2.1100843738963705e-8,-0.9077775478363037,-5.72963188005815e-8,1,3.230093303940862e-9,0.9077775478363037,5.3367180896657376e-8,-0.41945189237594607],"p":[-219.2452850341797,397.13763427734377,560.2199096679688]},"j":true},{"t":6.546219110488892,"c":{"r":[-0.41945189237594607,-1.5611286485750499e-8,-0.9077775478363037,-5.236870848079889e-8,1,7.000467316942149e-9,0.9077775478363037,5.047549578307553e-8,-0.41945189237594607],"p":[-219.0836181640625,397.56353759765627,560.2919311523438]},"j":true},{"t":6.550429105758667,"c":{"r":[-0.41945189237594607,-1.0124077576278978e-8,-0.9077775478363037,-4.74432049202278e-8,1,1.0769229952245496e-8,0.9077775478363037,4.758505056656759e-8,-0.41945189237594607],"p":[-218.91342163085938,397.975830078125,560.3690185546875]},"j":false},{"t":6.616324424743652,"c":{"r":[-0.41945189237594607,3.095533429586794e-8,-0.9077775478363037,-1.0568945718603118e-8,1,3.8983667849379347e-8,0.9077775478363037,2.594602577232763e-8,-0.41945189237594607],"p":[-217.55575561523438,400.6336975097656,560.9957275390625]},"j":false},{"t":6.6765429973602299,"c":{"r":[-0.349980890750885,9.214322460593394e-8,-0.9367568492889404,5.924748336383345e-8,1,7.622868025691787e-8,0.9367568492889404,-2.882190486275249e-8,-0.349980890750885],"p":[-216.18060302734376,402.525146484375,561.5936279296875]},"j":false},{"t":6.74258828163147,"c":{"r":[-0.3288685381412506,6.226362359029736e-8,-0.9443756937980652,7.970062654294452e-8,1,3.817611116119224e-8,0.9443756937980652,-6.271241659305815e-8,-0.3288685381412506],"p":[-214.76687622070313,403.6501770019531,562.094970703125]},"j":false},{"t":6.810535907745361,"c":{"r":[-0.3093189299106598,-4.9125802092930829e-8,-0.9509583711624146,2.872250526309017e-8,1,-6.100184890556193e-8,0.9509583711624146,-4.6182933033378507e-8,-0.3093189299106598],"p":[-213.15948486328126,403.9987487792969,562.6483764648438]},"j":false},{"t":6.876124143600464,"c":{"r":[-0.2891191840171814,-1.3804320531107806e-7,-0.9572930932044983,4.257020957965096e-9,1,-1.4548730575825176e-7,0.9572930932044983,-4.61383891092737e-8,-0.2891191840171814],"p":[-211.7276611328125,403.4888000488281,563.0953369140625]},"j":false},{"t":6.943690538406372,"c":{"r":[-0.2491106241941452,-4.163043598737204e-8,-0.9684750437736511,-1.94679627973926e-9,1,-4.248479967827734e-8,0.9684750437736511,-8.697990772077447e-9,-0.2491106241941452],"p":[-210.0911865234375,401.9843444824219,563.5552978515625]},"j":false},{"t":7.010116100311279,"c":{"r":[-0.24192214012145997,1.41421153898591e-7,-0.9702956676483154,3.951797111767519e-9,1,1.4476528065188178e-7,0.9702956676483154,3.118751479291859e-8,-0.24192214012145997],"p":[-208.63648986816407,399.83941650390627,563.9208984375]},"j":false},{"t":7.07812762260437,"c":{"r":[-0.08367761969566345,5.54208945402479e-8,-0.996492862701416,6.372690819489435e-9,1,5.508081812877208e-8,0.996492862701416,-1.7413090969142787e-9,-0.08367761969566345],"p":[-206.9796142578125,399.11273193359377,564.2940063476563]},"j":false},{"t":7.08206582069397,"c":{"r":[-0.08367761969566345,5.54208945402479e-8,-0.996492862701416,6.372690819489435e-9,1,5.508081812877208e-8,0.996492862701416,-1.7413090969142787e-9,-0.08367761969566345],"p":[-206.9796142578125,399.11273193359377,564.2940063476563]},"j":true},{"t":7.091191530227661,"c":{"r":[-0.04187426343560219,4.50215544844923e-8,-0.9991229176521301,8.310360399832462e-9,1,4.471278458595407e-8,0.9991229176521301,-6.43075637185575e-9,-0.04187426343560219],"p":[-206.782470703125,399.5522766113281,564.3274536132813]},"j":true},{"t":7.100465297698975,"c":{"r":[-0.0015028556808829308,3.499205902812719e-8,-0.9999988675117493,1.3276464372324881e-8,1,3.497214606795751e-8,0.9999988675117493,-1.3223891315305991e-8,-0.0015028556808829308],"p":[-206.58456420898438,399.9781799316406,564.3535766601563]},"j":true},{"t":7.1388468742370609,"c":{"r":[0.1445332020521164,2.9611950669305999e-9,-0.9894999265670776,1.3217140804044903e-7,1,2.2298486612726266e-8,0.9894999265670776,-1.3400646992067778e-7,0.1445332020521164],"p":[-205.4894561767578,402.0771789550781,564.3268432617188]},"j":false},{"t":7.199262857437134,"c":{"r":[0.23444879055023194,-1.609195621199433e-8,-0.9721284508705139,1.1824862156117888e-7,1,1.1964765178618109e-8,0.9721284508705139,-1.1775797759128182e-7,0.23444879055023194],"p":[-204.11318969726563,404.1524963378906,564.0740356445313]},"j":false},{"t":7.262012004852295,"c":{"r":[0.2615649402141571,-4.973118805651211e-9,-0.9651858806610107,1.9506684267867059e-8,1,1.3380410668339949e-10,0.9651858806610107,-1.8862575501543689e-8,0.2615649402141571],"p":[-202.65660095214845,405.63519287109377,563.7159423828125]},"j":false},{"t":7.324422121047974,"c":{"r":[0.30888739228248598,5.972396355247156e-9,-0.951098620891571,-4.631063532656299e-8,1,-8.760789427242344e-9,0.951098620891571,4.6752077764722347e-8,0.30888739228248598],"p":[-201.21795654296876,406.3514709472656,563.2919921875]},"j":false},{"t":7.392464876174927,"c":{"r":[0.5101829171180725,-2.06193817575695e-8,-0.8600659370422363,8.970285136911116e-8,1,2.9236691290179807e-8,0.8600659370422363,-9.206642914705299e-8,0.5101829171180725],"p":[-199.6488494873047,406.2367858886719,562.6480102539063]},"j":false},{"t":7.459924221038818,"c":{"r":[0.5299178957939148,-4.411235110524103e-8,-0.848048985004425,1.3792534048207018e-7,1,3.416872473849253e-8,0.848048985004425,-1.3507406038115733e-7,0.5299178957939148],"p":[-198.28819274902345,405.2295837402344,561.8064575195313]},"j":false},{"t":7.525649070739746,"c":{"r":[0.5299190878868103,8.318577826571527e-9,-0.848048210144043,-4.1088657809496e-8,1,-1.5865946778603758e-8,0.848048210144043,4.325283242678779e-8,0.5299190878868103],"p":[-197.0160675048828,403.493408203125,561.0117797851563]},"j":false},{"t":7.593259572982788,"c":{"r":[0.5131651759147644,2.346605931791146e-8,-0.858289897441864,-8.946989993319221e-8,1,-2.615290739527154e-8,0.858289897441864,9.021186997415498e-8,0.5131651759147644],"p":[-195.57162475585938,400.5992126464844,560.1152954101563]},"j":false},{"t":7.658647298812866,"c":{"r":[0.3681487441062927,-2.9840077075959928e-8,-0.9297668933868408,1.088391172743286e-7,1,1.1001585420444826e-8,0.9297668933868408,-1.0524523474941816e-7,0.3681487441062927],"p":[-194.24449157714845,398.041