{"v":1,"d":[{"t":0,"j":false,"c":{"p":[-381.3259582519531,386.994384765625,556.670654296875],"r":[-0.034899670630693436,-6.302499411248164e-9,-0.9993908405303955,-1.0206001377355278e-7,1,-2.742309268555232e-9,0.9993908405303955,1.0190213117766689e-7,-0.034899670630693436]}},{"t":0.015384615384615385,"j":false,"c":{"p":[-380.9569514219818,386.994384765625,556.6834991147732],"r":[-0.034899670630693436,-4.344335564702258e-9,-0.9993908405303955,-7.0350366695872e-8,1,-1.890282579231542e-9,0.9993908405303955,7.024153760085622e-8,-0.034899670630693436]}},{"t":0.03076923076923077,"j":false,"c":{"p":[-380.5879445920104,386.994384765625,556.6963439326714],"r":[-0.034899670630693436,-2.386171718156352e-9,-0.9993908405303955,-3.864071961819123e-8,1,-1.0382558899078516e-9,0.9993908405303955,3.8580944024045547e-8,-0.034899670630693436]}},{"t":0.046153846153846156,"j":false,"c":{"p":[-380.21893776203905,386.994384765625,556.7091887505698],"r":[-0.034899670630693436,-4.280078716104473e-10,-0.9993908405303955,-6.931072540510445e-9,1,-1.862292005841614e-10,0.9993908405303955,6.920350447234876e-9,-0.034899670630693436]}},{"t":0.06153846153846154,"j":false,"c":{"p":[-379.8499309320677,386.994384765625,556.722033568468],"r":[-0.034899670630693436,1.5301559749354592e-9,-0.9993908405303955,2.4778574537170325e-8,1,6.657974887395286e-10,0.9993908405303955,-2.4740243129575795e-8,-0.034899670630693436]}},{"t":0.07692307692307693,"j":false,"c":{"p":[-379.4829268776138,386.994384765625,556.7348086714321],"r":[-0.034899670630693436,2.099482798283426e-9,-0.9993908405303955,3.399799879949354e-8,1,9.135203732297306e-10,0.9993908405303955,-3.394540580035412e-8,-0.034899670630693436]}},{"t":0.09230769230769231,"j":false,"c":{"p":[-379.11605687136455,386.994384765625,556.7475791082909],"r":[-0.034899670630693436,2.575853068147694e-9,-0.9993908405303955,4.1712125057028346e-8,1,1.1207964680562603e-9,0.9993908405303955,-4.1647599131209676e-8,-0.034899670630693436]}},{"t":0.1076923076923077,"j":false,"c":{"p":[-378.74918686511535,386.994384765625,556.7603495451497],"r":[-0.034899670630693436,3.0522233380119616e-9,-0.9993908405303955,4.942625131456314e-8,1,1.3280725628827902e-9,0.9993908405303955,-4.934979246206523e-8,-0.034899670630693436]}},{"t":0.12307692307692308,"j":false,"c":{"p":[-378.3823168588661,386.994384765625,556.7731199820084],"r":[-0.034899670630693436,3.528593607876229e-9,-0.9993908405303955,5.714037757209794e-8,1,1.53534865770932e-9,0.9993908405303955,-5.705198579292078e-8,-0.034899670630693436]}},{"t":0.13846153846153847,"j":false,"c":{"p":[-378.0180180883637,386.994384765625,556.7858009163099],"r":[-0.034899670630693436,2.5936709275645665e-9,-0.9993908405303955,4.200070618107465e-8,1,1.1285477291781063e-9,0.9993908405303955,-4.19357341935368e-8,-0.034899670630693436]}},{"t":0.15384615384615385,"j":false,"c":{"p":[-377.6555931612752,386.994384765625,556.7984166236955],"r":[-0.034899670630693436,6.302381220976539e-10,-0.9993908405303955,1.020583766966533e-8,1,2.7422494767518804e-10,0.9993908405303955,-1.0190049528450025e-8,-0.034899670630693436]}},{"t":0.16923076923076924,"j":false,"c":{"p":[-377.2931682341867,386.994384765625,556.8110323310813],"r":[-0.034899670630693436,-1.3331946833692578e-9,-0.9993908405303955,-2.158903084174398e-8,1,-5.8009783382773e-10,0.9993908405303955,2.1555635136636735e-8,-0.034899670630693436]}},{"t":0.18461538461538463,"j":false,"c":{"p":[-376.93074330709817,386.994384765625,556.8236480384669],"r":[-0.034899670630693436,-3.2966274888361703e-9,-0.9993908405303955,-5.338389935315329e-8,1,-1.4344206153306481e-9,0.9993908405303955,5.3301319801723515e-8,-0.034899670630693436]}},{"t":0.2,"j":false,"c":{"p":[-376.5706132356314,386.994384765625,556.8361838638554],"r":[-0.034899670630693436,-4.098414067469028e-9,-0.9993908405303955,-6.636764629750775e-8,1,-1.7832912381951292e-9,0.9993908405303955,6.626498183453778e-8,-0.034899670630693436]}},{"t":0.2153846153846154,"j":false,"c":{"p":[-376.2133811029192,386.994384765625,556.8486188144292],"r":[-0.034899670630693436,-3.4332762836180234e-9,-0.9993908405303955,-5.559674929353705e-8,1,-1.4938779597744895e-9,0.9993908405303955,5.5510745991426986e-8,-0.034899670630693436]}},{"t":0.23076923076923078,"j":false,"c":{"p":[-375.856148970207,386.994384765625,556.8610537650029],"r":[-0.034899670630693436,-2.7681384997670195e-9,-0.9993908405303955,-4.4825852289566346e-8,1,-1.2044646813538498e-9,0.9993908405303955,4.475651014831619e-8,-0.034899670630693436]}},{"t":0.24615384615384617,"j":false,"c":{"p":[-375.49891683749485,386.994384765625,556.8734887155767],"r":[-0.034899670630693436,-2.103000715916015e-9,-0.9993908405303955,-3.405495528559564e-8,1,-9.1505140293321e-10,0.9993908405303955,3.400227430520539e-8,-0.034899670630693436]}},{"t":0.26153846153846155,"j":false,"c":{"p":[-375.13234105870157,386.994384765625,556.8862489106248],"r":[-0.034899670630693436,-1.0654842232868593e-9,-0.9993908405303955,-1.725396149737192e-8,1,-4.6360907750725586e-10,0.9993908405303955,1.7227269991785606e-8,-0.034899670630693436]}},{"t":0.27692307692307694,"j":false,"c":{"p":[-374.73701620885214,386.994384765625,556.900009836696],"r":[-0.034899670630693436,1.1177886331365093e-9,-0.9993908405303955,1.8100783088051727e-8,1,4.863735977012932e-10,0.9993908405303955,-1.807278322258472e-8,-0.034899670630693436]}},{"t":0.2923076923076923,"j":false,"c":{"p":[-374.3416913590027,386.994384765625,556.9137707627671],"r":[-0.034899670630693436,3.3010614895598787e-9,-0.9993908405303955,5.3455527673475384e-8,1,1.4363562729098422e-9,0.9993908405303955,-5.3372836436955047e-8,-0.034899670630693436]}},{"t":0.3076923076923077,"j":false,"c":{"p":[-373.94636650915334,386.994384765625,556.9275316888381],"r":[-0.034899670630693436,5.484334345983248e-9,-0.9993908405303955,8.881027225889904e-8,1,2.386338948118391e-9,0.9993908405303955,-8.867288965132537e-8,-0.034899670630693436]}},{"t":0.3230769230769231,"j":false,"c":{"p":[-373.5566470236426,386.994384765625,556.9410974968833],"r":[-0.034899670630693436,6.818708107924065e-9,-0.9993908405303955,1.1041840954739023e-7,1,2.9669495593270097e-9,0.9993908405303955,-1.102476005660089e-7,-0.034899670630693436]}},{"t":0.3384615384615385,"j":false,"c":{"p":[-373.1893201851244,386.994384765625,556.9538838356898],"r":[-0.034899670630693436,4.761848649938746e-9,-0.9993908405303955,7.71107722407247e-8,1,2.071970407169477e-9,0.9993908405303955,-7.699148757702526e-8,-0.034899670630693436]}},{"t":0.35384615384615387,"j":false,"c":{"p":[-372.8219933466063,386.994384765625,556.9666701744962],"r":[-0.034899670630693436,2.704989191953425e-9,-0.9993908405303955,4.3803134934059145e-8,1,1.1769912550119445e-9,0.9993908405303955,-4.3735374588041607e-8,-0.034899670630693436]}},{"t":0.36923076923076925,"j":false,"c":{"p":[-372.45466650808817,386.994384765625,556.9794565133027],"r":[-0.034899670630693436,6.481297339681067e-10,-0.9993908405303955,1.049549762739363e-8,1,2.820121028544123e-10,0.9993908405303955,-1.0479261599057982e-8,-0.034899670630693436]}},{"t":0.38461538461538464,"j":false,"c":{"p":[-372.0869962117346,386.994384765625,556.992254807588],"r":[-0.034899670630693436,-1.2789683374514419e-9,-0.9993908405303955,-2.0710852722060527e-8,1,-5.565054858217208e-10,0.9993908405303955,2.0678814982371375e-8,-0.034899670630693436]}},{"t":0.4,"j":false,"c":{"p":[-371.7167805558161,386.994384765625,557.0051417037024],"r":[-0.034899670630693436,-2.244407211246101e-9,-0.9993908405303955,-3.6344604914764036e-8,1,-9.765874884489326e-10,0.9993908405303955,3.628838316948109e-8,-0.034899670630693436]}},{"t":0.4153846153846154,"j":false,"c":{"p":[-371.34656489989766,386.994384765625,557.0180285998168],"r":[-0.034899670630693436,-3.20984608504076e-9,-0.9993908405303955,-5.1978357107467545e-8,1,-1.396669491076144e-9,0.9993908405303955,5.189795135659079e-8,-0.034899670630693436]}},{"t":0.4307692307692308,"j":false,"c":{"p":[-370.9763492439792,386.994384765625,557.0309154959311],"r":[-0.034899670630693436,-4.175284958835419e-9,-0.9993908405303955,-6.761210930017107e-8,1,-1.8167514937033558e-9,0.9993908405303955,6.750751954370051e-8,-0.034899670630693436]}},{"t":0.4461538461538462,"j":false,"c":{"p":[-370.60679174532515,386.994384765625,557.0437794821439],"r":[-0.034899670630693436,-4.931600019949426e-9,-0.9993908405303955,-7.985943404127005e-8,1,-2.1458394478419196e-9,0.9993908405303955,7.973589884694661e-8,-0.034899670630693436]}},{"t":0.46153846153846156,"j":false,"c":{"p":[-370.24605616141025,386.994384765625,557.0563363849122],"r":[-0.034899670630693436,-2.884827513510176e-9,-0.9993908405303955,-4.671521505363376e-8,1,-1.2552466646683305e-9,0.9993908405303955,4.664295198261461e-8,-0.034899670630693436]}},{"t":0.47692307692307695,"j":false,"c":{"p":[-369.88532057749535,386.994384765625,557.0688932876806],"r":[-0.034899670630693436,-8.380550070709259e-10,-0.9993908405303955,-1.3570996065997467e-8,1,-3.646538814947415e-10,0.9993908405303955,1.3550005118282623e-8,-0.034899670630693436]}},{"t":0.49230769230769234,"j":false,"c":{"p":[-369.5245849935804,386.994384765625,557.0814501904489],"r":[-0.034899670630693436,1.208717499368323e-9,-0.9993908405303955,1.9573222921638826e-8,1,5.259389016788474e-10,0.9993908405303955,-1.9542941746049378e-8,-0.034899670630693436]}},{"t":0.5076923076923077,"j":false,"c":{"p":[-369.1638494096655,386.994384765625,557.0940070932172],"r":[-0.034899670630693436,3.2554900058075663e-9,-0.9993908405303955,5.271744190927501e-8,1,1.4165316848524337e-9,0.9993908405303955,-5.2635888610381246e-8,-0.034899670630693436]}},{"t":0.523076923076923,"j":false,"c":{"p":[-368.7951225335995,386.994384765625,557.106842166155],"r":[-0.034899670630693436,3.3023016458326738e-9,-0.9993908405303955,5.3475470747395725e-8,1,1.4369007942376236e-9,0.9993908405303955,-5.3392745563641e-8,-0.034899670630693436]}},{"t":0.5384615384615383,"j":false,"c":{"p":[-368.42563933118845,386.994384765625,557.1197035661779],"r":[-0.034899670630693436,3.15982936734854e-9,-0.9993908405303955,5.116834712177004e-8,1,1.374908618599516e-9,0.9993908405303955,-5.108919173065916e-8,-0.034899670630693436]}},{"t":0.5538461538461537,"j":false,"c":{"p":[-368.0561561287774,386.994384765625,557.1325649662008],"r":[-0.034899670630693436,3.017357088864406e-9,-0.9993908405303955,4.886122349614435e-8,1,1.3129164429614087e-9,0.9993908405303955,-4.878563789767732e-8,-0.034899670630693436]}},{"t":0.569230769230769,"j":false,"c":{"p":[-367.6866729263664,386.994384765625,557.1454263662237],"r":[-0.034899670630693436,2.8748848103802723e-9,-0.9993908405303955,4.6554099870518666e-8,1,1.250924267323301e-9,0.9993908405303955,-4.648208406469548e-8,-0.034899670630693436]}},{"t":0.5846153846153843,"j":false,"c":{"p":[-367.3055095695613,386.994384765625,557.1586943426132],"r":[-0.034899670630693436,9.801449445608336e-10,-0.9993908405303955,1.587186364282868e-8,1,4.264820858832822e-10,0.9993908405303955,-1.5847312131591733e-8,-0.034899670630693436]}},{"t":0.5999999999999996,"j":false,"c":{"p":[-366.92238204057634,386.994384765625,557.1720306901871],"r":[-0.034899670630693436,-1.2092618520730687e-9,-0.9993908405303955,-1.9582022418708923e-8,1,-5.261761310144122e-10,0.9993908405303955,1.9551728195298515e-8,-0.034899670630693436]}},{"t":0.615384615384615,"j":false,"c":{"p":[-366.53925451159137,386.994384765625,557.1853670377609],"r":[-0.034899670630693436,-3.39866864870697e-9,-0.9993908405303955,-5.503590848024653e-8,1,-1.4788343479121065e-9,0.9993908405303955,5.495076852218875e-8,-0.034899670630693436]}},{"t":0.6307692307692303,"j":false,"c":{"p":[-366.1561269826064,386.994384765625,557.1987033853347],"r":[-0.034899670630693436,-5.588075445340872e-9,-0.9993908405303955,-9.048979454178414e-8,1,-2.4314925648098006e-9,0.9993908405303955,9.034980884907899e-8,-0.034899670630693436]}},{"t":0.6461538461538456,"j":false,"c":{"p":[-365.78247553133576,386.994384765625,557.2117098786003],"r":[-0.034899670630693436,-6.100704889550654e-9,-0.9993908405303955,-9.879098489404457e-8,1,-2.654549102281161e-9,0.9993908405303955,9.863815763845691e-8,-0.034899670630693436]}},{"t":0.661538461538461,"j":false,"c":{"p":[-365.4218395469383,386.994384765625,557.224263314393],"r":[-0.034899670630693436,-4.310267522569005e-9,-0.9993908405303955,-6.979773527071135e-8,1,-1.87549202529615e-9,0.9993908405303955,6.968975951076405e-8,-0.034899670630693436]}},{"t":0.6769230769230763,"j":false,"c":{"p":[-365.06120356254087,386.994384765625,557.2368167501859],"r":[-0.034899670630693436,-2.519830155587356e-9,-0.9993908405303955,-4.0804485647378135e-8,1,-1.0964349483111392e-9,0.9993908405303955,4.074136138307121e-8,-0.034899670630693436]}},{"t":0.6923076923076916,"j":false,"c":{"p":[-364.7005675781434,386.994384765625,557.2493701859786],"r":[-0.034899670630693436,-7.293927886057084e-10,-0.9993908405303955,-1.1811236024044931e-8,1,-3.1737787132612915e-10,0.9993908405303955,1.1792963255378385e-8,-0.034899670630693436]}},{"t":0.707692307692307,"j":false,"c":{"p":[-364.339931593746,386.994384765625,557.2619236217714],"r":[-0.034899670630693436,1.06104457837594e-9,-0.9993908405303955,1.7182013599288273e-8,1,4.616792056588817e-10,0.9993908405303955,-1.7155434872314455e-8,-0.034899670630693436]}},{"t":0.7230769230769223,"j":false,"c":{"p":[-363.9819347671447,386.994384765625,557.2743851906973],"r":[-0.034899670630693436,2.245245700548678e-9,-0.9993908405303955,3.635818369749394e-8,1,9.769522313938806e-10,0.9993908405303955,-3.6301938982108e-8,-0.034899670630693436]}},{"t":0.7384615384615376,"j":false,"c":{"p":[-363.62397230111463,386.994384765625,557.2868455635606],"r":[-0.034899670630693436,3.4215539170121592e-9,-0.9993908405303955,5.540654011960287e-8,1,1.4887909150519255e-9,0.9993908405303955,-5.532082712383978e-8,-0.034899670630693436]}},{"t":0.7538461538461529,"j":false,"c":{"p":[-363.26600983508456,386.994384765625,557.299305936424],"r":[-0.034899670630693436,4.59786213347564e-9,-0.9993908405303955,7.44548965417118e-8,1,2.00062959870997e-9,0.9993908405303955,-7.433971526557155e-8,-0.034899670630693436]}},{"t":0.7692307692307683,"j":false,"c":{"p":[-362.90751349650793,386.994384765625,557.3117848929425],"r":[-0.034899670630693436,5.5236101797636634e-9,-0.9993908405303955,8.944583639056608e-8,1,2.4034441932683113e-9,0.9993908405303955,-8.930746359828158e-8,-0.034899670630693436]}},{"t":0.7846153846153836,"j":false,"c":{"p":[-362.5427302633098,386.994384765625,557.3244826909835],"r":[-0.034899670630693436,3.4987562584899354e-9,-0.9993908405303955,5.6656551170609874e-8,1,1.522388763377249e-9,0.9993908405303955,-5.656890217315232e-8,-0.034899670630693436]}},{"t":0.7999999999999989,"j":false,"c":{"p":[-362.1779470301117,386.994384765625,557.3371804890246],"r":[-0.034899670630693436,1.4739023372162082e-9,-0.9993908405303955,2.3867265950653684e-8,1,6.413333334861867e-10,0.9993908405303955,-2.3830340748023052e-8,-0.034899670630693436]}},{"t":0.8153846153846143,"j":false,"c":{"p":[-361.8131637969135,386.994384765625,557.3498782870657],"r":[-0.034899670630693436,-5.509515840575195e-10,-0.9993908405303955,-8.922019269302513e-9,1,-2.397220964048757e-10,0.9993908405303955,8.90822067710622e-9,-0.034899670630693436]}},{"t":0.8307692307692296,"j":false,"c":{"p":[-361.4483805637154,386.994384765625,557.3625760851068],"r":[-0.034899670630693436,-2.575805505331247e-9,-0.9993908405303955,-4.171130448925871e-8,1,-1.120777526295938e-9,0.9993908405303955,4.164678210223548e-8,-0.034899670630693436]}},{"t":0.8461538461538449,"j":false,"c":{"p":[-361.0729545072488,386.994384765625,557.3756443508892],"r":[-0.034899670630693436,-3.1429592455450706e-9,-0.9993908405303955,-5.089537348708495e-8,1,-1.3675606072309852e-9,0.9993908405303955,5.081664319705924e-8,-0.034899670630693436]}},{"t":0.8615384615384603,"j":false,"c":{"p":[-360.6928471547286,386.994384765625,557.3888755686562],"r":[-0.034899670630693436,-3.0689366800908435e-9,-0.9993908405303955,-4.969657670191049e-8,1,-1.3353560014146226e-9,0.9993908405303955,4.961970019627341e-8,-0.034899670630693436]}},{"t":0.8769230769230756,"j":false,"c":{"p":[-360.31273980220834,386.994384765625,557.4021067864234],"r":[-0.034899670630693436,-2.9949141146366164e-9,-0.9993908405303955,-4.849777991673603e-8,1,-1.30315139559826e-9,0.9993908405303955,4.842275719548758e-8,-0.034899670630693436]}},{"t":0.8923076923076909,"j":false,"c":{"p":[-359.93263244968807,386.994384765625,557.4153380041905],"r":[-0.034899670630693436,-2.9208915491823894e-9,-0.9993908405303955,-4.729898313156157e-8,1,-1.2709467897818973e-9,0.9993908405303955,4.7225814194701755e-8,-0.034899670630693436]}},{"t":0.9076923076923062,"j":false,"c":{"p":[-359.5520198500112,386.994384765625,557.4285868091869],"r":[-0.034899670630693436,-1.4031103968527135e-9,-0.9993908405303955,-2.272080113171421e-8,1,-6.105337893979059e-10,0.9993908405303955,2.2685652219246564e-8,-0.034899670630693436]}},{"t":0.9230769230769216,"j":false,"c":{"p":[-359.17123921944017,386.994384765625,557.4418414631975],"r":[-0.034899670630693436,5.948239697960962e-10,-0.9993908405303955,9.632702214567397e-9,1,2.5880353022889244e-10,0.9993908405303955,-9.617803235556654e-9,-0.034899670630693436]}},{"t":0.9384615384615369,"j":false,"c":{"p":[-358.79045858886917,386.994384765625,557.4550961172083],"r":[-0.034899670630693436,2.5927583364449065e-9,-0.9993908405303955,4.1986205560849014e-8,1,1.128140849855691e-9,0.9993908405303955,-4.1921258690359875e-8,-0.034899670630693436]}},{"t":0.9538461538461522,"j":false,"c":{"p":[-358.4096779582981,386.994384765625,557.468350771219],"r":[-0.034899670630693436,4.590692703093716e-9,-0.9993908405303955,7.433970890713061e-8,1,1.9974781694824893e-9,0.9993908405303955,-7.422471414516309e-8,-0.034899670630693436]}},{"t":0.9692307692307676,"j":false,"c":{"p":[-358.040789173925,386.994384765625,557.4811914800491],"r":[-0.034899670630693436,4.077328245115247e-9,-0.9993908405303955,6.602633595415357e-8,1,1.7741116164195367e-9,0.9993908405303955,-6.59242005500642e-8,-0.034899670630693436]}},{"t":0.9846153846153829,"j":false,"c":{"p":[-357.6746299668405,386.994384765625,557.4939371745858],"r":[-0.034899670630693436,2.987536534166341e-9,-0.9993908405303955,4.8378551834257995e-8,1,1.2999328997590503e-9,0.9993908405303955,-4.8303715110274345e-8,-0.034899670630693436]}},{"t":0.9999999999999982,"j":false,"c":{"p":[-357.308470759756,386.994384765625,557.5066828691225],"r":[-0.034899670630693436,1.8977448232174345e-9,-0.9993908405303955,3.07307677143624e-8,1,8.257541830985637e-10,0.9993908405303955,-3.068322967048448e-8,-0.034899670630693436]}},{"t":1.0153846153846136,"j":false,"c":{"p":[-356.9423115526715,386.994384765625,557.5194285636592],"r":[-0.034899670630693436,8.079531122685282e-10,-0.9993908405303955,1.3082983594466824e-8,1,3.515754664380776e-10,0.9993908405303955,-1.3062744230694625e-8,-0.034899670630693436]}},{"t":1.0307692307692289,"j":false,"c":{"p":[-356.5775890103918,386.994384765625,557.5321242491003],"r":[-0.034899670630693436,-3.903729583050998e-10,-0.9993908405303955,-6.322262842247472e-9,1,-1.698315532930636e-10,0.9993908405303955,6.3124843354843156e-9,-0.034899670630693436]}},{"t":1.0461538461538442,"j":false,"c":{"p":[-356.2146507865121,386.994384765625,557.5447578239163],"r":[-0.034899670630693436,-1.7234972464277743e-9,-0.9993908405303955,-2.791025388201574e-8,1,-7.498954913844648e-10,0.9993908405303955,2.7867080306709538e-8,-0.034899670630693436]}},{"t":1.0615384615384595,"j":false,"c":{"p":[-355.8517125626324,386.994384765625,557.5573913987323],"r":[-0.034899670630693436,-3.056621534550449e-9,-0.9993908405303955,-4.9498244921784004e-8,1,-1.329959429475866e-9,0.9993908405303955,4.942167627793476e-8,-0.034899670630693436]}},{"t":1.0769230769230749,"j":false,"c":{"p":[-355.48877433875265,386.994384765625,557.5700249735482],"r":[-0.034899670630693436,-4.389745822673123e-9,-0.9993908405303955,-7.108623596155228e-8,1,-1.910023367567267e-9,0.9993908405303955,7.097627224915998e-8,-0.034899670630693436]}},{"t":1.0923076923076902,"j":false,"c":{"p":[-355.12527120410084,386.994384765625,557.5826782124338],"r":[-0.034899670630693436,-5.589986180953214e-9,-0.9993908405303955,-9.052233573811006e-8,1,-2.432268443809388e-9,0.9993908405303955,9.038230570986765e-8,-0.034899670630693436]}},{"t":1.1076923076923055,"j":false,"c":{"p":[-354.74820699794606,386.994384765625,557.5958035008313],"r":[-0.034899670630693436,-3.600256435449001e-9,-0.9993908405303955,-5.830080615069728e-8,1,-1.5665319864489773e-9,0.9993908405303955,5.821061880377192e-8,-0.034899670630693436]}},{"t":1.1230769230769209,"j":false,"c":{"p":[-354.3711427917912,386.994384765625,557.6089287892287],"r":[-0.034899670630693436,-1.6105266899447883e-9,-0.9993908405303955,-2.6079276563284494e-8,1,-7.007955290885667e-10,0.9993908405303955,2.6038931897676187e-8,-0.034899670630693436]}},{"t":1.1384615384615362,"j":false,"c":{"p":[-353.99407858563643,386.994384765625,557.6220540776262],"r":[-0.034899670630693436,3.792030555594245e-10,-0.9993908405303955,6.142253024128297e-9,1,1.6494092827184378e-10,0.9993908405303955,-6.132755008419551e-9,-0.034899670630693436]}},{"t":1.1538461538461515,"j":false,"c":{"p":[-353.6193651642708,386.994384765625,557.635097537179],"r":[-0.034899670630693436,2.2625191725608577e-9,-0.9993908405303955,3.664049989151027e-8,1,9.843775444894221e-10,0.9993908405303955,-3.658382481264754e-8,-0.034899670630693436]}},{"t":1.1692307692307669,"j":false,"c":{"p":[-353.2789896631872,386.994384765625,557.6469457225603],"r":[-0.034899670630693436,2.5914511071857094e-9,-0.9993908405303955,4.196675103365674e-8,1,1.1275122458908323e-9,0.9993908405303955,-4.1901835583934314e-8,-0.034899670630693436]}},{"t":1.1846153846153822,"j":false,"c":{"p":[-352.93861416210365,386.994384765625,557.6587939079416],"r":[-0.034899670630693436,2.9203830418105616e-9,-0.9993908405303955,4.729300217580321e-8,1,1.2706469472922423e-9,0.9993908405303955,-4.7219846355221086e-8,-0.034899670630693436]}},{"t":1.1999999999999975,"j":false,"c":{"p":[-352.59823866102005,386.994384765625,557.6706420933227],"r":[-0.034899670630693436,3.249314976435413e-9,-0.9993908405303955,5.261925331794968e-8,1,1.4137816486936522e-9,0.9993908405303955,-5.2537857126507866e-8,-0.034899670630693436]}},{"t":1.2153846153846128,"j":false,"c":{"p":[-352.2578631599365,386.994384765625,557.682490278704],"r":[-0.034899670630693436,3.578246911060265e-9,-0.9993908405303955,5.794550446009615e-8,1,1.5569163500950622e-9,0.9993908405303955,-5.785586789779463e-8,-0.034899670630693436]}},{"t":1.2307692307692282,"j":false,"c":{"p":[-351.8840357860884,386.994384765625,557.6955028956868],"r":[-0.034899670630693436,2.2628353007469567e-9,-0.9993908405303955,3.6642909105697476e-8,1,9.84609653282793e-10,0.9993908405303955,-3.6586222877489644e-8,-0.034899670630693436]}},{"t":1.2461538461538435,"j":false,"c":{"p":[-351.49294465588423,386.994384765625,557.7091164495321],"r":[-0.034899670630693436,9.881510802545888e-11,-0.9993908405303955,1.5977672219187153e-9,1,4.307980197632345e-11,0.9993908405303955,-1.5952889207488627e-9,-0.034899670630693436]}},{"t":1.2615384615384588,"j":false,"c":{"p":[-351.10185352568004,386.994384765625,557.7227300033774],"r":[-0.034899670630693436,-2.0652050846960393e-9,-0.9993908405303955,-3.3447374661860046e-8,1,-8.984500493301462e-10,0.9993908405303955,3.339564503599191e-8,-0.034899670630693436]}},{"t":1.2769230769230742,"j":false,"c":{"p":[-350.71076239547585,386.994384765625,557.7363435572227],"r":[-0.034899670630693436,-4.2292252774175375e-9,-0.9993908405303955,-6.849251654563882e-8,1,-1.839979900636616e-9,0.9993908405303955,6.838657899273269e-8,-0.034899670630693436]}},{"t":1.2923076923076895,"j":false,"c":{"p":[-350.3280687516385,386.994384765625,557.7496648016188],"r":[-0.034899670630693436,-5.2825891452547475e-9,-0.9993908405303955,-8.555068671534166e-8,1,-2.298298448317719e-9,0.9993908405303955,8.541836237893826e-8,-0.034899670630693436]}},{"t":1.3076923076923048,"j":false,"c":{"p":[-349.96362178355724,386.994384765625,557.7623508945535],"r":[-0.034899670630693436,-3.922637295600081e-9,-0.9993908405303955,-6.352544235338583e-8,1,-1.7066599500779522e-9,0.9993908405303955,6.342718305956408e-8,-0.034899670630693436]}},{"t":1.3230769230769202,"j":false,"c":{"p":[-349.599174815476,386.994384765625,557.7750369874883],"r":[-0.034899670630693436,-2.5626854459454135e-9,-0.9993908405303955,-4.150019799143e-8,1,-1.1150214518381854e-9,0.9993908405303955,4.143600374018988e-8,-0.034899670630693436]}},{"t":1.3384615384615355,"j":false,"c":{"p":[-349.2347278473947,386.994384765625,557.787723080423],"r":[-0.034899670630693436,-1.2027335962907471e-9,-0.9993908405303955,-1.9474953629474185e-8,1,-5.233829535984189e-10,0.9993908405303955,1.9444824420815692e-8,-0.034899670630693436]}},{"t":1.3538461538461508,"j":false,"c":{"p":[-348.87028087931344,386.994384765625,557.8004091733577],"r":[-0.034899670630693436,1.5721825336391966e-10,-0.9993908405303955,2.5502907324816403e-9,1,6.825554464134797e-11,0.9993908405303955,-2.546354898558493e-9,-0.034899670630693436]}},{"t":1.3692307692307661,"j":false,"c":{"p":[-348.5075606776855,386.994384765625,557.8130351590022],"r":[-0.034899670630693436,1.3078219091765607e-9,-0.9993908405303955,2.1183995736097556e-8,1,5.688540113922976e-10,0.9993908405303955,-2.1151237974649232e-8,-0.034899670630693436]}},{"t":1.3846153846153815,"j":false,"c":{"p":[-348.144975713728,386.994384765625,557.8256564371369],"r":[-0.034899670630693436,2.442029739137898e-9,-0.9993908405303955,3.9552080637305784e-8,1,1.0623223640763726e-9,0.9993908405303955,-3.9490911580971654e-8,-0.034899670630693436]}},{"t":1.3999999999999968,"j":false,"c":{"p":[-347.7823907497705,386.994384765625,557.8382777152716],"r":[-0.034899670630693436,3.576237569099236e-9,-0.9993908405303955,5.7920165538514016e-8,1,1.5557907167604476e-9,0.9993908405303955,-5.783058518729407e-8,-0.034899670630693436]}},{"t":1.4153846153846121,"j":false,"c":{"p":[-347.4198057858131,386.994384765625,557.8508989934063],"r":[-0.034899670630693436,4.710445399060573e-9,-0.9993908405303955,7.628825043972223e-8,1,2.0492590694445224e-9,0.9993908405303955,-7.617025879361649e-8,-0.034899670630693436]}},{"t":1.4307692307692275,"j":false,"c":{"p":[-347.04941787098676,386.994384765625,557.8637918857087],"r":[-0.034899670630693436,4.250115174227292e-9,-0.9993908405303955,6.883099843133809e-8,1,1.8490625237218322e-9,0.9993908405303955,-6.872453659886843e-8,-0.034899670630693436]}},{"t":1.4461538461538428,"j":false,"c":{"p":[-346.67174118063554,386.994384765625,557.8769384941667],"r":[-0.034899670630693436,2.300318958549989e-9,-0.9993908405303955,3.72501697461457e-8,1,1.0009101188633578e-9,0.9993908405303955,-3.7192546917018206e-8,-0.034899670630693436]}},{"t":1.4615384615384581,"j":false,"c":{"p":[-346.2940644902843,386.994384765625,557.8900851026247],"r":[-0.034899670630693436,3.5052274287268613e-10,-0.9993908405303955,5.669341060953314e-9,1,1.5275771400488358e-10,0.9993908405303955,-5.660557235167999e-9,-0.034899670630693436]}},{"t":1.4769230769230735,"j":false,"c":{"p":[-345.9163877999331,386.994384765625,557.9032317110828],"r":[-0.034899670630693436,-1.5992734728046162e-9,-0.9993908405303955,-2.5911487624239068e-8,1,-6.953946908535909e-10,0.9993908405303955,2.5871432446682215e-8,-0.034899670630693436]}},{"t":1.4923076923076888,"j":false,"c":{"p":[-345.53946505208444,386.994384765625,557.9163520754353],"r":[-0.034899670630693436,-2.9931614153760924e-9,-0.9993908405303955,-4.848743374567426e-8,1,-1.3017589645338822e-9,0.9993908405303955,4.8412463657460895e-8,-0.034899670630693436]}},{"t":1.5076923076923041,"j":false,"c":{"p":[-345.16445308694836,386.994384765625,557.9294059270461],"r":[-0.034899670630693436,-2.978162188918066e-9,-0.9993908405303955,-4.824151497235937e-8,1,-1.2953383380410558e-9,0.9993908405303955,4.816691902471303e-8,-0.034899670630693436]}},{"t":1.5230769230769194,"j":false,"c":{"p":[-344.78944112181233,386.994384765625,557.942459778657],"r":[-0.034899670630693436,-2.963162962460039e-9,-0.9993908405303955,-4.799559619904448e-8,1,-1.2889177115482297e-9,0.9993908405303955,4.792137439196516e-8,-0.034899670630693436]}},{"t":1.5384615384615348,"j":false,"c":{"p":[-344.41442915667625,386.994384765625,557.9555136302679],"r":[-0.034899670630693436,-2.9481637360020123e-9,-0.9993908405303955,-4.77496774257296e-8,1,-1.2824970850554033e-9,0.9993908405303955,4.7675829759217294e-8,-0.034899670630693436]}},{"t":1.55384615384615,"j":false,"c":{"p":[-344.0379312962579,386.994384765625,557.9686192046457],"r":[-0.034899670630693436,-2.2850376024426253e-9,-0.9993908405303955,-3.700508261231236e-8,1,-9.941781331659173e-10,0.9993908405303955,3.6947843021768066e-8,-0.034899670630693436]}},{"t":1.5692307692307654,"j":false,"c":{"p":[-343.65771040170483,386.994384765625,557.9818543747157],"r":[-0.034899670630693436,2.0243680387690226e-12,-0.9993908405303955,4.48176512461347e-11,1,4.605039026687053e-13,0.9993908405303955,-4.477369133882381e-11,-0.034899670630693436]}},{"t":1.5846153846153808,"j":false,"c":{"p":[-343.27748950715176,386.994384765625,557.9950895447856],"r":[-0.034899670630693436,2.2890863385201625e-9,-0.9993908405303955,3.709471791480463e-8,1,9.950991409712547e-10,0.9993908405303955,-3.70373904044457e-8,-0.034899670630693436]}},{"t":1.599999999999996,"j":false,"c":{"p":[-342.8972686125986,386.994384765625,558.0083247148556],"r":[-0.034899670630693436,4.576148309001558e-9,-0.9993908405303955,7.414461817836314e-8,1,1.989737778039841e-9,0.9993908405303955,-7.403000711755259e-8,-0.034899670630693436]}},{"t":1.6153846153846114,"j":false,"c":{"p":[-342.5297531309401,386.994384765625,558.0211176201714],"r":[-0.034899670630693436,5.679696101609184e-9,-0.9993908405303955,9.201928354061423e-8,1,2.4697580945534303e-9,0.9993908405303955,-9.187703068427903e-8,-0.034899670630693436]}},{"t":1.6307692307692268,"j":false,"c":{"p":[-342.1866444561237,386.994384765625,558.0330609450351],"r":[-0.034899670630693436,4.509740295872204e-9,-0.9993908405303955,7.305876233539585e-8,1,1.9612084172053716e-9,0.9993908405303955,-7.294580881508096e-8,-0.034899670630693436]}},{"t":1.646153846153842,"j":false,"c":{"p":[-341.8435357813073,386.994384765625,558.045004269899],"r":[-0.034899670630693436,3.339784490135222e-9,-0.9993908405303955,5.409824113017747e-8,1,1.4526587398573128e-9,0.9993908405303955,-5.401458694588289e-8,-0.034899670630693436]}},{"t":1.6615384615384574,"j":false,"c":{"p":[-341.5004271064909,386.994384765625,558.0569475947628],"r":[-0.034899670630693436,2.169828684398241e-9,-0.9993908405303955,3.51377199249591e-8,1,9.441090625092542e-10,0.9993908405303955,-3.508336507668483e-8,-0.034899670630693436]}},{"t":1.6769230769230727,"j":false,"c":{"p":[-341.15731843167447,386.994384765625,558.0688909196267],"r":[-0.034899670630693436,9.998728786612597e-10,-0.9993908405303955,1.6177198719740707e-8,1,4.355593851611953e-10,0.9993908405303955,-1.6152143207486756e-8,-0.034899670630693436]}},{"t":1.692307692307688,"j":false,"c":{"p":[-340.7693524302347,386.994384765625,558.0823956903638],"r":[-0.034899670630693436,-6.391825578184527e-10,-0.9993908405303955,-1.0382425725988078e-8,1,-2.770079556432126e-10,0.9993908405303955,1.0366432752023826e-8,-0.034899670630693436]}},{"t":1.7076923076923034,"j":false,"c":{"p":[-340.38013977700035,386.994384765625,558.0959438560031],"r":[-0.034899670630693436,-2.2912749704287655e-9,-0.9993908405303955,-3.715324054806324e-8,1,-9.952452506202343e-10,0.9993908405303955,3.7095872561529774e-8,-0.034899670630693436]}},{"t":1.7230769230769187,"j":false,"c":{"p":[-339.990927123766,386.994384765625,558.1094920216424],"r":[-0.034899670630693436,-3.943367383039078e-9,-0.9993908405303955,-6.39240553701384e-8,1,-1.713482545597256e-9,0.9993908405303955,6.382531237103573e-8,-0.034899670630693436]}},{"t":1.738461538461534,"j":false,"c":{"p":[-339.6017144705317,386.994384765625,558.1230401872817],"r":[-0.034899670630693436,-5.5954597956493914e-9,-0.9993908405303955,-9.069487019221357e-8,1,-2.4317198405742777e-9,0.9993908405303955,9.055475218054168e-8,-0.034899670630693436]}},{"t":1.7538461538461494,"j":false,"c":{"p":[-339.23319339452564,386.994384765625,558.1358680964923],"r":[-0.034899670630693436,-4.975999435937279e-9,-0.9993908405303955,-8.064448085378826e-8,1,-2.1628509802825997e-9,0.9993908405303955,8.051986892239075e-8,-0.034899670630693436]}},{"t":1.7692307692307647,"j":false,"c":{"p":[-338.8780371906691,386.994384765625,558.1482307857258],"r":[-0.034899670630693436,-2.8893231144801232e-9,-0.9993908405303955,-4.6810951130856375e-8,1,-1.2564015519346998e-9,0.9993908405303955,4.6738585279067e-8,-0.034899670630693436]}},{"t":1.78461538461538,"j":false,"c":{"p":[-338.52288098681254,386.994384765625,558.1605934749592],"r":[-0.034899670630693436,-8.02646793022967e-10,-0.9993908405303955,-1.2977421407924493e-8,1,-3.4995212358679984e-10,0.9993908405303955,1.2957301635743234e-8,-0.034899670630693436]}},{"t":1.7999999999999954,"j":false,"c":{"p":[-338.16772478295593,386.994384765625,558.1729561641928],"r":[-0.034899670630693436,1.2840295284341876e-9,-0.9993908405303955,2.0856108315007377e-8,1,5.564973047611001e-10,0.9993908405303955,-2.082398200758051e-8,-0.034899670630693436]}},{"t":1.8153846153846107,"j":false,"c":{"p":[-337.7957703614162,386.994384765625,558.1859035852784],"r":[-0.034899670630693436,2.3602824830909063e-9,-0.9993908405303955,3.829874668936228e-8,1,1.0242928776125644e-9,0.9993908405303955,-3.8239668434191203e-8,-0.034899670630693436]}},{"t":1.830769230769226,"j":false,"c":{"p":[-337.41545978049,386.994384765625,558.1991418772557],"r":[-0.034899670630693436,2.9339071911051625e-9,-0.9993908405303955,4.758784739808491e-8,1,1.2738830669431673e-9,0.9993908405303955,-4.751439958940833e-8,-0.034899670630693436]}},{"t":1.8461538461538414,"j":false,"c":{"p":[-337.03514919956376,386.994384765625,558.212380169233],"r":[-0.034899670630693436,3.5075318991194186e-9,-0.9993908405303955,5.687694810680753e-8,1,1.52347325627377e-9,0.9993908405303955,-5.678913074462545e-8,-0.034899670630693436]}},{"t":1.8615384615384567,"j":false,"c":{"p":[-336.65483861863754,386.994384765625,558.2256184612103],"r":[-0.034899670630693436,4.081156607133675e-9,-0.9993908405303955,6.616604881553015e-8,1,1.773063445604373e-9,0.9993908405303955,-6.606386189984257e-8,-0.034899670630693436]}},{"t":1.876923076923072,"j":false,"c":{"p":[-336.28825098132495,386.994384765625,558.2383790690434],"r":[-0.034899670630693436,2.9069395443458174e-9,-0.9993908405303955,4.7103873300007885e-8,1,1.2637998324936915e-9,0.9993908405303955,-4.7031071168106995e-8,-0.034899670630693436]}},{"t":1.8923076923076874,"j":false,"c":{"p":[-335.9268470386532,386.994384765625,558.2509592368189],"r":[-0.034899670630693436,1.072494014874758e-9,-0.9993908405303955,1.7332307528035225e-8,1,4.678873414398986e-10,0.9993908405303955,-1.7305417911151474e-8,-0.034899670630693436]}},{"t":1.9076923076923027,"j":false,"c":{"p":[-335.56544309598144,386.994384765625,558.2635394045943],"r":[-0.034899670630693436,-7.619515145963024e-10,-0.9993908405303955,-1.2439258243937435e-8,1,-3.280251496138943e-10,0.9993908405303955,1.2420235345804053e-8,-0.034899670630693436]}},{"t":1.923076923076918,"j":false,"c":{"p":[-335.20403915330974,386.994384765625,558.2761195723698],"r":[-0.034899670630693436,-2.596397044067362e-9,-0.9993908405303955,-4.22108240159101e-8,1,-1.1239376406676873e-9,0.9993908405303955,4.214588860275957e-8,-0.034899670630693436]}},{"t":1.9384615384615334,"j":false,"c":{"p":[-334.8455055768958,386.994384765625,558.288599825106],"r":[-0.034899670630693436,-3.763001133793785e-9,-0.9993908405303955,-6.113458309005504e-8,1,-1.6304172925934786e-9,0.9993908405303955,6.104044419461922e-8,-0.034899670630693436]}},{"t":1.9538461538461487,"j":false,"c":{"p":[-334.4936352163738,386.994384765625,558.3008481368921],"r":[-0.034899670630693436,-3.379290282904894e-9,-0.9993908405303955,-5.48764414978087e-8,1,-1.4650128293669906e-9,0.9993908405303955,5.479188716399412e-8,-0.034899670630693436]}},{"t":1.969230769230764,"j":false,"c":{"p":[-334.14176485585176,386.994384765625,558.3130964486783],"r":[-0.034899670630693436,-2.9955794320160028e-9,-0.9993908405303955,-4.861829990556236e-8,1,-1.2996083661405024e-9,0.9993908405303955,4.8543330133369016e-8,-0.034899670630693436]}},{"t":1.9846153846153793,"j":false,"c":{"p":[-333.78989449532975,386.994384765625,558.3253447604643],"r":[-0.034899670630693436,-2.6118685811271116e-9,-0.9993908405303955,-4.2360158313316026e-8,1,-1.1342039029140145e-9,0.9993908405303955,4.229477310274392e-8,-0.034899670630693436]}},{"t":1.9999999999999947,"j":false,"c":{"p":[-333.43352768581695,386.994384765625,558.3377495898642],"r":[-0.034899670630693436,-1.671542189686895e-9,-0.9993908405303955,-2.7060384391014895e-8,1,-7.275869150544094e-10,0.9993908405303955,2.7018509974419537e-8,-0.034899670630693436]}},{"t":2.01538461538461,"j":false,"c":{"p":[-333.0678019337828,386.994384765625,558.3504801961946],"r":[-0.034899670630693436,4.273279462255399e-10,-0.9993908405303955,7.058710611375296e-9,1,1.8109162362939455e-10,0.9993908405303955,-7.048088069928929e-9,-0.034899670630693436]}},{"t":2.0307692307692253,"j":false,"c":{"p":[-332.70207618174857,386.994384765625,558.3632108025249],"r":[-0.034899670630693436,2.5261980821379744e-9,-0.9993908405303955,4.1177805613765494e-8,1,1.0897701623131985e-9,0.9993908405303955,-4.111468611427739e-8,-0.034899670630693436]}},{"t":2.0461538461538407,"j":false,"c":{"p":[-332.33635042971434,386.994384765625,558.3759414088552],"r":[-0.034899670630693436,4.62506821805041e-9,-0.9993908405303955,7.529690061615569e-8,1,1.9984487009970023e-9,0.9993908405303955,-7.518128415862585e-8,-0.034899670630693436]}},{"t":2.061538461538456,"j":false,"c":{"p":[-331.9706246776801,386.994384765625,558.3886720151855],"r":[-0.034899670630693436,6.723938353962844e-9,-0.9993908405303955,1.0941599561854588e-7,1,2.907127239680806e-9,0.9993908405303955,-1.0924788220297432e-7,-0.034899670630693436]}},{"t":2.0769230769230713,"j":false,"c":{"p":[-331.58423747635106,386.994384765625,558.4021218292165],"r":[-0.034899670630693436,5.012712431799339e-9,-0.9993908405303955,8.151710410719867e-8,1,2.1691138154974237e-9,0.9993908405303955,-8.139174306832079e-8,-0.034899670630693436]}},{"t":2.0923076923076867,"j":false,"c":{"p":[-331.1968100571519,386.994384765625,558.4156078523581],"r":[-0.034899670630693436,3.1096640508162546e-9,-0.9993908405303955,5.049586542066968e-8,1,1.3481963131960903e-9,0.9993908405303955,-5.0418052165559576e-8,-0.034899670630693436]}},{"t":2.107692307692302,"j":false,"c":{"p":[-330.8093826379527,386.994384765625,558.4290938754998],"r":[-0.034899670630693436,1.2066156698331701e-9,-0.9993908405303955,1.9474626734140675e-8,1,5.272788108947569e-10,0.9993908405303955,-1.9444361262798362e-8,-0.034899670630693436]}},{"t":2.1230769230769173,"j":false,"c":{"p":[-330.4219552187535,386.994384765625,558.4425798986414],"r":[-0.034899670630693436,-6.964327111499156e-10,-0.9993908405303955,-1.1546611952388317e-8,1,-2.936386914065768e-10,0.9993908405303955,1.1529329639962852e-8,-0.034899670630693436]}},{"t":2.1384615384615326,"j":false,"c":{"p":[-330.04513427305994,386.994384765625,558.4556967193464],"r":[-0.034899670630693436,-1.8418478867784216e-9,-0.9993908405303955,-3.0184410711218354e-8,1,-7.889025755019996e-10,0.9993908405303955,3.013848927614795e-8,-0.034899670630693436]}},{"t":2.153846153846148,"j":false,"c":{"p":[-329.67642771448976,386.994384765625,558.4685310850493],"r":[-0.034899670630693436,-2.407642595486743e-9,-0.9993908405303955,-3.934837017387904e-8,1,-1.0350280890709896e-9,0.9993908405303955,3.928827551722428e-8,-0.034899670630693436]}},{"t":2.1692307692307633,"j":false,"c":{"p":[-329.3077211559195,386.994384765625,558.4813654507522],"r":[-0.034899670630693436,-2.9734373041950647e-9,-0.9993908405303955,-4.851232963653973e-8,1,-1.2811536026399798e-9,0.9993908405303955,4.8438061758300604e-8,-0.034899670630693436]}},{"t":2.1846153846153786,"j":false,"c":{"p":[-328.93901459734934,386.994384765625,558.4941998164551],"r":[-0.034899670630693436,-3.5392320129033862e-9,-0.9993908405303955,-5.767628909920042e-8,1,-1.52727911620897e-9,0.9993908405303955,5.75878479993769