{"v":1,"d":[{"t":0.06640219688415527,"c":{"r":[0.9970526695251465,-1.0832514618641653e-7,-0.07672014832496643,1.1134081034924748e-7,1,3.502992385051584e-8,0.07672014832496643,-4.3468762811471606e-8,0.9970526695251465],"p":[-369.92974853515625,386.994384765625,563.171142578125]},"j":false},{"t":0.03333333333333333,"j":false,"c":{"p":[-369.9617009941626,386.994384765625,563.5864474770478],"r":[0.9970526695251465,-1.7834137747121106e-7,-0.07672014832496643,1.83306227765672e-7,1,5.767165392092405e-8,0.07672014832496643,-7.156495805291174e-8,0.9970526695251465]}},{"t":0.06666666666666667,"j":false,"c":{"p":[-369.9294929938713,386.994384765625,563.1678211577766],"r":[0.9970526695251465,-1.0776518810283441e-7,-0.07672014832496643,1.1076526355843584e-7,1,3.484884555557535e-8,0.07672014832496643,-4.3244062176280996e-8,0.9970526695251465]}},{"t":0.1,"j":false,"c":{"p":[-369.89728499357994,386.994384765625,562.7491948385054],"r":[0.9970526695251465,-3.7188998734457725e-8,-0.07672014832496643,3.822429935119966e-8,1,1.2026037190226646e-8,0.07672014832496643,-1.4923166299650244e-8,0.9970526695251465]}},{"t":0.13333333333333333,"j":false,"c":{"p":[-369.86384551831475,386.994384765625,562.3145073002316],"r":[0.9970526695251465,3.075535476236366e-8,-0.07672014832496643,-3.1611561067927894e-8,1,-9.945691707599043e-9,0.07672014832496643,1.2341622539042703e-8,0.9970526695251465]}},{"t":0.16666666666666666,"j":false,"c":{"p":[-369.8034795751497,386.994384765625,561.5286377184206],"r":[0.9970526695251465,4.115404503891679e-8,-0.07672014832496643,-4.2299739350486723e-8,1,-1.330838311144825e-8,0.07672014832496643,1.6514401504867305e-8,0.9970526695251465]}},{"t":0.19999999999999998,"j":false,"c":{"p":[-369.74314471270344,386.994384765625,560.7431715898965],"r":[0.9970526695251465,5.058796170513197e-8,-0.07672014832496643,-5.199628548615148e-8,1,-1.6359085697324895e-8,0.07672014832496643,2.030003302530953e-8,0.9970526695251465]}},{"t":0.2333333333333333,"j":false,"c":{"p":[-369.6850854896937,386.994384765625,559.9872451325427],"r":[0.9970526695251465,-1.061602722939509e-8,-0.07672014832496643,1.0911577570542414e-8,1,3.433121635026289e-9,0.07672014832496643,-4.260140529606465e-9,0.9970526695251465]}},{"t":0.26666666666666666,"j":false,"c":{"p":[-369.6267702433892,386.994384765625,559.2288489378011],"r":[0.9970303780301683,-6.881902189766245e-8,-0.07698561084798487,7.073846701491366e-8,1,2.2266404592704014e-8,0.07698561084798487,-2.7633999250670504e-8,0.9970303780301683]}},{"t":0.3,"j":false,"c":{"p":[-369.5612863873159,386.994384765625,558.4013005060211],"r":[0.9963839283748138,-4.299467509078767e-8,-0.08468397996509842,4.4298606566023234e-8,1,1.4249964181883046e-8,0.08468397996509842,-1.779123947904259e-8,0.9963839283748138]}},{"t":0.3333333333333333,"j":false,"c":{"p":[-369.48845622786007,386.994384765625,557.5889807313199],"r":[0.9938232139071881,-8.238064469734086e-9,-0.10426181119508213,8.0954759860167e-9,1,4.278365626299069e-9,0.10426181119508213,-3.5205471944605048e-9,0.9938232139071881]}},{"t":0.36666666666666664,"j":false,"c":{"p":[-369.39063978732906,386.994384765625,556.828456735578],"r":[0.984751693097709,5.68990031892646e-8,-0.1642441239609851,-6.131453416436158e-8,1,-1.234312586292994e-8,0.1642441239609851,2.5810449652911927e-8,0.984751693097709]}},{"t":0.39999999999999997,"j":false,"c":{"p":[-369.2606441348797,386.994384765625,556.0673319411485],"r":[0.9741487198215825,8.769835505304955e-8,-0.22242966386330656,-9.388285713754769e-8,1,-2.0765126992248644e-8,0.22242966386330656,3.941840094541296e-8,0.9741487198215825]}},{"t":0.4333333333333333,"j":false,"c":{"p":[-369.0445131928323,386.994384765625,555.304598966597],"r":[0.9594464509488075,2.6584669964137515e-8,-0.27580571522565406,-2.7835670124220154e-8,1,-7.239248276025415e-9,0.27580571522565406,1.093989326339858e-8,0.9594464509488075]}},{"t":0.4666666666666666,"j":false,"c":{"p":[-368.8200087623759,386.994384765625,554.5357847684106],"r":[0.9464912909220728,-2.8471058861055653e-8,-0.322724411718305,3.175694416593734e-8,1,4.895651299664414e-9,0.322724411718305,-1.4894582522815194e-8,0.9464912909220728]}},{"t":0.49999999999999994,"j":false,"c":{"p":[-368.5392478574124,386.994384765625,553.7261144555813],"r":[0.9452739132217735,-4.2826992634693e-8,-0.3262599921350276,4.798513396335072e-8,1,7.685391637452218e-9,0.3262599921350276,-2.2965384953817078e-8,0.9452739132217735]}},{"t":0.5333333333333333,"j":false,"c":{"p":[-368.258540156384,386.994384765625,552.9326418456668],"r":[0.940701317888408,-3.687708440639571e-8,-0.33824431603509164,4.124106268112181e-8,1,7.440578825787565e-9,0.33824431603509164,-1.9843018946166805e-8,0.940701317888408]}},{"t":0.5666666666666667,"j":false,"c":{"p":[-367.97798177319504,386.994384765625,552.1846283920846],"r":[0.9267122414827765,2.6061549376768e-8,-0.37394019661966765,-2.9975089193369423e-8,1,-1.3207641843946074e-9,0.37394019661966765,1.46931837385819e-8,0.9267122414827765]}},{"t":0.6,"j":false,"c":{"p":[-367.66239022261226,386.994384765625,551.4521968408119],"r":[0.8927484901624908,6.388714035172969e-8,-0.437273612284371,-7.344204025809556e-8,1,-7.204408837540769e-9,0.437273612284371,3.654276893126874e-8,0.8927484901624908]}},{"t":0.6333333333333333,"j":false,"c":{"p":[-367.24717692265716,386.994384765625,550.7640746250086],"r":[0.801983935313014,3.030025444465956e-8,-0.5791982544308503,-3.800022759965402e-8,1,-4.904912603905314e-9,0.5791982544308503,2.231616911991656e-8,0.801983935313014]}},{"t":0.6666666666666666,"j":false,"c":{"p":[-366.7689271013064,386.994384765625,550.1641685563845],"r":[0.708740071914697,-1.0837252342780943e-8,-0.6983604703372877,1.009442914416186e-8,1,-9.699691600905417e-9,0.6983604703372877,-4.475977455986938e-9,0.708740071914697]}},{"t":0.7,"j":false,"c":{"p":[-366.19729891805207,386.994384765625,549.6949403731302],"r":[0.6118235158325486,-6.315977685570617e-8,-0.7838038510639859,7.693221809060586e-8,1,-2.5003486407507854e-8,0.7838038510639859,-4.988193944107029e-8,0.6118235158325486]}},{"t":0.7333333333333333,"j":false,"c":{"p":[-365.5716528000622,386.994384765625,549.2287103186353],"r":[0.5633366608933595,-6.043809208097483e-8,-0.8262214971470764,7.506929020722502e-8,1,-2.1830630086952548e-8,0.8262214971470764,-4.9585784855443424e-8,0.5633366608933595]}},{"t":0.7666666666666666,"j":false,"c":{"p":[-364.8954443823722,386.994384765625,548.7652865966229],"r":[0.5601813625117051,-6.1934858840673126e-9,-0.8283658506556631,8.900567387772768e-9,1,-1.3631108674429066e-9,0.8283658506556631,-6.511169258698502e-9,0.5601813625117051]}},{"t":0.7999999999999999,"j":false,"c":{"p":[-364.2243633755477,386.994384765625,548.3230501358582],"r":[0.5485213255972632,3.605394969830639e-8,-0.835967808408183,-4.274672687222106e-8,1,1.5615139459781143e-8,0.835967808408183,2.77394603792992e-8,0.5485213255972632]}},{"t":0.8333333333333333,"j":false,"c":{"p":[-363.5556240650701,386.994384765625,547.890489929556],"r":[0.5329771616492641,7.282225919932443e-8,-0.8460622623262926,-8.77620626050698e-8,1,3.0999835372648145e-8,0.8460622623262926,5.796016219835616e-8,0.5329771616492641]}},{"t":0.8666666666666666,"j":false,"c":{"p":[-362.8659080167889,386.994384765625,547.464768115301],"r":[0.49273781826265767,2.9475799192584942e-8,-0.8688281274309317,-3.5858741501673385e-8,1,1.0939592106969865e-8,0.8688281274309317,2.3020543516497565e-8,0.49273781826265767]}},{"t":0.8999999999999999,"j":false,"c":{"p":[-362.17105200976977,386.994384765625,547.040721921597],"r":[0.44644738130148287,-3.350129229839199e-8,-0.8946988857396128,3.9792690567896024e-8,1,-1.7805773056585895e-8,0.8946988857396128,-2.788539756767931e-8,0.44644738130148287]}},{"t":0.9333333333333332,"j":false,"c":{"p":[-361.4259581987342,386.994384765625,546.7031699711961],"r":[0.4146777371309677,-3.7332279638389435e-8,-0.9094273791535677,4.319400197151108e-8,1,-2.1335059574048182e-8,0.9094273791535677,-3.050534494906963e-8,0.4146777371309677]}},{"t":0.9666666666666666,"j":false,"c":{"p":[-360.6833331233246,386.994384765625,546.3736114242041],"r":[0.3875161409378052,-3.251786638106471e-8,-0.9218629002571106,3.604470229213128e-8,1,-2.0122258340012587e-8,0.9218629002571106,-2.543057240408402e-8,0.3875161409378052]}},{"t":0.9999999999999999,"j":false,"c":{"p":[-359.9712595382626,386.994384765625,546.0742623831486],"r":[0.3875161409378052,1.4457761650418749e-8,-0.9218629002571106,-2.253773687464742e-8,1,6.209190678387004e-9,0.9218629002571106,1.8370544675268052e-8,0.3875161409378052]}},{"t":1.0333333333333332,"j":false,"c":{"p":[-359.2580476756042,386.994384765625,545.7747667773215],"r":[0.3862270499436024,5.71601272484391e-8,-0.9223680893696149,-7.568571068107746e-8,1,3.019490086211387e-8,0.9223680893696149,5.807491180242405e-8,0.3862270499436024]}},{"t":1.0666666666666667,"j":false,"c":{"p":[-358.5260940041157,386.994384765625,545.4728579737481],"r":[0.36371299848766625,2.950297082609242e-8,-0.9311912474903773,-3.9354886696823116e-8,1,1.5557880576551168e-8,0.9311912474903773,3.0326045489882465e-8,0.36371299848766625]}},{"t":1.1,"j":false,"c":{"p":[-357.79242131388,386.994384765625,545.1724427382941],"r":[0.3412277522006941,1.4151439965968346e-9,-0.93996239296449,-2.488150013823467e-9,1,5.383051124351769e-10,0.93996239296449,2.0949073506619928e-9,0.3412277522006941]}},{"t":1.1333333333333335,"j":false,"c":{"p":[-357.01327255947626,386.994384765625,544.911539346296],"r":[0.3195045369935911,-3.806592395002235e-8,-0.9473575613234329,4.855597729825312e-8,1,-2.4601639240539624e-8,0.9473575613234329,-3.8894570145384524e-8,0.3195045369935911]}},{"t":1.166666666666667,"j":false,"c":{"p":[-356.24465368489274,386.994384765625,544.6569125317068],"r":[0.3023701608181,-5.9380779218961736e-8,-0.9531905651092529,7.616031719992382e-8,1,-3.813735500871236e-8,0.9531905651092529,-6.106369895058184e-8,0.3023701608181]}},{"t":1.2000000000000004,"j":false,"c":{"p":[-355.5153525812487,386.994384765625,544.4257219801194],"r":[0.3023701608181,-1.2864377048042557e-8,-0.9531905651092529,1.6242272420702063e-8,1,-8.343763205043567e-9,0.9531905651092529,-1.2959076159475229e-8,0.3023701608181]}},{"t":1.2333333333333338,"j":false,"c":{"p":[-354.7703239161518,386.994384765625,544.1899765905843],"r":[0.29962739061120164,2.4133917994485686e-8,-0.9540395949788903,-3.152043879387366e-8,1,1.5497562779268323e-8,0.9540395949788903,2.5520823499205466e-8,0.29962739061120164]}},{"t":1.2666666666666673,"j":false,"c":{"p":[-353.99981836744655,386.994384765625,543.9468528750067],"r":[0.29244164063689004,4.571394821513721e-8,-0.9562639579053186,-5.959287447678041e-8,1,2.9696886477295338e-8,0.9562639579053186,4.8409752380687876e-8,0.29244164063689004]}},{"t":1.3000000000000007,"j":false,"c":{"p":[-353.2235118966254,386.994384765625,543.7301847265904],"r":[0.2584137512848531,2.8374894641621532e-8,-0.9647267527258104,-3.855804898256713e-8,1,1.6695659732116493e-8,0.9647267527258104,3.0698546792104234e-8,0.2584137512848531]}},{"t":1.3333333333333341,"j":false,"c":{"p":[-352.44196673059815,386.994384765625,543.5374080647503],"r":[0.20014526982200595,-2.4111194803548088e-8,-0.9788233489667865,2.6824548912433994e-8,1,-2.0869832893837467e-8,0.9788233489667865,-2.3677817466716312e-8,0.20014526982200595]}},{"t":1.3666666666666676,"j":false,"c":{"p":[-351.66045342010085,386.994384765625,543.4098614305161],"r":[0.1467970895814711,-3.6065456050856095e-8,-0.988070981379234,4.2518250589104094e-8,1,-2.9811251135204026e-8,0.988070981379234,-3.7347225469799015e-8,0.1467970895814711]}},{"t":1.400000000000001,"j":false,"c":{"p":[-350.8789562900487,386.994384765625,543.3154472191102],"r":[0.09594808811676472,-2.743230197524253e-8,-0.9948556695658151,3.2973368444916654e-8,1,-2.4213584075187827e-8,0.9948556695658151,-3.0340264993329914e-8,0.09594808811676472]}},{"t":1.4333333333333345,"j":false,"c":{"p":[-350.09566001170907,386.994384765625,543.2426871015467],"r":[0.08108155158284666,6.760209722958283e-9,-0.9967017727686748,-1.1329693835193684e-8,1,6.034579269373807e-9,0.9967017727686748,1.094385091699855e-8,0.08108155158284666]}},{"t":1.466666666666668,"j":false,"c":{"p":[-349.3117914754957,386.994384765625,543.1768145350464],"r":[0.07766001322771483,4.908242576476447e-8,-0.9969770526204053,-6.668834413904664e-8,1,4.412336402843449e-8,0.9969770526204053,6.313055458136443e-8,0.07766001322771483]}},{"t":1.5000000000000013,"j":false,"c":{"p":[-348.5019989528793,386.994384765625,543.112755284859],"r":[0.07427838338435623,3.5411339894981336e-8,-0.9972319968742326,-4.705663740184412e-8,1,3.185415647611142e-8,0.9972319968742326,4.444588311771931e-8,0.07427838338435623]}},{"t":1.5333333333333348,"j":false,"c":{"p":[-347.68236707367384,386.994384765625,543.0493842724115],"r":[0.07091190067431938,4.881959680422877e-10,-0.9974792228243965,1.0373919195798635e-9,1,4.717525287418939e-10,0.9974792228243965,-1.137766034170055e-9,0.07091190067431938]}},{"t":1.5666666666666682,"j":false,"c":{"p":[-346.8686074720472,386.994384765625,543.0120728230029],"r":[0.03721444438477891,-2.1404483175946798e-8,-0.998245674818298,3.1438479667710074e-8,1,-2.1162576667221623e-8,0.998245674818298,-3.1322823468451666e-8,0.03721444438477891]}},{"t":1.6000000000000016,"j":false,"c":{"p":[-346.0579134149766,386.994384765625,542.9883654225403],"r":[-0.012316894021086683,-3.649478115820557e-8,-0.999283181875655,5.2603202139656936e-8,1,-3.770805284399979e-8,0.999283181875655,-5.346925051142977e-8,-0.012316894021086683]}},{"t":1.633333333333335,"j":false,"c":{"p":[-345.2697015757581,386.994384765625,543.0090803576247],"r":[-0.04775774196070798,-1.3951759744696796e-8,-0.9985011205935491,1.966096882149619e-8,1,-1.3428829316522649e-8,0.9985011205935491,-1.9293027958510574e-8,-0.04775774196070798]}},{"t":1.6666666666666685,"j":false,"c":{"p":[-344.49183149915336,386.994384765625,543.050229453253],"r":[-0.07671700038493676,2.5902492176321833e-8,-0.9968820625369265,-3.817032554099913e-8,1,2.962965148422376e-8,0.9968820625369265,4.0791469112917914e-8,-0.07671700038493676]}},{"t":1.700000000000002,"j":false,"c":{"p":[-343.6697458782327,386.994384765625,543.1290539400451],"r":[-0.09933391956657016,2.4959961288723297e-8,-0.9948473450263278,-3.6314917836482683e-8,1,2.827130733722389e-8,0.9948473450263278,3.8674757301785636e-8,-0.09933391956657016]}},{"t":1.7333333333333354,"j":false,"c":{"p":[-342.8336706664932,386.994384765625,543.2197987438764],"r":[-0.11994415236200279,1.1109519686884769e-8,-0.9926811148142345,-1.5574917571748505e-8,1,1.2859688123778417e-8,0.9926811148142345,1.68778747688508e-8,-0.11994415236200279]}},{"t":1.7666666666666688,"j":false,"c":{"p":[-342.01446342831446,386.994384765625,543.3196694553812],"r":[-0.13057079936299754,-1.7377629253133182e-8,-0.9914158680822284,2.879963663304875e-8,1,-2.1694407035219395e-8,0.9914158680822284,-3.160297427961392e-8,-0.13057079936299754]}},{"t":1.8000000000000023,"j":false,"c":{"p":[-341.20122967550185,386.994384765625,543.422771940741],"r":[-0.1376619414362562,-5.104810129824181e-8,-0.9904696882265175,8.154393730373924e-8,1,-6.302746112020508e-8,0.9904696882265175,-8.95334636727093e-8,-0.1376619414362562]}},{"t":1.8333333333333357,"j":false,"c":{"p":[-340.4531545951401,386.994384765625,543.5474135651556],"r":[-0.1685915701510141,-2.985094317122251e-8,-0.9849748696920864,5.0060416925533334e-8,1,-3.657549799407982e-8,0.9849748696920864,-5.420194397785293e-8,-0.1685915701510141]}},{"t":1.8666666666666691,"j":false,"c":{"p":[-339.7227456254869,386.994384765625,543.6778949772885],"r":[-0.205984395985843,6.222172253198268e-9,-0.9782468038944935,-4.259327019205407e-9,1,8.25464217874337e-9,0.9782468038944935,6.415188751681246e-9,-0.205984395985843]}},{"t":1.9000000000000026,"j":false,"c":{"p":[-338.930013070804,386.994384765625,543.8565319764897],"r":[-0.23004374641498063,1.8926241587304033e-8,-0.9729688190682281,-2.6349286568106296e-8,1,2.597236508587814e-8,0.9729688190682281,3.1737721244007286e-8,-0.23004374641498063]}},{"t":1.933333333333336,"j":false,"c":{"p":[-338.11823566912653,386.994384765625,544.0498843645316],"r":[-0.25002865217142217,2.448919561189109e-8,-0.968133950122019,-3.859046555993557e-8,1,3.540507296647714e-8,0.968133950122019,4.6274926465241785e-8,-0.25002865217142217]}},{"t":1.9666666666666694,"j":false,"c":{"p":[-337.3338512030115,386.994384765625,544.2686410525347],"r":[-0.2824501881047745,2.3290011983986653e-10,-0.9585673227052329,-5.355265182165605e-9,1,-5.187530043333381e-10,0.9585673227052329,3.7194459147768504e-9,-0.2824501881047745]}},{"t":2.0000000000000027,"j":false,"c":{"p":[-336.559653059956,386.994384765625,544.4968445705761],"r":[-0.31949640299834536,-3.511196630239247e-8,-0.9472411459947532,4.479075845446137e-8,1,-5.330883654067675e-8,0.9472411459947532,-6.006649167387724e-8,-0.31949640299834536]}},{"t":2.033333333333336,"j":false,"c":{"p":[-335.79964718285834,386.994384765625,544.7712965214424],"r":[-0.35345264117141306,-2.6836063198059133e-8,-0.9348400765657695,3.6907488767234606e-8,1,-4.1344744826207294e-8,0.9348400765657695,-4.8413929000171186e-8,-0.35345264117141306]}},{"t":2.066666666666669,"j":false,"c":{"p":[-335.044446426639,386.994384765625,545.0614069521329],"r":[-0.3863626960431318,-3.791336636940671e-9,-0.922075077271108,9.377055636454766e-9,1,-7.4566248850796e-9,0.922075077271108,-1.1219912007533209e-8,-0.3863626960431318]}},{"t":2.1000000000000023,"j":false,"c":{"p":[-334.3588719928116,386.994384765625,545.3786358935556],"r":[-0.4433653961094719,1.905946945087797e-8,-0.8935167426594981,-2.0958815742896046e-8,1,3.5541551312579127e-8,0.8935167426594981,3.631943069422911e-8,-0.4433653961094719]}},{"t":2.1333333333333355,"j":false,"c":{"p":[-333.69413654672013,386.994384765625,545.7039813388112],"r":[-0.5075789658654555,4.185223561606366e-8,-0.8602315014747244,-5.213434791787022e-8,1,8.126634503191341e-8,0.8602315014747244,8.695510403892425e-8,-0.5075789658654555]}},{"t":2.1666666666666687,"j":false,"c":{"p":[-332.9899162731164,386.994384765625,546.1404607030274],"r":[-0.5437571677469585,2.1798954889628514e-8,-0.8386901908021487,-2.748875288933701e-8,1,4.121421927762048e-8,0.8386901908021487,4.4477250083667256e-8,-0.5437571677469585]}},{"t":2.200000000000002,"j":false,"c":{"p":[-332.2721449662365,386.994384765625,546.6150807792295],"r":[-0.5703137446419898,-1.2958916024089541e-8,-0.8211793496337171,1.6314427467804184e-8,1,-2.8276198685467168e-8,0.8211793496337171,-2.995679024513222e-8,-0.5703137446419898]}},{"t":2.233333333333335,"j":false,"c":{"p":[-331.6133875830561,386.994384765625,547.0722704750027],"r":[-0.5764319896697998,-1.893799598638926e-8,-0.8171451091766357,2.4045321680686755e-8,1,-4.01378972427045e-8,0.8171451091766357,-4.278528668713785e-8,-0.5764319896697998]}},{"t":2.2666666666666684,"j":false,"c":{"p":[-330.97229610566455,386.994384765625,547.5242423604826],"r":[-0.5764319896697998,-1.630210209520698e-8,-0.8171451091766357,2.0977923411695844e-8,1,-3.474835297569863e-8,0.8171451091766357,-3.717207198463447e-8,-0.5764319896697998]}},{"t":2.3000000000000016,"j":false,"c":{"p":[-330.3131367124563,386.994384765625,547.9889521940813],"r":[-0.5764319896697998,5.575417327158074e-9,-0.8171451091766357,-6.685418968238638e-9,1,1.1539083929983273e-8,0.8171451091766357,1.2114455405689125e-8,-0.5764319896697998]}},{"t":2.333333333333335,"j":false,"c":{"p":[-329.6472926773852,386.994384765625,548.4583747251546],"r":[-0.5764319896697998,3.4571819571479185e-8,-0.8171451091766357,-4.344859772828712e-8,1,7.29576387803442e-8,0.8171451091766357,7.75589313522503e-8,-0.5764319896697998]}},{"t":2.366666666666668,"j":false,"c":{"p":[-328.9853277985938,386.994384765625,548.9250624365654],"r":[-0.5764319896697998,2.3440757561755162e-8,-0.8171451091766357,-2.958816122132686e-8,1,4.9558294312231254e-8,0.8171451091766357,5.274481134403838e-8,-0.5764319896697998]}},{"t":2.4000000000000012,"j":false,"c":{"p":[-328.32454732606936,386.994384765625,549.3909151371353],"r":[-0.5764319896697998,5.774777921822061e-11,-0.8171451091766357,-2.710318519502609e-10,1,2.61861852945533e-10,0.8171451091766357,3.724186105862602e-10,-0.5764319896697998]}},{"t":2.4333333333333345,"j":false,"c":{"p":[-327.7020783169662,386.994384765625,549.8297581129332],"r":[-0.5764319896697998,-1.5911328422990673e-8,-0.8171451091766357,1.981107309393129e-8,1,-3.3447014865158386e-8,0.8171451091766357,-3.5468451092873045e-8,-0.5764319896697998]}},{"t":2.4666666666666677,"j":false,"c":{"p":[-327.08996621736657,386.994384765625,550.261299428857],"r":[-0.5764319896697998,-2.9876162753460994e-8,-0.8171451091766357,3.739663252378488e-8,1,-6.294203782317061e-8,0.8171451091766357,-6.684028013103197e-8,-0.5764319896697998]}},{"t":2.500000000000001,"j":false,"c":{"p":[-326.45038158861917,386.994384765625,550.7169431398175],"r":[-0.5786515088075546,-1.1114734504562037e-8,-0.8155677833360034,1.4576295531812156e-8,1,-2.371898729078947e-8,0.8155677833360034,-2.552037620905456e-8,-0.5786515088075546]}},{"t":2.533333333333334,"j":false,"c":{"p":[-325.80324903839494,386.994384765625,551.1792088470334],"r":[-0.5814808282326425,1.6638048666568934e-8,-0.8135570961719771,-1.9345332198706814e-8,1,3.43839639582001e-8,0.8135570961719771,3.577116881833663e-8,-0.5814808282326425]}},{"t":2.5666666666666673,"j":false,"c":{"p":[-325.1145427660555,386.994384765625,551.6667357989874],"r":[-0.5640668311697217,2.0707749653862586e-8,-0.8252797528352608,-2.2177025510083825e-8,1,4.05783731031448e-8,0.8252797528352608,4.1296306668259536e-8,-0.5640668311697217]}},{"t":2.6000000000000005,"j":false,"c":{"p":[-324.41360402945054,386.994384765625,552.1616955055239],"r":[-0.5406965320737973,1.780904748236855e-8,-0.8410432465722026,-1.5860956907232325e-8,1,3.149944721686e-8,0.8410432465722026,3.041298868826875e-8,-0.5406965320737973]}},{"t":2.6333333333333337,"j":false,"c":{"p":[-323.7241127322912,386.994384765625,552.5704571466196],"r":[-0.5075500129288657,-5.767456404369272e-9,-0.8606535281407106,1.797844230200468e-8,1,-1.4327032691437895e-8,0.8606535281407106,-2.1631591167753714e-8,-0.5075500129288657]}},{"t":2.666666666666667,"j":false,"c":{"p":[-323.03763463631503,386.994384765625,552.9565296864531],"r":[-0.47183019187141406,-3.478678240781602e-8,-0.8812763632763851,5.9062547433703926e-8,1,-6.982622358325007e-8,0.8812763632763851,-8.451066056844353e-8,-0.47183019187141406]}},{"t":2.7,"j":false,"c":{"p":[-322.33920400949495,386.994384765625,553.314697191774],"r":[-0.4374141096296995,-2.4349076461569984e-8,-0.898493199560253,3.490865994612874e-8,1,-4.6576792913284225e-8,0.898493199560253,-5.262445041929951e-8,-0.4374141096296995]}},{"t":2.7333333333333334,"j":false,"c":{"p":[-321.6370213793496,386.994384765625,553.6641050642065],"r":[-0.4034072823345477,-1.5254652195884623e-9,-0.9146408631990609,-9.724000483528204e-9,1,1.3925145603267755e-9,0.9146408631990609,9.009404695250448e-9,-0.4034072823345477]}},{"t":2.7666666666666666,"j":false,"c":{"p":[-320.8907512720209,386.994384765625,553.9813890496257],"r":[-0.37225558961130295,1.2968873609712038e-8,-0.9276341122884258,-3.341388790696009e-8,1,2.6755634579125195e-8,0.9276341122884258,4.067622066310966e-8,-0.37225558961130295]}},{"t":2.8,"j":false,"c":{"p":[-320.12747851134105,386.994384765625,554.2862842264745],"r":[-0.3422050001150544,2.425096849703674e-8,-0.9394108386702968,-4.9027043968478596e-8,1,4.340051546429476e-8,0.9394108386702968,6.078603198655905e-8,-0.3422050001150544]}},{"t":2.833333333333333,"j":false,"c":{"p":[-319.36614834933795,386.994384765625,554.5325481541704],"r":[-0.3046364322903793,8.166485502758127e-9,-0.9515963186771527,-5.14425966995835e-9,1,1.3221240106945374e-8,0.9515963186771527,9.869814208775763e-9,-0.3046364322903793]}},{"t":2.8666666666666663,"j":false,"c":{"p":[-318.6053812315021,386.994384765625,554.7618183593582],"r":[-0.264888848337266,-1.5849945680130973e-8,-0.9639002721222774,5.598286984447306e-8,1,-3.052958164169518e-8,0.9639002721222774,-6.163263781835576e-8,-0.264888848337266]}},{"t":2.8999999999999995,"j":false,"c":{"p":[-317.86715791615165,386.994384765625,554.9637526537208],"r":[-0.25544634461402893,-1.665094014833065e-8,-0.9668232202529907,4.947307915162139e-8,1,-3.0293704776525254e-8,0.9668232202529907,-5.557013618063797e-8,-0.25544634461402893]}},{"t":2.9333333333333327,"j":false,"c":{"p":[-317.1359588336127,386.994384765625,555.1571695827511],"r":[-0.25544634461402893,-1.0218432974158214e-8,-0.9668232202529907,2.1888872352920477e-8,1,-1.635238439220755e-8,0.9668232202529907,-2.533982643228515e-8,-0.25544634461402893]}},{"t":2.966666666666666,"j":false,"c":{"p":[-316.3424364764782,386.994384765625,555.353810713487],"r":[-0.23464086688687585,3.929457892441014e-9,-0.9717031030588994,-2.3531318702278235e-8,1,8.193786908364914e-9,0.9717031030588994,2.437715365564511e-8,-0.23464086688687585]}},{"t":2.999999999999999,"j":false,"c":{"p":[-315.5312462436919,386.994384765625,555.5513658654322],"r":[-0.20793729417436868,2.0264564379039948e-8,-0.9779663721385624,-7.400779016024851e-8,1,3.57463019627248e-8,0.9779663721385624,7.96183631853781e-8,-0.20793729417436868]}},{"t":3.0333333333333323,"j":true,"c":{"p":[-314.7824274444842,386.994384765625,555.711493062925],"r":[-0.19636069157729089,1.3004187072199836e-8,-0.9805263866242148,-4.391715204985381e-8,1,2.215974315949349e-8,0.9805263866242148,4.7438711934821046e-8,-0.19636069157729089]}},{"t":3.0666666666666655,"j":true,"c":{"p":[-313.97850678094414,388.2104779198218,555.8696978050209],"r":[-0.18092098526767886,-4.122870615071431e-9,-0.9834962791917247,2.028487978027718e-8,1,-7.907247947470387e-9,0.9834962791917247,-2.1376625564668853e-8,-0.18092098526767886]}},{"t":3.0999999999999988,"j":false,"c":{"p":[-313.17956637619864,389.65986539995265,556.000418295568],"r":[-0.155154381211155,-2.0519592993277404e-8,-0.9876021580373129,7.812280675777233e-8,1,-3.1782390517821176e-8,0.9876021580373129,-8.17987281826765e-8,-0.155154381211155]}},{"t":3.133333333333332,"j":false,"c":{"p":[-312.4373679534085,390.93968965030035,556.115557241667],"r":[-0.13090311562262655,-3.5182279209720074e-8,-0.9912746332777449,1.2963781766868943e-7,1,-5.208080262756311e-8,0.9912746332777449,-1.3520382415236878e-7,-0.13090311562262655]}},{"t":3.166666666666665,"j":false,"c":{"p":[-311.6141037224156,391.99378434771023,556.2243057240951],"r":[-0.12541586793446702,-2.148351035209332e-8,-0.9921042663113552,8.626361763726074e-8,1,-3.256427696565391e-8,0.9921042663113552,-8.966800410050882e-8,-0.12541586793446702]}},{"t":3.1999999999999984,"j":false,"c":{"p":[-310.767428462185,392.98269051149776,556.3312087018008],"r":[-0.125347488958298,4.057751818353569e-10,-0.9921129137346624,1.548632201025401e-8,1,-1.5495784866953262e-9,0.9921129137346624,-1.555899481958031e-8,-0.125347488958298]}},{"t":3.2333333333333316,"j":false,"c":{"p":[-309.9645797018785,393.56875914303464,556.4259354437886],"r":[-0.11723172580819743,2.1912014347423946e-8,-0.9930522292019441,-5.167373801899326e-8,1,2.7470785915680536e-8,0.9930522292019441,5.432842862278102e-8,-0.11723172580819743]}},{"t":3.266666666666665,"j":false,"c":{"p":[-309.17381181785646,394.0437846751161,556.5173057781788],"r":[-0.10689768255845279,4.331266589376077e-8,-0.9942480854726352,-1.1783669867174663e-7,1,5.594140750741037e-8,0.9942480854726352,1.2305216214401637e-7,-0.10689768255845279]}},{"t":3.299999999999998,"j":false,"c":{"p":[-308.39301003233516,394.1824775432781,556.5951987196412],"r":[-0.09171451584525898,3.498338163537749e-8,-0.995647906746086,-9.604850459875231e-8,1,4.479698285833803e-8,0.995647906746086,1.0004243105632108e-7,-0.09171451584525898]}},{"t":3.3333333333333313,"j":false,"c":{"p":[-307.61511977294043,394.2229131708405,556.6691543348143],"r":[-0.07511471155279287,1.7968704107926462e-8,-0.9971073149716827,-4.856599445728992e-8,1,2.2079298911509556e-8,0.9971073149716827,5.023340846338905e-8,-0.07511471155279287]}},{"t":3.3666666666666645,"j":false,"c":{"p":[-306.84160294769237,393.96672134248286,556.7128214579093],"r":[-0.0520197051130046,-1.0866363098841267e-9,-0.9983571273427095,1.098833286448825e-8,1,-1.9071955285602036e-10,0.9983571273427095,-1.054822876905118e-8,-0.0520197051130046]}},{"t":3.3999999999999977,"j":false,"c":{"p":[-306.06973377722176,393.5987775982472,556.7450776446557],"r":[-0.026477685527628143,-2.0910779423155492e-8,-0.9995279762265715,7.50906164563494e-8,1,-2.2292083786673223e-8,0.9995279762265715,-7.546370689748568e-8,-0.026477685527628143]}},{"t":3.433333333333331,"j":false,"c":{"p":[-305.24240005312305,392.8441150824379,556.7657655142347],"r":[-0.020968021123537548,-2.4062781988793647e-8,-0.9997801319341136,8.451226150375368e-8,1,-2.584063503545863e-8,0.9997801319341136,-8.50355372995896e-8,-0.020968021123537548]}},{"t":3.466666666666664,"j":false,"c":{"p":[-304.39987139492587,391.983508033331,556.7832841558024],"r":[-0.020946371981540153,-2.2647325513836816e-8,-0.9997806046953822,7.895373192080188e-8,1,-2.4306502800689717e-8,0.9997806046953822,-7.944555668978852e-8,-0.020946371981540153]}},{"t":3.4999999999999973,"j":false,"c":{"p":[-303.6249345105886,390.8761896663231,556.7993765650513],"r":[-0.02094131941696673,-8.146270468952971e-9,-0.9997807145118713,2.775289427680255e-8,1,-8.729369269120857e-9,0.9997807145118713,-2.7929614208002614e-8,-0.02094131941696673]}},{"t":3.5333333333333306,"j":false,"c":{"p":[-302.8704489227661,389.69422366058944,556.8150374380587],"r":[-0.020941288491960433,1.0314104492300428e-8,-0.9997807145118713,-3.725797264247111e-8,1,1.1096766279658259e-8,0.9997807145118713,3.748218290714092e-8,-0.020941288491960433]}},{"t":3.5666666666666638,"j":true,"c":{"p":[-302.1762721815315,388.63621020532105,556.8275897427253],"r":[-0.01396291670318485,2.3734061775018417e-8,-0.9999024868011475,-8.336076044437214e-8,1,2.4900448354533963e-8,0.9999024868011475,8.370031383308304e-8,-0.01396291670318485]}},{"t":3.599999999999997,"j":true,"c":{"p":[-301.359180472716,388.3892253789112,556.8391126689421],"r":[-0.013962729309790868,1.9246521738052904e-8,-0.9999024868011475,-6.781327567336834e-8,1,2.0195350034460174e-8,0.9999024868011475,6.808864561781101e-8,-0.013962729309790868]}},{"t":3.63333333333333,"j":false,"c":{"p":[-300.53778320501135,389.9905073391244,556.8506541732474],"r":[-0.013962695194007507,-1.2343938676905216e-9,-0.9999025464057922,3.986687056068093e-9,1,-1.2901831358314003e-9,0.9999025464057922,-4.004311579634073e-9,-0.013962695194007507]}},{"t":3.6666666666666634,"j":false,"c":{"p":[-299.6512584303128,391.6226845574553,556.8631063777614],"r":[-0.013962662149561935,-2.360084307380294e-8,-0.9999025464057922,8.240435877326298e-8,1,-2.4753840086341086e-8,0.9999025464057922,-8.274195177857123e-8,-0.013962662149561935]}},{"t":3.6999999999999966,"j":false,"c":{"p":[-298.8635376347636,392.77626484793024,556.8735070038131],"r":[-0.011276334758798853,-2.6830659334283734e-8,-0.9999307020517327,9.270636835925387e-8,1,-2.791259989248441e-8,0.9999307020517327,-9.30243310324492e-8,-0.011276334758798853]}},{"t":3.73333333333333,"j":false,"c":{"p":[-298.1061031544963,393.7831411536589,556.88327876094],"r":[-0.0077665794229970645,-2.4194536754896628e-8,-0.9999674882283184,8.212893121948424e-8,1,-2.4847313643239998e-8,0.9999674882283184,-8.232316657141368e-8,-0.0077665794229970645]}},{"t":3.766666666666663,"j":false,"c":{"p":[-297.3167425417878,394.5015811878648,556.8728418913897],"r":[0.017555074406534442,-7.44232528028343e-9,-0.9993771260816814,2.7914516256681827e-8,1,-8.923849308342667e-9,0.9993771260816814,-2.8370630476516527e-8,0.017555074406534442]}},{"t":3.7999999999999963,"j":false,"c":{"p":[-296.5186575012186,395.1412004802245,556.8568826271072],"r":[0.04883724773409757,1.316737815543211e-8,-0.9986153836304,-3.82245396182416e-8,1,1.0513358738993502e-8,0.9986153836304,3.740117224546281e-8,0.04883724773409757]}},{"t":3.8333333333333295,"j":false,"c":{"p":[-295.7195556412729,395.44124838240725,556.8186737947924],"r":[0.05573237978008842,2.751739338046528e-8,-0.9984457261085027,-7.860644364023332e-8,1,2.3170257095423017e-8,0.9984457261085027,7.719207310089717e-8,0.05573237978008842]}},{"t":3.8666666666666627,"j":false,"c":{"p":[-294.92016928238115,395.64628658586076,556.7742396890395],"r":[0.05580418833038516,4.011599164800378e-8,-0.9984417298065731,-1.1178167681638231e-7,1,3.393007224738013e-8,0.9984417298065731,1.0971369942243078e-7,0.05580418833038516]}},{"t":3.899999999999996,"j":false,"c":{"p":[-294.09531027473594,395.4913328396469,556.7283648010946],"r":[0.0558198371043352,2.366313036234529e-8,-0.9984408617019653,-6.437818999520981e-8,1,2.010089425518093e-8,0.9984408617019653,6.315578704103785e-8,0.0558198371043352]}},{"t":3.933333333333329,"j":false,"c":{"p":[-293.26338236398755,395.2364778921574,556.6820900823427],"r":[0.05581990100444129,-8.517881744633813e-10,-0.9984408617019653,5.386660552051822e-9,1,-5.519639763304574e-10,0.9984408617019653,-5.347451951230331e-9,0.05581990100444129]}},{"t":3.9666666666666623,"j":false,"c":{"p":[-292.48743467765803,394.6922539559809,556.6389291780298],"r":[0.05582049990931919,-2.366061758244386e-8,-0.9984408170063988,7.02963628478132e-8,1,-1.976741552297946e-8,0.9984408170063988,-6.908331497865187e-8,0.05582049990931919]}},{"t":3.9999999999999956,"j":false,"c":{"p":[-291.7309192842056,394.04758199559467,556.5968491653133],"r":[0.055821284529233496,-4.5877216002252384e-8,-0.9984407567957578,1.3352070814895945e-7,1,-3.84839032306374e-8,0.9984407567957578,-1.311642892133715e-7,0.055821284529233496]}},{"t":4.033333333333329,"j":false,"c":{"p":[-290.934698175906,393.0542036891537,556.5646348560131],"r":[0.03592311545005489,-3.2393064429659764e-8,-0.999070703554139,1.0193885523905444e-7,1,-2.7443474149967718e-8,0.999070703554139,-1.0037523089065496e-7,0.03592311545005489]}},{"t":4.066666666666662,"j":false,"c":{"p":[-290.12610624871616,391.9521814993442,556.5354943316997],"r":[0.009825175046662075,-7.785891546357787e-9,-0.9998969369715909,4.0818929226670805e-8,1,-7.131900355306778e-9,0.9998969369715909,-4.065133642352951e-8,0.009825175046662075]}},{"t":4.099999999999995,"j":false,"c":{"p":[-289.2927648804316,391.68140542103674,556.5435047259341],"r":[-0.015979151799848514,1.8960579369583118e-8,-0.9995688494530216,-2.9403594015125467e-8,1,2.112540987731868e-8,0.9995688494530216,3.038341868729293e-8,-0.015979151799848514]}},{"t":4.133333333333328,"j":false,"c":{"p":[-288.45694005723817,391.4940398015035,556.5552429874234],"r":[-0.041754016323296166,4.592171574727857e-8,-0.9991249328947565,-1.005395071668854e-7,1,5.018002612126765e-8,0.9991249328947565,1.0255314942370665e-7,-0.041754016323296166]}},{"t":4.166666666666662,"j":false,"c":{"p":[-287.6885021649755,391.22038533261184,556.5953633471522],"r":[-0.04899451586205164,1.789376965057148e-8,-0.9987746447186793,-4.4773102362969645e-8,1,1.971827043908861e-8,0.9987746447186793,4.5494124298379085e-8,-0.04899451586205164]}},{"t":4.199999999999995,"j":false,"c":{"p":[-286.9170628741211,390.9620312170611,556.6359194722024],"r":[-0.0558230941169015,-9.736611439096574e-9,-0.998440685582951,1.0417973294726213e-8,1,-1.0334286520123768e-8,0.998440685582951,-1.0978618609147593e-8,-0.0558230941169015]}},{"t":4.233333333333328,"j":false,"c":{"p":[-286.07587756444076,391.0338315669663,556.6828343009174],"r":[-0.055822087086157796,-2.3581329253580416e-8,-0.9984407449291458,4.098759943538488e-8,1,-2.590971051625829e-8,0.9984407449291458,-4.2370007583522096e-8,-0.055822087086157796]}},{"t":4.266666666666661,"j":true,"c":{"p":[-285.2402557242634,391.10298909019735,556.7294352911092],"r":[-0.055821117013692856,-3.573421128029369e-8,-0.9984408020973206,6.831347678286221e-8,1,-3.9609304589753583e-8,0.9984408020973206,-7.04179951486354e-8,-0.055821117013692856]}},{"t":4.2999999999999945,"j":true,"c":{"p":[-284.59506531866316,391.69477226494496,556.7653262013305],"r":[-0.05582112367669004,-5.568493859581847e-9,-0.9984408020973206,1.4241480155859913e-8,1,-6.373406580874248e-9,0.9984408020973206,-1.457504550920779e-8,-0.05582112367669004]}},{"t":4.333333333333328,"j":false,"c":{"p":[-283.7532898526068,393.37480758720505,556.8121586998169],"r":[-0.056004805498158575,3.3165741862068e-8,-0.9984286234372646,-5.5249748706607505e-8,1,3.6322819172904557e-8,0.9984286234372646,5.719987912808277e-8,-0.056004805498158575]}},{"t":4.366666666666661,"j":false,"c":{"p":[-282.95848794815674,394.63610583007227,556.8569165988488],"r":[-0.06608241138100687,3.9754860510802077e-8,-0.9977625522077934,-7.035856832915376e-8,1,4.4663637917301784e-8,0.9977625522077934,7.322735076578163e-8,-0.06608241138100687]}},{"t":4.399999999999994,"j":false,"c":{"p":[-282.1633551700343,395.8941052847657,556.9021388438779],"r":[-0.07644393044541754,4.6080798477245047e-8,-0.9970571594953498,-8.492239857588689e-8,1,5.268720262296381e-8,0.9970571594953498,8.868241215315273e-8,-0.07644393044541754]}},{"t":4.433333333333327,"j":false,"c":{"p":[-281.3283485965064,396.75456569135673,557.0033197185702],"r":[-0.12102000649181209,2.0690666054655905e-8,-0.9916131100133249,-3.3809214635674726e-8,1,2.2478282572773097e-8,0.9916131100133249,3.5155952432083794e-8,-0.12102000649181209]}},{"t":4.466666666666661,"j":false,"c":{"p":[-280.4933420229785,397.61502609794775,557.1045005932625],"r":[-0.16559608253820662,-4.699466367933236e-9,-0.9861690605313,1.7303969304537435e-8,1,-7.730637477417625e-9,0.9861690605313,-1.837050728898514e-8,-0.16559608253820662]}},{"t":4.499999999999994,"j":false,"c":{"p":[-279.69088962338975,397.99541648580936,557.2394711226143],"r":[-0.16645096517791266,-2.0975479776195163e-8,-0.9860496733126729,6.567277290749736e-8,1,-3.237489838281135e-8,0.9860496733126729,-7.01506073456614e-8,-0.16645096517791266]}},{"t":4.533333333333327,"j":false,"c":{"p":[-278.88904630504567,398.3606957600739,557.3749059810946],"r":[-0.16684138344271812,-3.663483612088148e-8,-0.9859834769096395,1.1248562235968215e-7,1,-5.618586942168977e-8,0.9859834769096395,-1.2028199513321187e-7,-0.16684138344271812]}},{"t":4.56666666666666,"j":false,"c":{"p":[-278.0971966836512,398.2927791323338,557.5128855859842],"r":[-0.17029715421212208,-2.8691573917326672e-8,-0.9853865833671329,8.8291150788258e-8,1,-4.4284653263667415e-8,0.9853865833671329,-9.45160504355231e-8,-0.17029715421212208]}},{"t":4.599999999999993,"j":false,"c":{"p":[-277.3056712537402,398.2117371023626,557.6508653798204],"r":[-0.17364781407212956,-2.0227063138662923e-8,-0.9848078444352809,6.243739244406826e-8,1,-3.154846537078245e-8,0.9848078444352809,-6.696715410701689e-8,-0.17364781407212956]}},{"t":4.633333333333327,"j":false,"c":{"p":[-276.52447787312553,397.71238580212616,557.7888511954233],"r":[-0.17364856761822886,4.849746999782358e-9,-0.9848076966811439,-1.6298176823339683e-8,1,7.798443546317557e-9,0.9848076966811439,1.7404777620597338e-8,-0.17364856761822886]}},{"t":4.66666666666666,"j":false,"c":{"p":[-275.74378482895395,397.2080100686038,557.926748634276],"r":[-0.1736492989985048,2.95403075029991e-8,-0.9848075529183299,-9.38141158468167e-8,1,4.6538088888118424e-8,0.9848075529183299,1.0047015727890431e-7,-0.1736492989985048]}},{"t":4.699999999999993,"j":false,"c":{"p":[-274.99992578643906,396.3337432617096,558.0581399123155],"r":[-0.17364839856485595,2.5795762187569502e-8,-0.9848077029906046,-8.154274665632709e-8,1,4.057192107562695e-8,0.9848077029906046,8.734917723659873e-8,-0.17364839856485595]}},{"t":4.733333333333326,"j":false,"c":{"p":[-274.2536587877247,395.4497506555981,558.189952787882],"r":[-0.17364752190747174,2.173176823841791e-8,-0.984807849745446,-6.826102515477712e-8,1,3.4103227551969404e-8,0.984807849745446,7.314593280541101e-8,-0.17364752190747174]}},{"t":4.7666666666666595,"j":false,"c":{"p":[-273.4223549382056,394.22229194442275,558.3366543586866],"r":[-0.1736474849076647,6.386462024747729e-9,-0.9848078793452916,-1.9298763137379698e-8,1,9.887864078402506e-9,0.9848078793452916,2.072257648489558e-8,-0.1736474849076647]}},{"t":4.799999999999993,"j":false,"c":{"p":[-272.591769661298,393.01290116378715,558.4832285926904],"r":[-0.17369461504583955,-8.873847729422581e-9,-0.9847994216763333,2.9403150444839992e-8,1,-1.4199972518506802e-8,0.9847994216763333,-3.142356830392358e-8,-0.17369461504583955]}},{"t":4.833333333333326,"j":false,"c":{"p":[-271.81232609085134,39