{"v":1,"d":[{"t":0.056861747394908554,"c":{"r":[-0.7193398475646973,2.2627199669500442e-8,-0.6946583390235901,6.060529500473422e-8,1,-3.018549321609498e-8,0.6946583390235901,-6.381360151408444e-8,-0.7193398475646973],"p":[257.05877685546875,430.2543640136719,491.64703369140625]},"j":false},{"t":0.012987012987012984,"j":false,"c":{"p":[256.67587399060636,430.2543640136719,491.25052971325425],"r":[-0.7193403225621864,4.944970117806705e-8,-0.694657864026101,1.3241346618155657e-7,1,-6.593248110071887e-8,0.694657864026101,-1.394099919268751e-7,-0.7193403225621864]}},{"t":0.02597402597402597,"j":false,"c":{"p":[256.78921403803554,430.2543640136719,491.3678957186137],"r":[-0.7193401819619379,4.151018473114257e-8,-0.6946580046263494,1.1115809759112652e-7,1,-5.535129805381564e-8,0.6946580046263494,-1.1703330253350203e-7,-0.7193401819619379]}},{"t":0.03896103896103896,"j":false,"c":{"p":[256.90255408546466,430.2543640136719,491.48526172397317],"r":[-0.7193400413616894,3.35706682842181e-8,-0.694658145226598,8.990272900069649e-8,1,-4.4770115006912414e-8,0.694658145226598,-9.4656613140129e-8,-0.7193400413616894]}},{"t":0.051948051948051945,"j":false,"c":{"p":[257.01589413289383,430.2543640136719,491.60262772933265],"r":[-0.7193399007614409,2.563115183729363e-8,-0.6946582858268464,6.864736041026646e-8,1,-3.4188931960009186e-8,0.6946582858268464,-7.227992374675595e-8,-0.7193399007614409]}},{"t":0.06493506493506493,"j":false,"c":{"p":[257.12923418032295,430.2543640136719,491.71999373469214],"r":[-0.7193397601611924,1.769163539036916e-8,-0.694658426427095,4.7391991819836426e-8,1,-2.3607748913105962e-8,0.694658426427095,-4.9903234353382915e-8,-0.7193397601611924]}},{"t":0.07792207792207792,"j":false,"c":{"p":[257.24257422775213,430.2543640136719,491.8373597400516],"r":[-0.7193396195609439,9.752118943444687e-9,-0.6946585670273434,2.6136623229406387e-8,1,-1.3026565866202734e-8,0.6946585670273434,-2.752654496000987e-8,-0.7193396195609439]}},{"t":0.09090909090909091,"j":false,"c":{"p":[257.35591427518125,430.2543640136719,491.95472574541105],"r":[-0.7193394789606954,1.8126024965202117e-9,-0.694658707627592,4.881254638976348e-9,1,-2.4453828192995028e-9,0.694658707627592,-5.149855566636818e-9,-0.7193394789606954]}},{"t":0.1038961038961039,"j":false,"c":{"p":[257.4692543226104,430.2543640136719,492.07209175077054],"r":[-0.719339338360447,-6.126913950404264e-9,-0.6946588482278404,-1.6374113951453698e-8,1,8.135800227603732e-9,0.6946588482278404,1.722683382673624e-8,-0.719339338360447]}},{"t":0.1168831168831169,"j":false,"c":{"p":[257.5882162323761,430.2543640136719,492.1952798800404],"r":[-0.7193391378961431,-1.7727167054694506e-8,-0.6946590481842184,-4.7430101859918586e-8,1,2.3595978991365933e-8,0.6946590481842184,4.992126279356234e-8,-0.7193391378961431]}},{"t":0.12987012987012989,"j":false,"c":{"p":[257.8316833158068,430.2543640136719,492.44740829727255],"r":[-0.7193392672204745,-1.691214771722805e-8,-0.6946589071031297,-4.525361891177219e-8,1,2.251544514736422e-8,0.6946589071031297,4.763207634036755e-8,-0.7193392672204745]}},{"t":0.14285714285714288,"j":false,"c":{"p":[258.07515039923743,430.2543640136719,492.69953671450475],"r":[-0.7193393965448057,-1.6097128379761593e-8,-0.694658766022041,-4.307713596362579e-8,1,2.143491130336251e-8,0.694658766022041,4.5342889887172746e-8,-0.7193393965448057]}},{"t":0.15584415584415587,"j":false,"c":{"p":[258.3186174826681,430.2543640136719,492.9516651317369],"r":[-0.7193395258691371,-1.5282109042295134e-8,-0.6946586249409523,-4.09006530154794e-8,1,2.03543774593608e-8,0.6946586249409523,4.305370343397795e-8,-0.7193395258691371]}},{"t":0.16883116883116886,"j":false,"c":{"p":[258.56208456609875,430.2543640136719,493.2037935489691],"r":[-0.7193396551934684,-1.4467089704828677e-8,-0.6946584838598636,-3.8724170067332996e-8,1,1.9273843615359087e-8,0.6946584838598636,4.0764516980783155e-8,-0.7193396551934684]}},{"t":0.18181818181818185,"j":false,"c":{"p":[258.80006488208943,430.2543640136719,493.4502415436101],"r":[-0.7193397879600525,-9.016740341577288e-9,-0.6946583390235901,-2.4143308059871894e-8,1,1.202101950157849e-8,0.6946583390235901,2.5418550930741216e-8,-0.7193397879600525]}},{"t":0.19480519480519484,"j":false,"c":{"p":[259.03210988079263,430.2543640136719,493.69054473427065],"r":[-0.7193397879600525,5.877029699484287e-10,-0.6946583390235901,1.5589231827352877e-9,1,-7.682803823771461e-10,0.6946583390235901,-1.635570969647257e-9,-0.7193397879600525]}},{"t":0.2077922077922078,"j":false,"c":{"p":[259.2641548794958,430.2543640136719,493.93084792493124],"r":[-0.7193397879600525,1.0192146281474144e-8,-0.6946583390235901,2.7261154425342463e-8,1,-1.3557580266332781e-8,0.6946583390235901,-2.8689692870035724e-8,-0.7193397879600525]}},{"t":0.2207792207792208,"j":false,"c":{"p":[259.496199878199,430.2543640136719,494.1711511155918],"r":[-0.7193397879600525,1.979658959299986e-8,-0.6946583390235901,5.296338566794963e-8,1,-2.634688015028842e-8,0.6946583390235901,-5.5743814770424203e-8,-0.7193397879600525]}},{"t":0.2337662337662338,"j":false,"c":{"p":[259.7282448769022,430.2543640136719,494.4114543062523],"r":[-0.7193397879600525,2.9401032904525557e-8,-0.6946583390235901,7.866561691055676e-8,1,-3.913618003424404e-8,0.6946583390235901,-8.279793667081262e-8,-0.7193397879600525]}},{"t":0.24675324675324675,"j":false,"c":{"p":[259.96964294585234,430.21730807741864,494.66143959955303],"r":[-0.7193398371203453,3.156095566601962e-8,-0.6946582898632973,8.444941596760177e-8,1,-4.201614661906489e-8,0.6946582898632973,-8.888737629527261e-8,-0.7193398371203453]}},{"t":0.25974025974025977,"j":false,"c":{"p":[260.21522181196343,430.1636882376564,494.91575276660654],"r":[-0.7193399082551563,2.2997698497148368e-8,-0.6946582187284863,6.153880284047833e-8,1,-3.0618803205625954e-8,0.6946582187284863,-6.477376598525389e-8,-0.7193399082551563]}},{"t":0.27272727272727276,"j":false,"c":{"p":[260.4608006780746,430.1100683978941,495.17006593366006],"r":[-0.7193399793899673,1.4434441328277118e-8,-0.6946581475936753,3.862818971335489e-8,1,-1.9221459792187023e-8,0.6946581475936753,-4.066015567523516e-8,-0.7193399793899673]}},{"t":0.28571428571428575,"j":false,"c":{"p":[260.70637954418567,430.0564485581319,495.42437910071357],"r":[-0.7193400505247783,5.871184159405869e-9,-0.6946580764588642,1.5717576586231456e-8,1,-7.82411637874809e-9,0.6946580764588642,-1.6546545365216453e-8,-0.7193400505247783]}},{"t":0.29870129870129875,"j":false,"c":{"p":[260.95267272840283,429.9688454590134,495.67900389814577],"r":[-0.7187181788913147,-6.195835398020939e-9,-0.6952843079052887,-1.6720690754297426e-8,1,8.298513906786326e-9,0.6952843079052887,1.7607881648828855e-8,-0.7187181788913147]}},{"t":0.31168831168831174,"j":false,"c":{"p":[261.20254523400746,429.71095827217493,495.93519022015647],"r":[-0.714979647346896,-9.942101368403404e-9,-0.699049045512461,-2.7666283764621755e-8,1,1.3656848798676719e-8,0.699049045512461,2.9205638275712593e-8,-0.714979647346896]}},{"t":0.32467532467532473,"j":false,"c":{"p":[261.4524177396121,429.4530710853365,496.1913765421671],"r":[-0.7112411158024774,-1.3688367338785866e-8,-0.7028137831196333,-3.861187677494608e-8,1,1.901518369056711e-8,0.7028137831196333,4.080339490259633e-8,-0.7112411158024774]}},{"t":0.3376623376623377,"j":false,"c":{"p":[261.70229024521666,429.1951838984981,496.4475628641778],"r":[-0.7075025842580587,-1.7434633309168332e-8,-0.7065785207268056,-4.955746978527041e-8,1,2.4373518582457503e-8,0.7065785207268056,5.240115152948006e-8,-0.7075025842580587]}},{"t":0.3506493506493507,"j":false,"c":{"p":[261.9521627508213,428.93729671165966,496.7037491861885],"r":[-0.70376405271364,-2.1180899279550794e-8,-0.7103432583339779,-6.050306279559474e-8,1,2.9731853474347894e-8,0.7103432583339779,6.39989081563638e-8,-0.70376405271364]}},{"t":0.3636363636363637,"j":false,"c":{"p":[262.1960852141149,428.7887714304063,496.94220112789026],"r":[-0.695851147390801,-2.1233989604211848e-8,-0.717978157078146,-6.118242834173637e-8,1,3.066035769216456e-8,0.717978157078146,6.503077483034538e-8,-0.695851147390801]}},{"t":0.3766233766233767,"j":false,"c":{"p":[262.4321067517473,428.78546533265313,497.15710398991416],"r":[-0.6869755798416473,-1.1793126368878017e-8,-0.7261396537300508,-3.481912536782881e-8,1,1.9141637882206163e-8,0.7261396537300508,3.782303675953856e-8,-0.6869755798416473]}},{"t":0.3896103896103897,"j":false,"c":{"p":[262.6681282893797,428.78215923489995,497.37200685193807],"r":[-0.6781000122924936,-2.352263133544182e-9,-0.7343011503819558,-8.455822393921244e-9,1,7.62291807224776e-9,0.7343011503819558,1.0615298688731729e-8,-0.6781000122924936]}},{"t":0.4025974025974027,"j":false,"c":{"p":[262.9041498270121,428.77885313714677,497.586909713962],"r":[-0.6692244447433399,7.088600101789653e-9,-0.7424626470338607,1.7907480579986326e-8,1,-3.895801737710643e-9,0.7424626470338607,-1.6592439382075094e-8,-0.6692244447433399]}},{"t":0.4155844155844156,"j":false,"c":{"p":[263.14017136464446,428.7755470393936,497.8018125759859],"r":[-0.6603488771941861,1.652946333712348e-8,-0.7506241436857656,4.427078355389388e-8,1,-1.5414521547669043e-8,0.7506241436857656,-4.3800177452881903e-8,-0.6603488771941861]}},{"t":0.4285714285714286,"j":false,"c":{"p":[263.3949691905206,428.7923677729833,498.0227249858762],"r":[-0.6487747163722416,2.0876312565721564e-8,-0.7608384624469325,5.801929558279903e-8,1,-2.2345075943247354e-8,0.7608384624469325,-5.8541043045003593e-8,-0.6487747163722416]}},{"t":0.4415584415584416,"j":false,"c":{"p":[263.6563509599325,428.8162460207842,498.2457446559083],"r":[-0.6425001906373129,1.6793224058523954e-8,-0.7660292101512542,4.879205798732155e-8,1,-1.9560843043065116e-8,0.7660292101512542,-4.976378220830577e-8,-0.6425001906373129]}},{"t":0.4545454545454546,"j":false,"c":{"p":[263.9177327293444,428.8401242685851,498.46876432594047],"r":[-0.6362256649023842,1.2710135551326345e-8,-0.771219957855576,3.956482039184408e-8,1,-1.6776610142882878e-8,0.771219957855576,-4.098652137160794e-8,-0.6362256649023842]}},{"t":0.4675324675324676,"j":false,"c":{"p":[264.17911449875623,428.864002516386,498.69178399597257],"r":[-0.6299511391674556,8.627047044128752e-9,-0.7764107055598976,3.033758279636664e-8,1,-1.3992377242700648e-8,0.7764107055598976,-3.2209260534910145e-8,-0.6299511391674556]}},{"t":0.4805194805194805,"j":false,"c":{"p":[264.4433371379422,428.88769833140367,498.91344603904554],"r":[-0.6178292197882721,2.149767312696773e-9,-0.7858983583799102,1.4824411439373463e-8,1,-9.437707518921852e-9,0.7858983583799102,-1.7337516472040487e-8,-0.6178292197882721]}},{"t":0.49350649350649345,"j":false,"c":{"p":[264.7302459704484,428.9099373019627,499.1242665476233],"r":[-0.5880111218377019,-4.575819371468578e-9,-0.8057094423347892,-8.240376710363338e-9,1,-3.6128763071273084e-9,0.8057094423347892,5.636651219309291e-9,-0.5880111218377019]}},{"t":0.5064935064935063,"j":false,"c":{"p":[265.01715480295456,428.93217627252176,499.335087056201],"r":[-0.5581930238871318,-1.1301406055633928e-8,-0.8255205262896684,-3.130516486010014e-8,1,2.211954904667235e-9,0.8255205262896684,2.8610818910659063e-8,-0.5581930238871318]}},{"t":0.5194805194805193,"j":false,"c":{"p":[265.30406363546075,428.95441524308086,499.54590756477876],"r":[-0.5283749259365617,-1.8026992739799278e-8,-0.8453316102445476,-5.436995300983693e-8,1,8.036786116461778e-9,0.8453316102445476,5.158498660200884e-8,-0.5283749259365617]}},{"t":0.5324675324675322,"j":false,"c":{"p":[265.59097246796694,428.9766542136399,499.75672807335644],"r":[-0.4985568279859915,-2.475257942396463e-8,-0.8651426941994268,-7.743474115957375e-8,1,1.3861617328256325e-8,0.8651426941994268,7.455915429335863e-8,-0.4985568279859915]}},{"t":0.5454545454545452,"j":false,"c":{"p":[265.8922407663164,428.9816969547115,499.8856715856],"r":[-0.4335892018473343,-2.346767983029959e-8,-0.8947953372877343,-7.634182287122368e-8,1,1.425250857320223e-8,0.8947953372877343,7.39733882681931e-8,-0.4335892018473343]}},{"t":0.5584415584415582,"j":false,"c":{"p":[266.1950348552936,428.98491247977984,500.0059151117156],"r":[-0.3803072870870451,-1.7853439005841e-8,-0.9152483058889073,-6.075390721526496e-8,1,1.1053664564771283e-8,0.9152483058889073,5.900300713054599e-8,-0.3803072870870451]}},{"t":0.5714285714285711,"j":false,"c":{"p":[266.4978289442709,428.98812800484825,500.1261586378311],"r":[-0.32702537232675577,-1.223919818138241e-8,-0.9357012744900802,-4.516599155930624e-8,1,7.854820556340334e-9,0.9357012744900802,4.403262599289887e-8,-0.32702537232675577]}},{"t":0.584415584415584,"j":false,"c":{"p":[266.80062303324814,428.9913435299166,500.2464021639467],"r":[-0.27374345756646656,-6.62495735692382e-9,-0.9561542430912533,-2.957807590334752e-8,1,4.655976547909386e-9,0.9561542430912533,2.9062244855251752e-8,-0.27374345756646656]}},{"t":0.5974025974025969,"j":false,"c":{"p":[267.12424311084465,428.99096231131995,500.3307943425352],"r":[-0.2201317000019929,-4.5997847871776474e-10,-0.9752063528375728,-4.656242423245588e-9,1,1.3062746618541828e-9,0.9752063528375728,4.727087166779912e-9,-0.2201317000019929]}},{"t":0.6103896103896099,"j":false,"c":{"p":[267.46043121446155,428.9884105370394,500.3935510215168],"r":[-0.2069535283716168,1.755954388079511e-9,-0.977815698568113,1.4011104368881736e-8,1,3.049628373877059e-10,0.977815698568113,-1.384313648876332e-8,-0.2069535283716168]}},{"t":0.6233766233766228,"j":false,"c":{"p":[267.79661931807846,428.9858587627588,500.4563077004984],"r":[-0.1937753567412407,3.971887254876787e-9,-0.9804250442986533,3.267845116100906e-8,1,-6.96348987078771e-10,0.9804250442986533,-3.241336014430655e-8,-0.1937753567412407]}},{"t":0.6363636363636358,"j":false,"c":{"p":[268.1328074216953,428.9833069884783,500.5190643794801],"r":[-0.1805971851108646,6.187820121674064e-9,-0.9830343900291935,5.134579795313639e-8,1,-1.6976608115452476e-9,0.9830343900291935,-5.098358379984978e-8,-0.1805971851108646]}},{"t":0.6493506493506487,"j":false,"c":{"p":[268.4689955253122,428.98075521419776,500.5818210584617],"r":[-0.1674190134804885,8.403752988471338e-9,-0.9856437357597337,7.00131447452637e-8,1,-2.6989726360117235e-9,0.9856437357597337,-6.9553807455393e-8,-0.1674190134804885]}},{"t":0.6623376623376617,"j":false,"c":{"p":[268.8141918638817,428.9650673588107,500.63794003356514],"r":[-0.15601157237077715,7.287702849972694e-9,-0.987721505477995,5.923741767965132e-8,1,-2.3464388828834734e-9,0.987721505477995,-5.883709022137735e-8,-0.15601157237077715]}},{"t":0.6753246753246746,"j":false,"c":{"p":[269.1598869783477,428.9486521733014,500.69369148642716],"r":[-0.1519282335960132,4.772089942992526e-9,-0.9883390456031044,3.659549211622548e-8,1,-1.369889421715748e-9,0.9883390456031044,-3.6316075458387516e-8,-0.1519282335960132]}},{"t":0.6883116883116875,"j":false,"c":{"p":[269.5055820928136,428.9322369877922,500.7494429392891],"r":[-0.1478448948212493,2.256477036012359e-9,-0.9889565857282138,1.3953566552799636e-8,1,-3.933399605480221e-10,0.9889565857282138,-1.3795060695397683e-8,-0.1478448948212493]}},{"t":0.7012987012987004,"j":false,"c":{"p":[269.8512772072795,428.91582180228295,500.80519439215107],"r":[-0.14376155604648536,-2.5913587096780794e-10,-0.989574125853323,-8.688359010626184e-9,1,5.83209500619703e-10,0.989574125853323,8.72595406759213e-9,-0.14376155604648536]}},{"t":0.7142857142857134,"j":false,"c":{"p":[270.19391652009466,428.89513905715296,500.8564500958354],"r":[-0.13808485875315663,-3.5690789006848467e-9,-0.9904132607599951,-3.843073341897483e-8,1,1.6990527697025971e-9,0.9904132607599951,3.8304002739063395e-8,-0.13808485875315663]}},{"t":0.7272727272727263,"j":false,"c":{"p":[270.5316419779917,428.86759390037895,500.9004764496694],"r":[-0.13524658905609968,-4.829194102022928e-9,-0.9907919721668241,-4.964476751000785e-8,1,1.7473043272476206e-9,0.9907919721668241,4.944381441158883e-8,-0.13524658905609968]}},{"t":0.7402597402597393,"j":false,"c":{"p":[270.86936743588876,428.84004874360494,500.9445028035033],"r":[-0.13240831935904274,-6.089309303361009e-9,-0.9911706835736531,-6.085880160104086e-8,1,1.7955558847926441e-9,0.9911706835736531,6.058362608411426e-8,-0.13240831935904274]}},{"t":0.7532467532467523,"j":false,"c":{"p":[271.2070928937858,428.8125035868309,500.98852915733727],"r":[-0.1295700496619858,-7.3494245046990905e-9,-0.9915493949804822,-7.207283569207388e-8,1,1.8438074423376677e-9,0.9915493949804822,7.17234377566397e-8,-0.1295700496619858]}},{"t":0.7662337662337652,"j":false,"c":{"p":[271.54481835168286,428.78495843005686,501.03255551117127],"r":[-0.12673177996492885,-8.60953970603717e-9,-0.9919281063873112,-8.328686978310689e-8,1,1.892058999882691e-9,0.9919281063873112,8.286324942916515e-8,-0.12673177996492885]}},{"t":0.7792207792207781,"j":false,"c":{"p":[271.87042049120566,428.769150975894,501.0737079334829],"r":[-0.12533357194924824,-6.236812672823273e-9,-0.9921146631240845,-5.818818996297907e-8,1,1.0645209553406638e-9,0.9921146631240845,5.786277935172104e-8,-0.12533357194924824]}},{"t":0.792207792207791,"j":false,"c":{"p":[272.19596164389884,428.75340256870544,501.1148458983691],"r":[-0.1253335215482523,-3.228282477391812e-9,-0.9921146631240845,-2.7411324094500214e-8,1,2.089312135313716e-10,0.9921146631240845,2.7221363852612574e-8,-0.1253335215482523]}},{"t":0.805194805194804,"j":false,"c":{"p":[272.521502796592,428.73765416151696,501.1559838632553],"r":[-0.1253334711472564,-2.197522819603523e-10,-0.9921146631240845,3.3655417739786397e-9,1,-6.466585282779206e-10,0.9921146631240845,-3.420051646495885e-9,-0.1253334711472564]}},{"t":0.8181818181818169,"j":false,"c":{"p":[272.8470439492852,428.7219057543284,501.19712182814146],"r":[-0.12533342074626047,2.7887779134711075e-9,-0.9921146631240845,3.4142407642457506e-8,1,-1.5022482700872128e-9,0.9921146631240845,-3.406146714560436e-8,-0.12533342074626047]}},{"t":0.8311688311688299,"j":false,"c":{"p":[273.1846365406646,428.7263466523985,501.239762403443],"r":[-0.12434141283656341,4.687772671150884e-9,-0.9922364613114406,5.2946283189926986e-8,1,-1.9335402988838922e-9,0.9922364613114406,-5.277403775154587e-8,-0.12434141283656341]}},{"t":0.8441558441558428,"j":false,"c":{"p":[273.5265163200174,428.7379697092921,501.2829375185177],"r":[-0.12299655753089052,4.262617214498279e-9,-0.9924015880786956,4.77529290385528e-8,1,-1.6651819260525179e-9,0.9924015880786956,-4.75919505870801e-8,-0.12299655753089052]}},{"t":0.8571428571428558,"j":false,"c":{"p":[273.86839609937016,428.7495927661857,501.3261126335924],"r":[-0.12165170222521761,3.837461757845675e-9,-0.9925667148459506,4.2559574887178625e-8,1,-1.3968235532211435e-9,0.9925667148459506,-4.240986342261434e-8,-0.12165170222521761]}},{"t":0.8701298701298686,"j":false,"c":{"p":[274.21027587872294,428.7612158230793,501.36928774866703],"r":[-0.12030684691954471,3.41230630119307e-9,-0.9927318416132057,3.736622073580444e-8,1,-1.1284651803897687e-9,0.9927318416132057,-3.7227776258148566e-8,-0.12030684691954471]}},{"t":0.8831168831168816,"j":false,"c":{"p":[274.55273730371897,428.7729421063091,501.41113134143654],"r":[-0.11661357134160596,2.6558689881274365e-9,-0.9930969309586308,2.7762349749833398e-8,1,-7.870739576436602e-10,0.9930969309586308,-2.764439528575116e-8,-0.11661357134160596]}},{"t":0.8961038961038945,"j":false,"c":{"p":[274.90038838515966,428.7855894128925,501.441094602268],"r":[-0.09884176389912773,1.117019631913992e-9,-0.9944020273540713,5.3547962612951606e-9,1,-1.1659122761445025e-9,0.9944020273540713,-5.282025896385615e-9,-0.09884176389912773]}},{"t":0.9090909090909075,"j":false,"c":{"p":[275.2480394666003,428.79823671947594,501.4710578630994],"r":[-0.0810699564566495,-4.2182972429945195e-10,-0.995707123749512,-1.705275722724307e-8,1,-1.544750594645345e-9,0.995707123749512,1.708034349297993e-8,-0.0810699564566495]}},{"t":0.9220779220779205,"j":false,"c":{"p":[275.595690548041,428.8108840260594,501.50102112393085],"r":[-0.0632981490141711,-1.960679080512909e-9,-0.9970122201449526,-3.946031071578148e-8,1,-1.9235889131461904e-9,0.9970122201449526,3.9442712882345664e-8,-0.0632981490141711]}},{"t":0.9350649350649335,"j":false,"c":{"p":[275.9433416294816,428.82353133264286,501.5309843847623],"r":[-0.04552634157169286,-3.4995284367263528e-9,-0.9983173165403932,-6.186786420431972e-8,1,-2.3024272316470326e-9,0.9983173165403932,6.18050822717112e-8,-0.04552634157169286]}},{"t":0.9480519480519464,"j":false,"c":{"p":[276.2901043484357,428.8295108498931,501.5466421598938],"r":[-0.02510381336564813,-4.733067395811771e-9,-0.9996494743380258,-7.611720931104112e-8,1,-2.623667238209164e-9,0.9996494743380258,7.602052228680294e-8,-0.02510381336564813]}},{"t":0.9610389610389594,"j":false,"c":{"p":[276.6360422678391,428.82929966264027,501.54901801648856],"r":[-0.019669376379985268,-4.17223036947678e-9,-0.9997253555781941,-6.07913385438903e-8,1,-2.5194698172842703e-9,0.9997253555781941,6.071558217353363e-8,-0.019669376379985268]}},{"t":0.9740259740259724,"j":false,"c":{"p":[276.98198018724247,428.8290884753874,501.5513938730833],"r":[-0.014234939394322407,-3.611393343141788e-9,-0.9998012368183623,-4.5465467776739473e-8,1,-2.4152723963593767e-9,0.9998012368183623,4.5410642060264323e-8,-0.014234939394322407]}},{"t":0.9870129870129852,"j":false,"c":{"p":[277.3279181066459,428.8288772881345,501.5537697296781],"r":[-0.008800502408659545,-3.0505563168067962e-9,-0.9998771180585305,-3.013959700958864e-8,1,-2.3110749754344835e-9,0.9998771180585305,3.010570194699502e-8,-0.008800502408659545]}},{"t":0.9999999999999982,"j":false,"c":{"p":[277.6738560260493,428.82866610088166,501.5561455862729],"r":[-0.0033660654229966842,-2.4897192904718047e-9,-0.9999529992986989,-1.4813726242437825e-8,1,-2.20687755450959e-9,0.9999529992986989,1.480076183372571e-8,-0.0033660654229966842]}},{"t":1.012987012987011,"j":false,"c":{"p":[278.0005591633735,428.8277969479,501.556396484375],"r":[1.4901161193847656e-8,-1.5571981542008988e-9,-1,7.431334971050187e-9,1,-1.5571979729758559e-9,1,-7.431334971050187e-9,1.4901161193847656e-8]}},{"t":1.025974025974024,"j":false,"c":{"p":[278.32499121148135,428.8268501075879,501.556396484375],"r":[1.4901161193847656e-8,-9.029698292652834e-10,-1,2.168926295524715e-8,1,-9.029694454175942e-10,1,-2.168926295524715e-8,1.4901161193847656e-8]}},{"t":1.038961038961037,"j":false,"c":{"p":[278.6494232595892,428.82590326727586,501.556396484375],"r":[1.4901161193847656e-8,-2.4874150432966823e-10,-1,3.594719093944411e-8,1,-2.4874091785933275e-10,1,-3.594719093944411e-8,1.4901161193847656e-8]}},{"t":1.05194805194805,"j":false,"c":{"p":[278.973855307697,428.8249564269638,501.556396484375],"r":[1.4901161193847656e-8,4.0548682060594693e-10,-1,5.020511892364107e-8,1,4.054876096989289e-10,1,-5.020511892364107e-8,1.4901161193847656e-8]}},{"t":1.0649350649350628,"j":false,"c":{"p":[279.2982873558049,428.8240095866517,501.556396484375],"r":[1.4901161193847656e-8,1.059715145541562e-9,-1,6.446304690783804e-8,1,1.0597161372571906e-9,1,-6.446304690783804e-8,1.4901161193847656e-8]}},{"t":1.0779220779220757,"j":false,"c":{"p":[279.6539799210166,428.8278488299723,501.556396484375],"r":[1.4901161193847656e-8,1.5106054511497308e-9,-1,5.068815005070915e-8,1,1.5106062179188065e-9,1,-5.068815005070915e-8,1.4901161193847656e-8]}},{"t":1.0909090909090888,"j":false,"c":{"p":[280.01087157832285,428.8318716580695,501.556396484375],"r":[1.4901161193847656e-8,1.581476954553915e-9,-1,2.7726009192663665e-8,1,1.581477364694822e-9,1,-2.7726009192663665e-8,1.4901161193847656e-8]}},{"t":1.1038961038961017,"j":false,"c":{"p":[280.36776323562907,428.83589448616664,501.556396484375],"r":[1.4901161193847656e-8,1.6523484579580988e-9,-1,4.763868334618195e-9,1,1.6523485114708373e-9,1,-4.763868334618195e-9,1.4901161193847656e-8]}},{"t":1.1168831168831146,"j":false,"c":{"p":[280.7246548929353,428.8399173142638,501.556396484375],"r":[1.4901161193847656e-8,1.723219961362283e-9,-1,-1.8198272523427275e-8,1,1.7232196582468528e-9,1,1.8198272523427275e-8,1.4901161193847656e-8]}},{"t":1.1298701298701275,"j":false,"c":{"p":[281.0759553693315,428.8401243858266,501.556396484375],"r":[1.4901161193847656e-8,1.7031096445084222e-9,-1,-4.307555975145033e-8,1,1.7031089654754106e-9,1,4.307555975145033e-8,1.4901161193847656e-8]}},{"t":1.1428571428571406,"j":false,"c":{"p":[281.42549368591614,428.8391288540532,501.556396484375],"r":[1.4901161193847656e-8,1.6107998080177657e-9,-1,-5.445448292632051e-8,1,1.610798966007197e-9,1,5.445448292632051e-8,1.4901161193847656e-8]}},{"t":1.1558441558441535,"j":false,"c":{"p":[281.77503200250084,428.83813332227976,501.556396484375],"r":[1.4901161193847656e-8,1.5184899715271093e-9,-1,-6.583340610119068e-8,1,1.5184889665389834e-9,1,6.583340610119068e-8,1.4901161193847656e-8]}},{"t":1.1688311688311663,"j":false,"c":{"p":[282.1245703190855,428.83713779050635,501.556396484375],"r":[1.4901161193847656e-8,1.426180135036453e-9,-1,-7.721232927606087e-8,1,1.4261789670707697e-9,1,7.721232927606087e-8,1.4901161193847656e-8]}},{"t":1.1818181818181794,"j":false,"c":{"p":[282.4770324528172,428.8302009105759,501.556396484375],"r":[1.4901161193847656e-8,9.811667371860893e-10,-1,-7.305302162718471e-8,1,9.811656404380846e-10,1,7.305302162718471e-8,1.4901161193847656e-8]}},{"t":1.1948051948051923,"j":false,"c":{"p":[282.8328086140192,428.8165297548641,501.556396484375],"r":[1.4901161193847656e-8,2.3028844527834466e-10,-1,-3.970556440729698e-8,1,2.30287851001853e-10,1,3.970556440729698e-8,1.4901161193847656e-8]}},{"t":1.2077922077922052,"j":false,"c":{"p":[283.18858477522116,428.8028585991523,501.556396484375],"r":[1.4901161193847656e-8,-5.205898466293998e-10,-1,-6.3581071874092564e-9,1,-5.205899384343786e-10,1,6.3581071874092564e-9,1.4901161193847656e-8]}},{"t":1.220779220779218,"j":false,"c":{"p":[283.5443609364231,428.7891874434405,501.556396484375],"r":[1.4901161193847656e-8,-1.2714681385371443e-9,-1,2.6989350032478463e-8,1,-1.27146772787061e-9,1,-2.6989350032478463e-8,1.4901161193847656e-8]}},{"t":1.2337662337662312,"j":false,"c":{"p":[283.90013709762513,428.77551628772864,501.556396484375],"r":[1.4901161193847656e-8,-2.022346430444889e-9,-1,6.03368072523662e-8,1,-2.022345517306842e-9,1,-6.03368072523662e-8,1.4901161193847656e-8]}},{"t":1.246753246753244,"j":false,"c":{"p":[284.2330364766723,428.74934999118767,501.556396484375],"r":[1.4901161193847656e-8,-2.2854929014281697e-9,-1,7.832702843172236e-8,1,-2.2854917182140248e-9,1,-7.832702843172236e-8,1.4901161193847656e-8]}},{"t":1.259740259740257,"j":false,"c":{"p":[284.55595077208216,428.717729910745,501.556396484375],"r":[1.4901161193847656e-8,-1.763783152684982e-9,-1,6.421211618744486e-8,1,-1.763782183582052e-9,1,-6.421211618744486e-8,1.4901161193847656e-8]}},{"t":1.2727272727272698,"j":false,"c":{"p":[284.8788650674921,428.68610983030237,501.556396484375],"r":[1.4901161193847656e-8,-1.242073403941794e-9,-1,5.009720394316737e-8,1,-1.2420726489500785e-9,1,-5.009720394316737e-8,1.4901161193847656e-8]}},{"t":1.285714285714283,"j":false,"c":{"p":[285.20177936290196,428.6544897498597,501.556396484375],"r":[1.4901161193847656e-8,-7.203636551986065e-10,-1,3.5982291698889883e-8,1,-7.203631143181055e-10,1,-3.5982291698889883e-8,1.4901161193847656e-8]}},{"t":1.2987012987012958,"j":false,"c":{"p":[285.52697743319146,428.62347685821317,501.556396484375],"r":[1.4901161193847656e-8,8.756423858323945e-11,-1,1.3978305128453388e-8,1,8.756444952372312e-11,1,-1.3978305128453388e-8,1.4901161193847656e-8]}},{"t":1.3116883116883087,"j":false,"c":{"p":[285.88110639967545,428.6001558438128,501.556396484375],"r":[1.4901161193847656e-8,8.584970055058072e-10,-1,-8.866858968585504e-9,1,8.584969224136196e-10,1,8.866858968585504e-9,1.4901161193847656e-8]}},{"t":1.3246753246753218,"j":false,"c":{"p":[286.2352353661595,428.57683482941235,501.556396484375],"r":[1.4901161193847656e-8,1.6294297724283748e-9,-1,-3.1712023065624384e-8,1,1.6294293953035159e-9,1,3.1712023065624384e-8,1.4901161193847656e-8]}},{"t":1.3376623376623347,"j":false,"c":{"p":[286.58936433264347,428.55351381501197,501.556396484375],"r":[1.4901161193847656e-8,2.4003625393509427e-9,-1,-5.455718716266329e-8,1,2.4003618681934128e-9,1,5.455718716266329e-8,1.4901161193847656e-8]}},{"t":1.3506493506493475,"j":false,"c":{"p":[286.94349329912745,428.53019280061153,501.556396484375],"r":[1.4901161193847656e-8,3.1712953062735104e-9,-1,-7.740235125970216e-8,1,3.171294341083309e-9,1,7.740235125970216e-8,1.4901161193847656e-8]}},{"t":1.3636363636363604,"j":false,"c":{"p":[287.2911004068849,428.5157267862675,501.556396484375],"r":[1.4901161193847656e-8,3.840629407653969e-9,-1,-9.874931722684353e-8,1,3.840628169330849e-9,1,9.874931722684353e-8,1.4901161193847656e-8]}},{"t":1.3766233766233735,"j":false,"c":{"p":[287.6222436177877,428.523614492494,501.556396484375],"r":[1.4901161193847656e-8,2.8075632198985037e-9,-1,-7.346696197950704e-8,1,2.8075623126750917e-9,1,7.346696197950704e-8,1.4901161193847656e-8]}},{"t":1.3896103896103864,"j":false,"c":{"p":[287.9533868286905,428.5315021987205,501.556396484375],"r":[1.4901161193847656e-8,1.7744970321430378e-9,-1,-4.818460673217057e-8,1,1.7744964560193351e-9,1,4.818460673217057e-8,1.4901161193847656e-8]}},{"t":1.4025974025973993,"j":false,"c":{"p":[288.28453003959334,428.539389904947,501.556396484375],"r":[1.4901161193847656e-8,7.414308443875724e-10,-1,-2.29022514848341e-8,1,7.414305993635782e-10,1,2.29022514848341e-8,1.4901161193847656e-8]}},{"t":1.4155844155844122,"j":false,"c":{"p":[288.6156732504962,428.54727761117346,501.556396484375],"r":[1.4901161193847656e-8,-2.916353433678931e-10,-1,2.380103762502383e-9,1,-2.916352572921792e-10,1,-2.380103762502383e-9,1.4901161193847656e-8]}},{"t":1.4285714285714253,"j":false,"c":{"p":[288.946816461399,428.55516531739994,501.556396484375],"r":[1.4901161193847656e-8,-1.3247015311233582e-9,-1,2.766245900983884e-8,1,-1.3247011139479353e-9,1,-2.766245900983884e-8,1.4901161193847656e-8]}},{"t":1.4415584415584382,"j":false,"c":{"p":[289.2893165708765,428.57029771349767,501.556396484375],"r":[1.4901161193847656e-8,-2.042283367709868e-9,-1,4.6271385601396627e-8,1,-2.0422827015760534e-9,1,-4.6271385601396627e-8,1.4901161193847656e-8]}},{"t":1.454545454545451,"j":false,"c":{"p":[289.6337949343456,428.5866920594633,501.556396484375],"r":[1.4901161193847656e-8,-1.9727775236373018e-9,-1,4.5800275462704186e-8,1,-1.972776857503487e-9,1,-4.5800275462704186e-8,1.4901161193847656e-8]}},{"t":1.467532467532464,"j":false,"c":{"p":[289.97827329781467,428.60308640542894,501.556396484375],"r":[1.4901161193847656e-8,-1.9032716795647357e-9,-1,4.532916532401175e-8,1,-1.903271013430921e-9,1,-4.532916532401175e-8,1.4901161193847656e-8]}},{"t":1.480519480519477,"j":false,"c":{"p":[290.3227516612838,428.6194807513946,501.556396484375],"r":[1.4901161193847656e-8,-1.8337658354921693e-9,-1,4.485805518531931e-8,1,-1.8337651693583545e-9,1,-4.485805518531931e-8,1.4901161193847656e-8]}},{"t":1.49350649350649,"j":false,"c":{"p":[290.6642378309959,428.6465339781038,501.55179159327434],"r":[0.004157059055665566,-1.3603742844756164e-9,-0.9999129245766893,3.300584194511356e-8,1,-1.6531122261668834e-9,0.9999129245766893,-3.300938359915932e-8,0.004157059055665566]}},{"t":1.5064935064935028,"j":false,"c":{"p":[291.0029206072512,428.6835735355655,501.54287236873506],"r":[0.012208847778401656,-5.73431554852051e-10,-0.9997442679819114,1.0930201011989269e-8,1,-1.4331756031879758e-9,0.9997442679819114,-1.0940602504190595e-8,0.012208847778401656]}},{"t":1.5194805194805159,"j":false,"c":{"p":[291.34160338350654,428.7206130930272,501.5339531441958],"r":[0.020260636501137744,2.1351117477151408e-10,-0.9995756113871334,-1.1145439921135018e-8,1,-1.213238980209068e-9,0.9995756113871334,1.1128178590778127e-8,0.020260636501137744]}},{"t":1.5324675324675288,"j":false,"c":{"p":[291.68028615976186,428.7576526504889,501.5250339196565],"r":[0.028312425223873835,1.0004539043950796e-9,-0.9994069547923554,-3.322108085425932e-8,1,-9.933023572301605e-10,0.9994069547923554,3.319695968574685e-8,0.028312425223873835]}},{"t":1.5454545454545416,"j":false,"c":{"p":[292.0189689360172,428.7946922079507,501.5161146951172],"r":[0.03636421394660992,1.7873966340186448e-9,-0.9992382981975775,-5.5296721787383606e-8,1,-7.73365734251253e-10,0.9992382981975775,5.526574078071557e-8,0.03636421394660992]}},{"t":1.5584415584415545,"j":false,"c":{"p":[292.36276941553956,428.8296294522074,501.50100498673334],"r":[0.04641163150568234,2.3675549189301396e-9,-0.9988692415107598,-6.323687817561964e-8,1,-4.0015638056795585e-10,0.9988692415107598,6.318810359312194e-8,0.04641163150568234]}},{"t":1.5714285714285676,"j":false,"c":{"p":[292.7075767251574,428.864153098392,501.4846773950304],"r":[0.051840284448031494,2.417244141563867e-9,-0.9985657297869606,-5.465637669778068e-8,1,-1.3367989269579363e-10,0.9985657297869606,5.4591927006143824e-8,0.051840284448031494]}},{"t":1.5844155844155805,"j":false,"c":{"p":[293.05238403477523,428.8986767445767,501.4683498033275],"r":[0.05726893739038065,2.4669333641975937e-9,-0.9982622180631613,-4.607587521994172e-8,1,1.3279659517636858e-10,0.9982622180631613,4.5995750419165706e-8,0.05726893739038065]}},{"t":1.5974025974025934,"j":false,"c":{"p":[293.3971913443931,428.9332003907613,501.4520222116246],"r":[0.06269759033272981,2.5166225868313206e-9,-0.997958706339362,-3.7495373742102746e-8,1,3.992730830485308e-10,0.997958706339362,3.739957383218759e-8,0.06269759033272981]}},{"t":1.6103896103896063,"j":false,"c":{"p":[293.7403987621831,428.9572082763492,501.43376571207665],"r":[0.07032261417535918,2.3379694911170193e-9,-0.9975204780572533,-2.1697445156059086e-8,1,8.7644433179652e-10,0.9975204780572533,2.1585035438939692e-8,0.07032261417535918]}},{"t":1.6233766233766194,"j":false,"c":{"p":[294.07770792923884,428.94244817051566,501.4083979929358],"r":[0.07297823884563985,1.1978958263171192e-9,-0.9973161430442464,5.555233160228495e-11,1,1.4889709036243063e-9,0.9973161430442464,-1.5028808045042883e-10,0.07297823884563985]}},{"t":1.6363636363636322,"j":false,"c":{"p":[294.4150170962946,428.92768806468206,501.38303027379504],"r":[0.07563386351592054,5.782216151721904e-11,-0.9971118080312396,2.180854981926366e-8,1,2.1014974754520925e-9,0.9971118080312396,-2.188561159984055e-8,0.07563386351592054]}},{"t":1.6493506493506451,"j":false,"c":{"p":[294.7523262633503,428.9129279588485,501.3576625546542],"r":[0.07828948818620123,-1.0822515032826813e-9,-0.9969074730182328,4.356154730692502e-8,1,2.7140240472798783e-9,0.9969074730182328,-4.362093511923067e-8,0.07828948818620123]}},{"t":1.662337662337658,"j":false,"c":{"p":[295.0896354304061,428.8981678530149,501.33229483551344],"r":[0.08094511285648191,-2.222325168082582e-9,-0.9967031380052259,6.53145447945864e-8,1,3.3265506191076646e-9,0.9967031380052259,-6.53562586386208e-8,0.08094511285648191]}},{"t":1.675324675324671,"j":false,"c":{"p":[295.42857098972775,428.8734223421226,501.29870353084266],"r":[0.09364610612636909,-3.377840761016473e-9,-0.9951273959965568,7.66893537320205e-8,1,2.7700064863196765e-9,0.9951273959965568,-7.660519966426925e-8,0.09364610612636909]}},{"t":1.688311688311684,"j":false,"c":{"p":[295.7691646499606,428.8384967476344,501.2567283110818],"r":[0.1137767806779767,-3.3420925849771287e-9,-0.9923698410267786,5.4453533841909185e-8,1,3.731114185284472e-10,0.9923698410267786,-5.415192013351398e-8,0.1137767806779767]}},{"t":1.7012987012986969,"j":false,"c":{"p":[296.1097583101934,428.80357115314627,501.214753091321],"r":[0.1339074552295843,-3.3063444089377847e-9,-0.9896122860570006,3.221771395179787e-8,1,-2.023783649262782e-9,0.9896122860570006,-3.169864060275871e-8,0.1339074552295843]}},{"t":1.71428571428571,"j":false,"c":{"p":[296.45035197042625,428.7686455586581,501.17277787156013],"r":[0.1540381297811919,-3.2705962328984403e-9,-0.9868547310872225,9.98189406168654e-9,1,-4.420678717054011e-9,0.9868547310872225,-9.245361072003439e-9,0.1540381297811919]}},{"t":1.7272727272727229,"j":false,"c":{"p":[296.79094563065905,428.7337199641699,501.1308026517993],"r":[0.1741688043327995,-3.2348480568590963e-9,-0.9840971761174445,-1.2253925828424776e-8,1,-6.8175737848452406e-9,0.9840971761174445,1.3207918458751842e-8,0.1741688043327995]}},{"t":1.7402597402597357,"j":false,"c":{"p":[297.12502221979275,428.70439527830183,501.0568713654934],"r":[0.20314374088343073,-1.8428727819136898e-9,-0.9784738811483045,-3.6885111995313934e-8,1,-1.0392908676334913e-8,0.9784738811483045,3.816862387411121e-8,0.20314374088343073]}},{"t":1.7532467532467486,"j":false,"c":{"p":[297.4580277603206,428.6759910742388,500.9776882567048],"r":[0.221497636149482,-2.4945031310381465e-10,-0.9740336211566913,-4.857272822337306e-8,1,-1.2724236019850205e-8,0.9740336211566913,5.007374162781562e-8,0.221497636149482]}},{"t":1.7662337662337617,"j":false,"c":{"p":[297.7910333008485,428.64758687017576,500.8985051479162],"r":[0.23985153141553325,1.3439721557060603e-9,-0.9695933611650781,-6.026034445143218e-8,1,-1.5055563363365497e-8,0.9695933611650781,6.197885938152004e-8,0.23985153141553325]}},{"t":1.7792207792207746,"j":false,"c":{"p":[298.1240388413764,428.6191826661127,500.8193220391276],"r":[0.2582054266815845,2.937394624515936e-9,-0.965153101173465,-7.194796067949133e-8,1,-1.7386890706880788e-8,0.965153101173465,7.388397713522445e-8,0.2582054266815845]}},{"t":1.7922077922077875,"j":false,"c":{"p":[298.45581738622894,428.59369974097643,500.73508872164746],"r":[0.28416122332482435,4.795064526356077e-9,-0.958729684530917,-8.096092862995269e-8,1,-1.86717678012907e-8,0.958729684530917,8.293706238032164e-8,0.28416122332482435]}},{"t":1.8051948051948004,"j":false,"c":{"p":[298.7827603014507,428.5797296705494,500.63095236841724],"r":[0.2931561667747405,3.620691342174991e-9,-0.9558417352838682,-4.955461159432903e-8,1,-9.872708002831376e-9,0.9558417352838682,5.0315761259533686e-8,0.2931561667747405]}},{"t":1.8181818181818135,"j":false,"c":{"p":[299.1097032166724,428.56575960012236,500.526816015187],"r":[0.3021511102246566,2.446318157993905e-9,-0.9529537860368195,-1.814829455870536e-8,1,-1.0736482043720538e-9,0.9529537860368195,1.769446013874573e-8,0.3021511102246566]}},{"t":1.8311688311688266,"j":false,"c":{"p":[299.4366461318942,428.5517895296953,500.4226796619568],"r":[0.31114605367457293,1.2719449738128006e-9,-0.9500658367897706,1.325802247691879e-8,1,7.725411594087403e-9,0.9500658367897706,-1.4926840982042734e-8,0.31114605367457293]}},{"t":1.8441558441558394,"j":false,"c":{"p":[299.7635890471159,428.5378194592683,500.31854330872665],"r":[0.32014099712448907,9.757178963171398e-11,-0.9471778875427218,4.466433951254246e-8,1,1.652447139254673e-8,0.9471778875427218,-4.754814210283068e-8,0.32014099712448907]}},{"t":1.8571428571428523,"j":false,"c":{"p":[300.08791308895815,428.54057734198943,500.210009624142],"r":[0.32886641114894316,-1.1608770320260387e-9,-0.9443764678599461,6.91827598012796e-8,1,2.28627034652328e-8,0.9443764678599461,-7.285334664151496e-8,0.32886641114894316]}},{"t":1.8701298701298654,"j":false,"c":{"p":[300.4100702574891,428.5571760447797,500.0978375582491],"r":[0.3288667177631429,-1.3788630867001468e-9,-0.9443763574788342,5.831657068240355e-8,1,1.8847884181797008e-8,0.9443763574788342,-6.127123309219946e-8,0.3288667177631429]}},{"t":1.8831168831168783,"j":false,"c":{"p":[300.7322274260201,428.57377474757,499.98566549235625],"r":[0.32886702437734266,-1.5968491413742551e-9,-0.9443762470977223,4.745038156352751e-8,1,1.4833064898361223e-8,0.9443762470977223,-4.968911954288397e-8,0.32886702437734266]}},{"t":1.8961038961038912,"j":false,"c":{"p":[301.05438459455104,428.59037345036023,499.87349342646337],"r":[0.3288673309915424,-1.8148351960483634e-9,-0.9443761367166104,3.6584192444651455e-8,1,1.0818245614925434e-8,0.9443761367166104,-3.810700599356848e-8,0.3288673309915424]}},{"t":1.909090909090904,"j":false,"c":{"p":[301.37524116820106,428.61346754816213,499.76216320166907],"r":[0.32815712694178073,-2.1116436014012413e-9,-0.9446151380467668,1.860220505401093e-8,1,4.310685178811797e-9,0.9446151380467668,-1.8986240185798466e-8,0.32815712694178073]}},{"t":1.9220779220779172,"j":false,"c":{"p":[301.68989382404044,428.6675450808441,499.654848610845],"r":[0.3240568833902068,-2.1731639442390717e-9,-0.9459950265197351,-2.8516592168215203e-9,1,-