{"v":1,"d":[{"t":0,"j":false,"c":{"p":[256.6698393781603,430.2543640136719,491.2442807450145],"r":[-0.719340372943942,5.2294694571548314e-8,-0.6946578136443453,1.4002997325979398e-7,1,-6.972407169252585e-8,0.6946578136443453,-1.4742830562616708e-7,-0.719340372943942]}},{"t":0.016666666666666663,"j":false,"c":{"p":[256.77942252752683,430.2543640136719,491.3577564033328],"r":[-0.7193401925069566,4.2105648464661907e-8,-0.6946579940813308,1.1275225023540877e-7,1,-5.614488678233338e-8,0.6946579940813308,-1.18711554238005e-7,-0.7193401925069566]}},{"t":0.024999999999999994,"j":false,"c":{"p":[256.85344006491204,430.2543640136719,491.4344031216507],"r":[-0.7193401022884638,3.70111254112187e-8,-0.6946580842998236,9.911338872321616e-8,1,-4.9355294327237146e-8,0.6946580842998236,-1.0435317854392397e-7,-0.7193401022884638]}},{"t":0.033333333333333326,"j":false,"c":{"p":[256.9261665953457,430.2543640136719,491.5097129750897],"r":[-0.719340012069971,3.19166023577755e-8,-0.6946581745183164,8.547452721102356e-8,1,-4.256570187214091e-8,0.6946581745183164,-8.999480284984296e-8,-0.719340012069971]}},{"t":0.04166666666666666,"j":false,"c":{"p":[256.99889312577955,430.2543640136719,491.58502282852885],"r":[-0.7193399218514782,2.6822079304332303e-8,-0.6946582647368091,7.183566569883097e-8,1,-3.577610941704467e-8,0.6946582647368091,-7.563642715576191e-8,-0.7193399218514782]}},{"t":0.048528414061575216,"j":false,"c":{"p":[257.05877685546875,430.2543640136719,491.64703369140625],"r":[-0.7193398475646973,2.2627199669500442e-8,-0.6946583390235901,6.060529500473422e-8,1,-3.018549321609498e-8,0.6946583390235901,-6.381360151408444e-8,-0.7193398475646973]}},{"t":0.04999999999999999,"j":false,"c":{"p":[257.07161965621316,430.2543640136719,491.66033268196776],"r":[-0.7193398316329854,2.17275562508891e-8,-0.6946583549553019,5.819680418663836e-8,1,-2.8986516961948436e-8,0.6946583549553019,-6.127805146168088e-8,-0.7193398316329854]}},{"t":0.05833333333333333,"j":false,"c":{"p":[257.1443461866468,430.2543640136719,491.7356425354067],"r":[-0.7193397414144926,1.6633033197445893e-8,-0.6946584451737947,4.4557942674445745e-8,1,-2.2196924506852193e-8,0.6946584451737947,-4.691967576759984e-8,-0.7193397414144926]}},{"t":0.06666666666666665,"j":false,"c":{"p":[257.21707271708055,430.2543640136719,491.8109523888457],"r":[-0.7193396511959999,1.1538510144002693e-8,-0.6946585353922875,3.091908116225315e-8,1,-1.540733205175596e-8,0.6946585353922875,-3.2561300073518806e-8,-0.7193396511959999]}},{"t":0.07499999999999998,"j":false,"c":{"p":[257.2897992475143,430.2543640136719,491.8862622422847],"r":[-0.7193395609775071,6.443987090559492e-9,-0.6946586256107803,1.7280219650060544e-8,1,-8.617739596659725e-9,0.6946586256107803,-1.8202924379437776e-8,-0.7193395609775071]}},{"t":0.08333333333333331,"j":false,"c":{"p":[257.36251677093065,430.2543640136719,491.9615627678591],"r":[-0.7193394707590143,1.3494640371162898e-9,-0.6946587158292731,3.6413581378679435e-9,1,-1.8281471415634882e-9,0.6946587158292731,-3.844548685356739e-9,-0.7193394707590143]}},{"t":0.09166666666666665,"j":false,"c":{"p":[257.43483910149996,430.2543640136719,492.0364540230553],"r":[-0.7193393805405215,-3.745059016326913e-9,-0.6946588060477659,-9.997503374324661e-9,1,4.96144531353275e-9,0.6946588060477659,1.0513827008724299e-8,-0.7193393805405215]}},{"t":0.09999999999999998,"j":false,"c":{"p":[257.5046992105552,430.2543640136719,492.1087953476607],"r":[-0.7193392698684765,-1.0090333761036746e-8,-0.6946589165462695,-2.6984909820179158e-8,1,1.3418027971889128e-8,0.6946589165462695,2.8397430390401778e-8,-0.7193392698684765]}},{"t":0.10833333333333331,"j":false,"c":{"p":[257.58522951952955,430.2543640136719,492.1921869652754],"r":[-0.7193391412372149,-1.7533829502956314e-8,-0.6946590448516121,-4.691250206144411e-8,1,2.33383093453032e-8,0.6946590448516121,4.937635564411518e-8,-0.7193391412372149]}},{"t":0.11666666666666664,"j":false,"c":{"p":[257.73491174075576,430.2543640136719,492.34719381956216],"r":[-0.7193392187238502,-1.7217779968777974e-8,-0.694658960008538,-4.6069800017327095e-8,1,2.2920645338864864e-8,0.694658960008538,4.84905212603156e-8,-0.7193392187238502]}},{"t":0.125,"j":false,"c":{"p":[257.8966078713883,430.2543640136719,492.5146425418678],"r":[-0.7193393017069628,-1.6694809227236997e-8,-0.694658869481506,-4.467322345893315e-8,1,2.2227302788963765e-8,0.694658869481506,4.7021626619515605e-8,-0.7193393017069628]}},{"t":0.13333333333333333,"j":false,"c":{"p":[258.0528325832562,430.2543640136719,492.6764249429252],"r":[-0.7193393846900753,-1.617183848569602e-8,-0.6946587789544741,-4.3276646900539215e-8,1,2.1533960239062668e-8,0.6946587789544741,4.555273197871561e-8,-0.7193393846900753]}},{"t":0.14166666666666666,"j":false,"c":{"p":[258.20905729512435,430.2543640136719,492.8382073439824],"r":[-0.719339467673188,-1.5648867744155043e-8,-0.6946586884274423,-4.188007034214528e-8,1,2.084061768916157e-8,0.6946586884274423,4.408383733791561e-8,-0.719339467673188]}},{"t":0.15,"j":false,"c":{"p":[258.3653634718354,430.2543640136719,493.0000740851799],"r":[-0.7193395506563006,-1.5125897002614066e-8,-0.6946585979004103,-4.048349378375134e-8,1,2.0147275139260475e-8,0.6946585979004103,4.261494269711562e-8,-0.7193395506563006]}},{"t":0.15833333333333333,"j":false,"c":{"p":[258.52182424012426,430.2543640136719,493.1621008742562],"r":[-0.7193396336394132,-1.4602926261073089e-8,-0.6946585073733784,-3.9086917225357405e-8,1,1.9453932589359375e-8,0.6946585073733784,4.1146048056315626e-8,-0.7193396336394132]}},{"t":0.16666666666666666,"j":false,"c":{"p":[258.6758359135751,430.2543640136719,493.32159212782886],"r":[-0.7193397182575959,-1.1878173757284285e-8,-0.6946584150626337,-3.179826061378902e-8,1,1.5828752161313328e-8,0.6946584150626337,3.3475183107013285e-8,-0.7193397182575959]}},{"t":0.175,"j":false,"c":{"p":[258.8274069517155,430.2543640136719,493.47855660400353],"r":[-0.7193397879600525,-7.896221955232656e-9,-0.6946583390235901,-2.1144714414901146e-8,1,1.0528934515117045e-8,0.6946583390235901,2.2262236709029324e-8,-0.7193397879600525]}},{"t":0.18333333333333332,"j":false,"c":{"p":[258.97616377339983,430.2543640136719,493.63260753610916],"r":[-0.7193397879600525,-1.73337083033699e-9,-0.6946583390235901,-4.652449367561548e-9,1,2.3224670895788503e-9,0.6946583390235901,4.902508489613396e-9,-0.7193397879600525]}},{"t":0.19166666666666665,"j":false,"c":{"p":[259.1249278802739,430.2543640136719,493.7866660105349],"r":[-0.7193397879600525,4.4294802945586814e-9,-0.6946583390235901,1.1839815679778069e-8,1,-5.884000335959356e-9,0.6946583390235901,-1.245721972980255e-8,-0.7193397879600525]}},{"t":0.19999999999999998,"j":false,"c":{"p":[259.27382342110843,430.2543640136719,493.94086055787545],"r":[-0.7193397879600525,1.0592331419454358e-8,-0.6946583390235901,2.8332080727117696e-8,1,-1.4090467761497567e-8,0.6946583390235901,-2.981694794921851e-8,-0.7193397879600525]}},{"t":0.20833333333333331,"j":false,"c":{"p":[259.42271896194296,430.2543640136719,494.09505510521586],"r":[-0.7193397879600525,1.675518254435002e-8,-0.6946583390235901,4.4824345774457284e-8,1,-2.2296935187035764e-8,0.6946583390235901,-4.717667616863444e-8,-0.7193397879600525]}},{"t":0.21666666666666665,"j":false,"c":{"p":[259.57128108043736,430.25568499989936,494.2489045007256],"r":[-0.7193397879600525,2.291803366924568e-8,-0.6946583390235901,6.131661082179687e-8,1,-3.050340261257396e-8,0.6946583390235901,-6.453640438805036e-8,-0.7193397879600525]}},{"t":0.22499999999999998,"j":false,"c":{"p":[259.7203643782033,430.254941125568,494.40329341011324],"r":[-0.7193397879600525,2.9080884794141335e-8,-0.6946583390235901,7.780887586913643e-8,1,-3.870987003811214e-8,0.6946583390235901,-8.189613260746624e-8,-0.7193397879600525]}},{"t":0.2333333333333333,"j":false,"c":{"p":[259.8743559640297,430.23475110096877,494.56276327661294],"r":[-0.7193398178658973,3.0714985917767775e-8,-0.6946583091177453,8.218409467025913e-8,1,-4.088815970667672e-8,0.6946583091177453,-8.650234577569243e-8,-0.7193398178658973]}},{"t":0.24166666666666664,"j":false,"c":{"p":[260.03074370007977,430.2050677669436,494.7247135876932],"r":[-0.7193398549040481,2.942014137380183e-8,-0.6946582720795945,7.872176268582097e-8,1,-3.9166810765705186e-8,0.6946582720795945,-8.2858973717768e-8,-0.7193398549040481]}},{"t":0.24999999999999997,"j":false,"c":{"p":[260.1885955594093,430.1695837217636,494.88817952856084],"r":[-0.7193399005488851,2.392538469044279e-8,-0.6946582264347575,6.402078592925014e-8,1,-3.1853515408748556e-8,0.6946582264347575,-6.738607376883936e-8,-0.7193399005488851]}},{"t":0.2583333333333333,"j":false,"c":{"p":[260.34619720722276,430.1350909897832,495.05138645570173],"r":[-0.7193399461937221,1.8430628007083725e-8,-0.6946581807899205,4.931980917267922e-8,1,-2.454022005179189e-8,0.6946581807899205,-5.1913173819910637e-8,-0.7193399461937221]}},{"t":0.26666666666666666,"j":false,"c":{"p":[260.50376795579734,430.1011142300793,495.2145668011263],"r":[-0.7193399918385592,1.293587132372466e-8,-0.6946581351450833,3.461883241610831e-8,1,-1.7226924694835223e-8,0.6946581351450833,-3.644027387098191e-8,-0.7193399918385592]}},{"t":0.275,"j":false,"c":{"p":[260.6613130811036,430.0683564821413,495.3777359680734],"r":[-0.7193400374833964,7.441114640365592e-9,-0.6946580895002462,1.99178556595374e-8,1,-9.913629337878554e-9,0.6946580895002462,-2.0967373922053198e-8,-0.7193400374833964]}},{"t":0.2833333333333334,"j":false,"c":{"p":[260.81901224964355,430.0282702189065,495.5409723383446],"r":[-0.7190550260261075,3.404668622518857e-10,-0.6949450992051421,8.500373884889708e-10,1,-4.345774978781101e-10,0.6949450992051421,-8.924329837789366e-10,-0.7190550260261075]}},{"t":0.29166666666666674,"j":false,"c":{"p":[260.9775150164471,429.94995324588217,495.70455928860144],"r":[-0.7183443257368728,-6.570461995059202e-9,-0.695660781666006,-1.7815250055329907e-8,1,8.834347395975389e-9,0.695660781666006,1.8767657311517277e-8,-0.7183443257368728]}},{"t":0.3000000000000001,"j":false,"c":{"p":[261.13790625577167,429.78179331504185,495.86897010906654],"r":[-0.7159454346625375,-8.97431599272129e-9,-0.6980764882972749,-2.4838672236954704e-8,1,1.22726122849384e-8,0.6980764882972749,2.620955114710103e-8,-0.7159454346625375]}},{"t":0.30833333333333346,"j":false,"c":{"p":[261.2983296944892,429.6121015172202,496.03339497692724],"r":[-0.7135465435882021,-1.1378169990383378e-8,-0.7004921949285438,-3.18620944185795e-8,1,1.571087717390141e-8,0.7004921949285438,3.365144498268478e-8,-0.7135465435882021]}},{"t":0.3166666666666668,"j":false,"c":{"p":[261.45866455225223,429.44662390566555,496.1977812002174],"r":[-0.7111476525138669,-1.3782023988045463e-8,-0.7029079015598126,-3.888551660020429e-8,1,1.914914206286442e-8,0.7029079015598126,4.1093338818268534e-8,-0.7111476525138669]}},{"t":0.3250000000000002,"j":false,"c":{"p":[261.61899941001514,429.2811462941109,496.36216742350763],"r":[-0.7087487614395316,-1.6185877985707554e-8,-0.7053236081910815,-4.590893878182909e-8,1,2.2587406951827433e-8,0.7053236081910815,4.8535232653852286e-8,-0.7087487614395316]}},{"t":0.33333333333333354,"j":false,"c":{"p":[261.7795298943573,429.11207306182536,496.5271367209967],"r":[-0.7063498703651961,-1.858973198336964e-8,-0.7077393148223504,-5.293236096345389e-8,1,2.6025671840790445e-8,0.7077393148223504,5.597712648943604e-8,-0.7063498703651961]}},{"t":0.3416666666666669,"j":false,"c":{"p":[261.9398033733707,428.94772359300686,496.69134000204366],"r":[-0.7039509792908608,-2.0993585981031726e-8,-0.7101550214536194,-5.995578314507868e-8,1,2.9463936729753455e-8,0.7101550214536194,6.341902032501979e-8,-0.7039509792908608]}},{"t":0.35000000000000026,"j":false,"c":{"p":[262.0973417329834,428.8336456775708,496.84739113137357],"r":[-0.6990822503976267,-2.1212311054975252e-8,-0.7148605734242776,-6.090502074372855e-8,1,3.028121846988944e-8,0.7148605734242776,6.460942927180292e-8,-0.6990822503976267]}},{"t":0.3583333333333336,"j":false,"c":{"p":[262.2516987048906,428.7780417365509,496.9939599853634],"r":[-0.6937801816293316,-1.903112151596711e-8,-0.719882506296924,-5.503099098115745e-8,1,2.7972656403174056e-8,0.719882506296924,5.868230261382328e-8,-0.6937801816293316]}},{"t":0.366666666666667,"j":false,"c":{"p":[262.40265806977726,428.7848858856101,497.13040211219806],"r":[-0.6880850257852913,-1.2973234273294553e-8,-0.7251194666485629,-3.811453823956672e-8,1,2.0581477858450727e-8,0.7251194666485629,4.122400401838886e-8,-0.6880850257852913]}},{"t":0.37500000000000033,"j":false,"c":{"p":[262.5540512128574,428.7837571821473,497.26813713529316],"r":[-0.6823898699412511,-6.915347030621994e-9,-0.7303564270002019,-2.1198085497975986e-8,1,1.3190299313727402e-8,0.7303564270002019,2.3765705422954432e-8,-0.6823898699412511]}},{"t":0.3833333333333337,"j":false,"c":{"p":[262.70549836617147,428.78163576942234,497.4060331384252],"r":[-0.6766947140972107,-8.574597879494327e-10,-0.7355933873518409,-4.28163275638525e-9,1,5.799120769004071e-9,0.7355933873518409,6.30740682752e-9,-0.6766947140972107]}},{"t":0.39166666666666705,"j":false,"c":{"p":[262.85694551948563,428.77951435669735,497.5439291415573],"r":[-0.6709995582531704,5.2004274547231285e-9,-0.7408303477034799,1.263481998520549e-8,1,-1.5920577757192585e-9,0.7408303477034799,-1.1150891767914429e-8,-0.6709995582531704]}},{"t":0.4000000000000004,"j":false,"c":{"p":[263.00737017460057,428.7762968994009,497.68149788342265],"r":[-0.66530440240913,1.1258314697395705e-8,-0.7460673080551189,2.9551272726796268e-8,1,-8.983236320442607e-9,0.7460673080551189,-2.86091903633489e-8,-0.66530440240913]}},{"t":0.40833333333333377,"j":false,"c":{"p":[263.1607261735553,428.77622163199345,497.82000483261055],"r":[-0.659384363792357,1.6891700772840134e-8,-0.7514753369158632,4.541649288963644e-8,1,-1.59920677473008e-8,0.7514753369158632,-4.502858291889254e-8,-0.659384363792357]}},{"t":0.41666666666666713,"j":false,"c":{"p":[263.32390920983363,428.7866802422215,497.9616570281014],"r":[-0.651957610598276,1.9680929027857246e-8,-0.758029524787612,5.42384547748506e-8,1,-2.0439173484463562e-8,0.758029524787612,-5.448730500717065e-8,-0.651957610598276]}},{"t":0.4250000000000005,"j":false,"c":{"p":[263.4903250089387,428.8006041418264,498.10434390322087],"r":[-0.6464740569361008,1.937918011308229e-8,-0.7627417366051841,5.4635975131123614e-8,1,-2.1324190546513765e-8,0.7627417366051841,-5.53227140715474e-8,-0.6464740569361008]}},{"t":0.43333333333333385,"j":false,"c":{"p":[263.6585291413443,428.81644500618256,498.2476031531586],"r":[-0.6424479029228549,1.6759198320963814e-8,-0.7660724663821238,4.871516434069221e-8,1,-1.9537641102230154e-8,0.7660724663821238,-4.9690638367999613e-8,-0.6424479029228549]}},{"t":0.4416666666666672,"j":false,"c":{"p":[263.82624911005024,428.8317668818548,498.3907074414292],"r":[-0.638421748909609,1.4139216528845343e-8,-0.7694031961590636,4.2794353550260815e-8,1,-1.7751091657946547e-8,0.7694031961590636,-4.405856266445182e-8,-0.638421748909609]}},{"t":0.45000000000000057,"j":false,"c":{"p":[263.9938834868681,428.84709425400087,498.53385263331876],"r":[-0.6343955948963631,1.1519234736726875e-8,-0.7727339259360033,3.687354275982943e-8,1,-1.5964542213662943e-8,0.7727339259360033,-3.8426486960904045e-8,-0.6343955948963631]}},{"t":0.4583333333333339,"j":false,"c":{"p":[264.1616065570213,428.8624159305068,498.67695543943483],"r":[-0.6303694408831172,8.899252944608412e-9,-0.776064655712943,3.095273196939806e-8,1,-1.417799276937934e-8,0.776064655712943,-3.2794411257356275e-8,-0.6303694408831172]}},{"t":0.4666666666666673,"j":false,"c":{"p":[264.3293011084919,428.8777394384034,498.82007187438103],"r":[-0.6229810355244245,4.9026111985550506e-9,-0.7818661059314053,2.1417509266094814e-8,1,-1.137344215152762e-8,0.7818661059314053,-2.365800769875937e-8,-0.6229810355244245]}},{"t":0.47500000000000064,"j":false,"c":{"p":[264.5039926641204,428.8926136180857,498.9598445018904],"r":[-0.6113686318989803,6.925568644605909e-10,-0.7901907599034683,9.827040673595936e-9,1,-8.175660756366058e-9,0.7901907599034683,-1.2359780138913485e-8,-0.6113686318989803]}},{"t":0.483333333333334,"j":false,"c":{"p":[264.68940515322856,428.9067993291338,499.0944936885255],"r":[-0.5922353523806976,-3.6230279245455393e-9,-0.8029028721078492,-4.972865055818615e-9,1,-4.438060728797867e-9,0.8029028721078492,2.38197746303606e-9,-0.5922353523806976]}},{"t":0.4916666666666673,"j":false,"c":{"p":[264.8737003867015,428.92105678724226,499.22967680191215],"r":[-0.573102072862415,-7.938612713551655e-9,-0.81561498431223,-1.977277078523312e-8,1,-7.00460701229688e-10,0.81561498431223,1.7123735064985552e-8,-0.573102072862415]}},{"t":0.5000000000000007,"j":false,"c":{"p":[265.05780022089294,428.93532679335095,499.36495329491623],"r":[-0.5539687933441325,-1.2254197502557767e-8,-0.8283270965166109,-3.457267651464761e-8,1,3.0371393263384877e-9,0.8283270965166109,3.186549266693503e-8,-0.5539687933441325]}},{"t":0.508333333333334,"j":false,"c":{"p":[265.24190005508444,428.9495967994597,499.5002297879203],"r":[-0.53483551382585,-1.656978229156385e-8,-0.8410392087209916,-4.937258224406199e-8,1,6.774739353906638e-9,0.8410392087209916,4.660725026888441e-8,-0.53483551382585]}},{"t":0.5166666666666673,"j":false,"c":{"p":[265.42525420670194,428.96475980039185,499.6397581277574],"r":[-0.5157022343075676,-2.088536708056996e-8,-0.8537513209253724,-6.417248797347647e-8,1,1.0512339381474811e-8,0.8537513209253724,6.134900787083389e-8,-0.5157022343075676]}},{"t":0.5250000000000006,"j":false,"c":{"p":[265.61063690024594,428.97749351371186,499.7677198172967],"r":[-0.4942256529100769,-2.4666919451053547e-8,-0.8671195370719825,-7.736187994035034e-8,1,1.3887676744586077e-8,0.8671195370719825,7.452010322501422e-8,-0.4942256529100769]}},{"t":0.5333333333333339,"j":false,"c":{"p":[265.8038265711711,428.9808779534505,499.8511664903725],"r":[-0.45253809280443874,-2.3842442211785148e-8,-0.8861466497203131,-7.666059070532572e-8,1,1.4138498626759697e-8,0.8861466497203131,7.414423669219968e-8,-0.45253809280443874]}},{"t":0.5416666666666672,"j":false,"c":{"p":[265.9981058843139,428.9829574882686,499.9284000749648],"r":[-0.41494053168123,-2.1502695541738757e-8,-0.901953876298146,-7.088605239163723e-8,1,1.3132913170251213e-8,0.901953876298146,6.873375487001575e-8,-0.41494053168123]}},{"t":0.5500000000000005,"j":false,"c":{"p":[266.1925115186816,428.98488574665373,500.00491338189687],"r":[-0.3807513030433779,-1.790022434604451e-8,-0.9150778644838986,-6.088380651239709e-8,1,1.1080321598174698e-8,0.9150778644838986,5.912776030669222e-8,-0.3807513030433779]}},{"t":0.5583333333333338,"j":false,"c":{"p":[266.3868044449792,428.98694897898986,500.08206934492205],"r":[-0.34656207440552544,-1.4297753150350232e-8,-0.9282018526696514,-5.088156063315687e-8,1,9.027730026098164e-9,0.9282018526696514,4.952176574336861e-8,-0.34656207440552544]}},{"t":0.5666666666666671,"j":false,"c":{"p":[266.5805263937861,428.98911087559765,500.16020843859474],"r":[-0.3123728457676731,-1.0695281954655967e-8,-0.941325840855404,-4.0879314753916676e-8,1,6.975138454021635e-9,0.941325840855404,3.9915771180045033e-8,-0.3123728457676731]}},{"t":0.5750000000000004,"j":false,"c":{"p":[266.7746610418569,428.9912014971514,500.23763708221327],"r":[-0.278183617129821,-7.09281075896172e-9,-0.9544498290411567,-3.087706887467654e-8,1,4.922546881945119e-9,0.9544498290411567,3.0309776616721505e-8,-0.278183617129821]}},{"t":0.5833333333333337,"j":false,"c":{"p":[266.97931158682087,428.9914759751251,500.29696290819527],"r":[-0.24381022625963228,-3.1828441499250783e-9,-0.9667916710329495,-1.5663385543622483e-8,1,2.785726328195035e-9,0.9667916710329495,1.547511514585355e-8,-0.24381022625963228]}},{"t":0.591666666666667,"j":false,"c":{"p":[267.1906763779027,428.9905908720276,500.3447303503064],"r":[-0.2174960656759169,-1.679190535817697e-11,-0.975728221983681,-9.227730648190059e-10,1,1.1060122969608275e-9,0.975728221983681,1.0130424356701539e-9,-0.2174960656759169]}},{"t":0.6000000000000003,"j":false,"c":{"p":[267.4070688379871,428.98883746745514,500.3838428031176],"r":[-0.20904007221309226,1.4050983508367361e-9,-0.9774025521607776,1.1055441126795979e-8,1,4.635038762615074e-10,0.9774025521607776,-1.0902851076636706e-8,-0.20904007221309226]}},{"t":0.6083333333333336,"j":false,"c":{"p":[267.62292213120975,428.98717717947045,500.4238834163579],"r":[-0.20058407875026757,2.8269886070316584e-9,-0.9790768823378743,2.3033655318411046e-8,1,-1.7900454443781702e-10,0.9790768823378743,-2.2818744588943645e-8,-0.20058407875026757]}},{"t":0.6166666666666669,"j":false,"c":{"p":[267.8386428310306,428.98553979097375,500.46415228537114],"r":[-0.19212808528744288,4.2488788632265816e-9,-0.980751212514971,3.5011869510026116e-8,1,-8.215129651371415e-10,0.980751212514971,-3.473463810125058e-8,-0.19212808528744288]}},{"t":0.6250000000000002,"j":false,"c":{"p":[268.0543635308514,428.9839024024771,500.5044211543844],"r":[-0.18367209182461824,5.670769119421495e-9,-0.9824255426920676,4.699008370164111e-8,1,-1.4640213858364615e-9,0.9824255426920676,-4.6650531613557445e-8,-0.18367209182461824]}},{"t":0.6333333333333335,"j":false,"c":{"p":[268.2696398895783,428.9829129656246,500.5450174354398],"r":[-0.17521609836179355,7.092659375616416e-9,-0.9840998728691642,5.896829789325615e-8,1,-2.106529806535785e-9,0.9840998728691642,-5.856642512586437e-8,-0.17521609836179355]}},{"t":0.6416666666666668,"j":false,"c":{"p":[268.4860515016432,428.9802680679629,500.5847772068433],"r":[-0.16684864142500222,8.347950481546337e-9,-0.9857476242456469,6.947435839198241e-8,1,-2.681345948355289e-9,0.9857476242456469,-6.901797159369155e-8,-0.16684864142500222]}},{"t":0.6500000000000001,"j":false,"c":{"p":[268.70742336516145,428.97038998136424,500.62088202469795],"r":[-0.15952886671293748,7.631818309343043e-9,-0.9870808598148646,6.255993352488117e-8,1,-2.4551367900979963e-9,0.9870808598148646,-6.214141136853154e-8,-0.15952886671293748]}},{"t":0.6583333333333334,"j":false,"c":{"p":[268.92938662234104,428.95964950661295,500.6565510750555],"r":[-0.1546504594458556,6.449165214312488e-9,-0.9879273521863648,5.169010915850802e-8,1,-2.0209223958275066e-9,0.9879273521863648,-5.133008530037939e-8,-0.1546504594458556]}},{"t":0.6666666666666667,"j":false,"c":{"p":[269.1512444485153,428.9490627745476,500.69229781208503],"r":[-0.15203031706538206,4.834980265666873e-9,-0.9883236070999767,3.7161540255309704e-8,1,-1.3943031582448797e-9,0.9883236070999767,-3.687910082746085e-8,-0.15203031706538206]}},{"t":0.675,"j":false,"c":{"p":[269.3730656322684,428.9385294755707,500.7280715490254],"r":[-0.14941017468490855,3.2207953170212706e-9,-0.9887198620135885,2.2632971352111506e-8,1,-7.676839206622579e-10,0.9887198620135885,-2.242811635454242e-8,-0.14941017468490855]}},{"t":0.6833333333333333,"j":false,"c":{"p":[269.5949622889521,428.9281020116591,500.76395665863134],"r":[-0.14679003230443502,1.606610368375664e-9,-0.9891161169272004,8.104402448913268e-9,1,-1.4106468307963425e-10,0.9891161169272004,-7.977131881623958e-9,-0.14679003230443502]}},{"t":0.6916666666666667,"j":false,"c":{"p":[269.81683145579973,428.91763615699847,500.79980132470655],"r":[-0.1441698899239615,-7.574580269950329e-12,-0.9895123718408122,-6.4241664542850366e-9,1,4.855545545029923e-10,0.9895123718408122,6.473852591294574e-9,-0.1441698899239615]}},{"t":0.7,"j":false,"c":{"p":[270.03737775636114,428.9053228621593,500.83369976661595],"r":[-0.14068667834593193,-2.052021678731408e-9,-0.9900286572611038,-2.47988118151502e-8,1,1.1876246047063393e-9,0.9900286572611038,2.474739709797422e-8,-0.14068667834593193]}},{"t":0.7083333333333333,"j":false,"c":{"p":[270.25613327029765,428.89050865608215,500.8649635717209],"r":[-0.13756450930869601,-3.8001000209302385e-9,-0.9904826911845804,-4.0486639668998227e-8,1,1.7078988885858544e-9,0.9904826911845804,4.034630154569373e-8,-0.13756450930869601]}},{"t":0.7166666666666666,"j":false,"c":{"p":[270.47260209866755,428.8725009943741,500.89286316476955],"r":[-0.13574328625308446,-4.608673941788844e-9,-0.9907256976706291,-4.768231154407778e-8,1,1.7388603046772446e-9,0.9907256976706291,4.749434736889759e-8,-0.13574328625308446]}},{"t":0.7249999999999999,"j":false,"c":{"p":[270.689247191677,428.85473949388444,500.92102208145855],"r":[-0.13392206319747293,-5.4172478626474446e-9,-0.9909687041566777,-5.487798341915729e-8,1,1.7698217207686346e-9,0.9909687041566777,5.46423931921014e-8,-0.13392206319747293]}},{"t":0.7333333333333332,"j":false,"c":{"p":[270.9059543604943,428.83706468495444,500.9492723251687],"r":[-0.1321008401418614,-6.2258217835060435e-9,-0.9912117106427263,-6.207365529423678e-8,1,1.8007831368600247e-9,0.9912117106427263,6.179043901530519e-8,-0.1321008401418614]}},{"t":0.7416666666666665,"j":false,"c":{"p":[271.12266152931153,428.8193898760245,500.97752256887884],"r":[-0.13027961708624985,-7.034395704364642e-9,-0.991454717128775,-6.926932716931627e-8,1,1.8317445529514145e-9,0.991454717128775,6.893848483850899e-8,-0.13027961708624985]}},{"t":0.7499999999999998,"j":false,"c":{"p":[271.33993437230447,428.80116738575475,501.005906910267],"r":[-0.12845839403063833,-7.842969625223246e-9,-0.9916977236148236,-7.64649990443958e-8,1,1.862705969042805e-9,0.9916977236148236,7.608653066171282e-8,-0.12845839403063833]}},{"t":0.7583333333333331,"j":false,"c":{"p":[271.5558605985442,428.78424867935775,501.0339720251682],"r":[-0.12668517303107274,-8.530448804929896e-9,-0.9919343249452036,-8.245024712243443e-8,1,1.8644743983979063e-9,0.9919343249452036,8.202990042658215e-8,-0.12668517303107274]}},{"t":0.7666666666666664,"j":false,"c":{"p":[271.76503648862587,428.7738655959564,501.0604369178141],"r":[-0.12578798955434436,-7.00794895861765e-9,-0.9920540321846332,-6.634526090451913e-8,1,1.333470819816774e-9,0.9920540321846332,6.598793212688891e-8,-0.12578798955434436]}},{"t":0.7749999999999997,"j":false,"c":{"p":[271.97351303182325,428.764159614772,501.0867360245758],"r":[-0.12533355598893287,-5.284111444269799e-9,-0.9921146631240845,-4.8442182437958944e-8,1,7.935842037676707e-10,0.9921146631240845,4.815966444366822e-8,-0.12533355598893287]}},{"t":0.783333333333333,"j":false,"c":{"p":[272.1823974799375,428.7540587032178,501.1131318285258],"r":[-0.1253335236482938,-3.3536379022012696e-9,-0.9921146631240845,-2.8693693505684926e-8,1,2.445807861067057e-10,0.9921146631240845,2.8498089498406862e-8,-0.1253335236482938]}},{"t":0.7916666666666663,"j":false,"c":{"p":[272.3912863355148,428.7439535243924,501.1395286773008],"r":[-0.12533349130765475,-1.4231643601327563e-9,-0.9921146631240845,-8.94520457341106e-9,1,-3.044226315542549e-10,0.9921146631240845,8.836514553145667e-9,-0.12533349130765475]}},{"t":0.7999999999999996,"j":false,"c":{"p":[272.5999083701092,428.7334012166661,501.1658922637169],"r":[-0.12533345896701573,5.073091819357626e-10,-0.9921146631240845,1.0803284358862861e-8,1,-8.53426049215217e-10,0.9921146631240845,-1.0825060392115588e-8,-0.12533345896701573]}},{"t":0.8083333333333329,"j":false,"c":{"p":[272.80851561239956,428.7228241279697,501.1922540057831],"r":[-0.12533342662637667,2.4377827240042915e-9,-0.9921146631240845,3.055177329113689e-8,1,-1.402429466876182e-9,0.9921146631240845,-3.048663533737695e-8,-0.12533342662637667]}},{"t":0.8166666666666662,"j":false,"c":{"p":[273.02328565112884,428.72257133181563,501.2193841442504],"r":[-0.12481261659366946,3.785750161253106e-9,-0.9921786071724464,4.401444230488013e-8,1,-1.7286765852054957e-9,0.9921786071724464,-4.388556671372479e-8,-0.12481261659366946]}},{"t":0.8249999999999995,"j":false,"c":{"p":[273.24136840273417,428.72786819435623,501.2469273219408],"r":[-0.12411727028561785,4.616913428375425e-9,-0.9922639824393165,5.208072416469764e-8,1,-1.8888139034119805e-9,0.9922639824393165,-5.191035655746793e-8,-0.12411727028561785]}},{"t":0.8333333333333328,"j":false,"c":{"p":[273.4609257082351,428.73563531953454,501.274654351543],"r":[-0.12325432146447773,4.344105343690002e-9,-0.9923699387816384,4.8748321917565864e-8,1,-1.716617280845181e-9,0.9923699387816384,-4.8585183960269046e-8,-0.12325432146447773]}},{"t":0.8416666666666661,"j":false,"c":{"p":[273.6803622207261,428.7432000848942,501.3023663203013],"r":[-0.12239137264333763,4.071297259004581e-9,-0.9924758951239604,4.54159196704341e-8,1,-1.5444206582783828e-9,0.9924758951239604,-4.526001136307019e-8,-0.12239137264333763]}},{"t":0.8499999999999994,"j":false,"c":{"p":[273.8997328594323,428.7506578191289,501.33007543391165],"r":[-0.12152842382219751,3.79848917431916e-9,-0.9925818514662823,4.208351742330234e-8,1,-1.3722240357115847e-9,0.9925818514662823,-4.193483876587133e-8,-0.12152842382219751]}},{"t":0.8583333333333327,"j":false,"c":{"p":[274.1190662314154,428.75810893953036,501.35786985972794],"r":[-0.1206654750010574,3.525681089633738e-9,-0.9926878078086043,3.8751115176170565e-8,1,-1.200027413144785e-9,0.9926878078086043,-3.860966616867244e-8,-0.1206654750010574]}},{"t":0.866666666666666,"j":false,"c":{"p":[274.338428251023,428.7655651441087,501.38559870446153],"r":[-0.11892186857781745,3.1286423087934096e-9,-0.9928687501177401,3.37647691160647e-8,1,-1.0004434718599564e-9,0.9928687501177401,-3.3634008393498934e-8,-0.11892186857781745]}},{"t":0.8749999999999993,"j":false,"c":{"p":[274.55848967083074,428.77314547326534,501.4117264592918],"r":[-0.11631737455089691,2.630221498857119e-9,-0.9931186825652216,2.7388890525023068e-8,1,-7.933879296186973e-10,0.9931186825652216,-2.7271689129260375e-8,-0.11631737455089691]}},{"t":0.8833333333333326,"j":false,"c":{"p":[274.7814081831483,428.7812328589012,501.43131366413473],"r":[-0.10491379810863999,1.6427931619534876e-9,-0.9939561194189626,1.3010710369877631e-8,1,-1.0364758506567389e-9,0.9939561194189626,-1.2922502104417419e-8,-0.10491379810863999]}},{"t":0.8916666666666659,"j":false,"c":{"p":[275.00468370959186,428.7893836048675,501.4500835805174],"r":[-0.09351022166638312,6.553648250498602e-10,-0.9947935562727036,-1.3674697852677453e-9,1,-1.2795637716947795e-9,0.9947935562727036,1.4266849204254821e-9,-0.09351022166638312]}},{"t":0.8999999999999992,"j":false,"c":{"p":[275.22775982018294,428.79749895992524,501.4693100062174],"r":[-0.08210664522412629,-3.3206351185376253e-10,-0.9956309931264447,-1.5745649940413054e-8,1,-1.5226516927328192e-9,0.9956309931264447,1.5775871945268318e-8,-0.08210664522412629]}},{"t":0.9083333333333325,"j":false,"c":{"p":[275.450835930774,428.8056143149829,501.48853643191774],"r":[-0.07070306878186938,-1.3194918487573929e-9,-0.9964684299801858,-3.012383009555847e-8,1,-1.7657396137708605e-9,0.9964684299801858,3.012505897011127e-8,-0.07070306878186938]}},{"t":0.9166666666666659,"j":false,"c":{"p":[275.67392946853863,428.81386047331426,501.5080434910132],"r":[-0.05929949233961249,-2.306920185661021e-9,-0.9973058668339269,-4.450201025070385e-8,1,-2.0088275348089013e-9,0.9973058668339269,4.4474245994954176e-8,-0.05929949233961249]}},{"t":0.9249999999999992,"j":false,"c":{"p":[275.89703263588524,428.8221789084755,501.5277056172685],"r":[-0.04789591589735566,-3.2943485225646432e-9,-0.9981433036876679,-5.888019040584916e-8,1,-2.2519154558469406e-9,0.9981433036876679,5.8823433019797005e-8,-0.04789591589735566]}},{"t":0.9333333333333325,"j":false,"c":{"p":[276.1197196549752,428.82737385638006,501.54066642168465],"r":[-0.03514488973361898,-4.126577407594843e-9,-0.9989944967541898,-6.911128130023724e-8,1,-2.465724234982801e-9,0.9989944967541898,6.903126427938362e-8,-0.03514488973361898]}},{"t":0.9416666666666658,"j":false,"c":{"p":[276.3420397301719,428.8298146306054,501.54771825234377],"r":[-0.024288647817798385,-4.64894184186149e-9,-0.999660856524051,-7.381832869596762e-8,1,-2.6080376250704238e-9,0.999660856524051,7.372478126981166e-8,-0.024288647817798385]}},{"t":0.9499999999999991,"j":false,"c":{"p":[276.56398603823925,428.82945001793604,501.5487512332609],"r":[-0.020801550751998063,-4.289071416629872e-9,-0.9997095469864924,-6.398422828704587e-8,1,-2.541177613310284e-9,0.9997095469864924,6.390411136379723e-8,-0.020801550751998063]}},{"t":0.9583333333333324,"j":false,"c":{"p":[276.7859486995806,428.829208148164,501.5500475543463],"r":[-0.01731445368619774,-3.929200991398254e-9,-0.9997582374489337,-5.4150127878124135e-8,1,-2.474317601550144e-9,0.9997582374489337,5.408344145778279e-8,-0.01731445368619774]}},{"t":0.9666666666666657,"j":false,"c":{"p":[277.0079255311977,428.8290726363434,501.5515720623279],"r":[-0.013827356620397416,-3.5693305661666353e-9,-0.9998069279113749,-4.4316027469202383e-8,1,-2.4074575897900046e-9,0.9998069279113749,4.4262771551768347e-8,-0.013827356620397416]}},{"t":0.974999999999999,"j":false,"c":{"p":[277.229902362815,428.82893712452284,501.55309657030955],"r":[-0.010340259554597064,-3.209460140935014e-9,-0.9998556183738162,-3.448192706028055e-8,1,-2.340597578029864e-9,0.9998556183738162,3.4442101645753826e-8,-0.010340259554597064]}},{"t":0.9833333333333323,"j":false,"c":{"p":[277.452671588422,428.8288287181868,501.55470861785017],"r":[-0.006853162488796728,-2.8495897157033942e-9,-0.9999043088362575,-2.4647826651358775e-8,1,-2.2737375662697246e-9,0.9999043088362575,2.4621431739739358e-8,-0.006853162488796728]}},{"t":0.9916666666666656,"j":false,"c":{"p":[277.6738560260493,428.82866610088166,501.5561455862729],"r":[-0.0033660654229965116,-2.4897192904717567e-9,-0.9999529992986989,-1.4813726242436683e-8,1,-2.2068775545095564e-9,0.9999529992986989,1.480076183372457e-8,-0.0033660654229965116]}},{"t":0.9999999999999989,"j":false,"c":{"p":[277.8844504700139,428.82814123081636,501.5564126273797],"r":[-0.0012061638816618634,-1.8913515613645895e-9,-0.9999831580820338,-5.398119637818107e-10,1,-1.7899998230254088e-9,0.9999831580820338,5.351663839933037e-10,-0.0012061638816618634]}},{"t":1.0083333333333322,"j":false,"c":{"p":[278.0926468250303,428.8275343291307,501.5564147401158],"r":[1.4901161193847656e-8,-1.3718334621357703e-9,-1,1.1471081233240144e-8,1,-1.3718332235009775e-9,1,-1.1471081233240144e-8,1.4901161193847656e-8]}},{"t":1.0166666666666655,"j":false,"c":{"p":[278.30066471625383,428.8269213227198,501.5563971371021],"r":[1.4901161193847656e-8,-9.520369536354152e-10,-1,2.0619918356433237e-8,1,-9.520365849844245e-10,1,-2.0619918356433237e-8,1.4901161193847656e-8]}},{"t":1.0249999999999988,"j":false,"c":{"p":[278.50883603874246,428.82631356474434,501.556396484375],"r":[1.4901161193847656e-8,-5.322404451350664e-10,-1,2.976875547962619e-8,1,-5.322399464678776e-10,1,-2.976875547962619e-8,1.4901161193847656e-8]}},{"t":1.033333333333332,"j":false,"c":{"p":[278.71701326961164,428.8257060088775,501.556396484375],"r":[1.4901161193847656e-8,-1.1244393663471623e-10,-1,3.8917592602819174e-8,1,-1.1244330795132941e-10,1,-3.8917592602819174e-8,1.4901161193847656e-8]}},{"t":1.0416666666666654,"j":false,"c":{"p":[278.9251905004809,428.82509845301064,501.556396484375],"r":[1.4901161193847656e-8,3.073525718656388e-10,-1,4.806642972601227e-8,1,3.073533305652238e-10,1,-4.806642972601227e-8,1.4901161193847656e-8]}},{"t":1.0499999999999987,"j":false,"c":{"p":[279.13144704574177,428.8241968341273,501.556396484375],"r":[1.4901161193847656e-8,7.271490803659939e-10,-1,5.721526684920537e-8,1,7.27149969081777e-10,1,-5.721526684920537e-8,1.4901161193847656e-8]}},{"t":1.058333333333332,"j":false,"c":{"p":[279.34413845226726,428.82428041277205,501.556396484375],"r":[1.4901161193847656e-8,1.1198338529560108e-9,-1,6.262639399355339e-8,1,1.1198348146787655e-9,1,-6.262639399355339e-8,1.4901161193847656e-8]}},{"t":1.0666666666666653,"j":false,"c":{"p":[279.5732548273911,428.8268787058444,501.556396484375],"r":[1.4901161193847656e-8,1.4091551323879204e-9,-1,5.3787501843562304e-8,1,1.4091559497699705e-9,1,-5.3787501843562304e-8,1.4901161193847656e-8]}},{"t":1.0749999999999986,"j":false,"c":{"p":[279.80259977314563,428.82951199380034,501.556396484375],"r":[1.4901161193847656e-8,1.5401352442348116e-9,-1,4.1120591359855555e-8,1,1.540135862408817e-9,1,-4.1120591359855555e-8,1.4901161193847656e-8]}},{"t":1.083333333333332,"j":false,"c":{"p":[280.0316902583324,428.8321063230418,501.556396484375],"r":[1.4901161193847656e-8,1.5856111255858292e-9,-1,2.6386550975943198e-8,1,1.5856115149234265e-9,1,-2.6386550975943198e-8,1.4901161193847656e-8]}},{"t":1.0916666666666652,"j":false,"c":{"p":[280.2606957384372,428.83468763773743,501.556396484375],"r":[1.4901161193847656e-8,1.6310870069368473e-9,-1,1.1652510592030619e-8,1,1.6310871674380366e-9,1,-1.1652510592030619e-8,1.4901161193847656e-8]}},{"t":1.0999999999999985,"j":false,"c":{"p":[280.48991606322767,428.83741557530703,501.556396484375],"r":[1.4901161193847656e-8,1.6765628882878657e-9,-1,-3.08152979188196e-9,1,1.6765628199526466e-9,1,3.08152979188196e-9,1.4901161193847656e-8]}},{"t":1.1083333333333318,"j":false,"c":{"p":[280.71875175165786,428.83988101400035,501.556396484375],"r":[1.4901161193847656e-8,1.722038769638884e-9,-1,-1.781557017579454e-8,1,1.7220384724672568e-9,1,1.781557017579454e-8,1.4901161193847656e-8]}},{"t":1.1166666666666651,"j":false,"c":{"p":[280.94459246131464,428.8403024999029,501.556396484375],"r":[1.4901161193847656e-8,1.7106510133286187e-9,-1,-3.374657704094322e-8,1,1.7106504752647003e-9,1,3.374657704094322e-8,1.4901161193847656e-8]}},{"t":1.1249999999999984,"j":false,"c":{"p":[281.1692919404724,428.8399451418003,501.556396484375],"r":[1.4901161193847656e-8,1.6784936881109082e-9,-1,-4.6109939264749734e-8,1,1.6784929656172148e-9,1,4.6109939264749734e-8,1.4901161193847656e-8]}},{"t":1.1333333333333317,"j":false,"c":{"p":[281.3934593984253,428.8392247005813,501.556396484375],"r":[1.4901161193847656e-8,1.6192615430294043e-9,-1,-5.341141496862467e-8,1,1.6192607159584451e-9,1,5.341141496862467e-8,1.4901161193847656e-8]}},{"t":1.141666666666665,"j":false,"c":{"p":[281.6177397600378,428.8385813115778,501.556396484375],"r":[1.4901161193847656e-8,1.5600293979478998e-9,-1,-6.071289067249971e-8,1,1.5600284662996746e-9,1,6.071289067249971e-8,1.4901161193847656e-8]}},{"t":1.1499999999999984,"j":false,"c":{"p":[281.84198343510394,428.8380307262587,501.556396484375],"r":[1.4901161193847656e-8,1.5007972528663948e-9,-1,-6.801436637637478e-8,1,1.5007962166409038e-9,1,6.801436637637478e-8,1.4901161193847656e-8]}},{"t":1.1583333333333317,"j":false,"c":{"p":[282.0661447306068,428.83764754048696,501.556396484375],"r":[1.4901161193847656e-8,1.4415651077848903e-9,-1,-7.531584208024985e-8,1,1.4415639669821331e-9,1,7.531584208024985e-8,1.4901161193847656e-8]}},{"t":1.166666666666665,"j":false,"c":{"p":[282.2916021583414,428.8346305467652,501.556396484375],"r":[1.4901161193847656e-8,1.2147987710575058e-9,-1,-7.523665814284446e-8,1,1.2147976369202199e-9,1,7.523665814284446e-8,1.4901161193847656e-8]}},{"t":1.1749999999999983,"j":false,"c":{"p":[282.5183888296747,428.8289124610778,501.556396484375],"r":[1.4901161193847656e-8,8.935642697968159e-10,-1,-6.916248495152951e-8,1,8.935632316704877e-10,1,6.916248495152951e-8,1.4901161193847656e-8]}},{"t":1.1833333333333316,"j":false,"c":{"p":[282.74675598795665,428.81998274390077,501.556396484375],"r":[1.4901161193847656e-8,4.1175069915601084e-10,-1,-4.776453323543479e-8,1,4.1174998344890347e-10,1,4.776453323543479e-8,1.4901161193847656e-8]}},{"t":1.1916666666666649,"j":false,"c":{"p":[282.97511907850003,428.8110612925794,501.556396484375],"r":[1.4901161193847656e-8,-7.006287148479419e-11,-1,-2.636658151934007e-8,1,-7.006326477268072e-11,1,2.636658151934007e-8,1.4901161193847656e-8]}},{"t":1.1999999999999982,"j":false,"c":{"p":[283.2034087819379,428.80228896766425,501.556396484375],"r":[1.4901161193847656e-8,-5.518764421255991e-10,-1,-4.968629803245344e-9,1,-5.518765129942649e-10,1,4.968629803245344e-9,1.4901161193847656e-8]}},{"t":1.2083333333333315,"j":false,"c":{"p":[283.4316984853759,428.7935166427492,501.556396484375],"r":[1.4901161193847656e-8,-1.033690012766404e-9,-1,1.6429321912849377e-8,1,-1.033689761215849e-9,1,-1.6429321912849377e-8,1.4901161193847656e-8]}},{"t":1.2166666666666648,"j":false,"c":{"p":[283.66080371035264,428.78518975008103,501.556396484375],"r":[1.4901161193847656e-8,-1.515503583407205e-9,-1,3.7827273628943916e-8,1,-1.515503009437429e-9,1,-3.7827273628943916e-8,1.4901161193847656e-8]}},{"t":1.224999999999998,"j":false,"c":{"p":[283.8886341769516,428.77616659316794,501.5563964