{"v":1,"d":[{"t":0,"j":false,"c":{"p":[330.6404724121094,488.994384765625,368.98785400390625],"r":[1,5.198952024443315e-8,0.0000020793263502127957,-5.198943142659118e-8,1,-4.2849922721188705e-8,-0.0000020793263502127957,4.284981258706466e-8,1]}},{"t":0.03333333333333333,"j":false,"c":{"p":[330.6404724121094,488.994384765625,368.64996394159857],"r":[1,-1.2437575232780723e-8,0.000002074042075229987,1.2437549739927458e-8,1,1.2778700318041915e-8,-0.000002074042075229987,-1.2778677996915935e-8,1]}},{"t":0.06666666666666667,"j":false,"c":{"p":[330.6404724121094,488.994384765625,368.29079315107333],"r":[1,-7.262158986664879e-8,0.00000206857287630931,7.262145774491279e-8,1,6.466105638418027e-8,-0.00000206857287630931,-6.466091026360936e-8,1]}},{"t":0.1,"j":false,"c":{"p":[330.6404724121094,488.994384765625,367.446153588454],"r":[1,-3.600989216142241e-8,0.0000020588850812893844,3.600982865293069e-8,1,3.108131694450913e-8,-0.0000020588850812893844,-3.1081244485925435e-8,1]}},{"t":0.13333333333333333,"j":false,"c":{"p":[330.6404724121094,488.994384765625,366.602907582267],"r":[1,7.266795893158313e-10,0.000002049078199029258,-7.266742505250232e-10,1,-2.6062462849101563e-9,-0.000002049078199029258,2.6062448320367293e-9,1]}},{"t":0.16666666666666666,"j":false,"c":{"p":[330.6404724121094,488.994384765625,365.804872913108],"r":[1,4.1514556638379254e-8,0.0000020354077535666215,-4.151447485937156e-8,1,-3.9791951092922556e-8,-0.0000020354077535666215,3.979186763500661e-8,1]}},{"t":0.19999999999999998,"j":false,"c":{"p":[330.6404724121094,488.994384765625,365.0074559501162],"r":[0.9999997072281946,8.004326674765797e-8,0.00008587379457219996,-8.004493985701686e-8,1,-7.487748163618813e-8,-0.00008587379457219996,7.48791939331686e-8,0.9999997072281946]}},{"t":0.2333333333333333,"j":false,"c":{"p":[330.6404724121094,488.994384765625,364.2342749650826],"r":[0.9999879274235608,2.993255076300296e-8,0.003459685180638707,-3.0007831757410465e-8,1,-2.756173485634139e-8,-0.003459685180638707,2.763891765991504e-8,0.9999879274235608]}},{"t":0.26666666666666666,"j":false,"c":{"p":[330.6404724121094,488.994384765625,363.461093980049],"r":[0.9999761476189271,-2.0178165221652085e-8,0.006833496566705216,2.0029276342195986e-8,1,1.9754011923505404e-8,-0.006833496566705216,-1.9601358613338575e-8,0.9999761476189271]}},{"t":0.3,"j":false,"c":{"p":[330.63514208691004,488.994384765625,362.63708428089274],"r":[0.9999876499875316,-2.8562269747214235e-8,0.0035390253026878803,2.84851482242066e-8,1,2.7527216519149013e-8,-0.0035390253026878803,-2.744814581298989e-8,0.9999876499875316]}},{"t":0.3333333333333333,"j":false,"c":{"p":[330.62989028341553,488.994384765625,361.81116636690075],"r":[0.9999941706592587,-3.412485536170081e-8,-0.00033221852865885493,3.411128087701907e-8,1,3.264051954842715e-8,0.00033221852865885493,-3.262573898178281e-8,0.9999941706592587]}},{"t":0.36666666666666664,"j":false,"c":{"p":[330.641470394441,488.994384765625,361.00924750273066],"r":[0.9996888506394199,5.089338870628567e-9,-0.017825878624850047,-5.810732981412539e-9,1,-3.963438663129648e-9,0.017825878624850047,4.749209115617008e-9,0.9996888506394199]}},{"t":0.39999999999999997,"j":false,"c":{"p":[330.6536305617124,488.994384765625,360.2074703621552],"r":[0.9993627948064794,4.321411599164285e-8,-0.03540001560886194,-4.463846058678485e-8,1,-3.957168644789398e-8,0.03540001560886194,4.1121533307962164e-8,0.9993627948064794]}},{"t":0.4333333333333333,"j":false,"c":{"p":[330.68924248127496,488.994384765625,359.4114231256342],"r":[0.9981983872519609,3.729361230760156e-8,-0.05622784402617724,-3.922404732939255e-8,1,-3.4923227326655805e-8,0.05622784402617724,3.695763773533127e-8,0.9981983872519609]}},{"t":0.4666666666666666,"j":false,"c":{"p":[330.72534560916847,488.994384765625,358.6153567020367],"r":[0.997048402723812,3.0589947804041854e-8,-0.07677277473840971,-3.294949176950794e-8,1,-2.954651302445833e-8,0.07677277473840971,3.1982829595643645e-8,0.997048402723812]}},{"t":0.49999999999999994,"j":false,"c":{"p":[330.79108030005364,488.994384765625,357.8181328406911],"r":[0.9967684702437765,-2.3356969090563004e-8,-0.08025223518069885,2.521213331186564e-8,1,1.9761335805514196e-8,0.08025223518069885,-2.190932236122927e-8,0.9967684702437765]}},{"t":0.5333333333333333,"j":false,"c":{"p":[330.85676407622014,488.994384765625,357.02174268960533],"r":[0.9964931006003152,-7.5745759582543e-8,-0.0836749827296305,8.169469008693191e-8,1,6.767175679664688e-8,0.0836749827296305,-7.427023538974479e-8,0.9964931006003152]}},{"t":0.5666666666666667,"j":false,"c":{"p":[330.91937547743026,488.994384765625,356.27566157664523],"r":[0.9964930687213024,-3.41116690322784e-8,-0.08367547286945186,3.6856301809157216e-8,1,3.1256418828161715e-8,0.08367547286945186,-3.4230753068009375e-8,0.9964930687213024]}},{"t":0.6,"j":false,"c":{"p":[330.983236317288,488.994384765625,355.51469207980006],"r":[0.9964930461609185,8.331056842438938e-9,-0.08367580696004254,-8.852955812600597e-9,1,-5.866195311571598e-9,0.08367580696004254,6.5863942069346465e-9,0.9964930461609185]}},{"t":0.6333333333333333,"j":false,"c":{"p":[331.05437122657435,488.994384765625,354.66704434688046],"r":[0.9964930778523805,5.548155248530348e-8,-0.08367523255229259,-5.963230157623442e-8,1,-4.710647940220202e-8,0.08367523255229259,5.19310057735738e-8,0.9964930778523805]}},{"t":0.6666666666666666,"j":false,"c":{"p":[331.12506308670174,488.994384765625,353.8457063244306],"r":[0.9963244756641838,7.456775679692044e-8,-0.08552772518507415,-8.019907379583165e-8,1,-6.443485153734524e-8,0.08552772518507415,7.087000352216085e-8,0.9963244756641838]}},{"t":0.7,"j":false,"c":{"p":[331.1945311952026,488.994384765625,353.09703868251796],"r":[0.9956900877266378,1.6137230816096678e-8,-0.09249859748043981,-1.731531853868533e-8,1,-1.5715832418169994e-8,0.09249859748043981,1.6873724894777654e-8,0.9956900877266378]}},{"t":0.7333333333333333,"j":false,"c":{"p":[331.2686569052391,488.994384765625,352.3232109843667],"r":[0.9950308073494077,-2.6572128332775438e-8,-0.09945306957202443,2.874111125976513e-8,1,2.0309315998217735e-8,0.09945306957202443,-2.3068668939172973e-8,0.9950308073494077]}},{"t":0.7666666666666666,"j":false,"c":{"p":[331.35531609686706,488.994384765625,351.4816782454769],"r":[0.9943045420804547,-2.6976246558433256e-8,-0.1063634091523544,2.9515656753251925e-8,1,2.2175596687425894e-8,0.1063634091523544,-2.519243337693298e-8,0.9943045420804547]}},{"t":0.7999999999999999,"j":false,"c":{"p":[331.4445578482078,488.994384765625,350.65696571335377],"r":[0.9933201513349891,-1.6641830691666015e-8,-0.11501330378758143,1.82926799169991e-8,1,1.533121175859548e-8,0.11501330378758143,-1.707285386823336e-8,0.9933201513349891]}},{"t":0.8333333333333333,"j":false,"c":{"p":[331.5410919452839,488.994384765625,349.8797482158951],"r":[0.9916068944926406,2.401486694262946e-8,-0.12857516108649497,-2.6807570061329506e-8,1,-1.610938481137513e-8,0.12857516108649497,1.9970744385757682e-8,0.9916068944926406]}},{"t":0.8666666666666666,"j":false,"c":{"p":[331.64024697410827,488.994384765625,349.10690293300746],"r":[0.9900408638870809,5.251671881630242e-8,-0.14071152865060965,-5.846672866439151e-8,1,-3.839218411730484e-8,0.14071152865060965,4.6196998056558156e-8,0.9900408638870809]}},{"t":0.8999999999999999,"j":false,"c":{"p":[331.7487663923513,488.994384765625,348.3496792396141],"r":[0.9890008614067594,3.759023300050105e-8,-0.1477547300162455,-4.210189201025142e-8,1,-2.7954871633503098e-8,0.1477547300162455,3.377370382572026e-8,0.9890008614067594]}},{"t":0.9333333333333332,"j":false,"c":{"p":[331.8632319526457,488.994384765625,347.5816873155741],"r":[0.9876214500835232,1.3363714785176328e-8,-0.15657419123512106,-1.492798094849753e-8,1,-1.065912712888381e-8,0.15657419123512106,1.2543403739297227e-8,0.9876214500835232]}},{"t":0.9666666666666666,"j":false,"c":{"p":[331.9948209975102,488.994384765625,346.78268543083516],"r":[0.9852646214644505,-3.7644699980270235e-8,-0.17050886126101508,4.337351119588991e-8,1,2.6387281565571287e-8,0.17050886126101508,-3.404899290849768e-8,0.9852646214644505]}},{"t":0.9999999999999999,"j":false,"c":{"p":[332.1325265925567,488.994384765625,345.97907828258496],"r":[0.9833718379317519,-6.088969208538192e-8,-0.18158597772946533,6.98646307401367e-8,1,4.342465794190966e-8,0.18158597772946533,-5.531031027774506e-8,0.9833718379317519]}},{"t":1.0333333333333332,"j":false,"c":{"p":[332.28581899502944,488.994384765625,345.16373553937336],"r":[0.9826615806897323,-1.338514243452594e-8,-0.1853811892539289,1.529336427814054e-8,1,9.473008764507762e-9,0.1853811892539289,-1.202042756380686e-8,0.9826615806897323]}},{"t":1.0666666666666667,"j":false,"c":{"p":[332.443653387885,488.994384765625,344.3538221731224],"r":[0.9801727293973483,2.6712494613846252e-8,-0.19732922802816805,-3.158090102309149e-8,1,-1.919381624398178e-8,0.19732922802816805,2.5537108669569377e-8,0.9801727293973483]}},{"t":1.1,"j":false,"c":{"p":[332.60653263966674,488.994384765625,343.5499392997864],"r":[0.9757083662005536,5.8583159342065035e-8,-0.21833273805130549,-6.990598815843549e-8,1,-4.199070535773159e-8,0.21833273805130549,5.6727639059067026e-8,0.9757083662005536]}},{"t":1.1333333333333335,"j":false,"c":{"p":[332.779044059985,488.994384765625,342.77166211083727],"r":[0.973110138115904,4.3332548432723454e-8,-0.2303186427296754,-5.160600146073522e-8,1,-3.0546169350862135e-8,0.2303186427296754,4.145991961238824e-8,0.973110138115904]}},{"t":1.166666666666667,"j":false,"c":{"p":[332.9603357175615,488.994384765625,342.0167258739519],"r":[0.9722129920854802,-1.487162775578971e-8,-0.23408451739829894,1.8310771336593305e-8,1,1.211125869405769e-8,0.23408451739829894,-1.6156981601849005e-8,0.9722129920854802]}},{"t":1.2000000000000004,"j":false,"c":{"p":[333.144022699599,488.994384765625,341.26641783262613],"r":[0.9699250034290859,-3.3097425480606383e-8,-0.24318837900788554,4.049246655884841e-8,1,2.5305003635023305e-8,0.24318837900788554,-3.441925481551587e-8,0.9699250034290859]}},{"t":1.2333333333333338,"j":false,"c":{"p":[333.3286414775142,488.994384765625,340.5179101877034],"r":[0.9670959684774919,-3.577138926534156e-8,-0.25436875021266653,4.410492440599139e-8,1,2.7037195493940442e-8,0.25436875021266653,-3.737233683739067e-8,0.9670959684774919]}},{"t":1.2666666666666673,"j":false,"c":{"p":[333.55289782665153,488.994384765625,339.70899217131563],"r":[0.9632317796030532,8.546505191082224e-10,-0.2683095235724345,-1.4686211328678973e-9,1,5.452314454348541e-12,0.2683095235724345,9.264851517956729e-10,0.9632317796030532]}},{"t":1.3000000000000007,"j":false,"c":{"p":[333.78135404941975,488.9912795918129,338.89490402897553],"r":[0.9592557453670977,4.100309919453154e-8,-0.28252949938394145,-5.1460354119061055e-8,1,-2.9598726254423198e-8,0.28252949938394145,4.293019777789788e-8,0.9592557453670977]}},{"t":1.3333333333333341,"j":false,"c":{"p":[334.00899188797473,488.7756354607312,338.1663052533647],"r":[0.9551529871744933,3.641807112024672e-8,-0.2957834298439404,-4.613036330438983e-8,1,-2.6076189828233113e-8,0.2957834298439404,3.849444503229809e-8,0.9551529871744933]}},{"t":1.3666666666666676,"j":false,"c":{"p":[334.2366275143515,488.55974507775164,337.4377774391837],"r":[0.9510534937716956,3.175209821074409e-8,-0.3090259562523619,-4.0693783365246735e-8,1,-2.249405082836961e-8,0.3090259562523619,3.3967237473253304e-8,0.9510534937716956]}},{"t":1.400000000000001,"j":false,"c":{"p":[334.46298449315947,488.20152014594015,336.75026560567505],"r":[0.9488410614964664,-1.970030232737165e-8,-0.31567689676945787,2.635172251316433e-8,1,1.553860613408782e-8,0.31567689676945787,-2.3421205753499517e-8,0.9488410614964664]}},{"t":1.4333333333333345,"j":false,"c":{"p":[334.68935225789943,487.84394631382304,336.06305000741077],"r":[0.9466388247289588,-7.028996560621187e-8,-0.32229605803140093,9.226783278569376e-8,1,5.292427556435362e-8,0.32229605803140093,-7.983518283608388e-8,0.9466388247289588]}},{"t":1.466666666666668,"j":false,"c":{"p":[334.9168306356863,487.5534153498949,335.40633735764527],"r":[0.9454864058099909,-3.204472255909008e-8,-0.3256429517237483,4.189158200069896e-8,1,2.369050066393932e-8,0.3256429517237483,-3.590967915053723e-8,0.9454864058099909]}},{"t":1.5000000000000013,"j":false,"c":{"p":[335.1456257429787,487.2783047910824,334.746181037043],"r":[0.944289471472007,5.890229151610066e-9,-0.32911068223027296,-8.108650598815197e-9,1,-5.312439780519238e-9,0.32911068223027296,7.700827693871962e-9,0.944289471472007]}},{"t":1.5333333333333348,"j":false,"c":{"p":[335.4079436604564,487.39578459461535,333.99835179400577],"r":[0.9419592125326018,3.592542808116153e-8,-0.33565481496533306,-4.853578089786199e-8,1,-2.8438531852571534e-8,0.33565481496533306,4.329178362034214e-8,0.9419592125326018]}},{"t":1.5666666666666682,"j":false,"c":{"p":[335.6702691652858,487.51750559842054,333.2516284931269],"r":[0.9396272477626059,6.368267648670128e-8,-0.3421958288792608,-8.588044971844363e-8,1,-4.978735180771095e-8,0.3421958288792608,7.614961258534243e-8,0.9396272477626059]}},{"t":1.6000000000000016,"j":false,"c":{"p":[335.93286095718315,487.7880765331834,332.54371953803417],"r":[0.9372354148540316,1.149256177360393e-8,-0.3486273840832917,-1.5042493622278206e-8,1,-8.76070847085966e-9,0.3486273840832917,1.3085123951821018e-8,0.9372354148540316]}},{"t":1.633333333333335,"j":false,"c":{"p":[336.1954527490805,488.0586474679463,331.83581058294146],"r":[0.9348435819454574,-4.069755293949341e-8,-0.3550589392873225,5.5795462473887206e-8,1,3.2265934865991614e-8,0.3550589392873225,-4.997936468170037e-8,0.9348435819454574]}},{"t":1.6666666666666685,"j":true,"c":{"p":[336.4358566983858,487.89363836798657,331.20402404288893],"r":[0.933451387765544,-3.3500191948431453e-8,-0.3586870975266674,4.609536327385686e-8,1,2.6642790071972477e-8,0.3586870975266674,-4.138029261800015e-8,0.933451387765544]}},{"t":1.700000000000002,"j":false,"c":{"p":[336.6879925876654,488.18929552262006,330.54381839747015],"r":[0.9323248267173767,-1.7186028437701054e-8,-0.3616218566894531,2.3817182183952603e-8,1,1.3880032786747119e-8,0.3616218566894531,-2.155351424959365e-8,0.9323248267173767]}},{"t":1.7333333333333354,"j":false,"c":{"p":[336.9503888029575,489.67476100411795,329.87255041968046],"r":[0.9312959242843,2.237793221708593e-8,-0.3642474325296158,-3.071386721285781e-8,1,-1.668806222988076e-8,0.3642474325296158,2.6850110679391403e-8,0.9312959242843]}},{"t":1.7666666666666688,"j":false,"c":{"p":[337.24472025704307,491.21557911271873,329.12189127000477],"r":[0.9297894882140472,6.500365833449374e-8,-0.3680915891995323,-8.949689790488921e-8,1,-4.946605610891504e-8,0.3680915891995323,7.893736829046819e-8,0.9297894882140472]}},{"t":1.8000000000000023,"j":false,"c":{"p":[337.52751567419017,492.2649481080189,328.4073684561975],"r":[0.9297802827412143,6.392036629546503e-8,-0.3681149884861072,-8.800499963591604e-8,1,-4.86395681547927e-8,0.3681149884861072,7.762006166520333e-8,0.9297802827412143]}},{"t":1.8333333333333357,"j":false,"c":{"p":[337.8116224354663,493.2963431438997,327.690607223103],"r":[0.9296673975784693,6.046012768337126e-8,-0.3683944999737838,-8.323448834395942e-8,1,-4.6030388916774835e-8,0.3683944999737838,7.342550415517449e-8,0.9296673975784693]}},{"t":1.8666666666666691,"j":false,"c":{"p":[338.1259402043341,493.97668825379327,326.9206809519739],"r":[0.9271091328775949,8.51033828604469e-9,-0.3747265148874947,-1.1579075604429193e-8,1,-7.1343014486472955e-9,0.3747265148874947,1.0583316025083217e-8,0.9271091328775949]}},{"t":1.9000000000000026,"j":false,"c":{"p":[338.4402579732019,494.6570333636868,326.1507546808448],"r":[0.9245508681767204,-4.343945111128188e-8,-0.3810585298012056,6.007633713510103e-8,1,3.1761786019480244e-8,0.3810585298012056,-5.2258872105008055e-8,0.9245508681767204]}},{"t":1.933333333333336,"j":false,"c":{"p":[338.73503834665064,494.86595101967583,325.44715284145855],"r":[0.9231850396649892,-5.634062046100939e-8,-0.38433998370612815,7.848210509886669e-8,1,4.177829413315399e-8,0.38433998370612815,-6.877785385896896e-8,0.9231850396649892]}},{"t":1.9666666666666694,"j":false,"c":{"p":[339.03064784347663,495.0602379693827,324.74121180447196],"r":[0.9220277874330904,-6.744660271847017e-8,-0.38710858690901506,9.437215502181568e-8,1,5.0433611686445114e-8,0.38710858690901506,-8.306976683791661e-8,0.9220277874330904]}},{"t":2.0000000000000027,"j":false,"c":{"p":[339.3519572655826,494.8312044267847,323.9623495374428],"r":[0.9271098390060016,-2.591617093695472e-8,-0.37454027460257894,3.644478512084519e-8,1,1.9150713354580057e-8,0.37454027460257894,-3.198374889079808e-8,0.9271098390060016]}},{"t":2.033333333333336,"j":false,"c":{"p":[339.67246231744724,494.59663213050976,323.1845819312271],"r":[0.932189909204016,1.5570341685217728e-8,-0.3619617199767044,-2.1377407590058772e-8,1,-1.20877162645544e-8,0.3619617199767044,1.8990642449299163e-8,0.932189909204016]}},{"t":2.066666666666669,"j":false,"c":{"p":[339.93790901609384,493.9829375834659,322.48174278286416],"r":[0.9371343562358372,5.405063097396893e-8,-0.3486820886420599,-7.200032491291956e-8,1,-4.028230616048568e-8,0.3486820886420599,6.232430214339022e-8,0.9371343562358372]}},{"t":2.1000000000000023,"j":false,"c":{"p":[340.20341620459044,493.35967613523843,321.7771772396522],"r":[0.9421071313725778,9.125544670382213e-8,-0.3352893459827562,-1.2091782481478338e-7,1,-6.750375235585368e-8,0.3352893459827562,1.0416343890105138e-7,0.9421071313725778]}},{"t":2.1333333333333355,"j":false,"c":{"p":[340.4722451996637,492.21104728566104,320.97780653872894],"r":[0.9486355474197044,5.84174955782475e-8,-0.3156850828363792,-7.618214470617102e-8,1,-4.128490819014754e-8,0.3156850828363792,6.393068881623532e-8,0.9486355474197044]}},{"t":2.1666666666666687,"j":false,"c":{"p":[340.74096880843945,491.0614570472385,320.17848078434275],"r":[0.9551604099560365,2.5527150155237848e-8,-0.29608640748932036,-3.138581628277043e-8,1,-1.5015674506346693e-8,0.29608640748932036,2.3639778573041887e-8,0.9551604099560365]}},{"t":2.200000000000002,"j":false,"c":{"p":[340.96455500215836,489.50009973516046,319.3984058296022],"r":[0.9601632881793745,-2.9803903457852945e-8,-0.27888101118336284,3.938645229081441e-8,1,3.283561155261317e-8,0.27888101118336284,-4.1561383478643823e-8,0.9601632881793745]}},{"t":2.233333333333335,"j":false,"c":{"p":[341.1877006056759,487.9260991378442,318.6186277151499],"r":[0.9650119204300982,-8.267314884557476e-8,-0.2622060617979785,1.0698708035074772e-7,1,7.845220268654972e-8,0.2622060617979785,-1.0375999154422754e-7,0.9650119204300982]}},{"t":2.2666666666666684,"j":false,"c":{"p":[341.3970044142887,485.9548909752393,317.84817527878937],"r":[0.9650146865880297,-5.8201036114958886e-8,-0.26219588947526246,7.494591573928495e-8,1,5.38625370128274e-8,0.26219588947526246,-7.162891108423489e-8,0.9650146865880297]}},{"t":2.3000000000000016,"j":false,"c":{"p":[341.6061363513865,483.9728842843347,317.07798806638743],"r":[0.9650637589831373,-3.3441545891346535e-8,-0.26201053378978895,4.2543219366606784e-8,1,2.9002472112915456e-8,0.26201053378978895,-3.914878804749747e-8,0.9650637589831373]}},{"t":2.333333333333335,"j":false,"c":{"p":[341.80905140656137,481.6002766531074,316.3173944508862],"r":[0.9667878059008623,1.7128718517024004e-9,-0.2554885010754796,-2.936689193508103e-9,1,-5.6383878250667904e-9,0.2554885010754796,5.956792357621074e-9,0.9667878059008623]}},{"t":2.366666666666668,"j":false,"c":{"p":[342.0119664617363,479.2276690218801,315.5568008353849],"r":[0.9685118528185874,3.686728959475134e-8,-0.24896646836117028,-4.8416597753623e-8,1,-4.0279247763049044e-8,0.24896646836117028,5.106237276273963e-8,0.9685118528185874]}},{"t":2.4000000000000012,"j":false,"c":{"p":[342.2030604002372,476.5119337583224,314.8135261625723],"r":[0.9685531011091976,7.100565580017215e-8,-0.2488068783285458,-9.23349105368558e-8,1,-7.407733316658586e-8,0.2488068783285458,9.471721136805078e-8,0.9685531011091976]}},{"t":2.4333333333333345,"j":true,"c":{"p":[342.39443885300744,473.77403560115096,314.0689525696027],"r":[0.9685837074118046,1.0175132654985917e-7,-0.24868766778152326,-1.318602914550306e-7,1,-1.0441370386104788e-7,0.24868766778152326,1.3392543645048587e-7,0.9685837074118046]}},{"t":2.4666666666666677,"j":true,"c":{"p":[342.5943306647481,470.5442404955642,313.2904782009343],"r":[0.9685838179583911,5.021765924059542e-8,-0.24868724401960818,-6.488202555599164e-8,1,-5.077060746850512e-8,0.24868724401960818,6.531093257537099e-8,0.9685838179583911]}},{"t":2.500000000000001,"j":true,"c":{"p":[342.7935085241529,467.8318563533401,312.51478013466055],"r":[0.9685837848438179,-1.102871786021553e-9,-0.24868745608361936,1.8191750477608552e-9,1,2.6505536624257492e-9,0.24868745608361936,-3.0196839120922557e-9,0.9685837848438179]}},{"t":2.533333333333334,"j":true,"c":{"p":[342.97948029100615,467.88280268178056,311.7904942046279],"r":[0.96858390663641,-4.9000888242704824e-8,-0.24868693846510298,6.40720819282213e-8,1,5.2509029992740134e-8,0.24868693846510298,-6.67932847322765e-8,0.96858390663641]}},{"t":2.5666666666666673,"j":false,"c":{"p":[343.1970856443942,469.2623094713134,310.9430989831714],"r":[0.9685839414596558,-8.736270492308062e-8,-0.24868681866442208,1.1387681942479421e-7,1,9.223070465276135e-8,0.24868681866442208,-1.1765284526452549e-7,0.9685839414596558]}},{"t":2.6000000000000005,"j":false,"c":{"p":[343.3897605977584,470.66134240262494,310.19273051448664],"r":[0.9685839414596558,-5.261309867424475e-8,-0.24868681096875195,6.845383366627559e-8,1,5.504991811788027e-8,0.24868681096875195,-7.034403223456941e-8,0.9685839414596558]}},{"t":2.6333333333333337,"j":false,"c":{"p":[343.5841766078725,471.95801076130704,309.4355815376742],"r":[0.9685839008860088,-1.7581795431825638e-8,-0.24868697374810494,2.2662616453056317e-8,1,1.75677286610577e-8,0.24868697374810494,-2.265170419128569e-8,0.9685839008860088]}},{"t":2.666666666666667,"j":false,"c":{"p":[343.7832489426239,472.98091281020925,308.6602986045441],"r":[0.9685837518012105,1.820288512100881e-8,-0.24868759245001762,-2.411340794402352e-8,1,-2.0720540121622175e-8,0.24868759245001762,2.606630575782677e-8,0.9685837518012105]}},{"t":2.7,"j":false,"c":{"p":[343.98541426708186,473.88984865913227,307.8729700894159],"r":[0.9685836596383527,4.748604439672044e-8,-0.24868797330568526,-6.237211182290671e-8,1,-5.197905310324635e-8,0.24868797330568526,6.585725422659418e-8,0.9685836596383527]}},{"t":2.7333333333333334,"j":false,"c":{"p":[344.1958107060595,474.4954958028165,307.0535856755325],"r":[0.968583718957089,5.946724949143785e-8,-0.2486877212010565,-7.796438379004262e-8,1,-6.452986559615203e-8,0.2486877212010565,8.189136147001046e-8,0.968583718957089]}},{"t":2.7666666666666666,"j":false,"c":{"p":[344.40076825748514,474.9736370302882,306.2478175894932],"r":[0.9690233175448013,5.6181456575012596e-8,-0.2469246156156127,-7.354753711858527e-8,1,-6.027005514523518e-8,0.2469246156156127,7.67113544425555e-8,0.9690233175448013]}},{"t":2.8,"j":false,"c":{"p":[344.590523250774,475.0953788864754,305.4801093113986],"r":[0.9706914984898759,1.0221969337561003e-8,-0.24023405339998183,-1.3202012668216475e-8,1,-9.02187249913371e-9,0.24023405339998183,1.2234514663451686e-8,0.9706914984898759]}},{"t":2.833333333333333,"j":false,"c":{"p":[344.7787253144559,475.11172308460976,304.70723075809406],"r":[0.9725320327419811,-3.0014510753578476e-8,-0.23266848065011414,3.927364859518747e-8,1,3.572452599541686e-8,0.23266848065011414,-4.378621089060786e-8,0.9725320327419811]}},{"t":2.8666666666666663,"j":false,"c":{"p":[344.96201783777076,474.7948557485622,303.91800653481255],"r":[0.9749174568039544,-5.215787543221286e-8,-0.22233658834509673,6.686897347562258e-8,1,5.991572893739647e-8,0.22233658834509673,-7.30731849913527e-8,0.9749174568039544]}},{"t":2.8999999999999995,"j":false,"c":{"p":[345.1419797046923,474.3627430932521,303.1302943546958],"r":[0.9768650983304258,-5.888391507378828e-8,-0.21384335825976436,7.506437123560396e-8,1,6.718251956129186e-8,0.21384335825976436,-8.17380739768591e-8,0.9768650983304258]}},{"t":2.9333333333333327,"j":false,"c":{"p":[345.31273447917056,473.6120523011446,302.3467619876708],"r":[0.9776025566982658,-2.2991107233005286e-8,-0.21043282990926432,2.963162448101597e-8,1,2.766434939729591e-8,0.21043282990926432,-3.3396348768142186e-8,0.9776025566982658]}},{"t":2.966666666666666,"j":false,"c":{"p":[345.4766957056491,472.7659054900239,301.57515001250374],"r":[0.9790422731459915,1.2537848766310804e-8,-0.20330867354579016,-1.478450184083203e-8,1,-1.1316014815267807e-8,0.20330867354579016,1.3810610717962358e-8,0.9790422731459915]}},{"t":2.999999999999999,"j":false,"c":{"p":[345.6223431526281,471.6624320972453,300.83567256086445],"r":[0.9823751093048333,4.7085947282122946e-8,-0.18617346484631483,-5.646006278498151e-8,1,-4.884658289650359e-8,0.18617346484631483,5.7958513400724104e-8,0.9823751093048333]}},{"t":3.0333333333333323,"j":false,"c":{"p":[345.7580129011445,470.4291378047058,300.0853538535068],"r":[0.9862111161055721,7.022738666049137e-8,-0.16336368641336738,-8.348714094760816e-8,1,-7.268784881472634e-8,0.16336368641336738,8.54899285914803e-8,0.9862111161055721]}},{"t":3.0666666666666655,"j":false,"c":{"p":[345.8680841422394,468.8627785996065,299.30722112009846],"r":[0.9913380435990105,6.410421660222362e-8,-0.1259953887005816,-7.293247652678591e-8,1,-6.140821943542781e-8,0.1259953887005816,7.03905427034143e-8,0.9913380435990105]}},{"t":3.0999999999999988,"j":true,"c":{"p":[345.9699407407588,467.51715213941014,298.5131817638534],"r":[0.9954500035554166,4.4698253922697155e-8,-0.09512276080213868,-4.8580984728660276e-8,1,-3.631918048970814e-8,0.09512276080213868,4.0945417637087114e-8,0.9954500035554166]}},{"t":3.133333333333332,"j":true,"c":{"p":[346.04657840203555,466.849174790536,297.670309105444],"r":[0.9964460150838144,-1.548585709918406e-8,-0.08419182700560425,1.8126741145204755e-8,1,3.1164719828656516e-8,0.08419182700560425,-3.2541099700591315e-8,0.9964460150838144]}},{"t":3.166666666666665,"j":false,"c":{"p":[346.1169062738581,468.44699332800883,296.83634121052347],"r":[0.9964931607246399,-5.948632368926117e-8,-0.0836745570714633,6.629379698377199e-8,1,7.857812236575008e-8,0.0836745570714633,-8.384966301659312e-8,0.9964931607246399]}},{"t":3.1999999999999984,"j":false,"c":{"p":[346.1798346540695,469.7804778578761,296.0864829572741],"r":[0.9964931607246399,-5.37814967298049e-8,-0.08367452716708554,5.947612689834134e-8,1,6.556420488178258e-8,0.08367452716708554,-7.03109168241166e-8,0.9964931607246399]}},{"t":3.2333333333333316,"j":false,"c":{"p":[346.2438415485567,471.0225115913338,295.323773064936],"r":[0.9964931607246399,-4.181326509950967e-8,-0.08367450535297394,4.571822843595508e-8,1,4.475238753543263e-8,0.08367450535297394,-4.842089697992419e-8,0.9964931607246399]}},{"t":3.266666666666665,"j":false,"c":{"p":[346.31075648467083,472.0179628466924,294.52641077875836],"r":[0.9964931607246399,-1.2956762336440982e-8,-0.08367450535297394,1.3247111729968559e-8,1,2.91477765882109e-9,0.08367450535297394,-4.013000494165041e-9,0.9964931607246399]}},{"t":3.299999999999998,"j":false,"c":{"p":[346.3782341666468,472.898582274548,293.7186168948063],"r":[0.9965667994428976,1.6334156668879663e-8,-0.08275984030866157,-1.9589068018256895e-8,1,-3.941697966835081e-8,0.08275984030866157,4.085418117105119e-8,0.9965667994428976]}},{"t":3.3333333333333313,"j":false,"c":{"p":[346.4472245243992,473.47053070963835,292.8827825998361],"r":[0.9968383809855866,4.679279803554393e-8,-0.07938653140737435,-5.3406546889905266e-8,1,-8.307701842632059e-8,0.07938653140737435,8.695593355928074e-8,0.9968383809855866]}},{"t":3.3666666666666645,"j":false,"c":{"p":[346.5145572293005,473.92651943014687,292.0533914325404],"r":[0.9970447771666116,6.450540713490912e-8,-0.07682231876876845,-7.291145112298874e-8,1,-1.0660340328722236e-7,0.07682231876876845,1.1189016239068342e-7,0.9970447771666116]}},{"t":3.3999999999999977,"j":false,"c":{"p":[346.57676283677716,474.0238463514788,291.24392877035007],"r":[0.9970495559223204,4.279471408289752e-8,-0.07676062972058771,-4.814775923868271e-8,1,-6.785667410370529e-8,0.07676062972058771,7.13535325676537e-8,0.9970495559223204]}},{"t":3.433333333333331,"j":false,"c":{"p":[346.6377777616726,474.0102076452513,290.4499088076537],"r":[0.9970530271530151,1.564514074213342e-8,-0.07671581235240682,-1.727307289829733e-8,1,-2.0556730031329668e-8,0.07671581235240682,2.1821267194664397e-8,0.9970530271530151]}},{"t":3.466666666666664,"j":false,"c":{"p":[346.6956316503514,473.7019762633102,289.69688628050767],"r":[0.9970530271530151,-2.594362726085619e-8,-0.076715786091745,2.9825143625972575e-8,1,4.945037584849983e-8,0.076715786091745,-5.1592702852890294e-8,0.9970530271530151]}},{"t":3.4999999999999973,"j":false,"c":{"p":[346.755045904392,473.2559511708517,288.92355413727864],"r":[0.9970530271530151,-5.1914335767316144e-8,-0.07671577050739345,5.9160890907861064e-8,1,9.218715870408161e-8,0.07671577050739345,-9.645405497253182e-8,0.9970530271530151]}},{"t":3.5333333333333306,"j":false,"c":{"p":[346.8183253169404,472.4685992676357,288.09991333729533],"r":[0.9970530271530151,-3.9197774599763257e-8,-0.07671578136917596,4.449748209682651e-8,1,6.737301814495e-8,0.07671578136917596,-7.058812948629167e-8,0.9970530271530151]}},{"t":3.5666666666666638,"j":false,"c":{"p":[346.88120299975907,471.5746375025272,287.27628669306534],"r":[0.9972569322385124,-2.356165031485421e-8,-0.07349234292934441,2.6664114873415442e-8,1,3.7614776742236566e-8,0.07349234292934441,-3.961171925535119e-8,0.9972569322385124]}},{"t":3.599999999999997,"j":false,"c":{"p":[346.9427339635064,470.32328736524283,286.4527075031846],"r":[0.9981443885948832,1.8617290274630019e-9,-0.05946293139991908,-1.7959078652908931e-9,1,-8.717580047131432e-9,0.05946293139991908,8.496575320213249e-9,0.9981443885948832]}},{"t":3.63333333333333,"j":false,"c":{"p":[346.9874367673733,469.1153414254366,285.6502795877249],"r":[0.998162508878435,2.5647997252761214e-8,-0.02742459949400049,-2.6140921854611427e-8,1,-4.827723070313436e-8,0.02742459949400049,4.832540735134328e-8,0.998162508878435]}},{"t":3.6666666666666634,"j":false,"c":{"p":[346.99143565813046,468.01238145529726,284.8990123245477],"r":[0.9960778811358965,4.54744250004403e-8,0.048173666202429424,-4.0532562464337713e-8,1,-7.1455075865841e-8,-0.048173666202429424,6.812789506439104e-8,0.9960778811358965]}},{"t":3.6999999999999966,"j":false,"c":{"p":[346.9722708335917,467.16502572141457,284.19640782880595],"r":[0.9927659350703342,4.647367664567747e-8,0.11613243292048378,-4.0515693407952946e-8,1,-6.720688406215784e-8,-0.11613243292048378,6.3108542169188e-8,0.9927659350703342]}},{"t":3.73333333333333,"j":false,"c":{"p":[346.88539139065045,467.0648792801317,283.6360594731185],"r":[0.985866162490737,-7.564660847597415e-9,0.16175860957255464,1.6216524946033972e-9,1,1.7215994908658517e-8,-0.16175860957255464,-1.4472636122727189e-8,0.985866162490737]}},{"t":3.766666666666663,"j":true,"c":{"p":[346.8011486241151,467.3585336617726,283.1196652503859],"r":[0.9798089465674533,-5.863276219439863e-8,0.1999187968764276,4.025081660992626e-8,1,9.591426363873212e-8,-0.1999187968764276,-8.591637639263752e-8,0.9798089465674533]}},{"t":3.7999999999999963,"j":false,"c":{"p":[346.6331563838832,468.99340265235156,282.4161528796396],"r":[0.9548691293740876,-7.338409421898876e-8,0.2871109594716425,4.4579354775789865e-8,1,1.0990074295797935e-7,-0.2871109594716425,-9.296554053677289e-8,0.9548691293740876]}},{"t":3.8333333333333295,"j":false,"c":{"p":[346.40795560819106,470.46169342872827,281.66446830064274],"r":[0.9313914568045878,-6.587296759016832e-8,0.36387351771254806,3.3065205231015995e-8,1,9.636792642695199e-8,-0.36387351771254806,-7.782853503687816e-8,0.9313914568045878]}},{"t":3.8666666666666627,"j":false,"c":{"p":[346.0881676089482,471.6402964951678,280.88410865650116],"r":[0.925892154798152,-5.261815483039925e-8,0.3775186412219177,1.9155283812857725e-8,1,9.234544145204843e-8,-0.3775186412219177,-7.846958395043707e-8,0.925892154798152]}},{"t":3.899999999999996,"j":false,"c":{"p":[345.7717347724521,472.6807483258913,280.1169903703014],"r":[0.9218635056576909,-3.9372517687274916e-8,0.38751468919761234,5.445324859526058e-9,1,8.864868831523326e-8,-0.38751468919761234,-7.961186422283524e-8,0.9218635056576909]}},{"t":3.933333333333329,"j":false,"c":{"p":[345.4644909841641,473.3428344972275,279.38613723296453],"r":[0.9218626492364215,-2.6152010527419105e-8,0.3875167268895984,-7.71698115776999e-9,1,8.584404259289742e-8,-0.3875167268895984,-8.212690625599424e-8,0.9218626492364215]}},{"t":3.9666666666666623,"j":false,"c":{"p":[345.16006044296824,473.8984117162713,278.6619760794583],"r":[0.921862006187439,-1.3063003701606157e-8,0.3875182569026947,-2.074832694943093e-8,1,8.306730969392125e-8,-0.3875182569026947,-8.461695355156768e-8,0.921862006187439]}},{"t":3.9999999999999956,"j":false,"c":{"p":[344.86410830215794,474.13299845255665,277.9579828374206],"r":[0.921862006187439,-3.703049306451381e-10,0.3875182569026947,-3.33849924335308e-8,1,8.03746988377643e-8,-0.3875182569026947,-8.703167316142713e-8,0.921862006187439]}},{"t":4.033333333333329,"j":false,"c":{"p":[344.5651777814659,474.2510848280689,277.2469048035539],"r":[0.9218620648967856,1.2437765954834807e-8,0.38751813109695193,-4.613650785434348e-8,1,7.765761354209523e-8,-0.38751813109695193,-8.946833427506238e-8,0.9218620648967856]}},{"t":4.066666666666662,"j":false,"c":{"p":[344.2587668499317,474.0765723423088,276.5180328160226],"r":[0.9218622710587913,2.553560203165658e-8,0.38751768932122554,-5.917647698016066e-8,1,7.487905896784198e-8,-0.38751768932122554,-9.196010302078394e-8,0.9218622710587913]}},{"t":4.099999999999995,"j":false,"c":{"p":[343.95075579815637,473.786455533727,275.78535455821697],"r":[0.9218624234199524,3.8689938033970386e-8,0.38751736283302307,-7.227270692487838e-8,1,7.208851676798698e-8,-0.38751736283302307,-9.446262249838718e-8,0.9218624234199524]}},{"t":4.133333333333328,"j":false,"c":{"p":[343.6382132900393,473.1689533647616,275.04189714323917],"r":[0.9218624234199524,5.200427885286348e-8,0.38751736283302307,-8.552826454888749e-8,1,6.926402624308687e-8,-0.38751736283302307,-9.699558748309229e-8,0.9218624234199524]}},{"t":4.166666666666662,"j":false,"c":{"p":[343.326766895523,472.4334794259303,274.30104709770086],"r":[0.9218623577257224,6.525949822336151e-8,0.3875175065391512,-9.872497883289166e-8,1,6.645207376739997e-8,-0.3875175065391512,-9.951732266859188e-8,0.9218623577257224]}},{"t":4.199999999999995,"j":false,"c":{"p":[343.0181834942671,471.3898691937595,273.56700736920146],"r":[0.921862120441488,7.83602953622865e-8,0.3875180255984141,-1.1176799729036513e-7,1,6.367287004181366e-8,-0.3875180255984141,-1.0200972618681158e-7,0.921862120441488]}},{"t":4.233333333333328,"j":false,"c":{"p":[342.7048576666471,470.2232730336939,272.830939361802],"r":[0.9199558675886731,9.086379546729648e-8,0.3918401049789521,-1.2482995873025907e-7,1,6.111182769724955e-8,-0.3918401049789521,-1.0523671460091188e-7,0.9199558675886731]}},{"t":4.266666666666661,"j":false,"c":{"p":[342.3785321539924,468.71955443805933,272.0893115449631],"r":[0.9128249469896311,1.0173001694800985e-7,0.40800821394924747,-1.3794384565853882e-7,1,5.914879764056414e-8,-0.40800821394924747,-1.1047730777020925e-7,0.9128249469896311]}},{"t":4.2999999999999945,"j":false,"c":{"p":[342.05057035770324,467.33318126938036,271.3569343011206],"r":[0.9064844357610378,8.997055780446699e-8,0.42217498472206266,-1.2079759960341478e-7,1,4.715030151889211e-8,-0.42217498472206266,-9.339235820028902e-8,0.9064844357610378]}},{"t":4.333333333333328,"j":false,"c":{"p":[341.71865532405565,466.23031293808026,270.64690630650796],"r":[0.9020535420253906,2.3547784781721748e-8,0.4315065516447002,-3.054331429112558e-8,1,1.0906265979221644e-8,-0.4315065516447002,-2.2369223497097625e-8,0.9020535420253906]}},{"t":4.366666666666661,"j":false,"c":{"p":[341.4159728859446,465.5422114686915,270.0096941739097],"r":[0.893905074072384,-3.200650214789407e-8,0.44748926042316867,4.525851351996434e-8,1,-1.7941048239234464e-8,-0.44748926042316867,3.677134058532792e-8,0.893905074072384]}},{"t":4.399999999999994,"j":false,"c":{"p":[341.19474961935964,466.0098939564802,269.57538977785623],"r":[0.8753972620284818,-5.7274806712964353e-8,0.4820059548205842,8.078731073092634e-8,1,-2.6176754771927473e-8,-0.4820059548205842,6.280008751288044e-8,0.8753972620284818]}},{"t":4.433333333333327,"j":false,"c":{"p":[340.93427152571576,466.45547081695275,269.09407789517314],"r":[0.8600802919226613,-7.112674357622145e-8,0.5100517791064435,1.0004047796721199e-7,1,-2.946869248126545e-8,-0.5100517791064435,7.629174462149652e-8,0.8600802919226613]}},{"t":4.466666666666661,"j":false,"c":{"p":[340.58384895928276,466.85039711688063,268.5050578930356],"r":[0.8520744888089306,-5.882038982817978e-8,0.5232709172424538,8.20013408664596e-8,1,-2.143298684780358e-8,-0.5232709172424538,6.105720374232282e-8,0.8520744888089306]}},{"t":4.499999999999994,"j":false,"c":{"p":[340.2086578825594,466.9955785770667,267.9100061444324],"r":[0.8371518287072779,-2.4601305515212397e-8,0.5459527317501364,3.244392035418637e-8,1,-7.904381463128123e-9,-0.5459527317501364,2.2714396564835412e-8,0.8371518287072779]}},{"t":4.533333333333327,"j":false,"c":{"p":[339.80839236710574,466.8879304722559,267.3088481482019],"r":[0.8152268780069083,3.180116461806752e-8,0.5782141009474365,-4.902108188278801e-8,1,1.1184969265101596e-8,-0.5782141009474365,-3.9022098834901e-8,0.8152268780069083]}},{"t":4.56666666666666,"j":true,"c":{"p":[339.44589710002566,466.9764886198166,266.79301416427876],"r":[0.7918007587630095,4.786059117120019e-8,0.6105438659606444,-7.269838059539407e-8,1,1.6156313495920975e-8,-0.6105438659606444,-5.705463264707013e-8,0.7918007587630095]}},{"t":4.599999999999993,"j":true,"c":{"p":[339.06697144365353,468.2100745799395,266.30184471908467],"r":[0.7550104834134045,2.6043271112752606e-8,0.655666828919705,-4.2253701395839463e-8,1,8.993875016873938e-9,-0.655666828919705,-3.446539224772988e-8,0.7550104834134045]}},{"t":4.633333333333327,"j":false,"c":{"p":[338.4996742607843,469.81901140394694,265.6986340465131],"r":[0.7089411108524452,-2.2191531201732153e-9,0.7042672501655755,-7.287892982282312e-9,1,1.1239005310838626e-8,-0.7042672501655755,-1.2211261844665596e-8,0.7089411108524452]}},{"t":4.66666666666666,"j":false,"c":{"p":[337.9549940617736,471.07659042641944,265.18073888626543],"r":[0.6782374505114073,-2.9365348502037087e-8,0.7339630178363936,2.2963838381741663e-8,1,1.9449982718654387e-8,-0.7339630178363936,4.4777093025227756e-9,0.6782374505114073]}},{"t":4.699999999999993,"j":false,"c":{"p":[337.3659366628596,472.1658056673894,264.64174103841026],"r":[0.6639849479422711,-5.901257261326027e-8,0.7477459347040253,5.4879877940143874e-8,1,3.018923062785037e-8,-0.7477459347040253,2.099240168283654e-8,0.6639849479422711]}},{"t":4.733333333333326,"j":false,"c":{"p":[336.73854327807516,473.10957704162473,264.08451328114865],"r":[0.6639440529840605,-9.08203521952974e-8,0.7477822694330829,8.823365795001444e-8,1,4.311256726794785e-8,-0.7477822694330829,3.7356540437437216e-8,0.6639440529840605]}},{"t":4.7666666666666595,"j":false,"c":{"p":[336.12434593970136,473.80262010204103,263.53900576755626],"r":[0.6690308052716117,-1.224532996682427e-7,0.7431416395560878,1.2083035508171464e-7,1,5.5789035622245966e-8,-0.7431416395560878,5.215613435426959e-8,0.6690308052716117]}},{"t":4.799999999999993,"j":false,"c":{"p":[335.52279747030747,474.2553313621326,263.0047325147395],"r":[0.6790325856037964,-1.5391866449010005e-7,0.7340179766035417,1.527013619699226e-7,1,6.822887214719246e-8,-0.7340179766035417,6.545605768415319e-8,0.6790325856037964]}},{"t":4.833333333333326,"j":false,"c":{"p":[334.9491301709245,474.4791277033118,262.44766723797846],"r":[0.7062430754238076,-1.2282728067182273e-7,0.7058126827102742,1.1595611579366757e-7,1,6.147522544760427e-8,-0.7058126827102742,4.276436878618416e-8,0.7062430754238076]}},{"t":4.866666666666659,"j":false,"c":{"p":[334.4010038278252,474.49322316270076,261.8697229921157],"r":[0.7492178569344459,-3.4429866237016324e-8,0.6601273798543805,1.635394075872