{"v":1,"d":[{"t":0.06603646278381348,"c":{"r":[0.7477977275848389,-1.6441447092674366e-9,-0.6639266610145569,-1.8711156235529103e-10,1,-2.6871438407738424e-9,0.6639266610145569,2.1336683531103517e-9,0.7477977275848389],"p":[80.07572174072266,246.99440002441406,117.65795135498047]},"j":false},{"t":0.03333333333333333,"j":false,"c":{"p":[79.6727097052347,246.99440002441406,118.11064498334187],"r":[0.750034359580584,2.3547492174672594e-8,-0.6614251398240807,2.8016900964927287e-9,1,3.826986139022551e-8,0.6614251398240807,-3.029765879881207e-8,0.750034359580584]}},{"t":0.06666666666666667,"j":false,"c":{"p":[80.0834879623005,246.99440002441406,117.64922774696099],"r":[0.7477546266892391,-2.1295987819037034e-9,-0.663974866443021,-2.447071026639394e-10,1,-3.4764035893155897e-9,0.663974866443021,2.7586344845067924e-9,0.7477546266892391]}},{"t":0.1,"j":false,"c":{"p":[80.4942662193663,246.99440002441406,117.1878105105801],"r":[0.7454748937978941,-2.7806689738480006e-8,-0.6665245930619613,-3.2911043018206085e-9,1,-4.52226685688567e-8,0.6665245930619613,3.5814927767825665e-8,0.7454748937978941]}},{"t":0.13333333333333333,"j":false,"c":{"p":[80.9050444764321,246.99440002441406,116.72639327419922],"r":[0.7431951609065492,-5.34837806950563e-8,-0.6690743196809017,-6.337501500977276e-9,1,-8.696893354839778e-8,0.6690743196809017,6.887122105114453e-8,0.7431951609065492]}},{"t":0.16666666666666666,"j":false,"c":{"p":[81.39172899443997,246.99440002441406,116.1435335208877],"r":[0.7696910600248756,-9.68460002299727e-9,-0.6370417240443136,-5.198105569770422e-9,1,-1.7865596928239438e-8,0.6370417240443136,1.5221999129365375e-8,0.7696910600248756]}},{"t":0.19999999999999998,"j":false,"c":{"p":[81.88007546314547,246.99440002441406,115.55733369512474],"r":[0.7965535076005118,3.5103619746021756e-8,-0.6045677790583105,-3.9556996365171125e-9,1,5.2851497743513276e-8,0.6045677790583105,-3.970708100001293e-8,0.7965535076005118]}},{"t":0.2333333333333333,"j":false,"c":{"p":[82.36268363150646,246.99440002441406,114.9219146356158],"r":[0.79864874569575,2.9014079197326952e-8,-0.6017873260531383,-2.055446594045163e-9,1,4.545764981201817e-8,0.6017873260531383,-3.504687017995326e-8,0.79864874569575]}},{"t":0.26666666666666666,"j":false,"c":{"p":[82.84544298613146,246.99440002441406,114.28623475974058],"r":[0.8007307646788798,2.265350216223403e-8,-0.5990244152031697,-1.3612735594735905e-10,1,3.7635362557474266e-8,0.5990244152031697,-3.005424643933925e-8,0.8007307646788798]}},{"t":0.3,"j":false,"c":{"p":[83.35201461726649,246.99440002441406,113.6094755472456],"r":[0.8007307350395548,-2.6396110151465964e-8,-0.5990244448424947,4.786173172666822e-9,1,-3.766736476412074e-8,0.5990244448424947,2.7294379554659717e-8,0.8007307350395548]}},{"t":0.3333333333333333,"j":false,"c":{"p":[83.85858624840154,246.99440002441406,112.9327163347506],"r":[0.8007307054002298,-7.544572246516594e-8,-0.5990244744818197,9.708473701281002e-9,1,-1.1297009208571577e-7,0.5990244744818197,8.464300554865867e-8,0.8007307054002298]}},{"t":0.36666666666666664,"j":false,"c":{"p":[84.33795094848287,246.99440002441406,112.29199797754036],"r":[0.8007307349230748,-2.9416849175686564e-8,-0.5990244449589748,3.0245695262278234e-9,1,-4.506490831389364e-8,0.5990244449589748,3.42730625386416e-8,0.8007307349230748]}},{"t":0.39999999999999997,"j":false,"c":{"p":[84.81718745521029,246.99440002441406,111.65144943728257],"r":[0.8007307647246796,1.7060014000287005e-8,-0.5990244151573699,-3.7140206516033624e-9,1,2.3515041104739143e-8,0.5990244151573699,-1.6604427780267516e-8,0.8007307647246796]}},{"t":0.4333333333333333,"j":false,"c":{"p":[85.29410696171213,246.99440002441406,111.01399780448367],"r":[0.8007307943822003,3.282369620250668e-8,-0.5990243854998493,-5.626435598314709e-9,1,4.727426684872741e-8,0.5990243854998493,-3.448358792485909e-8,0.8007307943822003]}},{"t":0.4666666666666666,"j":false,"c":{"p":[85.77101543834729,246.99440002441406,110.3765609142282],"r":[0.8007308240390352,4.844117112854828e-8,-0.5990243558430144,-7.515875981254786e-9,1,7.082012765567447e-8,0.5990243558430144,-5.220566255045689e-8,0.8007308240390352]}},{"t":0.49999999999999994,"j":false,"c":{"p":[86.22462707813062,246.99440002441406,109.77793261682234],"r":[0.7986595245270747,1.1269240067969593e-9,-0.6017730710512104,6.283628254998745e-12,1,2.1783378950556916e-9,0.6017730710512104,-1.911814768379722e-9,0.7986595245270747]}},{"t":0.5333333333333333,"j":false,"c":{"p":[86.67789476198256,246.99440002441406,109.17987729186694],"r":[0.7965576437839378,-4.711645092779194e-8,-0.6045623688975639,7.667396678600964e-9,1,-6.782451600548012e-8,0.6045623688975639,4.9386224273183076e-8,0.7965576437839378]}},{"t":0.5666666666666667,"j":false,"c":{"p":[87.19791076399264,246.97040882904196,108.49479400659389],"r":[0.7965294122695923,-2.809743133847266e-8,-0.6045998334884644,4.503001562165961e-9,1,-4.0540299439343976e-8,0.6045998334884644,2.9569027177774256e-8,0.7965294122695923]}},{"t":0.6,"j":false,"c":{"p":[87.71815659856196,246.94430659581303,107.80966211466617],"r":[0.7963964074271945,-7.82895892744553e-9,-0.6047700715525577,1.1540590979190977e-9,1,-1.1456447085118081e-8,0.6047700715525577,8.443632585488808e-9,0.7963964074271945]}},{"t":0.6333333333333333,"j":false,"c":{"p":[88.19576747098468,246.80614426495916,107.19588471502414],"r":[0.7879107705057687,3.339662786377727e-8,-0.6156311678559668,-4.528788983546053e-9,1,4.746528413422634e-8,0.6156311678559668,-3.4033916580966245e-8,0.7879107705057687]}},{"t":0.6666666666666666,"j":false,"c":{"p":[88.6733783434074,246.66798193410528,106.5821073153821],"r":[0.7794251335843428,7.462221465500006e-8,-0.6264922641593761,-1.0211637065011202e-8,1,1.0638701535357074e-7,0.6264922641593761,-7.651146574742129e-8,0.7794251335843428]}},{"t":0.7,"j":false,"c":{"p":[89.16934430386581,246.51561067491735,105.9719772578359],"r":[0.7727506556234902,2.4212505545626964e-8,-0.6346233421848513,-3.467035202665464e-9,1,3.478809069447619e-8,0.6346233421848513,-2.5222129646732522e-8,0.7727506556234902]}},{"t":0.7333333333333333,"j":false,"c":{"p":[89.66550253439586,246.36309057679915,105.36188540630235],"r":[0.7660951496044993,-2.7157085906567307e-8,-0.6427258231908614,3.407744552926762e-9,1,-3.81780415642649e-8,0.6427258231908614,2.7049417256297145e-8,0.7660951496044993]}},{"t":0.7666666666666666,"j":false,"c":{"p":[90.17292052510047,246.20213952697236,104.76866210028818],"r":[0.7592871685134991,-2.998773478498225e-8,-0.6506714213257998,3.3514193690571807e-9,1,-4.213356893663275e-8,0.6506714213257998,2.978838699165792e-8,0.7592871685134991]}},{"t":0.7999999999999999,"j":false,"c":{"p":[90.68042650453692,246.0411225939706,104.17557061252816],"r":[0.7524779959150409,-3.243907895921404e-8,-0.6586157935087944,3.240931474396592e-9,1,-4.554981700698164e-8,0.6586157935087944,3.214028732390069e-8,0.7524779959150409]}},{"t":0.8333333333333333,"j":false,"c":{"p":[91.17971023285553,247.65680167813272,103.61377691353985],"r":[0.7355075130722484,1.2895117643411158e-8,-0.6774359873506937,-3.3251511674483954e-10,1,1.832940547263517e-8,0.6774359873506937,-1.3020556314360776e-8,0.7355075130722484]}},{"t":0.8666666666666666,"j":false,"c":{"p":[91.73940488456763,249.20778326650696,103.01481246972111],"r":[0.7199154608095112,6.280339628796973e-8,-0.6940565565155223,-2.8441433953745585e-9,1,8.751525249396926e-8,0.6940565565155223,-6.101413006947334e-8,0.7199154608095112]}},{"t":0.8999999999999999,"j":false,"c":{"p":[92.3130124061783,250.3653533673907,102.46295819691971],"r":[0.6847653808365841,6.817131162706356e-8,-0.7271286471524263,-2.0042159692366446e-9,1,9.166651275491519e-8,0.7271286471524263,-6.122081088285953e-8,0.6847653808365841]}},{"t":0.9333333333333332,"j":false,"c":{"p":[92.88678063817171,251.51837909237008,101.9116481032611],"r":[0.6493893821177913,7.30247321936027e-8,-0.760390772651415,-1.125574043214594e-9,1,9.506654531046496e-8,0.760390772651415,-6.08754956012311e-8,0.6493893821177913]}},{"t":0.9666666666666666,"j":false,"c":{"p":[93.515274236531,252.24524530531968,101.42655522187306],"r":[0.6083140971161833,3.6235287553132845e-8,-0.7919758378772181,-3.383658493456087e-9,1,4.533050827205127e-8,0.7919758378772181,-2.6945207311453853e-8,0.6083140971161833]}},{"t":0.9999999999999999,"j":false,"c":{"p":[94.14495203471003,252.9628898711457,100.9428952118579],"r":[0.567115485506879,-1.455265234197983e-9,-0.8235246132687981,-5.709618429163673e-9,1,-5.555337862477022e-9,0.8235246132687981,7.711824746777049e-9,0.567115485506879]}},{"t":1.0333333333333332,"j":false,"c":{"p":[94.83367653013055,253.26328877786617,100.5477089876436],"r":[0.4656552497994876,-1.80945151460926e-8,-0.8771223262842934,-1.3225023942858661e-8,1,-2.5551655934637113e-8,0.8771223262842934,2.194806240309908e-8,0.4656552497994876]}},{"t":1.0666666666666667,"j":false,"c":{"p":[95.524551980238,253.5484882484117,100.15574568889559],"r":[0.3619998020166964,-3.3966907626467833e-8,-0.9315232385969564,-2.092947072067367e-8,1,-4.4422729441607175e-8,0.9315232385969564,3.544041080765864e-8,0.3619998020166964]}},{"t":1.1,"j":false,"c":{"p":[96.29741342053144,253.41415439886276,99.8691252965738],"r":[0.3465287730952746,-6.240677976286895e-11,-0.9379670592240792,-2.9661405939746404e-8,1,-1.1075000560302241e-8,0.9379670592240792,3.207238365402302e-8,0.3465287730952746]}},{"t":1.1333333333333335,"j":false,"c":{"p":[97.07354829696061,253.2521540523789,99.58781960879313],"r":[0.33545176802422066,3.619388605302601e-8,-0.9420573759838221,-3.8434438724014355e-8,1,2.473414591203838e-8,0.9420573759838221,2.791033538739574e-8,0.33545176802422066]}},{"t":1.166666666666667,"j":false,"c":{"p":[97.81648763192973,252.67513964055613,99.32326630009057],"r":[0.3354510188773667,7.181857721134432e-8,-0.9420576403885941,-4.6795374420380106e-8,1,5.957280803184571e-8,0.9420576403885941,2.4100210341169113e-8,0.3354510188773667]}},{"t":1.2000000000000004,"j":false,"c":{"p":[98.55942696689884,252.09812522873335,99.058712991388],"r":[0.3354502697305128,1.0744326836966265e-7,-0.942057904793366,-5.515631011674586e-8,1,9.441147015165304e-8,0.942057904793366,2.029008529494248e-8,0.3354502697305128]}},{"t":1.2333333333333338,"j":false,"c":{"p":[99.3202582436646,252.03461504987362,98.79798105395213],"r":[0.3222994209296593,4.680210380166494e-8,-0.9465347927449004,-2.1311295403337617e-8,1,4.196523592624139e-8,0.9465347927449004,5.791492407232338e-9,0.3222994209296593]}},{"t":1.2666666666666673,"j":false,"c":{"p":[100.08127963154882,251.9766146639032,98.53730936961618],"r":[0.3089959246204887,-1.4843267697349656e-8,-0.951062516885563,1.2969209334011267e-8,1,-1.139347778439722e-8,0.951062516885563,-8.814886921457211e-9,0.3089959246204887]}},{"t":1.3000000000000007,"j":false,"c":{"p":[100.84126352306932,251.98851131926796,98.31299241520531],"r":[0.2724029492284349,-3.61573501986135e-8,-0.9614172341073463,2.065895784526051e-8,1,-3.1828938294909145e-8,0.9614172341073463,-1.2034589318099014e-8,0.2724029492284349]}},{"t":1.3333333333333341,"j":false,"c":{"p":[101.6012474145898,252.0004079746327,98.08867546079443],"r":[0.23580997383638108,-5.747143269987734e-8,-0.9717719513291296,2.8348706356509755e-8,1,-5.2264398805421076e-8,0.9717719513291296,-1.525429171474082e-8,0.23580997383638108]}},{"t":1.3666666666666676,"j":false,"c":{"p":[102.38796819437904,252.00168464791065,97.98623050560377],"r":[0.10315292405957652,-1.59305088497651e-8,-0.9853679986395905,1.0127051288495324e-8,1,-1.3096997738917176e-8,0.9853679986395905,-2.911571418107196e-9,0.10315292405957652]}},{"t":1.400000000000001,"j":false,"c":{"p":[103.17518720964306,252.00276342037964,97.88605660577245],"r":[-0.031294256611665405,2.6781702908550977e-8,-0.9990244473557587,-8.577456545889353e-9,1,2.718108830101968e-8,0.9990244473557587,9.721150878066302e-9,-0.031294256611665405]}},{"t":1.4333333333333345,"j":false,"c":{"p":[103.94375922188027,252.00290650211375,97.91302778783064],"r":[-0.03837984372104329,6.704412907886436e-8,-0.9992571376590671,-2.183623181275213e-8,1,6.798265305648223e-8,0.9992571376590671,2.4566371253829568e-8,-0.03837984372104329]}},{"t":1.466666666666668,"j":false,"c":{"p":[104.712374090095,252.00302173468643,97.94356445395725],"r":[-0.041877008974552155,1.0479360227245166e-7,-0.9991227984428406,-3.4147792329937527e-8,1,1.0631687285981486e-7,0.9991227984428406,3.8570070020109875e-8,-0.041877008974552155]}},{"t":1.5000000000000013,"j":false,"c":{"p":[105.5060259659354,252.0030444606679,97.97683529084152],"r":[-0.041877008974552155,3.259193735029516e-8,-0.9991227984428406,-1.0619883413131923e-8,1,3.3065672320377786e-8,0.9991227984428406,1.1995259304738545e-8,-0.041877008974552155]}},{"t":1.5333333333333348,"j":true,"c":{"p":[106.30138256523223,252.00306701660156,98.01017759177417],"r":[-0.041877008974552155,-3.991969457007463e-8,-0.9991227984428406,1.300903086856901e-8,1,-4.0500001000000955e-8,0.9991227984428406,-1.4693637377458815e-8,-0.041877008974552155]}},{"t":1.5666666666666682,"j":false,"c":{"p":[107.16507284913054,253.1997201734704,98.04514508625147],"r":[-0.03599554533243352,-1.1306388936760094e-7,-0.9992686243218329,3.6739870553444e-8,1,-1.1451068006573266e-7,0.9992686243218329,-4.094783546814083e-8,-0.03599554533243352]}},{"t":1.6000000000000016,"j":false,"c":{"p":[107.97838949590916,254.76647434753446,98.07337718458572],"r":[-0.008173491643201115,-9.521922082016356e-8,-0.9999584484339045,3.043270546524728e-8,1,-9.547590203258382e-8,0.9999584484339045,-3.122286787091073e-8,-0.008173491643201115]}},{"t":1.633333333333335,"j":false,"c":{"p":[108.7791699618424,255.9608056941383,98.05062556902587],"r":[0.033641811469530346,-4.414382134061262e-8,-0.9985503233853116,1.2422857367819791e-8,1,-4.447980269838207e-8,0.9985503233853116,-1.3096290298410346e-8,0.033641811469530346]}},{"t":1.6666666666666685,"j":false,"c":{"p":[109.57972872311166,257.1485506745399,98.02697229710851],"r":[0.07570458777205313,7.519269727502251e-9,-0.9971050957199427,-5.793954831065626e-9,1,7.0815384815796046e-9,0.9971050957199427,5.178871291785835e-9,0.07570458777205313]}},{"t":1.700000000000002,"j":false,"c":{"p":[110.38386355704375,257.91116674772195,97.96052500290018],"r":[0.08668906667141309,6.570558233998731e-8,-0.9961802685244774,-2.6242245700055433e-8,1,6.351219019579939e-8,0.9961802685244774,2.003285231120289e-8,0.08668906667141309]}},{"t":1.7333333333333354,"j":false,"c":{"p":[111.18787521624294,258.6662508403021,97.89340901041908],"r":[0.09722314621383744,1.237188303684642e-7,-0.995262275244847,-4.662468003322952e-8,1,1.1975375244100175e-7,0.995262275244847,3.476288228043177e-8,0.09722314621383744]}},{"t":1.7666666666666688,"j":false,"c":{"p":[111.93460952430988,258.97385488493296,97.81053109813077],"r":[0.10783903346383958,9.414378816178547e-8,-0.9941112428894717,-3.486716064878453e-8,1,9.101109333357726e-8,0.9941112428894717,2.5164799555653447e-8,0.10783903346383958]}},{"t":1.8000000000000023,"j":false,"c":{"p":[112.68182457916204,259.27867313408024,97.7273548088534],"r":[0.11862768946847974,6.426340681238354e-8,-0.9929294201708704,-2.2961637368949735e-8,1,6.198918780693171e-8,0.9929294201708704,1.548352211436321e-8,0.11862768946847974]}},{"t":1.8333333333333357,"j":false,"c":{"p":[113.5010494740935,259.16621415239297,97.59948538812911],"r":[0.1552949384759559,-1.1352949302383559e-8,-0.9871355871382314,1.111301353845753e-8,1,-8.860329695391527e-9,0.9871355871382314,-6.659280636342412e-9,0.1552949384759559]}},{"t":1.8666666666666691,"j":false,"c":{"p":[114.32027436902497,259.05375517070564,97.47161596740482],"r":[0.19196218748343208,-8.696930541715066e-8,-0.9813417541055923,4.5187664445864796e-8,1,-7.970984719771477e-8,0.9813417541055923,-2.8802083387048038e-8,0.19196218748343208]}},{"t":1.9000000000000026,"j":false,"c":{"p":[115.07153393605479,258.5521799073096,97.32455920076586],"r":[0.19387642636052624,-8.836596190079436e-8,-0.9810258968419053,4.531241121908783e-8,1,-8.112050611211737e-8,0.9810258968419053,-2.8725969664842618e-8,0.19387642636052624]}},{"t":1.933333333333336,"j":false,"c":{"p":[115.8197398400852,258.03312175920456,97.17664035209057],"r":[0.19422922230150533,-8.642794822853446e-8,-0.9809561634833577,4.3911798381928167e-8,1,-7.941129670929431e-8,0.9809561634833577,-2.7651566296802246e-8,0.19422922230150533]}},{"t":1.9666666666666694,"j":false,"c":{"p":[116.6492372255753,257.0003145831477,97.01015255976718],"r":[0.21065694144052374,-1.863053417600399e-8,-0.9774117173430521,8.716124694608366e-9,1,-1.7559544533371968e-8,0.9774117173430521,-5.9915436110047365e-9,0.21065694144052374]}},{"t":2.0000000000000027,"j":false,"c":{"p":[117.47953744862257,255.96243360345002,96.84348137989701],"r":[0.22724341709179083,4.9817309653039226e-8,-0.9738329548159431,-2.6813310213571102e-8,1,4.4886177530356024e-8,0.9738329548159431,1.5871783382073354e-8,0.22724341709179083]}},{"t":2.033333333333336,"j":false,"c":{"p":[118.24975290707442,254.52830133327436,96.60550476354364],"r":[0.28407518998215886,8.128460637211109e-8,-0.9569498023936014,-4.123580399450193e-8,1,7.234103920969048e-8,0.9569498023936014,1.7152589409353407e-8,0.28407518998215886]}},{"t":2.066666666666669,"j":false,"c":{"p":[119.01891670278745,253.08723348266966,96.36628008919867],"r":[0.3416113757100355,1.1210463312650627e-7,-0.939833783433295,-5.5288863299592264e-8,1,9.918345638143933e-8,0.939833783433295,1.8073139879059604e-8,0.3416113757100355]}},{"t":2.1000000000000023,"j":false,"c":{"p":[119.69321126528364,252.43319329179496,96.11009022605901],"r":[0.3917614023146782,6.527439802468317e-8,-0.918775908180394,-2.8251155723042004e-8,1,5.9453023715555144e-8,0.918775908180394,4.7278350094242504e-9,0.3917614023146782]}},{"t":2.1333333333333355,"j":false,"c":{"p":[120.38193065527241,251.91712048256724,95.81761085325755],"r":[0.4482661125586873,1.6099588511318896e-8,-0.8921102145206751,1.5536536375591637e-9,1,1.9340720235094455e-8,0.8921102145206751,-8.18995917564507e-9,0.4482661125586873]}},{"t":2.1666666666666687,"j":false,"c":{"p":[121.1307000334125,251.96159099260575,95.37614309965561],"r":[0.5309447005691654,-4.2077071101854554e-8,-0.8424321042436631,4.2394589812881546e-8,1,-2.1798259236889242e-8,0.8424321042436631,-1.9234691521181487e-8,0.5309447005691654]}},{"t":2.200000000000002,"j":false,"c":{"p":[121.85578411862294,251.9960768398289,94.92440622337625],"r":[0.5941124828527744,-7.56258971238914e-8,-0.804378696334764,6.400701172595288e-8,1,-4.677106317835441e-8,0.804378696334764,-2.3762335459382862e-8,0.5941124828527744]}},{"t":2.233333333333335,"j":false,"c":{"p":[122.5076364004755,251.99969142588333,94.44091857353445],"r":[0.5969554258959541,-3.3028708315828626e-8,-0.8022673356888599,2.616740239332431e-8,1,-2.1760183531187457e-8,0.8022673356888599,-8.140001175683205e-9,0.5969554258959541]}},{"t":2.2666666666666684,"j":false,"c":{"p":[123.1542159810033,252.00240776549742,93.96022871124208],"r":[0.5990223288536072,6.9930351468603654e-9,-0.8007323145866394,-8.77360768267787e-9,1,2.169824187991202e-9,0.8007323145866394,5.725538244558347e-9,0.5990223288536072]}},{"t":2.3000000000000016,"j":false,"c":{"p":[123.78675226381203,252.0027317180958,93.48699046835533],"r":[0.5990223288536072,4.0155344798194055e-8,-0.8007323145866394,-3.599449673876117e-8,1,2.3221040686884173e-8,0.8007323145866394,1.4912035219707405e-8,0.5990223288536072]}},{"t":2.333333333333335,"j":false,"c":{"p":[124.41109966056675,252.0029754638672,93.01987793726137],"r":[0.5990223288536072,5.319399579079216e-8,-0.8007323145866394,-4.559903003048305e-8,1,3.231936365712101e-8,0.8007323145866394,1.7152596995599646e-8,0.5990223288536072]}},{"t":2.366666666666668,"j":false,"c":{"p":[125.01056131601194,252.0029754638672,92.57138123230132],"r":[0.5990223288536072,5.0775445780060596e-9,-0.8007323145866394,-1.6680678377261036e-9,1,5.093256870757599e-9,0.8007323145866394,-1.7152979075887599e-9,0.5990223288536072]}},{"t":2.4000000000000012,"j":false,"c":{"p":[125.63128803670533,252.0029754638672,92.10697473293168],"r":[0.5990223288536072,-3.6532568155239575e-8,-0.8007323145866394,3.6145005237836226e-8,1,-1.8584115647780814e-8,0.8007323145866394,-1.7810172450476825e-8,0.5990223288536072]}},{"t":2.4333333333333345,"j":false,"c":{"p":[126.31789156636468,252.0029754638672,91.59328145852622],"r":[0.5990223288536072,-5.798676732403063e-8,-0.8007323145866394,5.5005537705366506e-8,1,-3.1267903773127514e-8,0.8007323145866394,-2.5314538081102747e-8,0.5990223288536072]}},{"t":2.4666666666666677,"j":true,"c":{"p":[126.95719436013962,252.0029754638672,91.11497697670431],"r":[0.5990223288536072,-5.7006456826525844e-8,-0.8007323145866394,5.297811351090192e-8,1,-3.156034085080238e-8,0.8007323145866394,-2.3515937363572647e-8,0.5990223288536072]}},{"t":2.500000000000001,"j":false,"c":{"p":[127.6037060367187,253.58574493398402,90.63128330898415],"r":[0.5990223288536072,2.5124737652506716e-8,-0.8007323145866394,-2.4914430545596843e-8,1,1.2738885838612549e-8,0.8007323145866394,1.2318913158781327e-8,0.5990223288536072]}},{"t":2.533333333333334,"j":false,"c":{"p":[128.25072934305118,255.06556145078872,90.14263090403698],"r":[0.6039953547593074,8.731006000872015e-8,-0.796792828438546,-8.332400102516844e-8,1,4.648952326536065e-8,0.796792828438546,3.840004948882968e-8,0.6039953547593074]}},{"t":2.5666666666666673,"j":false,"c":{"p":[128.87487249255253,256.23899103494034,89.65591127582937],"r":[0.6254531831002192,8.048821654139109e-8,-0.7797945623687289,-7.440988009838799e-8,1,4.371467864125578e-8,0.7797945623687289,3.0888197811545064e-8,0.6254531831002192]}},{"t":2.6000000000000005,"j":false,"c":{"p":[129.49826868959906,257.32773671047033,89.15800072496721],"r":[0.6447238244167269,6.517393953349005e-8,-0.7643645905624473,-5.676777208351151e-8,1,3.756371806445237e-8,0.7643645905624473,1.942467342418948e-8,0.6447238244167269]}},{"t":2.6333333333333337,"j":false,"c":{"p":[130.1188630538764,258.09883144493824,88.61811281181245],"r":[0.6557902858850352,1.8004383878480528e-8,-0.754817320166417,-6.38681961475925e-9,1,1.8748882768540353e-8,0.754817320166417,-6.861649952418639e-9,0.6557902858850352]}},{"t":2.666666666666667,"j":false,"c":{"p":[130.73259398836285,258.7480636921915,88.0813814200725],"r":[0.6639197461062597,-2.865420472736517e-8,-0.7478038428040897,4.3524945824134967e-8,1,3.2483625181012133e-10,0.7478038428040897,-3.276369778352893e-8,0.6639197461062597]}},{"t":2.7,"j":false,"c":{"p":[131.32733466010635,259.0601174847621,87.55338373332368],"r":[0.6639228865343534,-7.389901060180053e-8,-0.7478010578961576,9.213852868608898e-8,1,-1.7017945967074923e-8,0.7478010578961576,-5.76025026301509e-8,0.6639228865343534]}},{"t":2.7333333333333334,"j":false,"c":{"p":[131.9208129310157,259.2625033436515,87.02650677826827],"r":[0.6639252305030823,-1.0069323953389635e-7,-0.7477989792823792,1.195469798960328e-7,1,-2.8514332981132897e-8,0.7477989792823792,-7.046572007226052e-8,0.6639252305030823]}},{"t":2.7666666666666666,"j":false,"c":{"p":[132.51057597399324,259.14213801336416,86.50292812085237],"r":[0.6639252305030823,-7.318767955549803e-8,-0.7477989792823792,8.45490263565872e-8,1,-2.2804860985928824e-8,0.7477989792823792,-4.808495191021384e-8,0.6639252305030823]}},{"t":2.8,"j":false,"c":{"p":[133.0965453309745,258.9316363306585,85.98271741441992],"r":[0.6639252305030823,-3.64329363996356e-8,-0.7477989792823792,3.894002548804688e-8,1,-1.4147750047892307e-8,0.7477989792823792,-1.9726264744967508e-8,0.6639252305030823]}},{"t":2.833333333333333,"j":false,"c":{"p":[133.66943087221895,258.41026879680254,85.47412223181338],"r":[0.6639252305030823,3.2220758996525875e-8,-0.7477989792823792,-4.326477908292888e-8,1,4.675295768389024e-9,0.7477989792823792,2.924930816258541e-8,0.6639252305030823]}},{"t":2.8666666666666663,"j":false,"c":{"p":[134.24732402583098,257.7729406193026,84.96108140109192],"r":[0.6639252305030823,7.928534918966408e-8,-0.7477989792823792,-9.897641047564296e-8,1,1.8149818896983786e-8,0.7477989792823792,6.196433296379912e-8,0.6639252305030823]}},{"t":2.8999999999999995,"j":false,"c":{"p":[134.8389852104681,256.81678789585385,84.43581761526126],"r":[0.6639252305030823,6.699241559288829e-8,-0.7477989792823792,-8.184717410609519e-8,1,1.6919005250861658e-8,0.7477989792823792,4.997227694890249e-8,0.6639252305030823]}},{"t":2.9333333333333327,"j":false,"c":{"p":[135.44207971452462,255.72587546970215,83.90124419291548],"r":[0.6626630510755668,4.725079519083871e-8,-0.7489042088583049,-5.552224549932034e-8,1,1.3825929452555074e-8,0.7489042088583049,3.229329173899594e-8,0.6626630510755668]}},{"t":2.966666666666666,"j":false,"c":{"p":[136.08052599555583,254.21828659287408,83.33788541246642],"r":[0.6574982180103178,4.477865591997126e-9,-0.7534268037715088,-7.642740313303664e-10,1,4.974746681342015e-9,0.7534268037715088,-2.969655328160772e-9,0.6574982180103178]}},{"t":2.999999999999999,"j":true,"c":{"p":[136.69858235796218,252.73745893527072,82.79826298606936],"r":[0.642226857818799,-3.6104253324261915e-8,-0.766184145620166,5.1890010965652156e-8,1,-3.959728021943788e-9,0.766184145620166,-3.7524867896912634e-8,0.642226857818799]}},{"t":3.0333333333333323,"j":true,"c":{"p":[137.29985519996197,251.90983237984688,82.31422792121539],"r":[0.5993014278911296,-7.195920951508338e-8,-0.8003387733256799,1.0081598163298771e-7,1,-1.467954484779795e-8,0.8003387733256799,-7.214432452240431e-8,0.5993014278911296]}},{"t":3.0666666666666655,"j":true,"c":{"p":[137.9682128856228,253.12844468967688,81.81956828337941],"r":[0.5821217942803227,-1.0404567787125649e-7,-0.8131015848548091,1.425521110669515e-7,1,-2.5904492061024194e-8,0.8131015848548091,-1.0082977781968854e-7,0.5821217942803227]}},{"t":3.0999999999999988,"j":false,"c":{"p":[138.618135992918,254.61412255451424,81.35749689928856],"r":[0.571391989792528,-7.659570729688762e-8,-0.8205091993912934,1.0392157254181376e-7,1,-2.0224406349001887e-8,0.8205091993912934,-7.308503127365999e-8,0.571391989792528]}},{"t":3.133333333333332,"j":false,"c":{"p":[139.26941573331922,255.90134700956537,80.90983621271523],"r":[0.5491931614612063,-1.2832803589232444e-8,-0.8355473960483373,1.9162488955504625e-8,1,-2.1135780548986077e-9,0.8355473960483373,-1.421951736678257e-8,0.5491931614612063]}},{"t":3.166666666666665,"j":false,"c":{"p":[139.9157322908419,256.88887247750273,80.50539191371529],"r":[0.5279504776223928,5.049810766900777e-8,-0.8489376830224493,-6.158182878581741e-8,1,2.266754668344052e-8,0.8489376830224493,4.17729607163182e-8,0.5279504776223928]}},{"t":3.1999999999999984,"j":false,"c":{"p":[140.57486284282658,257.7806342801023,80.10150575153189],"r":[0.5035048177041648,9.02726453512561e-8,-0.8636120483047657,-1.1301675221166594e-7,1,3.8173001989802644e-8,0.8636120483047657,7.794563960208783e-8,0.5035048177041648]}},{"t":3.2333333333333316,"j":false,"c":{"p":[141.2708036926078,258.3972992696322,79.69922292876691],"r":[0.4698580844072494,6.23776418210416e-8,-0.8819751388366097,-8.0255640108317e-8,1,2.703257766297425e-8,0.8819751388366097,5.718269916258685e-8,0.4698580844072494]}},{"t":3.266666666666665,"j":false,"c":{"p":[141.97673153462688,258.8962285882412,79.32030525060064],"r":[0.43145151776912244,3.7287754685329504e-8,-0.9013291429519331,-4.3476752271909845e-8,1,1.927463447984844e-8,0.9013291429519331,3.041626046829502e-8,0.43145151776912244]}},{"t":3.299999999999998,"j":false,"c":{"p":[142.7099363350915,259.07359252191816,79.00520359062244],"r":[0.38004466303982715,1.9859337740611216e-8,-0.9233895783927294,4.275679861358503e-9,1,2.0755088143593146e-8,0.9233895783927294,-1.2747224356028125e-8,0.38004466303982715]}},{"t":3.3333333333333313,"j":false,"c":{"p":[143.45870369971794,259.1284114590079,78.69933771099493],"r":[0.3371537564966338,5.8723144018021144e-9,-0.9413474623452758,5.271569815177e-8,1,2.4606102729136104e-8,0.9413474623452758,-5.798017361325229e-8,0.3371537564966338]}},{"t":3.3666666666666645,"j":false,"c":{"p":[144.25070395421676,258.84279971341715,78.41912888059363],"r":[0.3179202014194418,1.4455016571240626e-9,-0.9479084354261368,1.0306583461425295e-7,1,3.504254875143601e-8,0.9479084354261368,-1.0896210658498846e-7,0.3179202014194418]}},{"t":3.3999999999999977,"j":false,"c":{"p":[145.03298405725366,258.4550368653134,78.15093943168233],"r":[0.30163123155427274,-1.8403271338885155e-9,-0.953412403581227,1.2873660692978775e-7,1,3.8980165960013086e-8,0.953412403581227,-1.3449791125600365e-7,0.30163123155427274]}},{"t":3.433333333333331,"j":false,"c":{"p":[145.7846796734654,257.7458552552454,77.9205690040351],"r":[0.2946074082226499,-1.5360463638084278e-9,-0.9555905024478483,7.675368315169346e-8,1,2.2469198081046132e-8,0.9555905024478483,-7.99673940372779e-8,0.2946074082226499]}},{"t":3.466666666666664,"j":false,"c":{"p":[146.5343720523415,256.95440779746315,77.69151406518563],"r":[0.2890313348820307,-1.3711676214121816e-9,-0.9573196490137209,1.8249761741775258e-8,1,4.077639391095416e-9,0.9573196490137209,-1.8649422851130978e-8,0.2890313348820307]}},{"t":3.4999999999999973,"j":false,"c":{"p":[147.27634961946458,255.84614040151243,77.46752530010257],"r":[0.2890307959263113,-1.7431500798488372e-9,-0.9573198030010692,-6.536764386501091e-8,1,-2.155639817692325e-8,0.9573198030010692,6.880820173957083e-8,0.2890307959263113]}},{"t":3.5333333333333306,"j":false,"c":{"p":[148.033364989561,254.60706177174984,77.23899691136131],"r":[0.28903040289878845,-1.7186153523760515e-9,-0.9573199152946472,-1.1616996550879414e-7,1,-3.686882963781794e-8,0.9573199152946472,1.2186803485252768e-7,0.28903040289878845]}},{"t":3.5666666666666638,"j":false,"c":{"p":[148.83088158279799,253.0156700428403,76.99824198187599],"r":[0.28903040289878845,-6.261433036043321e-10,-0.9573199152946472,-7.859162141857667e-8,1,-2.4382142247752768e-8,0.9573199152946472,8.228450572359692e-8,0.28903040289878845]}},{"t":3.599999999999997,"j":false,"c":{"p":[149.62180503255854,251.80924810920916,76.75947739567158],"r":[0.28903040289878845,5.004573086486652e-10,-0.9573199152946472,-3.75992013571932e-8,1,-1.0829039410227344e-8,0.9573199152946472,3.912438679135906e-8,0.28903040289878845]}},{"t":3.63333333333333,"j":false,"c":{"p":[150.3906665397941,251.89101010902726,76.52737288583668],"r":[0.28903040289878845,1.7412587431154904e-9,-0.9573199152946472,1.4817382021861539e-8,1,6.292497269768381e-9,0.9573199152946472,-1.6003698401261562e-8,0.28903040289878845]}},{"t":3.6666666666666634,"j":false,"c":{"p":[151.16038366540846,251.95875605052757,76.29501008126009],"r":[0.28903040289878845,2.513154129070554e-9,-0.9573199152946472,5.3415997113070245e-8,1,1.8752353813257192e-8,0.9573199152946472,-5.655619950234781e-8,0.28903040289878845]}},{"t":3.6999999999999966,"j":false,"c":{"p":[151.9328421693251,251.98159491767396,76.06181970726931],"r":[0.28903040289878845,1.782687131245231e-9,-0.9573199152946472,4.7742212985249864e-8,1,1.6276312420405904e-8,0.9573199152946472,-5.040892070029677e-8,0.28903040289878845]}},{"t":3.73333333333333,"j":false,"c":{"p":[152.70299891406015,251.99912061216472,75.83036627375994],"r":[0.28476912074516114,2.3396943275420447e-10,-0.9585257340752182,2.5411619466976292e-8,1,8.399712102301933e-9,0.9585257340752182,-2.6776328462854487e-8,0.28476912074516114]}},{"t":3.766666666666663,"j":false,"c":{"p":[153.4664284673003,252.00111786641475,75.6039892754081],"r":[0.26805368557227033,-3.7061926871149675e-9,-0.9632557155526785,-4.560067253606582e-8,1,-1.52607262297654e-8,0.9632557155526785,4.795937341701795e-8,0.26805368557227033]}},{"t":3.7999999999999963,"j":false,"c":{"p":[154.23205235783314,252.0026636582255,75.38624876187872],"r":[0.25047076066971213,-5.652109415432783e-9,-0.9680270179712475,-8.53115374127678e-8,1,-2.8465675360398825e-8,0.9680270179712475,8.975982754963972e-8,0.25047076066971213]}},{"t":3.8333333333333295,"j":false,"c":{"p":[155.0044149921337,252.00282302247595,75.19503063324663],"r":[0.23022380092222863,-1.473758580996397e-9,-0.972925215756037,-2.88966618816486e-8,1,-9.562131905144018e-9,0.972925215756037,3.041712733210826e-8,0.23022380092222863]}},{"t":3.8666666666666627,"j":false,"c":{"p":[155.78164262332024,252.00294494628906,75.0132729282693],"r":[0.2074111964685315,2.923378758131204e-9,-0.9780429849570607,2.388071902689583e-8,1,7.491206793522326e-9,0.9780429849570607,-2.486706318335608e-8,0.2074111964685315]}},{"t":3.899999999999996,"j":false,"c":{"p":[156.57471299066876,252.00294494628906,74.86232284752147],"r":[0.17624363658155454,8.032988674491008e-9,-0.9838757827793961,6.481269305318404e-8,1,1.8519401696439794e-8,0.9838757827793961,-6.693482213127616e-8,0.17624363658155454]}},{"t":3.933333333333329,"j":true,"c":{"p":[157.34516912553957,252.00295183821206,74.72248329986283],"r":[0.14986628752238743,9.629223715631492e-9,-0.9887001831530885,7.773592029581461e-8,1,2.15928671552597e-8,0.9887001831530885,-8.010299051928218e-8,0.14986628752238743]}},{"t":3.9666666666666623,"j":true,"c":{"p":[158.1030834426069,253.16876935271452,74.60923699109911],"r":[0.14608143270015717,-7.049303182545878e-10,-0.9892725944519043,3.0372201428619334e-9,1,-2.6408172847126997e-10,0.9892725944519043,-2.9660612371024e-9,0.14608143270015717]}},{"t":3.9999999999999956,"j":false,"c":{"p":[158.94297336202135,254.7431404676283,74.48516396999247],"r":[0.14608131349086761,-1.0571078384323373e-8,-0.9892725944519043,-6.631462066052101e-8,1,-2.047808168876041e-8,0.9892725944519043,6.859470100211797e-8,0.14608131349086761]}},{"t":4.033333333333329,"j":false,"c":{"p":[159.68714606105354,255.92236091142865,74.37525415056886],"r":[0.14608131349086761,-1.3463980854872681e-8,-0.9892725944519043,-8.85674290409015e-8,1,-2.66883242522857e-8,0.9892725944519043,9.151599320348516e-8,0.14608131349086761]}},{"t":4.066666666666662,"j":false,"c":{"p":[160.45522302009968,257.01727266024506,74.25979760035362],"r":[0.15140365210547319,-1.2748735044458713e-8,-0.988375468449223,-8.884757658989563e-8,1,-2.5911116390512828e-8,0.988375468449223,9.16461516360261e-8,0.15140365210547319]}},{"t":4.099999999999995,"j":false,"c":{"p":[161.289032932857,257.8803487637999,74.1290884132376],"r":[0.17136158444208544,-2.111649202292293e-9,-0.9850113871016373,-2.870636424323556e-8,1,-5.919519332101874e-9,0.9850113871016373,2.9104278381389525e-8,0.17136158444208544]}},{"t":4.133333333333328,"j":false,"c":{"p":[162.09801160919884,258.6159901783363,73.99326265857866],"r":[0.18901331883883649,8.964823492931081e-9,-0.9819471702092288,2.9481863025321046e-8,1,1.508272692157905e-8,0.9819471702092288,-3.186468798632683e-8,0.18901331883883649]}},{"t":4.166666666666662,"j":false,"c":{"p":[162.83351473020804,258.97455272383854,73.84229699564766],"r":[0.19984102033190818,2.1341440590713942e-8,-0.9797702513554687,8.189121320660778e-8,1,3.907548116392565e-8,0.9797702513554687,-8.817942751373411e-8,0.19984102033190818]}},{"t":4.199999999999995,"j":false,"c":{"p":[163.59251733331118,259.2271384332207,73.68452218237947],"r":[0.2104476876877944,2.7594070043105763e-8,-0.9775813010417548,1.099196813567693e-7,1,5.167182139337285e-8,0.9775813010417548,-1.1828041415657395e-7,0.2104476876877944]}},{"t":4.233333333333328,"j":false,"c":{"p":[164.42019282517995,259.1700264458821,73.506848887016],"r":[0.2204084236714191,1.5950478604599353e-8,-0.9753571910122741,6.669953249309175e-8,1,3.096425012775485e-8,0.9753571910122741,-7.177655781696463e-8,0.2204084236714191]}},{"t":4.266666666666661,"j":false,"c":{"p":[165.2354042469853,259.0027779123951,73.32682519840624],"r":[0.22880187293414397,3.103262023342514e-9,-0.9734699245367594,1.698092099285405e-8,1,7.0543205102512504e-9,0.9734699245367594,-1.8117656324741937e-8,0.22880187293414397]}},{"t":4.2999999999999945,"j":false,"c":{"p":[166.01259301004248,258.49954889351324,73.13963144416999],"r":[0.23241418667322797,-1.341571088074416e-8,-0.9726102266996434,-5.256177894403628e-8,1,-2.662466353198281e-8,0.9726102266996434,5.736829193322657e-8,0.23241418667322797]}},{"t":4.333333333333328,"j":false,"c":{"p":[166.7906920167556,257.888259235899,72.95201625018503],"r":[0.23514006622297753,-2.428019211376351e-8,-0.9719614909158911,-9.887275362694977e-8,1,-4.8900228012416644e-8,0.9719614909158911,1.075989158407327e-7,0.23514006622297753]}},{"t":4.366666666666661,"j":false,"c":{"p":[167.57159001209862,256.9446843740222,72.7631051338862],"r":[0.23514017097513393,-1.7757177381890523e-8,-0.9719614609867036,-7.374644400402874e-8,1,-3.6110410288591294e-8,0.9719614609867036,8.016971181310911e-8,0.23514017097513393]}},{"t":4.399999999999994,"j":false,"c":{"p":[168.35355622807865,255.88963392362135,72.57830935746397],"r":[0.2247839715729288,-8.47842428286093e-9,-0.9740174050175379,-4.0385264772820055e-8,1,-1.9193573833277178e-8,0.9740174050175379,4.3967089247136266e-8,0.2247839715729288]}},{"t":4.433333333333327,"j":false,"c":{"p":[169.13866185133372,254.50696644216384,72.40560820597278],"r":[0.18399149760429837,8.899203504074317e-9,-0.9821156771816463,1.7177477939024476e-8,1,9.852210688850069e-9,0.9821156771816463,-1.8019845129233238e-8,0.18399149760429837]}},{"t":4.466666666666661,"j":false,"c":{"p":[169.91066365284357,253.41561746059196,72.2604826729513],"r":[0.14029023471475668,2.1284404675387293e-8,-0.989471841641217,5.6571804888877734e-8,1,2.981914309590853e-8,0.989471841641217,-6.02605792036504e-8,0.14029023471475668]}},{"t":4.499999999999994,"j":false,"c":{"p":[170.64615373972,253.13598113369974,72.19219221384806],"r":[0.08848409425024883,1.9759003316990132e-8,-0.9947602410424583,4.534273169325287e-8,1,2.448929841994551e-8,0.9947602410424583,-4.748166751843452e-8,0.08848409425024883]}},{"t":4.533333333333327,"j":false,"c":{"p":[171.40681882540025,252.8113553347839,72.1322827150419],"r":[0.047223430740338544,1.1290355236011233e-8,-0.998874320780469,2.1686724248533524e-8,1,1.2518337229327194e-8,0.998874320780469,-2.2342977699377846e-8,0.047223430740338544]}},{"t":4.56666666666666,"j":false,"c":{"p":[172.24946346679175,252.34022637386505,72.09966487201456],"r":[0.04030292836562033,-1.978819586608241e-8,-0.9991643604458323,-4.243619866787468e-8,1,-2.107867389840857e-8,0.9991643604458323,4.3043941245652375e-8,0.04030292836562033]}},{"t":4.599999999999993,"j":false,"c":{"p":[173.08397992763503,251.9739590280838,72.06803594364821],"r":[0.0348975695669651,-3.8561596415740667e-8,-0.9993909001350403,-8.084010918251572e-8,1,-4.140794146053667e-8,0.9993909001350403,8.223590817306923e-8,0.0348975695669651]}},{"t":4.633333333333327,"j":false,"c":{"p":[173.8894986532552,251.98179131416595,72.03993502322008],"r":[0.0348975695669651,-1.3435689429002936e-8,-0.9993909001350403,-2.749001553878403e-8,1,-1.4403797487494652e-8,0.9993909001350403,2.797592994775057e-8,0.0348975695669651]}},{"t":4.66666666666666,"j":false,"c":{"p":[174.69545592351744,251.98945860017506,72.01181880394452],"r":[0.0348975695669651,8.305796289512572e-9,-0.9993909001350403,1.8557377442112946e-8,1,8.958860616526317e-9,0.9993909001350403,-1.885871622687025e-8,0.0348975695669651]}},{"t":4.699999999999993,"j":false,"c":{"p":[175.50285094543216,251.99658493982457,71.98365242798917],"r":[0.0348975695669651,1.8951587740663444e-8,-0.9993909001350403,4.06631486628269e-8,1,2.038304809900725e-8,0.9993909001350403,-4.1349698377808563e-8,0.0348975695669651]}},{"t":4.733333333333326,"j":false,"c":{"p":[176.30730627190368,252.00206112023082,71.955588604768],"r":[0.0348975695669651,2.0292539781122833e-8,-0.9993909001350403,4.293178857155e-8,1,2.180403542917803e-8,0.9993909001350403,-4.366654510606857e-8,0.0348975695669651]}},{"t":4.7666666666666595,"j":false,"c":{"p":[177.10308817223162,252.0026685873303,71.92782735832144],"r":[0.0348975695669651,-5.819977072351746e-9,-0.9993909001350403,-1.3328047228062996e-8,1,-6.288924994085219e-9,0.9993909001350403,1.3539397849942953e-8,0.0348975695669651]}},{"t":4.799999999999993,"j":false,"c":{"p":[177.89987801071294,252.00313362975314,71.9016599619719],"r":[0.029794255027394356,-2.4281545301563796e-8,-0.999462150309866,-5.23120119212064e-8,1,-2.5986167967886032e-8,0.999462150309866,5.311333014370041e-8,0.029794255027394356]}},{"t":4.833333333333326,"j":false,"c":{"p":[178.69979692599014,252.00315652426312,71.88044056698318],"r":[0.008848040748643041,-1.899125363189366e-8,-0.999754591902036,-3.7664186583664026e-8,1,-1.9619465880305207e-8,0.999754591902036,3.794