{"v":1,"d":[{"t":0.016666666666666663,"j":false,"c":{"p":[232.88160230577256,314.2543640136719,-144.30133936625487],"r":[0.47562408447265625,5.6269418974471403e-8,0.8796486258506775,-9.02366577516455e-8,1,-1.5177299790291567e-8,-0.8796486258506775,-7.21578645706226e-8,0.47562408447265625]}},{"t":0.03076923076923077,"j":false,"c":{"p":[232.71903479273493,314.2543640136719,-144.38924187632682],"r":[0.47562408447265625,4.7153444022018815e-8,0.8796486258506775,-7.015763669595148e-8,1,-1.5670782172360933e-8,-0.8796486258506775,-5.426066893977949e-8,0.47562408447265625]}},{"t":0.046153846153846156,"j":false,"c":{"p":[232.5354620724158,314.2543640136719,-144.48850219344217],"r":[0.47562408447265625,3.720874407388872e-8,0.8796486258506775,-4.8253250089739854e-8,1,-1.6209126589163878e-8,-0.8796486258506775,-3.473645552431429e-8,0.47562408447265625]}},{"t":0.06153846153846154,"j":false,"c":{"p":[232.3499753650003,314.2543640136719,-144.58879742993898],"r":[0.47562408447265625,2.726404412575863e-8,0.8796486258506775,-2.6348863483528218e-8,1,-1.6747471005966823e-8,-0.8796486258506775,-1.5212242108849086e-8,0.47562408447265625]}},{"t":0.07692307692307693,"j":false,"c":{"p":[232.18608962472354,314.2543640136719,-144.6774127237707],"r":[0.47562408447265625,1.731934417762854e-8,0.8796486258506775,-4.444476877316583e-9,1,-1.7285815422769765e-8,-0.8796486258506775,4.311971306616118e-9,0.47562408447265625]}},{"t":0.09230769230769231,"j":false,"c":{"p":[231.9992067301064,314.2543640136719,-144.77846289806072],"r":[0.47562408447265625,7.374644229498451e-9,0.8796486258506775,1.7459909728895058e-8,1,-1.7824159839572714e-8,-0.8796486258506775,2.3836184722081322e-8,0.47562408447265625]}},{"t":0.1076923076923077,"j":false,"c":{"p":[231.82262383159727,314.2543640136719,-144.8739439600479],"r":[0.47562408447265625,-2.570055718631638e-9,0.8796486258506775,3.936429633510669e-8,1,-1.836250425637566e-8,-0.8796486258506775,4.3360398137546524e-8,0.47562408447265625]}},{"t":0.12307692307692308,"j":false,"c":{"p":[231.62917573452103,314.2543640136719,-144.9785428757598],"r":[0.47562408447265625,-1.724924450075371e-8,0.8796486258506775,7.034803594540988e-8,1,-1.842778495956719e-8,-0.8796486258506775,7.064625157514076e-8,0.47562408447265625]}},{"t":0.13846153846153847,"j":false,"c":{"p":[231.37127944674864,314.2543640136719,-145.11798449867487],"r":[0.47562408447265625,-2.979043007351972e-8,0.8796486258506775,9.256462551120609e-8,1,-1.6183206429973372e-8,-0.8796486258506775,8.912146877455613e-8,0.47562408447265625]}},{"t":0.15384615384615385,"j":false,"c":{"p":[231.0444451647292,314.2543640136719,-145.29469615699],"r":[0.47562408447265625,-2.4799040492396176e-8,0.8796486258506775,7.182472657653214e-8,1,-1.0643487832920812e-8,-0.8796486258506775,6.824282143565261e-8,0.47562408447265625]}},{"t":0.16923076923076924,"j":false,"c":{"p":[230.72508147185965,314.2543640136719,-145.46735491165154],"r":[0.47562408447265625,-1.9807650911272633e-8,0.8796486258506775,5.10848276418582e-8,1,-5.103769235868253e-9,-0.8796486258506775,4.7364174096749085e-8,0.47562408447265625]}},{"t":0.18461538461538463,"j":false,"c":{"p":[230.40567575998764,314.2543640136719,-145.64011590483707],"r":[0.47592320000239213,-1.4140324333803262e-8,0.8794660452418599,2.7714123328935536e-8,1,1.1081795225181503e-9,-0.8794660452418599,2.385653061165979e-8,0.47592320000239213]}},{"t":0.2,"j":false,"c":{"p":[230.0855893668857,314.2543640136719,-145.81453309736696],"r":[0.47951258635922245,-1.0376907965299726e-9,0.8772750779360493,-2.459544014472234e-8,1,1.4714660055576646e-8,-0.8772750779360493,-2.8570070481472198e-8,0.47951258635922245]}},{"t":0.2153846153846154,"j":false,"c":{"p":[229.7636362597525,314.2543640136719,-145.99349228462034],"r":[0.49306551944517185,1.7278988489829225e-9,0.869002345402632,-2.803052226167063e-8,1,1.4251608430695127e-8,-0.869002345402632,-3.1148704941770527e-8,0.49306551944517185]}},{"t":0.23076923076923078,"j":false,"c":{"p":[229.44167189640203,314.2543640136719,-146.1724788599352],"r":[0.5066184525311213,4.493488494495818e-9,0.8607296128692148,-3.146560437861892e-8,1,1.3788556805813609e-8,-0.8607296128692148,-3.3727339402068865e-8,0.5066184525311213]}},{"t":0.24615384615384617,"j":false,"c":{"p":[229.11968798551183,314.2544195357741,-146.35143427081135],"r":[0.5201713856170707,7.259078140008713e-9,0.8524568803357976,-3.490068649556721e-8,1,1.332550518093209e-8,-0.8524568803357976,-3.630597386236719e-8,0.5201713856170707]}},{"t":0.26153846153846155,"j":false,"c":{"p":[228.7929163251681,314.2650339086501,-146.52706726730264],"r":[0.552374001427354,1.373979121759242e-8,0.832749708346279,-4.294017252224336e-8,1,1.2232171182931197e-8,-0.832749708346279,-4.235014631997631e-8,0.552374001427354]}},{"t":0.27692307692307694,"j":false,"c":{"p":[228.51566162112945,314.16644412256204,-146.73706209695155],"r":[0.5899039992603458,6.243602163639928e-9,0.8013611456932622,-3.194229628548258e-8,1,1.210626904998371e-8,-0.8013611456932622,-3.5621708446976275e-8,0.5899039992603458]}},{"t":0.2923076923076923,"j":false,"c":{"p":[228.2607901810807,314.01849052857307,-146.96258958531243],"r":[0.6269894076506358,-8.860225194759083e-9,0.7660376276178466,-1.06583382653821e-8,1,1.2569129911749482e-8,-0.7660376276178466,-2.1929375742453235e-8,0.6269894076506358]}},{"t":0.3076923076923077,"j":false,"c":{"p":[228.0027821376284,313.87745436574795,-147.18594045679544],"r":[0.6640748160409259,-2.3964052553158094e-8,0.7307141095424309,1.0625619754718381e-8,1,1.3031990773515254e-8,-0.7307141095424309,-8.237043037930198e-9,0.6640748160409259]}},{"t":0.3230769230769231,"j":false,"c":{"p":[227.74318843443956,313.7382387295831,-147.4037679830301],"r":[0.701160224431216,-3.9067879911557105e-8,0.6953905914670152,3.190957777481887e-8,1,1.3494851635281027e-8,-0.6953905914670152,5.45528966659284e-9,0.701160224431216]}},{"t":0.3384615384615385,"j":false,"c":{"p":[227.49487914565694,313.5860672386415,-147.66090262872729],"r":[0.7506151549192165,-5.8610133346685714e-8,0.6468157012065586,5.725514826573699e-8,1,1.699761965816289e-8,-0.6468157012065586,1.9019532319405236e-8,0.7506151549192165]}},{"t":0.35384615384615387,"j":false,"c":{"p":[227.2718186772735,313.4049070878902,-148.00598675624866],"r":[0.8085485189701285,-8.039211208101106e-8,0.587190244118689,8.131747642846359e-8,1,2.6447762673465338e-8,-0.587190244118689,2.6209277447140413e-8,0.8085485189701285]}},{"t":0.36923076923076925,"j":false,"c":{"p":[227.04697994472318,313.22495116410187,-148.34537479769196],"r":[0.8177000511235136,-8.226271025254964e-8,0.5739213196588246,7.71604027817105e-8,1,3.55005876993332e-8,-0.5739213196588246,1.504407030990805e-8,0.8177000511235136]}},{"t":0.38461538461538464,"j":false,"c":{"p":[226.82272844990743,313.04924505045454,-148.68387923273025],"r":[0.8277781063700294,-8.43577110107744e-8,0.5593090175423995,7.247920516890082e-8,1,4.570126306470851e-8,-0.5593090175423995,2.4975846859549313e-9,0.8277781063700294]}},{"t":0.4,"j":false,"c":{"p":[226.60877632922595,312.9380073273802,-149.01287529100864],"r":[0.8480479156409815,-8.892114022254685e-8,0.5299195612038061,6.203264392946925e-8,1,6.852829216466515e-8,-0.5299195612038061,-2.524296429192573e-8,0.8480479156409815]}},{"t":0.4153846153846154,"j":false,"c":{"p":[226.4145551813737,312.9502745907406,-149.32365572559442],"r":[0.848047925195219,-9.015674001670665e-8,0.5299195516495686,5.838951092903511e-8,1,7.669019614678273e-8,-0.5299195516495686,-3.4095218108569446e-8,0.848047925195219]}},{"t":0.4307692307692308,"j":false,"c":{"p":[226.2204536820798,312.9632907879578,-149.63432570069432],"r":[0.8480479347494565,-9.139233981086647e-8,0.5299195420953311,5.474637792860097e-8,1,8.48521001289003e-8,-0.5299195420953311,-4.2947471925213164e-8,0.8480479347494565]}},{"t":0.4461538461538462,"j":false,"c":{"p":[226.02632034710223,312.97619334528594,-149.9450061141137],"r":[0.848047944303694,-9.262793960502628e-8,0.5299195325410936,5.1103244928166835e-8,1,9.301400411101788e-8,-0.5299195325410936,-5.1799725741856875e-8,0.848047944303694]}},{"t":0.46153846153846156,"j":false,"c":{"p":[225.8319282516681,312.98668450173557,-150.25610063367102],"r":[0.8480479640229376,-9.003347104858438e-8,0.52991951282185,4.109707706497351e-8,1,1.0413124592896096e-7,-0.52991951282185,-6.653014474917017e-8,0.8480479640229376]}},{"t":0.47692307692307695,"j":false,"c":{"p":[225.63678516549984,312.99017714017026,-150.5683969978873],"r":[0.8480479717254639,-7.394515196804094e-8,0.5299195051193237,2.9901125107222004e-8,1,9.16885740970769e-8,-0.5299195051193237,-6.191111634974765e-8,0.8480479717254639]}},{"t":0.49230769230769234,"j":false,"c":{"p":[225.44135763232114,312.9910190035204,-150.88114857560322],"r":[0.8480479717254639,-5.1748252350547175e-8,0.5299195051193237,1.917078691265123e-8,1,6.69733891343086e-8,-0.5299195051193237,-4.663767004851252e-8,0.8480479717254639]}},{"t":0.5076923076923077,"j":false,"c":{"p":[225.2458127170135,312.99227095055045,-151.19408800528348],"r":[0.8480479717254639,-2.955135273305347e-8,0.5299195051193237,8.440448718080495e-9,1,4.2258204171540384e-8,-0.5299195051193237,-3.136422374727745e-8,0.8480479717254639]}},{"t":0.523076923076923,"j":false,"c":{"p":[225.05116081289285,312.9934033891339,-151.5055983085091],"r":[0.8480479717254639,5.7907754916608365e-9,0.5299195051193237,-8.424333976253002e-9,1,2.554090503570378e-9,-0.5299195051193237,-6.6302090620269035e-9,0.8480479717254639]}},{"t":0.5384615384615383,"j":false,"c":{"p":[224.86031936718155,312.9940258878953,-151.8110105616803],"r":[0.8480479717254639,4.181038841428164e-8,0.5299195051193237,-2.4903649493084143e-8,1,-3.9045366373837363e-8,-0.5299195051193237,1.9915414105451624e-8,0.8480479717254639]}},{"t":0.5538461538461537,"j":false,"c":{"p":[224.6738487111546,312.9940634597335,-152.10942804114984],"r":[0.8480479717254639,4.2378330632496585e-8,0.5299195051193237,-2.343558605557425e-8,1,-4.2466509295554304e-8,-0.5299195051193237,2.3594662762142037e-8,0.8480479717254639]}},{"t":0.569230769230769,"j":false,"c":{"p":[224.48696730113116,312.99416434870903,-152.40849819714836],"r":[0.8480479717254639,4.294627285071154e-8,0.5299195051193237,-2.196752261806436e-8,1,-4.588765221727124e-8,-0.5299195051193237,2.7273911418832452e-8,0.8480479717254639]}},{"t":0.5846153846153843,"j":false,"c":{"p":[224.29973245787545,312.9942627809805,-152.70816181497455],"r":[0.84806858398992,4.3247289505727373e-8,0.5298862607380321,-2.011684504433457e-8,1,-4.9418966799100554e-8,-0.5298862607380321,3.124880977949712e-8,0.84806858398992]}},{"t":0.5999999999999996,"j":false,"c":{"p":[224.1071051613783,312.9943237304688,-153.01688008545818],"r":[0.8483159311633939,4.0612124965551815e-8,0.5294873281625326,-1.4057411972184312e-8,1,-5.416216964216638e-8,-0.5294873281625326,3.847585488387968e-8,0.8483159311633939]}},{"t":0.615384615384615,"j":false,"c":{"p":[223.90573597384727,312.99432391533037,-153.340277164146],"r":[0.8489700589203795,3.0182635832261625e-8,0.5284323216826324,-6.978045907301849e-9,1,-4.586010399484116e-8,-0.5284323216826324,3.51697945868431e-8,0.8489700589203795]}},{"t":0.6307692307692303,"j":false,"c":{"p":[223.7043135961493,312.99432373046875,-153.66376355626224],"r":[0.8496241866773651,1.9753146698971143e-8,0.5273773152027322,1.0132015758065192e-10,1,-3.7558038347515466e-8,-0.5273773152027322,3.186373428980613e-8,0.8496241866773651]}},{"t":0.6461538461538456,"j":false,"c":{"p":[223.5026456487112,312.99432373046875,-153.98743146663938],"r":[0.8502783144343505,9.323657565680668e-9,0.5263223087228321,7.180686222463152e-9,1,-2.925597270018978e-8,-0.5263223087228321,2.8557673992769163e-8,0.8502783144343505]}},{"t":0.661538461538461,"j":false,"c":{"p":[223.3040500357951,312.99432373046875,-154.30854619922263],"r":[0.8513314916913078,-1.3156118583650266e-8,0.5246236973755721,2.2470310285410774e-8,1,-1.1359930983893472e-8,-0.5246236973755721,2.1416110804052596e-8,0.8513314916913078]}},{"t":0.6769230769230763,"j":false,"c":{"p":[223.10734706535416,312.99432373046875,-154.6280881041387],"r":[0.8517268896102905,-2.878319106046361e-8,0.5239859819412231,3.312806495955536e-8,1,1.0823349586598376e-9,-0.5239859819412231,1.6436786774700163e-8,0.8517268896102905]}},{"t":0.6923076923076916,"j":false,"c":{"p":[222.91095907695436,312.99432373046875,-154.9473682520269],"r":[0.8517268896102905,-3.8975530531675884e-8,0.5239859819412231,4.010150860628608e-8,1,9.198717002844793e-9,-0.5239859819412231,1.31778328069771e-8,0.8517268896102905]}},{"t":0.707692307692307,"j":false,"c":{"p":[222.71438329032546,312.99432373046875,-155.26690408224314],"r":[0.8517268896102905,-4.916787000288817e-8,0.5239859819412231,4.70749522530168e-8,1,1.7315099047029746e-8,-0.5239859819412231,9.918878839254033e-9,0.8517268896102905]}},{"t":0.7230769230769223,"j":false,"c":{"p":[222.5187157889419,312.99432373046875,-155.5849634860646],"r":[0.8517268896102905,-6.458323569541942e-8,0.5239859819412231,5.7444634863371715e-8,1,2.9878848730700976e-8,-0.5239859819412231,4.65156401035119e-9,0.8517268896102905]}},{"t":0.7384615384615376,"j":false,"c":{"p":[222.3245910187731,312.99432373046875,-155.90051516547115],"r":[0.8517268896102905,-8.119695727124169e-8,0.5239859819412231,6.835160895841795e-8,1,4.385624347161559e-8,-0.5239859819412231,-1.5382570055737997e-9,0.8517268896102905]}},{"t":0.7538461538461529,"j":false,"c":{"p":[222.13068764746978,312.99432373046875,-156.21570695889432],"r":[0.8517268896102905,-8.558291719394259e-8,0.5239859819412231,7.082369692469214e-8,1,4.820829893644691e-8,-0.5239859819412231,-3.949679984236105e-9,0.8517268896102905]}},{"t":0.7692307692307683,"j":false,"c":{"p":[221.93670753086863,312.99432373046875,-156.53102350253664],"r":[0.8517268896102905,-8.996887711664348e-8,0.5239859819412231,7.329578489096634e-8,1,5.2560354401278215e-8,-0.5239859819412231,-6.3611029628984105e-9,0.8517268896102905]}},{"t":0.7846153846153836,"j":false,"c":{"p":[221.74296619057748,312.99432373046875,-156.84595191299243],"r":[0.8517268896102905,-9.254646001734333e-8,0.5239859819412231,7.423685221919901e-8,1,5.594985434363556e-8,-0.5239859819412231,-8.754924896391448e-9,0.8517268896102905]}},{"t":0.7999999999999989,"j":false,"c":{"p":[221.55261709943264,312.99432373046875,-157.1553661898623],"r":[0.8517268896102905,-7.523189567600163e-8,0.5239859819412231,5.8336692528949314e-8,1,4.87512435387632e-8,-0.5239859819412231,-1.0955135333022266e-8,0.8517268896102905]}},{"t":0.8153846153846143,"j":false,"c":{"p":[221.36293050827206,312.99432373046875,-157.46370356664076],"r":[0.8517268896102905,-4.376224274386525e-8,0.5239859819412231,3.30587446996744e-8,1,2.9781756420345692e-8,-0.5239859819412231,-8.043604005528273e-9,0.8517268896102905]}},{"t":0.8307692307692296,"j":false,"c":{"p":[221.17324859343475,312.99432373046875,-157.77203334201135],"r":[0.8517268896102905,-1.2292589811727123e-8,0.5239859819412231,7.780796870398338e-9,1,1.0812269301926758e-8,-0.5239859819412231,-5.132072678033659e-9,0.8517268896102905]}},{"t":0.8461538461538449,"j":false,"c":{"p":[220.98400986433404,312.99432373046875,-158.0796427147079],"r":[0.8517268896102905,1.9177063120410988e-8,0.5239859819412231,-1.749715095887772e-8,1,-8.157217816492183e-9,-0.5239859819412231,-2.220541350539042e-9,0.8517268896102905]}},{"t":0.8615384615384603,"j":false,"c":{"p":[220.78975022576523,312.99432373046875,-158.39541362399473],"r":[0.8517268896102905,6.837001945780018e-8,0.5239859819412231,-5.660817633293503e-8,1,-3.846536628570274e-8,-0.5239859819412231,3.100093759200293e-9,0.8517268896102905]}},{"t":0.8769230769230756,"j":false,"c":{"p":[220.59231077739742,312.99432373046875,-158.7163533446672],"r":[0.8517268896102905,7.922307279731307e-8,0.5239859819412231,-6.465884756746505e-8,1,-4.609167815301891e-8,-0.5239859819412231,5.377189702899185e-9,0.8517268896102905]}},{"t":0.8923076923076909,"j":false,"c":{"p":[220.39431873594182,312.99432373046875,-159.0381913107141],"r":[0.8517268896102905,6.795229073699527e-8,0.5239859819412231,-5.487382880808729e-8,1,-4.0487294827578796e-8,-0.5239859819412231,5.730998766535451e-9,0.8517268896102905]}},{"t":0.9076923076923062,"j":false,"c":{"p":[220.19611060544193,312.99432373046875,-159.36038053157912],"r":[0.8517268896102905,5.668150867667746e-8,0.5239859819412231,-4.5088810048709536e-8,1,-3.4882911502138684e-8,-0.5239859819412231,6.084807830171717e-9,0.8517268896102905]}},{"t":0.9230769230769216,"j":false,"c":{"p":[220.00025276526856,312.99432373046875,-159.67874933293265],"r":[0.8517268896102905,3.767600170971832e-8,0.5239859819412231,-2.858868912795394e-8,1,-2.5432448571894593e-8,-0.5239859819412231,6.681427068518546e-9,0.8517268896102905]}},{"t":0.9384615384615369,"j":false,"c":{"p":[219.80832180514844,312.99432373046875,-159.990734953023],"r":[0.8517268896102905,1.4162047143488187e-8,0.5239859819412231,-8.174440256743466e-9,1,-1.3740170631261474e-8,-0.5239859819412231,7.419580406288988e-9,0.8517268896102905]}},{"t":0.9538461538461522,"j":false,"c":{"p":[219.616845844665,312.99432373046875,-160.30198096683156],"r":[0.8517268896102905,3.2884271173375562e-9,0.5239859819412231,1.265778463496518e-9,1,-8.333285563314225e-9,-0.5239859819412231,7.760933453716273e-9,0.8517268896102905]}},{"t":0.9692307692307676,"j":false,"c":{"p":[219.42531074905108,312.99432373046875,-160.61332310536295],"r":[0.8517268896102905,-7.585192908813075e-9,0.5239859819412231,1.0705997183736502e-8,1,-2.926400495366974e-9,-0.5239859819412231,8.10228650114356e-9,0.8517268896102905]}},{"t":0.9846153846153829,"j":false,"c":{"p":[219.2335865684779,312.99432373046875,-160.92497260331268],"r":[0.8517268896102905,-2.003820146647431e-8,0.5239859819412231,2.151740393727323e-8,1,3.265831606182818e-9,-0.5239859819412231,8.493221675514727e-9,0.8517268896102905]}},{"t":0.9999999999999982,"j":false,"c":{"p":[219.03916979010418,312.99432373046875,-161.24099894486258],"r":[0.8517268896102905,-4.9864483870798204e-8,0.5239859819412231,4.741187905711399e-8,1,1.80968810773834e-8,-0.5239859819412231,9.429560246270054e-9,0.8517268896102905]}},{"t":1.0153846153846136,"j":false,"c":{"p":[218.84409660701,312.99432373046875,-161.55809227859345],"r":[0.8517268896102905,-6.089959933561815e-8,0.5239859819412231,5.699231058504572e-8,1,2.358405951362553e-8,-0.5239859819412231,9.77599451442013e-9,0.8517268896102905]}},{"t":1.0307692307692289,"j":false,"c":{"p":[218.6490189351968,312.99432373046875,-161.87519290878018],"r":[0.8517268896102905,-7.193471480043431e-8,0.5239859819412231,6.657274211297416e-8,1,2.9071237949865767e-8,-0.5239859819412231,1.0122428782570087e-8,0.8517268896102905]}},{"t":1.0461538461538442,"j":false,"c":{"p":[218.45400837174662,312.99432373046875,-162.19218445367784],"r":[0.8517268896102905,-8.296983026525046e-8,0.5239859819412231,7.61531736409026e-8,1,3.455841638610601e-8,-0.5239859819412231,1.0468863050720044e-8,0.8517268896102905]}},{"t":1.0615384615384595,"j":false,"c":{"p":[218.25825720801416,312.99432373046875,-162.51037985145155],"r":[0.8517268896102905,-8.881857403661737e-8,0.5239859819412231,8.067885520993677e-8,1,3.836405125722648e-8,-0.5239859819412231,9.59889500715014e-9,0.8517268896102905]}},{"t":1.0769230769230749,"j":false,"c":{"p":[218.062136526518,312.99432373046875,-162.82917590390096],"r":[0.8517268896102905,-7.6590789508464e-8,0.5239859819412231,6.921681652122712e-8,1,3.3659234355312116e-8,-0.5239859819412231,7.600166432448837e-9,0.8517268896102905]}},{"t":1.0923076923076902,"j":false,"c":{"p":[217.86597772174738,312.99432373046875,-163.14803392609946],"r":[0.8517268896102905,-5.618913611278555e-8,0.5239859819412231,5.060337603012236e-8,1,2.497944882773031e-8,-0.5239859819412231,5.239791310801703e-9,0.8517268896102905]}},{"t":1.1076923076923055,"j":false,"c":{"p":[217.66943969916258,312.99432373046875,-163.46750837049905],"r":[0.8517268896102905,-3.5787482717107096e-8,0.5239859819412231,3.1989935539017595e-8,1,1.6299663300148503e-8,-0.5239859819412231,2.8794161891545695e-9,0.8517268896102905]}},{"t":1.1230769230769209,"j":false,"c":{"p":[217.47574830451566,312.99432373046875,-163.7823555938303],"r":[0.8517268896102905,-5.96522746729117e-9,0.5239859819412231,4.845240502516178e-9,1,3.5085024211344634e-9,-0.5239859819412231,-4.4944776875957745e-10,0.8517268896102905]}},{"t":1.1384615384615362,"j":false,"c":{"p":[217.28663254200856,312.99432373046875,-164.0897650831473],"r":[0.8517268896102905,2.4961982987069837e-8,0.5239859819412231,-2.3210967205047788e-8,1,-9.909765479620269e-9,-0.5239859819412231,-3.721807681488258e-9,0.8517268896102905]}},{"t":1.1538461538461515,"j":false,"c":{"p":[217.0977409801344,312.99432373046875,-164.39681013218092],"r":[0.8517268896102905,3.172141865889219e-8,0.5239859819412231,-2.920268752758634e-8,1,-1.3070396439827239e-8,-0.5239859819412231,-4.1693907622935455e-9,0.8517268896102905]}},{"t":1.1692307692307669,"j":false,"c":{"p":[216.90883328200832,312.99432373046875,-164.70388141084717],"r":[0.8517268896102905,3.8480854330714543e-8,0.5239859819412231,-3.519440785012489e-8,1,-1.6231027400034206e-8,-0.5239859819412231,-4.616973843098833e-9,0.8517268896102905]}},{"t":1.1846153846153822,"j":false,"c":{"p":[216.71956048094626,312.99432373046875,-165.01154616784436],"r":[0.8517268896102905,4.48602807445759e-8,0.5239859819412231,-4.0815414510845383e-8,1,-1.926901677509344e-8,-0.5239859819412231,-4.974765297163822e-9,0.8517268896102905]}},{"t":1.1999999999999975,"j":false,"c":{"p":[216.52508523076892,312.99432373046875,-165.32766755587275],"r":[0.8517268896102905,4.7059605320855103e-8,0.5239859819412231,-4.2358570891556504e-8,1,-2.095794871352399e-8,-0.5239859819412231,-4.34484885708291e-9,0.8517268896102905]}},{"t":1.2153846153846128,"j":false,"c":{"p":[216.32927294025183,312.99432373046875,-165.6459623158224],"r":[0.8517268896102905,3.265340371200373e-8,0.5239859819412231,-2.9064885132440744e-8,1,-1.507303545694975e-8,-0.5239859819412231,-2.3914827257772654e-9,0.8517268896102905]}},{"t":1.2307692307692282,"j":false,"c":{"p":[216.13345156762315,312.99432373046875,-165.96427183883134],"r":[0.8517268896102905,1.824720210314899e-8,0.5239859819412231,-1.5771199373321993e-8,1,-9.188122200373983e-9,-0.5239859819412231,-4.3811659447135235e-10,0.8517268896102905]}},{"t":1.2461538461538435,"j":false,"c":{"p":[215.93743383746943,312.99432373046875,-166.28290054288448],"r":[0.8517268896102905,3.841000494294253e-9,0.5239859819412231,-2.4775136142032416e-9,1,-3.303208943798213e-9,-0.5239859819412231,1.5152495368345607e-9,0.8517268896102905]}},{"t":1.2615384615384588,"j":false,"c":{"p":[215.74371220174825,312.99432373046875,-166.59779692337233],"r":[0.8517268896102905,-2.8685950391041284e-8,0.5239859819412231,2.753755457875965e-8,1,9.983998288270001e-9,-0.5239859819412231,5.925652782254785e-9,0.8517268896102905]}},{"t":1.2769230769230742,"j":false,"c":{"p":[215.5511127996353,312.99432373046875,-166.91086910234569],"r":[0.8517268896102905,-5.0951918261519793e-8,0.5239859819412231,4.808404416067983e-8,1,1.907960470613891e-8,-0.5239859819412231,8.94475264902507e-9,0.8517268896102905]}},{"t":1.2923076923076895,"j":false,"c":{"p":[215.35862139507182,312.99432373046875,-167.22376573026457],"r":[0.8517268896102905,-6.506726974514566e-8,0.5239859819412231,6.110934736476146e-8,1,2.484569505432173e-8,-0.5239859819412231,1.0858694640783219e-8,0.8517268896102905]}},{"t":1.3076923076923048,"j":false,"c":{"p":[215.16566892171338,312.99432373046875,-167.53741182994048],"r":[0.8517268896102905,-7.918262122877152e-8,0.5239859819412231,7.413465056884308e-8,1,3.061178540250455e-8,-0.5239859819412231,1.2772636632541368e-8,0.8517268896102905]}},{"t":1.3230769230769202,"j":false,"c":{"p":[214.9758486556524,312.99432373046875,-167.8459664965544],"r":[0.8517268896102905,-9.06602048427903e-8,0.5239859819412231,8.463453774557535e-8,1,3.5448837194605164e-8,-0.5239859819412231,1.4154583154092167e-8,0.8517268896102905]}},{"t":1.3384615384615355,"j":false,"c":{"p":[214.7913513306334,312.99432373046875,-168.1458686713523],"r":[0.8517268896102905,-8.785014599529167e-8,0.5239859819412231,8.180444429015077e-8,1,3.4686236119606465e-8,-0.5239859819412231,1.3321181686981736e-8,0.8517268896102905]}},{"t":1.3538461538461508,"j":false,"c":{"p":[214.6076638138015,312.99432373046875,-168.44445449516],"r":[0.8517268896102905,-6.3850552259645e-8,0.5239859819412231,5.9385554446978634e-8,1,2.5325637267433654e-8,-0.5239859819412231,9.546671559127986e-9,0.8517268896102905]}},{"t":1.3692307692307661,"j":false,"c":{"p":[214.42370599105573,312.99432373046875,-168.7434797038283],"r":[0.8517268898105073,-3.390640194079026e-8,0.5239859815407897,3.14147513121693e-8,1,1.3644665699056629e-8,-0.5239859815407897,4.8393605850336585e-9,0.8517268898105073]}},{"t":1.3846153846153815,"j":false,"c":{"p":[214.23708805332245,312.99432373046875,-169.04682895497191],"r":[0.8517268917376719,2.1266517782768216e-8,0.5239859776864604,-2.0113564797169038e-8,1,-7.891917344072827e-9,-0.5239859776864604,-3.817467321152847e-9,0.8517268917376719]}},{"t":1.3999999999999968,"j":false,"c":{"p":[214.03744749318275,312.99432373046875,-169.37134660398164],"r":[0.8517269016493447,2.700528888101713e-8,0.5239859578631146,-2.5419292585713878e-8,1,-1.021972721801064e-8,-0.5239859578631146,-4.614934937026242e-9,0.8517269016493447]}},{"t":1.4153846153846121,"j":false,"c":{"p":[213.8382842649226,312.99432373046875,-169.69508834543424],"r":[0.8517269115610177,3.274405997926604e-8,0.523985938039769,-3.072502037425872e-8,1,-1.2547537091948453e-8,-0.523985938039769,-5.412402552899638e-9,0.8517269115610177]}},{"t":1.4307692307692275,"j":false,"c":{"p":[213.6390195091706,312.99432373046875,-170.01891614893572],"r":[0.8517269214726905,3.848283107751496e-8,0.5239859182164233,-3.603074816280356e-8,1,-1.4875346965886266e-8,-0.5239859182164233,-6.209870168773034e-9,0.8517269214726905]}},{"t":1.4461538461538428,"j":false,"c":{"p":[213.44092950486194,312.99432373046875,-170.3417481481067],"r":[0.8520706523306802,4.8150608839087116e-8,0.5234138479592615,-4.4913382435222035e-8,1,-1.8896764736855846e-8,-0.5234138479592615,-7.463561530653706e-9,0.8520706523306802]}},{"t":1.4615384615384581,"j":false,"c":{"p":[213.2478610678029,312.99432373046875,-170.6603235035072],"r":[0.8534872966832873,3.964796327080674e-8,0.5210561589583351,-3.682309424215514e-8,1,-1.5859558049070732e-8,-0.5210561589583351,-5.912079975991366e-9,0.8534872966832873]}},{"t":1.4769230769230735,"j":false,"c":{"p":[213.0561195097069,312.99432373046875,-170.97777410028345],"r":[0.8552386641376791,2.4826576148346775e-8,0.5181414004050745,-2.2836704794994862e-8,1,-1.0356569348562445e-8,-0.5181414004050745,-3.3951258660797843e-9,0.8552386641376791]}},{"t":1.4923076923076888,"j":false,"c":{"p":[212.86409713177756,312.99432373046875,-171.2953574589301],"r":[0.8569900315920711,1.0005189025886814e-8,0.515226641851814,-8.850315347834584e-9,1,-4.8535806480541605e-9,-0.515226641851814,-8.781717561682019e-10,0.8569900315920711]}},{"t":1.5076923076923041,"j":false,"c":{"p":[212.67253257202375,312.99432373046875,-171.61312177263633],"r":[0.8600108936857298,-1.708912610905004e-8,0.5101990940327472,1.672142291787304e-8,1,5.194175439639866e-9,-0.5101990940327472,3.716094591470294e-9,0.8600108936857298]}},{"t":1.5230769230769194,"j":false,"c":{"p":[212.48320739379136,312.99432373046875,-171.9317712137537],"r":[0.8625136017799377,-4.503518643691976e-8,0.5060338973999023,4.311008602337131e-8,1,1.551704831358816e-8,-0.5060338973999023,8.431499304743935e-9,0.8625136017799377]}},{"t":1.5384615384615348,"j":false,"c":{"p":[212.29610533130335,312.99432373046875,-172.2512993531477],"r":[0.8625136017799377,-5.6991590817400684e-8,0.5060338973999023,5.442295555858457e-8,1,1.986241034622228e-8,-0.5060338973999023,1.0408260597084476e-8,0.8625136017799377]}},{"t":1.55384615384615,"j":false,"c":{"p":[212.10873108610116,312.99432373046875,-172.5707283664552],"r":[0.8625136017799377,-6.894799519788161e-8,0.5060338973999023,6.573582509379784e-8,1,2.42077723788564e-8,-0.5060338973999023,1.2385021889425015e-8,0.8625136017799377]}},{"t":1.5692307692307654,"j":false,"c":{"p":[211.92137892004328,312.99432373046875,-172.89011974001528],"r":[0.8625136017799377,-8.245308679740485e-8,0.5060338973999023,7.850642957932736e-8,1,2.9128927744053784e-8,-0.5060338973999023,1.4602816852777377e-8,0.8625136017799377]}},{"t":1.5846153846153808,"j":false,"c":{"p":[211.73423014055027,312.99432373046875,-173.20916438732357],"r":[0.8625136017799377,-9.945550282681722e-8,0.5060338973999023,9.453773711145693e-8,1,3.5403595976710175e-8,-0.5060338973999023,1.7303214700819445e-8,0.8625136017799377]}},{"t":1.599999999999996,"j":false,"c":{"p":[211.5475558814376,312.99432373046875,-173.52740008900153],"r":[0.8625136017799377,-6.975069053743466e-8,0.5060338973999023,6.626135588855898e-8,1,2.4898272460345595e-8,-0.5060338973999023,1.2055392374757811e-8,0.8625136017799377]}},{"t":1.6153846153846114,"j":false,"c":{"p":[211.36086398225248,312.99432373046875,-173.8456658628534],"r":[0.8625136017799377,-4.0045878248052124e-8,0.5060338973999023,3.798497466566104e-8,1,1.4392948943981012e-8,-0.5060338973999023,6.80757004869618e-9,0.8625136017799377]}},{"t":1.6307692307692268,"j":false,"c":{"p":[211.174025168619,312.99432373046875,-174.16418209128227],"r":[0.8625136017799377,-1.0341065958669578e-8,0.5060338973999023,9.708593442763081e-9,1,3.88762542761643e-9,-0.5060338973999023,1.5597477226345478e-9,0.8625136017799377]}},{"t":1.646153846153842,"j":false,"c":{"p":[210.98897152557282,312.99432373046875,-174.47965502377343],"r":[0.8625136017799377,5.374184812371974e-8,0.5060338973999023,-5.128562488501199e-8,1,-1.8787877376808238e-8,-0.5060338973999023,-9.74746334973945e-9,0.8625136017799377]}},{"t":1.6615384615384574,"j":false,"c":{"p":[210.8101901995514,312.99432373046875,-174.78443513113126],"r":[0.8625136017799377,6.62605921463753e-8,0.5060338973999023,-6.317607654619729e-8,1,-2.3260043810986995e-8,-0.5060338973999023,-1.1907130441893846e-8,0.8625136017799377]}},{"t":1.6769230769230727,"j":false,"c":{"p":[210.63304416339173,312.99432373046875,-175.08642745393306],"r":[0.8625136017799377,5.92994060295615e-8,0.5060338973999023,-5.651741684483772e-8,1,-2.0853086169204515e-8,-0.5060338973999023,-1.0613656957549908e-8,0.8625136017799377]}},{"t":1.692307692307688,"j":false,"c":{"p":[210.4561106572277,312.99432373046875,-175.3880574630842],"r":[0.8625136017799377,5.233821991274771e-8,0.5060338973999023,-4.985875714347815e-8,1,-1.8446128527422038e-8,-0.5060338973999023,-9.320183473205971e-9,0.8625136017799377]}},{"t":1.7076923076923034,"j":false,"c":{"p":[210.27642841168955,312.99432373046875,-175.69437342630107],"r":[0.8625136017799377,3.7831261467081076e-8,0.5060338973999023,-3.598795476867706e-8,1,-1.3420370995372427e-8,-0.5060338973999023,-6.6358720276490045e-9,0.8625136017799377]}},{"t":1.7230769230769187,"j":false,"c":{"p":[210.08684375353388,312.99432373046875,-176.01757067375408],"r":[0.8625136017799377,1.7692990137663237e-8,0.5060338973999023,-1.6746582998625524e-8,1,-6.420193675230582e-9,-0.5060338973999023,-2.9368341046966506e-9,0.8625136017799377]}},{"t":1.738461538461534,"j":false,"c":{"p":[209.88844768952475,312.99432373046875,-176.35578929554043],"r":[0.8625136017799377,2.3496203139846125e-10,0.5060338973999023,-8.341381805176537e-11,1,-3.221484981373126e-10,-0.5060338973999023,2.3564774090899516e-10,0.8625136017799377]}},{"t":1.7538461538461494,"j":false,"c":{"p":[209.6910707424927,312.99432373046875,-176.69227056260075],"r":[0.8625136017799377,-1.7223066074866317e-8,0.5060338973999023,1.6579755362521993e-8,1,5.775896678955956e-9,-0.5060338973999023,3.4081295865146405e-9,0.8625136017799377]}},{"t":1.7692307692307647,"j":false,"c":{"p":[209.49401843869558,312.99432373046875,-177.02819838930924],"r":[0.8625136017799377,-3.841069096521412e-8,0.5060338973999023,3.680149658368808e-8,1,1.3178755451215339e-8,-0.5060338973999023,7.255950093346379e-9,0.8625136017799377]}},{"t":1.78461538461538,"j":false,"c":{"p":[209.29982237087052,312.99432373046875,-177.35925700553813],"r":[0.8625136017799377,-7.417013017306939e-8,0.5060338973999023,7.092403432841046e-8,1,2.5684410585957135e-8,-0.5060338973999023,1.3736813766356082e-8,0.8625136017799377]}},{"t":1.7999999999999954,"j":false,"c":{"p":[209.11164465529964,312.99432373046875,-177.68005574682945],"r":[0.8625136017799377,-6.509170374852293e-8,0.5060338973999023,6.223387159927562e-8,1,2.255607797372348e-8,-0.5060338973999023,1.2037525899812635e-8,0.8625136017799377]}},{"t":1.8153846153846107,"j":false,"c":{"p":[208.92324256841883,312.99432373046875,-178.001236988427],"r":[0.8625136017799377,-5.601327732397646e-8,0.5060338973999023,5.3543708870140766e-8,1,1.9427745361489828e-8,-0.5060338973999023,1.0338238033269189e-8,0.8625136017799377]}},{"t":1.830769230769226,"j":false,"c":{"p":[208.7347661700259,312.99432373046875,-178.3225449136727],"r":[0.8625136017799377,-4.6934850899429997e-8,0.5060338973999023,4.4853546141005925e-8,1,1.6299412749256177e-8,-0.5060338973999023,8.638950166725744e-9,0.8625136017799377]}},{"t":1.8461538461538414,"j":false,"c":{"p":[208.5472571489265,312.99432373046875,-178.64220368818275],"r":[0.8625136017799377,-2.2905336206239735e-8,0.5060338973999023,2.1858291793556786e-8,1,8.007884846589142e-9,-0.5060338973999023,4.154126842180269e-9,0.8625136017799377]}},{"t":1.8615384615384567,"j":false,"c":{"p":[208.36216972125058,312.99432373046875,-178.95773421552047],"r":[0.8625136017799377,-3.54862086225613e-9,0.5060338973999023,3.349603685735045e-9,1,1.3033525673400284e-9,-0.5060338973999023,5.708535544379417e-10,0.8625136017799377]}},{"t":1.876923076923072,"j":false,"c":{"p":[208.17769431317805,312.99432373046875,-179.27222139339568],"r":[0.8625136017799377,1.3253755480744806e-8,0.5060338973999023,-1.2709889567652591e-8,1,-4.5279681514061134e-9,-0.5060338973999023,-2.526200690502408e-9,0.8625136017799377]}},{"t":1.8923076923076874,"j":false,"c":{"p":[207.99312325997812,312.99432373046875,-179.58687162371504],"r":[0.8625136017799377,3.0056131823745735e-8,0.5060338973999023,-2.8769382821040226e-8,1,-1.0359288870152254e-8,-0.5060338973999023,-5.623254935442757e-9,0.8625136017799377]}},{"t":1.9076923076923027,"j":false,"c":{"p":[207.8085732096188,312.99432373046875,-179.9014860491316],"r":[0.8625136017799377,5.663912539060705e-8,0.5060338973999023,-5.417452657120643e-8,1,-1.9589328841400184e-8,-0.5060338973999023,-1.0518083356744767e-8,0.8625136017799377]}},{"t":1.923076923076918,"j":false,"c":{"p":[207.6241147395629,312.99432373046875,-180.21594435167262],"r":[0.8625136017799377,7.03608971390956e-8,0.5060338973999023,-6.727899686970545e-8,1,-2.436961885869532e-8,-0.5060338973999023,-1.3026324056913493e-8,0.8625136017799377]}},{"t":1.9384615384615334,"j":false,"c":{"p":[207.43974397637533,312.99432373046875,-180.5302531346338],"r":[0.8625136017799377,5.23840942284203e-8,0.5060338973999023,-5.007861364034463e-8,1,-1.8162051986941066e-8,-0.5060338973999023,-9.676458100582399e-9,0.8625136017799377]}},{"t":1.9538461538461487,"j":false,"c":{"p":[207.25536259005133,312.99432373046875,-180.84458002754386],"r":[0.8625136017799377,3.440729131774501e-8,0.5060338973999023,-3.287823041098382e-8,1,-1.1954485115186811e-8,-0.5060338973999023,-6.326592144251304e-9,0.8625136017799377]}},{"t":1.969230769230764,"j":false,"c":{"p":[207.0710130897822,312.99432373046875,-181.1588525622306],"r":[0.8625136017799377,1.643048840706972e-8,0.5060338973999023,-1.5677847181623002e-8,1,-5.746918243432556e-9,-0.5060338973999023,-2.9767261879202096e-9,0.8625136017799377]}},{"t":1.9846153846153793,"j":false,"c":{"p":[206.88646267361577,312.99432373046875,-181.47346761126218],"r":[0.8625136017799377,-3.6370415496397183e-9,0.5060338973999023,3.5227102096478932e-9,1,1.1830305396473708e-9,-0.5060338973999023,7.622314465410928e-10,0.8625136017799377]}},{"t":1.9999999999999947,"j":false,"c":{"p":[206.6990341736853,312.99432373046875,-181.79298911611966],"r":[0.8625136017799377,-4.6702569012785515e-8,0.5060338973999023,4.47251833819878e-8,1,1.60591803473307e-8,-0.5060338973999023,8.781197540446013e-9,0.8625136017799377]}},{"t":2.01538461538461,"j":false,"c":{"p":[206.51055259970062,312.99432373046875,-182.11430586453181],"r":[0.8625136017799377,-5.0662202754282435e-8,0.5060338973999023,4.8509541457482275e-8,1,1.7433740038376782e-8,-0.5060338973999023,9.510634420267182e-9,0.8625136017799377]}},{"t":2.0307692307692253,"j":false,"c":{"p":[206.32206413626116,312.99432373046875,-182.43563435784412],"r":[0.8625136017799377,-5.462183649577145e-8,0.5060338973999023,5.2293899532969193e-8,1,1.880829972942014e-8,-0.5060338973999023,1.024007130008688e-8,0.8625136017799377]}},{"t":2.0461538461538407,"j":false,"c":{"p":[206.13303547202258,312.99432373046875,-182.75739822972872],"r":[0.8625136017799377,-5.8581470237260464e-8,0.5060338973999023,5.607825760845611e-8,1,2.0182859420463496e-8,-0.5060338973999023,1.0969508179906577e-8,0.8625136017799377]}},{"t":2.061538461538456,"j":false,"c":{"p":[205.95015158873747,312.99432373046875,-183.07417467737173],"r":[0.8634395705754181,-5.0313211402950685e-8,0.5044170630665872,4.8065367543137294e-8,1,1.7576985119997534e-8,-0.5044170630665872,9.350404098054909e-9,0.8634395705754181]}},{"t":2.0769230769230713,"j":false,"c":{"p":[205.77097201482255,312.99432373046875,-183.3879445146097],"r":[0.8649463327068816,-2.8406845963238123e-8,0.5017861053516186,2.694867943611267e-8,1,1.0402571572645362e-8,-0.5017861053516186,5.158735536070578e-9,0.8649463327068816]}},{"t":2.0923076923076867,"j":false,"c":{"p":[205.59238708292324,312.99432373046875,-183.70123170941895],"r":[0.8665891633737565,-1.719409316788491e-9,0.4989175583347092,1.2463003317007091e-9,1,1.6072940671008799e-9,-0.4989175583347092,7.220822763141906e-11,0.8665891633737565]}},{"t":2.107692307692302,"j":false,"c":{"p":[205.41399291807966,312.99432373046875,-184.01379859819417],"r":[0.8682319940406313,2.4968027329661148e-8,0.4960490113177997,-2.4456078772711255e-8,1,-7.1879834384436045e-9,-0.4960490113177997,-5.0143190808077424e-9,0.8682319940406313]}},{"t":2.1230769230769173,"j":false,"c":{"p":[205.233417300584,312.99432373046875,-184.3321075859158],"r":[0.8706256236791964,5.924563826820599e-8,0.49186949403842417,-5.743898883814382e-8,1,-1.855148968525237e-8,-0.49186949403842417,-1.1513673283235322e-8,0.8706256236791964]}},{"t":2.1384615384615326,"j":false,"c":{"p":[205.04853115375047,312.99432373046875,-184.6617629056083],"r":[0.8729221224784851,8.357825803997058e-8,0.4878595769405365,-8.079043289294502e-8,1,-2.6758733368515335e-8,-0.4878595769405365,-1.6056095058548852e-8,0.8729221224784851]}},{"t":2.153846153846148,"j":false,"c":{"p":[204.86201723991124,312.99432373046875,-184.99570289276755],"r":[0.8729221224784851,6.676840746025301e-8,0.4878595769405365,-6.449345823557278e-8,1,-2.1462411449128453e-8,-0.4878595769405365,-1.2728736676456276e-8,0.8729221224784851]}},{"t":2.1692307692307633,"j":false,"c":{"p":[204.67567990097965,312.99432373046875,-185.32915172480614],"r":[0.8729221224784851,4.995855688053545e-8,0.4878595769405365,-4.8196483578200534e-8,1,-1.6166089529741574e-8,-0.4878595769405365,-9.401378294363698e-9,0.8729221224784851]}},{"t":2.1846153846153786,"j":false,"c":{"p":[204.48954083112008,312.99432373046875,-185.662245756294],"r":[0.8729221224784851,3.065909352162104e-8,0.4878595769405365,-2.9486482772993336e-8,1,-1.0084236458260907e-8,-0.4878595769405365,-5.582509549302074e-9,0.8729221224784851]}},{"t":2.199999999999994,"j":false,"c":{"p":[204.3062236680345,312.99432373046875,-185.990290013414],"r":[0.8729221224784851,-1.6026110408531054e-8,0.4878595769405365,1.576680565846857e-8,1,4.638459286274272e-9,-0.4878595769405365,3.642973188433351e-9,0.8729221224784851]}},{"t":2.2153846153846093,"j":false,"c":{"p":[204.12356397762693,312.99432373046875,-186.31715772965478],"r":[0.8729221224784851,-3.538546895959465e-8,0.4878595769405365,3.4525976760351625e-8,1,1.0755102349659309e-8,-0.4878595769405365,7.455461161910597e-9,0.8729221224784851]}},{"t":2.2307692307692246,"j":false,"c":{"p":[203.94090881026273,312.99432373046875,-186.64401735195398],"r":[0.8729221224784851,-5.474482751065271e-8,0.4878595769405365,5.328514786222931e-8,1,1.6871745413042605e-8,-0