{"v":1,"d":[{"t":0.016666666666666663,"j":false,"c":{"p":[232.88160230577256,314.2543640136719,-144.30133936625487],"r":[0.47562408447265625,5.6269418974471403e-8,0.8796486258506775,-9.02366577516455e-8,1,-1.5177299790291567e-8,-0.8796486258506775,-7.21578645706226e-8,0.47562408447265625]}},{"t":0.02857142857142857,"j":false,"c":{"p":[232.74839488947273,314.2543640136719,-144.37336646462253],"r":[0.47562408447265625,4.7804585090051143e-8,0.8796486258506775,-7.159185248564392e-8,1,-1.563553343078455e-8,-0.8796486258506775,-5.5539040056268284e-8,0.47562408447265625]}},{"t":0.04285714285714286,"j":false,"c":{"p":[232.57386644866926,314.2543640136719,-144.46773641430622],"r":[0.47562408447265625,3.872412692312759e-8,0.8796486258506775,-5.159106138211496e-8,1,-1.6127093154222478e-8,-0.8796486258506775,-3.771157375905185e-8,0.47562408447265625]}},{"t":0.05714285714285714,"j":false,"c":{"p":[232.39910643701438,314.2543640136719,-144.56223157756256],"r":[0.47562408447265625,2.964366875620405e-8,0.8796486258506775,-3.1590270278586007e-8,1,-1.6618652877660404e-8,-0.8796486258506775,-1.988410746183541e-8,0.47562408447265625]}},{"t":0.07142857142857142,"j":false,"c":{"p":[232.2546434454641,314.2543640136719,-144.64034472164948],"r":[0.47562408447265625,2.0563210589280505e-8,0.8796486258506775,-1.1589479175057058e-8,1,-1.7110212601098328e-8,-0.8796486258506775,-2.056641164618971e-9,0.47562408447265625]}},{"t":0.08571428571428572,"j":false,"c":{"p":[232.07612256721046,314.2543640136719,-144.73687343766122],"r":[0.47562408447265625,1.1482752422356955e-8,0.8796486258506775,8.411311928471908e-9,1,-1.7601772324536258e-8,-0.8796486258506775,1.5770825132597476e-8,0.47562408447265625]}},{"t":0.1,"j":false,"c":{"p":[231.9094715868183,314.2543640136719,-144.82698393519354],"r":[0.47562408447265625,2.4022942554334046e-9,0.8796486258506775,2.841210303200088e-8,1,-1.8093332047974184e-8,-0.8796486258506775,3.359829142981393e-8,0.47562408447265625]}},{"t":0.1142857142857143,"j":false,"c":{"p":[231.74546266872662,314.2543640136719,-144.9156660512283],"r":[0.47562408447265625,-7.755506405870903e-9,0.8796486258506775,5.078586935120276e-8,1,-1.8643212416565766e-8,-0.8796486258506775,5.35408808470391e-8,0.47562408447265625]}},{"t":0.1285714285714286,"j":false,"c":{"p":[231.5490530960436,314.2543640136719,-145.02186497431242],"r":[0.47562408447265625,-2.650784890509235e-8,0.8796486258506775,8.933448159166164e-8,1,-1.816837055362609e-8,-0.8796486258506775,8.722426890374774e-8,0.47562408447265625]}},{"t":0.14285714285714288,"j":false,"c":{"p":[231.27787888245325,314.2543640136719,-145.16848400018216],"r":[0.47562408447265625,-2.805532798103391e-8,0.8796486258506775,8.535504159581941e-8,1,-1.4257494727188428e-8,-0.8796486258506775,8.18636532710325e-8,0.47562408447265625]}},{"t":0.15714285714285717,"j":false,"c":{"p":[230.97600849462125,314.2543640136719,-145.3316983377248],"r":[0.47562408447265625,-2.3497713923031815e-8,0.8796486258506775,6.641753863999213e-8,1,-9.199204055832101e-9,-0.8796486258506775,6.279945980800988e-8,0.47562408447265625]}},{"t":0.17142857142857146,"j":false,"c":{"p":[230.67947123561103,314.2543640136719,-145.4919884558916],"r":[0.47562408447265625,-1.8940099865029722e-8,0.8796486258506775,4.748003568416484e-8,1,-4.140913384475775e-9,-0.8796486258506775,4.373526634498725e-8,0.47562408447265625]}},{"t":0.18571428571428575,"j":false,"c":{"p":[230.38284161288158,314.2543640136719,-145.65250330881594],"r":[0.47623513476911666,-1.3001643085921153e-8,0.8792756397498074,2.3168173169915165e-8,1,2.2906474736054047e-9,-0.8792756397498074,1.9300409326185118e-8,0.47623513476911666]}},{"t":0.20000000000000004,"j":false,"c":{"p":[230.0855893668857,314.2543640136719,-145.81453309736696],"r":[0.4795125863592225,-1.0376907965299666e-9,0.8772750779360493,-2.4595440144722346e-8,1,1.4714660055576646e-8,-0.8772750779360493,-2.8570070481472205e-8,0.4795125863592225]}},{"t":0.21428571428571433,"j":false,"c":{"p":[229.78664570887614,314.2543640136719,-145.9806783445863],"r":[0.49335593943987077,1.7871614842439203e-9,0.8688250725626302,-2.8104131164176674e-8,1,1.4241685895876237e-8,-0.8688250725626302,-3.120396139449121e-8,0.49335593943987077]}},{"t":0.22857142857142862,"j":false,"c":{"p":[229.48766600143662,314.2543640136719,-146.14691130546606],"r":[0.5057310581028746,4.3124082200872435e-9,0.8612712798803314,-3.124068828762827e-8,1,1.381887566220466e-8,-0.8612712798803314,-3.3558500240977905e-8,0.5057310581028746]}},{"t":0.2428571428571429,"j":false,"c":{"p":[229.18867851770938,314.2544209149237,-146.31308250514877],"r":[0.5181061767658783,6.837654955930566e-9,0.8537174871980325,-3.4377245411079865e-8,1,1.3396065428533081e-8,-0.8537174871980325,-3.59130390874646e-8,0.5181061767658783]}},{"t":0.2571428571428572,"j":false,"c":{"p":[228.8862585361497,314.26204780970704,-146.47687175475556],"r":[0.543180841284024,1.1892723838374494e-8,0.8383773857432456,-4.06491823397271e-8,1,1.2544062912213548e-8,-0.8383773857432456,-4.062744428450102e-8,0.543180841284024]}},{"t":0.27142857142857146,"j":false,"c":{"p":[228.6059212738144,314.2209737147592,-146.65598510281822],"r":[0.5778070922377988,1.117032680197482e-8,0.8128833408750049,-3.888492068727723e-8,1,1.1955288245074398e-8,-0.8128833408750049,-4.0088016972023054e-8,0.5778070922377988]}},{"t":0.28571428571428575,"j":false,"c":{"p":[228.37136505684597,314.07893459835526,-146.86686778324827],"r":[0.6116696020417899,-2.620906035991901e-9,0.7806296047275717,-1.945063997130452e-8,1,1.2377924293853384e-8,-0.7806296047275717,-2.758561318110737e-8,0.6116696020417899]}},{"t":0.30000000000000004,"j":false,"c":{"p":[228.13178615935453,313.9479724471605,-147.07426502105392],"r":[0.6455321118457809,-1.6412138873958622e-8,0.7483758685801386,-1.6359255331813704e-11,1,1.280056034263237e-8,-0.7483758685801386,-1.5083209390191687e-8,0.6455321118457809]}},{"t":0.31428571428571433,"j":false,"c":{"p":[227.89220726186318,313.81701029596576,-147.2816622588596],"r":[0.6834122075587201,-3.18396196757519e-8,0.7122954179745354,2.1723683579485115e-8,1,1.327333965143598e-8,-0.7122954179745354,-1.09746955628601e-9,0.6834122075587201]}},{"t":0.3285714285714286,"j":false,"c":{"p":[227.6500892284816,313.6889633758734,-147.48021489789656],"r":[0.7172747173627111,-4.5630852513718626e-8,0.6800416818271023,4.115796429545783e-8,1,1.3695975700214966e-8,-0.6800416818271023,1.1404934234629676e-8,0.7172747173627111]}},{"t":0.3428571428571429,"j":false,"c":{"p":[227.43104869764446,313.53442072806234,-147.75915364442233],"r":[0.7764063937377392,-6.848915576557582e-8,0.6207172853587999,6.8889539058958e-8,1,2.032870780670254e-8,-0.6207172853587999,2.3645668348479332e-8,0.7764063937377392]}},{"t":0.3571428571428572,"j":false,"c":{"p":[227.22364464379757,313.3665180156019,-148.07862585371464],"r":[0.8109344541386896,-8.08798037471622e-8,0.5837308459559387,8.023366794198866e-8,1,2.880796348378092e-8,-0.5837308459559387,2.3298348443504793e-8,0.8109344541386896]}},{"t":0.3714285714285715,"j":false,"c":{"p":[227.01464911141483,313.1980043454013,-148.39400483070708],"r":[0.8192906745692211,-8.258783802998374e-8,0.571615054216991,7.64378637907272e-8,1,3.7074054906210265e-8,-0.571615054216991,1.3103450974150953e-8,0.8192906745692211]}},{"t":0.3857142857142858,"j":false,"c":{"p":[226.8070612081344,313.03888994056535,-148.7077343344507],"r":[0.8295396493185765,-8.475429473989274e-8,0.5567549338367834,7.157134925166447e-8,1,4.768504059363341e-8,-0.5567549338367834,8.679888192470797e-11,0.8295396493185765]}},{"t":0.4000000000000001,"j":false,"c":{"p":[226.60877632922595,312.9380073273802,-149.01287529100864],"r":[0.8480479156409815,-8.892114022254687e-8,0.5299195612038061,6.203264392946924e-8,1,6.85282921646652e-8,-0.5299195612038061,-2.5242964291925768e-8,0.8480479156409815]}},{"t":0.41428571428571437,"j":false,"c":{"p":[226.42829207695564,312.94854680019694,-149.3015827184578],"r":[0.8480479253999527,-9.018321715515294e-8,0.5299195514448349,5.83114437933115e-8,1,7.686509408925672e-8,-0.5299195514448349,-3.428490926178328e-8,0.8480479253999527]}},{"t":0.42857142857142866,"j":false,"c":{"p":[226.24819101401877,312.96148482648795,-149.58993638571675],"r":[0.8480479341238815,-9.131143744339172e-8,0.5299195427209061,5.4984916398867476e-8,1,8.431768974911883e-8,-0.5299195427209061,-4.236786006817106e-8,0.8480479341238815]}},{"t":0.44285714285714295,"j":false,"c":{"p":[226.0679270402376,312.9734908819337,-149.87842102904406],"r":[0.8480479428478102,-9.24396577316305e-8,0.5299195339969774,5.1658389004423444e-8,1,9.177028540898096e-8,-0.5299195339969774,-5.045081087455883e-8,0.8480479428478102]}},{"t":0.45714285714285724,"j":false,"c":{"p":[225.88750679518955,312.98404063808476,-150.16715576039363],"r":[0.848047958493624,-9.095978385731665e-8,0.5299195183511636,4.399893787010048e-8,1,1.0123532540466714e-7,-0.5299195183511636,-6.253651226316452e-8,0.848047958493624]}},{"t":0.47142857142857153,"j":false,"c":{"p":[225.70659089982354,312.989971405583,-150.45668370351038],"r":[0.8480479717254639,-8.118556922422331e-8,0.5299195051193237,3.3401259232593833e-8,1,9.975043204921782e-8,-0.5299195051193237,-6.68931690718171e-8,0.8480479717254639]}},{"t":0.4857142857142858,"j":false,"c":{"p":[225.52509440935353,312.99049157996797,-150.74714079940225],"r":[0.8480479717254639,-6.091768588301173e-8,0.5299195051193237,2.3603438523979806e-8,1,7.718311435107106e-8,-0.5299195051193237,-5.294705798485598e-8,0.8480479717254639]}},{"t":0.5000000000000001,"j":false,"c":{"p":[225.3436647257833,312.99163433099824,-151.03749098117106],"r":[0.8480479717254639,-4.0649802541800144e-8,0.5299195051193237,1.3805617815365777e-8,1,5.461579665292429e-8,-0.5299195051193237,-3.900094689789486e-8,0.8480479717254639]}},{"t":0.5142857142857143,"j":false,"c":{"p":[225.1620894580383,312.9927965650303,-151.3280741479222],"r":[0.8480479717254639,-1.7977255075360136e-8,0.5299195051193237,2.8453438023399488e-9,1,2.937100058381104e-8,-0.5299195051193237,-2.3400212461633316e-8,0.8480479717254639]}},{"t":0.5285714285714286,"j":false,"c":{"p":[224.98224141413831,312.99372765096285,-151.61589315972645],"r":[0.8480479717254639,2.914445242060228e-8,0.5299195051193237,-1.948427067007523e-8,1,-2.381655718353389e-8,-0.5299195051193237,9.872488324102394e-9,0.8480479717254639]}},{"t":0.5428571428571428,"j":false,"c":{"p":[224.80704325502663,312.99403645968715,-151.89627074922913],"r":[0.8480479717254639,4.200781594728017e-8,0.5299195051193237,-2.4393322679092597e-8,1,-4.023462081805328e-8,-0.5299195051193237,2.1194391019444032e-8,0.8480479717254639]}},{"t":0.557142857142857,"j":false,"c":{"p":[224.6337899886071,312.9940849904799,-152.17353583841992],"r":[0.8480479717254639,4.2526401282245485e-8,0.5299195051193237,-2.305284094508059e-8,1,-4.335845012871624e-8,-0.5299195051193237,2.4553895447636348e-8,0.8480479717254639]}},{"t":0.5714285714285713,"j":false,"c":{"p":[224.4603748274643,312.9941794903724,-152.4510464132999],"r":[0.8480479717254639,4.304498661721081e-8,0.5299195051193237,-2.1712359211068585e-8,1,-4.648227943937921e-8,-0.5299195051193237,2.7913399875828664e-8,0.8480479717254639]}},{"t":0.5857142857142855,"j":false,"c":{"p":[224.28616439390024,312.99426846234974,-152.72989235730037],"r":[0.8480900796371386,4.301828115878353e-8,0.5298515915975422,-1.9590251455921482e-8,1,-4.9831173712843205e-8,-0.5298515915975422,3.1876874413568496e-8,0.8480900796371386]}},{"t":0.5999999999999998,"j":false,"c":{"p":[224.1071051613783,312.9943237304688,-153.01688008545818],"r":[0.8483427271071868,4.0326648807032784e-8,0.5294441104668536,-1.3400973389368003e-8,1,-5.467601661683187e-8,-0.5294441104668536,3.9258784770187834e-8,0.8483427271071868]}},{"t":0.614285714285714,"j":false,"c":{"p":[223.9201799658578,312.9943243225111,-153.31707582109956],"r":[0.8489840759437435,2.995914677940535e-8,0.5284097144009203,-6.826345205911478e-9,1,-4.568220258811271e-8,-0.5284097144009203,3.509895043762086e-8,0.8489840759437435]}},{"t":0.6285714285714282,"j":false,"c":{"p":[223.73308442223708,312.99432373046875,-153.61755759406196],"r":[0.8495813568837529,2.043602991603179e-8,0.5274463930079638,-3.6220976333424666e-10,1,-3.8101625979185574e-8,-0.5274463930079638,3.208020252354068e-8,0.8495813568837529]}},{"t":0.6428571428571425,"j":false,"c":{"p":[223.54579512736385,312.99432373046875,-153.9181281414462],"r":[0.8501786378237624,1.0912913052658234e-8,0.5264830716150074,6.101925679242982e-9,1,-3.052104937025843e-8,-0.5264830716150074,2.90614546094605e-8,0.8501786378237624]}},{"t":0.6571428571428567,"j":false,"c":{"p":[223.36042121777749,312.99432373046875,-154.21710696138473],"r":[0.8510476524708953,-6.815875445447374e-9,0.5250814859552297,1.8156855853835808e-8,1,-1.640743191436579e-8,-0.5250814859552297,2.3430911869141435e-8,0.8510476524708953]}},{"t":0.6714285714285709,"j":false,"c":{"p":[223.1774703935761,312.99432373046875,-154.51407214389116],"r":[0.8517268896102905,-2.545854699485391e-8,0.5239859819412231,3.085339405574083e-8,1,-1.56515156527667e-9,-0.5239859819412231,1.7499826521314585e-8,0.8517268896102905]}},{"t":0.6857142857142852,"j":false,"c":{"p":[222.9951521056657,312.99432373046875,-154.81051167477975],"r":[0.8517268896102905,-3.4765123631067964e-8,0.5239859819412231,3.7220812242696134e-8,1,5.845878229830298e-9,-0.5239859819412231,1.4524091172215077e-8,0.8517268896102905]}},{"t":0.6999999999999994,"j":false,"c":{"p":[222.81273387679104,312.99432373046875,-155.10703425881525],"r":[0.8517268896102905,-4.517587037666337e-8,0.5239859819412231,4.4343686824713936e-8,1,1.4136182746390648e-8,-0.5239859819412231,1.1195302476612233e-8,0.8517268896102905]}},{"t":0.7142857142857136,"j":false,"c":{"p":[222.63020091501085,312.99432373046875,-155.40374334229148],"r":[0.8517268896102905,-5.448244701287743e-8,0.5239859819412231,5.071110501166925e-8,1,2.1547212541497617e-8,-0.5239859819412231,8.219567127512721e-9,0.8517268896102905]}},{"t":0.7285714285714279,"j":false,"c":{"p":[222.44935664760007,312.99432373046875,-155.69770743684208],"r":[0.8517268896102905,-7.445892007264421e-8,0.5239859819412231,6.401655422431471e-8,1,3.8043579085841794e-8,-0.5239859819412231,1.1410374477169456e-9,0.8517268896102905]}},{"t":0.7428571428571421,"j":false,"c":{"p":[222.2691901569355,312.99432373046875,-155.99056979877855],"r":[0.8517268896102905,-8.272160048246628e-8,0.5239859819412231,6.921095382288468e-8,1,4.536910084748552e-8,-0.5239859819412231,-2.376513564823074e-9,0.8517268896102905]}},{"t":0.7571428571428563,"j":false,"c":{"p":[222.08912854120476,312.99432373046875,-156.28326168550217],"r":[0.8517268896102905,-8.672639960236102e-8,0.5239859819412231,7.146820557304218e-8,1,4.9342941968349345e-8,-0.5239859819412231,-4.578372403673058e-9,0.8517268896102905]}},{"t":0.7714285714285706,"j":false,"c":{"p":[221.90892954895406,312.99432373046875,-156.57617687907918],"r":[0.8517268896102905,-9.073119872225577e-8,0.5239859819412231,7.37254573231997e-8,1,5.331678308921317e-8,-0.5239859819412231,-6.780231242523042e-9,0.8517268896102905]}},{"t":0.7857142857142848,"j":false,"c":{"p":[221.72928168047278,312.99432373046875,-156.8681962156728],"r":[0.8517268896102905,-9.104174192577442e-8,0.5239859819412231,7.285505262707022e-8,1,5.5324260785593104e-8,-0.5239859819412231,-8.946133660527213e-9,0.8517268896102905]}},{"t":0.799999999999999,"j":false,"c":{"p":[221.55261709943264,312.99432373046875,-157.1553661898623],"r":[0.8517268896102905,-7.335615120568967e-8,0.5239859819412231,5.6614175229172314e-8,1,4.7971394034902045e-8,-0.5239859819412231,-1.1193491463657263e-8,0.8517268896102905]}},{"t":0.8142857142857133,"j":false,"c":{"p":[221.37647423339584,312.99432373046875,-157.4416881112998],"r":[0.8517268896102905,-4.3087893038176705e-8,0.5239859819412231,3.2517074389047166e-8,1,2.9375267410665368e-8,-0.5239859819412231,-7.981214048510544e-9,0.8517268896102905]}},{"t":0.8285714285714275,"j":false,"c":{"p":[221.20034634386315,312.99432373046875,-157.72798568828642],"r":[0.8517268896102905,-1.4353102801331561e-8,0.5239859819412231,9.43590059731535e-9,1,1.205431905372809e-8,-0.5239859819412231,-5.322708657810107e-9,0.8517268896102905]}},{"t":0.8428571428571418,"j":false,"c":{"p":[221.02466755663445,312.99432373046875,-158.01355324516194],"r":[0.8517268896102905,1.4381687435513576e-8,0.5239859819412231,-1.3645273194416467e-8,1,-5.266629303209189e-9,-0.5239859819412231,-2.664203267109667e-9,0.8517268896102905]}},{"t":0.857142857142856,"j":false,"c":{"p":[220.8458593247361,312.99432373046875,-158.30420774442126],"r":[0.8517268896102905,5.518520332450463e-8,0.5239859819412231,-4.6146114076165016e-8,1,-3.030866610377996e-8,-0.5239859819412231,1.634787080071531e-9,0.8517268896102905]}},{"t":0.8714285714285702,"j":false,"c":{"p":[220.6630484311491,312.99432373046875,-158.60136860872024],"r":[0.8517268896102905,8.289949456460729e-8,0.5239859819412231,-6.78506274961193e-8,1,-4.791977461869822e-8,-0.5239859819412231,5.261780555951163e-9,0.8517268896102905]}},{"t":0.8857142857142845,"j":false,"c":{"p":[220.47912646291866,312.99432373046875,-158.90033553552928],"r":[0.8517268896102905,7.260819713572189e-8,0.5239859819412231,-5.891597346225889e-8,1,-4.2802438891778504e-8,-0.5239859819412231,5.584841927152372e-9,0.8517268896102905]}},{"t":0.8999999999999987,"j":false,"c":{"p":[220.2953763878022,312.99432373046875,-159.1990230484297],"r":[0.8517268896102905,6.10958983169687e-8,0.5239859819412231,-4.8921275729465896e-8,1,-3.707796163793611e-8,-0.5239859819412231,5.946232613580844e-9,0.8517268896102905]}},{"t":0.9142857142857129,"j":false,"c":{"p":[220.11133035892362,312.99432373046875,-159.49819163701446],"r":[0.8517268896102905,5.0804600888083276e-8,0.5239859819412231,-3.99866216956055e-8,1,-3.1960625911016394e-8,-0.5239859819412231,6.269293984782052e-9,0.8517268896102905]}},{"t":0.9285714285714272,"j":false,"c":{"p":[219.93165211696973,312.99432373046875,-159.7902603459798],"r":[0.8517268896102905,2.4712365435627364e-8,0.5239859819412231,-1.733397324635619e-8,1,-1.89862989914241e-8,-0.5239859819412231,7.088381855749226e-9,0.8517268896102905]}},{"t":0.9428571428571414,"j":false,"c":{"p":[219.75361461848078,312.99432373046875,-160.0796620106755],"r":[0.8517268896102905,1.038216970582641e-8,0.5239859819412231,-4.892840415898233e-9,1,-1.1860634393356056e-8,-0.5239859819412231,7.538241227537516e-9,0.8517268896102905]}},{"t":0.9571428571428556,"j":false,"c":{"p":[219.5757962128617,312.99432373046875,-160.36870753780593],"r":[0.8517268896102905,4.535190390912587e-10,0.5239859819412231,3.726978344130411e-9,1,-6.923633384885179e-9,-0.5239859819412231,7.849929069652669e-9,0.8517268896102905]}},{"t":0.9714285714285699,"j":false,"c":{"p":[219.39800139077082,312.99432373046875,-160.65771472968453],"r":[0.8517268896102905,-9.475131627643892e-9,0.5239859819412231,1.2346797104159057e-8,1,-1.9866323764143e-9,-0.5239859819412231,8.161616911767821e-9,0.8517268896102905]}},{"t":0.9857142857142841,"j":false,"c":{"p":[219.21977048632976,312.99432373046875,-160.94743077761407],"r":[0.8517268896102905,-2.2630247437325904e-8,0.5239859819412231,2.376775713221145e-8,1,4.554720429275068e-9,-0.5239859819412231,8.574593956068451e-9,0.8517268896102905]}},{"t":0.9999999999999983,"j":false,"c":{"p":[219.03916979010418,312.99432373046875,-161.24099894486258],"r":[0.8517268896102905,-5.3095664464599596e-8,0.5239859819412231,5.021711386176308e-8,1,1.970357810342995e-8,-0.5239859819412231,9.530996924768536e-9,0.8517268896102905]}},{"t":1.0142857142857127,"j":false,"c":{"p":[218.85803550959372,312.99432373046875,-161.5354344584937],"r":[0.8517268896102905,-6.113606609557846e-8,0.5239859819412231,5.719760554635843e-8,1,2.3701641908687795e-8,-0.5239859819412231,9.783418105880485e-9,0.8517268896102905]}},{"t":1.028571428571427,"j":false,"c":{"p":[218.67688685340448,312.99432373046875,-161.82989333992893],"r":[0.8517268896102905,-7.121217747833321e-8,0.5239859819412231,6.594545195340738e-8,1,2.871195840939763e-8,-0.5239859819412231,1.0099745586441219e-8,0.8517268896102905]}},{"t":1.0428571428571412,"j":false,"c":{"p":[218.49581186025733,312.99432373046875,-162.12423248138126],"r":[0.8517268896102905,-8.128828886108796e-8,0.5239859819412231,7.469329836045631e-8,1,3.372227491010747e-8,-0.5239859819412231,1.0416073067001954e-8,0.8517268896102905]}},{"t":1.0571428571428554,"j":false,"c":{"p":[218.3142744148529,312.99432373046875,-162.41932334342187],"r":[0.8517268896102905,-8.783272809068488e-8,0.5239859819412231,7.999910074787773e-8,1,3.7587540316474e-8,-0.5239859819412231,9.904088497201179e-9,0.8517268896102905]}},{"t":1.0714285714285696,"j":false,"c":{"p":[218.13219561094766,312.99432373046875,-162.7152941889079],"r":[0.8517268896102905,-8.324561454467349e-8,0.5239859819412231,7.528834353856376e-8,1,3.6490497729785264e-8,-0.5239859819412231,8.370098317367079e-9,0.8517268896102905]}},{"t":1.0857142857142839,"j":false,"c":{"p":[217.95004162379217,312.99432373046875,-163.0113872454897],"r":[0.8517268896102905,-6.461696197980995e-8,0.5239859819412231,5.8292499661566905e-8,1,2.8565026896862353e-8,-0.5239859819412231,6.214851033672613e-9,0.8517268896102905]}},{"t":1.099999999999998,"j":false,"c":{"p":[217.76790316936174,312.99432373046875,-163.30745505347753],"r":[0.8517268896102905,-4.3778130297081254e-8,0.5239859819412231,3.928019973136704e-8,1,1.969924596511808e-8,-0.5239859819412231,3.80389644513304e-9,0.8517268896102905]}},{"t":1.1142857142857123,"j":false,"c":{"p":[217.58540884136355,312.99432373046875,-163.6041013373699],"r":[0.8517268896102905,-2.5149477732217703e-8,0.5239859819412231,2.228435585437019e-8,1,1.1773775132195171e-8,-0.5239859819412231,1.6486491614385743e-9,0.8517268896102905]}},{"t":1.1285714285714266,"j":false,"c":{"p":[217.40819942790995,312.99432373046875,-163.892156941883],"r":[0.8517268896102905,1.2724118620388483e-8,0.5239859819412231,-1.2139622308226899e-8,1,-4.550648204369912e-9,-0.5239859819412231,-2.485082459201842e-9,0.8517268896102905]}},{"t":1.1428571428571408,"j":false,"c":{"p":[217.2326637156129,312.99432373046875,-164.17749192908224],"r":[0.8517268896102905,2.7311691577750914e-8,0.5239859819412231,-2.5293803317168306e-8,1,-1.1008461003882678e-8,-0.5239859819412231,-3.877396085768189e-9,0.8517268896102905]}},{"t":1.157142857142855,"j":false,"c":{"p":[217.05724840018974,312.99432373046875,-164.46263121000595],"r":[0.8517268896102905,3.348370010190299e-8,0.5239859819412231,-3.076481461167672e-8,1,-1.3894418083024041e-8,-0.5239859819412231,-4.286082065503494e-9,0.8517268896102905]}},{"t":1.1714285714285693,"j":false,"c":{"p":[216.88194847300886,312.99432373046875,-164.74758292623295],"r":[0.8517268896102905,3.965570862605507e-8,0.5239859819412231,-3.623582590618514e-8,1,-1.6780375162165406e-8,-0.5239859819412231,-4.694768045238798e-9,0.8517268896102905]}},{"t":1.1857142857142835,"j":false,"c":{"p":[216.70580670096666,312.99432373046875,-165.03390306937206],"r":[0.8517268896102905,4.505141252322872e-8,0.5239859819412231,-4.094952214869289e-8,1,-1.941579300307609e-8,-0.5239859819412231,-4.920022558918698e-9,0.8517268896102905]}},{"t":1.1999999999999977,"j":false,"c":{"p":[216.52508523076892,312.99432373046875,-165.32766755587275],"r":[0.8517268896102905,4.729786548328534e-8,0.5239859819412231,-4.252574616613353e-8,1,-2.114091634018729e-8,-0.5239859819412231,-4.27660790940748e-9,0.8517268896102905]}},{"t":1.214285714285712,"j":false,"c":{"p":[216.34326985903064,312.99432373046875,-165.62321018984005],"r":[0.8517268896102905,3.2344699391814045e-8,0.5239859819412231,-2.8780020437602546e-8,1,-1.4946930172880297e-8,-0.5239859819412231,-2.349624880106433e-9,0.8517268896102905]}},{"t":1.2285714285714262,"j":false,"c":{"p":[216.161425400705,312.99432373046875,-165.9188001043343],"r":[0.8517268896102905,1.9190465303728824e-8,0.5239859819412231,-1.6641619274216728e-8,1,-9.573443901697421e-9,-0.5239859819412231,-5.660155673544857e-10,0.8517268896102905]}},{"t":1.2428571428571404,"j":false,"c":{"p":[215.9793895968417,312.99432373046875,-166.21470105283902],"r":[0.8517268896102905,6.0362312156436095e-9,0.5239859819412231,-4.503218110830918e-9,1,-4.1999576305145465e-9,-0.5239859819412231,1.2175937453974607e-9,0.8517268896102905]}},{"t":1.2571428571428547,"j":false,"c":{"p":[215.79878774037502,312.99432373046875,-166.50827110607054],"r":[0.8517268896102905,-1.945737023690068e-8,0.5239859819412231,1.9021648233694845e-8,1,6.214138347788695e-9,-0.5239859819412231,4.674328331093689e-9,0.8517268896102905]}},{"t":1.271428571428569,"j":false,"c":{"p":[215.6198527389105,312.99432373046875,-166.7991316704779],"r":[0.8517268896102905,-4.634762503947987e-8,0.5239859819412231,4.383531430601505e-8,1,1.719876094970782e-8,-0.5239859819412231,8.320442999332521e-9,0.8517268896102905]}},{"t":1.2857142857142831,"j":false,"c":{"p":[215.44112998195368,312.99432373046875,-167.0896472293984],"r":[0.8517268896102905,-5.92362852632192e-8,0.5239859819412231,5.572865663640863e-8,1,2.246375058906047e-8,-0.5239859819412231,1.0068054317997404e-8,0.8517268896102905]}},{"t":1.2999999999999974,"j":false,"c":{"p":[215.262361377043,312.99432373046875,-167.38023731460848],"r":[0.8517268896102905,-7.365410856435133e-8,0.5239859819412231,6.903307348057773e-8,1,2.835340001613292e-8,-0.5239859819412231,1.2023009352436085e-8,0.8517268896102905]}},{"t":1.3142857142857116,"j":false,"c":{"p":[215.083197076693,312.99432373046875,-167.67147060655782],"r":[0.8517268896102905,-8.654276878809067e-8,0.5239859819412231,8.092641581097128e-8,1,3.361838965548557e-8,-0.5239859819412231,1.3770620671100966e-8,0.8517268896102905]}},{"t":1.3285714285714258,"j":false,"c":{"p":[214.90985629551756,312.99432373046875,-167.95323771212605],"r":[0.8517268896102905,-9.404284607820277e-8,0.5239859819412231,8.766069397120711e-8,1,3.698548624455554e-8,-0.5239859819412231,1.4431441243484855e-8,0.8517268896102905]}},{"t":1.34285714285714,"j":false,"c":{"p":[214.7388577783416,312.99432373046875,-168.23119744505433],"r":[0.8517268896102905,-7.950743007766222e-8,0.5239859819412231,7.401121115419103e-8,1,3.143231366147024e-8,-0.5239859819412231,1.2009090071108782e-8,0.8517268896102905]}},{"t":1.3571428571428543,"j":false,"c":{"p":[214.56832863187194,312.99432373046875,-168.50839421138915],"r":[0.8517268896102905,-5.7593515321422944e-8,0.5239859819412231,5.354062959500885e-8,1,2.28851954238315e-8,-0.5239859819412231,8.562602847223274e-9,0.8517268896102905]}},{"t":1.3714285714285686,"j":false,"c":{"p":[214.397489364185,312.99432373046875,-168.7860950827428],"r":[0.8517268900193047,-2.3535720688051232e-8,0.5239859811231948,2.1728282311475235e-8,1,9.59788720880127e-9,-0.5239859811231948,3.210536751730863e-9,0.8517268900193047]}},{"t":1.3857142857142828,"j":false,"c":{"p":[214.22314913381157,312.99432373046875,-169.0694868025869],"r":[0.8517268925990434,2.176524431868744e-8,0.5239859759637172,-2.0574657807363983e-8,1,-8.094215106926936e-9,-0.5239859759637172,-3.886771054437079e-9,0.8517268925990434]}},{"t":1.399999999999997,"j":false,"c":{"p":[214.03744749318275,312.99432373046875,-169.37134660398164],"r":[0.8517269027231092,2.7626989083327405e-8,0.5239859557155855,-2.599407976280621e-8,1,-1.047190662102056e-8,-0.5239859557155855,-4.7013272620791906e-9,0.8517269027231092]}},{"t":1.4142857142857113,"j":false,"c":{"p":[213.85251020979834,312.99432373046875,-169.67196393533047],"r":[0.8517269117734106,3.2867033645657064e-8,0.523985937614983,-3.0838714541156086e-8,1,-1.2597418732104254e-8,-0.523985937614983,-5.429491144668351e-9,0.8517269117734106]}},{"t":1.4285714285714255,"j":false,"c":{"p":[213.6674385651029,312.99432373046875,-169.97269516104922],"r":[0.8517269208237119,3.8107078207986733e-8,0.5239859195143804,-3.568334931950596e-8,1,-1.4722930843187947e-8,-0.5239859195143804,-6.157655027257511e-9,0.8517269208237119]}},{"t":1.4428571428571397,"j":false,"c":{"p":[213.48317357274104,312.99432373046875,-170.27274260987915],"r":[0.8520077989901464,4.655768250091748e-8,0.5235184544878596,-4.345082768182097e-8,1,-1.82323625501318e-8,-0.5235184544878596,-7.2586188851554514e-9,0.8520077989901464]}},{"t":1.457142857142854,"j":false,"c":{"p":[213.3024777958113,312.99432373046875,-170.56976453343404],"r":[0.8530682194709863,4.319450947510972e-8,0.5217536190407225,-4.016983743129713e-8,1,-1.7176344630978094e-8,-0.5217536190407225,-6.514351138005934e-9,0.8530682194709863]}},{"t":1.4714285714285682,"j":false,"c":{"p":[213.12466867885348,312.99432373046875,-170.86433951511287],"r":[0.8546673847537466,2.966117147162545e-8,0.5190921668855429,-2.7398931828949585e-8,1,-1.2151591853252077e-8,-0.5190921668855429,-4.21613232574143e-9,0.8546673847537466]}},{"t":1.4857142857142824,"j":false,"c":{"p":[212.94642976657943,312.99432373046875,-171.15926506009484],"r":[0.8562665500365069,1.612783346814117e-8,0.5164307147303633,-1.4628026226602045e-8,1,-7.126839075526059e-9,-0.5164307147303633,-1.917913513476926e-9,0.8562665500365069]}},{"t":1.4999999999999967,"j":false,"c":{"p":[212.76821299929117,312.99432373046875,-171.45419935799967],"r":[0.8580554467934928,9.888451930570662e-10,0.5134534970652471,-3.4192843414547076e-10,1,-1.50592918857831e-9,-0.5134534970652471,6.529753273613336e-10,0.8580554467934928]}},{"t":1.514285714285711,"j":false,"c":{"p":[212.5908659604817,312.99432373046875,-171.7494774206939],"r":[0.8622480082678986,-3.761633146449221e-8,0.5064759182670627,3.609618975466784e-8,1,1.2803134108686168e-8,-0.5064759182670627,7.194846282411674e-9,0.8622480082678986]}},{"t":1.5285714285714251,"j":false,"c":{"p":[212.41645026433517,312.99432373046875,-172.0459141121066],"r":[0.8625136017799377,-5.0230528816533445e-8,0.5060338973999023,4.802579719045797e-8,1,1.7405211577768443e-8,-0.5060338973999023,9.290449152010946e-9,0.8625136017799377]}},{"t":1.5428571428571394,"j":false,"c":{"p":[212.24257098308132,312.99432373046875,-172.34256282434768],"r":[0.8625136017799377,-6.114786472109162e-8,0.5060338973999023,5.8355524492253896e-8,1,2.1372940957566505e-8,-0.5060338973999023,1.1095420474898084e-8,0.8625136017799377]}},{"t":1.5571428571428536,"j":false,"c":{"p":[212.06857403525962,312.99432373046875,-172.63918669227164],"r":[0.8625136017799377,-7.20652006256498e-8,0.5060338973999023,6.868525179404981e-8,1,2.5340670337364563e-8,-0.5060338973999023,1.290039179778522e-8,0.8625136017799377]}},{"t":1.5714285714285678,"j":false,"c":{"p":[211.89462386423355,312.99432373046875,-172.93573081676215],"r":[0.8625136017799377,-8.614628327768206e-8,0.5060338973999023,8.199292335149362e-8,1,3.048466323939972e-8,-0.5060338973999023,1.5197760477168233e-8,0.8625136017799377]}},{"t":1.585714285714282,"j":false,"c":{"p":[211.72088439770783,312.99432373046875,-173.2319157396421],"r":[0.8625136017799377,-9.687401318738291e-8,0.5060338973999023,9.208038493375283e-8,1,3.4490633337788064e-8,-0.5060338973999023,1.6847153951054586e-8,0.8625136017799377]}},{"t":1.5999999999999963,"j":false,"c":{"p":[211.5475558814376,312.99432373046875,-173.52740008900153],"r":[0.8625136017799377,-6.653266920608502e-8,0.5060338973999023,6.319808125607848e-8,1,2.376019574607281e-8,-0.5060338973999023,1.148687828943449e-8,0.8625136017799377]}},{"t":1.6142857142857105,"j":false,"c":{"p":[211.37419911790855,312.99432373046875,-173.82293259329256],"r":[0.8625136017799377,-3.9409346556136915e-8,0.5060338973999023,3.737905221088478e-8,1,1.4167834868630388e-8,-0.5060338973999023,6.695116713137739e-9,0.8625136017799377]}},{"t":1.6285714285714248,"j":false,"c":{"p":[211.20064792804703,312.99432373046875,-174.11879654874713],"r":[0.8625136017799377,-1.2286023906188798e-8,0.5060338973999023,1.1560023165691043e-8,1,4.575473991187964e-9,-0.5060338973999023,1.9033551368409863e-9,0.8625136017799377]}},{"t":1.642857142857139,"j":false,"c":{"p":[211.02835137200537,312.99432373046875,-174.4125216486578],"r":[0.8625136017799377,4.2929119066043134e-8,0.5060338973999023,-4.099415277091493e-8,1,-1.4961661961640095e-8,-0.5060338973999023,-7.839792672156427e-9,0.8625136017799377]}},{"t":1.6571428571428533,"j":false,"c":{"p":[210.86059707189906,312.99432373046875,-174.69850327064242],"r":[0.8625136017799377,6.792630453861291e-8,0.5060338973999023,-6.476939868902266e-8,1,-2.3835994389556386e-8,-0.5060338973999023,-1.2216640168504723e-8,0.8625136017799377]}},{"t":1.6714285714285675,"j":false,"c":{"p":[210.69639734195857,312.99432373046875,-174.97842518661147],"r":[0.8625136017799377,6.157007864385556e-8,0.5060338973999023,-5.868940822361456e-8,1,-2.163821282854786e-8,-0.5060338973999023,-1.1035575689347817e-8,0.8625136017799377]}},{"t":1.6857142857142817,"j":false,"c":{"p":[210.53173860646618,312.99432373046875,-175.25912959907788],"r":[0.8625136017799377,5.52138527490982e-8,0.5060338973999023,-5.260941775820648e-8,1,-1.9440431267539333e-8,-0.5060338973999023,-9.854511210190912e-9,0.8625136017799377]}},{"t":1.699999999999996,"j":false,"c":{"p":[210.36696081341086,312.99432373046875,-175.54003697668392],"r":[0.8625136017799377,4.8103498358352684e-8,0.5060338973999023,-4.5808072491817775e-8,1,-1.6981895962004374e-8,-0.5060338973999023,-8.533320436896749e-9,0.8625136017799377]}},{"t":1.7142857142857102,"j":false,"c":{"p":[210.19724415470202,312.99432373046875,-175.82936395849362],"r":[0.8625136017799377,2.6332337563221408e-8,0.5060338973999023,-2.4994704850661906e-8,1,-9.434280339449054e-9,-0.5060338973999023,-4.510972694118368e-9,0.8625136017799377]}},{"t":1.7285714285714244,"j":false,"c":{"p":[210.0157268725573,312.99432373046875,-176.13880822748158],"r":[0.8625136017799377,1.0107061258155405e-8,0.5060338973999023,-9.506039247542949e-9,1,-3.7704478542317465e-9,-0.5060338973999023,-1.5583152074989727e-9,0.8625136017799377]}},{"t":1.7428571428571387,"j":false,"c":{"p":[209.83207074332861,312.99432373046875,-176.45189872764138],"r":[0.8625136017799377,-5.833781072207793e-9,0.5060338973999023,5.709021182814277e-9,1,1.7976481586617491e-9,-0.5060338973999023,1.3384628586671344e-9,0.8625136017799377]}},{"t":1.757142857142853,"j":false,"c":{"p":[209.6486980007227,312.99432373046875,-176.76450612026835],"r":[0.8625136017799377,-2.1774623402570984e-8,0.5060338973999023,2.0924081613171503e-8,1,7.365744171555246e-9,-0.5060338973999023,4.235240924833242e-9,0.8625136017799377]}},{"t":1.7714285714285671,"j":false,"c":{"p":[209.46601986197518,312.99432373046875,-177.07592937670375],"r":[0.8625136017799377,-4.5334499163279846e-8,0.5060338973999023,4.3408796355028906e-8,1,1.5599387957432562e-8,-0.5060338973999023,8.511639398933489e-9,0.8625136017799377]}},{"t":1.7857142857142814,"j":false,"c":{"p":[209.28623016179972,312.99432373046875,-177.38242852480144],"r":[0.8625136017799377,-7.338117168617432e-8,0.5060338973999023,7.01688178055214e-8,1,2.541254358513208e-8,-0.5060338973999023,1.358913755890648e-8,0.8625136017799377]}},{"t":1.7999999999999956,"j":false,"c":{"p":[209.11164465529964,312.99432373046875,-177.68005574682945],"r":[0.8625136017799377,-6.410820755253043e-8,0.5060338973999023,6.129243730361937e-8,1,2.2217175274064848e-8,-0.5060338973999023,1.1853436380937104e-8,0.8625136017799377]}},{"t":1.8142857142857098,"j":false,"c":{"p":[208.9366998603389,312.99432373046875,-177.97829547117001],"r":[0.8625136017799377,-5.581873961487908e-8,0.5060338973999023,5.3357491097373624e-8,1,1.9360709662656265e-8,-0.5060338973999023,1.0301824721843266e-8,0.8625136017799377]}},{"t":1.828571428571424,"j":false,"c":{"p":[208.76165672164873,312.99432373046875,-178.27670284843632],"r":[0.8625136017799377,-4.752927167722772e-8,0.5060338973999023,4.5422544891127884e-8,1,1.650424405124768e-8,-0.5060338973999023,8.750213062749429e-9,0.8625136017799377]}},{"t":1.8428571428571383,"j":false,"c":{"p":[208.58731420682682,312.99432373046875,-178.5739158268105],"r":[0.8625136017799377,-2.7022628754342463e-8,0.5060338973999023,2.579829524820317e-8,1,9.428710288228072e-9,-0.5060338973999023,4.922421000831215e-9,0.8625136017799377]}},{"t":1.8571428571428525,"j":false,"c":{"p":[208.41479890113484,312.99432373046875,-178.86801384341982],"r":[0.8625136017799377,-7.56918948718857e-9,0.5060338973999023,7.192410999938583e-9,1,2.6987043107543082e-9,-0.5060338973999023,1.3119343916201101e-9,0.8625136017799377]}},{"t":1.8714285714285668,"j":false,"c":{"p":[208.24361121842804,312.99432373046875,-179.1598485751272],"r":[0.8625136017799377,7.772980340289665e-9,0.5060338973999023,-7.471435815952269e-9,1,-2.6258468693388944e-9,-0.5060338973999023,-1.5159710915575662e-9,0.8625136017799377]}},{"t":1.885714285714281,"j":false,"c":{"p":[208.07222677869817,312.99432373046875,-179.45201873127704],"r":[0.8625136017799377,2.31151501677679e-8,0.5060338973999023,-2.2135282631843122e-8,1,-7.950398049432098e-9,-0.5060338973999023,-4.3438765747352425e-9,0.8625136017799377]}},{"t":1.8999999999999952,"j":false,"c":{"p":[207.90084331112797,312.99432373046875,-179.74418723012326],"r":[0.8625136017799377,4.027757743240456e-8,0.5060338973999023,-3.8538907883517626e-8,1,-1.39066756407228e-8,-0.5060338973999023,-7.507296267781457e-9,0.8625136017799377]}},{"t":1.9142857142857095,"j":false,"c":{"p":[207.72949885229514,312.99432373046875,-180.03628922824825],"r":[0.8625136017799377,7.560015101720162e-8,0.5060338973999023,-7.229458357140286e-8,1,-2.617432472235677e-8,-0.5060338973999023,-1.4007797568384408e-8,0.8625136017799377]}},{"t":1.9285714285714237,"j":false,"c":{"p":[207.55827061484484,312.99432373046875,-180.3281930962539],"r":[0.8625136017799377,6.254954825529033e-8,0.5060338973999023,-5.980502082361421e-8,1,-2.167228325370689e-8,-0.5060338973999023,-1.1570727540174401e-8,0.8625136017799377]}},{"t":1.942857142857138,"j":false,"c":{"p":[207.38706358028276,312.99432373046875,-180.6200608183224],"r":[0.8625136017799377,4.613501512137611e-8,0.5060338973999023,-4.4099432803471666e-8,1,-1.6004183502950328e-8,-0.5060338973999023,-8.511980887191127e-9,0.8625136017799377]}},{"t":1.9571428571428522,"j":false,"c":{"p":[207.21585229298188,312.99432373046875,-180.9119357903103],"r":[0.8625136017799377,2.972048198746189e-8,0.5060338973999023,-2.8393844783329107e-8,1,-1.0336083752193764e-8,-0.5060338973999023,-5.453234234207854e-9,0.8625136017799377]}},{"t":1.9714285714285664,"j":false,"c":{"p":[207.04473384117352,312.99432373046875,-181.2036524996205],"r":[0.8625136017799377,1.3305948853547663e-8,0.5060338973999023,-1.2688256763186553e-8,1,-4.6679840014372005e-9,-0.5060338973999023,-2.3944875812245814e-9,0.8625136017799377]}},{"t":1.9857142857142807,"j":false,"c":{"p":[206.87315296051966,312.99432373046875,-181.49615754133833],"r":[0.8625136017799377,-7.379640960127202e-9,0.5060338973999023,7.103401330577254e-9,1,2.4758387967435955e-9,-0.5060338973999023,1.4591177856542237e-9,0.8625136017799377]}},{"t":1.999999999999995,"j":false,"c":{"p":[206.6990341736853,312.99432373046875,-181.79298911611966],"r":[0.8625136017799377,-5.1368001154626127e-8,0.5060338973999023,4.918878464232445e-8,1,1.7670763243162996e-8,-0.5060338973999023,9.649918867285678e-9,0.8625136017799377]}},{"t":2.0142857142857093,"j":false,"c":{"p":[206.52402340276188,312.99432373046875,-182.09134131395726],"r":[0.8625136017799377,-5.074705204874296e-8,0.5060338973999023,4.859063484481418e-8,1,1.7463194888899157e-8,-0.5060338973999023,9.526265210549042e-9,0.8625136017799377]}},{"t":2.0285714285714236,"j":false,"c":{"p":[206.34899056750572,312.99432373046875,-182.38973112629236],"r":[0.8625136017799377,-5.436257476269781e-8,0.5060338973999023,5.2046114182788544e-8,1,1.871829879726851e-8,-0.5060338973999023,1.0192310552003455e-8,0.8625136017799377]}},{"t":2.042857142857138,"j":false,"c":{"p":[206.1734116149248,312.99432373046875,-182.68855434292212],"r":[0.8625136017799377,-5.797809747665266e-8,0.5060338973999023,5.5501593520762906e-8,1,1.997340270563786e-8,-0.5060338973999023,1.085835589345787e-8,0.8625136017799377]}},{"t":2.057142857142852,"j":false,"c":{"p":[206.0016641942013,312.99432373046875,-182.98426768875038],"r":[0.8631441424359076,-5.3267007627088245e-8,0.5049329102110259,5.0923708648570394e-8,1,1.851802061026543e-8,-0.5049329102110259,9.925156675298138e-9,0.8631441424359076]}},{"t":2.0714285714285663,"j":false,"c":{"p":[205.83472308866712,312.99432373046875,-183.2760799788585],"r":[0.8644104569893534,-3.711203363124639e-8,0.5027217980690389,3.53325507