{"v":1,"d":[{"t":0.06396031379699707,"j":false,"c":{"p":[232.32989501953125,314.2543640136719,-144.5996551513672],"r":[0.47562408447265625,2.5698545513819226e-8,0.8796486258506775,-2.290066625221243e-8,1,-1.6832217397677596e-8,-0.8796486258506775,-1.2138732685684772e-8,0.47562408447265625]}},{"t":0.016666666666666663,"j":false,"c":{"p":[232.88160230577256,314.2543640136719,-144.30133936625487],"r":[0.47562408447265625,5.6269418974471403e-8,0.8796486258506775,-9.02366577516455e-8,1,-1.5177299790291567e-8,-0.8796486258506775,-7.21578645706226e-8,0.47562408447265625]}},{"t":0.03333333333333333,"j":false,"c":{"p":[232.6871761619817,314.2543640136719,-144.4064682800426],"r":[0.47562408447265625,4.54959940306638e-8,0.8796486258506775,-6.650690559491621e-8,1,-1.576050624182809e-8,-0.8796486258506775,-5.100663337053529e-8,0.47562408447265625]}},{"t":0.05,"j":false,"c":{"p":[232.49275001819086,314.2543640136719,-144.51159719383034],"r":[0.47562408447265625,3.47225690868562e-8,0.8796486258506775,-4.2777153438186944e-8,1,-1.6343712693364615e-8,-0.8796486258506775,-2.985540217044799e-8,0.47562408447265625]}},{"t":0.06666666666666667,"j":false,"c":{"p":[232.2983238744,314.2543640136719,-144.61672610761806],"r":[0.47562408447265625,2.3949144143048606e-8,0.8796486258506775,-1.904740128145768e-8,1,-1.6926919144901136e-8,-0.8796486258506775,-8.70417097036069e-9,0.47562408447265625]}},{"t":0.08333333333333333,"j":false,"c":{"p":[232.10389773060916,314.2543640136719,-144.72185502140582],"r":[0.47562408447265625,1.317571919924101e-8,0.8796486258506775,4.682350875271584e-9,1,-1.751012559643766e-8,-0.8796486258506775,1.2447060229726606e-8,0.47562408447265625]}},{"t":0.09999999999999999,"j":false,"c":{"p":[231.9094715868183,314.2543640136719,-144.82698393519354],"r":[0.47562408447265625,2.4022942554334145e-9,0.8796486258506775,2.8412103032000858e-8,1,-1.8093332047974184e-8,-0.8796486258506775,3.359829142981391e-8,0.47562408447265625]}},{"t":0.11666666666666665,"j":false,"c":{"p":[231.71504544302746,314.2543640136719,-144.9321128489813],"r":[0.47562408447265625,-8.371130688374178e-9,0.8796486258506775,5.2141855188730106e-8,1,-1.867653849951071e-8,-0.8796486258506775,5.4749522629901197e-8,0.47562408447265625]}},{"t":0.13333333333333333,"j":false,"c":{"p":[231.47027333428997,314.2543640136719,-145.06446036575142],"r":[0.47562408447265625,-3.14542266005609e-8,0.8796486258506775,9.947792515609742e-8,1,-1.802977929565756e-8,-0.8796486258506775,9.608101788752399e-8,0.47562408447265625]}},{"t":0.15,"j":false,"c":{"p":[231.12428794652186,314.2543640136719,-145.25152694613277],"r":[0.47562408447265625,-2.6046887887677064e-8,0.8796486258506775,7.700970131020064e-8,1,-1.2028417482183957e-8,-0.8796486258506775,7.34624832703785e-8,0.47562408447265625]}},{"t":0.16666666666666666,"j":false,"c":{"p":[230.77830255875375,314.2543640136719,-145.43859352651413],"r":[0.47562408447265625,-2.063954917479323e-8,0.8796486258506775,5.4541477464303884e-8,1,-6.027055668710353e-9,-0.8796486258506775,5.084394865323303e-8,0.47562408447265625]}},{"t":0.18333333333333332,"j":false,"c":{"p":[230.4323171709856,314.2543640136719,-145.62566010689545],"r":[0.47562408447265625,-1.523221046190939e-8,0.8796486258506775,3.207325361840711e-8,1,-2.5693855236747e-11,-0.8796486258506775,2.8225414036087543e-8,0.47562408447265625]}},{"t":0.19999999999999998,"j":false,"c":{"p":[230.0855893668857,314.2543640136719,-145.81453309736696],"r":[0.47951258635922245,-1.0376907965299775e-9,0.8772750779360493,-2.4595440144722333e-8,1,1.4714660055576648e-8,-0.8772750779360493,-2.8570070481472195e-8,0.47951258635922245]}},{"t":0.21666666666666665,"j":false,"c":{"p":[229.7368007370404,314.2543640136719,-146.00842038542476],"r":[0.4941949305356676,1.958364652775658e-9,0.8683129510248473,-2.8316779104749647e-8,1,1.4213020795288336e-8,-0.8683129510248473,-3.136359114679538e-8,0.4941949305356676]}},{"t":0.2333333333333333,"j":false,"c":{"p":[229.3880121071951,314.2543640136719,-146.20230767348258],"r":[0.5088772747121127,4.954420102081294e-9,0.8593508241136453,-3.203811806477696e-8,1,1.3711381535000024e-8,-0.8593508241136453,-3.415711181211858e-8,0.5088772747121127]}},{"t":0.24999999999999997,"j":false,"c":{"p":[229.03922347734976,314.2543640136719,-146.39619496154037],"r":[0.523559618888558,7.950475551386929e-9,0.8503886972024433,-3.5759457024804274e-8,1,1.3209742274711712e-8,-0.8503886972024433,-3.695063247744177e-8,0.523559618888558]}},{"t":0.26666666666666666,"j":false,"c":{"p":[228.69080358683453,314.25355079994824,-146.59033813284069],"r":[0.5651803936668189,1.631282040257262e-8,0.8249101577435394,-4.613160163221626e-8,1,1.179769514213986e-8,-0.8249101577435394,-4.474993024999165e-8,0.5651803936668189]}},{"t":0.2833333333333333,"j":false,"c":{"p":[228.41129487309453,314.1007616235544,-146.83230157694732],"r":[0.6053562527562999,-4.965923569297016e-11,0.786643013161839,-2.307398044377408e-8,1,1.2299127742386113e-8,-0.786643013161839,-2.9916569820091695e-8,0.6053562527562999]}},{"t":0.3,"j":false,"c":{"p":[228.13178615935453,313.9479724471605,-147.07426502105392],"r":[0.6455321118457807,-1.6412138873958562e-8,0.7483758685801387,-1.635925533189818e-11,1,1.2800560342632368e-8,-0.7483758685801387,-1.508320939019174e-8,0.6455321118457807]}},{"t":0.31666666666666665,"j":false,"c":{"p":[227.85227744561456,313.79518327076664,-147.31622846516055],"r":[0.6857079709352617,-3.277461851222415e-8,0.7101087239984385,2.3041261933110283e-8,1,1.3301992942878621e-8,-0.7101087239984385,-2.498489602917907e-10,0.6857079709352617]}},{"t":0.3333333333333333,"j":false,"c":{"p":[227.57276873187456,313.6423940943727,-147.55819190926718],"r":[0.7258838300247425,-4.9137098150489746e-8,0.6718415794167382,4.609888312155248e-8,1,1.3803425543124874e-8,-0.6718415794167382,1.4583511469608168e-8,0.7258838300247425]}},{"t":0.35,"j":false,"c":{"p":[227.32809696254662,313.44960794725284,-147.92150324848092],"r":[0.8062606359317821,-7.992446253812641e-8,0.5905074752336552,8.235674484015188e-8,1,2.418455641699835e-8,-0.5905074752336552,2.9000579231448534e-8,0.8062606359317821]}},{"t":0.36666666666666664,"j":false,"c":{"p":[227.08456019126973,313.2555186868838,-148.2887681383511],"r":[0.816174795764616,-8.195094389062654e-8,0.5761328070688021,7.785324838950269e-8,1,3.3991783528355195e-8,-0.5761328070688021,1.6904938166113476e-8,0.816174795764616]}},{"t":0.3833333333333333,"j":false,"c":{"p":[226.84102341999287,313.0614294265148,-148.65603302822123],"r":[0.82608895559745,-8.397742524312668e-8,0.561758138903949,7.334975193885349e-8,1,4.379901063971204e-8,-0.561758138903949,4.809297100778417e-9,0.82608895559745]}},{"t":0.39999999999999997,"j":false,"c":{"p":[226.60877632922595,312.9380073273802,-149.01287529100864],"r":[0.8480479156409815,-8.892114022254685e-8,0.5299195612038061,6.203264392946926e-8,1,6.852829216466513e-8,-0.5299195612038061,-2.5242964291925698e-8,0.8480479156409815]}},{"t":0.41666666666666663,"j":false,"c":{"p":[226.39843489535508,312.951702535193,-149.34949426292172],"r":[0.8480479259914054,-9.025970666621997e-8,0.5299195508533822,5.808591651233228e-8,1,7.737035481195916e-8,-0.5299195508533822,-3.483290592662305e-8,0.8480479259914054]}},{"t":0.4333333333333333,"j":false,"c":{"p":[226.18809346148424,312.9653977430059,-149.6861132348348],"r":[0.8480479363418294,-9.15982731098931e-8,0.5299195405029582,5.4139189095195297e-8,1,8.62124174592532e-8,-0.5299195405029582,-4.442284756132041e-8,0.8480479363418294]}},{"t":0.44999999999999996,"j":false,"c":{"p":[225.9777520276134,312.97909295081877,-150.02273220674792],"r":[0.8480479466922534,-9.293683955356623e-8,0.5299195301525342,5.019246167805831e-8,1,9.505448010654724e-8,-0.5299195301525342,-5.401278919601776e-8,0.8480479466922534]}},{"t":0.4666666666666666,"j":false,"c":{"p":[225.7670006541138,312.98896791192766,-150.36000722371045],"r":[0.8480479717254639,-8.874308504637024e-8,0.5299195051193237,3.705468390360257e-8,1,1.0816536407225587e-7,-0.5299195051193237,-7.209341388390446e-8,0.8480479717254639]}},{"t":0.4833333333333333,"j":false,"c":{"p":[225.55533268994856,312.99030112146295,-150.69874910244076],"r":[0.8480479717254639,-6.469644379408532e-8,0.5299195051193237,2.5430150859484237e-8,1,8.139058036259023e-8,-0.5299195051193237,-5.5547180390899755e-8,0.8480479717254639]}},{"t":0.49999999999999994,"j":false,"c":{"p":[225.3436647257833,312.99163433099824,-151.03749098117106],"r":[0.8480479717254639,-4.064980254180041e-8,0.5299195051193237,1.3805617815365904e-8,1,5.461579665292458e-8,-0.5299195051193237,-3.900094689789504e-8,0.8480479717254639]}},{"t":0.5166666666666666,"j":false,"c":{"p":[225.13199676161807,312.9929675405336,-151.37623285990136],"r":[0.8480479717254639,-1.6603161289515472e-8,0.5299195051193237,2.1810847712475646e-9,1,2.784101294325893e-8,-0.5299195051193237,-2.245471340489032e-8,0.8480479717254639]}},{"t":0.5333333333333333,"j":false,"c":{"p":[224.92310298478347,312.9939294906451,-151.71053508035823],"r":[0.8480479717254639,4.162107434154332e-8,0.5299195051193237,-2.5393003972254095e-8,1,-3.790498539993174e-8,-0.5299195051193237,1.8688997886554845e-8,0.8480479717254639]}},{"t":0.55,"j":false,"c":{"p":[224.72058388746,312.99403834052947,-152.03463561100142],"r":[0.8480479717254639,4.2236345077942856e-8,0.5299195051193237,-2.3802601914951702e-8,1,-4.161122356512512e-8,-0.5299195051193237,2.2674850597969488e-8,0.8480479717254639]}},{"t":0.5666666666666668,"j":false,"c":{"p":[224.51806479013658,312.9941471904138,-152.3587361416446],"r":[0.8480479717254639,4.285161581434239e-8,0.5299195051193237,-2.221219985764931e-8,1,-4.531746173031849e-8,-0.5299195051193237,2.666070330938413e-8,0.8480479717254639]}},{"t":0.5833333333333335,"j":false,"c":{"p":[224.31554569281312,312.9942560402981,-152.6828366722878],"r":[0.8480479717254639,4.3466886550741926e-8,0.5299195051193237,-2.0621797800346916e-8,1,-4.9023699895511875e-8,-0.5299195051193237,3.0646556020798775e-8,0.8480479717254639]}},{"t":0.6000000000000002,"j":false,"c":{"p":[224.10710516137826,312.99432373046875,-153.01688008545815],"r":[0.8483159311633939,4.061212496555172e-8,0.5294873281625326,-1.4057411972184094e-8,1,-5.416216964216655e-8,-0.5294873281625326,3.8475854883879946e-8,0.8483159311633939]}},{"t":0.6166666666666669,"j":false,"c":{"p":[223.88892639687924,312.99432373046875,-153.3672752988104],"r":[0.849024569566795,2.9313511737820298e-8,0.5283444044759741,-6.388098735228e-9,1,-4.516826519089699e-8,-0.5283444044759741,3.489428956208987e-8,0.849024569566795]}},{"t":0.6333333333333336,"j":false,"c":{"p":[223.6707476323802,312.99432373046875,-153.7176705121626],"r":[0.849733207970196,1.801489851008887e-8,0.5272014807894155,1.2812145017280934e-9,1,-3.6174360739627435e-8,-0.5272014807894155,3.13127242402998e-8,0.849733207970196]}},{"t":0.6500000000000004,"j":false,"c":{"p":[223.45256886788115,312.99432373046875,-154.06806572551486],"r":[0.850441846373597,6.716285282357447e-9,0.526058557102857,8.950527738684185e-9,1,-2.7180456288357877e-8,-0.526058557102857,2.773115891850973e-8,0.850441846373597]}},{"t":0.6666666666666671,"j":false,"c":{"p":[223.23837641083182,312.99432373046875,-154.41514822939905],"r":[0.8517268896102905,-2.198829807965609e-8,0.5239859819412231,2.8479102528402002e-8,1,-4.328586404129602e-9,-0.5239859819412231,1.8609422753181995e-8,0.8517268896102905]}},{"t":0.6833333333333338,"j":false,"c":{"p":[223.02555514381146,312.99432373046875,-154.76109124410718],"r":[0.8517268896102905,-3.302999917346946e-8,0.5239859819412231,3.6033666479027e-8,1,4.464160810404153e-9,-0.5239859819412231,1.507888928814865e-8,0.8517268896102905]}},{"t":0.7000000000000005,"j":false,"c":{"p":[222.8127338767911,312.99432373046875,-155.10703425881528],"r":[0.8517268896102905,-4.407170026728284e-8,0.5239859819412231,4.358823042965199e-8,1,1.3256908024937915e-8,-0.5239859819412231,1.1548355823115309e-8,0.8517268896102905]}},{"t":0.7166666666666672,"j":false,"c":{"p":[222.59991260977074,312.99432373046875,-155.45297727352337],"r":[0.8517268896102905,-5.511340136109622e-8,0.5239859819412231,5.1142794380276994e-8,1,2.2049655239471674e-8,-0.5239859819412231,8.017822358081963e-9,0.8517268896102905]}},{"t":0.733333333333334,"j":false,"c":{"p":[222.38927764200776,312.99432373046875,-155.79536643777877],"r":[0.8517268896102905,-7.97349706303418e-8,0.5239859819412231,6.752757963632678e-8,1,4.240555831667223e-8,-0.5239859819412231,-7.34449346019924e-10,0.8517268896102905]}},{"t":0.7500000000000007,"j":false,"c":{"p":[222.17917327144565,312.99432373046875,-156.13689311118517],"r":[0.8517268896102905,-8.44864272132678e-8,0.5239859819412231,7.020567493312384e-8,1,4.712028507023952e-8,-0.5239859819412231,-3.3468242395707724e-9,0.8517268896102905]}},{"t":0.7666666666666674,"j":false,"c":{"p":[221.96906890088354,312.99432373046875,-156.4784197845916],"r":[0.8517268896102905,-8.923788379619381e-8,0.5239859819412231,7.28837702299209e-8,1,5.18350118238068e-8,-0.5239859819412231,-5.959199133121621e-9,0.8517268896102905]}},{"t":0.7833333333333341,"j":false,"c":{"p":[221.75896453032144,312.99432373046875,-156.81994645799801],"r":[0.8517268896102905,-9.398934037911981e-8,0.5239859819412231,7.556186552671797e-8,1,5.654973857737409e-8,-0.5239859819412231,-8.571574026672467e-9,0.8517268896102905]}},{"t":0.8000000000000008,"j":false,"c":{"p":[221.55261709943255,312.99432373046875,-157.1553661898623],"r":[0.8517268896102905,-7.523189567599951e-8,0.5239859819412231,5.833669252894736e-8,1,4.875124353876231e-8,-0.5239859819412231,-1.0955135333022535e-8,0.8517268896102905]}},{"t":0.8166666666666675,"j":false,"c":{"p":[221.34712582535036,312.99432373046875,-157.48939423060972],"r":[0.8517268896102905,-4.113977166618298e-8,0.5239859819412231,3.0952249047231445e-8,1,2.820096582714165e-8,-0.5239859819412231,-7.800976394903344e-9,0.8517268896102905]}},{"t":0.8333333333333343,"j":false,"c":{"p":[221.1416345512682,312.99432373046875,-157.82342227135717],"r":[0.8517268896102905,-7.047647656366454e-9,0.5239859819412231,3.5678055655155286e-9,1,7.650688115521e-9,-0.5239859819412231,-4.646817456784157e-9,0.8517268896102905]}},{"t":0.850000000000001,"j":false,"c":{"p":[220.936143277186,312.99432373046875,-158.1574503121046],"r":[0.8517268896102905,2.704447635345006e-8,0.5239859819412231,-2.3816637916200388e-8,1,-1.2899589596099656e-8,-0.5239859819412231,-1.4926585186649674e-9,0.8517268896102905]}},{"t":0.8666666666666677,"j":false,"c":{"p":[220.7241265630739,312.99432373046875,-158.50208551832876],"r":[0.8517268896102905,8.67369275041899e-8,0.5239859819412231,-7.118219340704874e-8,1,-4.9827933703311464e-8,-0.5239859819412231,5.141316993808396e-9,0.8517268896102905]}},{"t":0.8833333333333344,"j":false,"c":{"p":[220.50975147543804,312.99432373046875,-158.85055428337927],"r":[0.8517268896102905,7.45269136055122e-8,0.5239859819412231,-6.058175641772276e-8,1,-4.375651843408464e-8,-0.5239859819412231,5.524610146081019e-9,0.8517268896102905]}},{"t":0.9000000000000011,"j":false,"c":{"p":[220.29537638780215,312.99432373046875,-159.19902304842978],"r":[0.8517268896102905,6.23168997068345e-8,0.5239859819412231,-4.998131942839679e-8,1,-3.768510316485781e-8,-0.5239859819412231,5.907903298353643e-9,0.8517268896102905]}},{"t":0.9166666666666679,"j":false,"c":{"p":[220.0810013001663,312.99432373046875,-159.5474918134803],"r":[0.8517268896102905,5.0106885808156795e-8,0.5239859819412231,-3.9380882439070813e-8,1,-3.1613687895630983e-8,-0.5239859819412231,6.291196450626266e-9,0.8517268896102905]}},{"t":0.9333333333333346,"j":false,"c":{"p":[219.87226577588552,312.99432373046875,-159.8867934141021],"r":[0.8517268896102905,1.7786587152203102e-8,0.5239859819412231,-1.1321179830155091e-8,1,-1.554246565390958e-8,-0.5239859819412231,7.305796057146621e-9,0.8517268896102905]}},{"t":0.9500000000000013,"j":false,"c":{"p":[219.6647370817688,312.99432373046875,-160.22413330069483],"r":[0.8517268896102905,6.0068321238731735e-9,0.5239859819412231,-1.094276216561706e-9,1,-9.685006830300022e-9,-0.5239859819412231,7.675595191859516e-9,0.8517268896102905]}},{"t":0.966666666666668,"j":false,"c":{"p":[219.45720838765212,312.99432373046875,-160.56147318728756],"r":[0.8517268896102905,-5.772922904456755e-9,0.5239859819412231,9.132627397031676e-9,1,-3.827548006690463e-9,-0.5239859819412231,8.045394326572411e-9,0.8517268896102905]}},{"t":0.9833333333333347,"j":false,"c":{"p":[219.2496796935354,312.99432373046875,-160.8988130738803],"r":[0.8517268896102905,-1.755267793278668e-8,0.5239859819412231,1.9359531010625064e-8,1,2.0299108169190996e-9,-0.5239859819412231,8.415193461285305e-9,0.8517268896102905]}},{"t":1.0000000000000013,"j":false,"c":{"p":[219.0391697901041,312.99432373046875,-161.2409989448627],"r":[0.8517268896102905,-4.986448387080423e-8,0.5239859819412231,4.7411879057119216e-8,1,1.8096881077386397e-8,-0.5239859819412231,9.429560246270243e-9,0.8517268896102905]}},{"t":1.016666666666668,"j":false,"c":{"p":[218.82783807702927,312.99432373046875,-161.58452067531803],"r":[0.8517268896102905,-6.181919229102173e-8,0.5239859819412231,5.779067987904169e-8,1,2.4041324383313323e-8,-0.5239859819412231,9.80486403676603e-9,0.8517268896102905]}},{"t":1.0333333333333345,"j":false,"c":{"p":[218.61650636395447,312.99432373046875,-161.92804240577337],"r":[0.8517268896102905,-7.377390071123924e-8,0.5239859819412231,6.816948070096417e-8,1,2.998576768924025e-8,-0.5239859819412231,1.0180167827261816e-8,0.8517268896102905]}},{"t":1.0500000000000012,"j":false,"c":{"p":[218.40517465087964,312.99432373046875,-162.2715641362287],"r":[0.8517268896102905,-8.572860913145673e-8,0.5239859819412231,7.854828152288664e-8,1,3.5930210995167177e-8,-0.5239859819412231,1.0555471617757603e-8,0.8517268896102905]}},{"t":1.0666666666666678,"j":false,"c":{"p":[218.19289289636598,312.99432373046875,-162.6166301681726],"r":[0.8517268896102905,-9.019189177224552e-8,0.5239859819412231,8.162577684862655e-8,1,3.9445758040364895e-8,-0.5239859819412231,9.173749846879783e-9,0.8517268896102905]}},{"t":1.0833333333333344,"j":false,"c":{"p":[217.98039803286386,312.99432373046875,-162.9620426108251],"r":[0.8517268896102905,-6.809010059359385e-8,0.5239859819412231,6.146121631659638e-8,1,3.0042657052151276e-8,-0.5239859819412231,6.616676798428721e-9,0.8517268896102905]}},{"t":1.100000000000001,"j":false,"c":{"p":[217.76790316936177,312.99432373046875,-163.3074550534776],"r":[0.8517268896102905,-4.598830941494221e-8,0.5239859819412231,4.1296655784566215e-8,1,2.0639556063937652e-8,-0.5239859819412231,4.059603749977659e-9,0.8517268896102905]}},{"t":1.1166666666666676,"j":false,"c":{"p":[217.55540830585966,312.99432373046875,-163.65286749613014],"r":[0.8517268896102905,-2.388651823629054e-8,0.5239859819412231,2.113209525253605e-8,1,1.1236455075724029e-8,-0.5239859819412231,1.5025307015265978e-9,0.8517268896102905]}},{"t":1.1333333333333342,"j":false,"c":{"p":[217.3496948109012,312.99432373046875,-163.98725675904745],"r":[0.8517268896102905,2.2708837763130416e-8,0.5239859819412231,-2.121372709753615e-8,1,-8.856221826218583e-9,-0.5239859819412231,-3.572613321219919e-9,0.8517268896102905]}},{"t":1.1500000000000008,"j":false,"c":{"p":[217.14498232340316,312.99432373046875,-164.32001887471844],"r":[0.8517268896102905,3.003155974093797e-8,0.5239859819412231,-2.770475744695291e-8,1,-1.2280238699776135e-8,-0.5239859819412231,-4.057494992092314e-9,0.8517268896102905]}},{"t":1.1666666666666674,"j":false,"c":{"p":[216.94026983590507,312.99432373046875,-164.65278099038946],"r":[0.8517268896102905,3.735428171874552e-8,0.5239859819412231,-3.4195787796369675e-8,1,-1.5704255573333684e-8,-0.5239859819412231,-4.542376662964709e-9,0.8517268896102905]}},{"t":1.183333333333334,"j":false,"c":{"p":[216.735557348407,312.99432373046875,-164.98554310606045],"r":[0.8517268896102905,4.467700369655307e-8,0.5239859819412231,-4.0686818145786434e-8,1,-1.9128272446891236e-8,-0.5239859819412231,-5.027258333837104e-9,0.8517268896102905]}},{"t":1.2000000000000006,"j":false,"c":{"p":[216.52508523076895,312.99432373046875,-165.32766755587284],"r":[0.8517268896102905,4.705960532085555e-8,0.5239859819412231,-4.2358570891556815e-8,1,-2.095794871352433e-8,-0.5239859819412231,-4.344848857082783e-9,0.8517268896102905]}},{"t":1.2166666666666672,"j":false,"c":{"p":[216.3129503298983,312.99432373046875,-165.67249487580872],"r":[0.8517268896102905,3.145288691126292e-8,0.5239859819412231,-2.795707798584483e-8,1,-1.4582626018900583e-8,-0.5239859819412231,-2.2287022148347115e-9,0.8517268896102905]}},{"t":1.2333333333333338,"j":false,"c":{"p":[216.10081542902768,312.99432373046875,-166.01732219574464],"r":[0.8517268896102905,1.5846168501670287e-8,0.5239859819412231,-1.3555585080132846e-8,1,-8.207303324276832e-9,-0.5239859819412231,-1.1255557258663864e-10,0.8517268896102905]}},{"t":1.2500000000000004,"j":false,"c":{"p":[215.88868052815704,312.99432373046875,-166.36214951568056],"r":[0.8517268896102905,2.394500920776604e-10,0.5239859819412231,8.459078255791312e-10,1,-1.8319806296530815e-9,-0.5239859819412231,2.0035910696614334e-9,0.8517268896102905]}},{"t":1.266666666666667,"j":false,"c":{"p":[215.67948812183454,312.99432373046875,-166.7021937824517],"r":[0.8517268896102905,-4.1541683939105406e-8,0.5239859819412231,3.9400508691294715e-8,1,1.523554447401819e-8,-0.5239859819412231,7.66879132118669e-9,0.8517268896102905]}},{"t":1.2833333333333337,"j":false,"c":{"p":[215.47092474943875,312.99432373046875,-167.04121554853012],"r":[0.8517268896102905,-5.6833314713033424e-8,0.5239859819412231,5.35112538290498e-8,1,2.1482142351216248e-8,-0.5239859819412231,9.742228478924686e-9,0.8517268896102905]}},{"t":1.3000000000000003,"j":false,"c":{"p":[215.26236137704296,312.99432373046875,-167.38023731460854],"r":[0.8517268896102905,-7.212494548696144e-8,0.5239859819412231,6.76219989668049e-8,1,2.7728740228414305e-8,-0.5239859819412231,1.181566563666268e-8,0.8517268896102905]}},{"t":1.3166666666666669,"j":false,"c":{"p":[215.05379800464718,312.99432373046875,-167.71925908068695],"r":[0.8517268896102905,-8.741657626088946e-8,0.5239859819412231,8.173274410455998e-8,1,3.397533810561236e-8,-0.5239859819412231,1.3889102794400675e-8,0.8517268896102905]}},{"t":1.3333333333333335,"j":false,"c":{"p":[214.85277482867917,312.99432373046875,-168.04602418501236],"r":[0.8517268896102905,-9.585001057383572e-8,0.5239859819412231,8.927740757120361e-8,1,3.780643573699551e-8,-0.5239859819412231,1.457935172959889e-8,0.8517268896102905]}},{"t":1.35,"j":false,"c":{"p":[214.65358869891307,312.99432373046875,-168.3698031530829],"r":[0.8517268896102905,-6.985045069355182e-8,0.5239859819412231,6.499027690776714e-8,1,2.7665786980474963e-8,-0.5239859819412231,1.049029909109066e-8,0.8517268896102905]}},{"t":1.3666666666666667,"j":false,"c":{"p":[214.454402569147,312.99432373046875,-168.69358212115347],"r":[0.8517268896102905,-4.3850890813267936e-8,0.5239859819412231,4.0703146244330655e-8,1,1.7525138223954423e-8,-0.5239859819412231,6.40124645258243e-9,0.8517268896102905]}},{"t":1.3833333333333333,"j":false,"c":{"p":[214.2532076571313,312.99432373046875,-169.02062638407472],"r":[0.8517268909116992,2.0788286857915298e-8,0.5239859793384058,-1.9671420814791372e-8,1,-7.697933187911813e-9,-0.5239859793384058,-3.7510116864968915e-9,0.8517268909116992]}},{"t":1.4,"j":false,"c":{"p":[214.03744749318278,312.99432373046875,-169.3713466039817],"r":[0.8517269016493447,2.700528888101829e-8,0.5239859578631146,-2.541929258571495e-8,1,-1.021972721801111e-8,-0.5239859578631146,-4.6149349370264036e-9,0.8517269016493447]}},{"t":1.4166666666666665,"j":false,"c":{"p":[213.8216873292343,312.99432373046875,-169.7220668238887],"r":[0.8517269123869904,3.322229090412128e-8,0.5239859363878235,-3.116716435663853e-8,1,-1.2741521248110408e-8,-0.5239859363878235,-5.478858187555916e-9,0.8517269123869904]}},{"t":1.4333333333333331,"j":false,"c":{"p":[213.60592716528578,312.99432373046875,-170.07278704379567],"r":[0.8517269231246359,3.943929292722427e-8,0.5239859149125323,-3.691503612756211e-8,1,-1.5263315278209706e-8,-0.5239859149125323,-6.342781438085428e-9,0.8517269231246359]}},{"t":1.4499999999999997,"j":false,"c":{"p":[213.39201043852512,312.99432373046875,-170.42194463294786],"r":[0.8521737710924937,5.0764003612648715e-8,0.52324222787328,-4.731288632752253e-8,1,-1.9986799574450834e-8,-0.52324222787328,-7.799795558424544e-9,0.8521737710924937]}},{"t":1.4666666666666663,"j":false,"c":{"p":[213.18407795878048,312.99432373046875,-170.76602954129848],"r":[0.8540710858347516,3.4707500896650425e-8,0.5200845727739144,-3.216096442643222e-8,1,-1.4025228482233524e-8,-0.5200845727739144,-5.0730952726869966e-9,0.8540710858347516]}},{"t":1.483333333333333,"j":false,"c":{"p":[212.97614547903584,312.99432373046875,-171.11011444964913],"r":[0.8559684005770095,1.865099818065213e-8,0.5169269176745487,-1.700904252534192e-8,1,-8.063657390016215e-9,-0.5169269176745487,-2.34639498694945e-9,0.8559684005770095]}},{"t":1.4999999999999996,"j":false,"c":{"p":[212.7682129992912,312.99432373046875,-171.45419935799978],"r":[0.8578657153192674,2.5944954646538386e-9,0.5137692625751831,-1.8571206242516155e-9,1,-2.102086297798906e-9,-0.5137692625751831,3.8030529878809815e-10,0.8578657153192674]}},{"t":1.5166666666666662,"j":false,"c":{"p":[212.5615464745709,312.99432373046875,-171.79878464178117],"r":[0.8625136017799377,-4.0053351278388466e-8,0.5060338973999023,3.83963903837014e-8,1,1.3706480799991488e-8,-0.5060338973999023,7.607848766269109e-9,0.8625136017799377]}},{"t":1.5333333333333328,"j":false,"c":{"p":[212.3585620708957,312.99432373046875,-172.14482530341445],"r":[0.8625136017799377,-5.3006122690576126e-8,0.5060338973999023,5.06519990468491e-8,1,1.8413956335345116e-8,-0.5060338973999023,9.749340166304695e-9,0.8625136017799377]}},{"t":1.5499999999999994,"j":false,"c":{"p":[212.15557766722046,312.99432373046875,-172.4908659650477],"r":[0.8625136017799377,-6.59588941027638e-8,0.5060338973999023,6.290760770999681e-8,1,2.312143187069875e-8,-0.5060338973999023,1.189083156634028e-8,0.8625136017799377]}},{"t":1.566666666666666,"j":false,"c":{"p":[211.95259326354525,312.99432373046875,-172.83690662668099],"r":[0.8625136017799377,-7.891166551495144e-8,0.5060338973999023,7.516321637314451e-8,1,2.7828907406052375e-8,-0.5060338973999023,1.4032322966375866e-8,0.8625136017799377]}},{"t":1.5833333333333326,"j":false,"c":{"p":[211.74980543888796,312.99432373046875,-173.18261216732867],"r":[0.8625136017799377,-1.0193090385092643e-7,0.5060338973999023,9.689410221335939e-8,1,3.627903960307177e-8,-0.5060338973999023,1.7740533227990187e-8,0.8625136017799377]}},{"t":1.5999999999999992,"j":false,"c":{"p":[211.54755588143752,312.99432373046875,-173.5274000890016],"r":[0.8625136017799377,-6.975069053742867e-8,0.5060338973999023,6.626135588855326e-8,1,2.489827246034347e-8,-0.5060338973999023,1.2055392374756751e-8,0.8625136017799377]}},{"t":1.6166666666666658,"j":false,"c":{"p":[211.34530632398707,312.99432373046875,-173.87218801067448],"r":[0.8625136017799377,-3.7570477223930916e-8,0.5060338973999023,3.5628609563747164e-8,1,1.3517505317615174e-8,-0.5060338973999023,6.3702515215233165e-9,0.8625136017799377]}},{"t":1.6333333333333324,"j":false,"c":{"p":[211.14305676653663,312.99432373046875,-174.21697593234737],"r":[0.8625136017799377,-5.39026391043315e-9,0.5060338973999023,4.995863238941039e-9,1,2.1367381748868765e-9,-0.5060338973999023,6.851106682898821e-10,0.8625136017799377]}},{"t":1.649999999999999,"j":false,"c":{"p":[210.9434747383693,312.99432373046875,-174.55721634405725],"r":[0.8625136017799377,7.148148173398424e-8,0.5060338973999023,-6.817007132221563e-8,1,-2.5065262042323368e-8,-0.5060338973999023,-1.2877235555151538e-8,0.8625136017799377]}},{"t":1.6666666666666656,"j":false,"c":{"p":[210.75130343004983,312.99432373046875,-174.88482322159948],"r":[0.8625136017799377,6.394019677410263e-8,0.5060338973999023,-6.095652331240943e-8,1,-2.2457724597059015e-8,-0.5060338973999023,-1.1475972613778939e-8,0.8625136017799377]}},{"t":1.6833333333333322,"j":false,"c":{"p":[210.55913212173036,312.99432373046875,-175.2124300991417],"r":[0.8625136017799377,5.639891181422101e-8,0.5060338973999023,-5.374297530260322e-8,1,-1.9850187151794663e-8,-0.5060338973999023,-1.007470967240634e-8,0.8625136017799377]}},{"t":1.6999999999999988,"j":false,"c":{"p":[210.36696081341086,312.99432373046875,-175.54003697668392],"r":[0.8625136017799377,4.885762685433941e-8,0.5060338973999023,-4.652942729279702e-8,1,-1.7242649706530313e-8,-0.5060338973999023,-8.673446731033741e-9,0.8625136017799377]}},{"t":1.7166666666666655,"j":false,"c":{"p":[210.16798338108057,312.99432373046875,-175.87924669470658],"r":[0.8625136017799377,2.4967168515270036e-8,0.5060338973999023,-2.3689570157194556e-8,1,-8.961045832351546e-9,-0.5060338973999023,-4.258701540365029e-9,0.8625136017799377]}},{"t":1.733333333333332,"j":false,"c":{"p":[209.9542207934202,312.99432373046875,-176.24366162475604],"r":[0.8625136017799377,6.0543047334831945e-9,0.5060338973999023,-5.637803544906318e-9,1,-2.354830223833837e-9,-0.5060338973999023,-8.218462076255792e-10,0.8625136017799377]}},{"t":1.7499999999999987,"j":false,"c":{"p":[209.74045820575984,312.99432373046875,-176.6080765548055],"r":[0.8625136017799377,-1.2858559048303653e-8,0.5060338973999023,1.241396306738192e-8,1,4.251385384683871e-9,-0.5060338973999023,2.6150091251138703e-9,0.8625136017799377]}},{"t":1.7666666666666653,"j":false,"c":{"p":[209.5266956180995,312.99432373046875,-176.97249148485497],"r":[0.8625136017799377,-3.1771422830090484e-8,0.5060338973999023,3.0465729679670155e-8,1,1.085760099320158e-8,-0.5060338973999023,6.05186445785332e-9,0.8625136017799377]}},{"t":1.7833333333333319,"j":false,"c":{"p":[209.31574691608728,312.99432373046875,-177.33210940176542],"r":[0.8625136017799377,-7.492666570844643e-8,0.5060338973999023,7.16482145558366e-8,1,2.5945104970309307e-8,-0.5060338973999023,1.3878421088567693e-8,0.8625136017799377]}},{"t":1.7999999999999985,"j":false,"c":{"p":[209.11164465529967,312.99432373046875,-177.68005574682945],"r":[0.8625136017799377,-6.509170374852109e-8,0.5060338973999023,6.223387159927386e-8,1,2.255607797372285e-8,-0.5060338973999023,1.2037525899812292e-8,0.8625136017799377]}},{"t":1.816666666666665,"j":false,"c":{"p":[208.90754239451206,312.99432373046875,-178.02800209189348],"r":[0.8625136017799377,-5.525674178859576e-8,0.5060338973999023,5.2819528642711105e-8,1,1.9167050977136392e-8,-0.5060338973999023,1.0196630711056892e-8,0.8625136017799377]}},{"t":1.8333333333333317,"j":false,"c":{"p":[208.70344013372446,312.99432373046875,-178.37594843695751],"r":[0.8625136017799377,-4.542177982867042e-8,0.5060338973999023,4.340518568614836e-8,1,1.5778023980549935e-8,-0.5060338973999023,8.355735522301493e-9,0.8625136017799377]}},{"t":1.8499999999999983,"j":false,"c":{"p":[208.500687148903,312.99432373046875,-178.7215945838802],"r":[0.8625136017799377,-1.6150403119503433e-8,0.5060338973999023,1.5394223625772523e-8,1,5.676843106398455e-9,-0.5060338973999023,2.8936442381425777e-9,0.8625136017799377]}},{"t":1.866666666666665,"j":false,"c":{"p":[208.300739202978,312.99432373046875,-179.06245879929457],"r":[0.8625136017799377,2.0521712520809084e-9,0.5060338973999023,-2.003560732064078e-9,1,-6.404210055765304e-10,-0.5060338973999023,-4.6149786054280056e-10,0.8625136017799377]}},{"t":1.8833333333333315,"j":false,"c":{"p":[208.100791257053,312.99432373046875,-179.40332301470895],"r":[0.8625136017799377,2.0254745623665257e-8,0.5060338973999023,-1.9401345089900686e-8,1,-6.957685117551518e-9,-0.5060338973999023,-3.81663995922818e-9,0.8625136017799377]}},{"t":1.8999999999999981,"j":false,"c":{"p":[207.900843311128,312.99432373046875,-179.7441872301233],"r":[0.8625136017799377,3.8457319995249595e-8,0.5060338973999023,-3.6799129447737284e-8,1,-1.3274949229526505e-8,-0.5060338973999023,-7.171782057913558e-9,0.8625136017799377]}},{"t":1.9166666666666647,"j":false,"c":{"p":[207.70095094033437,312.99432373046875,-180.08495670301127],"r":[0.8625136017799377,7.785123168520667e-8,0.5060338973999023,-7.444582321526899e-8,1,-2.695610505525834e-8,-0.5060338973999023,-1.442210153871744e-8,0.8625136017799377]}},{"t":1.9333333333333313,"j":false,"c":{"p":[207.5012044384833,312.99432373046875,-180.42547750366384],"r":[0.8625136017799377,5.837636186530843e-8,0.5060338973999023,-5.5812074716794764e-8,1,-2.0231240944191228e-8,-0.5060338973999023,-1.0793080086025419e-8,0.8625136017799377]}},{"t":1.949999999999998,"j":false,"c":{"p":[207.3014579366323,312.99432373046875,-180.7659983043164],"r":[0.8625136017799377,3.89014920454102e-8,0.5060338973999023,-3.717832621832055e-8,1,-1.350637683312412e-8,-0.5060338973999023,-7.164058633333401e-9,0.8625136017799377]}},{"t":1.9666666666666646,"j":false,"c":{"p":[207.10171143478127,312.99432373046875,-181.10651910496895],"r":[0.8625136017799377,1.9426622225511972e-8,0.5060338973999023,-1.854457771984633e-8,1,-6.781512722057012e-9,-0.5060338973999023,-3.5350371806413815e-9,0.8625136017799377]}},{"t":1.9833333333333312,"j":false,"c":{"p":[206.9019649329302,312.99432373046875,-181.44703990562152],"r":[0.8625136017799377,-4.82475943862703e-11,0.5060338973999023,8.917077862789283e-11,1,-5.6648610989900705e-11,-0.5060338973999023,9.398427205063649e-11,0.8625136017799377]}},{"t":1.9999999999999978,"j":false,"c":{"p":[206.69903417368522,312.99432373046875,-181.7929891161197],"r":[0.8625136017799377,-4.670256901279422e-8,0.5060338973999023,4.4725183381996123e-8,1,1.6059180347333705e-8,-0.5060338973999023,8.781197540447633e-9,0.8625136017799377]}},{"t":2.0166666666666644,"j":false,"c":{"p":[206.49484207008052,312.99432373046875,-182.1410886220538],"r":[0.8625136017799377,-5.099217223274065e-8,0.5060338973999023,4.882490463044028e-8,1,1.754828667929734e-8,-0.5060338973999023,9.57142082691897e-9,0.8625136017799377]}},{"t":2.033333333333331,"j":false,"c":{"p":[206.2906499664758,312.99432373046875,-182.48918812798786],"r":[0.8625136017799377,-5.5281775452687087e-8,0.5060338973999023,5.2924625878884445e-8,1,1.903739301126098e-8,-0.5060338973999023,1.036164411339031e-8,0.8625136017799377]}},{"t":2.0499999999999976,"j":false,"c":{"p":[206.0864578628711,312.99432373046875,-182.83728763392196],"r":[0.8625136017799377,-5.957137867263352e-8,0.5060338973999023,5.70243471273286e-8,1,2.0526499343224614e-8,-0.5060338973999023,1.115186739986165e-8,0.8625136017799377]}},{"t":2.066666666666664,"j":false,"c":{"p":[205.89022835407857,312.99432373046875,-183.1789242832151],"r":[0.8638511122622986,-4.6198470394199153e-8,0.5036984700295576,4.4083598839048785e-8,1,1.626608990967324e-8,-0.5036984700295576,8.549753741695656e-9,0.8638511122622986]}},{"t":2.083333333333331,"j":false,"c":{"p":[205.69663152782758,312.99432373046875,-183.51842411024765],"r":[0.8656308454847464,-1.7287080693878717e-8,0.5005908774279058,1.623935480926916e-8,1,6.737872612000051e-9,-0.5005908774279058,3.039349157553234e-9,0.8656308454847464]}},{"t":2.0999999999999974,"j":false,"c":{"p":[205.5030347015766,312.99432373046875,-183.8579239372802],"r":[0.8674105787071942,1.162430900644172e-8,0.49748328482625387,-1.1604889220510467e-8,1,-2.7903446856731387e-9,-0.49748328482625387,-2.4710554265891886e-9,0.8674105787071942]}},{"t":2.116666666666664,"j":false,"c":{"p":[205.3094378753256,312.99432373046875,-184.19742376431273],"r":[0.869190311929642,4.053569870676216e-8,0.494375692224602,-3.944913325029009e-8,1,-1.2318561983346332e-8,-0.494375692224602,-7.981460010731614e-9,0.869190311929642]}},{"t":2.1333333333333306,"j":false,"c":{"p":[205.1104253072047,312.99432373046875,-184.55117910390734],"r":[0.8729221224784851,8.91815415665397e-8,0.4878595769405365,-8.622275777873247e-8,1,-2.852417400830989e-8,-0.4878595769405365,-1.7165214519245706e-8,0.8729221224784851]}},{"t":2.1499999999999972,"j":false,"c":{"p":[204.90859375252873,312.99432373046875,-184.91235468235632],"r":[0.8729221224784851,7.0970870105179e-8,0.4878595769405365,-6.856770189991255e-8,1,-2.2786491928974105e-8,-0.4878595769405365,-1.3560576271978748e-8,0.8729221224784851]}},{"t":2.166666666666664,"j":false,"c":{"p":[204.70676219785273,312.99432373046875,-185.27353026080527],"r":[0.8729221224784851,5.2760198643818316e-8,0.4878595769405365,-5.0912646021092616e-8,1,-1.7048809849638316e-8,-0.4878595769405365,-9.95593802471179e-9,0.8729221224784851]}},{"t":2.1833333333333305,"j":false,"c":{"p":[204.50493064317675,312.99432373046875,-185.63470583925422],"r":[0.8729221224784851,3.4549527182457613e-8,0.4878595769405365,-3.3257590142272684e-8,1,-1.131112777030253e-8,-0.4878595769405365,-6.351299777444829e-9,0.8729221224784851]}},{"t":2.199999999999997,"j":false,"c":{"p":[204.30622366803445,312.99432373046875,-185.9902900134141],"r":[0.8729221224784851,-1.602611040854049e-8,0.4878595769405365,1.5766805658477714e-8,1,4.638459286277247e-9,-0.4878595769405365,3.6429731884352152e-9,0.8729221224784851]}},{"t":2.2166666666666637,"j":false,"c":{"p":[204.1083447867414,312.99432373046875,-186.3443923217899],"r":[0.8729221224784851,-3.69987488388534e-8,0.4878595769405365,3.608924101884522e-8,1,1.1264822604942487e-8,-0.4878595769405365,7.77316849303438e-9,0.8729221224784851]}},{"t":2.2333333333333303,"j":false,"c":{"p":[203.9104659054484,312.99432373046875,-186.6984946301657],"r":[0.8729221224784851,-5.79713872691663e-8,0.4878595769405365,5.641167637921272e-8,1,1.7891185923607724e-8,-0.4878595769405365,1.1903363797633543e-8,0.8729221224784851]}},{"t":2.249999999999997,"j":false,"c":{"p":[203.71258702415537,312.99432373046875,-187.05259693854148],"r":[0.8729221224784851,-7.89440256994792e-8,0.4878595769405365,7.673411173958022e-8,1,2.4517549242272963e-8,-0.4878595769405365,1.6033559102232706e-8,0.8729221224784851]}},{"t":2.2666666666666635,"j":false,"c":{"p":[203.5245008466512,312.99432373046875,-187.3891752999745],"r":[0.8729220743290788,-9.505035968000943e-8,0.4878596587945272,9.227591179762109e-8,1,2.9723047264395137e-8,-0.4878596587945272,1.907177847094579e-8,0.8729220743290788]}},{"t":2.28333333333333,"j":false,"c":{"p":[203.3381962123713,312.99432373046875,-187.72256560736122],"r":[0.8729220174200643,-6.836795060574952e-8,0.4878597555398519,6.634366323739374e-8,1,2.1430546073717803e-8,-0.4878597555398519,1.3659188350336796e-8,0.8729220174200643]}},{"t":2.2999999999999967,"j":false,"c":{"p":[203.15189157809138,312.99432373046875,-188.05595591474795],"r":[0.8729219605110498,-4.1685541531489586e-8,0.4878598522851766,4.04114146771664e-8,1,1.3138044883040469e-8,-0.4878598522851766,8.246598229727798e-9,0.8729219605110498]}},{"t":2.3166666666666633,"j":false,"c":{"p":[202.96254639207484,312.99432373046875,-188.39478725950883],"r":[0.8729218244552612,2.3262500059947957e-8,0.4878600835800171,-2.270779617427599e-8,1,-7.051960171923447e-9,-0.4878600835800171,-4.9224168130316985e-9,0.8729218244552612]}},{"t":2.33333333333333,"j":false,"c":{"p":[202.75937708473248,312.99432373046875,-188.75835673317346],"r":[0.8729218244552612,2.96788349417083e-8,0.4878600835800171,-2.8927909129345402e-8,1,-9.074388215355123e-9,-0.4878600835800171,-6.191540228497239e-9,0.8729218244552612]}},{"t":2.3499999999999965,"j":false,"c":{"p":[202.55620777739009,312.99432373046875,-189.12192620683805],"r":[0.8729218244552612,3.609516982346865e-8,0.4878600835800171,-3.514802208441482e-8,1,-1.1096816258786799e-8,-0.4878600835800171,-7.46066364396278e-9,0.8729218244552612]}},{"t":2.366666666666663,"j":false,"c":{"p":[202.3530384700477,312.99432373046875,-189.48549568050268],"r":[0.8729218244552612,4.251150470522898e-8,0.4878600835800171,-4.136813503948423e-8,1,-1.3119244302218475e-8,-0.4878600835800171,-8.72978705942832e-9,0.8729218244552612]}},{"t":2.3833333333333298,"j":false,"c":{"p":[202.15171152469736,312.99432373046875,-189.83946697544823],"r":[0.8708369828200556,5.0173084252419956e-8,0.49130256636762937,-4.884114546085333e-8,1,-1.5352757542816588e-8,-0.49130256636762937,-1.0155903491475592e-8,0.8708369828200556]}},{"t":2.3999999999999964,"j":false,"c":{"p":[201.95398363766034,312.99432373046875,-190.17468820658405],"r":[0.8646793983408633,2.9065992029978032e-8,0.5014699470573373,-2.851461901047009e-8,1,-8.163992488296513e-9,-0.5014699470573373,-5.71723123113196e-9,0.8646793983408633]}},{"t":2.416666666666663,