{"v":1,"d":[{"t":0.016666666666666663,"j":false,"c":{"p":[232.88160230577256,314.2543640136719,-144.30133936625487],"r":[0.47562408447265625,5.6269418974471403e-8,0.8796486258506775,-9.02366577516455e-8,1,-1.5177299790291567e-8,-0.8796486258506775,-7.21578645706226e-8,0.47562408447265625]}},{"t":0.02857142857142857,"j":false,"c":{"p":[232.74839488947273,314.2543640136719,-144.37336646462253],"r":[0.47562408447265625,4.857411544318026e-8,0.8796486258506775,-7.328683478255315e-8,1,-1.559387582710337e-8,-0.8796486258506775,-5.704984228484595e-8,0.47562408447265625]}},{"t":0.04285714285714286,"j":false,"c":{"p":[232.57386644866926,314.2543640136719,-144.46773641430622],"r":[0.47562408447265625,3.9339751205630883e-8,0.8796486258506775,-5.294704721964234e-8,1,-1.6093767071277535e-8,-0.8796486258506775,-3.892021554191398e-8,0.47562408447265625]}},{"t":0.05714285714285714,"j":false,"c":{"p":[232.39910643701438,314.2543640136719,-144.56223157756256],"r":[0.47562408447265625,3.010538696808152e-8,0.8796486258506775,-3.2607259656731546e-8,1,-1.6593658315451696e-8,-0.8796486258506775,-2.079058879898201e-8,0.47562408447265625]}},{"t":0.07142857142857142,"j":false,"c":{"p":[232.2546434454641,314.2543640136719,-144.64034472164948],"r":[0.47562408447265625,2.087102273053215e-8,0.8796486258506775,-1.226747209382075e-8,1,-1.7093549559625856e-8,-0.8796486258506775,-2.660962056050037e-9,0.47562408447265625]}},{"t":0.08571428571428572,"j":false,"c":{"p":[232.07612256721046,314.2543640136719,-144.73687343766122],"r":[0.47562408447265625,1.1636658492982778e-8,0.8796486258506775,8.07231546909006e-9,1,-1.759344080380002e-8,-0.8796486258506775,1.5468664686881943e-8,0.47562408447265625]}},{"t":0.1,"j":false,"c":{"p":[231.9094715868183,314.2543640136719,-144.82698393519354],"r":[0.47562408447265625,2.4022942554334054e-9,0.8796486258506775,2.8412103032000878e-8,1,-1.8093332047974184e-8,-0.8796486258506775,3.359829142981393e-8,0.47562408447265625]}},{"t":0.1142857142857143,"j":false,"c":{"p":[231.74546266872662,314.2543640136719,-144.9156660512283],"r":[0.47562408447265625,-6.832069982115965e-9,0.8796486258506775,4.875189059491167e-8,1,-1.859322329214835e-8,-0.8796486258506775,5.1727918172745896e-8,0.47562408447265625]}},{"t":0.1285714285714286,"j":false,"c":{"p":[231.5490530960436,314.2543640136719,-145.02186497431242],"r":[0.47562408447265625,-2.4859056339936152e-8,0.8796486258506775,8.595333373684968e-8,1,-1.82145676396156e-8,-0.8796486258506775,8.427201924248895e-8,0.47562408447265625]}},{"t":0.14285714285714288,"j":false,"c":{"p":[231.27787888245325,314.2543640136719,-145.16848400018216],"r":[0.47562408447265625,-2.8364318764627273e-8,0.8796486258506775,8.663894010129923e-8,1,-1.460042968795835e-8,-0.8796486258506775,8.315614096344083e-8,0.47562408447265625]}},{"t":0.15714285714285717,"j":false,"c":{"p":[230.97600849462125,314.2543640136719,-145.3316983377248],"r":[0.47562408447265625,-2.372945701072684e-8,0.8796486258506775,6.738046251910199e-8,1,-9.456405276409544e-9,-0.8796486258506775,6.376882557731612e-8,0.47562408447265625]}},{"t":0.17142857142857146,"j":false,"c":{"p":[230.67947123561103,314.2543640136719,-145.4919884558916],"r":[0.47562408447265625,-1.9094595256826405e-8,0.8796486258506775,4.812198493690475e-8,1,-4.312380864860737e-9,-0.8796486258506775,4.438151019119141e-8,0.47562408447265625]}},{"t":0.18571428571428575,"j":false,"c":{"p":[230.38284161288158,314.2543640136719,-145.65250330881594],"r":[0.4761795847421657,-1.320442193828372e-8,0.8793095475771592,2.3977725937959886e-8,1,2.0800709891652084e-9,-0.8793095475771592,2.0111773390721706e-8,0.4761795847421657]}},{"t":0.20000000000000004,"j":false,"c":{"p":[230.0855893668857,314.2543640136719,-145.81453309736696],"r":[0.4795125863592225,-1.0376907965299676e-9,0.8772750779360493,-2.4595440144722346e-8,1,1.4714660055576646e-8,-0.8772750779360493,-2.8570070481472205e-8,0.4795125863592225]}},{"t":0.21428571428571433,"j":false,"c":{"p":[229.78664570887614,314.2543640136719,-145.9806783445863],"r":[0.4920974527961755,1.5303567314462928e-9,0.8695932548693047,-2.778515925331719e-8,1,1.4284683546758093e-8,-0.8695932548693047,-3.0964516766034936e-8,0.4920974527961755]}},{"t":0.22857142857142862,"j":false,"c":{"p":[229.48766600143662,314.2543640136719,-146.14691130546606],"r":[0.5046823192331285,4.098404259422554e-9,0.8619114318025601,-3.097487836191203e-8,1,1.3854707037939539e-8,-0.8619114318025601,-3.335896305059768e-8,0.5046823192331285]}},{"t":0.2428571428571429,"j":false,"c":{"p":[229.18867851770938,314.2544209149237,-146.31308250514877],"r":[0.5172671856700815,6.666451787398814e-9,0.8542296087358155,-3.416459747050687e-8,1,1.3424730529120986e-8,-0.8542296087358155,-3.575340933516041e-8,0.5172671856700815]}},{"t":0.2571428571428572,"j":false,"c":{"p":[228.8862585361497,314.26204780970704,-146.47687175475556],"r":[0.5413970937935271,1.1534337630466534e-8,0.8394693231486272,-4.02046618565523e-8,1,1.26045792178952e-8,-0.8394693231486272,-4.029318866567745e-8,0.5413970937935271]}},{"t":0.27142857142857146,"j":false,"c":{"p":[228.6059212738144,314.2209737147592,-146.65598510281822],"r":[0.5766592105495278,1.1637826220210983e-8,0.8139766878630534,-3.954370986408987e-8,1,1.1940961599353077e-8,-0.8139766878630534,-4.05118272700202e-8,0.5766592105495278]}},{"t":0.28571428571428575,"j":false,"c":{"p":[228.37136505684597,314.07893459835526,-146.86686778324827],"r":[0.6110956611976545,-2.387156326873816e-9,0.7811762782215961,-1.9780034559710845e-8,1,1.2370760970992723e-8,-0.7811762782215961,-2.7797518330105945e-8,0.6110956611976545]}},{"t":0.30000000000000004,"j":false,"c":{"p":[228.13178615935453,313.9479724471605,-147.07426502105392],"r":[0.6455321118457809,-1.6412138873958615e-8,0.7483758685801386,-1.6359255331821382e-11,1,1.280056034263237e-8,-0.7483758685801386,-1.508320939019169e-8,0.6455321118457809]}},{"t":0.31428571428571433,"j":false,"c":{"p":[227.89220726186318,313.81701029596576,-147.2816622588596],"r":[0.6799685624939075,-3.0437121421043414e-8,0.7155754589386812,1.9747316049047204e-8,1,1.3230359714272016e-8,-0.7155754589386812,-2.3689004502774414e-9,0.6799685624939075]}},{"t":0.3285714285714286,"j":false,"c":{"p":[227.6500892284816,313.6889633758734,-147.48021489789656],"r":[0.7144050131420339,-4.446210396812821e-8,0.6827750492972238,3.9510991353426234e-8,1,1.366015908591166e-8,-0.6827750492972238,1.0345408489636814e-8,0.7144050131420339]}},{"t":0.3428571428571429,"j":false,"c":{"p":[227.43104869764446,313.53442072806234,-147.75915364442233],"r":[0.7718134334001941,-6.6729877800568e-8,0.6253649484549761,6.681766124646659e-8,1,1.973550032819548e-8,-0.6253649484549761,2.282183590494559e-8,0.7718134334001941]}},{"t":0.3571428571428572,"j":false,"c":{"p":[227.22364464379757,313.3665180156019,-148.07862585371464],"r":[0.8105095615744252,-8.079295454634077e-8,0.5843469031630038,8.042667493273077e-8,1,2.838765375043705e-8,-0.5843469031630038,2.3816733060590588e-8,0.8105095615744252]}},{"t":0.3714285714285715,"j":false,"c":{"p":[227.01464911141483,313.1980043454013,-148.39400483070708],"r":[0.8190074128597116,-8.252993856276944e-8,0.5720257590217012,7.656653511788861e-8,1,3.679384841731435e-8,-0.5720257590217012,1.3449040718874819e-8,0.8190074128597116]}},{"t":0.3857142857142858,"j":false,"c":{"p":[226.8070612081344,313.03888994056535,-148.7077343344507],"r":[0.8292259498893833,-8.468367024018673e-8,0.5572097706610712,7.17330222232271e-8,1,4.733176514327692e-8,-0.5572097706610712,5.161169018205e-10,0.8292259498893833]}},{"t":0.4000000000000001,"j":false,"c":{"p":[226.60877632922595,312.9380073273802,-149.01287529100864],"r":[0.8480479156409815,-8.892114022254687e-8,0.5299195612038061,6.203264392946924e-8,1,6.852829216466518e-8,-0.5299195612038061,-2.524296429192576e-8,0.8480479156409815]}},{"t":0.41428571428571437,"j":false,"c":{"p":[226.42829207695564,312.94854680019694,-149.3015827184578],"r":[0.8480479245127734,-9.00684828885524e-8,0.5299195523320142,5.864973471478039e-8,1,7.610720300520293e-8,-0.5299195523320142,-3.34629142645235e-8,0.8480479245127734]}},{"t":0.42857142857142866,"j":false,"c":{"p":[226.24819101401877,312.96148482648795,-149.58993638571675],"r":[0.8480479333845654,-9.121582555455792e-8,0.5299195434602222,5.526682550009155e-8,1,8.368611384574068e-8,-0.5299195434602222,-4.1682864237121235e-8,0.8480479333845654]}},{"t":0.44285714285714295,"j":false,"c":{"p":[226.0679270402376,312.9734908819337,-149.87842102904406],"r":[0.8480479422563574,-9.236316822056347e-8,0.5299195345884302,5.1883916285402705e-8,1,9.126502468627844e-8,-0.5299195345884302,-4.990281420971897e-8,0.8480479422563574]}},{"t":0.45714285714285724,"j":false,"c":{"p":[225.88750679518955,312.98404063808476,-150.16715576039363],"r":[0.8480479574207721,-9.113951619333935e-8,0.5299195194240155,4.4561985489005737e-8,1,1.0067343037756534e-7,-0.5299195194240155,-6.176162834796936e-8,0.8480479574207721]}},{"t":0.47142857142857153,"j":false,"c":{"p":[225.70659089982354,312.989971405583,-150.45668370351038],"r":[0.8480479717254639,-8.187261611714576e-8,0.5299195051193237,3.3733388748140083e-8,1,1.0051542586949401e-7,-0.5299195051193237,-6.736591860018868e-8,0.8480479717254639]}},{"t":0.4857142857142858,"j":false,"c":{"p":[225.52509440935353,312.99049157996797,-150.74714079940225],"r":[0.8480479717254639,-6.126120932947296e-8,0.5299195051193237,2.3769503281752938e-8,1,7.756561126120917e-8,-0.5299195051193237,-5.318343274904178e-8,0.8480479717254639]}},{"t":0.5000000000000001,"j":false,"c":{"p":[225.3436647257833,312.99163433099824,-151.03749098117106],"r":[0.8480479717254639,-4.064980254180017e-8,0.5299195051193237,1.3805617815365788e-8,1,5.4615796652924315e-8,-0.5299195051193237,-3.9000946897894876e-8,0.8480479717254639]}},{"t":0.5142857142857143,"j":false,"c":{"p":[225.1620894580383,312.9927965650303,-151.3280741479222],"r":[0.8480479717254639,-2.0038395754127433e-8,0.5299195051193237,3.841732348978672e-9,1,3.1665982044639544e-8,-0.5299195051193237,-2.4818461046748022e-8,0.8480479717254639]}},{"t":0.5285714285714286,"j":false,"c":{"p":[224.98224141413831,312.99372765096285,-151.61589315972645],"r":[0.8480479717254639,2.4985578446955206e-8,0.5299195051193237,-1.7514692902682244e-8,1,-1.9120414444734538e-8,-0.5299195051193237,6.9336518032848724e-9,0.8480479717254639]}},{"t":0.5428571428571428,"j":false,"c":{"p":[224.80704325502663,312.99403645968715,-151.89627074922913],"r":[0.8480479717254639,4.197265761948591e-8,0.5299195051193237,-2.4484202796652732e-8,1,-4.002283578004223e-8,-0.5299195051193237,2.0966628007363197e-8,0.8480479717254639]}},{"t":0.557142857142857,"j":false,"c":{"p":[224.6337899886071,312.9940849904799,-152.17353583841992],"r":[0.8480479717254639,4.2500032536399794e-8,0.5299195051193237,-2.312100103325069e-8,1,-4.319961135020796e-8,-0.5299195051193237,2.4383073188575723e-8,0.8480479717254639]}},{"t":0.5714285714285713,"j":false,"c":{"p":[224.4603748274643,312.9941794903724,-152.4510464132999],"r":[0.8480479717254639,4.3027407453313676e-8,0.5299195051193237,-2.175779926984865e-8,1,-4.637638692037369e-8,-0.5299195051193237,2.7799518369788253e-8,0.8480479717254639]}},{"t":0.5857142857142855,"j":false,"c":{"p":[224.28616439390024,312.99426846234974,-152.72989235730037],"r":[0.8480862516451682,4.305906346714339e-8,0.5298577655540678,-1.9684028396323793e-8,1,-4.975776700217672e-8,-0.5298577655540678,3.176502728695306e-8,0.8480862516451682]}},{"t":0.5999999999999998,"j":false,"c":{"p":[224.1071051613783,312.9943237304688,-153.01688008545818],"r":[0.8483159311633939,4.06121249655518e-8,0.5294873281625326,-1.4057411972184269e-8,1,-5.416216964216641e-8,-0.5294873281625326,3.8475854883879734e-8,0.8483159311633939]}},{"t":0.614285714285714,"j":false,"c":{"p":[223.9201799658578,312.9943243225111,-153.31707582109956],"r":[0.8489233355091662,3.092759934178229e-8,0.5285076792883396,-7.483714911936262e-9,1,-4.6453108683935794e-8,-0.5285076792883396,3.540594175091714e-8,0.8489233355091662]}},{"t":0.6285714285714282,"j":false,"c":{"p":[223.73308442223708,312.99432373046875,-153.61755759406196],"r":[0.8495307398549385,2.1243073718012565e-8,0.5275280304141466,-9.100178516882254e-10,1,-3.874404772570479e-8,-0.5275280304141466,3.2336028617954245e-8,0.8495307398549385]}},{"t":0.6428571428571425,"j":false,"c":{"p":[223.54579512736385,312.99432373046875,-153.9181281414462],"r":[0.8501381442007109,1.1558548094242837e-8,0.5265483815399535,5.66367920855981e-9,1,-3.10349867674738e-8,-0.5265483815399535,2.9266115484991345e-8,0.8501381442007109]}},{"t":0.6571428571428567,"j":false,"c":{"p":[223.36042121777749,312.99432373046875,-154.21710696138473],"r":[0.8509925791893227,-5.585679015646935e-9,0.525170310605014,1.731991693427657e-8,1,-1.738679776654689e-8,-0.525170310605014,2.382184341908401e-8,0.8509925791893227]}},{"t":0.6714285714285709,"j":false,"c":{"p":[223.1774703935761,312.99432373046875,-154.51407214389116],"r":[0.8517268896102905,-2.5143069820745016e-8,0.5239859819412231,3.06375493714373e-8,1,-1.8163729142633004e-9,-0.5239859819412231,1.7600698906029804e-8,0.8517268896102905]}},{"t":0.6857142857142852,"j":false,"c":{"p":[222.9951521056657,312.99432373046875,-154.81051167477975],"r":[0.8517268896102905,-3.460738504401355e-8,0.5239859819412231,3.7112889900544397e-8,1,5.720267555337012e-9,-0.5239859819412231,1.4574527364572675e-8,0.8517268896102905]}},{"t":0.6999999999999994,"j":false,"c":{"p":[222.81273387679104,312.99432373046875,-155.10703425881525],"r":[0.8517268896102905,-4.40717002672821e-8,0.5239859819412231,4.358823042965149e-8,1,1.325690802493733e-8,-0.5239859819412231,1.1548355823115544e-8,0.8517268896102905]}},{"t":0.7142857142857136,"j":false,"c":{"p":[222.63020091501085,312.99432373046875,-155.40374334229148],"r":[0.8517268896102905,-5.3536015490550646e-8,0.5239859819412231,5.006357095875859e-8,1,2.0793548494537644e-8,-0.5239859819412231,8.52218428165841e-9,0.8517268896102905]}},{"t":0.7285714285714279,"j":false,"c":{"p":[222.44935664760007,312.99432373046875,-155.69770743684208],"r":[0.8517268896102905,-7.270023655341257e-8,0.5239859819412231,6.284621242031128e-8,1,3.658958600889905e-8,-0.5239859819412231,1.7661997122955847e-9,0.8517268896102905]}},{"t":0.7428571428571421,"j":false,"c":{"p":[222.2691901569355,312.99432373046875,-155.99056979877855],"r":[0.8517268896102905,-8.245008867772769e-8,0.5239859819412231,6.905791980592487e-8,1,4.509968789013886e-8,-0.5239859819412231,-2.227234999477333e-9,0.8517268896102905]}},{"t":0.7571428571428563,"j":false,"c":{"p":[222.08912854120476,312.99432373046875,-156.28326168550217],"r":[0.8517268896102905,-8.65227657488071e-8,0.5239859819412231,7.135343006032234e-8,1,4.914088225033936e-8,-0.5239859819412231,-4.466413479663759e-9,0.8517268896102905]}},{"t":0.7714285714285706,"j":false,"c":{"p":[221.90892954895406,312.99432373046875,-156.57617687907918],"r":[0.8517268896102905,-9.059544281988651e-8,0.5239859819412231,7.364894031471981e-8,1,5.318207661053986e-8,-0.5239859819412231,-6.7055919598501854e-9,0.8517268896102905]}},{"t":0.7857142857142848,"j":false,"c":{"p":[221.72928168047278,312.99432373046875,-156.8681962156728],"r":[0.8517268896102905,-9.130970542153308e-8,0.5239859819412231,7.31011265270382e-8,1,5.543566785757319e-8,-0.5239859819412231,-8.912082784722236e-9,0.8517268896102905]}},{"t":0.799999999999999,"j":false,"c":{"p":[221.55261709943264,312.99432373046875,-157.1553661898623],"r":[0.8517268896102905,-7.523189567600151e-8,0.5239859819412231,5.83366925289492e-8,1,4.875124353876315e-8,-0.5239859819412231,-1.095513533302228e-8,0.8517268896102905]}},{"t":0.8142857142857133,"j":false,"c":{"p":[221.37647423339584,312.99432373046875,-157.4416881112998],"r":[0.8517268896102905,-4.60100750961606e-8,0.5239859819412231,3.486431240176536e-8,1,3.113671978594691e-8,-0.5239859819412231,-8.251570528920726e-9,0.8517268896102905]}},{"t":0.8285714285714275,"j":false,"c":{"p":[221.20034634386315,312.99432373046875,-157.72798568828642],"r":[0.8517268896102905,-1.6788254516318058e-8,0.5239859819412231,1.1391932274580449e-8,1,1.3522196033129325e-8,-0.5239859819412231,-5.548005724818583e-9,0.8517268896102905]}},{"t":0.8428571428571418,"j":false,"c":{"p":[221.02466755663445,312.99432373046875,-158.01355324516194],"r":[0.8517268896102905,1.2433566063524478e-8,0.5239859819412231,-1.2080447852604465e-8,1,-4.0923277196882615e-9,-0.5239859819412231,-2.844440920716439e-9,0.8517268896102905]}},{"t":0.857142857142856,"j":false,"c":{"p":[220.8458593247361,312.99432373046875,-158.30420774442126],"r":[0.8517268896102905,5.2626955418045125e-8,0.5239859819412231,-4.411616169798641e-8,1,-2.8726022784899936e-8,-0.5239859819412231,1.350473843822758e-9,0.8517268896102905]}},{"t":0.8714285714285702,"j":false,"c":{"p":[220.6630484311491,312.99432373046875,-158.60136860872024],"r":[0.8517268896102905,8.324835210456935e-8,0.5239859819412231,-6.815349712438561e-8,1,-4.8093243626390335e-8,-0.5239859819412231,5.250829323029093e-9,0.8517268896102905]}},{"t":0.8857142857142845,"j":false,"c":{"p":[220.47912646291866,312.99432373046875,-158.90033553552928],"r":[0.8517268896102905,7.278262590570282e-8,0.5239859819412231,-5.906740827639197e-8,1,-4.288917339562452e-8,-0.5239859819412231,5.57936631069134e-9,0.8517268896102905]}},{"t":0.8999999999999987,"j":false,"c":{"p":[220.2953763878022,312.99432373046875,-159.1990230484297],"r":[0.8517268896102905,6.231689970683628e-8,0.5239859819412231,-4.998131942839834e-8,1,-3.76851031648587e-8,-0.5239859819412231,5.907903298353587e-9,0.8517268896102905]}},{"t":0.9142857142857129,"j":false,"c":{"p":[220.11133035892362,312.99432373046875,-159.49819163701446],"r":[0.8517268896102905,5.185117350796975e-8,0.5239859819412231,-4.089523058040471e-8,1,-3.248103293409288e-8,-0.5239859819412231,6.2364402860158336e-9,0.8517268896102905]}},{"t":0.9285714285714272,"j":false,"c":{"p":[219.93165211696973,312.99432373046875,-159.7902603459798],"r":[0.8517268896102905,2.7020958196766406e-8,0.5239859819412231,-1.933823771842116e-8,1,-2.0134243437261093e-8,-0.5239859819412231,7.015910455283502e-9,0.8517268896102905]}},{"t":0.9428571428571414,"j":false,"c":{"p":[219.75361461848078,312.99432373046875,-160.0796620106755],"r":[0.8517268896102905,1.1055298564587928e-8,0.5239859819412231,-5.4772349081034025e-9,1,-1.2195346326133649e-8,-0.5239859819412231,7.517109848411072e-9,0.8517268896102905]}},{"t":0.9571428571428556,"j":false,"c":{"p":[219.5757962128617,312.99432373046875,-160.36870753780593],"r":[0.8517268896102905,9.583656831623426e-10,0.5239859819412231,3.2886824749765823e-9,1,-7.174667334468346e-9,-0.5239859819412231,7.834080535307837e-9,0.8517268896102905]}},{"t":0.9714285714285699,"j":false,"c":{"p":[219.39800139077082,312.99432373046875,-160.65771472968453],"r":[0.8517268896102905,-9.138567198263243e-9,0.5239859819412231,1.2054599858056567e-8,1,-2.153988342803042e-9,-0.5239859819412231,8.151051222204603e-9,0.8517268896102905]}},{"t":0.9857142857142841,"j":false,"c":{"p":[219.21977048632976,312.99432373046875,-160.94743077761407],"r":[0.8517268896102905,-2.2168650209640518e-8,0.5239859819412231,2.3367009302976326e-8,1,4.325192282697252e-9,-0.5239859819412231,8.560103001997257e-9,0.8517268896102905]}},{"t":0.9999999999999983,"j":false,"c":{"p":[219.03916979010418,312.99432373046875,-161.24099894486258],"r":[0.8517268896102905,-4.986448387079842e-8,0.5239859819412231,4.7411879057114173e-8,1,1.809688107738351e-8,-0.5239859819412231,9.429560246270061e-9,0.8517268896102905]}},{"t":1.0142857142857127,"j":false,"c":{"p":[218.85803550959372,312.99432373046875,-161.5354344584937],"r":[0.8517268896102905,-6.011137680241716e-8,0.5239859819412231,5.630799404733668e-8,1,2.3192118196751303e-8,-0.5239859819412231,9.751249209552281e-9,0.8517268896102905]}},{"t":1.028571428571427,"j":false,"c":{"p":[218.67688685340448,312.99432373046875,-161.82989333992893],"r":[0.8517268896102905,-7.035826973403216e-8,0.5239859819412231,6.520410903755595e-8,1,2.828735531611724e-8,-0.5239859819412231,1.0072938172834383e-8,0.8517268896102905]}},{"t":1.0428571428571412,"j":false,"c":{"p":[218.49581186025733,312.99432373046875,-162.12423248138126],"r":[0.8517268896102905,-8.060516266564716e-8,0.5239859819412231,7.410022402777522e-8,1,3.338259243548318e-8,-0.5239859819412231,1.0394627136116487e-8,0.8517268896102905]}},{"t":1.0571428571428554,"j":false,"c":{"p":[218.3142744148529,312.99432373046875,-162.41932334342187],"r":[0.8517268896102905,-8.764144454893686e-8,0.5239859819412231,7.986720809106035e-8,1,3.743687401453702e-8,-0.5239859819412231,9.963305144524491e-9,0.8517268896102905]}},{"t":1.0714285714285696,"j":false,"c":{"p":[218.13219561094766,312.99432373046875,-162.7152941889079],"r":[0.8517268896102905,-8.387709429263458e-8,0.5239859819412231,7.586447383947857e-8,1,3.6759157758019776e-8,-0.5239859819412231,8.44315754732278e-9,0.8517268896102905]}},{"t":1.0857142857142839,"j":false,"c":{"p":[217.95004162379217,312.99432373046875,-163.0113872454897],"r":[0.8517268896102905,-6.49327018537903e-8,0.5239859819412231,5.858056481202413e-8,1,2.869935691097953e-8,-0.5239859819412231,6.2513806486504405e-9,0.8517268896102905]}},{"t":1.099999999999998,"j":false,"c":{"p":[217.76790316936174,312.99432373046875,-163.30745505347753],"r":[0.8517268896102905,-4.598830941494603e-8,0.5239859819412231,4.129665578456971e-8,1,2.063955606393928e-8,-0.5239859819412231,4.059603749978103e-9,0.8517268896102905]}},{"t":1.1142857142857123,"j":false,"c":{"p":[217.58540884136355,312.99432373046875,-163.6041013373699],"r":[0.8517268896102905,-2.704391697610175e-8,0.5239859819412231,2.401274675711528e-8,1,1.2579755216899032e-8,-0.5239859819412231,1.8678268513057637e-9,0.8517268896102905]}},{"t":1.1285714285714266,"j":false,"c":{"p":[217.40819942790995,312.99432373046875,-163.892156941883],"r":[0.8517268896102905,9.39587890614493e-9,0.5239859819412231,-9.1149207117939e-9,1,-3.115456997088642e-9,-0.5239859819412231,-2.1225721718628926e-9,0.8517268896102905]}},{"t":1.1428571428571408,"j":false,"c":{"p":[217.2326637156129,312.99432373046875,-164.17749192908224],"r":[0.8517268896102905,2.689325032187632e-8,0.5239859819412231,-2.4922887297201747e-8,1,-1.0812802896822305e-8,-0.5239859819412231,-3.8496885617183465e-9,0.8517268896102905]}},{"t":1.157142857142855,"j":false,"c":{"p":[217.05724840018974,312.99432373046875,-164.46263121000595],"r":[0.8517268896102905,3.316986915999708e-8,0.5239859819412231,-3.0486627596701826e-8,1,-1.3747674502728777e-8,-0.5239859819412231,-4.2653014224661135e-9,0.8517268896102905]}},{"t":1.1714285714285693,"j":false,"c":{"p":[216.88194847300886,312.99432373046875,-164.74758292623295],"r":[0.8517268896102905,3.944648799811784e-8,0.5239859819412231,-3.605036789620191e-8,1,-1.668254610863525e-8,-0.5239859819412231,-4.6809142832138806e-9,0.8517268896102905]}},{"t":1.1857142857142835,"j":false,"c":{"p":[216.70580670096666,312.99432373046875,-165.03390306937206],"r":[0.8517268896102905,4.50173753571673e-8,0.5239859819412231,-4.092563996661049e-8,1,-1.9389654770695647e-8,-0.5239859819412231,-4.929771265729462e-9,0.8517268896102905]}},{"t":1.1999999999999977,"j":false,"c":{"p":[216.52508523076892,312.99432373046875,-165.32766755587275],"r":[0.8517268896102905,4.7059605320855136e-8,0.5239859819412231,-4.2358570891556524e-8,1,-2.0957948713524013e-8,-0.5239859819412231,-4.344848857082901e-9,0.8517268896102905]}},{"t":1.214285714285712,"j":false,"c":{"p":[216.34326985903064,312.99432373046875,-165.62321018984005],"r":[0.8517268896102905,3.3682418112636e-8,0.5239859819412231,-3.001443411523475e-8,1,-1.5493386403847938e-8,-0.5239859819412231,-2.531008878013374e-9,0.8517268896102905]}},{"t":1.2285714285714262,"j":false,"c":{"p":[216.161425400705,312.99432373046875,-165.9188001043343],"r":[0.8517268896102905,2.030523090441374e-8,0.5239859819412231,-1.7670297338910195e-8,1,-1.0028824094170437e-8,-0.5239859819412231,-7.171688989435973e-10,0.8517268896102905]}},{"t":1.2428571428571404,"j":false,"c":{"p":[215.9793895968417,312.99432373046875,-166.21470105283902],"r":[0.8517268896102905,6.92804369619149e-9,0.5239859819412231,-5.326160562585639e-9,1,-4.564261784492936e-9,-0.5239859819412231,1.096671080126179e-9,0.8517268896102905]}},{"t":1.2571428571428547,"j":false,"c":{"p":[215.79878774037502,312.99432373046875,-166.50827110607054],"r":[0.8517268896102905,-1.766675020699356e-8,0.5239859819412231,1.7369308196593416e-8,1,5.482672986203079e-9,-0.5239859819412231,4.431534034599848e-9,0.8517268896102905]}},{"t":1.271428571428569,"j":false,"c":{"p":[215.6198527389105,312.99432373046875,-166.7991316704779],"r":[0.8517268896102905,-4.591072130308219e-8,0.5239859819412231,4.34321501592223e-8,1,1.7020286724645125e-8,-0.5239859819412231,8.261201937682901e-9,0.8517268896102905]}},{"t":1.2857142857142831,"j":false,"c":{"p":[215.44112998195368,312.99432373046875,-167.0896472293984],"r":[0.8517268896102905,-5.9017833395020494e-8,0.5239859819412231,5.552707456301237e-8,1,2.2374513476529176e-8,-0.5239859819412231,1.0038433787172612e-8,0.8517268896102905]}},{"t":1.2999999999999974,"j":false,"c":{"p":[215.262361377043,312.99432373046875,-167.38023731460848],"r":[0.8517268896102905,-7.21249454869588e-8,0.5239859819412231,6.762199896680245e-8,1,2.7728740228413223e-8,-0.5239859819412231,1.1815665636662321e-8,0.8517268896102905]}},{"t":1.3142857142857116,"j":false,"c":{"p":[215.083197076693,312.99432373046875,-167.67147060655782],"r":[0.8517268896102905,-8.52320575788971e-8,0.5239859819412231,7.971692337059252e-8,1,3.308296698029727e-8,-0.5239859819412231,1.359289748615203e-8,0.8517268896102905]}},{"t":1.3285714285714258,"j":false,"c":{"p":[214.90985629551756,312.99432373046875,-167.95323771212605],"r":[0.8517268896102905,-9.344045791299247e-8,0.5239859819412231,8.712178943787555e-8,1,3.671183641374252e-8,-0.5239859819412231,1.4382137748113566e-8,0.8517268896102905]}},{"t":1.34285714285714,"j":false,"c":{"p":[214.7388577783416,312.99432373046875,-168.23119744505433],"r":[0.8517268896102905,-8.0993119213678e-8,0.5239859819412231,7.539904719210126e-8,1,3.2011779304699815e-8,-0.5239859819412231,1.224275022188061e-8,0.8517268896102905]}},{"t":1.3571428571428543,"j":false,"c":{"p":[214.56832863187194,312.99432373046875,-168.50839421138915],"r":[0.8517268896102905,-5.8707782173434657e-8,0.5239859819412231,5.458150662344142e-8,1,2.3319794656253632e-8,-0.5239859819412231,8.737847960302126e-9,0.8517268896102905]}},{"t":1.3714285714285686,"j":false,"c":{"p":[214.397489364185,312.99432373046875,-168.7860950827428],"r":[0.8517268899821215,-2.5382554335798208e-8,0.523985981197561,2.345326994173482e-8,1,1.031854639199701e-8,-0.523985981197561,3.5006012699900967e-9,0.8517268899821215]}},{"t":1.3857142857142828,"j":false,"c":{"p":[214.22314913381157,312.99432373046875,-169.0694868025869],"r":[0.8517268924456486,2.1676430004071793e-8,0.5239859762705071,-2.0492545353493746e-8,1,-8.058189477925561e-9,-0.5239859762705071,-3.874429293715244e-9,0.8517268924456486]}},{"t":1.399999999999997,"j":false,"c":{"p":[214.03744749318275,312.99432373046875,-169.37134660398164],"r":[0.8517269016493447,2.7005288881017214e-8,0.5239859578631146,-2.5419292585713954e-8,1,-1.0219727218010674e-8,-0.5239859578631146,-4.614934937026254e-9,0.8517269016493447]}},{"t":1.4142857142857113,"j":false,"c":{"p":[213.85251020979834,312.99432373046875,-169.67196393533047],"r":[0.851726910853041,3.233414775796263e-8,0.5239859394557222,-3.0346039817934164e-8,1,-1.2381264958095786e-8,-0.5239859394557222,-5.355440580337264e-9,0.851726910853041]}},{"t":1.4285714285714255,"j":false,"c":{"p":[213.6674385651029,312.99432373046875,-169.97269516104922],"r":[0.8517269200567372,3.766300663490805e-8,0.5239859210483299,-3.527278705015438e-8,1,-1.4542802698180899e-8,-0.5239859210483299,-6.095946223648275e-9,0.8517269200567372]}},{"t":1.4428571428571397,"j":false,"c":{"p":[213.48317357274104,312.99432373046875,-170.27274260987915],"r":[0.8519822648205546,4.5910556176036274e-8,0.5235609508901026,-4.285666481325198e-8,1,-1.7962449161775246e-8,-0.5235609508901026,-7.175360935421813e-9,0.8519822648205546]}},{"t":1.457142857142854,"j":false,"c":{"p":[213.3024777958113,312.99432373046875,-170.56976453343404],"r":[0.8529869059820324,4.3882645305795086e-8,0.5218889471164095,-4.0819205512772166e-8,1,-1.743184053493016e-8,-0.5218889471164095,-6.631209721680353e-9,0.8529869059820324]}},{"t":1.4714285714285682,"j":false,"c":{"p":[213.12466867885348,312.99432373046875,-170.86433951511287],"r":[0.8546131757611106,3.0119928692082263e-8,0.5191823856026676,-2.7831843883266188e-8,1,-1.2321922455886754e-8,-0.5191823856026676,-4.294038048191027e-9,0.8546131757611106]}},{"t":1.4857142857142824,"j":false,"c":{"p":[212.94642976657943,312.99432373046875,-171.15926506009484],"r":[0.8562394455401888,1.635721207836944e-8,0.5164758240889256,-1.4844482253760217e-8,1,-7.212004376843346e-9,-0.5164758240889256,-1.956866374701701e-9,0.8562394455401888]}},{"t":1.4999999999999967,"j":false,"c":{"p":[212.76821299929117,312.99432373046875,-171.45419935799967],"r":[0.857865715319267,2.594495464656618e-9,0.5137692625751836,-1.8571206242542393e-9,1,-2.1020862977999384e-9,-0.5137692625751836,3.8030529878762583e-10,0.857865715319267]}},{"t":1.514285714285711,"j":false,"c":{"p":[212.5908659604817,312.99432373046875,-171.7494774206939],"r":[0.8618496179998412,-3.396080174366075e-8,0.5071389495678009,3.2645888811129706e-8,1,1.144811407173298e-8,-0.5071389495678009,6.575342556627713e-9,0.8618496179998412]}},{"t":1.5285714285714251,"j":false,"c":{"p":[212.41645026433517,312.99432373046875,-172.0459141121066],"r":[0.8625136017799377,-4.9305330858520266e-8,0.5060338973999023,4.7150396571661917e-8,1,1.7068963325243265e-8,-0.5060338973999023,9.13748548057987e-9,0.8625136017799377]}},{"t":1.5428571428571394,"j":false,"c":{"p":[212.24257098308132,312.99432373046875,-172.34256282434768],"r":[0.8625136017799377,-6.040770635468112e-8,0.5060338973999023,5.7655203997217094e-8,1,2.1103942355546377e-8,-0.5060338973999023,1.097304953775323e-8,0.8625136017799377]}},{"t":1.5571428571428536,"j":false,"c":{"p":[212.06857403525962,312.99432373046875,-172.63918669227164],"r":[0.8625136017799377,-7.151008185084197e-8,0.5060338973999023,6.816001142277227e-8,1,2.513892138584949e-8,-0.5060338973999023,1.2808613594926589e-8,0.8625136017799377]}},{"t":1.5714285714285678,"j":false,"c":{"p":[211.89462386423355,312.99432373046875,-172.93573081676215],"r":[0.8625136017799377,-8.548859075379745e-8,0.5060338973999023,8.137204089891642e-8,1,3.02432308909136e-8,-0.5060338973999023,1.5091811612550745e-8,0.8625136017799377]}},{"t":1.585714285714282,"j":false,"c":{"p":[211.72088439770783,312.99432373046875,-173.2319157396421],"r":[0.8625136017799377,-9.733373052043233e-8,0.5060338973999023,9.251799559553525e-8,1,3.4653215725541124e-8,-0.5060338973999023,1.6928370248957823e-8,0.8625136017799377]}},{"t":1.5999999999999963,"j":false,"c":{"p":[211.5475558814376,312.99432373046875,-173.52740008900153],"r":[0.8625136017799377,-6.975069053743424e-8,0.5060338973999023,6.626135588855857e-8,1,2.4898272460345443e-8,-0.5060338973999023,1.2055392374757735e-8,0.8625136017799377]}},{"t":1.6142857142857105,"j":false,"c":{"p":[211.37419911790855,312.99432373046875,-173.82293259329256],"r":[0.8625136017799377,-4.2167650554436174e-8,0.5060338973999023,4.0004716181581916e-8,1,1.514332919514976e-8,-0.5060338973999023,7.18241450055765e-9,0.8625136017799377]}},{"t":1.6285714285714248,"j":false,"c":{"p":[211.20064792804703,312.99432373046875,-174.11879654874713],"r":[0.8625136017799377,-1.4584610571438085e-8,0.5060338973999023,1.3748076474605236e-8,1,5.388385929954075e-9,-0.5060338973999023,2.309436626357562e-9,0.8625136017799377]}},{"t":1.642857142857139,"j":false,"c":{"p":[211.02835137200537,312.99432373046875,-174.4125216486578],"r":[0.8625136017799377,3.853644788636347e-8,0.5060338973999023,-3.681324222456439e-8,1,-1.340726194922855e-8,-0.5060338973999023,-7.0648014593885805e-9,0.8625136017799377]}},{"t":1.6571428571428533,"j":false,"c":{"p":[210.86059707189906,312.99432373046875,-174.69850327064242],"r":[0.8625136017799377,6.824950246546485e-8,0.5060338973999023,-6.507855074658566e-8,1,-2.3947745994353383e-8,-0.5060338973999023,-1.2276694294563524e-8,0.8625136017799377]}},{"t":1.6714285714285675,"j":false,"c":{"p":[210.69639734195857,312.99432373046875,-174.97842518661147],"r":[0.8625136017799377,6.178554392842347e-8,0.5060338973999023,-5.889550959532319e-8,1,-2.171271389841251e-8,-0.5060338973999023,-1.107561177338701e-8,0.8625136017799377]}},{"t":1.6857142857142817,"j":false,"c":{"p":[210.53173860646618,312.99432373046875,-175.25912959907788],"r":[0.8625136017799377,5.532158539138209e-8,0.5060338973999023,-5.271246844406073e-8,1,-1.9477681802471634e-8,-0.5060338973999023,-9.874529252210497e-9,0.8625136017799377]}},{"t":1.699999999999996,"j":false,"c":{"p":[210.36696081341086,312.99432373046875,-175.54003697668392],"r":[0.8625136017799377,4.885762685434071e-8,0.5060338973999023,-4.652942729279827e-8,1,-1.7242649706530763e-8,-0.5060338973999023,-8.673446731033985e-9,0.8625136017799377]}},{"t":1.7142857142857102,"j":false,"c":{"p":[210.19724415470202,312.99432373046875,-175.82936395849362],"r":[0.8625136017799377,2.8380091135141227e-8,0.5060338973999023,-2.695240689085601e-8,1,-1.0144132100092805e-8,-0.5060338973999023,-4.889379424747038e-9,0.8625136017799377]}},{"t":1.7285714285714244,"j":false,"c":{"p":[210.0157268725573,312.99432373046875,-176.13880822748158],"r":[0.8625136017799377,1.1457980099711282e-8,0.5060338973999023,-1.0795451148420369e-8,1,-4.242320397697183e-9,-0.5060338973999023,-1.8038048741231598e-9,0.8625136017799377]}},{"t":1.7428571428571387,"j":false,"c":{"p":[209.83207074332861,312.99432373046875,-176.45189872764138],"r":[0.8625136017799377,-4.753045998963157e-9,0.5060338973999023,4.6774916621124056e-9,1,1.4201501238894231e-9,-0.5060338973999023,1.1420711253677967e-9,0.8625136017799377]}},{"t":1.757142857142853,"j":false,"c":{"p":[209.6486980007227,312.99432373046875,-176.76450612026835],"r":[0.8625136017799377,-2.0964072097637592e-8,0.5060338973999023,2.015043447264518e-8,1,7.0826206454760304e-9,-0.5060338973999023,4.087947124858753e-9,0.8625136017799377]}},{"t":1.7714285714285671,"j":false,"c":{"p":[209.46601986197518,312.99432373046875,-177.07592937670375],"r":[0.8625136017799377,-4.4101492223898995e-8,0.5060338973999023,4.2232153929996294e-8,1,1.5168316415229747e-8,-0.5060338973999023,8.288023495198928e-9,0.8625136017799377]}},{"t":1.7857142857142814,"j":false,"c":{"p":[209.28623016179972,312.99432373046875,-177.38242852480144],"r":[0.8625136017799377,-7.35216711427445e-8,0.5060338973999023,7.030330841918641e-8,1,2.546095825651183e-8,-0.5060338973999023,1.3615436061602954e-8,0.8625136017799377]}},{"t":1.7999999999999956,"j":false,"c":{"p":[209.11164465529964,312.99432373046875,-177.68005574682945],"r":[0.8625136017799377,-6.50917037485228e-8,0.5060338973999023,6.223387159927549e-8,1,2.2556077973723435e-8,-0.5060338973999023,1.2037525899812612e-8,0.8625136017799377]}},{"t":1.8142857142857098,"j":false,"c":{"p":[208.9366998603389,312.99432373046875,-177.97829547117001],"r":[0.8625136017799377,-5.666173635430108e-8,0.5060338973999023,5.416443477936456e-8,1,1.9651197690935044e-8,-0.5060338973999023,1.0459615738022267e-8,0.8625136017799377]}},{"t":1.828571428571424,"j":false,"c":{"p":[208.76165672164873,312.99432373046875,-178.27670284843632],"r":[0.8625136017799377,-4.8231768960079364e-8,0.5060338973999023,4.6094997959453634e-8,1,1.6746317408146652e-8,-0.5060338973999023,8.881705576231926e-9,0.8625136017799377]}},{"t":1.8428571428571383,"j":false,"c":{"p":[208.58731420682682,312.99432373046875,-178.5739158268105],"r":[0.8625136017799377,-2.869527885200864e-8,0.5060338973999023,2.7398921651652735e-8,1,1.0005920623893696e-8,-0.5060338973999023,5.2345405027830584e-9,0.8625136017799377]}},{"t":1.8571428571428525,"j":false,"c":{"p":[208.41479890113484,312.99432373046875,-178.86801384341982],"r":[0.8625136017799377,-8.349299817399012e-9,0.5060338973999023,7.938030329559851e-9,1,2.969444201267413e-9,-0.5060338973999023,1.4557261958494254e-9,0.8625136017799377]}},{"t":1.8714285714285668,"j":false,"c":{"p":[208.24361121842804,312.99432373046875,-179.1598485751272],"r":[0.8625136017799377,7.252906786816141e-9,0.5060338973999023,-6.974356262871524e-9,1,-2.4453536089968613e-9,-0.5060338973999023,-1.420109888738042e-9,0.8625136017799377]}},{"t":1.885714285714281,"j":false,"c":{"p":[208.07222677869817,312.99432373046875,-179.45201873127704],"r":[0.8625136017799377,2.2855113391031296e-8,0.5060338973999023,-2.18867428553029e-8,1,-7.860151419261136e-9,-0.5060338973999023,-4.29594597332551e-9,0.8625136017799377]}},{"t":1.8999999999999952,"j":false,"c":{"p":[207.90084331112797,312.99432373046875,-179.74418723012326],"r":[0.8625136017799377,3.8457319995246445e-8,0.5060338973999023,-3.679912944773427e-8,1,-1.327494922952541e-8,-0.5060338973999023,-7.171782057912977e-9,0.8625136017799377]}},{"t":1.9142857142857095,"j":false,"c":{"p":[207.72949885229514,312.99432373046875,-180.03628922824825],"r":[0.8625136017799377,7.222353001520598e-8,0.5060338973999023,-6.906772410561508e-8,1,-2.5001654223008565e-8,-0.5060338973999023,-1.3386341612887058e-8,0.8625136017799377]}},{"t":1.9285714285714237,"j":false,"c":{"p":[207.55827061484484,312.99432373046875,-180.3281930962539],"r":[0.8625136017799377,6.394061038528272e-8,0.5060338973999023,-6.113600285921919e-8,1,-2.2152630690211568e-8,-0.5060338973999023,-1.1829943358223768e-8,0.8625136017799377]}},{"t":1.942857142857138,"j":false,"c":{"p":[207.38706358028276,312.99432373046875,-180.6200608183224],"r":[0.8625136017799377,4.724786482536996e-8,0.5060338973999023,-4.5164218431955585e-8,1,-1.6388461452154044e-8,-0.5060338973999023,-8.71935354163061e-9,0.8625136017799377]}},{"t":1.9571428571428522,"j":false,"c":{"p":[207.21585229298188,312.99432373046875,-180.9119357903103],"r":[0.8625136017799377,3.0555119265457194e-8,0.5060338973999023,-2.9192434004691967e-8,1,-1.0624292214096524e-8,-0.5060338973999023,-5.60876372503745e-9,0.8625136017799377]}},{"t":1.9714285714285664,"j":false,"c":{"p":[207.04473384117352,312.99432373046875,-181.2036524996205],"r":[0.8625136017799377,1.386237370554442e-8,0.5060338973999023,-1.3220649577428351e-8,1,-4.860122976039003e-9,-0.5060338973999023,-2.498173908444291e-9,0.8625136017799377]}},{"t":1.9857142857142807,"j":false,"c":{"p":[206.87315296051966,312.99432373046875,-181.49615754133833],"r":[0.8625136017799377,-6.713150654150754e-9,0.5060338973999023,6.465744007672766e-9,1,2.245612668767823e-9,-0.5060338973999023,1.3350147389629884e-9,0.8625136017799377]}},{"t":1.999999999999995,"j":false,"c":{"p":[206.6990341736853,312.99432373046875,-181.79298911611966],"r":[0.8625136017799377,-4.670256901278614e-8,0.5060338973999023,4.4725183381988394e-8,1,1.6059180347330912e-8,-0.5060338973999023,8.781197540446129e-9,0.8625136017799377]}},{"t":2.0142857142857093,"j":false,"c":{"p":[206.52402340276188,312.99432373046875,-182.09134131395726],"r":[0.8625136017799377,-5.0379371772747615e-8,0.5060338973999023,4.823923016637618e-8,1,1.7335557203302295e-8,-0.5060338973999023,9.458531785994367e-9,0.8625136017799377]}},{"t":2.0285714285714236,"j":false,"c":{"p":[206.34899056750572,312.99432373046875,-182.38973112629236],"r":[0.8625136017799377,-5.405617453270171e-8,0.5060338973999023,5.1753276950756885e-8,1,1.861193405927113e-8,-0.5060338973999023,1.013586603154123e-8,0.8625136017799377]}},{"t":2.042857142857138,"j":false,"c":{"p":[206.1734116149248,312.99432373046875,-182.68855434292212],"r":[0.8625136017799377,-5.7732977292655793e-8,0.5060338973999023,5.5267323735137594e-8,1,1.988831091523996e-8,-0.5060338973999023,1.0813200277088091e-8,0.8625136017799377]}},{"t":2.057142857142852,"j":false,"c":{"p":[206.0016641942013,312.99432373046875,-182.98426768875038],"r":[0.8630868205580922,-5.384013226759236e-8,0.5050329999554692,5.147831214663932e-8,1,1.870060958598899e-8,-0.5050329999554692,1.003667583207664e-8,0.8630868205580922]}},{"t":2.0714285714285663,"j":false,"c":{"p":[205.83472308866712,312.99432373046875,-183.2760799788585],"r":[0.864359607468712,-3.7938073336969366e-8,0.5028105864290862,3.612810054483049e-8,1,1