{"d":[{"t":0.06254792213439942,"c":{"r":[-0.7193398475646973,2.2627199669500443e-8,-0.6946583390235901,6.060529500473422e-8,1,-3.018549321609498e-8,0.6946583390235901,-6.381360151408444e-8,-0.7193398475646973],"p":[257.05877685546877,430.2543640136719,491.64703369140627]},"j":false},{"t":0.12795424461364747,"c":{"r":[-0.71933913230896,-1.7762378234920108e-8,-0.6946590542793274,-4.7524132185117199e-8,1,2.3642661162170954e-8,0.6946590542793274,5.0020162234432067e-8,-0.71933913230896],"p":[257.57769775390627,430.2543640136719,492.18438720703127]},"j":false},{"t":0.19313764572143556,"c":{"r":[-0.7193397879600525,-1.363037682722279e-8,-0.6946583390235901,-3.648975521741704e-8,1,1.8164548976074003e-8,0.6946583390235901,3.8414398773056749e-8,-0.7193397879600525],"p":[258.6885986328125,430.2543640136719,493.3348083496094]},"j":false},{"t":0.26155591011047366,"c":{"r":[-0.7193397879600525,3.7478905312582358e-8,-0.6946583390235901,1.0028262664718568e-7,1,-4.989269442035038e-8,0.6946583390235901,-1.0555196183759108e-7,-0.7193397879600525],"p":[259.7999267578125,430.2543640136719,494.4856872558594]},"j":false},{"t":0.32619476318359377,"c":{"r":[-0.7193401455879211,-5.572581951440725e-9,-0.6946579813957214,-1.4899709910309867e-8,1,7.40706607160746e-9,0.6946579813957214,1.5678402576213558e-8,-0.7193401455879211],"p":[260.9111022949219,430.0117492675781,495.6363830566406]},"j":false},{"t":0.3938632011413574,"c":{"r":[-0.6996638774871826,-2.5289557115115714e-8,-0.7144721746444702,-7.250746847375922e-8,1,3.560852235295897e-8,0.7144721746444702,7.671856394608767e-8,-0.6996638774871826],"p":[262.0946960449219,428.7901916503906,496.8498840332031]},"j":false},{"t":0.46085166931152346,"c":{"r":[-0.6534202694892883,2.3899362489032684e-8,-0.7569953203201294,6.485098680286683e-8,1,-2.4406475063187828e-8,0.7569953203201294,-6.503957905579228e-8,-0.6534202694892883],"p":[263.2014465332031,428.7746887207031,497.85760498046877]},"j":false},{"t":0.5269815921783447,"c":{"r":[-0.621147632598877,2.8982480859696126e-9,-0.7836936116218567,1.7391258211318929e-8,1,-1.0085944524007573e-8,0.7836936116218567,-1.9894278224796836e-8,-0.621147632598877],"p":[264.4114074707031,428.8852233886719,498.8899841308594]},"j":false},{"t":0.5870864391326904,"c":{"r":[-0.4817533493041992,-2.8542668673026129e-8,-0.8763068914413452,-9.04325077044632e-8,1,1.7144101249755296e-8,0.8763068914413452,8.750585323014093e-8,-0.4817533493041992],"p":[265.6185302734375,428.9787902832031,499.7769775390625]},"j":false},{"t":0.6482336521148682,"c":{"r":[-0.2283501923084259,-1.8419324954166428e-9,-0.9735790491104126,-1.6298027816219475e-8,1,1.9307371257326624e-9,0.9735790491104126,1.6308302264178566e-8,-0.2283501923084259],"p":[266.9145812988281,428.9925537109375,500.2916564941406]},"j":false},{"t":0.7150352001190186,"c":{"r":[-0.15988068282604218,9.671336620442617e-9,-0.9871363639831543,8.06914570716799e-8,1,-3.271754644984526e-9,0.9871363639831543,-8.017656227821135e-8,-0.15988068282604218],"p":[268.48663330078127,428.9806213378906,500.5851135253906]},"j":false},{"t":0.7802367210388184,"c":{"r":[-0.13917313516139985,-3.085913524714101e-9,-0.9902680516242981,-3.4130941628518488e-8,1,1.680551697802457e-9,0.9902680516242981,3.4032670015449187e-8,-0.13917313516139985],"p":[270.0644226074219,428.90570068359377,500.8395690917969]},"j":false},{"t":0.8429286479949951,"c":{"r":[-0.12533362209796906,-9.230284092609509e-9,-0.9921146631240845,-8.881100654889451e-8,1,1.915828162779576e-9,0.9921146631240845,8.835082354607948e-8,-0.12533362209796906],"p":[271.5465087890625,428.7848205566406,501.03277587890627]},"j":false},{"t":0.9037485122680664,"c":{"r":[-0.12533338367938996,5.001369096646613e-9,-0.9921146631240845,5.6776922718881909e-8,1,-2.1314825460194699e-9,0.9921146631240845,-5.659636670429791e-8,-0.12533338367938996],"p":[272.9324645996094,428.7177734375,501.2079162597656]},"j":false},{"t":0.9699888229370117,"c":{"r":[-0.11840465664863587,2.810957910881484e-9,-0.9929654002189636,3.00206366432576e-8,1,-7.488937248112393e-10,0.9929654002189636,-2.9898128417471528e-8,-0.11840465664863587],"p":[274.5177001953125,428.77166748046877,501.4081115722656]},"j":false},{"t":1.0354492664337159,"c":{"r":[-0.027921847999095918,-5.023890192745739e-9,-0.9996101260185242,-8.406446028175196e-8,1,-2.6776989514587514e-9,0.9996101260185242,8.395691963869467e-8,-0.027921847999095918],"p":[276.1107177734375,428.8296203613281,501.54541015625]},"j":false},{"t":1.101508617401123,"c":{"r":[1.4901161193847657e-8,-2.1423378626650448e-9,-1,-5.320909934880547e-9,1,-2.1423378626650448e-9,1,5.320909934880547e-9,1.4901161193847657e-8],"p":[277.71038818359377,428.8286437988281,501.556396484375]},"j":false},{"t":1.1719563007354737,"c":{"r":[1.4901161193847657e-8,1.4423520156015002e-9,-1,7.280204528115064e-8,1,1.4423531258245248e-9,1,-7.280204528115064e-8,1.4901161193847657e-8],"p":[279.3102722167969,428.823974609375,501.556396484375]},"j":false},{"t":1.231994867324829,"c":{"r":[1.4901161193847657e-8,1.7732982859897107e-9,-1,-3.442348983639931e-8,1,1.7732977308781984e-9,1,3.442348983639931e-8,1.4901161193847657e-8],"p":[280.8101806640625,428.84088134765627,501.556396484375]},"j":false},{"t":1.2933039665222169,"c":{"r":[1.4901161193847657e-8,1.3331201698107976e-9,-1,-8.868371992321045e-8,1,1.333118837543168e-9,1,8.868371992321045e-8,1.4901161193847657e-8],"p":[282.3102722167969,428.83660888671877,501.556396484375]},"j":false},{"t":1.3614835739135743,"c":{"r":[1.4901161193847657e-8,-2.6486810522641237e-9,-1,8.815312213528159e-8,1,-2.648679719996494e-9,1,-8.815312213528159e-8,1.4901161193847657e-8],"p":[284.00823974609377,428.7713623046875,501.556396484375]},"j":false},{"t":1.4275262355804444,"c":{"r":[1.4901161193847657e-8,3.1160091867876719e-11,-1,1.5649737505896156e-8,1,3.1160324320822499e-11,1,-1.5649737505896156e-8,1.4901161193847657e-8],"p":[285.5010681152344,428.62518310546877,501.556396484375]},"j":false},{"t":1.4959466457366944,"c":{"r":[1.4901161193847657e-8,4.1337462342028179e-9,-1,-1.0592280119681164e-7,1,4.133744901935188e-9,1,1.0592280119681164e-7,1.4901161193847657e-8],"p":[287.1971435546875,428.51348876953127,501.556396484375]},"j":false},{"t":1.5735478401184083,"c":{"r":[1.4901161193847657e-8,-2.10147810264516e-9,-1,4.6672607112441258e-8,1,-2.1014774365113455e-9,1,-4.6672607112441258e-8,1.4901161193847657e-8],"p":[288.9959411621094,428.55633544921877,501.556396484375]},"j":false},{"t":1.635481595993042,"c":{"r":[1.4901161193847657e-8,-1.7666635931945507e-9,-1,4.440323664312018e-8,1,-1.766662927060736e-9,1,-4.440323664312018e-8,1.4901161193847657e-8],"p":[290.4893798828125,428.6274108886719,501.556396484375]},"j":false},{"t":1.7023484706878663,"c":{"r":[0.041875410825014117,2.3260342540964986e-9,-0.9991228580474854,-7.040680571890334e-8,1,-6.228260129859109e-10,0.9991228580474854,7.037112936814083e-8,0.041875410825014117],"p":[292.07464599609377,428.80078125,501.5146484375]},"j":false},{"t":1.7683804035186768,"c":{"r":[0.06975597888231278,2.5812290083138125e-9,-0.9975640773773193,-2.6338920378066179e-8,1,7.457484629824762e-10,0.9975640773773193,2.6222739535342045e-8,0.06975597888231278],"p":[293.6684265136719,428.9603576660156,501.4391784667969]},"j":false},{"t":1.8357832431793213,"c":{"r":[0.08367794007062912,-3.3955422917841817e-9,-0.996492862701416,8.769993087298644e-8,1,3.956884153666351e-9,0.996492862701416,-8.772345694296746e-8,0.08367794007062912],"p":[295.2599182128906,428.8907165527344,501.3194885253906]},"j":false},{"t":1.9020164012908936,"c":{"r":[0.18738046288490296,-3.211386712109743e-9,-0.9822874069213867,-2.6847180478739575e-8,1,-8.390643735367576e-9,0.9822874069213867,2.7943890756887414e-8,0.18738046288490296],"p":[296.8390197753906,428.7287902832031,501.1248779296875]},"j":false},{"t":1.9685373306274415,"c":{"r":[0.28234076499938967,5.03274222296568e-9,-0.9593141674995422,-8.731715439580512e-8,1,-2.0452581850349817e-8,0.9593141674995422,8.953918495535618e-8,0.28234076499938967],"p":[298.3896484375,428.5965270996094,500.75616455078127]},"j":false},{"t":2.0350396633148195,"c":{"r":[0.32886624336242678,-1.041589925421249e-9,-0.944376528263092,7.512899458106404e-8,1,2.5059707198238358e-8,0.944376528263092,-7.919135214251583e-8,0.32886624336242678],"p":[299.91162109375,428.531494140625,500.2713928222656]},"j":false},{"t":2.0975241661071779,"c":{"r":[0.32886773347854617,-2.1009816109085479e-9,-0.9443759918212891,2.2320339354564568e-8,1,5.548063786164903e-9,0.9443759918212891,-2.2903371643678839e-8,0.32886773347854617],"p":[301.3207092285156,428.6040954589844,499.78076171875]},"j":false},{"t":2.1597697734832765,"c":{"r":[0.3090171217918396,-2.3988215858139485e-9,-0.9510564804077148,-8.154479047561836e-8,1,-2.9017790836860514e-8,0.9510564804077148,8.652069283243691e-8,0.3090171217918396],"p":[302.69171142578127,428.8397216796875,499.31317138671877]},"j":false},{"t":2.2239389419555666,"c":{"r":[0.30901724100112917,6.383973349954886e-10,-0.9510564208030701,-1.5495018601541234e-8,1,-4.363390981865223e-9,0.9510564208030701,1.6084999998611239e-8,0.30901724100112917],"p":[303.88763427734377,429.4744873046875,498.924560546875]},"j":false},{"t":2.286663055419922,"c":{"r":[0.3090178370475769,2.600203607983076e-9,-0.9510562419891357,7.748463559664742e-8,1,2.7910378008755289e-8,0.9510562419891357,-8.231705095340658e-8,0.3090178370475769],"p":[305.1911926269531,430.33953857421877,498.5039978027344]},"j":false},{"t":2.3508660793304445,"c":{"r":[0.2957073152065277,-2.282552369337054e-9,-0.9552785754203796,-2.619559325012233e-8,1,-1.0498278690818097e-8,0.9552785754203796,2.812850752320628e-8,0.2957073152065277],"p":[306.5592346191406,430.9190979003906,498.0523681640625]},"j":false},{"t":2.416309356689453,"c":{"r":[0.10452813655138016,-1.4000253401036389e-8,-0.9945219159126282,-8.815163710096385e-8,1,-2.3342451527241793e-8,0.9945219159126282,9.010867785264054e-8,0.10452813655138016],"p":[308.0491638183594,431.3701171875,497.7094421386719]},"j":false},{"t":2.477407455444336,"c":{"r":[0.09063214808702469,1.8503898857602509e-8,-0.9958844184875488,5.49132295191157e-8,1,2.3577840124744399e-8,0.9958844184875488,-5.6824141836386846e-8,0.09063214808702469],"p":[309.416259765625,431.7337951660156,497.5782775878906]},"j":false},{"t":2.5467634201049806,"c":{"r":[0.12533284723758698,1.1514735831497092e-9,-0.9921147227287293,2.326942372121721e-8,1,4.100228157000174e-9,0.9921147227287293,-2.3599831422416174e-8,0.12533284723758698],"p":[311.1081237792969,431.8468017578125,497.420166015625]},"j":false},{"t":2.6145966053009035,"c":{"r":[0.18051977455615998,-3.584650087873342e-8,-0.9835713505744934,-8.290859909720894e-8,1,-5.1661874778119457e-8,0.9835713505744934,9.087251129358265e-8,0.18051977455615998],"p":[312.64599609375,431.4895324707031,497.173583984375]},"j":false},{"t":2.6823625564575197,"c":{"r":[0.18051977455615998,7.325859030515858e-9,-0.9835713505744934,9.453844818096968e-9,1,9.18333498134416e-9,0.9835713505744934,-1.0956304308251675e-8,0.18051977455615998],"p":[314.1090393066406,430.8763427734375,496.9049987792969]},"j":false},{"t":2.7093944549560549,"c":{"r":[0.18051977455615998,2.6540657671603186e-8,-0.9835713505744934,5.249815515639966e-8,1,3.661921610387253e-8,0.9835713505744934,-5.8246175882459286e-8,0.18051977455615998],"p":[314.56640625,430.69244384765627,496.821044921875]},"j":true},{"t":2.7176854610443117,"c":{"r":[0.18051977455615998,3.8059695839365307e-8,-0.9835713505744934,7.830268344832803e-8,1,5.306669237370443e-8,0.9835713505744934,-8.659586114845297e-8,0.18051977455615998],"p":[314.841064453125,431.3466491699219,496.7705993652344]},"j":true},{"t":2.726867914199829,"c":{"r":[0.18051977455615998,4.189773505913763e-8,-0.9835713505744934,8.690051345183747e-8,1,5.854684204109617e-8,0.9835713505744934,-9.604172390709209e-8,0.18051977455615998],"p":[314.93505859375,431.5578918457031,496.75335693359377]},"j":true},{"t":2.7481887340545656,"c":{"r":[0.15376026928424836,5.81535495314256e-8,-0.9881081581115723,1.1899309271257153e-7,1,7.737003215879668e-8,0.9881081581115723,-1.294744862434527e-7,0.15376026928424836],"p":[315.620849609375,432.9413146972656,496.6296081542969]},"j":false},{"t":2.792642831802368,"c":{"r":[0.10548008978366852,3.326301367678752e-8,-0.9944214224815369,9.265417588721903e-8,1,4.3277609051983748e-8,0.9944214224815369,-9.670221601254525e-8,0.10548008978366852],"p":[316.61163330078127,434.6280517578125,496.4953308105469]},"j":true},{"t":2.814173698425293,"c":{"r":[0.10455770790576935,1.6173855144074879e-8,-0.9945188164710999,8.9914202305863e-8,1,2.5716031970546284e-8,0.9945188164710999,-9.211017726329374e-8,0.10455770790576935],"p":[317.20831298828127,435.4765930175781,496.43212890625]},"j":false},{"t":2.88004732131958,"c":{"r":[0.10452819615602493,-2.958599765179315e-8,-0.9945219159126282,8.295030795579805e-8,1,-2.1030558627899155e-8,0.9945219159126282,-8.02976174441028e-8,0.10452819615602493],"p":[318.79962158203127,437.139892578125,496.2646484375]},"j":false},{"t":2.9462625980377199,"c":{"r":[0.0704067200422287,-7.14930976641881e-8,-0.9975183606147766,8.293802267189676e-8,1,-6.58170336009789e-8,0.9975183606147766,-7.809823898696777e-8,0.0704067200422287],"p":[320.3917236328125,437.9311828613281,496.10546875]},"j":false},{"t":3.009727716445923,"c":{"r":[0.062792107462883,-1.0772549785542651e-7,-0.9980266094207764,1.1554516277101357e-7,1,-1.0066882794035337e-7,0.9980266094207764,-1.0899594116153821e-7,0.062792107462883],"p":[321.8885192871094,437.8810729980469,496.00885009765627]},"j":false},{"t":3.073190927505493,"c":{"r":[0.049042508006095889,-7.043190208833039e-8,-0.9987967014312744,7.509028421281983e-8,1,-6.68296991079842e-8,0.9987967014312744,-7.172243243758203e-8,0.049042508006095889],"p":[323.4856262207031,436.9828796386719,495.9145202636719]},"j":false},{"t":3.1354422569274904,"c":{"r":[0.035151273012161258,6.988082645875693e-8,-0.9993820190429688,-6.679327668734914e-8,1,6.757471737728338e-8,0.9993820190429688,6.437666399961017e-8,0.035151273012161258],"p":[324.8843688964844,435.4816589355469,495.8541259765625]},"j":false},{"t":3.1992502212524416,"c":{"r":[0.01396462507545948,7.247751199201957e-8,-0.9999024868011475,-5.021097493340676e-8,1,7.178334016089139e-8,0.9999024868011475,4.920365270777438e-8,0.01396462507545948],"p":[326.3838806152344,433.1323547363281,495.8251647949219]},"j":false},{"t":3.2419862747192385,"c":{"r":[0.013962100259959698,4.246216889214338e-8,-0.9999025464057922,-8.414374974563544e-9,1,4.234881600950757e-8,0.9999025464057922,7.822276160140973e-9,0.013962100259959698],"p":[327.20660400390627,432.0910339355469,495.8136291503906]},"j":true},{"t":3.261897563934326,"c":{"r":[0.013962107710540295,1.915688407905236e-8,-0.9999025464057922,2.403869459044472e-8,1,1.949441497117732e-8,0.9999025464057922,-2.4308533852490656e-8,0.013962107710540295],"p":[327.74578857421877,432.24676513671877,495.8061218261719]},"j":false},{"t":3.2766098976135256,"c":{"r":[0.013962107710540295,1.2504626667464436e-8,-0.9999025464057922,3.3302100632681689e-8,1,1.2970858165317623e-8,0.9999025464057922,-3.347995303215612e-8,0.013962107710540295],"p":[327.88409423828127,432.2645263671875,495.80419921875]},"j":true},{"t":3.2855608463287355,"c":{"r":[0.013962107710540295,5.855209206373502e-9,-0.9999025464057922,4.256155250459415e-8,1,6.450086686982104e-9,0.9999025464057922,-4.264746067406122e-8,0.013962107710540295],"p":[328.0198974609375,432.7040710449219,495.80230712890627]},"j":true},{"t":3.2940566539764406,"c":{"r":[0.013962111435830593,-7.913689703542559e-10,-0.9999025464057922,5.181705375889578e-8,1,-6.790015771862557e-11,0.9999025464057922,-5.181105322549229e-8,0.013962111435830593],"p":[328.1631774902344,433.1299743652344,495.8003234863281]},"j":true},{"t":3.323615312576294,"c":{"r":[0.013962139375507832,-2.7349317477387559e-8,-0.9999025464057922,8.879957391627613e-8,1,-2.6112029871683263e-8,0.9999025464057922,-8.842633292260871e-8,0.013962139375507832],"p":[328.8355407714844,434.6973876953125,495.79095458984377]},"j":false},{"t":3.355982780456543,"c":{"r":[0.01396216545253992,-5.055033369671946e-8,-0.9999025464057922,1.2110751868021908e-7,1,-4.88641731521966e-8,0.9999025464057922,-1.2041347474678333e-7,0.01396216545253992],"p":[329.52703857421877,435.8900451660156,495.78125]},"j":true},{"t":3.386195659637451,"c":{"r":[0.007232716307044029,-7.597534334990996e-8,-0.9999738335609436,1.5801529684722483e-7,1,-7.483442487909997e-8,0.9999738335609436,-1.574699126649648e-7,0.007232716307044029],"p":[330.32684326171877,437.0486755371094,495.77001953125]},"j":false},{"t":3.447828531265259,"c":{"r":[-0.013892091810703278,-2.6573676592533958e-9,-0.9999035000801086,-2.5710492068675708e-10,1,-2.654052089212655e-9,0.9999035000801086,2.2020978096559674e-10,-0.013892091810703278],"p":[331.8268737792969,438.6335754394531,495.7718811035156]},"j":false},{"t":3.5087311267852785,"c":{"r":[-0.027731822803616525,6.095026350294575e-8,-0.9996153712272644,-1.3364046935748775e-7,1,6.468123103786638e-8,0.9996153712272644,1.353827911998451e-7,-0.027731822803616525],"p":[333.3265075683594,439.4520568847656,495.79632568359377]},"j":false},{"t":3.569699764251709,"c":{"r":[-0.04186875745654106,2.29530670026179e-8,-0.9991230964660645,-3.886446009460087e-8,1,2.4601845893812425e-8,0.9991230964660645,3.9860431400029486e-8,-0.04186875745654106],"p":[334.7256164550781,439.5245056152344,495.8470458984375]},"j":false},{"t":3.6314377784729006,"c":{"r":[-0.03504113480448723,-1.5464086899896757e-8,-0.9993858933448792,6.463798740696802e-8,1,-1.7739969493391073e-8,0.9993858933448792,-6.521992190755555e-8,-0.03504113480448723],"p":[336.224365234375,438.86126708984377,495.90875244140627]},"j":false},{"t":3.692312240600586,"c":{"r":[0.07532133162021637,-3.457162378595058e-8,-0.9971593022346497,1.331432173401481e-7,1,-2.4613017401975413e-8,0.9971593022346497,-1.3091111839003134e-7,0.07532133162021637],"p":[337.7237243652344,437.431640625,495.91363525390627]},"j":false},{"t":3.769800901412964,"c":{"r":[0.16119496524333955,1.8232272580576138e-8,-0.986922562122345,1.5558295274331614e-7,1,4.388537178101615e-8,0.986922562122345,-1.606224344641305e-7,0.16119496524333955],"p":[339.5113525390625,434.7044372558594,495.7078552246094]},"j":false},{"t":3.827341079711914,"c":{"r":[0.26890382170677187,-1.276264693927942e-8,-0.9631670117378235,5.934440494570481e-8,1,3.3174829550119968e-9,0.9631670117378235,-5.8050659390573858e-8,0.26890382170677187],"p":[340.64361572265627,433.07867431640627,495.4346008300781]},"j":true},{"t":3.832803249359131,"c":{"r":[0.2823348641395569,-1.5880555537250985e-8,-0.9593158960342407,4.292614974588105e-8,1,-3.920509694665952e-9,0.9593158960342407,-4.007284104545761e-8,0.2823348641395569],"p":[340.8089599609375,433.131103515625,495.3885498046875]},"j":false},{"t":3.8343584537506105,"c":{"r":[0.2823348641395569,-1.5880555537250985e-8,-0.9593158960342407,4.292614974588105e-8,1,-3.920509694665952e-9,0.9593158960342407,-4.007284104545761e-8,0.2823348641395569],"p":[340.8089599609375,433.131103515625,495.3885498046875]},"j":true},{"t":3.8438165187835695,"c":{"r":[0.2823362350463867,-1.8187559902571594e-8,-0.9593155384063721,2.6514957340850743e-8,1,-1.1155272261476057e-8,0.9593155384063721,-2.2286672063387415e-8,0.2823362350463867],"p":[340.96624755859377,433.5706481933594,495.3447265625]},"j":true},{"t":3.85252046585083,"c":{"r":[0.3144581913948059,-2.145659827590407e-8,-0.9492713212966919,1.2123237524974684e-8,1,-1.8587254402291366e-8,0.9492713212966919,-5.663327140581487e-9,0.3144581913948059],"p":[341.1305236816406,433.9965515136719,495.29833984375]},"j":true},{"t":3.8988595008850099,"c":{"r":[0.3288542628288269,-4.228260408467577e-8,-0.9443807005882263,-4.081281090861921e-8,1,-5.8984763739999838e-8,0.9443807005882263,5.794021973315466e-8,0.3288542628288269],"p":[342.33154296875,436.4328918457031,494.8958435058594]},"j":false},{"t":3.9613664150238039,"c":{"r":[0.3548375964164734,-6.331145385729542e-8,-0.9349279403686523,-8.776950011224472e-8,1,-1.0102957759272613e-7,0.9349279403686523,1.179072484092103e-7,0.3548375964164734],"p":[343.64947509765627,438.412841796875,494.42340087890627]},"j":false},{"t":4.023343801498413,"c":{"r":[0.36162328720092776,-7.306855565047954e-8,-0.9323242902755737,-1.0195403632451417e-7,1,-1.179176720711439e-7,0.9323242902755737,1.3769600570867625e-7,0.36162328720092776],"p":[345.0487365722656,439.7933349609375,493.88299560546877]},"j":false},{"t":4.087085008621216,"c":{"r":[0.36162376403808596,2.9083299324383917e-8,-0.9323241114616394,4.163597822071097e-8,1,4.734389946747797e-8,0.9323241114616394,-5.5938905063612768e-8,0.36162376403808596],"p":[346.5404357910156,440.421142578125,493.30438232421877]},"j":false},{"t":4.154512405395508,"c":{"r":[0.42407968640327456,3.0578760856769807e-8,-0.9056248664855957,1.1181763426293401e-7,1,8.612655477691078e-8,0.9056248664855957,-1.377893568133004e-7,0.42407968640327456],"p":[347.9362487792969,440.2177429199219,492.75555419921877]},"j":false},{"t":4.233718633651733,"c":{"r":[0.48017698526382449,-7.733807194654219e-8,-0.8771716356277466,1.4003974513343565e-7,1,-1.1507681030309414e-8,0.8771716356277466,-1.1731316362784128e-7,0.48017698526382449],"p":[349.6225280761719,438.85992431640627,491.8811340332031]},"j":false},{"t":4.314217567443848,"c":{"r":[0.4999978542327881,-1.9267547557433319e-8,-0.8660266399383545,-7.781603272860593e-8,1,-6.717506551012775e-8,0.8660266399383545,1.0097814850951181e-7,0.4999978542327881],"p":[351.2823791503906,436.9833679199219,490.95660400390627]},"j":false},{"t":4.3562493324279789,"c":{"r":[0.5984762907028198,-4.147407750565435e-8,-0.801140546798706,7.951626201929685e-8,1,7.632267262636106e-9,0.801140546798706,-6.827143295140559e-8,0.5984762907028198],"p":[352.0621643066406,436.77996826171877,490.50738525390627]},"j":true},{"t":4.377870082855225,"c":{"r":[0.6831920146942139,-1.716335731316576e-7,-0.7302387952804565,3.862782591568248e-7,1,1.2635409518679808e-7,0.7302387952804565,-3.683994691527914e-7,0.6831920146942139],"p":[352.6682434082031,438.2587585449219,490.157470703125]},"j":false},{"t":4.380061149597168,"c":{"r":[0.6831920146942139,-1.716335731316576e-7,-0.7302387952804565,3.862782591568248e-7,1,1.2635409518679808e-7,0.7302387952804565,-3.683994691527914e-7,0.6831920146942139],"p":[352.6682434082031,438.2587585449219,490.157470703125]},"j":true},{"t":4.392147541046143,"c":{"r":[0.7661604881286621,-1.9301856468700863e-7,-0.6426492929458618,3.5035444057029965e-7,1,1.1734110927363872e-7,0.6426492929458618,-3.150571501464583e-7,0.7661604881286621],"p":[352.919189453125,438.8414306640625,489.9954833984375]},"j":true},{"t":4.456308364868164,"c":{"r":[0.9879186749458313,-8.254421004494361e-7,-0.15497301518917085,8.660492198941938e-7,1,1.9451229604783294e-7,0.15497301518917085,-3.2637660751788646e-7,0.9879186749458313],"p":[353.9924011230469,441.43121337890627,488.8657531738281]},"j":false},{"t":4.517003774642944,"c":{"r":[0.9931636452674866,-1.6178373130060209e-7,0.1167302131652832,1.6338400143922628e-7,1,-4.140388476514545e-9,-0.1167302131652832,2.3183932995607394e-8,0.9931636452674866],"p":[354.498046875,443.06719970703127,487.5354309082031]},"j":false},{"t":4.584593772888184,"c":{"r":[0.9795854091644287,9.648223198155392e-8,0.20102831721305848,-7.970207605012547e-8,1,-9.15653828315044e-8,-0.20102831721305848,7.367373910938113e-8,0.9795854091644287],"p":[354.43988037109377,443.9674987792969,485.99273681640627]},"j":false},{"t":4.657682418823242,"c":{"r":[0.9833337664604187,1.5762401517349645e-7,0.18180948495864869,-1.556368687261056e-7,1,-2.5196847275310575e-8,-0.18180948495864869,-3.5193477021522314e-9,0.9833337664604187],"p":[354.0982360839844,443.9685974121094,484.327392578125]},"j":false},{"t":4.718040466308594,"c":{"r":[0.9975119233131409,-8.2660328359907e-8,0.07049790024757385,7.794157141916003e-8,1,6.968551247155119e-8,-0.07049790024757385,-6.401740648698251e-8,0.9975119233131409],"p":[353.9112854003906,443.152099609375,482.84051513671877]},"j":false},{"t":4.787164688110352,"c":{"r":[0.9975784420967102,-9.935929057292015e-8,0.06955033540725708,1.005630423378534e-7,1,-1.3806285004136498e-8,-0.06955033540725708,2.0767044972558325e-8,0.9975784420967102],"p":[353.79815673828127,441.30023193359377,481.1443176269531]},"j":false},{"t":4.856365442276001,"c":{"r":[0.9975640773773193,-7.080186747998596e-8,0.06975603103637696,7.858840689323188e-8,1,-1.0888096824146487e-7,-0.06975603103637696,1.1409775169113345e-7,0.9975640773773193],"p":[353.6864013671875,438.6580505371094,479.5481262207031]},"j":false},{"t":4.920029163360596,"c":{"r":[0.9993909001350403,6.308150801714874e-8,0.034898243844509128,-6.409091213299689e-8,1,2.780554808623492e-8,-0.034898243844509128,-3.002527293460844e-8,0.9993909001350403],"p":[353.5998229980469,437.52362060546877,478.29290771484377]},"j":false},{"t":4.927793741226196,"c":{"r":[0.9993909001350403,6.308150801714874e-8,0.034898243844509128,-6.409091213299689e-8,1,2.780554808623492e-8,-0.034898243844509128,-3.002527293460844e-8,0.9993909001350403],"p":[353.5998229980469,437.52362060546877,478.29290771484377]},"j":true},{"t":4.938026189804077,"c":{"r":[1,9.379928656017e-8,3.761364997245664e-9,-9.379928656017e-8,1,6.526754248170619e-8,-3.761358779996726e-9,-6.526754248170619e-8,1],"p":[353.5865478515625,438.18463134765627,478.08380126953127]},"j":true},{"t":4.9470531940460209,"c":{"r":[0.9988902807235718,1.1324060267270397e-7,-0.047097522765398028,-1.0904182090598624e-7,1,9.171997561452372e-8,0.047097522765398028,-8.648259353094545e-8,0.9988902807235718],"p":[353.57879638671877,438.61053466796877,477.9370422363281]},"j":true},{"t":4.988642930984497,"c":{"r":[0.936799943447113,-1.0510184722534177e-7,-0.34986549615859988,1.3453239944283269e-7,1,5.981753758987907e-8,0.34986549615859988,-1.0310530740298418e-7,0.936799943447113],"p":[353.6213073730469,440.70953369140627,476.983642578125]},"j":false},{"t":5.017563581466675,"c":{"r":[0.8753454089164734,-1.4274930038027379e-7,-0.48349815607070925,1.8446000638050465e-7,1,3.8711444716454937e-8,0.48349815607070925,-1.2307195618177503e-7,0.8753454089164734],"p":[353.7264709472656,441.52734375,476.51727294921877]},"j":true},{"t":5.050738334655762,"c":{"r":[0.7529403567314148,-1.1553265721886419e-7,-0.658088743686676,1.8640653820511944e-7,1,3.771581447153949e-8,0.658088743686676,-1.510697984485887e-7,0.7529403567314148],"p":[354.11444091796877,442.90753173828127,475.6340026855469]},"j":false},{"t":5.118937015533447,"c":{"r":[0.7791144847869873,6.653408490819857e-8,-0.6268816590309143,-1.0879608680625097e-7,1,-2.9081293817512234e-8,0.6268816590309143,9.085992758173234e-8,0.7791144847869873],"p":[355.09600830078127,444.4073181152344,474.3888244628906]},"j":false},{"t":5.186163663864136,"c":{"r":[0.8341776132583618,3.130366010850594e-8,-0.5514959096908569,-4.618626192609554e-8,1,-1.3098712337011876e-8,0.5514959096908569,3.639818757505964e-8,0.8341776132583618],"p":[356.0809631347656,445.0351257324219,473.12811279296877]},"j":false},{"t":5.248423099517822,"c":{"r":[0.8553442358970642,-8.515468152836547e-8,-0.5180600881576538,1.1804898036871237e-7,1,3.05328100580482e-8,0.5180600881576538,-8.727252520657203e-8,0.8553442358970642],"p":[356.8791198730469,444.83172607421877,471.858642578125]},"j":false},{"t":5.310600280761719,"c":{"r":[0.8257002830505371,-8.818579289027184e-8,-0.5641090273857117,1.321754155014787e-7,1,3.714086105333081e-8,0.5641090273857117,-1.0522857252226459e-7,0.8257002830505371],"p":[357.67138671875,443.8619384765625,470.5850830078125]},"j":false},{"t":5.38374924659729,"c":{"r":[0.7939401865005493,-5.171534667169908e-8,-0.607995867729187,8.26763155714616e-8,1,2.290262735016313e-8,0.607995867729187,-6.84501770820134e-8,0.7939401865005493],"p":[358.7041320800781,441.6865539550781,469.1109313964844]},"j":false},{"t":5.457729339599609,"c":{"r":[0.06744953244924545,1.656214898559938e-8,-0.9977226853370667,1.343747157989128e-7,1,2.5684151694349567e-8,0.9977226853370667,-1.3580108770838707e-7,0.06744953244924545],"p":[360.4867248535156,439.6839904785156,467.6996154785156]},"j":true},{"t":5.478482961654663,"c":{"r":[-0.5707095265388489,4.7059143071237488e-7,-0.8211520314216614,6.325075219137943e-7,1,1.3348731897622202e-7,0.8211520314216614,-4.4320239567241517e-7,-0.5707095265388489],"p":[361.4253845214844,441.7454528808594,467.46807861328127]},"j":false},{"t":5.492403030395508,"c":{"r":[-0.5707095265388489,4.7059143071237488e-7,-0.8211520314216614,6.325075219137943e-7,1,1.3348731897622202e-7,0.8211520314216614,-4.4320239567241517e-7,-0.5707095265388489],"p":[361.4253845214844,441.7454528808594,467.46807861328127]},"j":true},{"t":5.546846389770508,"c":{"r":[-0.8266974687576294,2.1691643325993938e-7,-0.5626466870307922,2.2643727959348326e-7,1,5.282410597828857e-8,0.5626466870307922,-8.373462634381213e-8,-0.8266974687576294],"p":[362.8423767089844,444.3352355957031,467.56298828125]},"j":false},{"t":5.608311176300049,"c":{"r":[-0.8290361762046814,-1.4529584291267384e-7,-0.5591949224472046,-1.514503651378618e-7,1,-3.529718028971729e-8,0.5591949224472046,5.5427637590810266e-8,-0.8290361762046814],"p":[363.9552307128906,445.9712219238281,468.1861572265625]},"j":false},{"t":5.679064035415649,"c":{"r":[-0.8290377259254456,-1.981394248673496e-8,-0.5591926574707031,-2.0549029144945054e-8,1,-4.967916744647027e-9,0.5591926574707031,7.372275678818596e-9,-0.8290377259254456],"p":[364.9638366699219,446.8988342285156,469.4641418457031]},"j":false},{"t":5.750692844390869,"c":{"r":[-0.8138523101806641,1.260144983916689e-7,-0.5810717940330505,1.3245241348158744e-7,1,3.135206938509327e-8,0.5810717940330505,-5.144840642401505e-8,-0.8138523101806641],"p":[365.9171142578125,446.842041015625,470.8717346191406]},"j":false},{"t":5.813296794891357,"c":{"r":[-0.8131012320518494,5.861170393473003e-8,-0.582122266292572,6.083679693347222e-8,1,1.571014607293364e-8,0.582122266292572,-2.2640517016725427e-8,-0.8131012320518494],"p":[366.7895812988281,445.97442626953127,472.091796875]},"j":false},{"t":5.875564336776733,"c":{"r":[-0.8090190291404724,-2.2236845254042238e-8,-0.5877824425697327,-2.467244009096703e-8,1,-3.8728118489927969e-9,0.5877824425697327,1.1368848085169248e-8,-0.8090190291404724],"p":[367.66815185546877,444.3404235839844,473.30755615234377]},"j":false},{"t":5.944917440414429,"c":{"r":[-0.8090166449546814,-1.070434620942251e-7,-0.5877857208251953,-1.144901773386664e-7,1,-2.4531058073762325e-8,0.5877857208251953,4.74496566482685e-8,-0.8090166449546814],"p":[368.6049499511719,443.3655090332031,474.59686279296877]},"j":false},{"t":6.00740122795105,"c":{"r":[-0.7660449147224426,4.0552137647864586e-8,-0.6427870392799377,4.075337756148656e-8,1,1.4519924818046093e-8,0.6427870392799377,-1.5072828318807298e-8,-0.7660449147224426],"p":[369.49908447265627,442.8200988769531,475.7845458984375]},"j":false},{"t":6.072526693344116,"c":{"r":[-0.6896199584007263,4.42035563708032e-8,-0.7241714596748352,4.5537564830056e-8,1,1.767529234086851e-8,0.7241714596748352,-2.0787771504160447e-8,-0.6896199584007263],"p":[370.3935852050781,442.8937683105469,476.7447509765625]},"j":false},{"t":6.138720512390137,"c":{"r":[-0.684547483921051,-3.4174426843947006e-8,-0.7289682626724243,-3.8564152760045548e-8,1,-1.066635402224847e-8,0.7289682626724243,2.081041827750596e-8,-0.684547483921051],"p":[371.3072814941406,442.9363708496094,477.6094665527344]},"j":false},{"t":6.199127197265625,"c":{"r":[-0.7046343684196472,-1.0864196298143725e-7,-0.7095705270767212,-1.1732703342204332e-7,1,-3.6598617469962849e-8,0.7095705270767212,5.746316489307901e-8,-0.7046343684196472],"p":[372.19573974609377,443.6830749511719,478.44549560546877]},"j":false},{"t":6.2674782276153568,"c":{"r":[-0.7289682030677795,5.056858398688746e-8,-0.6845476031303406,5.5085457972836596e-8,1,1.5211563564321297e-8,0.6845476031303406,-2.661987075214256e-8,-0.7289682030677795],"p":[373.0456848144531,443.9604187011719,479.3070373535156]},"j":false},{"t":6.335123538970947,"c":{"r":[-0.783692479133606,3.529524761347602e-8,-0.6211490035057068,3.5877622650559718e-8,1,1.1556362089493178e-8,0.6211490035057068,-1.3228715900481803e-8,-0.783692479133606],"p":[373.9719543457031,444.858154296875,480.2532958984375]},"j":false},{"t":6.34105372428894,"c":{"r":[-0.783692479133606,3.529524761347602e-8,-0.6211490035057068,3.5877622650559718e-8,1,1.1556362089493178e-8,0.6211490035057068,-1.3228715900481803e-8,-0.783692479133606],"p":[373.9719543457031,444.858154296875,480.2532958984375]},"j":true},{"t":6.349560022354126,"c":{"r":[-0.7880110144615173,2.5114148982652297e-8,-0.6156611442565918,2.4642776708105886e-8,1,9.250817889494556e-9,0.6156611442565918,-7.881853392177618e-9,-0.7880110144615173],"p":[374.0877380371094,445.2976989746094,480.37158203125]},"j":true},{"t":6.358649969100952,"c":{"r":[-0.7880110144615173,9.713452264747957e-9,-0.6156611442565918,7.799501489103023e-9,1,5.794354773769328e-9,0.6156611442565918,-2.358347406250516e-10,-0.7880110144615173],"p":[374.26416015625,445.93145751953127,480.5635986328125]},"j":true},{"t":6.395595550537109,"c":{"r":[-0.7880110144615173,-4.155096533509095e-8,-0.6156611442565918,-4.8266876717661947e-8,1,-5.7111551043931289e-9,0.6156611442565918,2.5215587839966248e-8,-0.7880110144615173],"p":[374.8748779296875,447.8226013183594,481.32501220703127]},"j":false},{"t":6.457333564758301,"c":{"r":[-0.7880110144615173,-1.131373821294801e-7,-0.6156611442565918,-1.2655891623580829e-7,1,-2.1777495362584888e-8,0.6156611442565918,6.075650560433133e-8,-0.7880110144615173],"p":[375.73663330078127,449.8979187011719,482.42816162109377]},"j":false},{"t":6.525314807891846,"c":{"r":[-0.7880110144615173,-6.050802170420866e-8,-0.6156611442565918,-6.67954935806847e-8,1,-1.278696615258923e-8,0.6156611442565918,3.104712220647343e-8,-0.7880110144615173],"p":[376.7830505371094,451.5203857421875,483.7677001953125]},"j":false},{"t":6.586002588272095,"c":{"r":[-0.7880104184150696,9.48262623978735e-8,-0.6156619191169739,1.06753759610001e-7,1,1.7384845563128694e-8,0.6156619191169739,-5.2024784480408928e-8,-0.7880104184150696],"p":[377.70635986328127,452.1344909667969,484.94964599609377]},"j":false},{"t":6.652728796005249,"c":{"r":[-0.8004963397979736,7.383594180510045e-8,-0.5993376970291138,8.176537136250772e-8,1,1.3987214941835191e-8,0.5993376970291138,-3.7808352004731208e-8,-0.8004963397979736],"p":[378.6215515136719,451.9822082519531,486.1379699707031]},"j":false},{"t":6.718214273452759,"c":{"r":[-0.8211420178413391,6.205699509820306e-9,-0.5707238912582398,2.7733473295654677e-9,1,6.883166037141564e-9,0.5707238912582398,4.069241388293676e-9,-0.8211420178413391],"p":[379.5515441894531,450.9750061035156,487.4397888183594]},"j":false},{"t":6.785031795501709,"c":{"r":[-0.8211492300033569,-5.410759484902883e-8,-0.5707135200500488,-6.737896285358147e-8,1,2.1387098758651747e-9,0.5707135200500488,4.021028487954936e-8,-0.8211492300033569],"p":[380.4646301269531,449.0958251953125,488.7537536621094]},"j":false},{"t":6.846521377563477,"c":{"r":[-0.821149468421936,-1.1046419956528553e-7,-0.570713222026825,-1.329292302898466e-7,1,-2.29439733878678e-9,0.570713222026825,7.39804235649899e-8,-0.821149468421936],"p":[381.3206481933594,446.5421447753906,489.985595703125]},"j":false},{"t":6.9085938930511479,"c":{"r":[-0.7524135708808899,4.332574476961781e-8,-0.6586909890174866,5.273705383501692e-8,1,5.5347189054089089e-9,0.6586909890174866,-3.057302322417854e-8,-0.7524135708808899],"p":[382.18377685546877,445.235107421875,491.1769714355469]},"j":false},{"t":6.951456069946289,"c":{"r":[-0.5154531598091126,5.853636508845739e-8,-0.8569177389144898,9.122875610501069e-8,1,1.3434445556015362e-8,0.8569177389144898,-7.125071022073826e-8,-0.5154531598091126],"p":[382.73345947265627,445.34661865234377,491.74566650390627]},"j":true},{"t":6.9588563442230229,"c":{"r":[-0.3499384820461273,8.849042387737427e-8,-0.9367727041244507,1.6049179407673365e-7,1,3.451015828659365e-8,0.9367727041244507,-1.3826789313498012e-7,-0.3499384820461273],"p":[382.9580383300781,446.0008239746094,491.943603515625]},"j":true},{"t":6.968029975891113,"c":{"r":[-0.22477605938911439,7.803219403967887e-8,-0.9744104743003845,1.669093450118453e-7,1,4.157895716616622e-8,0.9744104743003845,-1.5329226243920858e-7,-0.22477605938911439],"p":[383.111572265625,446.419921875,492.0692138671875]},"j":true},{"t":6.970743894577026,"c":{"r":[-0.07750023901462555,6.34162304891106e-8,-0.9969923496246338,1.9652023297567212e-7,1,4.8331230573239739e-8,0.9969923496246338,-1.921834780205245e-7,-0.07750023901462555],"p":[383.2698059082031,446.8254089355469,492.1860656738281]},"j":false},{"t":7.03325891494751,"c":{"r":[0.47445952892303469,-7.373795796183913e-8,-0.8802773356437683,2.208062710451486e-7,1,3.524534974985727e-8,0.8802773356437683,-2.1109323711243634e-7,0.47445952892303469],"p":[384.5296630859375,449.4321594238281,492.7569274902344]},"j":false},{"t":7.094034671783447,"c":{"r":[0.517309308052063,-2.037073620897445e-8,-0.8557984828948975,-9.416071833356909e-8,1,-8.072105117662432e-8,0.8557984828948975,1.22340352959327e-7,0.517309308052063],"p":[385.7355651855469,451.1736755371094,492.7875671386719]},"j":false},{"t":7.161109685897827,"c":{"r":[0.5761335492134094,2.4965091327544543e-8,-0.8173555731773377,-7.02360267723634e-8,1,-1.8963886461165204e-8,0.8173555731773377,6.833354149193838e-8,0.5761335492134094],"p":[387.0956115722656,452.3464660644531,492.2277526855469]},"j":false},{"t":7.226341724395752,"c":{"r":[0.5708303451538086,1.7476178726383297e-8,-0.8210679888725281,1.005297107781189e-7,1,9.117587040918807e-8,0.8210679888725281,-1.3458769387852954e-7,0.5708303451538086],"p":[388.4044189453125,452.64727783203127,491.30908203125]},"j":false},{"t":7.29002571105957,"c":{"r":[0.5358424782752991,-1.3578556945503806e-8,-0.8443179726600647,8.642773963174477e-8,1,3.876868248653409e-8,0.8443179726600647,-9.374640086434738e-8,0.5358424782752991],"p":[389.6549072265625,452.1373291015625,490.4811096191406]},"j":false},{"t":7.3597986698150639,"c":{"r":[0.47629696130752566,-6.072497171771829e-8,-0.8792845010757446,1.1422495305168923e-7,1,-7.187632711236347e-9,0.8792845010757446,-9.701278713691863e-8,0.47629696130752566],"p":[391.0213317871094,450.7486267089844,489.6492919921875]},"j":false},{"t":7.425502061843872,"c":{"r":[0.14608491957187653,1.0586023613257112e-8,-0.9892720580101013,-7.827589243447619e-9,1,9.544928403215636e-9,0.9892720580101013,6.349245573744611e-9,0.14608491957187653],"p":[392.4653625488281,450.0849914550781,489.0111083984375]},"j":false},{"t":7.47060751914978,"c":{"r":[0.020943161100149156,5.183491325055911e-8,-0.9997806549072266,-9.199372641433001e-8,1,4.9919222533389987e-8,0.9997806549072266,9.092808284094645e-8,0.020943161100149156],"p":[393.3969421386719,450.039306640625,488.9390869140625]},"j":true},{"t":7.479105234146118,"c":{"r":[0.020943164825439454,4.44728485149426e-8,-0.9997806549072266,-7.974330884508163e-8,1,4.2812160927496737e-8,0.9997806549072266,7.882919561552626e-8,0.020943164825439454],"p":[393.5857238769531,450.4788513183594,488.93499755859377]},"j":true},{"t":7.486801385879517,"c":{"r":[0.02748597040772438,3.40244561414238e-8,-0.9996221661567688,-6.108047756470114e-8,1,3.23578248639933e-8,0.9996221661567688,6.016801279429274e-8,0.02748597040772438],"p":[393.8809509277344,451.11260986328127,488.92877197265627]},"j":true},{"t":7.4909279346466068,"c":{"r":[0.03469466790556908,3.0837799869232188e-8,-0.9993979334831238,-5.4663182424974369e-8,1,2.895871453745258e-8,0.9993979334831238,5.36255591043755e-8,0.03469466790556908],"p":[393.9807434082031,451.3170471191406,488.9262390136719]},"j":false},{"t":7.558443307876587,"c":{"r":[0.25819697976112368,-1.6979074146661334e-8,-0.9660922884941101,1.3791206754376618e-7,1,1.9283257657320975e-8,0.9660922884941101,-1.3821467348407169e-7,0.25819697976112368],"p":[395.6682434082031,454.2713928222656,488.7525634765625]},"j":false},{"t":7.646192312240601,"c":{"r":[0.35006409883499148,4.389318686293109e-9,-0.9367257356643677,6.772076943661887e-8,1,2.999376036427748e-8,0.9367257356643677,-7.393553147494458e-8,0.35006409883499148],"p":[397.46307373046877,456.4083557128906,488.1330871582031]},"j":false},{"t":7.7107