{"v":1,"name":"macro1_macro2_merged","d":[{"t":0.06311559677124023,"c":{"r":[0.6747103929519653,-2.6073878611754253e-9,-0.7380825877189636,-1.2643532054656959e-10,1,-3.648230162411892e-9,0.7380825877189636,2.5548183568702143e-9,0.6747103929519653],"p":[324.4991760253906,490.25439453125,343.4444274902344]},"j":false},{"t":0.31955671310424805,"c":{"r":[0.8480561375617981,-3.746699306361734e-8,-0.5299063920974731,8.845865551165843e-8,1,7.086329389949242e-8,0.5299063920974731,-1.069708659429125e-7,0.8480561375617981],"p":[324.4991760253906,490.25439453125,343.4443664550781]},"j":false},{"t":0.38825535774230957,"c":{"r":[0.8480480909347534,2.982756797109687e-8,-0.5299192667007446,-2.233809937024489e-8,1,2.0538575284945182e-8,0.5299192667007446,-5.580309991870536e-9,0.8480480909347534],"p":[324.5655517578125,490.25439453125,343.3381652832031]},"j":false},{"t":0.45733165740966797,"c":{"r":[0.8480480313301086,6.613854353076931e-9,-0.5299193263053894,-3.801584114171419e-8,1,-4.8357179593949695e-8,0.5299193263053894,6.115454453947677e-8,0.8480480313301086],"p":[325.3714904785156,490.25439453125,342.0482177734375]},"j":false},{"t":0.52142333984375,"c":{"r":[0.832921028137207,-6.48825135840525e-8,-0.5533919334411621,4.7570839711852386e-8,1,-4.564533639950241e-8,0.5533919334411621,1.1693642498755707e-8,0.832921028137207],"p":[326.2270202636719,489.56866455078125,340.69622802734375]},"j":false},{"t":0.5883941650390625,"c":{"r":[0.7965297698974609,-8.477707780230048e-8,-0.6045992970466614,8.361262615608211e-8,1,-3.0064761347148306e-8,0.6045992970466614,-2.6604656255813097e-8,0.7965297698974609],"p":[327.1424865722656,488.9407043457031,339.3842468261719]},"j":false},{"t":0.6509747505187988,"c":{"r":[0.7836931943893433,8.552935781835913e-8,-0.6211481094360352,-7.092810960784846e-8,1,4.820666887894731e-8,0.6211481094360352,6.277624642336832e-9,0.7836931943893433],"p":[327.9928283691406,488.98760986328125,338.2721862792969]},"j":false},{"t":0.7139103412628174,"c":{"r":[0.7384544610977173,2.80695147125698e-8,-0.6743032932281494,-2.914291208355735e-8,1,9.711949466861824e-9,0.6743032932281494,1.2479330457892956e-8,0.7384544610977173],"p":[328.97100830078125,488.99371337890625,337.1356201171875]},"j":true},{"t":0.7205901145935059,"c":{"r":[0.7384545207023621,1.563423168704503e-8,-0.6743032336235046,-1.950483863311092e-8,1,1.8252842570731787e-9,0.6743032336235046,1.1804286437211431e-8,0.7384545207023621],"p":[329.105712890625,489.4332580566406,336.98779296875]},"j":false},{"t":0.7231900691986084,"c":{"r":[0.7384545207023621,1.563423168704503e-8,-0.6743032336235046,-1.950483863311092e-8,1,1.8252842570731787e-9,0.6743032336235046,1.1804286437211431e-8,0.7384545207023621],"p":[329.105712890625,489.4332580566406,336.98779296875]},"j":true},{"t":0.7322976589202881,"c":{"r":[0.7384545207023621,3.2042646314067724e-9,-0.6743032932281494,-9.870885442353483e-9,1,-6.058008761300471e-9,0.6743032932281494,1.1129534627229987e-8,0.7384545207023621],"p":[329.24053955078125,489.8591613769531,336.8400573730469]},"j":true},{"t":0.7832045555114746,"c":{"r":[0.7384545207023621,-7.746121610807677e-8,-0.6743032932281494,5.264962510409532e-8,1,-5.7217377502638556e-8,0.6743032932281494,6.750616954320776e-9,0.7384545207023621],"p":[330.1172790527344,492.2955017089844,335.8799743652344]},"j":false},{"t":0.8447592258453369,"c":{"r":[0.7476298809051514,-1.7100194327213103e-7,-0.6641156077384949,1.262342692598395e-7,1,-1.1537964894614561e-7,0.6641156077384949,2.427122502979273e-9,0.7476298809051514],"p":[331.1240234375,494.3913269042969,334.76788330078125]},"j":false},{"t":0.9140503406524658,"c":{"r":[0.7524129748344421,1.5954356058500707e-8,-0.6586917042732239,-5.330576424711353e-9,1,1.8132249479663187e-8,0.6586917042732239,-1.0131732786078373e-8,0.7524129748344421],"p":[332.245361328125,495.840087890625,333.49017333984375]},"j":false},{"t":0.9818558692932129,"c":{"r":[0.7524131536483765,1.2168761998054833e-7,-0.6586914658546448,-8.162385256582638e-8,1,9.150377877631399e-8,0.6586914658546448,-1.5083712057162302e-8,0.7524131536483765],"p":[333.299072265625,496.30438232421875,332.28607177734375]},"j":false},{"t":1.0436620712280273,"c":{"r":[0.752413809299469,2.5724652630287892e-8,-0.6586906909942627,-2.1861202625927945e-8,1,1.4082452537422796e-8,0.6586906909942627,3.80393849752636e-9,0.752413809299469],"p":[334.28692626953125,495.9477233886719,331.1572265625]},"j":false},{"t":1.1069691181182861,"c":{"r":[0.6856719255447388,-9.872123030163493e-8,-0.7279106974601746,9.638125675337506e-8,1,-4.483421633949547e-8,0.7279106974601746,-3.94153900629135e-8,0.6856719255447388],"p":[335.2975158691406,494.82464599609375,330.04949951171875]},"j":false},{"t":1.1680786609649658,"c":{"r":[0.6794411540031433,-7.639618360144595e-8,-0.7337300181388855,1.1718147874262286e-7,1,4.390901864326224e-9,0.7337300181388855,-8.896292769122738e-8,0.6794411540031433],"p":[336.39599609375,492.9351806640625,329.02825927734375]},"j":false},{"t":1.2382798194885254,"c":{"r":[0.7183177471160889,6.036523103603031e-8,-0.6957151293754578,-3.377311585950338e-8,1,5.189681218098485e-8,0.6957151293754578,-1.378193559276042e-8,0.7183177471160889],"p":[337.5649108886719,490.0749816894531,327.93603515625]},"j":false},{"t":1.3019285202026367,"c":{"r":[0.7791748642921448,1.0834748209731515e-8,-0.6268066167831421,6.887390924248393e-8,1,1.0290185770145399e-7,0.6268066167831421,-1.2334916732470447e-7,0.7791748642921448],"p":[338.6175231933594,486.3428039550781,326.73248291015625]},"j":false},{"t":1.3667101860046387,"c":{"r":[0.8043962717056274,-1.0894204649503081e-7,-0.5940930843353271,1.4443668305830215e-7,1,1.2190490394914377e-8,0.5940930843353271,-9.561482272602007e-8,0.8043962717056274],"p":[339.5511169433594,482.0519104003906,325.5585021972656]},"j":false},{"t":1.4270734786987305,"c":{"r":[0.8363598585128784,-8.015759078716655e-8,-0.5481808185577393,7.253921552319298e-8,1,-3.555159011625619e-8,0.5481808185577393,-1.003068472726909e-8,0.8363598585128784],"p":[340.41168212890625,476.9945983886719,324.3302917480469]},"j":false},{"t":1.4872393608093262,"c":{"r":[0.8367639780044556,-3.787824454093425e-8,-0.5475637316703796,-2.301159707229772e-9,1,-7.269249380215115e-8,0.5475637316703796,6.208649239169972e-8,0.8367639780044556],"p":[341.1785583496094,471.5829772949219,323.1590270996094]},"j":false},{"t":1.5519578456878662,"c":{"r":[0.8762226104736328,-3.1845388548390474e-9,-0.48190656304359436,-5.732288954618525e-8,1,-1.1083507445164287e-7,0.48190656304359436,1.2474048105559632e-7,0.8762226104736328],"p":[342.02655029296875,464.5807800292969,321.8034362792969]},"j":false},{"t":1.6153922080993652,"c":{"r":[0.9077765345573425,6.491927884155757e-9,-0.41945406794548035,1.4665846315153885e-8,1,4.721670521234955e-8,0.41945406794548035,-4.901386674305286e-8,0.9077765345573425],"p":[342.6739196777344,464.202880859375,320.5729064941406]},"j":true},{"t":1.622776985168457,"c":{"r":[0.9191352128982544,6.4207568151175565e-9,-0.3939422070980072,3.103709644847186e-8,1,8.87136408778133e-8,0.3939422070980072,-9.376665133231654e-8,0.9191352128982544],"p":[342.8023681640625,464.8570861816406,320.30584716796875]},"j":false},{"t":1.627847671508789,"c":{"r":[0.9191352128982544,6.4207568151175565e-9,-0.3939422070980072,3.103709644847186e-8,1,8.87136408778133e-8,0.3939422070980072,-9.376665133231654e-8,0.9191352128982544],"p":[342.8023681640625,464.8570861816406,320.30584716796875]},"j":true},{"t":1.6389148235321045,"c":{"r":[0.9243553280830383,5.742080144699457e-9,-0.38153275847435,4.189589120073833e-8,1,1.1655294684942419e-7,0.38153275847435,-1.2372099433832773e-7,0.9243553280830383],"p":[342.8832702636719,465.27618408203125,320.1238098144531]},"j":true},{"t":1.6847443580627441,"c":{"r":[0.9643194675445557,-7.766048781832069e-8,-0.2647412121295929,1.04911499931859e-7,1,8.879508328618613e-8,0.2647412121295929,-1.134012279635499e-7,0.9643194675445557],"p":[343.3295593261719,467.6682434082031,318.9039001464844]},"j":false},{"t":1.7473571300506592,"c":{"r":[0.980936586856842,-1.6793075019450043e-7,-0.19432806968688965,1.6668782620854472e-7,1,-2.27479262093766e-8,0.19432806968688965,-1.0077848777712006e-8,0.980936586856842],"p":[343.66082763671875,469.7129821777344,317.44171142578125]},"j":false},{"t":1.8098299503326416,"c":{"r":[0.980955183506012,-1.4308531248730105e-8,-0.194234237074852,4.843805800902601e-9,1,-4.920335072711168e-8,0.194234237074852,4.732545022534396e-8,0.980955183506012],"p":[343.95196533203125,470.9913024902344,315.970458984375]},"j":false},{"t":1.8735716342926025,"c":{"r":[0.9911931157112122,1.1764012697312864e-7,-0.13242433965206146,-1.262698816617558e-7,1,-5.676986702951581e-8,0.13242433965206146,7.299110649228169e-8,0.9911931157112122],"p":[344.2001647949219,471.50323486328125,314.4916076660156]},"j":false},{"t":1.9344336986541748,"c":{"r":[0.9928929805755615,1.1869895644167627e-7,-0.11901038140058517,-1.2373008928534546e-7,1,-3.488590749611831e-8,0.11901038140058517,4.9363137577529415e-8,0.9928929805755615],"p":[344.39678955078125,471.2487487792969,313.0045471191406]},"j":false},{"t":2.005054473876953,"c":{"r":[0.9999055862426758,-1.2674242100274569e-7,0.013740379363298416,1.261497715177029e-7,1,4.399808872790345e-8,-0.013740379363298416,-4.226058791800824e-8,0.9999055862426758],"p":[344.47344970703125,470.132568359375,311.4085693359375]},"j":false},{"t":2.0715367794036865,"c":{"r":[0.9999025464057922,-6.22211331346989e-8,0.013961204327642918,6.209914715782361e-8,1,9.17127973565357e-9,-0.013961204327642918,-8.30340685098463e-9,0.9999025464057922],"p":[344.4516296386719,468.66534423828125,309.8497619628906]},"j":false},{"t":2.1382558345794678,"c":{"r":[0.9999756217002869,9.488390162459837e-8,-0.006981749553233385,-9.506887721499879e-8,1,-2.6161835364746366e-8,0.006981749553233385,2.68249458201808e-8,0.9999756217002869],"p":[344.4375,468.54180908203125,308.43988037109375]},"j":false},{"t":2.203402042388916,"c":{"r":[0.9975639581680298,1.251543864100313e-7,-0.06975807249546051,-1.268040250579361e-7,1,-1.9219724478602984e-8,0.06975807249546051,2.801850662592642e-8,0.9975639581680298],"p":[344.448974609375,468.0975646972656,307.518798828125]},"j":true},{"t":2.209205150604248,"c":{"r":[0.9970527291297913,1.3477858828991884e-7,-0.07671940326690674,-1.3646290142332873e-7,1,-1.671180527296201e-8,0.07671940326690674,2.7131903834742843e-8,0.9970527291297913],"p":[344.452880859375,468.9630126953125,307.2353515625]},"j":false},{"t":2.213261365890503,"c":{"r":[0.9970527291297913,1.3477858828991884e-7,-0.07671940326690674,-1.3646290142332873e-7,1,-1.671180527296201e-8,0.07671940326690674,2.7131903834742843e-8,0.9970527291297913],"p":[344.452880859375,468.9630126953125,307.2353515625]},"j":true},{"t":2.223416328430176,"c":{"r":[0.9970527291297913,1.3968684697829303e-7,-0.07671942561864853,-1.412892487451245e-7,1,-1.5458647695254513e-8,0.07671942561864853,2.6252715557006923e-8,0.9970527291297913],"p":[344.45654296875,469.37530517578125,307.0863952636719]},"j":true},{"t":2.2740232944488525,"c":{"r":[0.9970527291297913,1.715395114842977e-7,-0.07671943306922913,-1.7261029938708816e-7,1,-7.326142359431742e-9,0.07671943306922913,2.054711423227218e-8,0.9970527291297913],"p":[344.5311279296875,471.72308349609375,305.8987731933594]},"j":false},{"t":2.3340702056884766,"c":{"r":[0.9953324794769287,6.675565344949064e-8,-0.0965052917599678,-6.696404852846172e-8,1,1.079300204764877e-9,0.0965052917599678,5.388122836791354e-9,0.9953324794769287],"p":[344.64776611328125,473.7167053222656,304.40338134765625]},"j":false},{"t":2.399049758911133,"c":{"r":[0.9893362522125244,-1.2060168330663146e-7,-0.14564937353134155,1.2272406024749216e-7,1,5.5865245762731774e-9,0.14564937353134155,-2.340163440806009e-8,0.9893362522125244],"p":[344.826171875,474.9439392089844,302.9142761230469]},"j":false},{"t":2.4666669368743896,"c":{"r":[0.9882326126098633,-1.5389565533041605e-7,-0.15295836329460144,1.5625818150510895e-7,1,3.4242750857060855e-9,0.15295836329460144,-2.728497605630764e-8,0.9882326126098633],"p":[345.0625,475.4082336425781,301.3317565917969]},"j":false},{"t":2.530238628387451,"c":{"r":[0.9882282018661499,-1.8644861654593115e-7,-0.1529868245124817,1.8889687680712086e-7,1,1.4681642568348252e-9,0.1529868245124817,-3.034961792991453e-8,0.9882282018661499],"p":[345.2918395996094,475.05157470703125,299.8495178222656]},"j":false},{"t":2.590595245361328,"c":{"r":[0.9882282614707947,2.262400400354636e-8,-0.15298651158809662,-2.3102273871700163e-8,1,-1.3485914607258565e-9,0.15298651158809662,4.867052538770622e-9,0.9882282614707947],"p":[345.52117919921875,473.9284973144531,298.3672790527344]},"j":false},{"t":2.651071310043335,"c":{"r":[0.9882283210754395,1.093116566153185e-7,-0.15298619866371155,-1.1087925599895243e-7,1,-1.7149439646146902e-9,0.15298619866371155,1.8657752676176642e-8,0.9882283210754395],"p":[345.7505187988281,472.0390319824219,296.8850402832031]},"j":false},{"t":2.711240530014038,"c":{"r":[0.9849186539649963,7.565785153929028e-8,-0.1730181872844696,-7.682627511940154e-8,1,-5.649567272336675e-11,0.1730181872844696,1.3347985827749653e-8,0.9849186539649963],"p":[345.9656066894531,469.58404541015625,295.50177001953125]},"j":false},{"t":2.7824811935424805,"c":{"r":[0.9781486988067627,1.7329334411897435e-8,-0.20790642499923706,-1.68563154545609e-8,1,4.046776247434991e-9,0.20790642499923706,-4.538126818776078e-10,0.9781486988067627],"p":[346.2832946777344,466.81561279296875,293.838623046875]},"j":false},{"t":2.786888837814331,"c":{"r":[0.9781486988067627,1.7329334411897435e-8,-0.20790642499923706,-1.68563154545609e-8,1,4.046776247434991e-9,0.20790642499923706,-4.538126818776078e-10,0.9781486988067627],"p":[346.2832946777344,466.81561279296875,293.838623046875]},"j":true},{"t":2.805504083633423,"c":{"r":[0.9781471490859985,-7.133583168617008e-10,-0.2079138159751892,1.8477631646973691e-9,1,5.261920676957743e-9,0.2079138159751892,-5.531108016043618e-9,0.9781471490859985],"p":[346.38677978515625,467.0719909667969,293.3516845703125]},"j":true},{"t":2.8153326511383057,"c":{"r":[0.9781470894813538,-7.925044620549215e-9,-0.20791418850421906,9.323808392025512e-9,1,5.747620157592337e-9,0.20791418850421906,-7.560569947884233e-9,0.9781470894813538],"p":[346.4281005859375,467.51153564453125,293.15728759765625]},"j":true},{"t":2.8246450424194336,"c":{"r":[0.9781470894813538,-1.8736800555529953e-8,-0.20791415870189667,2.053188907780168e-8,1,6.475781244574819e-9,0.20791415870189667,-1.0603137035047894e-8,0.9781470894813538],"p":[346.49041748046875,468.1452941894531,292.86419677734375]},"j":true},{"t":2.8486809730529785,"c":{"r":[0.978147029876709,-4.033954326132516e-8,-0.20791424810886383,4.2926519228103643e-8,1,7.930704981617964e-9,0.20791424810886383,-1.6682431436265688e-8,0.978147029876709],"p":[346.6151123046875,469.32086181640625,292.27734375]},"j":false},{"t":2.9098353385925293,"c":{"r":[0.9794872999191284,-9.461915340125415e-8,-0.2015058696269989,9.899522979139874e-8,1,1.1639424535303533e-8,0.2015058696269989,-3.134878667765406e-8,0.9794872999191284],"p":[346.9268493652344,471.7232360839844,290.8102111816406]},"j":false},{"t":2.971778154373169,"c":{"r":[0.989138126373291,-1.6417988035755116e-7,-0.14698900282382965,1.6900305865874543e-7,1,2.032458823464367e-8,0.14698900282382965,-4.4945416277641925e-8,0.989138126373291],"p":[347.18988037109375,473.27398681640625,289.43524169921875]},"j":false},{"t":3.0325887203216553,"c":{"r":[0.999030351638794,-1.5332540215240442e-7,-0.04402647539973259,1.5498724792450957e-7,1,3.433306972056016e-8,0.04402647539973259,-4.1123321636860055e-8,0.999030351638794],"p":[347.35205078125,474.1946716308594,287.9446716308594]},"j":false},{"t":3.0966885089874268,"c":{"r":[0.9993907809257507,-4.6930466623962275e-8,-0.03490045294165611,4.774107864591315e-8,1,2.2393148668697904e-8,0.03490045294165611,-2.4045691660035118e-8,0.9993907809257507],"p":[347.4120178222656,474.33197021484375,286.34576416015625]},"j":false},{"t":3.1659278869628906,"c":{"r":[0.9994536638259888,2.663024289972782e-8,0.03305186331272125,-2.7119051893009782e-8,1,1.4340813869750946e-8,-0.03305186331272125,-1.5229312921860583e-8,0.9994536638259888],"p":[347.43194580078125,473.5972595214844,284.7460632324219]},"j":false},{"t":3.2264835834503174,"c":{"r":[0.9965142607688904,-1.7285948672451923e-8,0.08342289924621582,1.4863400288334105e-8,1,2.9660435885148217e-8,-0.08342289924621582,-2.8317097999774887e-8,0.9965142607688904],"p":[347.35064697265625,472.1165466308594,283.2485656738281]},"j":false},{"t":3.2915799617767334,"c":{"r":[0.9964929223060608,-9.286753055448571e-8,0.08367680013179779,8.87725803977446e-8,1,5.2658350568890455e-8,-0.08367680013179779,-4.5045471352977984e-8,0.9964929223060608],"p":[347.2252502441406,469.8694152832031,281.75396728515625]},"j":false},{"t":3.355031728744507,"c":{"r":[0.9964929223060608,-1.5653149887384643e-7,0.08367686718702316,1.5121129592898797e-7,1,6.99178670515721e-8,-0.08367686718702316,-5.7019768462396314e-8,0.9964929223060608],"p":[347.0914611816406,466.62774658203125,280.15972900390625]},"j":false},{"t":3.4096264839172363,"c":{"r":[0.9902681112289429,1.0384729165480167e-7,0.13917276263237,-9.776753984169773e-8,1,-5.0521478556220245e-8,-0.13917276263237,3.64232306537815e-8,0.9902681112289429],"p":[347.0123291015625,466.7261047363281,279.2674255371094]},"j":true},{"t":3.417768716812134,"c":{"r":[0.9809556603431702,9.44811731073969e-8,0.19423167407512665,-8.748968127747503e-8,1,-4.4573944535386545e-8,-0.19423167407512665,2.673179722023633e-8,0.9809556603431702],"p":[346.9834289550781,466.755859375,279.04718017578125]},"j":false},{"t":3.4211347103118896,"c":{"r":[0.9809556603431702,9.44811731073969e-8,0.19423167407512665,-8.748968127747503e-8,1,-4.4573944535386545e-8,-0.19423167407512665,2.673179722023633e-8,0.9809556603431702],"p":[346.9834289550781,466.755859375,279.04718017578125]},"j":true},{"t":3.4328813552856445,"c":{"r":[0.9668234586715698,8.474317070295001e-8,0.2554455101490021,-7.761190801147677e-8,1,-3.7996986890220796e-8,-0.2554455101490021,1.6910766120759035e-8,0.9668234586715698],"p":[346.9537658691406,467.4100646972656,278.8319396972656]},"j":true},{"t":3.4431040287017822,"c":{"r":[0.9616228938102722,7.19476034305444e-8,0.27437466382980347,-6.605191060771176e-8,1,-3.072651466595744e-8,-0.27437466382980347,1.1424349466437889e-8,0.9616228938102722],"p":[346.9161682128906,468.0335998535156,278.60406494140625]},"j":true},{"t":3.481311082839966,"c":{"r":[0.8909302353858948,-1.2992603615202825e-7,0.45414021611213684,1.2841576335631544e-7,1,3.416688798552059e-8,-0.45414021611213684,2.7878447994567068e-8,0.8909302353858948],"p":[346.6695251464844,469.89068603515625,277.74810791015625]},"j":false},{"t":3.547231674194336,"c":{"r":[0.7683688998222351,-1.4656923497113894e-7,0.6400071978569031,1.6341944331088598e-7,1,3.281652638520427e-8,-0.6400071978569031,7.937442347838441e-8,0.7683688998222351],"p":[345.8347473144531,472.1534729003906,276.4019470214844]},"j":false},{"t":3.614975929260254,"c":{"r":[0.7431930899620056,-9.313293958257418e-8,0.6690769791603088,1.0938757100120711e-7,1,1.769131685591674e-8,-0.6690769791603088,6.004064090348038e-8,0.7431930899620056],"p":[344.78167724609375,473.54425048828125,275.19769287109375]},"j":false},{"t":3.675490140914917,"c":{"r":[0.7744937539100647,-8.26477588589114e-8,0.6325815916061401,9.612996620944614e-8,1,1.2955963413219251e-8,-0.6325815916061401,5.077573206335728e-8,0.7744937539100647],"p":[343.8561706542969,474.0458984375,274.1473693847656]},"j":false},{"t":3.738717794418335,"c":{"r":[0.8208622336387634,-1.0557016594248125e-7,0.5711262226104736,1.1581721537368139e-7,1,1.8385051703262434e-8,-0.5711262226104736,5.105465206156623e-8,0.8208622336387634],"p":[342.8934631347656,473.80169677734375,272.87017822265625]},"j":false},{"t":3.7999532222747803,"c":{"r":[0.8288983702659607,-3.872362341894586e-8,0.5593991875648499,3.981349294690517e-8,1,1.022933737715448e-8,-0.5593991875648499,1.3792554653946354e-8,0.8288983702659607],"p":[342.10107421875,472.8727111816406,271.71600341796875]},"j":false},{"t":3.869021415710449,"c":{"r":[0.8214967846870422,3.9543515129025764e-8,0.5702131390571594,-4.901623285036294e-8,1,1.2682310757128334e-9,-0.5702131390571594,-2.8991546940915214e-8,0.8214967846870422],"p":[341.1488037109375,470.8471374511719,270.3077087402344]},"j":false},{"t":3.9319114685058594,"c":{"r":[0.7838586568832397,5.399504843239811e-8,0.620939314365387,-7.107964705710401e-8,1,2.7721711592931797e-9,-0.620939314365387,-4.630913963410421e-8,0.7838586568832397],"p":[340.2572021484375,468.2423400878906,269.1018981933594]},"j":false},{"t":3.9808778762817383,"c":{"r":[0.7749772667884827,3.105192902808085e-8,0.6319891214370728,-4.958656774078918e-8,1,1.1671930089107718e-8,-0.6319891214370728,-4.038365375436115e-8,0.7749772667884827],"p":[339.5670471191406,465.8450927734375,268.24542236328125]},"j":true},{"t":3.9978301525115967,"c":{"r":[0.7749468684196472,2.015378441910798e-8,0.6320263743400574,-3.8960479287197813e-8,1,1.5883067305821896e-8,-0.6320263743400574,-3.693258321391113e-8,0.7749468684196472],"p":[339.25579833984375,465.31097412109375,267.8638000488281]},"j":false},{"t":4.002254962921143,"c":{"r":[0.7749468684196472,2.015378441910798e-8,0.6320263743400574,-3.8960479287197813e-8,1,1.5883067305821896e-8,-0.6320263743400574,-3.693258321391113e-8,0.7749468684196472],"p":[339.25579833984375,465.31097412109375,267.8638000488281]},"j":true},{"t":4.043207883834839,"c":{"r":[0.7836936116218567,-1.1226151119814176e-9,0.6211475729942322,-1.76673253804438e-8,1,2.4097953854607113e-8,-0.6211475729942322,-2.985942870736835e-8,0.7836936116218567],"p":[338.8109130859375,465.9165954589844,267.31463623046875]},"j":true},{"t":4.054990530014038,"c":{"r":[0.7880107164382935,-5.259927160494726e-9,0.6156615614891052,-1.3394913622732929e-8,1,2.5688240867793866e-8,-0.6156615614891052,-2.8489342440707333e-8,0.7880107164382935],"p":[338.74615478515625,466.35614013671875,267.23333740234375]},"j":true},{"t":4.0619096755981445,"c":{"r":[0.7920237183570862,-1.176833208660355e-8,0.6104902625083923,-6.77726097464415e-9,1,2.8069379709450004e-8,-0.6104902625083923,-2.636906692998764e-8,0.7920237183570862],"p":[338.6399841308594,466.9898986816406,267.09954833984375]},"j":false},{"t":4.06627082824707,"c":{"r":[0.7920237183570862,-1.176833208660355e-8,0.6104902625083923,-6.77726097464415e-9,1,2.8069379709450004e-8,-0.6104902625083923,-2.636906692998764e-8,0.7920237183570862],"p":[338.6399841308594,466.9898986816406,267.09954833984375]},"j":true},{"t":4.126165151596069,"c":{"r":[0.8440375924110413,-1.3156692091342848e-7,0.5362840294837952,1.2954663475284178e-7,1,4.144202137013053e-8,-0.5362840294837952,3.449516938758279e-8,0.8440375924110413],"p":[337.88262939453125,469.8522033691406,266.0646667480469]},"j":false},{"t":4.190354824066162,"c":{"r":[0.8480476140975952,-8.121833872110074e-8,0.5299200415611267,9.300589454142028e-8,1,4.425037225530559e-9,-0.5299200415611267,4.5533045778256565e-8,0.8480476140975952],"p":[337.0859680175781,471.74365234375,264.7952575683594]},"j":false},{"t":4.2571799755096436,"c":{"r":[0.8480480313301086,1.0776135184187297e-7,0.5299193859100342,-9.583114035649487e-8,1,-4.999241198788695e-8,-0.5299193859100342,-8.38681035730815e-9,0.8480480313301086],"p":[336.2383117675781,472.91644287109375,263.4383239746094]},"j":false},{"t":4.3200719356536865,"c":{"r":[0.8480486869812012,7.657788358983453e-8,0.529918372631073,-7.699930648641384e-8,1,-2.128389553490706e-8,-0.529918372631073,-2.2753566142341697e-8,0.8480486869812012],"p":[335.4436340332031,473.2239990234375,262.16619873046875]},"j":false},{"t":4.380629062652588,"c":{"r":[0.8480486869812012,-6.364426763383335e-9,0.529918372631073,-9.485348506643732e-9,1,2.718996938710916e-8,-0.529918372631073,-2.808487842287377e-8,0.8480486869812012],"p":[334.6515808105469,472.76513671875,260.8984375]},"j":false},{"t":4.44352388381958,"c":{"r":[0.7660448551177979,-9.294055303143978e-8,0.6427871584892273,5.4809977001468724e-8,1,7.926987422024467e-8,-0.6427871584892273,-2.5493125832554142e-8,0.7660448551177979],"p":[333.8251647949219,472.3108825683594,259.655517578125]},"j":false},{"t":4.5129475593566895,"c":{"r":[0.6691315174102783,7.506636201526362e-9,0.7431439757347107,-6.393743867683099e-10,1,-9.525489730322079e-9,-0.7431439757347107,5.898658450576022e-9,0.6691315174102783],"p":[332.73931884765625,471.6770324707031,258.5370788574219]},"j":false},{"t":4.579391956329346,"c":{"r":[0.6320290565490723,6.083988068894541e-8,0.7749447226524353,-3.335278719873713e-8,1,-5.130682012577381e-8,-0.7749447226524353,6.580835876235369e-9,0.6320290565490723],"p":[331.65252685546875,471.8735656738281,257.5845947265625]},"j":false},{"t":4.64739727973938,"c":{"r":[0.5707136392593384,-2.5125697078465237e-8,0.8211491703987122,1.4147534255215533e-9,1,2.961493272835014e-8,-0.8211491703987122,-1.5739923142632506e-8,0.5707136392593384],"p":[330.4646301269531,472.0066833496094,256.6750793457031]},"j":false},{"t":4.722404479980469,"c":{"r":[0.4694722294807434,-1.0109913262112968e-7,0.8829472661018372,2.6343069947643016e-8,1,1.0049500787090437e-7,-0.8829472661018372,-2.392007480978009e-8,0.4694722294807434],"p":[328.927490234375,472.02667236328125,255.55833435058594]},"j":false},{"t":4.7923219203948975,"c":{"r":[0.43837103247642517,9.915749643596428e-8,0.8987941145896912,-1.9017479147009908e-8,1,-1.0104736958282956e-7,-0.8987941145896912,2.720344305373601e-8,0.43837103247642517],"p":[327.47222900390625,471.77874755859375,254.69216918945312]},"j":false},{"t":4.8569817543029785,"c":{"r":[0.43837103247642517,8.230188797142546e-8,0.8987941145896912,-1.8294347370328978e-8,1,-8.264648698741439e-8,-0.8987941145896912,1.9786975613556024e-8,0.43837103247642517],"p":[326.1241149902344,470.7725830078125,254.0345916748047]},"j":false},{"t":4.920780897140503,"c":{"r":[0.45085155963897705,-7.336914187305865e-9,0.8925989270210266,1.7224884851785305e-9,1,7.349692410230091e-9,-0.8925989270210266,-1.7761287995909925e-9,0.45085155963897705],"p":[324.7808532714844,469,253.3671112060547]},"j":false},{"t":4.982747316360474,"c":{"r":[0.4508773386478424,-9.766063868710262e-8,0.8925859332084656,2.3803657711596315e-8,1,9.738906925349511e-8,-0.8925859332084656,-2.2663712684334314e-8,0.4508773386478424],"p":[323.44189453125,466.4610290527344,252.69076538085938]},"j":false},{"t":5.04718804359436,"c":{"r":[0.4508773386478424,1.7814011377126349e-10,0.8925859332084656,-1.2564615146926084e-11,1,-1.9323070921117846e-10,-0.8925859332084656,7.59083490509127e-11,0.4508773386478424],"p":[322.12457275390625,466.0824279785156,252.02536010742188]},"j":false},{"t":5.1089513301849365,"c":{"r":[0.4508782923221588,7.56601608031815e-8,0.8925854563713074,-1.8420967862198268e-8,1,-7.546005065250938e-8,-0.8925854563713074,1.758101220161734e-8,0.4508782923221588],"p":[320.7856140136719,464.9884338378906,251.34901428222656]},"j":false},{"t":5.171808481216431,"c":{"r":[0.4570990204811096,-2.9346313823452874e-8,0.8894158005714417,7.4383885717566045e-9,1,2.9172220195050613e-8,-0.8894158005714417,-6.718773981617687e-9,0.4570990204811096],"p":[319.4471435546875,463.1280517578125,250.6717529296875]},"j":false},{"t":5.23855185508728,"c":{"r":[0.457099050283432,-1.0497186764268918e-7,0.8894158005714417,2.6322782176180226e-8,1,1.0449527820810545e-7,-0.8894158005714417,-2.435279711221483e-8,0.457099050283432],"p":[318.0244445800781,460.29888916015625,249.94053649902344]},"j":false},{"t":5.301853656768799,"c":{"r":[0.38107115030288696,7.101056098690606e-8,0.9245457053184509,-1.1288727286284939e-8,1,-7.215300712459793e-8,-0.9245457053184509,1.705848617916672e-8,0.38107115030288696],"p":[316.7122497558594,459.408935546875,249.29043579101562]},"j":false},{"t":5.364576578140259,"c":{"r":[0.13225659728050232,2.9909980270304004e-8,0.9912155270576477,-5.718978179913847e-9,1,-2.9411976854021304e-8,-0.9912155270576477,-1.7788117645523016e-9,0.13225659728050232],"p":[315.2865905761719,459.8438415527344,248.8663330078125]},"j":false},{"t":5.432954549789429,"c":{"r":[-0.0069808573462069035,-7.296161186332029e-8,0.9999756217002869,-9.181781557288105e-9,1,7.289929015996677e-8,-0.9999756217002869,-8.67265814719076e-9,-0.0069808573462069035],"p":[313.70086669921875,459.88134765625,248.65357971191406]},"j":false},{"t":5.440340042114258,"c":{"r":[-0.0069808573462069035,-7.296161186332029e-8,0.9999756217002869,-9.181781557288105e-9,1,7.289929015996677e-8,-0.9999756217002869,-8.67265814719076e-9,-0.0069808573462069035],"p":[313.70086669921875,459.88134765625,248.65357971191406]},"j":true},{"t":5.450515508651733,"c":{"r":[-0.04884946346282959,-9.868502814924796e-8,0.9988061785697937,-1.3088858885623722e-8,1,9.816283608188314e-8,-0.9988061785697937,-8.278031593533797e-9,-0.04884946346282959],"p":[313.30438232421875,460.7467956542969,248.6006622314453]},"j":true},{"t":5.462475776672363,"c":{"r":[-0.048849448561668396,-1.1138900646301408e-7,0.9988061785697937,-1.5041145218219754e-8,1,1.1078651596108102e-7,-0.9988061785697937,-9.611328621872417e-9,-0.048849448561668396],"p":[313.1058349609375,461.1590881347656,248.58164978027344]},"j":true},{"t":5.500179290771484,"c":{"r":[-0.07660485804080963,-1.493419006237673e-7,0.997061550617218,-4.550724241880744e-9,1,1.494323953465937e-7,-0.997061550617218,6.909895322593229e-9,-0.07660485804080963],"p":[312.00958251953125,463.1831359863281,248.6207733154297]},"j":false},{"t":5.566809892654419,"c":{"r":[-0.07019197195768356,1.408389049828429e-8,0.9975335001945496,2.033850954319405e-8,1,-1.2687584316495304e-8,-0.9975335001945496,1.9397777606400268e-8,-0.07019197195768356],"p":[310.5140686035156,465.2789611816406,248.7358856201172]},"j":false},{"t":5.631799936294556,"c":{"r":[-0.06975594907999039,1.3355307260098925e-7,0.9975640773773193,3.557503092110892e-8,1,-1.3139155896624288e-7,-0.9975640773773193,2.6323030866137742e-8,-0.06975594907999039],"p":[308.91790771484375,466.66973876953125,248.84788513183594]},"j":false},{"t":5.691974401473999,"c":{"r":[-0.0697554275393486,3.378809765308688e-8,0.9975641369819641,-2.8548015063023513e-9,1,-3.4070225751747785e-8,-0.9975641369819641,-5.224430665862201e-9,-0.0697554275393486],"p":[307.521240234375,467.17138671875,248.9455108642578]},"j":false},{"t":5.755472183227539,"c":{"r":[-0.022543517872691154,-8.063946665970434e-8,0.9997458457946777,-3.257942537970848e-8,1,7.99253285777013e-8,-0.9997458457946777,-3.076934618206906e-8,-0.022543517872691154],"p":[305.92425537109375,466.92718505859375,249.04273986816406]},"j":false},{"t":5.824116468429565,"c":{"r":[0.10416795313358307,-8.227942061012072e-8,0.9945597052574158,1.0630778035647381e-7,1,7.159505344134232e-8,-0.9945597052574158,9.827152780417236e-8,0.10416795313358307],"p":[304.4271240234375,465.90631103515625,248.98422241210938]},"j":false},{"t":5.887698173522949,"c":{"r":[0.10452940315008163,5.981510753372277e-8,0.9945217967033386,8.411986129885918e-8,1,-6.898602578075952e-8,-0.9945217967033386,9.087010255370842e-8,0.10452940315008163],"p":[302.8358154296875,463.9726257324219,248.81704711914062]},"j":false},{"t":5.95042085647583,"c":{"r":[0.09064392000436783,1.300648051483222e-7,0.9958833456039429,-6.586890322068939e-8,1,-1.246071548166583e-7,-0.9958833456039429,-5.430286265095674e-8,0.09064392000436783],"p":[301.343017578125,461.3678283691406,248.6705322265625]},"j":false},{"t":6.016211032867432,"c":{"r":[0.09063282608985901,6.533984908685397e-9,0.995884358882904,-5.904649924559635e-8,1,-1.1873201311018988e-9,-0.995884358882904,-5.869587837992185e-8,0.09063282608985901],"p":[299.6501770019531,457.4892578125,248.51644897460938]},"j":false},{"t":6.08201789855957,"c":{"r":[0.02225320413708687,-1.4827757865987223e-7,0.9997523427009583,-4.417565868664042e-9,1,1.4841263862308551e-7,-0.9997523427009583,-7.719128447547519e-9,0.02225320413708687],"p":[298.1544494628906,453.24945068359375,248.40560913085938]},"j":false},{"t":6.143033266067505,"c":{"r":[-0.11632288992404938,-5.7684729881657404e-8,0.9932114481925964,1.2524941439551185e-7,1,7.274795876810458e-8,-0.9932114481925964,1.3286140188029094e-7,-0.11632288992404938],"p":[296.75543212890625,448.600830078125,248.42381286621094]},"j":false},{"t":6.203718423843384,"c":{"r":[-0.2948203384876251,3.621433464218171e-8,0.9555526971817017,1.5909624551113666e-7,1,1.1187740511786615e-8,-0.9555526971817017,1.5532322095168638e-7,-0.2948203384876251],"p":[295.2889099121094,442.8793029785156,248.72210693359375]},"j":false},{"t":6.271928787231445,"c":{"r":[-0.32225221395492554,1.2800859039430179e-8,0.9466538429260254,3.632867517922023e-8,1,-1.1555041368183083e-9,-0.9466538429260254,3.401831705218683e-8,-0.32225221395492554],"p":[293.6727600097656,435.4684143066406,249.2463836669922]},"j":false},{"t":6.317366600036621,"c":{"r":[-0.3485713005065918,-1.5950101683870344e-8,0.9372822642326355,-8.041130428182441e-8,1,-1.2887229949853918e-8,-0.9372822642326355,-7.986020733596888e-8,-0.3485713005065918],"p":[292.8857727050781,434.7302551269531,249.52499389648438]},"j":true},{"t":6.3282411098480225,"c":{"r":[-0.37460610270500183,-2.7825324266927964e-8,0.9271840453147888,-1.19120208807999e-7,1,-1.811704386511792e-8,-0.9271840453147888,-1.1723311388323054e-7,-0.37460610270500183],"p":[292.64105224609375,435.38446044921875,249.6156768798828]},"j":true},{"t":6.334835767745972,"c":{"r":[-0.3867088854312897,-3.452484520494181e-8,0.9222018122673035,-1.3915104091211106e-7,1,-2.091310058460749e-8,-0.9222018122673035,-1.3641262341934635e-7,-0.3867088854312897],"p":[292.3837890625,436.00799560546875,249.7144775390625]},"j":false},{"t":6.338731050491333,"c":{"r":[-0.3867088854312897,-3.452484520494181e-8,0.9222018122673035,-1.3915104091211106e-7,1,-2.091310058460749e-8,-0.9222018122673035,-1.3641262341934635e-7,-0.3867088854312897],"p":[292.3837890625,436.00799560546875,249.7144775390625]},"j":true},{"t":6.399659872055054,"c":{"r":[-0.6157967448234558,4.8494520399344765e-8,0.7879050374031067,1.345863438473316e-7,1,4.3638898716835683e-8,-0.7879050374031067,1.3291395362102776e-7,-0.6157967448234558],"p":[291.0574035644531,438.6658630371094,250.39532470703125]},"j":false},{"t":6.4699437618255615,"c":{"r":[-0.754492998123169,1.0444247067198376e-7,0.6563080549240112,1.6187888718377508e-7,1,2.6959925847336308e-8,-0.6563080549240112,1.2658350101446558e-7,-0.754492998123169],"p":[289.7993469238281,440.7515869140625,251.53335571289062]},"j":false},{"t":6.535233974456787,"c":{"r":[-0.8362737894058228,1.2028169749100925e-7,0.5483120679855347,1.68945547329713e-7,1,3.830488637390772e-8,-0.5483120679855347,1.2466826149193366e-7,-0.8362737894058228],"p":[288.83782958984375,441.8153991699219,252.80963134765625]},"j":false},{"t":6.599621057510376,"c":{"r":[-0.8551956415176392,1.876636623876493e-8,0.5183053016662598,2.6220867255233316e-8,1,7.056855100273651e-9,-0.5183053016662598,1.9625407077228374e-8,-0.8551956415176392],"p":[288.0338134765625,442.020751953125,254.07577514648438]},"j":false},{"t":6.664952993392944,"c":{"r":[-0.8369178175926208,-7.675417634800397e-8,0.547328531742096,-1.058795362496312e-7,1,-2.166576784645713e-8,-0.547328531742096,-7.608336005660021e-8,-0.8369178175926208],"p":[287.1867370605469,441.3950500488281,255.43304443359375]},"j":false},{"t":6.7255237102508545,"c":{"r":[-0.7399521470069885,-5.076981679508208e-8,0.6726595163345337,-8.031720000190035e-8,1,-1.287585149611914e-8,-0.6726595163345337,-6.355364234877925e-8,-0.7399521470069885],"p":[286.3662414550781,440.13226318359375,256.5657958984375]},"j":false},{"t":6.786189079284668,"c":{"r":[-0.7337327599525452,8.330111000987017e-8,0.6794382333755493,1.4178682761212258e-7,1,3.051422581279439e-8,-0.6794382333755493,1.1872467808871079e-7,-0.7337327599525452],"p":[285.35211181640625,438.0384216308594,257.6708068847656]},"j":false},{"t":6.855711221694946,"c":{"r":[-0.7558244466781616,2.4448299384971506e-8,0.6547743082046509,3.469628495622601e-8,1,2.7123874257739544e-9,-0.6547743082046509,2.4768326056801016e-8,-0.7558244466781616],"p":[284.199951171875,434.7388916015625,258.9206237792969]},"j":false},{"t":6.917963981628418,"c":{"r":[-0.7660365104675293,-2.1288567353394683e-8,0.6427971124649048,-4.685785626179495e-8,1,-2.2722970172139867e-8,-0.6427971124649048,-4.752671856067536e-8,-0.7660365104675293],"p":[283.2933654785156,431.282470703125,259.98736572265625]},"j":false},{"t":6.984754323959351,"c":{"r":[-0.8002785444259644,-5.1325084626796524e-8,0.5996284484863281,-9.842390369385612e-8,1,-4.576408585421632e-8,-0.5996284484863281,-9.564178782284216e-8,-0.8002785444259644],"p":[282.22882080078125,426.1878356933594,261.3124084472656]},"j":false},{"t":6.988756418228149,"c":{"r":[-0.8002785444259644,-5.1325084626796524e-8,0.5996284484863281,-9.842390369385612e-8,1,-4.576408585421632e-8,-0.5996284484863281,-9.564178782284216e-8,-0.8002785444259644],"p":[282.22882080078125,426.1878356933594,261.3124084472656]},"j":true},{"t":6.999350309371948,"c":{"r":[-0.8005963563919067,-5.030728544852536e-8,0.5992040634155273,-9.823931890196036e-8,1,-4.7300670047434323e-8,-0.5992040634155273,-9.673414069766295e-8,-0.8005963563919067],"p":[282.12298583984375,426.1231689453125,261.4516906738281]},"j":true},{"t":7.009415149688721,"c":{"r":[-0.8005822896957397,-4.858329916146431e-8,0.5992228388786316,-9.779267173826156e-8,1,-4.9577185023963466e-8,-0.5992228388786316,-9.829021507812286e-8,-0.8005822896957397],"p":[282.31964111328125,426.7259826660156,261.1856384277344]},"j":true},{"t":7.026864051818848,"c":{"r":[-0.8006694912910461,-4.618765103714395e-8,0.5991063117980957,-9.704655212772195e-8,1,-5.260262625483847e-8,-0.5991063117980957,-1.0025851793216134e-7,-0.8006694912910461],"p":[282.56707763671875,427.4820556640625,260.85089111328125]},"j":true},{"t":7.055463790893555,"c":{"r":[-0.8007301092147827,-4.1352421931151184e-8,0.599025309085846,-9.552702806558955e-8,1,-5.866019492373198e-8,-0.599025309085846,-1.0419409335327146e-7,-0.8007301092147827],"p":[282.9908752441406,428.8306884765625,260.2770080566406]},"j":false},{"t":7.121561288833618,"c":{"r":[-0.8402119278907776,4.657516150530228e-9,0.5422581434249878,-2.9888472141692546e-8,1,-5.490036159017109e-8,-0.5422581434249878,-6.233521077092519e-8,-0.8402119278907776],"p":[283.53179931640625,430.77178955078125,259.54595947265625]},"j":false},{"t":7.192307472229004,"c":{"r":[-0.8514955639839172,1.3354454608816013e-7,0.524361789226532,1.4131192926924996e-7,1,-2.5207890885781126e-8,-0.524361789226532,5.263417079959254e-8,-0.8514955639839172],"p":[283.7633056640625,432.0451965332031,259.2745361328125]},"j":false},{"t":7.252840757369995,"c":{"r":[-0.8694854378700256,6.170882471678851e-8,0.49395859241485596,8.663027983857319e-8,1,2.7562911952827562e-8,-0.49395859241485596,6.675731611949232e-8,-0.8694854378700256],"p":[283.6451416015625,432.3512878417969,259.5359802246094]},"j":false},{"t":7.324416160583496,"c":{"r":[-0.8592368960380554,-1.9151357832924987e-8,0.5115779638290405,3.430704609286295e-8,1,9.505733089554269e-8,-0.5115779638290405,9.9227492000864e-8,-0.8592368960380554],"p":[283.1642761230469,431.771728515625,260.41156005859375]},"j":false},{"t":7.386533260345459,"c":{"r":[-0.825311541557312,-5.312912776389567e-8,0.5646776556968689,5.0832682063628454e-8,1,1.6838265537444386e-7,-0.5646776556968689,1.6767222632552148e-7,-0.825311541557312],"p":[282.41156005859375,430.4428405761719,261.6098327636719]},"j":false},{"t":7.44776463508606,"c":{"r":[-0.8251129984855652,1.4211323673407605e-8,0.564967691898346,1.4324300856571881e-8,1,-4.234147255033349e-9,-0.564967691898346,4.599117087167315e-9,-0.8251129984855652],"p":[281.5645446777344,428.3475341796875,262.84783935546875]},"j":false},{"t":7.5091328620910645,"c":{"r":[-0.8251127004623413,4.081416093981716e-8,0.5649681687355042,-1.072805044799452e-8,1,-8.790939887148852e-8,-0.5649681687355042,-7.859616601990638e-8,-0.8251127004623413],"p":[280.8490905761719,427.99005126953125,263.892822265625]},"j":false},{"t":7.532804250717163,"c":{"r":[-0.8251127004623413,1.8016676150978128e-8,0.5649681687355042,-1.176883657194594e-8,1,-4.9077620190018933e-8,-0.5649681687355042,-4.714358681212616e-8,-0.8251127004623413],"p":[280.6341857910156,427.84765625,264.20666