{"v":1,"name":"macro1_macro2_merged","d":[{"t":0,"c":{"r":[0.2147335261106491,0,-0.9766726493835449,-2.679414912165612e-8,1,-5.8910241129694896e-9,0.9766726493835449,2.743411364747317e-8,0.2147335261106491],"p":[-956.9671630859375,168.7931671142578,872.015869140625]},"j":false},{"t":0.03333333333333333,"j":false,"c":{"p":[-956.181178372418,168.81237754870241,871.8429291624354],"r":[0.2147335261106491,0,-0.9766726493835449,-3.637235700978852e-8,1,-7.996911192297566e-9,0.9766726493835449,3.724109285853491e-8,0.2147335261106491]}},{"t":0.06666666666666667,"j":false,"c":{"p":[-955.3952973703194,168.8318379209812,871.6700157496857],"r":[0.2147335261106491,0,-0.9766726493835449,-4.530083676167812e-8,1,-9.959947531154563e-9,0.9766726493835449,4.638282550042844e-8,0.2147335261106491]}},{"t":0.1,"j":false,"c":{"p":[-954.6174988366962,168.87077652091227,871.4991726424881],"r":[0.2147335261106491,0,-0.9766726493835449,-3.5945152968857836e-9,1,-7.902986068542121e-10,0.9766726493835449,3.680369918149078e-9,0.2147335261106491]}},{"t":0.13333333333333333,"j":false,"c":{"p":[-953.8397638622245,168.90968963312687,871.3283430299571],"r":[0.2147335261106491,0,-0.9766726493835449,3.778944873528516e-8,1,8.30847606276092e-9,0.9766726493835449,-3.869202889624872e-8,0.2147335261106491]}},{"t":0.16666666666666666,"j":false,"c":{"p":[-953.0720457341002,168.94458591167796,871.1596401607466],"r":[0.2147335261106491,0,-0.9766726493835449,2.8370266567255332e-8,1,6.237552880761121e-9,0.9766726493835449,-2.9047875473283437e-8,0.2147335261106491]}},{"t":0.19999999999999998,"j":false,"c":{"p":[-952.304327605976,168.97948219022908,870.990937291536],"r":[0.2147335261106491,0,-0.9766726493835449,1.8951084399225503e-8,1,4.166629698761324e-9,0.9766726493835449,-1.940372205031816e-8,0.2147335261106491]}},{"t":0.2333333333333333,"j":false,"c":{"p":[-951.5122021582606,168.98730857311065,870.816674953333],"r":[0.2147335261106491,0,-0.9766726493835449,-2.8989056342615054e-8,1,-6.373601319792455e-9,0.9766726493835449,2.9681443926239936e-8,0.2147335261106491]}},{"t":0.26666666666666666,"j":false,"c":{"p":[-950.7194431811822,168.99436950683594,870.6422503065756],"r":[0.21474826113823514,0,-0.976669301712842,-7.779710129114745e-8,1,-1.7104532196611474e-8,0.976669301712842,7.965521708201743e-8,0.21474826113823514]}},{"t":0.3,"j":false,"c":{"p":[-949.9462146634047,168.99436950683594,870.4640411579182],"r":[0.22150123154297643,0,-0.975135085298991,-3.5433767707384663e-8,1,-7.735625226521957e-9,0.975135085298991,3.626791543011319e-8,0.22150123154297643]}},{"t":0.3333333333333333,"j":false,"c":{"p":[-949.1729861456272,168.99436950683594,870.2858320092608],"r":[0.22825420194771773,0,-0.9736008688851397,6.9295658763781325e-9,1,1.633281743567564e-9,0.9736008688851397,-7.119386221791047e-9,0.22825420194771773]}},{"t":0.36666666666666664,"j":false,"c":{"p":[-948.3913942790333,168.99436950683594,870.1026057934996],"r":[0.22834919393062592,0,-0.9735792875289917,3.678202261887813e-8,1,8.627078251247494e-9,0.9735792875289917,-3.778020084208467e-8,0.22834919393062592]}},{"t":0.39999999999999997,"j":false,"c":{"p":[-947.60968308927,168.99436950683594,869.9193079972792],"r":[0.22834919393062592,0,-0.9735792875289917,6.645598178692302e-8,1,1.558698812875896e-8,0.9735792875289917,-6.825944169298551e-8,0.22834919393062592]}},{"t":0.4333333333333333,"j":false,"c":{"p":[-946.8283093163326,168.99436950683594,869.7328127785049],"r":[0.2351195324866466,0,-0.9719413834321624,2.5913879610915857e-9,1,1.5224273927462473e-10,0.9719413834321624,-2.5545895503775677e-9,0.2351195324866466]}},{"t":0.4666666666666666,"j":false,"c":{"p":[-946.0469513455078,168.99436950683594,869.5462850447184],"r":[0.24192289945440432,0,-0.9702954889942815,-6.175028685328083e-8,1,-1.5396142208335678e-8,0.9702954889942815,6.364070008988739e-8,0.24192289945440432]}},{"t":0.49999999999999994,"j":false,"c":{"p":[-945.2731294306293,168.99436950683594,869.3535595866732],"r":[0.2419225504251512,0,-0.9702955781081334,-4.3642690989216516e-8,1,-1.088138246030816e-8,0.9702955781081334,4.497875914562206e-8,0.2419225504251512]}},{"t":0.5333333333333333,"j":false,"c":{"p":[-944.4993075157508,168.99436950683594,869.160834128628],"r":[0.2419222013958981,0,-0.9702956672219852,-2.5535095125152166e-8,1,-6.366622712280632e-9,0.9702956672219852,2.6316818201356704e-8,0.2419222013958981]}},{"t":0.5666666666666667,"j":false,"c":{"p":[-943.7297633317794,168.99436950683594,868.9691740677143],"r":[0.24192219972610474,0,-0.9702956676483154,1.9915221636987495e-8,1,4.965428528688726e-9,0.9702956676483154,-2.0524900494459746e-8,0.24192219972610474]}},{"t":0.6,"j":false,"c":{"p":[-942.9602397113091,168.99436950683594,868.7775191282765],"r":[0.24192219972610474,0,-0.9702956676483154,6.549697772710529e-8,1,1.63302512050907e-8,0.9702956676483154,-6.750208233836756e-8,0.24192219972610474]}},{"t":0.6333333333333333,"j":false,"c":{"p":[-942.1709267866786,168.99436950683594,868.5809355319534],"r":[0.24192219972610474,0,-0.9702956676483154,2.60266785110218e-8,1,6.489187741377673e-9,0.9702956676483154,-2.6823450920278043e-8,0.24192219972610474]}},{"t":0.6666666666666666,"j":false,"c":{"p":[-941.3813334215995,168.9943689877736,868.3842820900848],"r":[0.24192219972610474,0,-0.9702956676483154,-1.516700770829546e-8,1,-3.7815649125188846e-9,0.9702956676483154,1.5631326741162757e-8,0.24192219972610474]}},{"t":0.7,"j":false,"c":{"p":[-940.6070892519341,168.99432333658436,868.1914514666963],"r":[0.24192219972610474,0,-0.9702956676483154,-3.5439067784953024e-8,1,-8.835963855937534e-9,0.9702956676483154,3.6523989080216683e-8,0.24192219972610474]}},{"t":0.7333333333333333,"j":false,"c":{"p":[-939.8329011243515,168.99427322351502,867.9986479294834],"r":[0.24190254828559513,0,-0.9703004944285026,-5.531713643687381e-8,1,-1.3792970796103856e-8,0.9703004944285026,5.701079912459328e-8,0.24190254828559513]}},{"t":0.7666666666666666,"j":false,"c":{"p":[-939.0681780796215,168.9934695327341,867.8104190419167],"r":[0.23856391755263806,0,-0.9711205277826089,-8.653040942419032e-9,1,-2.3012068745938125e-9,0.9711205277826089,8.952234026237098e-9,0.23856391755263806]}},{"t":0.7999999999999999,"j":false,"c":{"p":[-938.3034550348915,168.99266584195323,867.6221901543502],"r":[0.23522528681968097,0,-0.9719405611367152,3.801105455203574e-8,1,9.190557046916229e-9,0.9719405611367152,-3.910633107211909e-8,0.23522528681968097]}},{"t":0.8333333333333333,"j":false,"c":{"p":[-937.522555790484,168.9841917990992,867.4403100318086],"r":[0.22517163615502342,0,-0.974262889430139,3.181903061861661e-8,1,7.438198866639712e-9,0.974262889430139,-3.267853239739958e-8,0.22517163615502342]}},{"t":0.8666666666666666,"j":false,"c":{"p":[-936.7412314751089,168.975516198151,867.2585967392855],"r":[0.2149415311885718,0,-0.9766246943606096,2.4238077129656114e-8,1,5.337817546876545e-9,0.9766246943606096,-2.481896533261371e-8,0.2149415311885718]}},{"t":0.8999999999999999,"j":false,"c":{"p":[-935.935470734002,168.94228413738838,867.0870426925486],"r":[0.21128926067029885,0,-0.9774173656730202,-3.1972554262599584e-8,1,-6.708905102632147e-9,0.9774173656730202,3.2668440023775844e-8,0.21128926067029885]}},{"t":0.9333333333333332,"j":false,"c":{"p":[-935.1311128088395,168.90847096192525,866.916365270195],"r":[0.20764762157395572,0,-0.9782018252757145,-8.504936597493476e-8,1,-1.808023162216281e-8,0.9782018252757145,8.69499097530485e-8,0.20764762157395572]}},{"t":0.9666666666666666,"j":false,"c":{"p":[-934.3724852042938,168.87280032389674,866.7617358266708],"r":[0.20102044760566656,0,-0.9795621726485858,-3.890344898115222e-8,1,-8.330448190548378e-9,0.9795621726485858,3.978489522287064e-8,0.20102044760566656]}},{"t":0.9999999999999999,"j":false,"c":{"p":[-933.6138575997481,168.83712968586823,866.6071063831466],"r":[0.19439327363737738,0,-0.9809225200214572,7.24246801263033e-9,1,1.4193352410660551e-9,0.9809225200214572,-7.380119307307218e-9,0.19439327363737738]}},{"t":1.0333333333333332,"j":false,"c":{"p":[-932.8169885221317,168.81643030138648,866.4491963277184],"r":[0.19423414766788483,0,-0.980955183506012,3.537260841771214e-8,1,7.0039574090681386e-9,0.980955183506012,-3.605935102999536e-8,0.19423414766788483]}},{"t":1.0666666666666667,"j":false,"c":{"p":[-932.0193420682466,168.79630031434786,866.291239117051],"r":[0.19423414766788483,0,-0.980955183506012,6.213732874039032e-8,1,1.2303508852107754e-8,0.980955183506012,-6.334369559249132e-8,0.19423414766788483]}},{"t":1.1,"j":false,"c":{"p":[-931.2372660999894,168.79532697773521,866.1364785956409],"r":[0.19423414766788483,0,-0.980955183506012,1.0439222696878665e-9,1,2.0670173442281084e-10,0.980955183506012,-1.0641889773957077e-9,0.19423414766788483]}},{"t":1.1333333333333335,"j":false,"c":{"p":[-930.4551211187074,168.7943571827868,865.98170441764],"r":[0.19423414766788483,0,-0.980955183506012,-5.974752301750742e-8,1,-1.1830315523239787e-8,0.980955183506012,6.090749401643262e-8,0.19423414766788483]}},{"t":1.166666666666667,"j":false,"c":{"p":[-929.6546852871253,168.7943260519595,865.8233107683287],"r":[0.19423414766788483,0,-0.980955183506012,-4.050875900571983e-8,1,-8.020941678678413e-9,0.980955183506012,4.129521793624189e-8,0.19423414766788483]}},{"t":1.2000000000000004,"j":false,"c":{"p":[-928.8554650384131,168.79427099780742,865.6652237188226],"r":[0.19408869345658858,0,-0.9809834568581552,-2.01567869142389e-8,1,-4.001826330682943e-9,0.9809834568581552,2.055015912289091e-8,0.19408869345658858]}},{"t":1.2333333333333338,"j":false,"c":{"p":[-928.0831956696143,168.79368553584135,865.5139343420487],"r":[0.19071835094022802,0,-0.9816385831687596,2.4876297434587865e-8,1,4.667501035812608e-9,0.9816385831687596,-2.5310004683241757e-8,0.19071835094022802]}},{"t":1.2666666666666673,"j":false,"c":{"p":[-927.310883687549,168.7931236348514,865.3626772382567],"r":[0.18738257884979248,0,-0.9822869896888733,6.89898061879226e-8,1,1.3160601023815997e-8,0.9822869896888733,-7.023385663310449e-8,0.18738257884979248]}},{"t":1.3000000000000007,"j":false,"c":{"p":[-926.5344598630296,168.79483518131045,865.2145342213968],"r":[0.18738257884979248,0,-0.9822869896888733,2.4371558695649637e-8,1,4.649155796803838e-9,0.9822869896888733,-2.4811035826864243e-8,0.18738257884979248]}},{"t":1.3333333333333341,"j":false,"c":{"p":[-925.7580360385102,168.79654672776948,865.066391204537],"r":[0.18738257884979248,0,-0.9822869896888733,-2.0246688796623332e-8,1,-3.862289430208323e-9,0.9822869896888733,2.0611784979376006e-8,0.18738257884979248]}},{"t":1.3666666666666676,"j":false,"c":{"p":[-924.9698380729984,168.81400289754433,864.9159843668364],"r":[0.1873821731536435,0,-0.9822870782043968,-3.8107123642208795e-8,1,-7.2693495720369205e-9,0.9822870782043968,3.8794282633812136e-8,0.1873821731536435]}},{"t":1.400000000000001,"j":false,"c":{"p":[-924.1814790480246,168.83167443934184,864.7655465621407],"r":[0.1873817619079429,0,-0.9822871679307313,-5.5601536124715664e-8,1,-1.0606586402236446e-8,0.9822871679307313,5.660415762350732e-8,0.1873817619079429]}},{"t":1.4333333333333345,"j":false,"c":{"p":[-923.4024275103584,168.8630754384878,864.6168102171494],"r":[0.18738175928592682,0,-0.9822871685028076,-1.0900665749265792e-8,1,-2.0794182722918774e-9,0.9822871685028076,1.1097230060985423e-8,0.18738175928592682]}},{"t":1.466666666666668,"j":false,"c":{"p":[-922.6234356960571,168.89456453545895,864.4680847899165],"r":[0.18738175928592682,0,-0.9822871685028076,3.4199293171040627e-8,1,6.5238801989511855e-9,0.9822871685028076,-3.48159825031377e-8,0.18738175928592682]}},{"t":1.5000000000000013,"j":false,"c":{"p":[-921.8380227580972,168.92632812043126,864.318133439199],"r":[0.18738175928592682,0,-0.9822871685028076,3.2036949236801545e-8,1,6.111390098394611e-9,0.9822871685028076,-3.2614646944704294e-8,0.18738175928592682]}},{"t":1.5333333333333348,"j":false,"c":{"p":[-921.052464018022,168.9580979381026,864.1681542518836],"r":[0.18738175928592682,0,-0.9822871685028076,2.8801437411609332e-8,1,5.494181771630251e-9,0.9822871685028076,-2.932079187253158e-8,0.18738175928592682]}},{"t":1.5666666666666682,"j":false,"c":{"p":[-920.2610895878889,168.9763243984056,864.0171451745797],"r":[0.18738175928592682,0,-0.9822871685028076,-2.963394129824839e-8,1,-5.652990921128833e-9,0.9822871685028076,3.0168308899292585e-8,0.18738175928592682]}},{"t":1.6000000000000016,"j":false,"c":{"p":[-919.4695893296586,168.99425783503108,863.8661138146066],"r":[0.18738175928592682,0,-0.9822871685028076,-8.926362268757172e-8,1,-1.702798960997702e-8,0.9822871685028076,9.087324833704235e-8,0.18738175928592682]}},{"t":1.633333333333335,"j":false,"c":{"p":[-918.6795866226616,168.99436950683594,863.7153798502763],"r":[0.18738175928592682,0,-0.9822871685028076,-4.4311158653276526e-8,1,-8.452826882504995e-9,0.9822871685028076,4.511018939091811e-8,0.18738175928592682]}},{"t":1.6666666666666685,"j":false,"c":{"p":[-917.8896137586803,168.99436950683594,863.564651653109],"r":[0.18738175928592682,0,-0.9822871685028076,1.262854091536037e-9,1,2.409028985909876e-10,0.9822871685028076,-1.2856261857382923e-9,0.18738175928592682]}},{"t":1.700000000000002,"j":false,"c":{"p":[-917.1038982296711,168.99436950683594,863.414735762863],"r":[0.18738175928592682,0,-0.9822871685028076,3.9810426195445766e-8,1,7.594263554866883e-9,0.9822871685028076,-4.052829618418065e-8,0.18738175928592682]}},{"t":1.7333333333333354,"j":false,"c":{"p":[-916.3181844573307,168.99436950683594,863.2648202077925],"r":[0.18738175928592682,0,-0.9822871685028076,7.783909396510392e-8,1,1.484863767219708e-8,0.9822871685028076,-7.924270485297743e-8,0.18738175928592682]}},{"t":1.7666666666666688,"j":false,"c":{"p":[-915.5328228529702,168.99436950683594,863.1149718469853],"r":[0.18738175928592682,0,-0.9822871685028076,1.1840478887649586e-8,1,2.2586975195126498e-9,0.9822871685028076,-1.2053988169212109e-8,0.18738175928592682]}},{"t":1.8000000000000023,"j":false,"c":{"p":[-914.7475032755523,168.99436950683594,862.965131504992],"r":[0.18738175928592682,0,-0.9822871685028076,-5.383426662477858e-8,1,-1.0269461056480655e-8,0.9822871685028076,5.480501885920891e-8,0.18738175928592682]}},{"t":1.8333333333333357,"j":false,"c":{"p":[-913.9720469180816,168.99436950683594,862.8171730825286],"r":[0.18738175928592682,0,-0.9822871685028076,-4.35007052555169e-8,1,-8.298223740197548e-9,0.9822871685028076,4.4285119773864465e-8,0.18738175928592682]}},{"t":1.8666666666666691,"j":false,"c":{"p":[-913.1965905606107,168.99436950683594,862.6692146600652],"r":[0.18738175928592682,0,-0.9822871685028076,-3.3167143886255216e-8,1,-6.326986423914441e-9,0.9822871685028076,3.376522068852001e-8,0.18738175928592682]}},{"t":1.9000000000000026,"j":false,"c":{"p":[-912.4030166865322,168.99436950683594,862.5177993839048],"r":[0.18738175928592682,0,-0.9822871685028076,1.19675608869563e-8,1,2.2829403103683505e-9,0.9822871685028076,-1.2183363713456325e-8,0.18738175928592682]}},{"t":1.933333333333336,"j":false,"c":{"p":[-911.6090346227578,168.99436950683594,862.3663062244401],"r":[0.18738175928592682,0,-0.9822871685028076,5.7886339352284317e-8,1,1.1042437467161885e-8,0.9822871685028076,-5.893016039773062e-8,0.18738175928592682]}},{"t":1.9666666666666694,"j":false,"c":{"p":[-910.8317804094324,168.99436950683594,862.218004767951],"r":[0.18738175928592682,0,-0.9822871685028076,2.7163227346935695e-8,1,5.181675747852918e-9,0.9822871685028076,-2.765304156759867e-8,0.18738175928592682]}},{"t":2.0000000000000027,"j":false,"c":{"p":[-910.0545434749977,168.99436950683594,862.0697066083044],"r":[0.18738175928592682,0,-0.9822871685028076,-3.6390512459853527e-9,1,-6.941878432592975e-10,0.9822871685028076,3.7046714010961634e-9,0.18738175928592682]}},{"t":2.033333333333336,"j":false,"c":{"p":[-909.2691574258391,168.99436950683594,861.9198834066021],"r":[0.18738175928592682,0,-0.9822871685028076,-3.493141558464296e-8,1,-6.6635400745786255e-9,0.9822871685028076,3.556130684876957e-8,0.18738175928592682]}},{"t":2.066666666666669,"j":false,"c":{"p":[-908.4835823812886,168.99436950683594,861.7700248359143],"r":[0.18738175928592682,0,-0.9822871685028076,-6.623514605947308e-8,1,-1.263506050732887e-8,0.9822871685028076,6.742951337535097e-8,0.18738175928592682]}},{"t":2.1000000000000023,"j":false,"c":{"p":[-907.6718211320913,168.99436950683594,861.6202106164283],"r":[0.18368729956931434,0,-0.9829785798545123,-2.1276328048827522e-8,1,-4.1283419414494866e-9,0.9829785798545123,2.1672800855025544e-8,0.18368729956931434]}},{"t":2.1333333333333355,"j":false,"c":{"p":[-906.8668148152897,168.99436950683594,861.4718400460782],"r":[0.1805180013179779,0,-0.9835717082023621,1.9919194673730145e-8,1,3.6558323947044622e-9,0.9835717082023621,-2.025189943065682e-8,0.1805180013179779]}},{"t":2.1666666666666687,"j":false,"c":{"p":[-906.0999891195099,168.99436950683594,861.3309459393428],"r":[0.1805180013179779,0,-0.9835717082023621,3.2371501209820335e-8,1,5.94124319918345e-9,0.9835717082023621,-3.2912193579857185e-8,0.1805180013179779]}},{"t":2.200000000000002,"j":false,"c":{"p":[-905.3331634237302,168.99436950683594,861.1900518326073],"r":[0.1805180013179779,0,-0.9835717082023621,4.482380774591053e-8,1,8.226654003662438e-9,0.9835717082023621,-4.557248772905755e-8,0.1805180013179779]}},{"t":2.233333333333335,"j":false,"c":{"p":[-904.5374467168492,168.99436950683594,861.0438493836708],"r":[0.1805180013179779,0,-0.9835717082023621,-2.014485342829736e-8,1,-3.6972484036181804e-9,0.9835717082023621,2.0481325665965994e-8,0.1805180013179779]}},{"t":2.2666666666666684,"j":false,"c":{"p":[-903.741314934884,168.99436950683594,860.8975706701626],"r":[0.1805180013179779,0,-0.9835717082023621,-8.591175271505305e-8,1,-1.5767653955365792e-8,0.9835717082023621,8.734670991919642e-8,0.1805180013179779]}},{"t":2.3000000000000016,"j":false,"c":{"p":[-902.9644696398169,168.99436950683594,860.7548355942223],"r":[0.1805180013179779,0,-0.9835717082023621,-4.8594847418917356e-8,1,-8.918764994797457e-9,0.9835717082023621,4.940651208596155e-8,0.1805180013179779]}},{"t":2.333333333333335,"j":false,"c":{"p":[-902.1876243447499,168.99436950683594,860.612100518282],"r":[0.1805180013179779,0,-0.9835717082023621,-1.1277942122781652e-8,1,-2.069876034229124e-9,0.9835717082023621,1.1466314252726685e-8,0.1805180013179779]}},{"t":2.366666666666668,"j":false,"c":{"p":[-901.3925925524705,168.99436950683594,860.4660239133691],"r":[0.1805180013179779,0,-0.9835717082023621,3.39031157808076e-8,1,6.2223450339015675e-9,0.9835717082023621,-3.4469389367546393e-8,0.1805180013179779]}},{"t":2.4000000000000012,"j":false,"c":{"p":[-900.597259987571,168.99436950683594,860.3198920454546],"r":[0.1805180013179779,0,-0.9835717082023621,7.89365530057342e-8,1,1.4487472807512346e-8,0.9835717082023621,-8.025500665615204e-8,0.1805180013179779]}},{"t":2.4333333333333345,"j":false,"c":{"p":[-899.8199644667653,168.99436950683594,860.1770742464735],"r":[0.1805180013179779,0,-0.9835717082023621,2.2127286555322743e-8,1,4.061090123859323e-9,0.9835717082023621,-2.2496871894499557e-8,0.1805180013179779]}},{"t":2.4666666666666677,"j":false,"c":{"p":[-899.0426689459596,168.99436950683594,860.0342564474925],"r":[0.1805180013179779,0,-0.9835717082023621,-3.468197989508871e-8,1,-6.365292559793697e-9,0.9835717082023621,3.526126286715293e-8,0.1805180013179779]}},{"t":2.500000000000001,"j":false,"c":{"p":[-898.2544436502769,168.99436950683594,859.8894304465476],"r":[0.18051898096420507,0,-0.9835715035001653,-3.966713574312646e-8,1,-7.280279009793368e-9,0.9835715035001653,4.0329693110137215e-8,0.18051898096420507]}},{"t":2.533333333333334,"j":false,"c":{"p":[-897.4659833250784,168.99436950683594,859.7445612620295],"r":[0.18051998167635366,0,-0.9835712943961343,-4.353788660395783e-8,1,-7.990736191950787e-9,0.9835712943961343,4.426510497986755e-8,0.18051998167635366]}},{"t":2.5666666666666673,"j":false,"c":{"p":[-896.6779036778046,168.99436950683594,859.5997620220586],"r":[0.18051919045048412,0,-0.9835714378104111,-8.402897881418855e-10,1,-1.5425914572624396e-10,0.9835714378104111,8.543314865328382e-10,0.18051919045048412]}},{"t":2.6000000000000005,"j":false,"c":{"p":[-895.8898303720595,168.99436950683594,859.45496394726],"r":[0.18051836937358953,0,-0.9835715870971192,4.263306651214403e-8,1,7.824597126337425e-9,0.9835715870971192,-4.334515911147359e-8,0.18051836937358953]}},{"t":2.6333333333333337,"j":false,"c":{"p":[-895.1409806812035,168.99436950683594,859.3173726943156],"r":[0.1805181275444422,0,-0.9835716487095639,3.176443402116724e-8,1,5.829833791956713e-9,0.9835716487095639,-3.229498893882999e-8,0.1805181275444422]}},{"t":2.666666666666667,"j":false,"c":{"p":[-894.3914528873552,168.99436950683594,859.179786803755],"r":[0.1804074440920812,0,-0.9835911839633832,1.9651240768713057e-8,1,3.6148767402636607e-9,0.9835911839633832,-1.9980898609634493e-8,0.1804074440920812]}},{"t":2.7,"j":false,"c":{"p":[-893.5709877993291,168.99436950683594,859.0369620020195],"r":[0.17367186522021233,0,-0.9847788440732129,-2.518395761504371e-8,1,-4.112290406614059e-9,0.9847788440732129,2.5516070547837892e-8,0.17367186522021233]}},{"t":2.7333333333333334,"j":false,"c":{"p":[-892.750522711303,168.99436950683594,858.8941372002841],"r":[0.16693628634834343,0,-0.9859665041830425,-7.001915599880048e-8,1,-1.1839457553491778e-8,0.9859665041830425,7.101303970531029e-8,0.16693628634834343]}},{"t":2.7666666666666666,"j":false,"c":{"p":[-891.9550548274449,168.99436950683594,858.7629185855482],"r":[0.16000012521854282,0,-0.9870923086326397,-3.1915993101908824e-8,1,-5.459494565882658e-9,0.9870923086326397,3.237909557357078e-8,0.16000012521854282]}},{"t":2.8,"j":false,"c":{"p":[-891.1602171463586,168.99436950683594,858.6319925735836],"r":[0.15305890722341942,0,-0.9882165536434986,8.278123039857532e-9,1,1.2761222961834369e-9,0.9882165536434986,-8.375867148602271e-9,0.15305890722341942]}},{"t":2.833333333333333,"j":false,"c":{"p":[-890.4108626075385,168.99436950683594,858.5288375243655],"r":[0.14264799476181148,0,-0.9897180762010018,3.3744859980805e-8,1,4.595733532041891e-9,0.9897180762010018,-3.405721281894502e-8,0.14264799476181148]}},{"t":2.8666666666666663,"j":false,"c":{"p":[-889.6617117814842,168.99436950683594,858.4260709694838],"r":[0.13216351658572875,0,-0.9912263076652598,5.864513785944165e-8,1,7.829182521811693e-9,0.9912263076652598,-5.916535637752285e-8,0.13216351658572875]}},{"t":2.8999999999999995,"j":false,"c":{"p":[-888.8591297336433,168.99436950683594,858.3411058184715],"r":[0.11467661577066174,0,-0.9932496052597416,5.289525686649622e-9,1,1.546249109121493e-9,0.9932496052597416,-5.433018563159112e-9,0.11467661577066174]}},{"t":2.9333333333333327,"j":false,"c":{"p":[-888.0560039762893,168.99436950683594,858.256227871055],"r":[0.09758404642343521,0,-0.9952272772789001,-4.657678751707737e-8,1,-4.56694842622279e-9,0.9952272772789001,4.680015293171274e-8,0.09758404642343521]}},{"t":2.966666666666666,"j":false,"c":{"p":[-887.2293107552298,168.99436950683594,858.1751298236181],"r":[0.09758404642343521,0,-0.9952272772789001,-3.38884101025186e-8,1,-3.322827332811339e-9,0.9952272772789001,3.405092670095601e-8,0.09758404642343521]}},{"t":2.999999999999999,"j":false,"c":{"p":[-886.4026175341702,168.99436950683594,858.0940317761813],"r":[0.09758404642343521,0,-0.9952272772789001,-2.120003268795982e-8,1,-2.0787062393998887e-9,0.9952272772789001,2.1301700470199273e-8,0.09758404642343521]}},{"t":3.0333333333333323,"j":false,"c":{"p":[-885.5906631403262,168.99436950683594,858.0380035437889],"r":[0.049155789393670546,0,-0.9975958477766027,1.0521125161814556e-8,1,-1.0317173601678687e-9,0.9975958477766027,-1.0470664705956295e-8,0.049155789393670546]}},{"t":3.0666666666666655,"j":false,"c":{"p":[-884.7792484006266,168.9943692817565,857.9834129881749],"r":[-0.0001715709099831278,0,-0.9999970050953522,4.213101093129985e-8,1,2.206501622582846e-12,0.9999970050953522,-4.21309724351736e-8,-0.0001715709099831278]}},{"t":3.0999999999999988,"j":false,"c":{"p":[-883.9847205617297,168.9943465324292,858.0095595483463],"r":[-0.01751482595289784,0,-0.9996943027833333,1.4674323597790505e-8,1,2.2513119599907154e-10,0.9996943027833333,-1.4670394204359574e-8,-0.01751482595289784]}},{"t":3.133333333333332,"j":false,"c":{"p":[-883.1901927228329,168.99432378310192,858.0357061085176],"r":[-0.03485808099581256,0,-0.9993916004713144,-1.2782363735718843e-8,1,4.4805589037556026e-10,0.9993916004713144,1.2790184026454443e-8,-0.03485808099581256]}},{"t":3.166666666666665,"j":false,"c":{"p":[-882.3868881888734,168.99381883607333,858.0636734917817],"r":[-0.03489820659160614,0,-0.9993909001350403,-2.3342363774670765e-8,1,8.151031005093452e-10,0.9993909001350403,2.3356591348395673e-8,-0.03489820659160614]}},{"t":3.1999999999999984,"j":false,"c":{"p":[-881.5838714734317,168.99327864966173,858.0916343670292],"r":[-0.03489820659160614,0,-0.9993909001350403,-3.3578203839124485e-8,1,1.1725332832204745e-9,0.9993909001350403,3.3598670826734275e-8,-0.03489820659160614]}},{"t":3.2333333333333316,"j":false,"c":{"p":[-880.8207457814557,168.98832167357256,858.118206245125],"r":[-0.03489820659160614,0,-0.9993909001350403,-6.925425250733046e-9,1,2.418322099006528e-10,0.9993909001350403,6.9296465992360785e-9,-0.03489820659160614]}},{"t":3.266666666666665,"j":false,"c":{"p":[-880.0544575144015,168.9808175201676,858.144888243428],"r":[-0.03489820659160614,0,-0.9993909001350403,1.8537437957780936e-8,1,-6.473176409675386e-10,0.9993909001350403,-1.854873693621179e-8,-0.03489820659160614]}},{"t":3.299999999999998,"j":false,"c":{"p":[-879.2190369853263,168.91763338280833,858.173977412736],"r":[-0.03489820659160614,0,-0.9993909001350403,1.7989363942168812e-8,1,-6.281791739837818e-10,0.9993909001350403,-1.8000328297076045e-8,-0.03489820659160614]}},{"t":3.3333333333333313,"j":false,"c":{"p":[-878.3840739766912,168.86105450335094,858.203006684901],"r":[-0.03486165743720782,0,-0.9993920487149269,1.7055174261627615e-8,1,-5.976564556373078e-10,0.9993920487149269,-1.7065634585230285e-8,-0.03486165743720782]}},{"t":3.3666666666666645,"j":false,"c":{"p":[-877.5918931910146,169.4221258783617,858.2264350424243],"r":[-0.03140743786779837,0,-0.9995005997111636,-1.9984257975800042e-8,1,4.973948330663859e-10,0.9995005997111636,1.9990142815000796e-8,-0.03140743786779837]}},{"t":3.3999999999999977,"j":false,"c":{"p":[-876.799712405338,169.98319725337248,858.2498633999477],"r":[-0.027953218298388923,0,-0.9996091507074001,-5.70236902132277e-8,1,1.59244612177008e-9,0.9996091507074001,5.704592021523189e-8,-0.027953218298388923]}},{"t":3.433333333333331,"j":false,"c":{"p":[-876.002022202702,171.51010227426357,858.2722749233081],"r":[-0.027924241557870315,0,-0.9996100664138794,-3.06996920600067e-8,1,8.575956410614675e-10,0.9996100664138794,3.071166858307635e-8,-0.027924241557870315]}},{"t":3.466666666666664,"j":false,"c":{"p":[-875.2042851287397,173.04522411818206,858.2946777959592],"r":[-0.02792440504690466,0,-0.9996100664138794,-3.8366299632684735e-9,1,1.0717728377188478e-10,0.9996100664138794,3.8381267196439415e-9,-0.02792440504690466]}},{"t":3.4999999999999973,"j":false,"c":{"p":[-874.3920962364017,174.17132328576733,858.3174865194314],"r":[-0.027923423794645807,0,-0.9996100664138794,2.3605558898917197e-8,1,-6.593785888324434e-10,0.9996100664138794,-2.3614766020700583e-8,-0.027923423794645807]}},{"t":3.5333333333333306,"j":false,"c":{"p":[-873.5800064198245,175.28383772579937,858.3402924605563],"r":[-0.027922464187032293,0,-0.9996100658994919,5.037588478488829e-8,1,-1.4071670281543138e-9,0.9996100658994919,-5.0395533717473974e-8,-0.027922464187032293]}},{"t":3.5666666666666638,"j":false,"c":{"p":[-872.7848193224997,175.94708529730312,858.3626237221417],"r":[-0.027923624396968626,0,-0.9996100362692301,3.8664145221693845e-8,1,-1.0800504766038548e-9,0.9996100362692301,-3.8679227016509805e-8,-0.027923624396968626]}},{"t":3.599999999999997,"j":false,"c":{"p":[-871.9896103496646,176.60784821277537,858.3849555980577],"r":[-0.027924969470902953,0,-0.9996100015057109,2.6777877753722342e-8,1,-7.480470581266592e-10,0.9996100015057109,-2.6788324004362503e-8,-0.027924969470902953]}},{"t":3.63333333333333,"j":false,"c":{"p":[-871.1906164088849,176.83870831719213,858.4073937673348],"r":[-0.027958300281049765,0,-0.9996090785702282,-1.5305743359948807e-8,1,4.294970719900028e-10,0.9996090785702282,1.5311768539775435e-8,-0.027958300281049765]}},{"t":3.6666666666666634,"j":false,"c":{"p":[-870.3915920249876,177.06794113027811,858.4298765007376],"r":[-0.028044682547107028,0,-0.9996059151522263,-5.7211303877950374e-8,1,1.604495525303509e-9,0.9996059151522263,5.7233833542346724e-8,-0.028044682547107028]}},{"t":3.6999999999999966,"j":false,"c":{"p":[-869.584407725653,176.86099786471596,858.4643041177659],"r":[-0.04235087632947106,0,-0.9990022170536481,-5.1389840406701825e-8,1,2.0971556016380787e-9,0.9990022170536481,5.143773431466011e-8,-0.04235087632947106]}},{"t":3.73333333333333,"j":false,"c":{"p":[-868.7777773796859,176.6441524235854,858.4992060976018],"r":[-0.05647634017809522,0,-0.9984029041918207,-4.506249434358626e-8,1,2.5404623513835725e-9,0.9984029041918207,4.513403771651207e-8,-0.05647634017809522]}},{"t":3.766666666666663,"j":false,"c":{"p":[-867.9942274623389,176.01473352434732,858.5538723709051],"r":[-0.0630717038753365,0,-0.9979863019149958,-1.7657585185235258e-8,1,9.274661726138562e-10,0.9979863019149958,1.7681331891953408e-8,-0.0630717038753365]}},{"t":3.7999999999999963,"j":false,"c":{"p":[-867.2106775449921,175.38531462510923,858.6085386442084],"r":[-0.06966706757257779,0,-0.997569699638171,9.747323973115735e-9,1,-6.855300061558597e-10,0.997569699638171,-9.77137393260525e-9,-0.06966706757257779]}},{"t":3.8333333333333295,"j":false,"c":{"p":[-866.3470201951357,174.32660006231131,858.6687938081519],"r":[-0.0697532445192337,0,-0.9975642561912537,3.9974688498737055e-8,1,-2.7951725666766915e-9,0.9975642561912537,-4.0072294611893105e-8,-0.0697532445192337]}},{"t":3.8666666666666627,"j":true,"c":{"p":[-865.5913374473791,173.1983323314265,858.7215158603209],"r":[-0.06975324380424613,0,-0.9975642561912537,6.552779190850818e-8,1,-4.581936249186368e-9,0.9975642561912537,-6.568778577935527e-8,-0.06975324380424613]}},{"t":3.899999999999996,"j":true,"c":{"p":[-864.7756063371503,171.67939150974152,858.7784273331276],"r":[-0.06975320027541612,0,-0.9975642561912537,3.702704495248339e-8,1,-2.5890619999143496e-9,0.9975642561912537,-3.711745170923133e-8,-0.06975320027541612]}},{"t":3.933333333333329,"j":true,"c":{"p":[-863.9904617214979,170.1565307232253,858.8332056578905],"r":[-0.06975305080413818,0,-0.9975643157958984,5.412898902708231e-9,1,-3.7848807793671416e-10,0.9975643157958984,-5.426115322811042e-9,-0.06975305080413818]}},{"t":3.9666666666666623,"j":true,"c":{"p":[-863.2169338401609,169.76898850774646,858.8873158265543],"r":[-0.06975305080413818,0,-0.9975643157958984,-3.9330759787189715e-8,1,2.7501387905826954e-9,0.9975643157958984,3.9426790721347504e-8,-0.06975305080413818]}},{"t":3.9999999999999956,"j":false,"c":{"p":[-862.8690739171753,170.88905362874254,858.9116301133694],"r":[-0.0697533775286567,0,-0.997564256396096,-7.454209500732986e-8,1,5.212258824596544e-9,0.997564256396096,7.472410592393652e-8,-0.0697533775286567]}},{"t":4.033333333333329,"j":false,"c":{"p":[-862.8504505978898,172.45517080810475,858.9129450603797],"r":[-0.06975321701266422,0,-0.9975642862595365,-5.407641248263715e-8,1,3.78121711475856e-9,0.9975642862595365,5.420845168597154e-8,-0.06975321701266422]}},{"t":4.066666666666662,"j":false,"c":{"p":[-862.8317147049228,174.01528668170002,858.9142695962536],"r":[-0.06975306476263567,0,-0.9975643151451068,-3.353293508621178e-8,1,2.344735717869388e-9,0.9975643151451068,3.361481262402157e-8,-0.06975306476263567]}},{"t":4.099999999999995,"j":false,"c":{"p":[-862.8028130051654,175.0334631413131,858.9164600408667],"r":[-0.06975365895876555,0,-0.9975642557254938,-5.964302026188965e-9,1,4.170310893619363e-10,0.9975642557254938,5.978864529474578e-9,-0.06975365895876555]}},{"t":4.133333333333328,"j":false,"c":{"p":[-862.7726612478763,176.04960250329952,858.9187468430296],"r":[-0.06975425034761429,0,-0.9975641965866089,2.1605555071150674e-8,1,-1.5107592250425653e-9,0.9975641965866089,-2.165831058985852e-8,-0.06975425034761429]}},{"t":4.166666666666662,"j":false,"c":{"p":[-862.4791692521273,176.63660179677836,858.9413325669985],"r":[-0.06975425034761429,0,-0.9975641965866089,4.943327092357772e-8,1,-3.456600344302551e-9,0.9975641965866089,-4.955397381200856e-8,-0.06975425034761429]}},{"t":4.199999999999995,"j":false,"c":{"p":[-862.1829000090728,177.2190960850334,858.9641318520352],"r":[-0.06979029270256772,0,-0.9975615500984065,7.6548997199382e-8,1,-5.352481068343516e-9,0.9975615500984065,-7.673589617179029e-8,-0.06979029270256772]}},{"t":4.233333333333328,"j":false,"c":{"p":[-861.6215867165209,177.37165933145906,859.0073121416956],"r":[-0.07326600414673955,0,-0.997306338435805,3.571665122186276e-8,1,-2.4804372951621963e-9,0.997306338435805,-3.5802613929291214e-8,-0.07326600414673955]}},{"t":4.266666666666661,"j":false,"c":{"p":[-861.0582152350385,177.52094242120168,859.0506517945286],"r":[-0.07671585352007348,0,-0.9970530256110941,-5.088135225173798e-9,1,3.9149579230579466e-10,0.9970530256110941,5.1031745237257416e-9,-0.07671585352007348]}},{"t":4.2999999999999945,"j":false,"c":{"p":[-860.2204972913266,177.23299675700213,859.1152337744958],"r":[-0.0767184160411505,0,-0.9970528185386839,-4.221937179746208e-8,1,3.2486750185428355e-9,0.9970528185386839,4.2344176054055884e-8,-0.0767184160411505]}},{"t":4.333333333333328,"j":false,"c":{"p":[-859.3827793476148,176.9450510928026,859.179815754463],"r":[-0.07672097856222751,0,-0.9970526114662736,-7.935060836975038e-8,1,6.105854244779877e-9,0.9970526114662736,7.958517758438603e-8,-0.07672097856222751]}},{"t":4.366666666666661,"j":false,"c":{"p":[-858.5853718944668,176.22625688821867,859.2413094969083],"r":[-0.07671855945256077,0,-0.9970527872469449,-5.156548562303554e-8,1,3.967793752911425e-9,0.9970527872469449,5.171791437472649e-8,-0.07671855945256077]}},{"t":4.399999999999994,"j":false,"c":{"p":[-857.7882676177009,175.50422225912305,859.3027800126287],"r":[-0.07671610287590308,0,-0.9970529659070655,-2.3292125033478684e-8,1,1.792163916581405e-9,0.9970529659070655,2.3360969995923896e-8,-0.07671610287590308]}},{"t":4.433333333333327,"j":false,"c":{"p":[-857.0698523369549,174.3305173657342,859.3580607005965],"r":[-0.07671608030796051,0,-0.9970529675483704,5.568740163808901e-9,1,-4.28474614767675e-10,0.9970529675483704,-5.58520039245079e-9,-0.07671608030796051]}},{"t":4.46588397026062,"c":{"r":[-0.07671608030796051,0,-0.9970529675483704,3.3757245887500176e-8,1,-2.597378090385405e-9,0.9970529675483704,-3.385702385116929e-8,-0.07671608030796051],"p":[-856.3690185546875,173.18028259277344,859.4119873046875]},"j":false},{"t":4.52588397026062,"j":false,"c":{"p":[-855.9144139366905,171.9051785259752,859.446985350981],"r":[-0.07671608030796051,0,-0.9970529675483704,3.3757245887500176e-8,1,-2.597378090385405e-9,0.9970529675483704,-3.385702385116929e-8,-0.07671608030796051]}},{"t":4.52588397026062,"j":false,"c":{"p":[-855.4598093186935,170.63007445917694,859.4819833972745],"r":[-0.2755855903467906,-2.161404333314594e-8,-0.9598750812388963,-1.9209866285927924e-8,1,-1.869986512167365e-8,0.9598750812388963,7.704134674040361e-9,-0.2755855903467906]}},{"t":4.559217303593953,"j":true,"c":{"p":[-855.3090960041586,169.7924367518743,859.5529310762203],"r":[-0.23820679787622773,5.725461110727113e-8,-0.9711944949136304,-1.4960283766201778e-8,1,6.263987885742632e-8,0.9711944949136304,2.9391656142270998e-8,-0.23820679787622773]}},{"t":4.592550636927286,"j":true,"c":{"p":[-855.1800349371981,170.03152764990423,859.583234445434],"r":[-0.2283502221107483,7.112384637027796e-8,-0.9735790491104126,-5.800620374599988e-9,1,7.441451817374535e-8,0.9735790491104126,2.2639933935162948e-8,-0.2283502221107483]}},{"t":4.625883970260619,"j":false,"c":{"p":[-854.6591455460931,171.82686712182186,859.7018837553588],"r":[-0.21129872591016485,2.1835310201523997e-8,-0.9766591623077504,1.0019946853068142e-8,1,2.0847718294794308e-8,0.9766591623077504,-3.0001854957293335e-9,-0.21129872591016485]}},{"t":4.659217303593953,"j":false,"c":{"p":[-854.0660979147041,173.17622345940677,859.8299019218064],"r":[-0.15867737200382345,-6.462848613964415e-8,-0.9861644289731829,1.7541899135995415e-8,1,-6.735057552648082e-8,0.9861644289731829,-2.4308633828021003e-8,-0.15867737200382345]}},{"t":4.692550636927286,"j":false,"c":{"p":[-853.3797081931184,174.38815112667584,859.9367210790812],"r":[-0.11437534542937176,-1.188188114329156e-7,-0.9931157378299288,1.1653617704474017e-8,1,-1.2152362477443998e-7,0.9931157378299288,-2.5392424148506428e-8,-0.11437534542937176]}},{"t":4.725883970260619,"j":false,"c":{"p":[-852.5486479127039,175.38707860837184,860.0106839707935],"r":[-0.08296741338019481,-1.2298860384546285e-7,-0.9961086769669815,-1.501913514185954e-8,1,-1.2296107386249157e-7,0.9961086769669815,4.869907848610179e-9,-0.08296741338019481]}},{"t":4.759217303593952,"j":false,"c":{"p":[-851.7453731498972,176.20159422197494,860.0750709295764],"r":[-0.06290707914129029,-1.2034593946594655e-7,-0.9980194035149302,-3.960364897776955e-8,1,-1.1808942708165589e-7,0.9980194035149302,3.209591289364148e-8,-0.06290707914129029]}},{"t":4.7925506369272854,"j":false,"c":{"p":[-850.9910370147165,176.69130524241447,860.1225917992545],"r":[-0.06283326707292136,-1.0570449605082349e-7,-0.998024029206381,-6.051014778556274e-8,1,-1.021055707770212e-7,0.998024029206381,5.397403577369935e-8,-0.06283326707292136]}},{"t":4.825883970260619,"j":false,"c":{"p":[-850.2224517574631,177.03196108791803,860.170998882138],"r":[-0.061528805284493886,-9.071950377762986e-8,-0.9981018346897178,-8.179530835873328e-8,1,-8.589698010371046e-8,0.9981018346897178,7.63234176798617e-8,-0.061528805284493886]}},{"t":4.859217303593952,"j":false,"c":{"p":[-849.4303967189481,177.12710760773965,860.2208656500444],"r":[-0.05819733582557113,-7.516865091945533e-8,-0.9983001748768459,-1.0370416411537704e-7,1,-6.931822862695959e-8,0.9983001748768459,9.944901205748055e-8,-0.05819733582557113]}},{"t":4.892550636927285,"j":false,"c":{"p":[-848.6719330033952,177.05193933593085,860.2671064149794],"r":[-0.05224374700177181,-6.032053606954335e-8,-0.9986010312319381,-1.2633664269411976e-7,1,-5.394958182389584e-8,0.9986010312319381,1.232651209325179e-7,-0.05224374700177181]}},{"t":4.925883970260618,"j":false,"c":{"p":[-847.9726968639995,176.6764752912092,860.3069538810439],"r":[-0.04166688762226865,-4.671147539294399e-8,-0.9990826421274914,-1.5024499914923172e-7,1,-4.07145683641946e-8,0.9990826421274914,1.4829873172107004e-7,-0.04166688762226865]}},{"t":4.9592173035939515,"j":false,"c":{"p":[-847.4052829475381,176.14676093712902,860.3392745460652],"r":[-0.028611467039580493,-3.0950619869514735e-8,-0.9995006109696206,-1.4853899518445147e-7,1,-2.623016085881104e-8,0.9995006109696206,1.4753378781798265e-7,-0.028611467039580493]}},{"t":4.992550636927285,"j":false,"c":{"p":[-847.072276754306,175.34275699044974,860.3582109708844],"r":[-0.011148641729595683,-1.1363419139074345e-8,-0.9998054108140442,-1.0128525446971989e-7,1,-9.524067152529787e-9,0.9998054108140442,1.0089357088986754e-7,-0.011148641729595683]}},{"t":5.025883970260618,"j":false,"c":{"p":[-846.8420749754555,174.37781597910478,860.3713012203403],"r":[0.006358158084347896,7.050025792240886e-9,-0.9998890356450074,-3.50319147065635e-8,1,7.861260231202892e-9,0.9998890356450074,3.480425669681758e-8,0.006358158084347896]}},{"t":5.059217303593951,"j":false,"c":{"p":[-846.7933858341788,173.1287226648988,860.3740693964079],"r":[0.023942599780184932,2.3391074200041112e-8,-0.9995821513689443,6.47673321741396e-8,1,2.64458502834172e-8,0.9995821513689443,-6.562460375227444e-8,0.023942599780184932]}},{"t":5.092550636927284,"j":false,"c":{"p":[-846.7119833931318,171.8567880883898,860.370849296855],"r":[0.046730668064532264,2.7611937132609366e-8,-0.9986049098513448,1.1839963545510235e-7,1,3.2739233511097534e-8,0.9986049098513448,-1.1952461455004804e-7,0.046730668064532264]}},{"t":5.125883970260618,"j":false,"c":{"p":[-846.5765642125514,170.5471376432555,860.3577412579405],