{"v":1,"name":"macro1_macro2_merged","d":[{"t":0.06794381141662598,"c":{"r":[0.055823203176259995,-1.1530725707586953e-8,-0.998440682888031,3.0752995705540798e-9,1,-1.1376792841133465e-8,0.998440682888031,-2.4354152028394083e-9,0.055823203176259995],"p":[-957.1480102539062,168.7943878173828,876.90771484375]},"j":false},{"t":0.13567757606506348,"c":{"r":[0.0558239184319973,-8.895647596318668e-8,-0.9984406232833862,2.3723544018139364e-8,1,-8.776900273232968e-8,0.9984406232833862,-1.8786940003678865e-8,0.0558239184319973],"p":[-956.42431640625,168.7943878173828,876.8671875]},"j":false},{"t":0.19913268089294434,"c":{"r":[0.05582356080412865,6.048269796110617e-8,-0.9984406232833862,-1.612992939215019e-8,1,5.967532246131668e-8,0.9984406232833862,1.277348715689186e-8,0.05582356080412865],"p":[-954.927490234375,168.81607055664062,876.7838745117188]},"j":false},{"t":0.2622668743133545,"c":{"r":[0.05582356080412865,3.429672545962603e-8,-0.9984406232833862,-9.146501334100776e-9,1,3.3838905011407405e-8,0.9984406232833862,7.2432304598635255e-9,0.05582356080412865],"p":[-953.4315185546875,168.8801727294922,876.7005615234375]},"j":false},{"t":0.32334351539611816,"c":{"r":[0.055823326110839844,-7.923824796307599e-8,-0.998440682888031,2.1131754124326108e-8,1,-7.818051273034143e-8,0.998440682888031,-1.6734505337012706e-8,0.055823326110839844],"p":[-951.935302734375,168.95162963867188,876.6172485351562]},"j":false},{"t":0.3864445686340332,"c":{"r":[0.055823326110839844,-1.892956369431431e-8,-0.998440682888031,5.048258699957842e-9,1,-1.8676875157552786e-8,0.998440682888031,-3.997781217179863e-9,0.055823326110839844],"p":[-950.4376831054688,168.9885711669922,876.533935546875]},"j":false},{"t":0.4472923278808594,"c":{"r":[0.055823326110839844,1.0079403978124901e-7,-0.998440682888031,-2.6880462300482577e-8,1,9.944855605681369e-8,0.998440682888031,2.1286998830305492e-8,0.055823326110839844],"p":[-949.0397338867188,168.99371337890625,876.4561767578125]},"j":false},{"t":0.507744550704956,"c":{"r":[0.055823326110839844,-1.0887709400719814e-8,-0.998440682888031,2.9036528736980927e-9,1,-1.0742368772298505e-8,0.998440682888031,-2.299450407861059e-9,0.055823326110839844],"p":[-947.5419311523438,168.99435424804688,876.3728637695312]},"j":false},{"t":0.5724132061004639,"c":{"r":[0.055823326110839844,-9.554477031770148e-8,-0.998440682888031,2.54806895583215e-8,1,-9.426935321243946e-8,0.998440682888031,-2.0178527293523985e-8,0.055823326110839844],"p":[-945.9442749023438,168.99436950683594,876.2839965820312]},"j":false},{"t":0.6345260143280029,"c":{"r":[0.055823326110839844,3.902268730371361e-8,-0.998440682888031,-1.0406941974849815e-8,1,3.8501774213273166e-8,0.998440682888031,8.241417326360079e-9,0.055823326110839844],"p":[-944.5463256835938,168.99436950683594,876.2062377929688]},"j":false},{"t":0.6947023868560791,"c":{"r":[0.12533488869667053,5.6964498895695215e-8,-0.9921144843101501,-1.5929741081777138e-8,1,5.540484337984708e-8,0.9921144843101501,8.859966982299738e-9,0.12533488869667053],"p":[-943.051513671875,168.99436950683594,876.0858764648438]},"j":false},{"t":0.7547521591186523,"c":{"r":[0.2147349715232849,-7.101480292703855e-8,-0.976672351360321,2.7601934959875507e-8,1,-6.664231477770954e-8,0.976672351360321,-1.264761095853828e-8,0.2147349715232849],"p":[-941.5731201171875,168.99436950683594,875.8360595703125]},"j":false},{"t":0.8208796977996826,"c":{"r":[0.28234225511550903,-2.55245886648936e-8,-0.9593137502670288,8.694565067912663e-9,1,-2.404817678325344e-8,0.9593137502670288,-1.5509997730589475e-9,0.28234225511550903],"p":[-940.1166381835938,168.99436950683594,875.4785766601562]},"j":false},{"t":0.8884453773498535,"c":{"r":[0.3023706376552582,1.0738350653127782e-7,-0.9531904458999634,-4.795592900563861e-8,1,9.744437079461932e-8,0.9531904458999634,1.6246815448539564e-8,0.3023706376552582],"p":[-938.4906005859375,168.99436950683594,874.98291015625]},"j":false},{"t":0.9539923667907715,"c":{"r":[0.39394184947013855,-2.6744489289853846e-8,-0.9191353917121887,1.9858093835978252e-8,1,-2.0586254478871524e-8,0.9191353917121887,-1.0142489514919362e-8,0.39394184947013855],"p":[-937.081298828125,168.99436950683594,874.4719848632812]},"j":false},{"t":1.0197863578796387,"c":{"r":[0.39394184947013855,-6.275823238865996e-8,-0.9191353917121887,3.5356965355504144e-8,1,-5.312562834092205e-8,0.9191353917121887,-1.1569428970403806e-8,0.39394184947013855],"p":[-935.610595703125,168.99436950683594,873.8421630859375]},"j":false},{"t":1.0850591659545898,"c":{"r":[0.39394184947013855,7.938019308539879e-8,-0.9191353917121887,-5.189649598946744e-8,1,6.412111730469405e-8,0.9191353917121887,2.2439913038851955e-8,0.39394184947013855],"p":[-934.139892578125,168.99436950683594,873.2122802734375]},"j":false},{"t":1.1516685485839844,"c":{"r":[0.39394184947013855,9.499435016380176e-9,-0.9191353917121887,-4.384776541854762e-9,1,8.455868893975094e-9,0.9191353917121887,6.99082458588407e-10,0.39394184947013855],"p":[-932.669189453125,168.99436950683594,872.5823974609375]},"j":false},{"t":1.214838981628418,"c":{"r":[0.39394184947013855,-1.0441397790827978e-7,-0.9191353917121887,7.030635629234894e-8,1,-8.3466879630123e-8,0.9191353917121887,-3.173996176997207e-8,0.39394184947013855],"p":[-931.2904052734375,168.99166870117188,871.9918823242188]},"j":false},{"t":1.282862663269043,"c":{"r":[0.39394184947013855,3.360597133905685e-8,-0.9191353917121887,-2.408075694404488e-8,1,2.6241567141482847e-8,0.9191353917121887,1.1795822985050108e-8,0.39394184947013855],"p":[-929.8197021484375,168.9660186767578,871.3619995117188]},"j":false},{"t":1.3473994731903076,"c":{"r":[0.39394184947013855,5.1703221259913335e-8,-0.9191353917121887,-3.552277760832112e-8,1,4.1026940067467876e-8,0.9191353917121887,1.648801273290701e-8,0.39394184947013855],"p":[-928.3489990234375,168.93589782714844,870.7321166992188]},"j":false},{"t":1.4144177436828613,"c":{"r":[0.39394184947013855,-8.357997671737394e-8,-0.9191353917121887,5.912295364396414e-8,1,-6.559313447951354e-8,0.9191353917121887,-2.85021179990963e-8,0.39394184947013855],"p":[-926.8784790039062,168.93994140625,870.1022338867188]},"j":false},{"t":1.4810800552368164,"c":{"r":[0.39394184947013855,-9.463543282350884e-10,-0.9191353917121887,2.8682603514518235e-10,1,-9.066798423162936e-10,0.9191353917121887,9.354717694920467e-11,0.39394184947013855],"p":[-925.4082641601562,168.97369384765625,869.4723510742188]},"j":false},{"t":1.5483529567718506,"c":{"r":[0.39394184947013855,8.227277703554137e-8,-0.9191353917121887,-5.858430185412544e-8,1,6.440179589617401e-8,0.9191353917121887,2.8476341284999762e-8,0.39394184947013855],"p":[-923.9375610351562,168.99203491210938,868.8424682617188]},"j":false},{"t":1.6146459579467773,"c":{"r":[0.39394184947013855,-4.775292339331827e-8,-0.9191353917121887,3.4363239365120535e-8,1,-3.72260799963442e-8,0.9191353917121887,-1.6919557310757227e-8,0.39394184947013855],"p":[-922.4668579101562,168.9942169189453,868.2125854492188]},"j":false},{"t":1.6820287704467773,"c":{"r":[0.39394184947013855,-4.096623840155189e-8,-0.9191353917121887,2.929082576486053e-8,1,-3.2016345130614354e-8,0.9191353917121887,-1.4309656570787865e-8,0.39394184947013855],"p":[-920.9961547851562,168.99436950683594,867.5827026367188]},"j":false},{"t":1.747575283050537,"c":{"r":[0.38751503825187683,1.0203392264429567e-7,-0.9218633770942688,-7.251949085684828e-8,1,8.01979211928483e-8,0.9218633770942688,3.577516594077679e-8,0.38751503825187683],"p":[-919.5220947265625,168.99436950683594,866.9610595703125]},"j":false},{"t":1.8149840831756592,"c":{"r":[0.38107064366340637,-1.3147571920057999e-8,-0.92454594373703,9.125450617375463e-9,1,-1.0459329402578987e-8,0.92454594373703,-4.451154556051051e-9,0.38107064366340637],"p":[-918.0474853515625,168.99436950683594,866.3409423828125]},"j":false},{"t":1.8814353942871094,"c":{"r":[0.37460842728614807,-7.677269309169787e-8,-0.9271830916404724,5.381564704975972e-8,1,-6.105902627950854e-8,0.9271830916404724,-2.7023732585007565e-8,0.37460842728614807],"p":[-916.56640625,168.99436950683594,865.7356567382812]},"j":false},{"t":1.9482507705688477,"c":{"r":[0.36162498593330383,6.386697748439474e-8,-0.9323236346244812,-4.402492237431943e-8,1,5.142684500469841e-8,0.9323236346244812,2.2448245928785582e-8,0.36162498593330383],"p":[-915.0791625976562,168.99436950683594,865.1456909179688]},"j":false},{"t":2.0141334533691406,"c":{"r":[0.342022180557251,1.9596683387135272e-8,-0.9396919012069702,-1.4484763610767004e-8,1,1.558231410569988e-8,0.9396919012069702,8.281717533975552e-9,0.342022180557251],"p":[-913.580810546875,168.99436950683594,864.5842895507812]},"j":false},{"t":2.081275463104248,"c":{"r":[0.3288677930831909,-1.0728906829626794e-7,-0.9443759918212891,7.044567240654942e-8,1,-8.907655058010278e-8,0.9443759918212891,-3.723279462519713e-8,0.3288677930831909],"p":[-912.072021484375,168.99436950683594,864.0520629882812]},"j":false},{"t":2.147200345993042,"c":{"r":[0.3222646415233612,2.5157385508123298e-8,-0.9466496109962463,-1.6301036964705418e-8,1,2.1025876151270495e-8,0.9466496109962463,8.655472782947982e-9,0.3222646415233612],"p":[-910.5579833984375,168.99436950683594,863.53466796875]},"j":false},{"t":2.214205265045166,"c":{"r":[0.262190043926239,5.3232799501756745e-8,-0.96501624584198,-3.50952724659237e-8,1,4.562738808999711e-8,0.96501624584198,2.190446224403786e-8,0.262190043926239],"p":[-909.0337524414062,168.99436950683594,863.0491943359375]},"j":false},{"t":2.281855583190918,"c":{"r":[0.262190043926239,-6.957362330695105e-8,-0.96501624584198,4.420316201958485e-8,1,-6.008602326801338e-8,0.96501624584198,-2.6902810645879072e-8,0.262190043926239],"p":[-907.4898681640625,168.99436950683594,862.6288452148438]},"j":false},{"t":2.3484017848968506,"c":{"r":[0.24192321300506592,-1.253793691091687e-8,-0.9702953696250916,9.036766002168406e-9,1,-1.0668641081679198e-8,0.9702953696250916,-6.187339973706685e-9,0.24192321300506592],"p":[-905.942138671875,168.99436950683594,862.2227783203125]},"j":false},{"t":2.415557384490967,"c":{"r":[0.2351428121328354,9.125836442080981e-8,-0.9719608426094055,-5.637410538383847e-8,1,8.025261877264711e-8,0.9719608426094055,3.592259645301965e-8,0.2351428121328354],"p":[-904.389404296875,168.99436950683594,861.8360595703125]},"j":false},{"t":2.482482433319092,"c":{"r":[0.1942339390516281,-3.749287103005372e-8,-0.9809552431106567,2.0813638812455793e-8,1,-3.4099574719448356e-8,0.9809552431106567,-1.3793954423135801e-8,0.1942339390516281],"p":[-902.8309936523438,168.99436950683594,861.4752807617188]},"j":false},{"t":2.548103094100952,"c":{"r":[0.16677126288414001,-4.8817888398389186e-8,-0.9859955906867981,2.7560673743209918e-8,1,-4.484965288042986e-8,0.9859955906867981,-1.9695070463399134e-8,0.16677126288414001],"p":[-901.257080078125,168.99436950683594,861.1873168945312]},"j":false},{"t":2.6081695556640625,"c":{"r":[0.10452976077795029,7.082668673774606e-8,-0.9945217370986938,-3.621159194722168e-8,1,6.741078806271616e-8,0.9945217370986938,2.8966782750217135e-8,0.10452976077795029],"p":[-899.873046875,168.99436950683594,860.97802734375]},"j":false},{"t":2.673556327819824,"c":{"r":[0.09063258767127991,1.2070331401048406e-8,-0.9958844184875488,-4.771121275837231e-9,1,1.1686006828881546e-8,0.9958844184875488,3.69235242381194e-9,0.09063258767127991],"p":[-898.2803955078125,168.99436950683594,860.8246459960938]},"j":false},{"t":2.73984956741333,"c":{"r":[0.07671879976987839,-1.1033106517288616e-7,-0.997052788734436,5.9082648107278146e-8,1,-1.0611104528379656e-7,0.997052788734436,-5.076780595913988e-8,0.07671879976987839],"p":[-896.6863403320312,168.99436950683594,860.6837158203125]},"j":false},{"t":2.806779384613037,"c":{"r":[0.06975844502449036,3.210367083283927e-8,-0.997563898563385,-1.9641271720161058e-8,1,3.080857879922405e-8,0.997563898563385,1.744426469940663e-8,0.06975844502449036],"p":[-895.0907592773438,168.99436950683594,860.570068359375]},"j":false},{"t":2.872927188873291,"c":{"r":[0.03490215167403221,4.383705487498446e-8,-0.999390721321106,-2.369450413652885e-8,1,4.303628742263754e-8,0.999390721321106,2.2178008762807622e-8,0.03490215167403221],"p":[-893.4933471679688,168.99436950683594,860.4844360351562]},"j":false},{"t":2.9395360946655273,"c":{"r":[-0.013963130302727222,-7.098766729995987e-8,-0.9999024868011475,4.173139345198251e-8,1,-7.157734671636717e-8,0.9999024868011475,-4.2726771454226764e-8,-0.013963130302727222],"p":[-891.8938598632812,168.99436950683594,860.4609985351562]},"j":false},{"t":3.0070488452911377,"c":{"r":[-0.06278912723064423,-3.14977444126896e-9,-0.9980267882347107,3.4788085745418584e-9,1,-3.3748650540843528e-9,0.9980267882347107,-3.6838492256663358e-9,-0.06278912723064423],"p":[-890.2946166992188,168.99436950683594,860.4987182617188]},"j":false},{"t":3.073294162750244,"c":{"r":[-0.0906325951218605,7.697281034779735e-8,-0.9958844184875488,-3.859576835907319e-8,1,8.080340307969891e-8,0.9958844184875488,4.576034484671254e-8,-0.0906325951218605],"p":[-888.7000122070312,168.99436950683594,860.6301879882812]},"j":false},{"t":3.1392011642456055,"c":{"r":[-0.055820282548666,-4.252585483754956e-8,-0.9984408617019653,2.1313612208473387e-8,1,-4.378385298764442e-8,0.9984408617019653,-2.3724407327563313e-8,-0.055820282548666],"p":[-887.105712890625,168.99436950683594,860.7667236328125]},"j":false},{"t":3.206566095352173,"c":{"r":[0.006983465049415827,-3.764135669825919e-8,-0.9999756217002869,2.205412386047101e-8,1,-3.748825605498496e-8,0.9999756217002869,-2.17917879297147e-8,0.006983465049415827],"p":[-885.5066528320312,168.99436950683594,860.7921142578125]},"j":false},{"t":3.2731306552886963,"c":{"r":[0.006983465049415827,9.532546840773648e-8,-0.9999756217002869,-4.373107387323216e-8,1,9.502239350922537e-8,0.9999756217002869,4.306642154006113e-8,0.006983465049415827],"p":[-883.9070434570312,168.99436950683594,860.7813720703125]},"j":false},{"t":3.3386056423187256,"c":{"r":[0.013964798301458359,-1.2784633796059097e-8,-0.9999024868011475,2.9340267992949975e-9,1,-1.2744902910810652e-8,0.9999024868011475,-2.7557607307215903e-9,0.013964798301458359],"p":[-882.3074340820312,168.99436950683594,860.7608032226562]},"j":false},{"t":3.405965805053711,"c":{"r":[0.027921387925744057,-8.622667024837938e-8,-0.9996101260185242,3.5674585063816266e-8,1,-8.526382799800558e-8,0.9996101260185242,-3.327999209545851e-8,0.027921387925744057],"p":[-880.7078247070312,168.99436950683594,860.7373046875]},"j":false},{"t":3.4729535579681396,"c":{"r":[0.03489942103624344,6.24818952132955e-8,-0.9993908405303955,-2.534669540921186e-8,1,6.163485721799589e-8,0.9993908405303955,2.318023462066776e-8,0.03489942103624344],"p":[-879.10888671875,168.99436950683594,860.6851806640625]},"j":false},{"t":3.541022539138794,"c":{"r":[0.0488504022359848,2.3259037362777235e-8,-0.9988061189651489,-8.990981292811284e-9,1,2.2847100211720317e-8,0.9988061189651489,7.864156437165093e-9,0.0488504022359848],"p":[-877.51025390625,168.99436950683594,860.6256713867188]},"j":false},{"t":3.6060497760772705,"c":{"r":[0.06279126554727554,-1.0131168437510496e-7,-0.9980266690254211,4.501953299040906e-8,1,-9.867957828646468e-8,0.9980266690254211,-3.87344769592346e-8,0.06279126554727554],"p":[-875.9197387695312,168.92286682128906,860.5296020507812]},"j":false},{"t":3.6730241775512695,"c":{"r":[0.06975585222244263,2.151030287222966e-8,-0.9975640773773193,-1.0495915248043275e-8,1,2.0828888835922044e-8,0.9975640773773193,9.01741170622472e-9,0.06975585222244263],"p":[-874.4443359375,168.24217224121094,860.4359130859375]},"j":false},{"t":3.727722406387329,"c":{"r":[0.06975561380386353,9.21479568205541e-8,-0.9975641369819641,-4.2520916565536027e-8,1,8.939965567833497e-8,0.9975641369819641,3.6181212692554254e-8,0.06975561380386353],"p":[-873.372802734375,167.70652770996094,860.3612060546875]},"j":true},{"t":3.734478235244751,"c":{"r":[0.06975846737623215,7.59375140546581e-8,-0.997563898563385,-3.4964731554509854e-8,1,7.367790999524004e-8,0.997563898563385,2.973989410293143e-8,0.06975846737623215],"p":[-873.1942138671875,168.14605712890625,860.3487548828125]},"j":true},{"t":3.7394497394561768,"c":{"r":[0.06975912302732468,5.973392092073482e-8,-0.9975638389587402,-2.7411754643935637e-8,1,5.7962903809993804e-8,0.9975638389587402,2.3301534923803047e-8,0.06975912302732468],"p":[-873.0082397460938,168.5719757080078,860.3357543945312]},"j":false},{"t":3.7415127754211426,"c":{"r":[0.06975912302732468,5.973392092073482e-8,-0.9975638389587402,-2.7411754643935637e-8,1,5.7962903809993804e-8,0.9975638389587402,2.3301534923803047e-8,0.06975912302732468],"p":[-873.0082397460938,168.5719757080078,860.3357543945312]},"j":true},{"t":3.8067984580993652,"c":{"r":[0.055842138826847076,-6.922296336142608e-8,-0.998439610004425,3.178782748136655e-8,1,-6.755327319751814e-8,0.998439610004425,-2.79659051471981e-8,0.055842138826847076],"p":[-871.4163208007812,171.48876953125,860.23486328125]},"j":false},{"t":3.873157024383545,"c":{"r":[0.0558231882750988,-9.953320301292479e-8,-0.998440682888031,4.545912446474176e-8,1,-9.714701576513107e-8,0.998440682888031,-3.9965183162848916e-8,0.0558231882750988],"p":[-869.8186645507812,173.53358459472656,860.14599609375]},"j":false},{"t":3.9398915767669678,"c":{"r":[0.07655847072601318,3.3181080993927026e-8,-0.9970650672912598,-1.643955549468501e-8,1,3.2016458817452076e-8,0.9970650672912598,1.3940176124549453e-8,0.07655847072601318],"p":[-868.2217407226562,174.70640563964844,860.0469970703125]},"j":false},{"t":4.005650281906128,"c":{"r":[0.0906301811337471,1.3455800740302948e-7,-0.9958845973014832,-6.456859580339369e-8,1,1.2923801762099174e-7,0.9958845973014832,5.259001056856505e-8,0.0906301811337471],"p":[-866.6788330078125,175.0072021484375,859.9207763671875]},"j":false},{"t":4.07264518737793,"c":{"r":[0.1045285314321518,3.823265704028245e-9,-0.9945219159126282,-4.729235336675686e-10,1,3.794619285457657e-9,0.9945219159126282,7.36868552286829e-11,0.1045285314321518],"p":[-865.6583862304688,174.43600463867188,859.8351440429688]},"j":false},{"t":4.139126777648926,"c":{"r":[0.24192629754543304,-1.305680257246422e-7,-0.9702946543693542,7.105266064399984e-8,1,-1.1684958423074931e-7,0.9702946543693542,-4.067302583621313e-8,0.24192629754543304],"p":[-865.2713012695312,172.99281311035156,859.8026123046875]},"j":false},{"t":4.205955505371094,"c":{"r":[0.3288677930831909,-4.333588776717079e-8,-0.9443759918212891,2.66510937763087e-8,1,-3.66074566215957e-8,0.9443759918212891,-1.3129639597764253e-8,0.3288677930831909],"p":[-865.2662963867188,170.67762756347656,859.8021850585938]},"j":false},{"t":4.259950876235962,"c":{"r":[0.46329399943351746,6.239480399017339e-8,-0.8862046599388123,-3.684153782046451e-8,1,5.114658563343255e-8,0.8862046599388123,8.953237262687708e-9,0.46329399943351746],"p":[-865.0794067382812,169.86325073242188,859.7212524414062]},"j":true},{"t":4.267069339752197,"c":{"r":[0.5120462775230408,8.039914689561556e-8,-0.8589578866958618,-4.927722585534866e-8,1,6.422541076744892e-8,0.8589578866958618,9.440676684846494e-9,0.5120462775230408],"p":[-864.9734497070312,170.3027801513672,859.6731567382812]},"j":true},{"t":4.273725748062134,"c":{"r":[0.523559033870697,9.816781698646082e-8,-0.8519893884658813,-6.185158696325743e-8,1,7.72132366932965e-8,0.8519893884658813,1.2271205385161466e-8,0.523559033870697],"p":[-864.8616943359375,170.72869873046875,859.6203002929688]},"j":false},{"t":4.275803804397583,"c":{"r":[0.523559033870697,9.816781698646082e-8,-0.8519893884658813,-6.185158696325743e-8,1,7.72132366932965e-8,0.8519893884658813,1.2271205385161466e-8,0.523559033870697],"p":[-864.8616943359375,170.72869873046875,859.6203002929688]},"j":true},{"t":4.3399248123168945,"c":{"r":[0.6425734758377075,9.047989379951105e-8,-0.7662240266799927,-4.786985741134231e-8,1,7.794063350274882e-8,0.7662240266799927,-1.3403549381507673e-8,0.6425734758377075],"p":[-863.7606811523438,173.64549255371094,858.9133911132812]},"j":false},{"t":4.341956615447998,"c":{"r":[0.6425734758377075,9.047989379951105e-8,-0.7662240266799927,-4.786985741134231e-8,1,7.794063350274882e-8,0.7662240266799927,-1.3403549381507673e-8,0.6425734758377075],"p":[-863.7606811523438,173.64549255371094,858.9133911132812]},"j":true},{"t":4.405385494232178,"c":{"r":[0.6427876353263855,1.1789015985641527e-8,-0.7660443782806396,2.0718461613000727e-8,1,3.27743236994138e-8,0.7660443782806396,-3.6938192948809956e-8,0.6427876353263855],"p":[-862.5355224609375,175.6903076171875,857.8869018554688]},"j":false},{"t":4.473036527633667,"c":{"r":[0.7092583179473877,-6.390959583768563e-8,-0.7049487233161926,9.105075804427543e-8,1,9.488733132556604e-10,0.7049487233161926,-6.485910830633657e-8,0.7092583179473877],"p":[-861.3482055664062,176.86312866210938,856.8157348632812]},"j":false},{"t":4.540412425994873,"c":{"r":[0.6949751973152161,-1.2238403712672152e-7,-0.7190337181091309,1.622999405981318e-7,1,-1.3336808102337727e-8,0.7190337181091309,-1.0743038103555591e-7,0.6949751973152161],"p":[-860.218505859375,177.16392517089844,855.6826171875]},"j":false},{"t":4.606700658798218,"c":{"r":[0.6437903046607971,-1.4070304032998138e-8,-0.765201985836029,2.4159520606303886e-8,1,1.938522009581334e-9,0.765201985836029,-1.973491414730688e-8,0.6437903046607971],"p":[-859.0562133789062,176.5927276611328,854.5833740234375]},"j":false},{"t":4.673254013061523,"c":{"r":[0.6101464629173279,1.0491842772353266e-7,-0.7922886610031128,-1.1376386055417242e-7,1,4.4814239430479574e-8,0.7922886610031128,6.279056208313705e-8,0.6101464629173279],"p":[-857.7999267578125,175.1495361328125,853.5928955078125]},"j":false},{"t":4.7394890785217285,"c":{"r":[0.6048017144203186,4.348964210976192e-8,-0.79637610912323,-5.356070786888267e-8,1,1.3933160403212241e-8,0.79637610912323,3.422766781113751e-8,0.6048017144203186],"p":[-856.5323486328125,172.8343505859375,852.6163330078125]},"j":false},{"t":4.8061511516571045,"c":{"r":[0.5240049362182617,-1.4894405708787417e-8,-0.8517152667045593,4.934435526848802e-9,1,-1.4451704721807346e-8,0.8517152667045593,3.37003047690132e-9,0.5240049362182617],"p":[-855.4058227539062,169.7583770751953,851.7916259765625]},"j":false},{"t":4.836587190628052,"c":{"r":[0.45710232853889465,-3.464216291604316e-8,-0.8894141316413879,2.573289314966587e-8,1,-2.5724347096911515e-8,0.8894141316413879,-1.1128538979221503e-8,0.45710232853889465],"p":[-855.0225219726562,169.77720642089844,851.55712890625]},"j":true},{"t":4.840923309326172,"c":{"r":[0.4194539189338684,-4.0774480680738634e-8,-0.9077766537666321,3.2382573067479825e-8,1,-2.9953934443938124e-8,0.9077766537666321,-1.683184969181184e-8,0.4194539189338684],"p":[-854.8546752929688,170.21673583984375,851.463134765625]},"j":true},{"t":4.850739002227783,"c":{"r":[0.4194532036781311,-4.7400394720398253e-8,-0.907776951789856,3.902939127442551e-8,1,-3.4181738328697975e-8,0.907776951789856,-2.1092343871487174e-8,0.4194532036781311],"p":[-854.6808471679688,170.6426544189453,851.37353515625]},"j":true},{"t":4.873329401016235,"c":{"r":[0.33062246441841125,-5.785262047197648e-8,-0.9437630772590637,5.839264005658151e-8,1,-4.084362004164177e-8,0.9437630772590637,-4.1605002110145506e-8,0.33062246441841125],"p":[-854.1309204101562,171.83863830566406,851.1370239257812]},"j":false},{"t":4.939236640930176,"c":{"r":[0.03777909651398659,4.327723246433379e-8,-0.9992861151695251,1.1781359887663712e-7,1,4.776222084501569e-8,0.9992861151695251,-1.195339081050406e-7,0.03777909651398659],"p":[-852.5771484375,174.42845153808594,850.7799682617188]},"j":false},{"t":5.006150245666504,"c":{"r":[0.000004367369456304004,1.0110239401228682e-7,-1,1.461589427265153e-8,1,1.0110245796113304e-7,1,-1.4616335697326122e-8,0.000004367369456304004],"p":[-850.9779663085938,176.14625549316406,850.7604370117188]},"j":false},{"t":5.0725390911102295,"c":{"r":[-0.006948126945644617,1.2106045232940232e-7,-0.999975860118866,-1.0124550442469626e-7,1,1.217668597064403e-7,0.999975860118866,1.0208911049858216e-7,-0.006948126945644617],"p":[-849.4154663085938,176.9920654296875,850.7604370117188]},"j":false},{"t":5.1388750076293945,"c":{"r":[-9.768243103280838e-9,-4.113177354270192e-8,-1,-2.841844093381951e-8,1,-4.113177354270192e-8,1,2.841844093381951e-8,-9.768243991459258e-9],"p":[-848.3516845703125,176.9658660888672,850.7604370117188]},"j":false},{"t":5.206397294998169,"c":{"r":[-0.02093818411231041,-1.1590005755124366e-7,-0.9997807741165161,2.4781794394357348e-8,1,-1.1644447539538305e-7,0.9997807741165161,-2.7214497322347597e-8,-0.02093818411231041],"p":[-847.9235229492188,176.0676727294922,850.7604370117188]},"j":false},{"t":5.272137403488159,"c":{"r":[-0.02093818411231041,1.600831467385433e-9,-0.9997807741165161,3.809184434544477e-8,1,8.034335419182526e-10,0.9997807741165161,-3.806666981631679e-8,-0.02093818411231041],"p":[-847.9127807617188,174.2974853515625,850.7604370117188]},"j":false},{"t":5.340215682983398,"c":{"r":[-0.027667544782161713,1.1904437258181133e-7,-0.9996171593666077,5.142953085623958e-8,1,1.1766648810862534e-7,0.9996171593666077,-4.8154298326608114e-8,-0.027667544782161713],"p":[-847.9053344726562,171.65528869628906,850.7606201171875]},"j":false},{"t":5.384518384933472,"c":{"r":[-0.0697377547621727,6.84478465018401e-8,-0.9975653290748596,1.5572728884194476e-8,1,6.752623704642247e-8,0.9975653290748596,-1.0825687013493734e-8,-0.0697377547621727],"p":[-847.5676879882812,169.67681884765625,850.7733154296875]},"j":true},{"t":5.405838489532471,"c":{"r":[-0.09757894277572632,-1.2885185363131768e-8,-0.9952278137207031,-2.6514294759749646e-8,1,-1.0347328327497962e-8,0.9952278137207031,2.5378081858207224e-8,-0.09757894277572632],"p":[-846.9985961914062,169.7373046875,850.8171997070312]},"j":false},{"t":5.417200803756714,"c":{"r":[-0.10452799499034882,-4.016184007582524e-8,-0.9945219159126282,-4.089233485160548e-8,1,-3.608512244568374e-8,0.9945219159126282,3.689642014137462e-8,-0.10452799499034882],"p":[-846.7996215820312,169.79652404785156,850.8363037109375]},"j":true},{"t":5.424944162368774,"c":{"r":[-0.10452805459499359,-6.724997092533158e-8,-0.9945219159126282,-5.5264230525153835e-8,1,-6.181191736231995e-8,0.9945219159126282,4.8500410798624216e-8,-0.10452805459499359],"p":[-846.6006469726562,170.23605346679688,850.8555908203125]},"j":true},{"t":5.43402624130249,"c":{"r":[-0.10452817380428314,-9.432652348095871e-8,-0.9945219159126282,-6.96299906621789e-8,1,-8.752770952469291e-8,0.9945219159126282,6.009943831486453e-8,-0.10452817380428314],"p":[-846.4016723632812,170.66197204589844,850.8760375976562]},"j":true},{"t":5.472896575927734,"c":{"r":[-0.10452819615602493,-1.0022939989084989e-7,-0.9945219159126282,-5.9171977540017906e-8,1,-9.456227445525656e-8,0.9945219159126282,4.8963407550672855e-8,-0.10452819615602493],"p":[-845.4074096679688,172.587158203125,850.9804077148438]},"j":false},{"t":5.53923225402832,"c":{"r":[-0.10452819615602493,-5.801358682333557e-8,-0.9945219159126282,-9.663756905808896e-9,1,-5.731744323611565e-8,0.9945219159126282,3.619529120868492e-9,-0.10452819615602493],"p":[-843.8165893554688,174.95896911621094,851.1473999023438]},"j":false},{"t":5.607694864273071,"c":{"r":[-0.10452819615602493,-1.5941893138915475e-8,-0.9945219159126282,3.967555883832574e-8,1,-2.0199763639539015e-8,0.9945219159126282,-4.15696597144688e-8,-0.10452819615602493],"p":[-842.2257690429688,176.45877075195312,851.3143920898438]},"j":false},{"t":5.672146558761597,"c":{"r":[-0.09077893197536469,2.5278653836835474e-8,-0.9958710670471191,8.861980660412883e-8,1,1.730529497478983e-8,0.9958710670471191,-8.668294526614773e-8,-0.09077893197536469],"p":[-840.634033203125,177.08657836914062,851.4752807617188]},"j":false},{"t":5.7330732345581055,"c":{"r":[-0.06991688907146454,6.08605787988381e-8,-0.9975528120994568,1.3070798843273224e-7,1,5.1848768833906433e-8,0.9975528120994568,-1.2676302674208273e-7,-0.06991688907146454],"p":[-839.2388305664062,176.92059326171875,851.5924072265625]},"j":false},{"t":5.797881603240967,"c":{"r":[0.006846302654594183,5.306149475359234e-8,-0.9999765753746033,1.0123439153630898e-7,1,5.375583711497711e-8,0.9999765753746033,-1.0160004393355848e-7,0.006846302654594183],"p":[-837.666259765625,175.9134063720703,851.6817016601562]},"j":false},{"t":5.864629030227661,"c":{"r":[0.05582018941640854,-3.8027259563477855e-8,-0.9984408617019653,-9.123201749616783e-8,1,-4.3187185383430915e-8,0.9984408617019653,9.350048912892817e-8,0.05582018941640854],"p":[-836.5638427734375,174.0342254638672,851.730224609375]},"j":false},{"t":5.932383298873901,"c":{"r":[0.05581850931048393,-3.452142038895545e-8,-0.9984409213066101,-7.432564785858631e-8,1,-3.8730547657905845e-8,0.9984409213066101,7.637164856078016e-8,0.05581850931048393],"p":[-836.0963745117188,171.28302001953125,851.7507934570312]},"j":false},{"t":5.992461204528809,"c":{"r":[0.05581850931048393,-1.3120523334464451e-8,-0.9984409213066101,-1.7667485252559345e-8,1,-1.4128723080375494e-8,0.9984409213066101,1.8428584880325616e-8,0.05581850931048393],"p":[-836.050048828125,169.74624633789062,851.7499389648438]},"j":true},{"t":6.000787258148193,"c":{"r":[0.05581850931048393,-1.006847849538417e-8,-0.9984409213066101,-9.587286520229554e-9,1,-1.0620183843457198e-8,0.9984409213066101,1.0165141617335394e-8,0.05581850931048393],"p":[-835.9822387695312,169.80322265625,851.74609375]},"j":true},{"t":6.008880376815796,"c":{"r":[0.05581850931048393,-7.017738390402428e-9,-0.9984409213066101,-1.5105383610602985e-9,1,-7.113144295800566e-9,0.9984409213066101,1.9052284194742697e-9,0.05581850931048393],"p":[-835.9047241210938,170.2427520751953,851.74169921875]},"j":true},{"t":6.016383171081543,"c":{"r":[0.05581866204738617,-3.968303019519226e-9,-0.9984409213066101,6.562760113126842e-9,1,-3.6076033271825736e-9,0.9984409213066101,-6.351156933703805e-9,0.05581866204738617],"p":[-835.8197631835938,170.66867065429688,851.7369384765625]},"j":true},{"t":6.064184665679932,"c":{"r":[0.05581871420145035,1.4300987949411592e-8,-0.9984409213066101,5.493018662150462e-8,1,1.739423893809544e-8,0.9984409213066101,-5.581546957955652e-8,0.05581871420145035],"p":[-835.1017456054688,172.93801879882812,851.6968383789062]},"j":false},{"t":6.1308510303497314,"c":{"r":[0.05582479387521744,3.8586687622910176e-8,-0.9984405636787415,1.1922749365567142e-7,1,4.531320030309871e-8,0.9984405636787415,-1.2157116202615725e-7,0.05582479387521744],"p":[-833.6326904296875,175.20082092285156,851.6148071289062]},"j":false},{"t":6.197794437408447,"c":{"r":[0.05582467466592789,4.0573876702865164e-8,-0.9984405636787415,1.1856384674047149e-7,1,4.7266372149579183e-8,0.9984405636787415,-1.2101757818072656e-7,0.05582467466592789],"p":[-832.0350341796875,176.59164428710938,851.5259399414062]},"j":false},{"t":6.264984846115112,"c":{"r":[0.05582490190863609,-2.397933585029932e-8,-0.9984405636787415,-7.599072660013917e-8,1,-2.8265588980502798e-8,0.9984405636787415,7.745015295768098e-8,0.05582490190863609],"p":[-830.489501953125,177.11044311523438,851.4398193359375]},"j":false},{"t":6.331170558929443,"c":{"r":[0.05582490190863609,-2.7818268577561867e-8,-0.9984405636787415,-8.401250539691318e-8,1,-3.255903280319217e-8,0.9984405636787415,8.569909937250486e-8,0.05582490190863609],"p":[-829.4671020507812,176.7572479248047,851.3826293945312]},"j":false},{"t":6.3972487449646,"c":{"r":[0.05582469701766968,-4.1939660633261155e-9,-0.9984405636787415,-7.665214241114882e-9,1,-4.629093108832194e-9,0.9984405636787415,7.911679311689568e-9,0.05582469701766968],"p":[-829.0296630859375,175.5320587158203,851.358154296875]},"j":false},{"t":6.464580297470093,"c":{"r":[0.055824704468250275,1.9349602808915733e-8,-0.9984405636787415,6.842160615860848e-8,1,2.3205405597082063e-8,0.9984405636787415,-6.961034415553513e-8,0.055824704468250275],"p":[-828.2848510742188,173.43487548828125,851.3164672851562]},"j":false},{"t":6.532456159591675,"c":{"r":[0.05582478269934654,3.181703434051997e-8,-0.9984405636787415,1.0718028420342307e-7,1,3.785939028944085e-8,0.9984405636787415,-1.0912663839235393e-7,0.05582478269934654],"p":[-826.914306640625,170.46566772460938,851.2398681640625]},"j":false},{"t":6.5504186153411865,"c":{"r":[0.055824872106313705,1.569314456162374e-8,-0.9984405636787415,5.2007013806587565e-8,1,1.86254744960479e-8,0.9984405636787415,-5.2965674512961414e-8,0.055824872106313705],"p":[-826.5149536132812,169.70147705078125,851.2176513671875]},"j":true},{"t":6.583390474319458,"c":{"r":[0.055824872106313705,-1.6513258316308566e-8,-0.9984405636787415,-5.819823556407755e-8,1,-1.979303299037838e-8,0.9984405636787415,5.921242163253737e-8,0.055824872106313705],"p":[-825.7235717773438,169.75546264648438,851.173583984375]},"j":true},{"t":6.592456579208374,"c":{"r":[0.055824872106313705,-2.4556252142815538e-8,-0.9984405636787415,-8.572013854291072e-8,1,-2.9387395628077684e-8,0.9984405636787415,8.722700783891923e-8,0.055824872106313705],"p":[-825.5337524414062,170.19839477539062,851.1629638671875]},"j":true},{"t":6.5988593101501465,"c":{"r":[0.04910190403461456,-3.3189344605943916e-8,-0.9987937808036804,-1.1328734217386227e-7,1,-3.879877041867985e-8,0.9987937808036804,1.1505578356718615e-7,0.04910190403461456],"p":[-825.3374633789062,170.63111877441406,851.1519775390625]},"j":false},{"t":6.600674629211426,"c":{"r":[0.04910190403461456,-3.3189344605943916e-8,-0.9987937808036804,-1.1328734217386227e-7,1,-3.879877041867985e-8,0.9987937808036804,1.1505578356718615e-7,0.04910190403461456],"p":[-825.3374633789062,170.63111877441406,851.1519775390625]},"j":true},{"t":6.617658615112305,"c":{"r":[0.04889984801411629,-3.4526049574878925e-8,-0.9988036751747131,-1.1808819522229896e-7,1,-4.034881229131315e-8,0.9988036751747131,1.199199743950885e-7,0.04889984801411629],"p":[-824.9384765625,171.4556884765625,851.1320190429688]},"j":true},{"t":6.663506984710693,"c":{"r":[0.04201502725481987,-2.43448923242795e-8,-0.9991169571876526,-8.220103353551167e-8,1,-2.7823139348015502e-8,0.9991169571876526,8.329743650392629e-8,0.04201502725481987],"p":[-823.7401123046875,173.6024169921875,851.074462890625]},"j":false},{"t":6.731078863143921,"c":{"r":[0.020947765558958054,-1.0700581754008454e-8,-0.9997805953025818,-3.4171751650546867e-8,1,-1.1418909373617225e-8,0.9997805953025818,3.4403456083964556e-8,0.020947765558958054],"p":[-822.3350219726562,175.7017364501953,851.0154418945312]},"j":false},{"t":6.798072099685669,"c":{"r":[0.013964476063847542,4.415074972285993e-9,-0.9999024868011475,1.3838748813554957e-8,1,4.608775139303134e-9,0.9999024868011475,-1.3901757967005324e-8,0.013964476063847542],"p":[-821.5499877929688,176.92904663085938,850.9825439453125]},"j":false},{"t":6.864444017410278,"c":{"r":[0.006987315136939287,1.9940806339491246e-8,-0.9999755620956421,6.175491051862991e-8,1,2.037280388833551e-8,0.9999755620956421,-6.189575429971228e-8,0.006987315136939287],"p":[-821.3767700195312,177.2843475341797,850.9752807617188]},"j":false},{"t":6.931266784667969,"c":{"r":[-0.006978893186897039,3.6263131164560036e-8,-0.9999756217002869,1.0969523600579123e-7,1,3.5498445072335016e-8,0.9999756217002869,-1.0944482653485466e-7,-0.006978893186897039],"p":[-821.3767700195312,176.7676544189453,850.9752807617188]},"j":false},{"t":6.998176574707031,"c":{"r":[-0.013965887017548084,5.218430487730075e-8,-0.9999024868011475,1.5765297689540603e-7,1,4.998741687245456e-8,0.9999024868011475,-1.5693947830186517e-7,-0.013965887017548084],"p":[-821.3693237304688,175.37896728515625,850.9754028320312]},"j":false},{"t":7.063922643661499,"c":{"r":[-0.01396568026393652,1.7800948270974004e-8,-0.9999024868011475,5.4868408483343956e-8,1,1.70363350093794e-8,0.9999024868011475,-5.462513286147441e-8,-0.01396568026393652],"p":[-820.9523315429688,173.11827087402344,850.9812622070312]},"j":false},{"t":7.075218200683594,"c":{"r":[-0.01396570447832346,8.712953913914134e-9,-0.9999024868011475,2.740484816854405e-8,1,8.33103896979992e-9,0.9999024868011475,-2.7285826931233714e-8,-0.01396570447832346],"p":[-820.8555297851562,172.7743682861328,850.9826049804688]},"j":true},{"t":7.1254799365997314,"c":{"r":[-0.02080068364739418,-3.469064679961775e-8,-0.9997836351394653,-1.0292971808212314e-7,1,-3.25566809067368e-8,0.9997836351394653,1.0223024560218619e-7,-0.02080068364739418],"p":[-820.0445556640625,170.4248504638672,850.9946899414062]},"j":true},{"t":7.1316046714782715,"c":{"r":[-0.020894194021821022,-3.213893862152872e-8,-0.9997816681861877,-9.607659023913584e-8,1,-3.013807514662403e-8,0.9997816681861877,9.542590362343617e-8,-0.020894194021821022],"p":[-819.8477783203125,169.98556518554688,850.998779296875]},"j":false},{"t":7.1746625900268555,"c":{"r":[-0.020942172035574913,-1.932775361979111e-8,-0.9997807145118713,-6.186125744989113e-8,1,-1.8036200088999976e-8,0.9997807145118713,6.146997577616276e-8,-0.020942172035574913],"p":[-818.8485107421875,169.8821563720703,851.01953125]},"j":true},{"t":7.183799505233765,"c":{"r":[-0.020942246541380882,-1.676745853274042e-8,-0.9997807145118713,-5.5027076228952865e-8,1,-1.5618493165447944e-8,0.9997807145118713,5.4687919970319854e-8,-0.020942246541380882],"p":[-818.6485595703125,170.32168579101562,851.023681640625]},"j":true},{"t":7.191153287887573,"c":{"r":[-0.02094225026667118,-1.4208249687897023e-8,-0.9997807145118713,-4.819580823323122e-8,1,-1.3201816528862764e-8,0.9997807145118713,4.7908763178838853e-8,-0.02094225026667118],"p":[-818.4486083984375,170.7476043701172,851.02783203125]},"j":true},{"t":7.197958946228027,"c":{"r":[-0.020942283794283867,-1.1650132414331438e-8,-0.9997807145118713,-4.136745701543987e-8,1,-1.0786168402887597e-8,0.9997807145118713,4.11324982962924e-8,-0.020942283794283867],"p":[-818.2486572265625,171.15988159179688,851.031982421875]},"j":false},{"t":7.264477968215942,"c":{"r":[-0.020942291244864464,8.775534077187785e-9,-0.9997807145118713,1.31544970471964e-8,1,8.501913839609188e-9,0.9997807145118713,-1.297356266860561e-8,-0.020942291244864464],"p":[-816.6490478515625,173.9676971435547,851.065185546875]},"j":false},{"t":7.3310980796813965,"c":{"r":[-0.02094230055809021,2.913153629435783e-8,-0.9997807145118713,6.749053937937788e-8,1,2.7724208706558784e-8,0.9997807145118713,-6.689512588309299e-8,-0.02094230055809021],"p":[-815.0494384765625,175.90350341796875,851.098388671875]},"j":false},{"t":7.397754907608032,"c":{"r":[-0.01395813561975956,4.9280526326356267e-8,-0.999902606010437,1.2151737394106021e-7,1,4.758900828960577e-8,0.999902606010437,-1.2084129252798448e-7,-0.01395813561975956],"p":[-813.4498291015625,176.96731567382812,851.1224975585938]},"j":false},{"t":7.465103387832642,"c":{"r":[-7.616971231527714e-8,6.135613972446663e-8,-1,1.5895706440005597e-7,1,6.135612551361191e-8,1,-1.5895706440005597e-7,-7.61697194207045e-8],"p":[-811.9022216796875,177.15911865234375,851.1441650390625]},"j":false},{"t":7.531102657318115,"c":{"r":[-8.230404802134217e-8,-1.8662749567965875e-8,-1,-4.8282892350925977e-8,1,-1.8662744238895357e-8,1,4.8282892350925977e-8,-8.230404802134217e-8],"p":[-810.8782958984375,176.4789276123047,851.158447265625]},"j":false},{"t":7.597787857055664,"c":{"r":[-8.230514225715524e-8,-3.55038274335584e-8,-1,-9.194423711278432e-8,1,-3.550381677541736e-8,1,9.194423000735696e-8,-8.23051493625826e-8],"p":[-810.4899291992188,174.92672729492188,851.1638793945312]},"j":false},{"t":7.6651318073272705,"c":{"r":[-1.6587623719033218e-8,-1.460914322848339e-8,-1,-3.7900615978969654e-8,1,-1.460914322848339e-8,1,3.7900615978969654e-8,-1.6587625495390057e-8],"p":[-810.4327392578125,172.50253295898438,851.1639404296875]},"j":false},{"t":7.685595273971558,"c":{"r":[2.1135845074127246e-8,-9.396631028835145e-9,-1,-2.441855251333891e-8,1,-9.396631917013565e-9,1,2.441855251333891e-8,2.1135845074127246e-8],"p":[-810.3483276367188,171.76023864746094,851.1639404296875]},"j":true},{"t":7.708327770233154,"c":{"r":[-2.199722359819134e-8,-1.5862134938871009e-9,-1,-4.217043159115974e-9,1,-1.5862133828647984e-9,1,4.217043159115974e-9,-2.199722359819134e-8],"p":[-810.1256713867188,170.5446014404297,851.1639404296875]},"j":true},{"t":7.730905532836914,"c":{"r":[-3.859570885111907e-9,6.214197156850787e-9,-1,1.595858734049216e-8,1,6.214196712761577e-9,1,-1.595858734049216e-8,-3.859571329201117e-9],"p":[-809.615478515625,169.71218872070312,851.163940429