{"v":1,"name":"macro1_macro2_merged","d":[{"t":0.0632472038269043,"c":{"r":[0.0558185800909996,6.04741288157129e-8,-0.9984409213066101,3.985330110367613e-8,1,6.279658748553629e-8,0.9984409213066101,-4.329638159106253e-8,0.0558185800909996],"p":[-957.1480102539062,168.7943878173828,876.90771484375]},"j":false},{"t":0.12333059310913086,"c":{"r":[0.0558185800909996,-4.0265426548558025e-8,-0.9984409213066101,-2.617811567517947e-8,1,-4.1791807348090515e-8,0.9984409213066101,2.8470061863572482e-8,0.0558185800909996],"p":[-956.1250610351562,168.79537963867188,876.8505249023438]},"j":false},{"t":0.1874094009399414,"c":{"r":[0.0558185800909996,-4.390168939494288e-8,-0.9984409213066101,-2.874400983898795e-8,1,-4.557719535114302e-8,0.9984409213066101,3.1243249765111614e-8,0.0558185800909996],"p":[-954.6284790039062,168.8268280029297,876.7672119140625]},"j":false},{"t":0.24907159805297852,"c":{"r":[0.0558185800909996,7.110028121815049e-8,-0.9984409213066101,4.624645555395546e-8,1,7.379674826779592e-8,0.9984409213066101,-5.029358263186623e-8,0.0558185800909996],"p":[-953.1325073242188,168.8946533203125,876.6838989257812]},"j":false},{"t":0.30912303924560547,"c":{"r":[0.15987983345985413,7.654612055318921e-9,-0.9871364831924438,9.697323832824623e-9,1,9.32497012939848e-9,0.9871364831924438,-1.1063456817339556e-8,0.15987983345985413],"p":[-951.6370849609375,168.96322631835938,876.5863647460938]},"j":false},{"t":0.37479519844055176,"c":{"r":[0.30901625752449036,-8.565369569168979e-8,-0.9510567784309387,-3.333241593850289e-8,1,-1.0089193125395468e-7,0.9510567784309387,6.287826437301192e-8,0.30901625752449036],"p":[-950.0792236328125,168.9912109375,876.2308959960938]},"j":false},{"t":0.44232749938964844,"c":{"r":[0.36162206530570984,3.2521835890975126e-8,-0.9323247671127319,7.836256088467053e-9,1,3.792197844632028e-8,0.9323247671127319,-2.1019358698026736e-8,0.36162206530570984],"p":[-948.5748291015625,168.994140625,875.6870727539062]},"j":false},{"t":0.5074095726013184,"c":{"r":[0.3616234064102173,4.401746878102131e-8,-0.932324230670929,1.4438314543951947e-8,1,5.281285098135413e-8,0.932324230670929,-3.255955505210295e-8,0.3616234064102173],"p":[-947.0826416015625,168.99436950683594,875.1089477539062]},"j":false},{"t":0.5750906467437744,"c":{"r":[0.36162319779396057,-7.785627076373203e-8,-0.9323243498802185,-2.0687050295009612e-8,1,-9.153165336783786e-8,0.9323243498802185,5.238700850895839e-8,0.36162319779396057],"p":[-945.5904541015625,168.99436950683594,874.5308227539062]},"j":false},{"t":0.6429431438446045,"c":{"r":[0.36812299489974976,2.8243409833095257e-9,-0.9297770857810974,8.800649098361646e-11,1,3.0724980337737406e-9,0.9297770857810974,-1.2128835713554054e-9,0.36812299489974976],"p":[-944.1026000976562,168.99436950683594,873.9429321289062]},"j":false},{"t":0.7076067924499512,"c":{"r":[0.36812299489974976,9.010113899421412e-8,-0.9297770857810974,2.3038952079446062e-8,1,1.0602789757285791e-7,0.9297770857810974,-6.045240041885336e-8,0.36812299489974976],"p":[-942.708251953125,168.99436950683594,873.390869140625]},"j":false},{"t":0.7738094329833984,"c":{"r":[0.34857019782066345,-3.662355041456067e-8,-0.9372826814651489,-1.0486666646158938e-8,1,-4.2974111380544855e-8,0.9372826814651489,2.4808464615944104e-8,0.34857019782066345],"p":[-941.2167358398438,168.99436950683594,872.8124389648438]},"j":false},{"t":0.8413097858428955,"c":{"r":[0.34857019782066345,-2.6404435971016937e-8,-0.9372826814651489,-7.229044030054865e-9,1,-3.085970234906199e-8,0.9372826814651489,1.7532430618416583e-8,0.34857019782066345],"p":[-939.6229858398438,168.99436950683594,872.219970703125]},"j":false},{"t":0.908111572265625,"c":{"r":[0.34857019782066345,7.83770275347706e-8,-0.9372826814651489,2.244621200020447e-8,1,9.196917005738214e-8,0.9372826814651489,-5.309615502824272e-8,0.34857019782066345],"p":[-938.1229858398438,168.99436950683594,871.662353515625]},"j":false},{"t":0.9751632213592529,"c":{"r":[0.34857019782066345,-7.149528524763582e-9,-0.9372826814651489,-2.1686752393890174e-9,1,-8.434450471384025e-9,0.9372826814651489,4.972659617408226e-9,0.34857019782066345],"p":[-936.6229858398438,168.99436950683594,871.104736328125]},"j":false},{"t":1.0422382354736328,"c":{"r":[0.3288641571998596,-6.156717091698738e-8,-0.9443772435188293,-1.832348317520882e-8,1,-7.157426296089398e-8,0.9443772435188293,4.084249027869191e-8,0.3288641571998596],"p":[-935.1180419921875,168.99436950683594,870.5618286132812]},"j":false},{"t":1.108492136001587,"c":{"r":[0.3288641571998596,4.981989931707176e-8,-0.9443772435188293,1.572658625548229e-8,1,5.823076421052065e-8,0.9443772435188293,-3.400184311885823e-8,0.3288641571998596],"p":[-933.6074829101562,168.9761962890625,870.0352172851562]},"j":false},{"t":1.174544095993042,"c":{"r":[0.3288641571998596,2.7255325107944373e-8,-0.9443772435188293,8.28554380660762e-9,1,3.174594098709349e-8,0.9443772435188293,-1.826477991073716e-8,0.3288641571998596],"p":[-932.0988159179688,168.88966369628906,869.5098266601562]},"j":false},{"t":1.2420604228973389,"c":{"r":[0.3288641571998596,-8.459456779519314e-8,-0.9443772435188293,-2.6728585567070695e-8,1,-9.888489671538991e-8,0.9443772435188293,5.776156442038882e-8,0.3288641571998596],"p":[-930.5884399414062,168.84649658203125,868.9838256835938]},"j":false},{"t":1.3089439868927002,"c":{"r":[0.32226473093032837,1.235557256507036e-8,-0.9466496109962463,4.216123006273165e-9,1,1.448717679153333e-8,0.9466496109962463,-8.659896799656508e-9,0.32226473093032837],"p":[-929.172119140625,168.82177734375,868.4903564453125]},"j":false},{"t":1.3745548725128174,"c":{"r":[0.31564605236053467,7.254016054503154e-8,-0.9488769769668579,2.397854181879211e-8,1,8.442494703331249e-8,0.9488769769668579,-4.940108766504636e-8,0.31564605236053467],"p":[-927.656494140625,168.80979919433594,867.97802734375]},"j":false},{"t":1.4427289962768555,"c":{"r":[0.3090147376060486,-6.234420624195991e-8,-0.9510572552680969,-2.120241404668377e-8,1,-7.244155142416275e-8,0.9510572552680969,4.2550215795245094e-8,0.3090147376060486],"p":[-926.0419311523438,168.83905029296875,867.44921875]},"j":false},{"t":1.5069854259490967,"c":{"r":[0.3090147376060486,-1.9248457050480283e-8,-0.9510572552680969,-6.3748810674724155e-9,1,-2.231031714927667e-8,0.9510572552680969,1.295709406434753e-8,0.3090147376060486],"p":[-924.616455078125,168.88490295410156,866.9859619140625]},"j":false},{"t":1.5694737434387207,"c":{"r":[0.3090147376060486,8.249065075460749e-8,-0.9510572552680969,2.8274216745671765e-8,1,9.592250904688626e-8,0.9510572552680969,-5.6531867187459284e-8,0.3090147376060486],"p":[-923.1909790039062,168.93280029296875,866.522705078125]},"j":false},{"t":1.6336674690246582,"c":{"r":[0.3090147376060486,-1.1940643140917473e-8,-0.9510572552680969,-4.192789226920013e-9,1,-1.3917434316113031e-8,0.9510572552680969,8.288274955248198e-9,0.3090147376060486],"p":[-921.6697387695312,168.97845458984375,866.028564453125]},"j":false},{"t":1.7003669738769531,"c":{"r":[0.3090147376060486,-6.029966215237437e-8,-0.9510572552680969,-2.074368765647705e-8,1,-7.014274672201282e-8,0.9510572552680969,4.140357745541223e-8,0.3090147376060486],"p":[-920.1482543945312,168.9928741455078,865.534423828125]},"j":false},{"t":1.7668676376342773,"c":{"r":[0.3090147376060486,5.5439446811078597e-8,-0.9510572552680969,1.9181166877046962e-8,1,6.452472689488786e-8,0.9510572552680969,-3.8181479311560906e-8,0.3090147376060486],"p":[-918.6267700195312,168.99429321289062,865.040283203125]},"j":false},{"t":1.833977222442627,"c":{"r":[0.3090147376060486,2.087798200989255e-8,-0.9510572552680969,7.189758566283899e-9,1,2.428846812563279e-8,0.9510572552680969,-1.4343366494529164e-8,0.3090147376060486],"p":[-917.1052856445312,168.99436950683594,864.546142578125]},"j":false},{"t":1.8991167545318604,"c":{"r":[0.3090147376060486,-9.560302771660645e-8,-0.9510572552680969,-3.3094686102685955e-8,1,-1.1127592358661786e-7,0.9510572552680969,6.586083856063851e-8,0.3090147376060486],"p":[-915.6788940429688,168.99436950683594,864.0828857421875]},"j":false},{"t":1.967461347579956,"c":{"r":[0.3090147376060486,2.4840600687525694e-8,-0.9510572552680969,8.623752378866811e-9,1,2.8920936756549054e-8,0.9510572552680969,-1.7138678032324606e-8,0.3090147376060486],"p":[-914.0623168945312,168.99436950683594,863.557861328125]},"j":false},{"t":2.0338220596313477,"c":{"r":[0.2957059442996979,5.1047916116431225e-8,-0.9552789926528931,1.7543595021152214e-8,1,5.886831289103611e-8,0.9552789926528931,-3.416673877154608e-8,0.2957059442996979],"p":[-912.5387573242188,168.99436950683594,863.0695190429688]},"j":false},{"t":2.100679636001587,"c":{"r":[0.2756357789039612,-6.926019580077991e-8,-0.9612621665000916,-2.608727456276938e-8,1,-7.953166658580813e-8,0.9612621665000916,4.699848332734291e-8,0.2756357789039612],"p":[-911.0074462890625,168.99436950683594,862.6060180664062]},"j":false},{"t":2.166316509246826,"c":{"r":[0.24868784844875336,-1.4880336962619367e-8,-0.9685837030410767,-5.677122327796269e-9,1,-1.6820610682088954e-8,0.9685837030410767,9.681849100218187e-9,0.24868784844875336],"p":[-909.5615234375,168.99436950683594,862.2067260742188]},"j":false},{"t":2.2335190773010254,"c":{"r":[0.2419203519821167,7.326197959400815e-8,-0.9702960848808289,2.833483314645946e-8,1,8.256938599515706e-8,0.9702960848808289,-4.7468393660210495e-8,0.2419203519821167],"p":[-907.9124145507812,168.99436950683594,861.7930297851562]},"j":false},{"t":2.3006086349487305,"c":{"r":[0.22834782302379608,-3.642984225393775e-8,-0.9735796451568604,-1.5237684891644676e-8,1,-4.099236861065947e-8,0.9735796451568604,2.41956161772805e-8,0.22834782302379608],"p":[-906.3575439453125,168.99436950683594,861.4161987304688]},"j":false},{"t":2.3662428855895996,"c":{"r":[0.20790959894657135,-4.33166640334548e-8,-0.9781480431556702,-1.7066355439965264e-8,1,-4.79118895668762e-8,0.9781480431556702,2.66547637295389e-8,0.20790959894657135],"p":[-904.7967529296875,168.99436950683594,861.0636596679688]},"j":false},{"t":2.434875726699829,"c":{"r":[0.1736471951007843,8.360913739124953e-8,-0.9848079085350037,4.053636004641703e-8,1,9.204654105587906e-8,0.9848079085350037,-5.590415241840674e-8,0.1736471951007843],"p":[-903.2265625,168.99436950683594,860.757080078125]},"j":false},{"t":2.5008299350738525,"c":{"r":[0.15987996757030487,-4.8085877502046515e-9,-0.9871364831924438,-3.780987078982889e-9,1,-5.4836304386185475e-9,0.9871364831924438,4.6090726790737335e-9,0.15987996757030487],"p":[-901.6505126953125,168.99436950683594,860.480224609375]},"j":false},{"t":2.5666215419769287,"c":{"r":[0.11840180307626724,-7.367678733771754e-8,-0.9929657578468323,-3.961777750305373e-8,1,-7.892276698839851e-8,0.9929657578468323,4.8683695297313534e-8,0.11840180307626724],"p":[-900.1661376953125,168.99436950683594,860.2658081054688]},"j":false},{"t":2.626988172531128,"c":{"r":[0.09757985919713974,3.4983798968823976e-8,-0.9952276945114136,1.8511338240045916e-8,1,3.696654715668046e-8,0.9952276945114136,-2.203018745206009e-8,0.09757985919713974],"p":[-898.67578125,168.99436950683594,860.0963134765625]},"j":false},{"t":2.6905078887939453,"c":{"r":[0.09062924981117249,5.249323464795452e-8,-0.9958847165107727,2.8801519391663533e-8,1,5.5331199177999224e-8,0.9958847165107727,-3.369761714111519e-8,0.09062924981117249],"p":[-897.1820678710938,168.99436950683594,859.956787109375]},"j":false},{"t":2.7592878341674805,"c":{"r":[0.08367504179477692,-8.2992649197422e-8,-0.9964931011199951,-4.3980456609915564e-8,1,-8.697774234178723e-8,0.9964931011199951,5.110408807240674e-8,0.08367504179477692],"p":[-895.4887084960938,168.99436950683594,859.80322265625]},"j":false},{"t":2.8247523307800293,"c":{"r":[0.06975343823432922,-3.5148688404262884e-9,-0.9975642561912537,-1.407838512434978e-9,1,-3.621892563643314e-9,0.9975642561912537,1.6570488314826548e-9,0.06975343823432922],"p":[-893.9932861328125,168.99436950683594,859.684814453125]},"j":false},{"t":2.891813039779663,"c":{"r":[0.034899041056632996,7.727494732989726e-8,-0.9993908405303955,4.1977155973427216e-8,1,7.878790597715124e-8,0.9993908405303955,-4.470120629207486e-8,0.034899041056632996],"p":[-892.2970581054688,168.99436950683594,859.575927734375]},"j":false},{"t":2.9580471515655518,"c":{"r":[0.013961204327642918,-4.945049880689112e-8,-0.9999025464057922,-2.8112735250829246e-8,1,-4.98478449628692e-8,0.9999025464057922,2.8805930085695763e-8,0.013961204327642918],"p":[-890.6976928710938,168.99436950683594,859.53662109375]},"j":false},{"t":3.02396297454834,"c":{"r":[0.013961204327642918,-3.2542924799372486e-8,-0.9999025464057922,-1.81233819063209e-8,1,-3.279914650988758e-8,0.9999025464057922,1.8579530802753652e-8,0.013961204327642918],"p":[-889.1980590820312,168.99436950683594,859.5155639648438]},"j":false},{"t":3.091062545776367,"c":{"r":[0.013961204327642918,8.17715246625994e-8,-0.9999025464057922,4.667689523785157e-8,1,8.243122096018851e-8,0.9999025464057922,-4.782318541174391e-8,0.013961204327642918],"p":[-887.5984497070312,168.99436950683594,859.4931030273438]},"j":false},{"t":3.157707452774048,"c":{"r":[0.013961204327642918,-5.641020983659928e-9,-0.9999025464057922,-3.3848797098556815e-9,1,-5.688832516170805e-9,0.9999025464057922,3.4639726642637925e-9,0.013961204327642918],"p":[-885.9988403320312,168.99436950683594,859.4706420898438]},"j":false},{"t":3.2250235080718994,"c":{"r":[0.013961204327642918,-5.5596402148694324e-8,-0.9999025464057922,-3.1820206913835136e-8,1,-5.604611175158425e-8,0.9999025464057922,3.259957992440832e-8,0.013961204327642918],"p":[-884.2992553710938,168.99436950683594,859.44677734375]},"j":false},{"t":3.291835069656372,"c":{"r":[0.013961204327642918,5.580198703114547e-8,-0.9999025464057922,3.216224797597533e-8,1,5.625649279750178e-8,0.9999025464057922,-3.2944520000910416e-8,0.013961204327642918],"p":[-882.6996459960938,168.99436950683594,859.42431640625]},"j":false},{"t":3.3583595752716064,"c":{"r":[0.006978916935622692,2.688294209463038e-8,-0.9999756217002869,1.5205580794486195e-8,1,2.698971712788989e-8,0.9999756217002869,-1.5393569086086245e-8,0.006978916935622692],"p":[-881.1000366210938,168.99436950683594,859.40185546875]},"j":false},{"t":3.42392635345459,"c":{"r":[0.006978916935622692,-8.096762371678778e-8,-0.9999756217002869,-4.7553488258245125e-8,1,-8.130147222118467e-8,0.9999756217002869,4.811972331708603e-8,0.006978916935622692],"p":[-879.5004272460938,168.99436950683594,859.3905029296875]},"j":false},{"t":3.491366147994995,"c":{"r":[-0.006983476225286722,1.3984745805828425e-8,-0.9999756217002869,9.888579732830749e-9,1,1.3916028329674646e-8,0.9999756217002869,-9.791156330152262e-9,-0.006983476225286722],"p":[-878.0007934570312,168.99436950683594,859.3917846679688]},"j":false},{"t":3.557520627975464,"c":{"r":[-0.006984191481024027,8.516551730508581e-8,-0.9999756217002869,5.266620561883428e-8,1,8.479975832642594e-8,0.9999756217002869,-5.207266084994444e-8,-0.006984191481024027],"p":[-876.4017333984375,168.98416137695312,859.4025268554688]},"j":false},{"t":3.6248228549957275,"c":{"r":[-0.006984191481024027,-6.403458030490583e-8,-0.9999756217002869,-4.0640518506052103e-8,1,-6.375229588684306e-8,0.9999756217002869,4.019426924628533e-8,-0.006984191481024027],"p":[-874.7846069335938,168.42674255371094,859.4136962890625]},"j":false},{"t":3.6626763343811035,"c":{"r":[-0.006984191481024027,-7.133413504334385e-8,-0.9999756217002869,-4.4916539820860635e-8,1,-7.102215704435366e-8,0.9999756217002869,4.441941214849976e-8,-0.006984191481024027],"p":[-874.0691528320312,168.06016540527344,859.4185791015625]},"j":true},{"t":3.669816017150879,"c":{"r":[-0.0000034710392355918884,-5.716737661032312e-8,-1,-3.620407085236366e-8,1,-5.716725226534436e-8,1,3.6203871900397644e-8,-0.0000034710392355918884],"p":[-873.8903198242188,168.49969482421875,859.4197998046875]},"j":true},{"t":3.677335023880005,"c":{"r":[-0.0000034154404602304567,-4.3318365783306945e-8,-1,-2.7495319798731543e-8,1,-4.3318273412751296e-8,1,2.7495172361113873e-8,-0.0000034154404602304567],"p":[-873.7039794921875,168.9256134033203,859.4205932617188]},"j":true},{"t":3.6913366317749023,"c":{"r":[0.0067278556525707245,-1.5491457006078235e-8,-0.9999773502349854,-1.0190383648023271e-8,1,-1.556036899330593e-8,0.9999773502349854,1.0294840535607364e-8,0.0067278556525707245],"p":[-873.3088989257812,169.73655700683594,859.4208374023438]},"j":false},{"t":3.7568273544311523,"c":{"r":[0.04165090620517731,8.82231034893266e-8,-0.9991322159767151,5.2861178545526855e-8,1,9.050335592064584e-8,0.9991322159767151,-5.6584852359264914e-8,0.04165090620517731],"p":[-871.809326171875,172.292236328125,859.3984375]},"j":false},{"t":3.769214630126953,"c":{"r":[0.041623953729867935,1.0954340723401401e-7,-0.9991333484649658,6.49815063979986e-8,1,1.123455604101764e-7,0.9991333484649658,-6.960145526591077e-8,0.041623953729867935],"p":[-871.5095825195312,172.71141052246094,859.386474609375]},"j":true},{"t":3.817352771759033,"c":{"r":[0.0626400038599968,7.47161550407327e-8,-0.9980362057685852,4.33529798726795e-8,1,7.758414710679062e-8,0.9980362057685852,-4.812771337014965e-8,0.0626400038599968],"p":[-870.311279296875,174.08151245117188,859.3235473632812]},"j":false},{"t":3.8831088542938232,"c":{"r":[0.05595965310931206,-4.7980140749359634e-8,-0.9984330534934998,-3.14532861978023e-8,1,-4.981831835948469e-8,0.9984330534934998,3.419181737740473e-8,0.05595965310931206],"p":[-868.7144775390625,175.14532470703125,859.2240600585938]},"j":false},{"t":3.948719024658203,"c":{"r":[0.04214205965399742,-9.751830276627516e-8,-0.9991116523742676,-6.089949522447569e-8,1,-1.0017372176207573e-7,0.9991116523742676,6.506692784569168e-8,0.04214205965399742],"p":[-867.1168212890625,175.33712768554688,859.1386108398438]},"j":false},{"t":4.017674922943115,"c":{"r":[0.03489961475133896,8.85617001955552e-9,-0.9993908405303955,7.429662662872261e-9,1,9.12101860706116e-9,0.9993908405303955,-7.743456542641525e-9,0.03489961475133896],"p":[-865.6181030273438,174.72499084472656,859.0827026367188]},"j":false},{"t":4.084010362625122,"c":{"r":[0.08296374976634979,1.2890745892946143e-7,-0.996552586555481,8.234820825236966e-8,1,1.3620895344956807e-7,0.996552586555481,-9.336472572840648e-8,0.08296374976634979],"p":[-863.9201049804688,173.104736328125,859.0031127929688]},"j":false},{"t":4.1510701179504395,"c":{"r":[0.2823311388492584,2.400979148831084e-8,-0.9593170285224915,1.5098985173267465e-8,1,2.947170152367562e-8,0.9593170285224915,-2.2805492605471045e-8,0.2823311388492584],"p":[-862.4854125976562,170.6805419921875,858.8610229492188]},"j":false},{"t":4.216309547424316,"c":{"r":[0.37460029125213623,-5.7957329602231766e-8,-0.9271863698959351,-3.017625260781642e-8,1,-7.470057994396484e-8,0.9271863698959351,5.596186980483253e-8,0.37460029125213623],"p":[-862.3209838867188,169.89776611328125,858.843994140625]},"j":false},{"t":4.276950359344482,"c":{"r":[0.42578044533729553,-1.842454366851598e-8,-0.9048265218734741,-1.2055033415947491e-8,1,-2.60352024383792e-8,0.9048265218734741,2.1992994092556728e-8,0.42578044533729553],"p":[-862.2943725585938,169.9825439453125,858.8321533203125]},"j":true},{"t":4.283959865570068,"c":{"r":[0.44463175535202026,3.3181233316526004e-9,-0.8957134485244751,-2.737785997908304e-9,1,2.345411864723701e-9,0.8957134485244751,1.409427130560914e-9,0.44463175535202026],"p":[-862.2410888671875,170.63673400878906,858.8085327148438]},"j":false},{"t":4.287174463272095,"c":{"r":[0.44463175535202026,3.3181233316526004e-9,-0.8957134485244751,-2.737785997908304e-9,1,2.345411864723701e-9,0.8957134485244751,1.409427130560914e-9,0.44463175535202026],"p":[-862.2410888671875,170.63673400878906,858.8085327148438]},"j":true},{"t":4.293854236602783,"c":{"r":[0.48124465346336365,1.0548669493459784e-8,-0.8765863180160522,-2.6480220793878573e-11,1,1.2019268247343007e-8,0.8765863180160522,-5.760996124593021e-9,0.48124465346336365],"p":[-862.2211303710938,170.84799194335938,858.7994995117188]},"j":true},{"t":4.349773645401001,"c":{"r":[0.6737905144691467,9.688161384246996e-8,-0.7389224171638489,8.400861339907806e-9,1,1.387723926882245e-7,0.7389224171638489,-9.97111087031044e-8,0.6737905144691467],"p":[-861.7317504882812,173.4478759765625,858.5215454101562]},"j":false},{"t":4.417803525924683,"c":{"r":[0.6743029356002808,5.2887479284891015e-8,-0.7384548783302307,-5.551280768401057e-9,1,6.655008633060788e-8,0.7384548783302307,-4.0775546494842274e-8,0.6743029356002808],"p":[-860.7135620117188,175.7073516845703,857.690185546875]},"j":false},{"t":4.482962131500244,"c":{"r":[0.6794396042823792,-7.990380623823512e-8,-0.7337314486503601,-1.3895234296512626e-8,1,-1.2176768393601378e-7,0.7337314486503601,9.292916303138554e-8,0.6794396042823792],"p":[-859.611083984375,176.8834991455078,856.6760864257812]},"j":false},{"t":4.55130672454834,"c":{"r":[0.6794396042823792,-4.78178741047941e-8,-0.7337314486503601,-1.3917660079965088e-10,1,-6.529969454049933e-8,0.7337314486503601,4.446931711754587e-8,0.6794396042823792],"p":[-858.3638916015625,177.2899627685547,855.521240234375]},"j":false},{"t":4.616779327392578,"c":{"r":[0.6794394850730896,5.0658757189125936e-9,-0.7337315678596497,1.5612794612707148e-8,1,2.136179588774212e-8,0.7337315678596497,-2.5969647765577974e-8,0.6794394850730896],"p":[-857.1900634765625,176.7732696533203,854.434326171875]},"j":false},{"t":4.684252977371216,"c":{"r":[0.6534201502799988,6.031343957602076e-8,-0.756995439529419,3.253681768455863e-8,1,1.0775976733157222e-7,0.756995439529419,-9.504262266091246e-8,0.6534201502799988],"p":[-856.1163330078125,175.38458251953125,853.4400634765625]},"j":false},{"t":4.749748229980469,"c":{"r":[0.5533881783485413,8.315107891121443e-8,-0.8329234719276428,3.645564561338688e-8,1,1.2405125460190902e-7,0.8329234719276428,-9.901325626060498e-8,0.5533881783485413],"p":[-855.4815673828125,173.12388610839844,852.8522338867188]},"j":false},{"t":4.816084623336792,"c":{"r":[0.523984432220459,-3.406992021837141e-8,-0.8517278432846069,-1.868926879922128e-8,1,-5.1498620479151214e-8,0.8517278432846069,4.2902644992182104e-8,0.523984432220459],"p":[-855.3121337890625,170.2125244140625,852.6953125]},"j":false},{"t":4.87803316116333,"c":{"r":[0.4067373275756836,-4.65562628448879e-8,-0.9135451316833496,-1.842931318662977e-8,1,-5.916746559364583e-8,0.9135451316833496,4.0901628750589225e-8,0.4067373275756836],"p":[-855.1299438476562,169.9321746826172,852.60400390625]},"j":true},{"t":4.883297443389893,"c":{"r":[0.35510456562042236,-4.155407751227358e-8,-0.9348265528678894,-1.3459877656885055e-8,1,-4.956399735078776e-8,0.9348265528678894,3.018305250179765e-8,0.35510456562042236],"p":[-855.0249633789062,170.37510681152344,852.5538330078125]},"j":false},{"t":4.887321472167969,"c":{"r":[0.35510456562042236,-4.155407751227358e-8,-0.9348265528678894,-1.3459877656885055e-8,1,-4.956399735078776e-8,0.9348265528678894,3.018305250179765e-8,0.35510456562042236],"p":[-855.0249633789062,170.37510681152344,852.5538330078125]},"j":true},{"t":4.9051735401153564,"c":{"r":[0.3161229193210602,-2.819802880082989e-8,-0.948718249797821,-2.8474853586146764e-9,1,-3.0671049700004005e-8,0.948718249797821,1.2397283200016318e-8,0.3161229193210602],"p":[-854.8076782226562,171.2269287109375,852.4520874023438]},"j":true},{"t":4.949733734130859,"c":{"r":[0.22204157710075378,3.75405520003369e-8,-0.9750372171401978,3.421107663825751e-8,1,4.6292424116245456e-8,0.9750372171401978,-4.363591799005917e-8,0.22204157710075378],"p":[-853.9264526367188,173.45541381835938,852.138427734375]},"j":false},{"t":5.015969276428223,"c":{"r":[0.13963168859481812,1.1609900241182913e-7,-0.9902034997940063,7.116957334574181e-8,1,1.2728347087431757e-7,0.9902034997940063,-8.824516584127196e-8,0.13963168859481812],"p":[-852.4718017578125,175.55123901367188,851.8628540039062]},"j":false},{"t":5.076780080795288,"c":{"r":[-0.01871926337480545,4.850836887726473e-8,-0.9998247623443604,-1.00139496694851e-8,1,4.870435788006944e-8,0.9998247623443604,1.0923904447679433e-8,-0.01871926337480545],"p":[-850.977783203125,176.88067626953125,851.7532958984375]},"j":false},{"t":5.141750335693359,"c":{"r":[-0.021074488759040833,1.0405309502914406e-8,-0.9997779130935669,-1.0113966197877744e-7,1,1.25395613892465e-8,0.9997779130935669,1.0138146677718396e-7,-0.021074488759040833],"p":[-849.3785400390625,177.4539794921875,851.7969970703125]},"j":false},{"t":5.207054853439331,"c":{"r":[-0.0002118157863151282,-1.5724049617915625e-8,-1,-1.5088177462985186e-7,1,-1.5692091182017975e-8,1,1.508784492898485e-7,-0.0002118157863151282],"p":[-847.87890625,177.1995086669922,851.8257446289062]},"j":false},{"t":5.273378849029541,"c":{"r":[0.05582081899046898,-3.706023266047964e-9,-0.9984408020973206,3.8265007162863185e-8,1,-1.572491137302734e-9,0.9984408020973206,-3.8117565992479285e-8,0.05582081899046898],"p":[-846.4155883789062,176.08331298828125,851.8181762695312]},"j":false},{"t":5.333548307418823,"c":{"r":[0.07671397924423218,5.823432291940378e-10,-0.9970531463623047,1.1018779844107485e-7,1,9.061992045644729e-9,0.9970531463623047,-1.1055827542350016e-7,0.07671397924423218],"p":[-845.5859985351562,174.24493408203125,851.8109741210938]},"j":false},{"t":5.403471231460571,"c":{"r":[0.13916881382465363,-9.008997436943389e-10,-0.9902686476707458,2.575095514600889e-8,1,2.7091942023105275e-9,0.9902686476707458,-2.587739977855108e-8,0.13916881382465363],"p":[-845.314453125,171.64013671875,851.80859375]},"j":false},{"t":5.467588186264038,"c":{"r":[0.14607667922973633,3.5139922083260444e-9,-0.9892732501029968,-6.943758279476242e-8,1,-6.7011001192440744e-9,0.9892732501029968,6.967162136106708e-8,0.14607667922973633],"p":[-845.2177734375,169.84732055664062,851.79443359375]},"j":false},{"t":5.471096038818359,"c":{"r":[0.14607667922973633,3.5139922083260444e-9,-0.9892732501029968,-6.943758279476242e-8,1,-6.7011001192440744e-9,0.9892732501029968,6.967162136106708e-8,0.14607667922973633],"p":[-845.2177734375,169.84732055664062,851.79443359375]},"j":true},{"t":5.478159427642822,"c":{"r":[0.14607667922973633,4.039709011749437e-9,-0.9892732501029968,-8.061218892407851e-8,1,-7.819731528968532e-9,0.9892732501029968,8.088976244380319e-8,0.14607667922973633],"p":[-845.1409912109375,170.28684997558594,851.7830810546875]},"j":true},{"t":5.485344886779785,"c":{"r":[0.14607682824134827,4.5652019942110655e-9,-0.9892732501029968,-9.178201310078293e-8,1,-8.937898421379487e-9,0.9892732501029968,9.210310736307292e-8,0.14607682824134827],"p":[-845.0568237304688,170.7127685546875,851.7706298828125]},"j":true},{"t":5.532711982727051,"c":{"r":[0.11193061619997025,4.094024674827779e-9,-0.9937160015106201,-1.5877286330123752e-7,1,-1.376401215225087e-8,0.9937160015106201,1.5931574637306767e-7,0.11193061619997025],"p":[-844.3450927734375,172.98211669921875,851.6683959960938]},"j":false},{"t":5.599111318588257,"c":{"r":[0.0906374529004097,2.2373982666579195e-9,-0.9958839416503906,-3.173628471131451e-8,1,-6.417390507884591e-10,0.9958839416503906,3.1663823563121696e-8,0.0906374529004097],"p":[-842.9829711914062,175.12904357910156,851.5228881835938]},"j":false},{"t":5.667318820953369,"c":{"r":[0.06999188661575317,4.468124537027052e-9,-0.9975475668907166,1.3590370429028553e-7,1,1.4014650773219728e-8,0.9975475668907166,-1.3655132136136672e-7,0.06999188661575317],"p":[-841.2890014648438,176.6357421875,851.3782348632812]},"j":false},{"t":5.732839584350586,"c":{"r":[0.05581989511847496,1.1153642454075907e-9,-0.9984408617019653,4.2478891515429495e-8,1,3.4919760416585177e-9,0.9984408617019653,-4.2607581463016686e-8,0.05581989511847496],"p":[-839.6917724609375,177.154541015625,851.2832641601562]},"j":false},{"t":5.815821886062622,"c":{"r":[0.02792331576347351,-2.918700614529257e-9,-0.9996100664138794,-5.080642750954212e-8,1,-4.339076653536722e-9,0.9996100664138794,5.090777577265726e-8,0.02792331576347351],"p":[-838.2297973632812,176.8013458251953,851.2173461914062]},"j":false},{"t":5.88199782371521,"c":{"r":[0.013955877162516117,-9.442012505189723e-9,-0.999902606010437,-1.6130321967011696e-7,1,-1.1694279322682632e-8,0.999902606010437,1.6145071413120604e-7,0.013955877162516117],"p":[-837.2740478515625,175.24935913085938,851.1768188476562]},"j":false},{"t":5.950209617614746,"c":{"r":[-0.006979983299970627,-4.080931981231828e-10,-0.9999756217002869,1.276531547134141e-9,1,-4.1701353481471415e-10,0.9999756217002869,-1.2794112436154137e-9,-0.006979983299970627],"p":[-837.1287841796875,172.81842041015625,851.170654296875]},"j":false},{"t":6.015642166137695,"c":{"r":[-0.027919815853238106,4.90437868094773e-9,-0.999610185623169,8.072399282355036e-8,1,2.6516135953613684e-9,0.999610185623169,-8.06184914381447e-8,-0.027919815853238106],"p":[-837.1287841796875,169.74327087402344,851.170654296875]},"j":false},{"t":6.052816390991211,"c":{"r":[-0.027919815853238106,2.068619942008354e-9,-0.999610185623169,3.203671283813492e-8,1,1.1746187356109772e-9,0.999610185623169,-3.199142639687125e-8,-0.027919815853238106],"p":[-836.9249877929688,169.82089233398438,851.1763305664062]},"j":true},{"t":6.060642957687378,"c":{"r":[-0.027919815853238106,1.7144908825983407e-9,-0.999610185623169,2.5956646609870404e-8,1,9.901720554594817e-10,0.999610185623169,-2.5918883039821594e-8,-0.027919815853238106],"p":[-836.8667602539062,170.0423583984375,851.177978515625]},"j":true},{"t":6.077258825302124,"c":{"r":[-0.027919964864850044,-5.501996080958804e-11,-0.999610185623169,-4.424220101384435e-9,1,6.853082684665779e-11,0.999610185623169,4.424408839298621e-9,-0.027919964864850044],"p":[-836.5682373046875,171.09861755371094,851.1864013671875]},"j":true},{"t":6.082839012145996,"c":{"r":[-0.02119041047990322,-7.168326487949628e-10,-0.9997754693031311,-1.6564715821232312e-8,1,-3.6590169782968474e-10,0.9997754693031311,1.6553244108763465e-8,-0.02119041047990322],"p":[-836.4344482421875,171.49728393554688,851.1901245117188]},"j":false},{"t":6.150664806365967,"c":{"r":[0.006680929102003574,-3.3139941901794145e-9,-0.999977707862854,-1.1345540684715161e-7,1,-4.07207245700647e-9,0.999977707862854,1.1348008399636456e-7,0.006680929102003574],"p":[-835.0244750976562,174.1960906982422,851.2106323242188]},"j":false},{"t":6.216125011444092,"c":{"r":[0.013923021033406258,-2.6082753734613107e-9,-0.9999030828475952,-1.0440571429626289e-7,1,-4.062312264352386e-9,0.9999030828475952,1.0445215536947217e-7,0.013923021033406258],"p":[-833.4248657226562,176.0229034423828,851.1962280273438]},"j":false},{"t":6.282909154891968,"c":{"r":[0.03471282124519348,2.884684713322372e-9,-0.999397337436676,8.011128471707707e-8,1,5.668990166185495e-9,0.999397337436676,-8.025978814885093e-8,0.03471282124519348],"p":[-831.8253784179688,176.97772216796875,851.158935546875]},"j":false},{"t":6.351028680801392,"c":{"r":[0.03489772602915764,2.682532862507969e-9,-0.9993909001350403,8.675556273374241e-8,1,5.713584716460218e-9,0.9993909001350403,-8.690211217299293e-8,0.03489772602915764],"p":[-830.2267456054688,177.06051635742188,851.103271484375]},"j":false},{"t":6.416269779205322,"c":{"r":[0.03489783778786659,-9.374363507674843e-10,-0.9993909001350403,-1.2735215548786982e-8,1,-1.3827100575625195e-9,0.9993909001350403,1.277571204383321e-8,0.03489783778786659],"p":[-828.6429443359375,176.2713165283203,851.048095703125]},"j":false},{"t":6.481821537017822,"c":{"r":[0.034897830337285995,-4.3199150923101115e-9,-0.9993909001350403,-1.0569970498863768e-7,1,-8.013486763047695e-9,0.9993909001350403,1.0591497812129091e-7,0.034897830337285995],"p":[-827.55322265625,174.739501953125,851.0100708007812]},"j":false},{"t":6.555137395858765,"c":{"r":[0.027914075180888176,-3.960101135902505e-9,-0.9996103048324585,-9.341810880414414e-8,1,-6.570341604117402e-9,0.9996103048324585,9.356510588531819e-8,0.027914075180888176],"p":[-826.9824829101562,171.88966369628906,850.9901733398438]},"j":false},{"t":6.617301940917969,"c":{"r":[0.020940877497196198,4.049290236451952e-9,-0.9997807145118713,7.826113090914077e-8,1,5.6893947331104755e-9,0.9997807145118713,-7.836311510800442e-8,0.020940877497196198],"p":[-826.963623046875,169.70053100585938,850.989501953125]},"j":false},{"t":6.629213809967041,"c":{"r":[0.013957126066088676,5.674832603830282e-9,-0.999902606010437,1.0112581350085748e-7,1,7.086948361489931e-9,0.999902606010437,-1.01214880032785e-7,0.013957126066088676],"p":[-826.9345092773438,169.757568359375,850.9888916015625]},"j":true},{"t":6.638067722320557,"c":{"r":[0.013957126066088676,5.332171593153134e-9,-0.999902606010437,9.852757187900352e-8,1,6.707986610621219e-9,0.999902606010437,-9.86116006629345e-8,0.013957126066088676],"p":[-826.8180541992188,169.83534240722656,850.9868774414062]},"j":true},{"t":6.645803928375244,"c":{"r":[0.00698389858007431,5.138459435727327e-9,-0.9999756217002869,8.449947586086637e-8,1,5.728734819854253e-9,0.9999756217002869,-8.453742594838332e-8,0.00698389858007431],"p":[-826.7210083007812,170.27487182617188,850.9852905273438]},"j":true},{"t":6.653802871704102,"c":{"r":[0.0069837188348174095,4.257578734012668e-9,-0.9999756217002869,7.047737682341904e-8,1,4.74988848253588e-9,0.9999756217002869,-7.050883255033114e-8,0.0069837188348174095],"p":[-826.6165161132812,170.70079040527344,850.9838256835938]},"j":true},{"t":6.68220067024231,"c":{"r":[-0.02050524204969406,3.547373284007449e-9,-0.9997897744178772,2.8396357265592087e-8,1,2.965722778469626e-9,0.9997897744178772,-2.8329575130214835e-8,-0.02050524204969406],"p":[-826.2434692382812,171.8967742919922,850.98046875]},"j":false},{"t":6.7486560344696045,"c":{"r":[-0.034638527780771255,-1.7985944955611899e-9,-0.9993999004364014,-8.359834424709334e-8,1,1.09778786061554e-9,0.9993999004364014,8.35862010717392e-8,-0.034638527780771255],"p":[-824.8313598632812,174.48658752441406,851.0038452148438]},"j":false},{"t":6.8153533935546875,"c":{"r":[-0.041852451860904694,-4.05489553045868e-9,-0.9991238117218018,-1.1506445929398978e-7,1,7.615013619677313e-10,0.9991238117218018,1.1499550822691162e-7,-0.041852451860904694],"p":[-823.1328125,176.28280639648438,851.0657958984375]},"j":false},{"t":6.882495403289795,"c":{"r":[-0.0488472655415535,1.282559947135553e-9,-0.9988062381744385,4.145507048747277e-8,1,-7.432942594753911e-10,0.9988062381744385,-4.1441893472438096e-8,-0.0488472655415535],"p":[-821.634765625,177.05020141601562,851.1372680664062]},"j":false},{"t":6.948776483535767,"c":{"r":[-0.11146681010723114,9.795495969910917e-9,-0.9937681555747986,1.1105350949947024e-7,1,-2.599483961418514e-9,0.9937681555747986,-1.1065120020248287e-7,-0.11146681010723114],"p":[-820.1009521484375,176.993408203125,851.22021484375]},"j":false},{"t":7.016628265380859,"c":{"r":[-0.13225996494293213,1.1365803853635725e-9,-0.9912150502204895,-8.133872242410689e-9,1,2.231973939004206e-9,0.9912150502204895,8.357617709009446e-9,-0.13225996494293213],"p":[-819.2767944335938,176.0407257080078,851.2659912109375]},"j":false},{"t":7.083116054534912,"c":{"r":[-0.10452625155448914,-7.60136309452264e-9,-0.9945221543312073,-1.2695601014911517e-7,1,5.700097283067862e-9,0.9945221543312073,1.268563778467069e-7,-0.10452625155448914],"p":[-819.0733032226562,174.21603393554688,851.2772216796875]},"j":false},{"t":7.149477243423462,"c":{"r":[-0.02792440354824066,-8.93383214628507e-11,-0.9996100664138794,-6.581176137387956e-8,1,1.7490978665435364e-9,0.9996100664138794,6.583493927792006e-8,-0.02792440354824066],"p":[-819.0733032226562,171.5193328857422,851.2772216796875]},"j":false},{"t":7.193659782409668,"c":{"r":[-0.020946083590388298,1.096013724222189e-9,-0.9997805953025818,2.909866125833105e-8,1,4.866175240536563e-10,0.9997805953025818,-2.9082084296305766e-8,-0.020946083590388298],"p":[-818.8695068359375,169.73191833496094,851.281494140625]},"j":true},{"t":7.2157464027404785,"c":{"r":[-0.020946083590388298,1.6281491710401497e-9,-0.9997805953025818,9.227172625969615e-8,1,-3.046490004710023e-10,0.9997805953025818,-9.225786357092147e-8,-0.020946083590388298],"p":[-818.3438720703125,169.76425170898438,851.2925415039062]},"j":false},{"t":7.227632999420166,"c":{"r":[-0.020946083590388298,1.6376399125661578e-9,-0.9997805953025818,1.0567460861921063e-7,1,-5.759556720441594e-10,0.9997805953025818,-1.0566348862539598e-7,-0.020946083590388298],"p":[-818.0443115234375,169.8396453857422,851.2987670898438]},"j":true},{"t":7.236282587051392,"c":{"r":[-0.01396805327385664,5.648034262506485e-10,-0.9999024271965027,9.040635973178723e-8,1,-6.980656053201528e-10,0.9999024271965027,-9.040729054277108e-8,-0.01396805327385664],"p":[-817.844482421875,170.2791748046875,851.3029174804688]},"j":true},{"t":7.241960525512695,"c":{"r":[-0.013968003913760185,3.971743489650237e-10,-0.9999024271965027,8.277468310780023e-8,1,-7.590968409409982e-10,0.9999024271965027,-8.277721263993953e-8,-0.013968003913760185],"p":[-817.7445068359375,170.49383544921875,851.3045654296875]},"j":true},{"t":7.281660318374634,"c":{"r":[-0.006980320904403925,-1.672132987629027e-9,-0.9999756217002869,6.553594111835537e-9,1,-1.717921138677525e-9,0.9999756217002869,-6.565425980653572e-9,-0.006980320904403925],"p":[-816.7447509765625,172.45309448242188,851.3134155273438]},"j":false},{"t":7.345251560211182,"c":{"r":[-0.006988042034208775,-3.940383574985162e-9,-0.9999755620956421,-1.1506079999890062e-7,1,-3.136410464676942e-9,0.9999755620956421,1.1503607311169617e-7,-0.006988042034208775],"p":[-815.1451416015625,174.87939453125,851.3241577148438]},"j":false},{"t":7.40778374671936,"c":{"r":[-0.006988044828176498,-2.1680148787339704e-9,-0.9999755620956421,-8.678397733774545e-8,1,-1.5616026249887227e-9,0.9999755620956421,8.677094598397161e-8,-0.006988044828176498],"p":[-813.6455078125,176.3621063232422,851.334228515625]},"j":false},{"t":7.473244667053223,"c":{"r":[1.6278761449939338e-7,3.0277120810495717e-9,-1,7.54976028360943e-8,1,3.0277242935028426e-9,1,-7.54976028360943e-8,1.6278761449939338e-7],"p":[-812.0607299804688,177.0989227294922,851.344970703125]},"j":false},{"t":7.540323257446289,"c":{"r":[-3.1584360016267965e-8,3.6689875582140985e-9,-1,1.0266257532975942e-7,1,3.6689842275450246e-9,1,-1.0266257532975942e-7,-3.1584360016267965e-8],"p":[-810.9703369140625,176.99771118164062,851.3525390625]},"j":false},{"t":7.6069886684417725,"c":{"r":[-0.006985996849834919,-8.254348315972493e-10,-0.9999756217002869,-2.7577236494380486e-8,1,-6.327957602358936e-10,0.9999756217002869,2.7572143679321925e-8,-0.006985996849834919],"p":[-810.409912109375,175.95652770996094,851.3563842773438]},"j":false},{"t":7.67372465133667,"c":{"r":[-0.006985996849834919,-5.31391108893331e-9,-0.9999756217002869,-1.4210600340902602e-7,1,-4.321264679418846e-9,0.9999756217002869,1.4207235210506042e-7,-0.006985996849834919],"p":[-810.3804321289062,174.2203369140625,851.3565673828125]},"j":false},{"t":7.739973306655884,"c":{"r":[-0.006985043175518513,-1.471692545607084e-9,-0.9999756217002869,-3.6726486740690234e-8,1,-1.215186173908478e-9,0.9999756217002869,3.671710047115084e-8,-0.006985043175518513],"p":[-810.3804321289062,171.5236358642578,851.3565673828125]},"j":false},{"t":7.752829551696777,"c":{"r":[-0.006984953302890062,-3.8015060543905577e-10,-0.9999756217002869,-7.182887173939889e-9,1,-3.299865103389976e-10,0.9999756217002869,7.1804069357028766e-9,-0.006984953302890062],"p":[-810.3655395507812,170.92092895507812,851.356689453125]},"j":true},{"t":7.759390592575073,"c":{"r":[-0.006985037121921778,3.471543608135619e-10,-0.9999756217002869,1.2502326285357412e-8,1,2.5983148965735836e-10,0.9999756217002869,-1.2500206203469588e-8,-0.006985037121921778],"p":[-810.321533203125,170.50209045410156,851.3569946289062]},"j":true},{"t":7.807583808898926,"c":{"r":[-0.006985018029808998,3.4351150812739206e-9,-0.9999756217002869,9.53259515767968e-8,1,2.7693292103947442e-9,0.9999756217002869,-9.530428002335611e-8,-0.006985018029808998],"p":[-809.365478515625,169.81822204589844,851.3635864257812]},"j":false},{"t":7.809593677520752,"c":{"r":[-0.006985018029808998,3.4351150812739206e-9,-0.9999756217002869,9.53259515767968e-8,1,2.7693292103947442e-9,0.9999756217002869,-9.530428002335611e-8,-0.006985018029808998],"p":[-809.365478515625,169.81822204589844,851.3635864257812]},"j":true},{"t":7.819904088973999,"c":{"r":[-0.006985018029808998,2.891437533847352e-9,-0.9999756217002869,7.985619987493919e-8,1,2.333697457501671e-9,