{"v":1,"name":"macro1_macro2_merged_macro2_merged_macro2_merged","d":[{"t":0.061872005462646484,"c":{"r":[-0.06975714862346649,-6.70570354799338e-9,-0.9975640177726746,6.056744439320028e-8,1,-1.0957408314027361e-8,0.9975640177726746,-6.118425943668626e-8,-0.06975714862346649],"p":[-957.1123046875,168.7943878173828,876.9102172851562]},"j":false},{"t":0.1262679100036621,"c":{"r":[-0.06975370645523071,-3.2467875055175455e-9,-0.9975642561912537,3.937878290116714e-8,1,-6.008237907195735e-9,0.9975642561912537,-3.970196260638659e-8,-0.06975370645523071],"p":[-955.7269897460938,168.79867553710938,877.0070190429688]},"j":false},{"t":0.1944291591644287,"c":{"r":[-0.06975383311510086,1.1666063670645599e-8,-0.9975642561912537,-1.0753139889629892e-7,1,1.9213590718436535e-8,0.9975642561912537,1.0860969723580638e-7,-0.06975383311510086],"p":[-954.1327514648438,168.84756469726562,877.1183471679688]},"j":false},{"t":0.26274561882019043,"c":{"r":[-0.0697527602314949,-3.851316598968424e-9,-0.9975643157958984,2.871063031761878e-8,1,-5.868255659180477e-9,0.9975643157958984,-2.905002816078195e-8,-0.0697527602314949],"p":[-952.4392700195312,168.9287567138672,877.2366333007812]},"j":false},{"t":0.33141160011291504,"c":{"r":[-0.06975513696670532,-6.938615459972652e-9,-0.9975641369819641,5.9536645835578383e-8,1,-1.111868641601177e-8,0.9975641369819641,-6.016720988100133e-8,-0.06975513696670532],"p":[-950.7440185546875,168.9854278564453,877.3549194335938]},"j":false},{"t":0.3954761028289795,"c":{"r":[-0.06975536793470383,1.033059948696291e-8,-0.9975641369819641,-8.281188002001727e-8,1,1.6146504577818632e-8,0.9975641369819641,8.373646664949774e-8,-0.06975536793470383],"p":[-949.248046875,168.99349975585938,877.4592895507812]},"j":false},{"t":0.46009373664855957,"c":{"r":[-0.06975584477186203,7.36316285721017e-10,-0.9975640773773193,-7.422086056863009e-9,1,1.2571124141658174e-9,0.9975640773773193,7.491697928685426e-9,-0.06975584477186203],"p":[-947.65234375,168.9943389892578,877.5706176757812]},"j":false},{"t":0.5249073505401611,"c":{"r":[-0.06975620985031128,-1.4266438697063677e-8,-0.9975640773773193,1.1199492178093351e-7,1,-2.213269389983452e-8,0.9975640773773193,-1.132660045755074e-7,-0.06975620985031128],"p":[-946.1563720703125,168.99436950683594,877.6749877929688]},"j":false},{"t":0.5906765460968018,"c":{"r":[-0.06975609064102173,2.5306499118471493e-9,-0.9975640773773193,-1.90520950127393e-8,1,3.869074394202698e-9,0.9975640773773193,1.9275576690347407e-8,-0.06975609064102173],"p":[-944.660400390625,168.99436950683594,877.7793579101562]},"j":false},{"t":0.6586239337921143,"c":{"r":[-0.06975347548723221,6.303215283054442e-9,-0.9975642561912537,-4.921064089558058e-8,1,9.759600239078736e-9,0.9975642561912537,4.9771543331189605e-8,-0.06975347548723221],"p":[-942.9649658203125,168.99436950683594,877.8976440429688]},"j":false},{"t":0.7219958305358887,"c":{"r":[-0.06975370645523071,-7.986145966754066e-9,-0.9975642561912537,6.109753059035938e-8,1,-1.2277831196172428e-8,0.9975642561912537,-6.180513167919344e-8,-0.06975370645523071],"p":[-941.468994140625,168.99436950683594,878.0020141601562]},"j":false},{"t":0.7859532833099365,"c":{"r":[-0.06975465267896652,-4.870707392967688e-9,-0.9975641965866089,3.758457367553092e-8,1,-7.51070139415333e-9,0.9975641965866089,-3.801693182481358e-8,-0.06975465267896652],"p":[-939.873291015625,168.99436950683594,878.1133422851562]},"j":false},{"t":0.8487169742584229,"c":{"r":[-0.09758024662733078,1.3092225970012805e-8,-0.9952276349067688,-1.0546121842480716e-7,1,2.349528571699011e-8,0.9952276349067688,1.0725059951255389e-7,-0.09758024662733078],"p":[-938.4775390625,168.99436950683594,878.2232666015625]},"j":false},{"t":0.9097235202789307,"c":{"r":[-0.1805182546377182,-1.107154923296605e-9,-0.9835716485977173,-2.77419864858075e-9,1,-6.164893040505603e-10,0.9835716485977173,2.6173354594760667e-9,-0.1805182546377182],"p":[-936.9891357421875,168.99436950683594,878.4060668945312]},"j":false},{"t":0.9754326343536377,"c":{"r":[-0.1873803734779358,-1.048414333126857e-8,-0.9822874069213867,1.0528059135594958e-7,1,-3.0756435620560296e-8,0.9822874069213867,-1.0917894854856058e-7,-0.1873803734779358],"p":[-935.4154052734375,168.99436950683594,878.6937255859375]},"j":false},{"t":1.0421669483184814,"c":{"r":[-0.3023676574230194,6.761584181447233e-9,-0.9531913995742798,-2.5907390011070675e-8,1,1.531186910597171e-8,0.9531913995742798,2.9324514372319754e-8,-0.3023676574230194],"p":[-933.8626708984375,168.99436950683594,879.074951171875]},"j":false},{"t":1.1071314811706543,"c":{"r":[-0.35510605573654175,-1.6164163063603354e-10,-0.9348260164260864,-4.440311229814142e-8,1,1.6694199800326714e-8,0.9348260164260864,4.743739623336296e-8,-0.35510605573654175],"p":[-932.34619140625,168.99436950683594,879.5848388671875]},"j":false},{"t":1.174091100692749,"c":{"r":[-0.4131021797657013,-1.3586436864443385e-8,-0.9106847047805786,4.5979124507766755e-8,1,-3.577584450908944e-8,0.9106847047805786,-5.665156521672543e-8,-0.4131021797657013],"p":[-930.8662109375,168.99436950683594,880.1923828125]},"j":false},{"t":1.2436468601226807,"c":{"r":[-0.49394071102142334,-4.348696514000494e-9,-0.8694955706596375,4.661306718389824e-8,1,-3.1481228290886065e-8,0.8694955706596375,-5.6079713317558344e-8,-0.49394071102142334],"p":[-929.433837890625,168.99436950683594,880.904296875]},"j":false},{"t":1.30784010887146,"c":{"r":[-0.5239853858947754,1.776932911923268e-8,-0.8517272472381592,-7.83202835918928e-8,1,6.904559057829829e-8,0.8517272472381592,1.0288640339695121e-7,-0.5239853858947754],"p":[-928.0531616210938,168.99436950683594,881.7124633789062]},"j":false},{"t":1.3731141090393066,"c":{"r":[-0.6427853107452393,-1.1996404758463086e-8,-0.7660463452339172,-7.625447828729648e-9,1,-9.261683864281167e-9,0.7660463452339172,-1.1182787335028976e-10,-0.6427853107452393],"p":[-926.82421875,168.99436950683594,882.5702514648438]},"j":false},{"t":1.4415864944458008,"c":{"r":[-0.6427854895591736,-3.539489057402534e-8,-0.7660462260246277,6.692573606414953e-8,1,-1.0236168179744709e-7,0.7660462260246277,-1.1706480762541105e-7,-0.6427854895591736],"p":[-925.5211791992188,168.99436950683594,883.6619262695312]},"j":false},{"t":1.5054028034210205,"c":{"r":[-0.6743006706237793,1.8822564840093037e-8,-0.7384569048881531,-1.3615492733265455e-8,1,3.7921644491234474e-8,0.7384569048881531,3.562504602427907e-8,-0.6743006706237793],"p":[-924.3956298828125,168.99436950683594,884.6533203125]},"j":false},{"t":1.573699951171875,"c":{"r":[-0.694657564163208,8.89657236768926e-9,-0.7193406224250793,-2.0509162368398393e-8,1,3.217309796355039e-8,0.7193406224250793,3.710236029519365e-8,-0.694657564163208],"p":[-923.1424560546875,168.99436950683594,885.8023071289062]},"j":false},{"t":1.6346499919891357,"c":{"r":[-0.7337288856506348,-3.578163898509956e-8,-0.6794424057006836,1.5795434293863764e-8,1,-6.972071275868075e-8,0.6794424057006836,-6.188818701957643e-8,-0.7337288856506348],"p":[-922.160400390625,168.99436950683594,886.7996826171875]},"j":false},{"t":1.6962339878082275,"c":{"r":[-0.7524136304855347,-1.0559523921926939e-8,-0.658690869808197,1.0270394312783537e-8,1,-2.7762807164322112e-8,0.658690869808197,-2.7654131429244444e-8,-0.7524136304855347],"p":[-921.1548461914062,168.99436950683594,887.91259765625]},"j":false},{"t":1.758028268814087,"c":{"r":[-0.7705113291740417,5.864288965540254e-8,-0.6374262571334839,-1.968202312241374e-8,1,1.1579082581647526e-7,0.6374262571334839,1.0176398035355305e-7,-0.7705113291740417],"p":[-920.1796875,168.99436950683594,889.05224609375]},"j":false},{"t":1.8185713291168213,"c":{"r":[-0.8090161681175232,-8.56478621358292e-9,-0.5877863764762878,-2.20955564955716e-9,1,-1.1530072896448473e-8,0.5877863764762878,-8.029268805387346e-9,-0.8090161681175232],"p":[-919.2678833007812,168.99436950683594,890.2428588867188]},"j":false},{"t":1.8858892917633057,"c":{"r":[-0.8090161681175232,-3.952667881890193e-8,-0.5877863764762878,7.795993184345207e-9,1,-7.797690670940938e-8,0.5877863764762878,-6.76669529298124e-8,-0.8090161681175232],"p":[-918.3274536132812,168.99436950683594,891.5368041992188]},"j":false},{"t":1.9512991905212402,"c":{"r":[-0.8090161681175232,3.487146926772766e-8,-0.5877863764762878,-2.612716709649021e-9,1,6.292285803510822e-8,0.5877863764762878,5.244132950110725e-8,-0.8090161681175232],"p":[-917.3870239257812,168.99436950683594,892.8307495117188]},"j":false},{"t":2.018402576446533,"c":{"r":[-0.8130996823310852,1.3719092528674537e-8,-0.5821244716644287,-2.041655733364678e-9,1,2.641902696609577e-8,0.5821244716644287,2.266980025922294e-8,-0.8130996823310852],"p":[-916.4512939453125,168.99436950683594,894.1283569335938]},"j":false},{"t":2.084764003753662,"c":{"r":[-0.8130996823310852,-6.343753966575605e-8,-0.5821244716644287,4.985178936323109e-9,1,-1.1593910187457368e-7,0.5821244716644287,-9.717204108028454e-8,-0.8130996823310852],"p":[-915.5196533203125,168.99436950683594,895.4291381835938]},"j":false},{"t":2.1496777534484863,"c":{"r":[-0.8130996823310852,9.981920179313875e-9,-0.5821244716644287,-2.5931681801871775e-10,1,1.750960620938713e-8,0.5821244716644287,1.4388009894616971e-8,-0.8130996823310852],"p":[-914.646240234375,168.99436950683594,896.6486206054688]},"j":false},{"t":2.2118453979492188,"c":{"r":[-0.8290371894836426,4.2834994218310385e-8,-0.55919349193573,-2.1933477256652623e-9,1,7.985315164660278e-8,0.55919349193573,6.74277416123914e-8,-0.8290371894836426],"p":[-913.7827758789062,168.99436950683594,897.8750610351562]},"j":false},{"t":2.2751104831695557,"c":{"r":[-0.8480475544929504,-2.8201554869156098e-8,-0.5299201607704163,-6.391615570144893e-10,1,-5.2195627375795084e-8,0.5299201607704163,-4.392567021227478e-8,-0.8480475544929504],"p":[-912.9556884765625,168.99436950683594,899.126220703125]},"j":false},{"t":2.342470645904541,"c":{"r":[-0.8589587211608887,-1.81122459252947e-8,-0.5120448470115662,6.603328300824884e-11,1,-3.548315419266146e-8,0.5120448470115662,-3.051237840168142e-8,-0.8589587211608887],"p":[-912.1159057617188,168.99436950683594,900.4879150390625]},"j":false},{"t":2.4046823978424072,"c":{"r":[-0.8694946765899658,5.148542925326183e-8,-0.4939422607421875,5.579146922229938e-9,1,9.441263415510548e-8,0.4939422607421875,7.933550705274683e-8,-0.8694946765899658],"p":[-911.367919921875,168.99436950683594,901.7880859375]},"j":false},{"t":2.4683573246002197,"c":{"r":[-0.8694946765899658,-2.8950251085291256e-9,-0.4939422607421875,-9.88999993012385e-10,1,-4.120106478211483e-9,0.4939422607421875,-3.093902023465489e-9,-0.8694946765899658],"p":[-910.577880859375,168.99436950683594,903.1796875]},"j":false},{"t":2.534383535385132,"c":{"r":[-0.8694946765899658,-5.086983989599503e-8,-0.4939422607421875,-6.177452771538583e-9,1,-9.211314733192921e-8,0.4939422607421875,-7.70405890193615e-8,-0.8694946765899658],"p":[-909.8372192382812,168.99436950683594,904.4843139648438]},"j":false},{"t":2.6013548374176025,"c":{"r":[-0.8694944381713867,3.28064828636343e-8,-0.4939426779747009,4.65605820565429e-9,1,5.822146320610955e-8,0.4939426779747009,4.8323414603146375e-8,-0.8694944381713867],"p":[-908.997802734375,168.99436950683594,905.962890625]},"j":false},{"t":2.6683318614959717,"c":{"r":[-0.8694937229156494,1.9492366831741492e-8,-0.4939439296722412,2.485749606151444e-9,1,3.5087023064761524e-8,0.4939439296722412,2.928012499125998e-8,-0.8694937229156494],"p":[-908.207763671875,168.99436950683594,907.3544921875]},"j":false},{"t":2.7346439361572266,"c":{"r":[-0.8829470872879028,-5.97200653373875e-8,-0.4694724678993225,-1.1405047573020966e-8,1,-1.0575702447113144e-7,0.4694724678993225,-8.802350492942423e-8,-0.8829470872879028],"p":[-907.488037109375,168.99436950683594,908.67041015625]},"j":false},{"t":2.8019001483917236,"c":{"r":[-0.8957109451293945,1.2248692726757326e-8,-0.4446367919445038,3.240024470940739e-9,1,2.102067853115841e-8,0.4446367919445038,1.738781740812101e-8,-0.8957109451293945],"p":[-906.6918334960938,168.99436950683594,910.1726684570312]},"j":false},{"t":2.8672478199005127,"c":{"r":[-0.9018324613571167,3.9347231250985715e-8,-0.43208593130111694,1.0416852269656829e-8,1,6.932180696139767e-8,0.43208593130111694,5.801567581897871e-8,-0.9018324613571167],"p":[-905.9939575195312,168.99436950683594,911.6124877929688]},"j":false},{"t":2.9337735176086426,"c":{"r":[-0.9018322229385376,-4.13381577857308e-8,-0.43208634853363037,-1.0787453597060903e-8,1,-7.315593819612332e-8,0.43208634853363037,-6.131327268121822e-8,-0.9018322229385376],"p":[-905.3025512695312,168.99436950683594,913.0558471679688]},"j":false},{"t":3.0007824897766113,"c":{"r":[-0.901832103729248,-9.924286281659533e-9,-0.4320865571498871,-2.633639972771107e-9,1,-1.7471464275331527e-8,0.4320865571498871,-1.4618366961371976e-8,-0.901832103729248],"p":[-904.6111450195312,168.99436950683594,914.4992065429688]},"j":false},{"t":3.0669748783111572,"c":{"r":[-0.9018316268920898,6.184797030073241e-8,-0.43208763003349304,1.610433031373759e-8,1,1.0952540918651721e-7,0.43208763003349304,9.181499649457692e-8,-0.9018316268920898],"p":[-903.9197387695312,168.99436950683594,915.9425659179688]},"j":false},{"t":3.1336846351623535,"c":{"r":[-0.9018316268920898,-2.0511761178454435e-8,-0.43208763003349304,-5.307639661111807e-9,1,-3.639346246586683e-8,0.43208763003349304,-3.052740993325642e-8,-0.9018316268920898],"p":[-903.2283325195312,168.99436950683594,917.3859252929688]},"j":false},{"t":3.200026035308838,"c":{"r":[-0.9048264026641846,-3.0873192002900396e-8,-0.425780713558197,-8.360442116384093e-9,1,-5.474283781836675e-8,0.425780713558197,-4.5973049367376007e-8,-0.9048264026641846],"p":[-902.5433959960938,168.99436950683594,918.8319091796875]},"j":false},{"t":3.2605721950531006,"c":{"r":[-0.9048264026641846,4.001158870892141e-8,-0.425780713558197,1.0404515471407194e-8,1,7.186166328665422e-8,0.425780713558197,6.059228496724245e-8,-0.9048264026641846],"p":[-901.9469604492188,168.99436950683594,920.0982666015625]},"j":false},{"t":3.324948310852051,"c":{"r":[-0.9106830358505249,1.565221374733028e-8,-0.4131057560443878,4.754639348902856e-9,1,2.7407615732499835e-8,0.4131057560443878,2.29954828512291e-8,-0.9106830358505249],"p":[-901.3232421875,168.99436950683594,921.46240234375]},"j":false},{"t":3.392909288406372,"c":{"r":[-0.9135454893112183,-5.715170203757225e-8,-0.4067366123199463,-1.5151346843822466e-8,1,-1.0648232517951328e-7,0.4067366123199463,-9.111383292292885e-8,-0.9135454893112183],"p":[-900.6263427734375,168.99436950683594,923.0130615234375]},"j":false},{"t":3.4593052864074707,"c":{"r":[-0.9163619875907898,1.7754679504378146e-8,-0.4003506898880005,4.356130567373384e-9,1,3.437708073761314e-8,0.4003506898880005,2.975786905778932e-8,-0.9163619875907898],"p":[-899.9774780273438,168.99436950683594,924.4756469726562]},"j":false},{"t":3.52032208442688,"c":{"r":[-0.9163619875907898,3.706444928752717e-8,-0.4003506898880005,9.844010939730197e-9,1,7.004801716448128e-8,0.4003506898880005,6.024828280715155e-8,-0.9163619875907898],"p":[-899.4169311523438,168.99436950683594,925.7582397460938]},"j":false},{"t":3.5847980976104736,"c":{"r":[-0.9245455265045166,-3.509551405045386e-8,-0.38107165694236755,-9.919305377081855e-9,1,-6.803094976248758e-8,0.38107165694236755,-5.911774181299734e-8,-0.9245455265045166],"p":[-898.781982421875,168.99436950683594,927.2265625]},"j":false},{"t":3.650635004043579,"c":{"r":[-0.9297756552696228,-1.285067341427748e-8,-0.36812660098075867,-4.161599953533823e-9,1,-2.4397364128958543e-8,0.36812660098075867,-2.1152080975639365e-8,-0.9297756552696228],"p":[-898.1791381835938,168.99436950683594,928.7086181640625]},"j":false},{"t":3.7166528701782227,"c":{"r":[-0.9372820258140564,5.425340887654784e-8,-0.3485719561576843,1.739507027309628e-8,1,1.0887084300748029e-7,0.3485719561576843,9.597925298976406e-8,-0.9372820258140564],"p":[-897.5968627929688,168.99436950683594,930.1988525390625]},"j":false},{"t":3.776911497116089,"c":{"r":[-0.9552776217460632,-8.398624018468581e-9,-0.2957104742527008,-4.620471116822955e-9,1,-1.3475315085997863e-8,0.2957104742527008,-1.1506345209966184e-8,-0.9552776217460632],"p":[-897.1359252929688,168.99436950683594,931.5205688476562]},"j":false},{"t":3.842806100845337,"c":{"r":[-0.9593135714530945,-4.5230201806134573e-8,-0.2823428511619568,-2.0767661368381596e-8,1,-8.963393582916979e-8,0.2823428511619568,-8.012344920871328e-8,-0.9593135714530945],"p":[-896.7056274414062,168.99436950683594,932.9577026367188]},"j":false},{"t":3.90983247756958,"c":{"r":[-0.9612615704536438,3.4780622826247054e-8,-0.27563777565956116,1.7081688952202967e-8,1,6.661152696096906e-8,0.27563777565956116,5.9322740497691484e-8,-0.9612615704536438],"p":[-896.2252197265625,168.99436950683594,934.5888061523438]},"j":false},{"t":3.912322998046875,"c":{"r":[-0.9612615704536438,3.4780622826247054e-8,-0.27563777565956116,1.7081688952202967e-8,1,6.661152696096906e-8,0.27563777565956116,5.9322740497691484e-8,-0.9612615704536438],"p":[-896.2252197265625,168.99436950683594,934.5888061523438]},"j":true},{"t":3.9193480014801025,"c":{"r":[-0.9612615704536438,3.949232407762793e-8,-0.27563777565956116,1.935657678586722e-8,1,7.57718723320977e-8,0.27563777565956116,6.750118330955956e-8,-0.9612615704536438],"p":[-896.1969604492188,169.21583557128906,934.6847534179688]},"j":true},{"t":3.9352569580078125,"c":{"r":[-0.9612615704536438,6.303572064325635e-8,-0.27563780546188354,3.0723715127578544e-8,1,1.215442750890361e-7,0.27563780546188354,1.0836722452722825e-7,-0.9612615704536438],"p":[-896.0567016601562,170.2720947265625,935.1647338867188]},"j":true},{"t":3.9755353927612305,"c":{"r":[-0.9649878144264221,5.8754864085130976e-8,-0.2622946500778198,2.9294385583966687e-8,1,1.162285840905497e-7,0.2622946500778198,1.044754114332136e-7,-0.9649878144264221],"p":[-895.8114624023438,171.9587860107422,936.03076171875]},"j":false},{"t":4.043365716934204,"c":{"r":[-0.9719293117523193,-1.50493573158883e-8,-0.23527304828166962,-9.868307060401094e-9,1,-2.3198831300419442e-8,0.23527304828166962,-2.0225877861435038e-8,-0.9719293117523193],"p":[-895.3859252929688,174.3919677734375,937.6766357421875]},"j":false},{"t":4.109103202819824,"c":{"r":[-0.9735586643218994,-7.78833566528192e-8,-0.22843711078166962,-4.627665006751158e-8,1,-1.437171164297979e-7,0.22843711078166962,-1.2934573589973297e-7,-0.9735586643218994],"p":[-895.0390625,175.72140502929688,939.1357421875]},"j":false},{"t":4.20561957359314,"c":{"r":[-0.9766715168952942,1.9278543206269205e-8,-0.21473883092403412,1.1249043474492737e-8,1,3.861398667481808e-8,0.21473883092403412,3.5297574640935636e-8,-0.9766715168952942],"p":[-894.538818359375,176.27133178710938,941.3804321289062]},"j":false},{"t":4.271438837051392,"c":{"r":[-0.9781457185745239,5.832454874621362e-8,-0.2079206109046936,3.553583738380439e-8,1,1.1333806781976818e-7,0.2079206109046936,1.03472515888825e-7,-0.9781457185745239],"p":[-894.1799926757812,175.51966857910156,943.042236328125]},"j":false},{"t":4.333052158355713,"c":{"r":[-0.9781472682952881,2.948012389758503e-10,-0.20791324973106384,6.264649354825735e-10,1,-1.5293577515507195e-9,0.20791324973106384,-1.6261875179779395e-9,-0.9781472682952881],"p":[-893.8677978515625,174.0389404296875,944.5098266601562]},"j":false},{"t":4.397402286529541,"c":{"r":[-0.9809479117393494,-5.6966570127769955e-8,-0.19427107274532318,-3.52547964155292e-8,1,-1.1521762388611023e-7,0.19427107274532318,-1.0617350199026987e-7,-0.9809479117393494],"p":[-893.5711669921875,172.20965576171875,945.9561767578125]},"j":false},{"t":4.466839551925659,"c":{"r":[-0.9809550046920776,1.2237155289085422e-8,-0.19423522055149078,7.057350259742634e-9,1,2.7359671861404422e-8,0.19423522055149078,2.5467821629376886e-8,-0.9809550046920776],"p":[-893.2865600585938,172.2190704345703,947.3943481445312]},"j":false},{"t":4.538194179534912,"c":{"r":[-0.9809550046920776,1.7335995750045186e-8,-0.19423522055149078,1.071175859124196e-8,1,3.515450686109034e-8,0.19423522055149078,3.240438672946766e-8,-0.9809550046920776],"p":[-892.9409790039062,172.01527404785156,949.1397705078125]},"j":false},{"t":4.608421325683594,"c":{"r":[-0.9809550046920776,-3.653148539228823e-8,-0.19423522055149078,-2.1433338659448964e-8,1,-7.983282301893269e-8,0.19423522055149078,-7.414929825699801e-8,-0.9809550046920776],"p":[-892.6329956054688,172.04409790039062,950.6953125]},"j":false},{"t":4.672154903411865,"c":{"r":[-0.9809550046920776,-3.629735845223081e-9,-0.19423522055149078,-2.288973899311486e-9,1,-7.127210821522567e-9,0.19423522055149078,-6.546873709822876e-9,-0.9809550046920776],"p":[-892.3262939453125,172.28773498535156,952.2446899414062]},"j":false},{"t":4.733333587646484,"c":{"r":[-0.9809550046920776,3.993575958816109e-8,-0.19423522055149078,2.333718462921297e-8,1,8.774429005597995e-8,0.19423522055149078,8.1540292740101e-8,-0.9809550046920776],"p":[-892.0360717773438,172.45819091796875,953.7099609375]},"j":false},{"t":4.8010663986206055,"c":{"r":[-0.9751490354537964,-1.587982900730367e-8,-0.22154977917671204,-8.01732102928554e-9,1,-3.638796641780573e-8,0.22154977917671204,-3.3707458158005466e-8,-0.9751490354537964],"p":[-891.7178344726562,172.6182861328125,955.2691040039062]},"j":false},{"t":4.867658853530884,"c":{"r":[-0.9593138694763184,-3.2466605404124493e-8,-0.2823418378829956,-1.3897303752230528e-8,1,-6.777149508252478e-8,0.2823418378829956,-6.109034700330085e-8,-0.9593138694763184],"p":[-891.350341796875,172.7628173828125,956.7177734375]},"j":false},{"t":4.933990716934204,"c":{"r":[-0.9573193192481995,3.946784232766731e-8,-0.2890324592590332,1.645946134942733e-8,1,8.203536339124184e-8,0.2890324592590332,7.377671806807484e-8,-0.9573193192481995],"p":[-890.8914184570312,172.8595733642578,958.2487182617188]},"j":false},{"t":5.000611782073975,"c":{"r":[-0.9531902074813843,4.264278707921676e-9,-0.30237138271331787,2.2578194869282697e-9,1,6.985275025073179e-9,0.30237138271331787,5.975595573914916e-9,-0.9531902074813843],"p":[-890.4248046875,172.9363555908203,959.7774658203125]},"j":false},{"t":5.066927909851074,"c":{"r":[-0.9531902074813843,-5.178980799769306e-8,-0.30237138271331787,-1.952554562478781e-8,1,-1.0972681963039577e-7,0.30237138271331787,-9.86865629215572e-8,-0.9531902074813843],"p":[-889.9342041015625,172.55323791503906,961.3244018554688]},"j":false},{"t":5.102866172790527,"c":{"r":[-0.9531902074813843,-1.9266156670028067e-8,-0.30237138271331787,-7.444487692964685e-9,1,-4.024899524779357e-8,0.30237138271331787,-3.6113945611759846e-8,-0.9531902074813843],"p":[-889.7416381835938,172.13294982910156,961.9313354492188]},"j":true},{"t":5.111865997314453,"c":{"r":[-0.9531902074813843,-5.342339903791071e-9,-0.30237138271331787,-2.2724226944603743e-9,1,-1.0504595415739004e-8,0.30237138271331787,-9.325761496370433e-9,-0.9531902074813843],"p":[-889.6585083007812,172.7939453125,962.193359375]},"j":true},{"t":5.119740962982178,"c":{"r":[-0.9531902074813843,3.935245018737987e-9,-0.30237138271331787,1.1737788518928483e-9,1,9.314408799809826e-9,0.30237138271331787,8.523485917066864e-9,-0.9531902074813843],"p":[-889.600830078125,173.21986389160156,962.3751220703125]},"j":true},{"t":5.133818626403809,"c":{"r":[-0.9531902074813843,2.247852037839948e-8,-0.30237138271331787,8.061763701050495e-9,1,4.8927006446319865e-8,0.30237138271331787,4.4199097715136304e-8,-0.9531902074813843],"p":[-889.48046875,174.0308074951172,962.7545166015625]},"j":false},{"t":5.214749097824097,"c":{"r":[-0.9573070406913757,5.4185349540603056e-8,-0.28907305002212524,2.086829375969046e-8,1,1.1833681412554142e-7,0.28907305002212524,1.0725220533913671e-7,-0.9573070406913757],"p":[-889.2734375,175.31883239746094,963.4231567382812]},"j":false},{"t":5.274921894073486,"c":{"r":[-0.9631620049476624,1.0260044369658772e-8,-0.2689218521118164,-8.32380553372758e-11,1,3.845063289986683e-8,0.2689218521118164,3.705657292130127e-8,-0.9631620049476624],"p":[-888.54638671875,178.6416473388672,965.9190673828125]},"j":false},{"t":5.33806037902832,"c":{"r":[-0.9631621837615967,-2.2826199597147934e-8,-0.26892125606536865,-1.7206854607820787e-8,1,-2.3252935577033895e-8,0.26892125606536865,-1.776905911299309e-8,-0.9631621837615967],"p":[-888.1426391601562,179.51124572753906,967.36376953125]},"j":false},{"t":5.399612188339233,"c":{"r":[-0.9553378820419312,-5.622439047670014e-8,-0.2955157160758972,-3.317678221037568e-8,1,-8.300524001469967e-8,0.2955157160758972,-6.94937938305884e-8,-0.9553378820419312],"p":[-887.7193603515625,179.61441040039062,968.802734375]},"j":false},{"t":5.467846393585205,"c":{"r":[-0.9422133564949036,-9.584181981381334e-8,-0.3350134789943695,-4.955199983669445e-8,1,-1.467202537241974e-7,0.3350134789943695,-1.2164119311819377e-7,-0.9422133564949036],"p":[-887.1962890625,178.80484008789062,970.4200439453125]},"j":false},{"t":5.529857397079468,"c":{"r":[-0.9246825575828552,-7.367916055045498e-8,-0.3807390034198761,-3.5386342744914145e-8,1,-1.0757508306369346e-7,0.3807390034198761,-8.599984369084268e-8,-0.9246825575828552],"p":[-886.7001342773438,177.39898681640625,971.72900390625]},"j":false},{"t":5.591842174530029,"c":{"r":[-0.8773638010025024,7.102067201003592e-8,-0.47982579469680786,1.6190949025940427e-8,1,1.1840823077591267e-7,0.47982579469680786,9.611825646516081e-8,-0.8773638010025024],"p":[-886.0781860351562,175.15185546875,973.0930786132812]},"j":true},{"t":5.597702741622925,"c":{"r":[-0.8667303919792175,7.300435100887626e-8,-0.49877697229385376,1.6123061996609067e-8,1,1.1834949020794738e-7,0.49877697229385376,9.453528804215239e-8,-0.8667303919792175],"p":[-885.9828491210938,174.79432678222656,973.2688598632812]},"j":false},{"t":5.6421799659729,"c":{"r":[-0.7969544529914856,7.251234279692653e-8,-0.6040393710136414,1.0926036075886714e-8,1,1.0563017838194355e-7,0.6040393710136414,7.758269049418232e-8,-0.7969544529914856],"p":[-885.4529418945312,173.12088012695312,974.0941162109375]},"j":true},{"t":5.657839298248291,"c":{"r":[-0.7660955190658569,3.3390307407898945e-8,-0.642726719379425,3.837937079254061e-9,1,4.737640679763899e-8,0.642726719379425,3.382810831453753e-8,-0.7660955190658569],"p":[-885.2381591796875,173.10369873046875,974.3746337890625]},"j":false},{"t":5.6956140995025635,"c":{"r":[-0.7337304949760437,-6.174304445494272e-8,-0.6794406175613403,-6.330259871845101e-9,1,-8.403727491668178e-8,0.6794406175613403,-5.735967434361555e-8,-0.7337304949760437],"p":[-884.7305908203125,173.10336303710938,974.9636840820312]},"j":true},{"t":5.704411745071411,"c":{"r":[-0.7289682626724243,-8.324542477566865e-8,-0.684547483921051,-7.839811466681113e-9,1,-1.1325796123173859e-7,0.684547483921051,-7.71947341604573e-8,-0.7289682626724243],"p":[-884.6181640625,173.5428924560547,975.0888061523438]},"j":true},{"t":5.713146686553955,"c":{"r":[-0.7243433594703674,-1.0486552781685532e-7,-0.6894394159317017,-9.178881654747784e-9,1,-1.4245901525100635e-7,0.6894394159317017,-9.686096547056877e-8,-0.7243433594703674],"p":[-884.5000610351562,173.96881103515625,975.2186889648438]},"j":true},{"t":5.719843626022339,"c":{"r":[-0.7196124792098999,-9.949129520236966e-8,-0.6943758726119995,-8.27905743960855e-9,1,-1.3470165072249074e-7,0.6943758726119995,-9.118421928633325e-8,-0.7196124792098999],"p":[-884.3740844726562,174.38108825683594,975.3546752929688]},"j":false},{"t":5.722092390060425,"c":{"r":[-0.7196124792098999,-9.949129520236966e-8,-0.6943758726119995,-8.27905743960855e-9,1,-1.3470165072249074e-7,0.6943758726119995,-9.118421928633325e-8,-0.7196124792098999],"p":[-884.3740844726562,174.38108825683594,975.3546752929688]},"j":true},{"t":5.780664920806885,"c":{"r":[-0.6330624222755432,-5.18284970496552e-8,-0.7741007804870605,-6.124101670224036e-9,1,-6.19448528027533e-8,0.7741007804870605,-3.44742865365788e-8,-0.6330624222755432],"p":[-883.293212890625,177.03895568847656,976.3851318359375]},"j":false},{"t":5.843114376068115,"c":{"r":[-0.5368180871009827,4.8237549066243446e-8,-0.8436980247497559,-1.7649389505436375e-8,1,6.840369337623997e-8,0.8436980247497559,5.161109228879468e-8,-0.5368180871009827],"p":[-882.07373046875,178.930419921875,977.2564086914062]},"j":false},{"t":5.908453941345215,"c":{"r":[-0.45118650794029236,8.488095915026861e-8,-0.8924297094345093,-1.7280557429444343e-8,1,1.0384875537283733e-7,0.8924297094345093,6.22768396851825e-8,-0.45118650794029236],"p":[-880.7799072265625,180.05548095703125,978.0142211914062]},"j":false},{"t":5.952914476394653,"c":{"r":[-0.43840211629867554,4.141075393704341e-8,-0.8987789750099182,-9.084408225668028e-10,1,4.651757379292576e-8,0.8987789750099182,2.1209888956263967e-8,-0.43840211629867554],"p":[-879.8849487304688,180.37973022460938,978.4603271484375]},"j":true},{"t":5.976607799530029,"c":{"r":[-0.43213939666748047,1.1192446081054186e-8,-0.9018068313598633,1.0899841029754498e-8,1,7.18800885479709e-9,0.9018068313598633,-6.723329448732329e-9,-0.43213939666748047],"p":[-879.2547607421875,180.40403747558594,978.7649536132812]},"j":false},{"t":5.986626148223877,"c":{"r":[-0.4321034252643585,2.5556048388608588e-9,-0.9018240571022034,1.4266618997282876e-8,1,-4.0019449976114174e-9,0.9018240571022034,-1.4595234354430886e-8,-0.4321034252643585],"p":[-879.1026611328125,180.4005584716797,978.8378295898438]},"j":true},{"t":6.0359132289886475,"c":{"r":[-0.4257785379886627,-4.9505803900729006e-8,-0.9048274159431458,3.4593664821613856e-8,1,-7.099149001987826e-8,0.9048274159431458,-6.152794895797342e-8,-0.4257785379886627],"p":[-878.442626953125,180.850830078125,979.1533203125]},"j":true},{"t":6.043245077133179,"c":{"r":[-0.41944998502731323,-5.854468909660682e-8,-0.9077784419059753,3.810602322573686e-8,1,-8.209961777083663e-8,0.9077784419059753,-6.902850913093062e-8,-0.41944998502731323],"p":[-878.3331298828125,181.2903594970703,979.2049560546875]},"j":false},{"t":6.045387506484985,"c":{"r":[-0.41944998502731323,-5.854468909660682e-8,-0.9077784419059753,3.810602322573686e-8,1,-8.209961777083663e-8,0.9077784419059753,-6.902850913093062e-8,-0.41944998502731323],"p":[-878.3331298828125,181.2903594970703,979.2049560546875]},"j":true},{"t":6.053669691085815,"c":{"r":[-0.413331001996994,-6.761828785784019e-8,-0.9105808734893799,4.1671530226494724e-8,1,-9.317395921470961e-8,0.9105808734893799,-7.645698474334495e-8,-0.413331001996994],"p":[-878.2168579101562,181.71627807617188,979.2596435546875]},"j":true},{"t":6.0607287883758545,"c":{"r":[-0.4069048762321472,-7.244516098126041e-8,-0.9134705066680908,4.348610360693783e-8,1,-9.867846273436953e-8,0.9134705066680908,-7.98760240172669e-8,-0.4069048762321472],"p":[-878.1553344726562,181.9241180419922,979.2884521484375]},"j":true},{"t":6.110125303268433,"c":{"r":[-0.4005776047706604,-1.1603077609834145e-7,-0.9162628650665283,6.08352408448809e-8,1,-1.532311557639332e-7,0.9162628650665283,-1.1712204184277653e-7,-0.4005776047706604],"p":[-877.146240234375,184.316162109375,979.7460327148438]},"j":false},{"t":6.178274154663086,"c":{"r":[-0.36176854372024536,1.8009099989058086e-8,-0.932267963886261,-1.8284577407712277e-8,1,2.6412884324145125e-8,0.932267963886261,2.660147657707057e-8,-0.36176854372024536],"p":[-875.6665649414062,186.469970703125,980.3529663085938]},"j":false},{"t":6.245192050933838,"c":{"r":[-0.33575305342674255,7.581301986192557e-8,-0.9419500231742859,-4.601666958592432e-8,1,9.688757529602299e-8,0.9419500231742859,7.587570394207432e-8,-0.33575305342674255],"p":[-874.1707763671875,187.7517852783203,980.9210205078125]},"j":false},{"t":6.316510200500488,"c":{"r":[-0.22354985773563385,-0.00251605617813766,-0.974689245223999,0.005719869397580624,0.9999760389328003,-0.0038932121824473143,0.974675714969635,-0.006445422302931547,-0.223530113697052],"p":[-872.568115234375,188.1569061279297,981.2886352539062]},"j":false},{"t":6.378322601318359,"c":{"r":[-0.18347299098968506,0.007515172474086285,-0.9829960465431213,-0.005986243952065706,0.9999436736106873,0.008762054145336151,0.9830065369606018,0.007492054719477892,-0.1834176778793335],"p":[-871.3963623046875,189.0897216796875,981.3717041015625]},"j":false},{"t":6.3922953605651855,"c":{"r":[-0.17298686504364014,0.009352834895253181,-0.984879732131958,-0.01365684438496828,0.9998360276222229,0.011893589980900288,0.9848294258117676,0.015507783740758896,-0.17283077538013458],"p":[-871.1557006835938,189.2188720703125,981.381591796875]},"j":true},{"t":6.403247356414795,"c":{"r":[-0.17053446173667908,0.008684399537742138,-0.9853134155273438,-0.017223412171006203,0.999782145023346,0.01179288886487484,0.9852011799812317,0.018981553614139557,-0.17034772038459778],"p":[-870.9124755859375,189.885498046875,981.3977661132812]},"j":true},{"t":6.446926593780518,"c":{"r":[-0.16061972081661224,0.002858890686184168,-0.9870122075080872,-0.012811454944312572,0.999905526638031,0.004981086123734713,0.9869332313537598,0.013445123098790646,-0.16056790947914124],"p":[-870.023681640625,192.28834533691406,981.4273071289062]},"j":false},{"t":6.460072994232178,"c":{"r":[-0.15620137751102448,0.000987889594398439,-0.9877247214317322,-0.004576639737933874,0.9999880194664001,0.001723916851915419,0.9877146482467651,0.004789738450199366,-0.15619498491287231],"p":[-869.8660278320312,192.6903839111328,981.3208618164062]},"j":true},{"t":6.491068124771118,"c":{"r":[-0.1380244791507721,0.003266845131292939,-0.9904234409332275,0.003538648597896099,0.9999898076057434,0.0028052562847733498,0.9904224872589111,-0.0031175664626061916,-0.1380346417427063],"p":[-869.2800903320312,193.9540557861328,981.1422119140625]},"j":true},{"t":6.5110156536102295,"c":{"r":[-0.13518281280994415,-0.0014342261711135507,-0.9908196330070496,0.013093543238937855,0.9999090433120728,-0.003233805298805237,0.9907341599464417,-0.013410493731498718,-0.13515174388885498],"p":[-868.8770751953125,194.35882568359375,980.703125]},"j":false},{"t":6.577009201049805,"c":{"r":[-0.021918300539255142,0.00002313993354619015,-0.9997597932815552,-0.00018866929167415947,1,0.000027281797883915715,0.9997597336769104,0.00018922194431070238,-0.021918294951319695],"p":[-867.6985473632812,194.65672302246094,979.8640747070312]},"j":false},{"t":6.642360210418701,"c":{"r":[0.040975235402584076,-4.34603776966469e-7,-0.9991601705551147,0.0000026343625449953834,1,-3.269347246259713e-7,0.9991601705551147,-0.000002618754024297232,0.040975235402584076],"p":[-866.2403564453125,194.0825958251953,979.5859985351562]},"j":false},{"t":6.7101380825042725,"c":{"r":[0.11838020384311676,6.50993356998697e-8,-0.9929683208465576,-8.554023622764362e-8,1,5.5362352924248626e-8,0.9929683208465576,7.838494298084697e-8,0.11838020384311676],"p":[-864.8864135742188,193.41537475585938,979.480224609375]},"j":false},{"t":6.776906728744507,"c":{"r":[0.12599708139896393,0.01375692617148161,-0.9919351935386658,-0.014028623700141907,0.999828577041626,0.012084460817277431,0.9919314384460449,0.012392879463732243,0.12616847455501556],"p":[-863.7906494140625,193.38096618652344,979.275146484375]},"j":false},{"t":6.837257385253906,"c":{"r":[0.1263117492198944,0.015130212530493736,-0.9918752312660217,-0.015696773305535316,0.9997889995574951,0.013252003118395805,0.991866409778595,0.01389535702764988,0.12652260065078735],"p":[-862.7320556640625,192.86521911621094,978.8125610351562]},"j":false},{"t":6.866145610809326,"c":{"r":[0.12425733357667923,0.01600603200495243,-0.9921209216117859,-0.016394343227148056,0.9997665286064148,0.014076082967221737,0.9921146035194397,0.014516114257276058,0.12449073046445847],"p":[-862.1829833984375,192.70460510253906,978.59228515625]},"j":true},{"t":6.8742516040802,"c":{"r":[0.12297464162111282,0.01924583874642849,-0.9922232031822205,-0.01960403099656105,0.9996639490127563,0.016960471868515015,0.992216169834137,0.017365865409374237,0.12331061065196991],"p":[-862.03564453125,193.14601135253906,978.5198974609375]},"j":true},{"t":6.881945371627808,"c":{"r":[0.12777651846408844,0.01655353419482708,-0.9916648268699646,-0.01674387790262699,0.9997541904449463,0.014531109482049942,0.9916616678237915,0.014747579582035542,0.12802228331565857],"p":[-861.88330078125,193.57382202148438,978.4539794921875]},"j":true},{"t":6.906442403793335,"c":{"r":[0.13207976520061493,0.003036991460248828,-0.9912344217300415,-0.0030517359264194965,0.9999918341636658,0.002657185774296522,0.9912344217300415,0.0026740252505987883,0.13208794593811035],"p":[-861.3826293945312,194.77549743652344,978.2935791015625]},"j":false},{"t":6.974597454071045,"c":{"r":[0.13225707411766052,-0.00003779481994570233,-0.9912154674530029,0.00003796236342168413,1,-0.00003306448343209922,0.9912154674530029,-0.000033255870221182704,0.13225707411766052],"p":[-859.8213500976562,197.38026428222656,978.0606079101562]},"j":false},{"t":7.040964365005493,"c":{"r":[0.14595016837120056,4.7184141749312403e-7,-0.9892919659614563,-4.6405446596509137e-7,1,4.0848667026693875e-7,0.9892919659614563,3.99466642875268e-7,0.14595016837120056],"p":[-858.236572265625,199.113037109375,977.8413696289062]},"j":false},{"t":7.101134300231934,"c":{"r":[0.18574582040309906,-0.013749816454946995,-0.9825016260147095,-0.010280264541506767,0.9998201727867126,-0.015935707837343216,0.9825440645217896,0.013060367666184902,0.18557105958461761],"p":[-856.8032836914062,199.34950256347656,977.5623779296875]},"j":false},{"t":7.161455869674683,"c":{"r":[0.26136162877082825,0.00031233878689818084,-0.9652408957481384,0.00022765540052205324,0.9999998807907104,0.00038522935938090086,0.9652409553527832,-0.00032042647944763303,0.2613615393638611],"p":[-855.4323120117188,198.56369018554688,977.25439453125]},"j":false},{"t":7.227136850357056,"c":{"r":[0.31545644998550415,-0.0000025551817088853568,-0.9489400386810303,-0.000002179810053348774,1,-0.000003417304242248065,0.9489400386810303,0.0000031465197025681846,0.31545644998550415],"p":[-853.9036865234375,197.0452423095703,976.7984619140625]},"j":false},{"t":7.294669151306152,"c":{"r":[0.31565725803375244,-2.634931490774761e-7,-0.9488732814788818,-1.5163784894411947e-7,1,-3.281352007888927e-7,0.9488732814788818,2.474633618021471e-7,0.31565725803375244],"p":[-852.4580688476562,196.9406280517578,976.3179931640625]},"j":false},{"t":7.360783815383911,"c":{"r":[0.3156541883945465,4.53130510891242e-8,-0.948874294757843,5.05230275393842e-8,1,6.456161116830117e-8,0.948874294757843,-6.831914589611188e-8,0.3156541883945465],"p":[-851.0089111328125,196.4672088623047,975.8359985351562]},"j":false},{"t":7.426265239715576,"c":{"r":[0.30236759781837463,-4.563251110312194e-9,-0.9531913995742798,8.897465875179478e-8,1,2.343684890604436e-8,0.9531913995742798,-9.189642469209502e-8,0.30236759781837463],"p":[-849.6093139648438,196.61984252929688,975.3778686523438]},"j":false},{"t":7.486668586730957,"c":{"r":[0.2215491533279419,-4.6554493593475854e-8,-0.9751492142677307,1.2536052906853001e-7,1,-1.9259591255149644e-8,0.9751492142677307,-1.1797826715564952e-7,0.2215491533279419],"p":[-848.1819458007812,196.85684204101562,974.9639282226562]},"j":false},{"t":7.554131984710693,"c":{"r":[0.19423457980155945,6.470362468036228e-9,-0.9809551239013672,-5.9325461876369445e-8,1,-5.150789572638814e-9,0.9809551239013672,5.919607559690121e-8,0.19423457980155945],"p":[-846.6360473632812,197.07154846191406,974.6432495117188]},"j":false},{"t":7.620987892150879,"c":{"r":[0.1942346841096878,2.309488245089142e-8,-0.9809550642967224,-5.1514195575919075e-8,1,1.3343156801681744e-8,0.9809550642967224,4.794140906483335e-8,0.1942346841096878],"p":[-845.2389526367188,197.5325927734375,974.3665771484375]},"j":false},{"t":7.687927961349487,"c":{"r":[0.18738383054733276,2.6603942160363658e-8,-0.9822867512702942,1.2205926935848765e-8,1,2.9412118962568456e-8,0.9822867512702942,-1.750107614384433e-8,0.18738383054733276],"p":[-844.1983032226562,198.56924438476562,974.1611938476562]},"j":false},{"t":7.698711395263672,"c":{"r":[0.18738161027431488,2.7037145855501876e-8,-0.9822871685028076,2.0166920577935343e-8,1,3.137173720801911e-8,0.9822871685028076,-2.568819468251604e-8,0.18738161027431488],"p":[-844.0678100585938,198.71795654296875,974.13623046875]},"j":true},{"t":7.7060582637786865,"c":{"r":[0.18052232265472412,2.764872775173899e-8,-0.9835708737373352,2.813798438694448e-8,1,3.3274940136607256e-8,0.9835708737373352,-3.368257139868547e-8,0.18052232265472412],"p":[-843.9368286132812,199.15748596191406,974.1112060546875]},"j":