{"v":1,"name":"macro1_macro2_merged","d":[{"t":0.06615090370178223,"c":{"r":[-0.00698386924341321,9.86418342563411e-8,-0.9999756217002869,6.920334527649175e-8,1,9.816092472192395e-8,0.9999756217002869,-6.851610834246458e-8,-0.00698386924341321],"p":[-958.7379760742188,168.7943878173828,876.89697265625]},"j":false},{"t":0.13323426246643066,"c":{"r":[-0.006986372638493776,-3.0867742140117116e-8,-0.9999756217002869,-2.3270153803878202e-8,1,-3.070591603204775e-8,0.9999756217002869,2.3055063635979423e-8,-0.006986372638493776],"p":[-957.1480102539062,168.7943878173828,876.90771484375]},"j":false},{"t":0.19324254989624023,"c":{"r":[-0.006980530917644501,-5.410102232872305e-8,-0.9999756217002869,-3.896317579688002e-8,1,-5.3830348178962595e-8,0.9999756217002869,3.858646380194841e-8,-0.006980530917644501],"p":[-955.7483520507812,168.79835510253906,876.9171142578125]},"j":false},{"t":0.2579960823059082,"c":{"r":[-0.0069833919405937195,4.9055842055167886e-8,-0.9999756217002869,3.692929695375824e-8,1,4.8799140728306156e-8,0.9999756217002869,-3.65876147156996e-8,-0.0069833919405937195],"p":[-954.25,168.84231567382812,876.9271850585938]},"j":false},{"t":0.32436466217041016,"c":{"r":[-0.00698351114988327,2.694238254719039e-8,-0.9999756217002869,1.974351171440958e-8,1,2.6805157204989882e-8,0.9999756217002869,-1.9555836061613263e-8,-0.00698351114988327],"p":[-952.65234375,168.91822814941406,876.9379272460938]},"j":false},{"t":0.39117884635925293,"c":{"r":[-0.01396270003169775,-8.359182857020642e-8,-0.9999025464057922,-6.291513443557051e-8,1,-8.272142792975501e-8,0.9999025464057922,6.175398681307342e-8,-0.01396270003169775],"p":[-951.0530395507812,168.97972106933594,876.9497680664062]},"j":false},{"t":0.4582068920135498,"c":{"r":[-0.06975696235895157,1.83300645772988e-8,-0.9975640177726746,1.5607321657284956e-8,1,1.7283447562022047e-8,0.9975640177726746,-1.4363662259597731e-8,-0.06975696235895157],"p":[-949.4537353515625,168.99307250976562,876.9873046875]},"j":false},{"t":0.5241284370422363,"c":{"r":[-0.20791126787662506,6.706146393753443e-8,-0.9781476855278015,5.521306434275175e-8,1,5.682377590687793e-8,0.9781476855278015,-4.219223015411444e-8,-0.20791126787662506],"p":[-947.86767578125,168.99429321289062,877.185302734375]},"j":false},{"t":0.5913443565368652,"c":{"r":[-0.2957077622413635,-7.572539573175163e-8,-0.9552784562110901,-6.25601401793574e-8,1,-5.990492013552284e-8,0.9552784562110901,4.2048004189609856e-8,-0.2957077622413635],"p":[-946.2205810546875,168.99436950683594,877.6032104492188]},"j":false},{"t":0.6576766967773438,"c":{"r":[-0.335452675819397,-1.354700263078712e-8,-0.9420570731163025,-1.0893333346473355e-8,1,-1.0501279845698264e-8,0.9420570731163025,6.739459657012503e-9,-0.335452675819397],"p":[-944.7933959960938,168.99436950683594,878.064697265625]},"j":false},{"t":0.7244620323181152,"c":{"r":[-0.3616250157356262,1.0506504821705676e-7,-0.9323236346244812,8.956413921623607e-8,1,7.79519169213927e-8,0.9323236346244812,-5.5313396529754755e-8,-0.3616250157356262],"p":[-943.2914428710938,168.99436950683594,878.6161499023438]},"j":false},{"t":0.7912240028381348,"c":{"r":[-0.42578044533729553,-2.9238995225000508e-8,-0.9048265218734741,-2.8402014962125577e-8,1,-1.8949458890915594e-8,0.9048265218734741,1.7630588544648162e-8,-0.42578044533729553],"p":[-941.8143310546875,168.99436950683594,879.2303466796875]},"j":false},{"t":0.8572254180908203,"c":{"r":[-0.4756259024143219,-4.32874038835962e-8,-0.8796476721763611,-3.7820349518824514e-8,1,-2.8760453574250278e-8,0.8796476721763611,1.9589364796956943e-8,-0.4756259024143219],"p":[-940.3759155273438,168.99436950683594,879.9305419921875]},"j":false},{"t":0.923947811126709,"c":{"r":[-0.5239865183830261,7.48947996953575e-8,-0.8517265319824219,7.492909048778529e-8,1,4.183615942565666e-8,0.8517265319824219,-4.189750768546219e-8,-0.5239865183830261],"p":[-938.8981323242188,168.99436950683594,880.7702026367188]},"j":false},{"t":0.9910528659820557,"c":{"r":[-0.5821241736412048,1.0320073684511044e-8,-0.8130999207496643,8.744136081872966e-9,1,6.432052668259303e-9,0.8130999207496643,-3.365602907479115e-9,-0.5821241736412048],"p":[-937.6463012695312,168.99436950683594,881.595947265625]},"j":false},{"t":1.058070182800293,"c":{"r":[-0.6046002507209778,-8.021317654538507e-8,-0.7965290546417236,-8.040072430048895e-8,1,-3.9675732921296e-8,0.7965290546417236,4.005355691560908e-8,-0.6046002507209778],"p":[-936.3516235351562,168.99436950683594,882.5359497070312]},"j":false},{"t":1.1249890327453613,"c":{"r":[-0.6320307850837708,3.821777383450353e-8,-0.7749432325363159,3.9567623844050104e-8,1,1.704617069719916e-8,0.7749432325363159,-1.988895803606283e-8,-0.6320307850837708],"p":[-935.0925903320312,168.99436950683594,883.5230102539062]},"j":false},{"t":1.190650224685669,"c":{"r":[-0.6427884101867676,4.6012537779915874e-8,-0.7660437226295471,4.700000033608376e-8,1,2.0627387797844676e-8,0.7660437226295471,-2.2745011207803145e-8,-0.6427884101867676],"p":[-933.86376953125,168.99436950683594,884.5474853515625]},"j":false},{"t":1.2571728229522705,"c":{"r":[-0.6427884101867676,-8.917483285131311e-8,-0.7660437226295471,-9.134760858842128e-8,1,-3.975967288738502e-8,0.7660437226295471,4.441920253839271e-8,-0.6427884101867676],"p":[-932.63818359375,168.99436950683594,885.5758056640625]},"j":false},{"t":1.325688362121582,"c":{"r":[-0.6374236941337585,1.3339035653814335e-8,-0.7705135345458984,1.3664663178758474e-8,1,6.007494945947656e-9,0.7705135345458984,-6.699488075412319e-9,-0.6374236941337585],"p":[-931.3359985351562,168.99436950683594,886.6683959960938]},"j":false},{"t":1.3922615051269531,"c":{"r":[-0.6320307850837708,7.396567269779553e-8,-0.7749432921409607,7.596365492190671e-8,1,3.3491872386548494e-8,0.7749432921409607,-3.769963186073255e-8,-0.6320307850837708],"p":[-930.103759765625,168.99436950683594,887.6884155273438]},"j":false},{"t":1.457249641418457,"c":{"r":[-0.632030189037323,-5.4660016957086555e-8,-0.7749437689781189,-5.440415407065302e-8,1,-2.616312322345493e-8,0.7749437689781189,2.562427781072074e-8,-0.632030189037323],"p":[-928.9363403320312,168.99008178710938,888.6305541992188]},"j":false},{"t":1.5245842933654785,"c":{"r":[-0.632030189037323,-1.9139626772357587e-8,-0.7749437689781189,-1.9935120221248326e-8,1,-8.439361209866547e-9,0.7749437689781189,1.0114665549565416e-8,-0.632030189037323],"p":[-927.6195068359375,168.93309020996094,889.7044067382812]},"j":false},{"t":1.5916519165039062,"c":{"r":[-0.632030189037323,9.87784147810089e-8,-0.7749437689781189,9.787149224393943e-8,1,4.764304151194665e-8,0.7749437689781189,-4.5733060005659354e-8,-0.632030189037323],"p":[-926.456787109375,168.9344940185547,890.6519775390625]},"j":false},{"t":1.6578900814056396,"c":{"r":[-0.632030189037323,-1.8913819843646706e-8,-0.7749437689781189,-1.822862216727117e-8,1,-9.53976275752666e-9,0.7749437689781189,8.096739279039866e-9,-0.632030189037323],"p":[-925.216552734375,168.94430541992188,891.6627197265625]},"j":false},{"t":1.7241206169128418,"c":{"r":[-0.632030189037323,-5.6929099656599647e-8,-0.7749437689781189,-5.608321984595932e-8,1,-2.7721767992261448e-8,0.7749437689781189,2.5940346759512067e-8,-0.632030189037323],"p":[-923.976318359375,168.95565795898438,892.6734619140625]},"j":false},{"t":1.7920465469360352,"c":{"r":[-0.632030189037323,7.15441430543251e-8,-0.7749437689781189,6.983791678294438e-8,1,3.536317549901469e-8,0.7749437689781189,-3.176986496100653e-8,-0.632030189037323],"p":[-922.6585693359375,168.9678497314453,893.7473754882812]},"j":false},{"t":1.857724905014038,"c":{"r":[-0.632030189037323,2.0513567733360105e-8,-0.7749437689781189,2.0167085779121408e-8,1,1.0023128105274282e-8,0.7749437689781189,-9.293438019142286e-9,-0.632030189037323],"p":[-921.495849609375,168.97860717773438,894.6949462890625]},"j":false},{"t":1.9247329235076904,"c":{"r":[-0.632030189037323,-8.115973315625524e-8,-0.7749437689781189,-7.914123756336267e-8,1,-4.018366084324043e-8,0.7749437689781189,3.593272523971791e-8,-0.632030189037323],"p":[-920.1781005859375,168.98995971679688,895.769287109375]},"j":false},{"t":1.992361307144165,"c":{"r":[-0.632030189037323,3.715077667720834e-8,-0.7749437689781189,3.6083797283481545e-8,1,1.8510665000803783e-8,0.7749437689781189,-1.6263614455169773e-8,-0.632030189037323],"p":[-918.9378662109375,168.9939727783203,896.781005859375]},"j":false},{"t":2.058000326156616,"c":{"r":[-0.6320314407348633,6.475647040815602e-8,-0.7749426960945129,6.355128334689653e-8,1,3.173145657342502e-8,0.7749426960945129,-2.9193323314302688e-8,-0.6320314407348633],"p":[-917.7814331054688,168.99436950683594,897.7366943359375]},"j":false},{"t":2.129182815551758,"c":{"r":[-0.6320314407348633,-8.191030076432071e-8,-0.7749426960945129,-7.872717588952582e-8,1,-4.148983734353351e-8,0.7749426960945129,3.478617216501334e-8,-0.6320314407348633],"p":[-916.5413208007812,168.99436950683594,898.7484741210938]},"j":false},{"t":2.193826675415039,"c":{"r":[-0.6320314407348633,2.2934334431568004e-9,-0.7749426960945129,1.6241399336536233e-9,1,1.6348637998930826e-9,0.7749426960945129,-2.2533010179959234e-10,-0.6320314407348633],"p":[-915.2235717773438,168.99436950683594,899.8234252929688]},"j":false},{"t":2.2573704719543457,"c":{"r":[-0.6211491227149963,1.0407867279127458e-7,-0.7836923599243164,9.914243292996616e-8,1,5.42259144253876e-8,0.7836923599243164,-4.401478648219381e-8,-0.6211491227149963],"p":[-914.0587768554688,168.99436950683594,900.76904296875]},"j":false},{"t":2.3239097595214844,"c":{"r":[-0.5934203863143921,-3.212848298517201e-8,-0.8048926591873169,-2.893516182211897e-8,1,-1.8583554250994894e-8,0.8048926591873169,1.2261840431904147e-8,-0.5934203863143921],"p":[-912.7952270507812,168.99436950683594,901.75048828125]},"j":false},{"t":2.3908615112304688,"c":{"r":[-0.5358282327651978,-4.692796906624608e-8,-0.8443269729614258,-4.251937468779943e-8,1,-2.8596604195740838e-8,0.8443269729614258,2.0577388681886077e-8,-0.5358282327651978],"p":[-911.4744873046875,168.99436950683594,902.6527709960938]},"j":false},{"t":2.4576122760772705,"c":{"r":[-0.4878605902194977,7.757936515417896e-8,-0.8729215860366821,7.314218919418636e-8,1,4.79953463639049e-8,0.8729215860366821,-4.0432354353470146e-8,-0.4878605902194977],"p":[-910.02001953125,168.99436950683594,903.5323486328125]},"j":false},{"t":2.5247092247009277,"c":{"r":[-0.4446364641189575,1.863990295447593e-9,-0.8957111239433289,1.593025600321596e-9,1,1.2902294788119661e-9,0.8957111239433289,-8.532077266920624e-10,-0.4446364641189575],"p":[-908.612060546875,168.99436950683594,904.2922973632812]},"j":false},{"t":2.591355085372925,"c":{"r":[-0.35510754585266113,-7.022572390269488e-8,-0.9348254799842834,-6.499397642301119e-8,1,-5.0432806375511063e-8,0.9348254799842834,4.284895638306807e-8,-0.35510754585266113],"p":[-907.1520385742188,168.99436950683594,904.9451293945312]},"j":false},{"t":2.658212900161743,"c":{"r":[-0.2486916482448578,4.293875477401343e-8,-0.9685826897621155,3.73701354305922e-8,1,3.473643772622381e-8,0.9685826897621155,-2.755740702298226e-8,-0.2486916482448578],"p":[-905.6364135742188,168.99436950683594,905.4559326171875]},"j":false},{"t":2.724799633026123,"c":{"r":[-0.18051934242248535,3.531193115691167e-8,-0.9835714101791382,2.879592564397626e-8,1,3.0616696733432036e-8,0.9835714101791382,-2.279594468745927e-8,-0.18051934242248535],"p":[-904.0712280273438,168.99436950683594,905.7844848632812]},"j":false},{"t":2.790337085723877,"c":{"r":[-0.14608530700206757,-7.70318919762758e-8,-0.9892719984054565,-7.30329006159991e-8,1,-6.708252442422236e-8,0.9892719984054565,6.244963657309199e-8,-0.14608530700206757],"p":[-902.5939331054688,168.99436950683594,906.0431518554688]},"j":false},{"t":2.8526244163513184,"c":{"r":[-0.13917309045791626,-1.0202489519883784e-8,-0.9902680516242981,-7.39785388503833e-9,1,-9.263054323582764e-9,0.9902680516242981,6.0366902587816185e-9,-0.13917309045791626],"p":[-901.2084350585938,168.99436950683594,906.2431030273438]},"j":false},{"t":2.9158740043640137,"c":{"r":[-0.13917309045791626,7.703008719772697e-8,-0.9902680516242981,7.640259269692251e-8,1,6.704942023816329e-8,0.9902680516242981,-6.632757276747725e-8,-0.13917309045791626],"p":[-899.5254516601562,168.99436950683594,906.4796752929688]},"j":false},{"t":2.985023260116577,"c":{"r":[-0.13917309045791626,-3.7288582888095334e-8,-0.9902680516242981,-3.900598954942325e-8,1,-3.217310506897775e-8,0.9902680516242981,3.414875493490399e-8,-0.13917309045791626],"p":[-897.9414672851562,168.99436950683594,906.7023315429688]},"j":false},{"t":3.0492312908172607,"c":{"r":[-0.13917309045791626,-3.5687769184278295e-8,-0.9902680516242981,-3.6066879260943097e-8,1,-3.0969626862997757e-8,0.9902680516242981,3.140574023063891e-8,-0.13917309045791626],"p":[-896.4564819335938,168.99436950683594,906.9110717773438]},"j":false},{"t":3.1160922050476074,"c":{"r":[-0.1322583258152008,7.345797570224022e-8,-0.9912152886390686,7.644087673952527e-8,1,6.390946083456583e-8,0.9912152886390686,-6.731680457505718e-8,-0.1322583258152008],"p":[-894.7723388671875,168.97723388671875,907.1405639648438]},"j":false},{"t":3.18239688873291,"c":{"r":[-0.11147106438875198,-1.4911847312504278e-9,-0.9937676787376404,-1.7241984506810581e-9,1,-1.3071329574287915e-9,0.9937676787376404,1.5677451559170663e-9,-0.11147106438875198],"p":[-893.2860107421875,168.90176391601562,907.3274536132812]},"j":false},{"t":3.2495546340942383,"c":{"r":[-0.10452922433614731,-5.1225207187144406e-8,-0.9945217967033386,-5.350142373572453e-8,1,-4.5884107180427236e-8,0.9945217967033386,4.841210099471027e-8,-0.10452922433614731],"p":[-891.5980224609375,168.8130340576172,907.5101318359375]},"j":false},{"t":3.3165698051452637,"c":{"r":[-0.10452922433614731,3.828552053164458e-8,-0.9945217967033386,4.068981951377282e-8,1,3.4219709732496995e-8,0.9945217967033386,-3.68899542024792e-8,-0.10452922433614731],"p":[-890.1067504882812,168.792236328125,907.6666870117188]},"j":false},{"t":3.3822906017303467,"c":{"r":[-0.09758491814136505,3.016909033703996e-8,-0.9952272176742554,3.1583414994429404e-8,1,2.7216923825790218e-8,0.9952272176742554,-2.8776714344758147e-8,-0.09758491814136505],"p":[-888.5143432617188,168.79420471191406,907.8245849609375]},"j":false},{"t":3.4443135261535645,"c":{"r":[-0.09758491814136505,-7.360040399362333e-8,-0.9952272176742554,-7.862013262638357e-8,1,-6.624443216196596e-8,0.9952272176742554,7.178044114652948e-8,-0.09758491814136505],"p":[-887.0211181640625,168.7943572998047,907.9710693359375]},"j":false},{"t":3.5077781677246094,"c":{"r":[-0.09758491814136505,5.714509754284336e-9,-0.9952272176742554,6.443097166908274e-9,1,5.110150524956225e-9,0.9952272176742554,-5.913671774493423e-9,-0.09758491814136505],"p":[-885.4283447265625,168.7943572998047,908.1273193359375]},"j":false},{"t":3.574845314025879,"c":{"r":[-0.09063264727592468,7.163500015394675e-8,-0.9958844184875488,7.673540380892518e-8,1,6.49475708769387e-8,0.9958844184875488,-7.053321837702242e-8,-0.09063264727592468],"p":[-883.8351440429688,168.79754638671875,908.2754516601562]},"j":false},{"t":3.642652988433838,"c":{"r":[-0.09063264727592468,-4.161556432791258e-8,-0.9958844184875488,-4.499187866713328e-8,1,-3.7692959864443765e-8,0.9958844184875488,4.139049991636057e-8,-0.09063264727592468],"p":[-882.2430419921875,168.8426055908203,908.4199829101562]},"j":false},{"t":3.7096688747406006,"c":{"r":[-0.048851534724235535,-2.1376891368163342e-8,-0.9988060593605042,-2.55119108061308e-8,1,-2.0154658386672963e-8,0.9988060593605042,2.449686498096071e-8,-0.048851534724235535],"p":[-880.6502685546875,168.91844177246094,908.5489501953125]},"j":false},{"t":3.7739830017089844,"c":{"r":[0.006978989113122225,7.436945992367328e-8,-0.9999756217002869,7.295392379091936e-8,1,7.488042541581308e-8,0.9999756217002869,-7.34747374053768e-8,0.006978989113122225],"p":[-879.063232421875,168.8055877685547,908.5834350585938]},"j":false},{"t":3.842498302459717,"c":{"r":[0.006978989113122225,-1.1440181246769043e-8,-0.9999756217002869,-1.028652896195581e-8,1,-1.151225159645719e-8,0.9999756217002869,1.0366622227309108e-8,0.006978989113122225],"p":[-877.5111694335938,168.3843994140625,908.5730590820312]},"j":false},{"t":3.907520055770874,"c":{"r":[0.006978989113122225,-5.2144205398008125e-8,-0.9999756217002869,-5.046332418601196e-8,1,-5.249766488191199e-8,0.9999756217002869,5.082847920334643e-8,0.006978989113122225],"p":[-876.0698852539062,167.97647094726562,908.56298828125]},"j":false},{"t":3.910200834274292,"c":{"r":[0.006978989113122225,-5.2144205398008125e-8,-0.9999756217002869,-5.046332418601196e-8,1,-5.249766488191199e-8,0.9999756217002869,5.082847920334643e-8,0.006978989113122225],"p":[-876.0698852539062,167.97647094726562,908.56298828125]},"j":true},{"t":3.91965913772583,"c":{"r":[0.006978989113122225,-4.055836200222984e-8,-0.9999756217002869,-3.938453119189944e-8,1,-4.0834219561247664e-8,0.9999756217002869,3.9668556439664826e-8,0.006978989113122225],"p":[-875.8836059570312,168.41600036621094,908.5616455078125]},"j":true},{"t":3.9269049167633057,"c":{"r":[0.006979032419621944,-2.8977472865676646e-8,-0.9999756217002869,-2.8310477517834443e-8,1,-2.9175762250588377e-8,0.9999756217002869,2.8513406746810688e-8,0.006979032419621944],"p":[-875.6898803710938,168.8419189453125,908.560302734375]},"j":true},{"t":3.9751408100128174,"c":{"r":[0.006979282945394516,4.617769278070227e-8,-0.9999756217002869,4.355551297408056e-8,1,4.6482810489578696e-8,0.9999756217002869,-4.387887031498394e-8,0.006979282945394516],"p":[-874.3911743164062,171.2782440185547,908.5515747070312]},"j":false},{"t":4.0409674644470215,"c":{"r":[0.006980576552450657,9.965829406155535e-8,-0.9999756217002869,9.485206220460896e-8,1,1.0032285757688442e-7,0.9999756217002869,-9.555006386108289e-8,0.006980576552450657],"p":[-872.7915649414062,173.48654174804688,908.5408325195312]},"j":false},{"t":4.107912302017212,"c":{"r":[0.020937755703926086,-1.4799067749038386e-8,-0.9997807741165161,-1.1991016179990766e-8,1,-1.5053432278477885e-8,0.9997807741165161,1.2303572383132177e-8,0.020937755703926086],"p":[-871.1919555664062,174.82286071777344,908.5138549804688]},"j":false},{"t":4.175774812698364,"c":{"r":[0.014051342383027077,-1.0230483127315892e-7,-0.999901294708252,-9.467422046327556e-8,1,-1.03645362514726e-7,0.999901294708252,9.612122653379629e-8,0.014051342383027077],"p":[-869.5923461914062,175.28717041015625,908.481689453125]},"j":false},{"t":4.24275541305542,"c":{"r":[0.0069860853254795074,-1.0023008201187622e-8,-0.9999756217002869,-1.0905838010444313e-8,1,-1.0099443059630175e-8,0.9999756217002869,1.0976127562400961e-8,0.0069860853254795074],"p":[-867.9927368164062,174.8794708251953,908.4637451171875]},"j":false},{"t":4.308996200561523,"c":{"r":[-0.02791600301861763,8.391994299472572e-8,-0.9996102452278137,7.442077532004987e-8,1,8.187432598560918e-8,0.9996102452278137,-7.210616104202927e-8,-0.02791600301861763],"p":[-866.3931274414062,173.5997772216797,908.47021484375]},"j":false},{"t":4.374878644943237,"c":{"r":[-0.18052002787590027,-3.1583005100088712e-9,-0.9835712909698486,-7.834169757359177e-9,1,-1.7732074697462963e-9,0.9835712909698486,7.385364764189717e-9,-0.18052002787590027],"p":[-865.1409301757812,174.25958251953125,908.5267944335938]},"j":false},{"t":4.440946817398071,"c":{"r":[-0.35510823130607605,-5.409076919704603e-8,-0.9348251819610596,-5.348169551666615e-8,1,-3.754603383754329e-8,0.9348251819610596,3.6663131197656185e-8,-0.35510823130607605],"p":[-864.2406005859375,175.47010803222656,908.685302734375]},"j":false},{"t":4.5080695152282715,"c":{"r":[-0.4939425587654114,4.159459976449398e-8,-0.8694945573806763,4.8598273849620455e-8,1,2.0229963482165658e-8,0.8694945573806763,-3.226349321039379e-8,-0.4939425587654114],"p":[-863.463134765625,176.48585510253906,909.058837890625]},"j":false},{"t":4.575630187988281,"c":{"r":[-0.6156620979309082,3.438571027913895e-8,-0.7880102396011353,3.328302256022653e-8,1,1.7632531879030466e-8,0.7880102396011353,-1.5371680817111155e-8,-0.6156620979309082],"p":[-862.5341796875,177.63807678222656,909.6337890625]},"j":false},{"t":4.586479663848877,"c":{"r":[-0.6534218788146973,1.8104094223758693e-8,-0.7569939494132996,1.3857465397393298e-8,1,1.1954287337800906e-8,0.7569939494132996,-2.678824717605721e-9,-0.6534218788146973],"p":[-862.3909301757812,177.78382873535156,909.743408203125]},"j":true},{"t":4.593772649765015,"c":{"r":[-0.6845473051071167,9.70737090710827e-9,-0.7289684414863586,4.037468137596534e-9,1,9.525149557987334e-9,0.7289684414863586,3.5772294015856687e-9,-0.6845473051071167],"p":[-862.3201293945312,178.0052947998047,909.798095703125]},"j":true},{"t":4.610292911529541,"c":{"r":[-0.7413883805274963,-3.2467312394146575e-8,-0.6710761785507202,-4.572930834001454e-8,1,2.1396489024994025e-9,0.6710761785507202,3.227416200957123e-8,-0.7413883805274963],"p":[-861.9668579101562,179.06155395507812,910.0864868164062]},"j":true},{"t":4.6417155265808105,"c":{"r":[-0.8285393714904785,-7.75649127149336e-8,-0.5599308609962463,-1.1445506942209249e-7,1,3.08352667843792e-8,0.5599308609962463,8.96351579626753e-8,-0.8285393714904785],"p":[-861.5035400390625,180.39727783203125,910.5833129882812]},"j":false},{"t":4.707508563995361,"c":{"r":[-0.8133732080459595,-1.42615705911453e-8,-0.5817421674728394,-5.419154902597256e-8,1,5.125360758029274e-8,0.5817421674728394,7.321382611280569e-8,-0.8133732080459595],"p":[-860.5950317382812,182.82357788085938,911.897705078125]},"j":false},{"t":4.774400234222412,"c":{"r":[-0.784098744392395,8.525781680646105e-8,-0.6206361055374146,6.182897038797819e-8,1,5.925823742813918e-8,0.6206361055374146,8.091018521838578e-9,-0.784098744392395],"p":[-859.5929565429688,184.44607543945312,913.2708129882812]},"j":false},{"t":4.839767932891846,"c":{"r":[-0.6696053743362427,1.2217473965847603e-7,-0.7427170872688293,1.0379166326401901e-7,1,7.09224039496803e-8,0.7427170872688293,-2.9597821082916198e-8,-0.6696053743362427],"p":[-858.5881958007812,185.06019592285156,914.3823852539062]},"j":false},{"t":4.909395933151245,"c":{"r":[-0.4342391788959503,4.0895589137335264e-8,-0.9007976055145264,-2.2617619777065556e-8,1,5.6302376094663487e-8,0.9007976055145264,4.482259541305211e-8,-0.4342391788959503],"p":[-857.2376098632812,184.82969665527344,915.405029296875]},"j":false},{"t":4.973981857299805,"c":{"r":[-0.13227742910385132,6.174535371883394e-8,-0.9912127256393433,-5.0095216863610403e-8,1,6.897794690985393e-8,0.9912127256393433,5.8779242806394905e-8,-0.13227742910385132],"p":[-855.798095703125,184.20388793945312,915.8585205078125]},"j":false},{"t":5.041647672653198,"c":{"r":[0.3288661241531372,6.910423788752951e-9,-0.944376528263092,4.193748459613289e-9,1,8.77786021646898e-9,0.944376528263092,-6.8472187919610406e-9,0.3288661241531372],"p":[-854.4723510742188,184.89280700683594,915.825439453125]},"j":false},{"t":5.044895648956299,"c":{"r":[0.3288661241531372,6.910423788752951e-9,-0.944376528263092,4.193748459613289e-9,1,8.77786021646898e-9,0.944376528263092,-6.8472187919610406e-9,0.3288661241531372],"p":[-854.4723510742188,184.89280700683594,915.825439453125]},"j":true},{"t":5.051459074020386,"c":{"r":[0.4320841133594513,-2.177926061719404e-9,-0.9018332958221436,1.3155821321220174e-8,1,3.888185773348596e-9,0.9018332958221436,-1.3544381616270584e-8,0.4320841133594513],"p":[-854.2803344726562,185.33233642578125,915.774658203125]},"j":true},{"t":5.0601935386657715,"c":{"r":[0.4444619417190552,-6.4970002711106645e-9,-0.8957977294921875,1.7669499641215225e-8,1,1.5142033182868886e-9,0.8957977294921875,-1.6501303434779402e-8,0.4444619417190552],"p":[-854.1851196289062,185.5469970703125,915.7468872070312]},"j":true},{"t":5.107772350311279,"c":{"r":[0.7418506145477295,6.733663582281224e-8,-0.6705651879310608,3.5805857834247945e-8,1,1.4002999648710102e-7,0.6705651879310608,-1.278914965041622e-7,0.7418506145477295],"p":[-853.1243896484375,187.8572235107422,915.2393188476562]},"j":false},{"t":5.127633571624756,"c":{"r":[0.742946982383728,7.40226226980667e-8,-0.669350266456604,1.3514336316688969e-8,1,1.2558903961235046e-7,0.669350266456604,-1.0235181946427474e-7,0.742946982383728],"p":[-852.7391967773438,188.675048828125,914.9391479492188]},"j":true},{"t":5.174536466598511,"c":{"r":[0.7431450486183167,6.567806565271894e-8,-0.6691303253173828,-3.885505606149309e-8,1,5.5001425636191925e-8,0.6691303253173828,-1.4874940390541269e-8,0.7431450486183167],"p":[-851.987548828125,190.17453002929688,914.1436767578125]},"j":false},{"t":5.243013143539429,"c":{"r":[0.7384659647941589,5.2559187224687776e-8,-0.6742907166481018,-1.1991257053978188e-7,1,-5.33778177214117e-8,0.6742907166481018,1.2027363993638573e-7,0.7384659647941589],"p":[-850.8473510742188,191.6812286376953,912.882568359375]},"j":false},{"t":5.307422399520874,"c":{"r":[0.7384557127952576,2.223832007430815e-9,-0.6743019819259644,-4.694241795277776e-8,1,-4.8110582184790474e-8,0.6743019819259644,6.718089906598834e-8,0.7384557127952576],"p":[-849.835693359375,192.19314575195312,911.7747802734375]},"j":false},{"t":5.374773740768433,"c":{"r":[0.770512580871582,-7.908545285317814e-8,-0.6374248266220093,1.1639394159601579e-7,1,1.6625563148409128e-8,0.6374248266220093,-8.700259002125676e-8,0.770512580871582],"p":[-848.7836303710938,192.93568420410156,910.6082153320312]},"j":false},{"t":5.434773740768432,"j":false,"c":{"p":[-848.2960825636287,193.8135752111985,909.6804595553107],"r":[0.770512580871582,-7.908545285317814e-8,-0.6374248266220093,1.1639394159601579e-7,1,1.6625563148409128e-8,0.6374248266220093,-8.700259002125676e-8,0.770512580871582]}},{"t":5.434773740768432,"j":false,"c":{"p":[-847.8085347561637,194.69146621829543,908.7527037785901],"r":[0.12533454596996307,0,-0.9921145439147949,7.246815414418961e-8,1,9.154954128121062e-9,0.9921145439147949,-7.304414140207882e-8,0.12533454596996307]}},{"t":5.434773740768432,"j":false,"c":{"p":[-847.1403849420149,194.8095224024112,908.6683103892116],"r":[0.41249876416512804,-1.0972786566735668e-7,-0.8978708037831258,-5.785109028298732e-9,1,-1.2040891222602293e-7,0.8978708037831258,4.925189084866175e-8,0.41249876416512804]}},{"t":5.459773740768433,"j":false,"c":{"p":[-846.6942648810194,195.11432514130087,908.4751195192397],"r":[0.2377273142857094,-9.057793285880231e-8,-0.9486741578728175,8.671010450616673e-9,1,-1.0029172546770228e-7,0.9486741578728175,2.7332757588100196e-8,0.2377273142857094]}},{"t":5.484773740768433,"j":false,"c":{"p":[-846.215695475096,195.32895769817745,908.3523553073659],"r":[0.04956688157754713,-3.8778667330851045e-8,-0.9747975553397975,3.030092441108541e-8,1,-4.563483803664681e-8,0.9747975553397975,-1.4532557522102145e-8,0.04956688157754713]}},{"t":5.509773740768433,"j":true,"c":{"p":[-845.8106918907973,195.54910444888557,908.257719725323],"r":[-0.09758335760566902,6.132995515690087e-9,-0.995227380106487,4.948517902234116e-8,1,1.3103209210228378e-9,0.995227380106487,-4.912114192212358e-8,-0.09758335760566902]}},{"t":5.534773740768434,"j":true,"c":{"p":[-845.4375031052865,196.4541117379915,908.2759370480688],"r":[-0.29801693612767566,6.227699256521712e-8,-0.9536536429536762,8.317980517167636e-8,1,3.914262964787066e-8,0.9536536429536762,-6.765142061380085e-8,-0.29801693612767566]}},{"t":5.559773740768434,"j":false,"c":{"p":[-844.788046674201,197.85285013965643,908.421243619013],"r":[-0.45705399356426113,-1.6667698698827604e-7,-0.8822715966479423,3.14579445795527e-8,1,-2.1081435616399478e-7,0.8822715966479423,-1.4503446824588517e-7,-0.45705399356426113]}},{"t":5.584773740768434,"j":false,"c":{"p":[-844.1829782723024,199.055228827411,908.6591145910462],"r":[-0.5736529923110943,-2.810682727525593e-7,-0.8125046387711987,9.109487516894526e-10,1,-3.4576612179818177e-7,0.8125046387711987,-1.9843861375138283e-7,-0.5736529923110943]}},{"t":5.609773740768435,"j":false,"c":{"p":[-843.6679786878034,199.9672732108274,908.9784219311673],"r":[-0.6558500129713859,-2.515674679233349e-7,-0.744499943610399,2.9256196650413575e-11,1,-3.3665435246079174e-7,0.744499943610399,-2.1987330204098942e-7,-0.6558500129713859]}},{"t":5.634773740768435,"j":false,"c":{"p":[-843.1643198134293,200.85037960032693,909.3087344242791],"r":[-0.7332129725558464,-2.1703958800958654e-7,-0.6797913468721096,-6.567191850401295e-10,1,-3.174663531870401e-7,0.6797913468721096,-2.3167554905052686e-7,-0.7332129725558464]}},{"t":5.659773740768435,"j":false,"c":{"p":[-842.7857105172726,201.414398040848,909.7603964382334],"r":[-0.7572726299709426,-1.2708011588898987e-7,-0.6514275392126051,8.154022109223229e-10,1,-1.8717170453494124e-7,0.6514275392126051,-1.3726463074710525e-7,-0.7572726299709426]}},{"t":5.684773740768436,"j":false,"c":{"p":[-842.4071012211159,201.97841648136907,910.2120584521879],"r":[-0.7813322873860388,-3.7120643768393225e-8,-0.6230637315531006,2.2875236068847755e-9,1,-5.687705588284235e-8,0.6230637315531006,-4.28537124436837e-8,-0.7813322873860388]}},{"t":5.709773740768436,"j":false,"c":{"p":[-842.0383855608208,202.3722231976017,910.6722376597779],"r":[-0.7906045091517812,2.0460879267084988e-8,-0.6123030454095236,2.926949699568616e-9,1,2.926240012747627e-8,0.6123030454095236,2.116409563446889e-8,-0.7906045091517812]}},{"t":5.7347737407684365,"j":false,"c":{"p":[-841.6779325182601,202.62387849130553,911.1395299566475],"r":[-0.7875270821380632,5.1002129135393744e-8,-0.6162435132252113,2.870954707782914e-9,1,7.85258802183843e-8,0.6162435132252113,5.97992582358918e-8,-0.7875270821380632]}},{"t":5.759773740768437,"j":false,"c":{"p":[-841.3174794756994,202.87553378500937,911.606822253517],"r":[-0.7844496551243453,8.15433790037025e-8,-0.620183981040899,2.8149597159972126e-9,1,1.2778936030929232e-7,0.620183981040899,9.843442083731471e-8,-0.7844496551243453]}},{"t":5.784773740768437,"j":false,"c":{"p":[-840.9539759515515,202.91996202345075,912.0565241364498],"r":[-0.7796759333746581,4.0453577863219145e-8,-0.6261044668622505,2.3060103087156035e-9,1,6.305106596183188e-8,0.6261044668622505,4.8389449475368024e-8,-0.7796759333746581]}},{"t":5.8097737407684376,"j":false,"c":{"p":[-840.5898635902053,202.92303038604638,912.5027151972286],"r":[-0.7745636528417625,-1.493286698855018e-8,-0.6324201390109035,1.7066569801652156e-9,1,-2.444052780880318e-8,0.6324201390109035,-1.9354944995528847e-8,-0.7745636528417625]}},{"t":5.834773740768438,"j":false,"c":{"p":[-840.238144039039,202.90896467974338,912.9326579570311],"r":[-0.7705141110461878,-5.817831088629403e-8,-0.6374229115911613,9.874345678697993e-10,1,-9.246474086827762e-8,0.6374229115911613,-7.187480639536451e-8,-0.7705141110461878]}},{"t":5.859773740768438,"j":false,"c":{"p":[-839.933639226692,202.8296207535517,913.3006971392168],"r":[-0.7705134436533978,-5.5168371159965816e-8,-0.6374237347089357,-1.8847098564997538e-10,1,-8.632116773282258e-8,0.6374237347089357,-6.639149158543162e-8,-0.7705134436533978]}},{"t":5.884773740768439,"j":false,"c":{"p":[-839.629134414345,202.75027682735998,913.6687363214027],"r":[-0.7705127762606078,-5.21584314336376e-8,-0.63742455782671,-1.3643765391697502e-9,1,-8.017759459736754e-8,0.63742455782671,-6.090817677549875e-8,-0.7705127762606078]}},{"t":5.909773740768439,"j":false,"c":{"p":[-839.3201868133547,202.82120734208686,914.0421824713245],"r":[-0.7705125270493225,-4.7097153298777e-8,-0.6374248673668629,-2.5478081935322723e-9,1,-7.080682921789644e-8,0.6374248673668629,-5.293351017131367e-8,-0.7705125270493225]}},{"t":5.934773740768439,"j":false,"c":{"p":[-839.0072774331347,203.02614246665246,914.4204501903533],"r":[-0.7705126507440953,-4.0206629941626994e-8,-0.6374247189331356,-3.737951116962736e-9,1,-5.8558271481385954e-8,0.6374247189331356,-4.273722408800107e-8,-0.7705126507440953]}},{"t":5.95977374076844,"j":false,"c":{"p":[-838.6911067414172,203.2422951143558,914.802652219362],"r":[-0.7705128008568798,-3.326704305225999e-8,-0.6374245360530365,-4.936567091372469e-9,1,-4.622249840555241e-8,0.6374245360530365,-3.246833633629953e-8,-0.7705128008568798]}},{"t":5.98477374076844,"j":false,"c":{"p":[-838.3508539348072,203.54127998498848,915.2139059059717],"r":[-0.7705131460450487,-2.596516215303073e-8,-0.6374240988146892,-6.197749609125842e-9,1,-3.324271146489755e-8,0.6374240988146892,-2.166334471325443e-8,-0.7705131460450487]}},{"t":6.00977374076844,"j":false,"c":{"p":[-838.0106011281973,203.84026485562117,915.6251595925813],"r":[-0.7705134912332177,-1.8663281253801478e-8,-0.6374236615763418,-7.458932126879215e-9,1,-2.02629245242427e-8,0.6374236615763418,-1.085835309020933e-8,-0.7705134912332177]}},{"t":6.034773740768441,"j":false,"c":{"p":[-837.6759533551661,204.16455206868142,916.0234004121656],"r":[-0.7669244804257117,-1.1470192398197565e-8,-0.6416407370369854,-8.825737394233178e-9,1,-7.52099059327454e-9,0.6416407370369854,-1.8810551053264242e-10,-0.7669244804257117]}},{"t":6.059773740768441,"j":false,"c":{"p":[-837.3462924987473,204.5113513095488,916.410063409453],"r":[-0.7601419438719021,-4.373898118759714e-9,-0.6496102225137488,-1.0286517450003582e-8,1,5.009320497500138e-9,0.6496102225137488,1.0362257451352845e-8,-0.7601419438719021]}},{"t":6.0847737407684415,"j":false,"c":{"p":[-837.0166316423284,204.85815055041616,916.7967264067403],"r":[-0.7533594073180927,2.72239616067814e-9,-0.657579707990512,-1.1747297505773988e-8,1,1.753963158827482e-8,0.657579707990512,2.0912620413238332e-8,-0.7533594073180927]}},{"t":6.109773740768442,"j":false,"c":{"p":[-836.6723996238494,205.21475348859533,917.1734757509985],"r":[-0.7291415175912079,1.0974450104487295e-8,-0.6826219851628655,-1.3733521921813306e-8,1,2.98271124241864e-8,0.6826219851628655,3.069008055370121e-8,-0.7291415175912079]}},{"t":6.134773740768442,"j":false,"c":{"p":[-836.3258125732355,205.57294092786748,917.5486228228119],"r":[-0.7021056771177512,1.941330117117335e-8,-0.7104236148775555,-1.580467013105622e-8,1,4.207534635232449e-8,0.7104236148775555,4.0342621969488124e-8,-0.7021056771177512]}},{"t":6.1597737407684425,"j":true,"c":{"p":[-835.9737630189169,205.89860961259163,917.90957733936],"r":[-0.6635885359552143,2.8509433288473293e-8,-0.7448298888063137,-1.821095640680456e-8,1,5.399461351221958e-8,0.7448298888063137,4.9150055917959934e-8,-0.6635885359552143]}},{"t":6.184773740768443,"j":true,"c":{"p":[-835.5934000797487,206.05572628122042,918.1969686510201],"r":[-0.5655612319516138,4.101240086924822e-8,-0.8134695186352725,-2.2354338631180585e-8,1,6.420877194988954e-8,0.8134695186352725,5.357710785571112e-8,-0.5655612319516138]}},{"t":6.209773740768443,"j":true,"c":{"p":[-835.2130371405806,206.21284294984923,918.4843599626803],"r":[-0.46753392794801324,5.351536845002314e-8,-0.8821091484642312,-2.6497720855556614e-8,1,7.442293038755952e-8,0.8821091484642312,5.800415979346231e-8,-0.46753392794801324]}},{"t":6.234773740768444,"j":false,"c":{"p":[-834.5815951727848,207.61824732711028,918.7883686596284],"r":[-0.33326636630046447,1.6180112369410414e-8,-0.9386500346718181,-2.879163656332908e-8,1,3.024660005737638e-8,0.9386500346718181,4.406261412170422e-8,-0.33326636630046447]}},{"t":6.259773740768444,"j":false,"c":{"p":[-833.9519205034435,208.79410139844484,918.9582677381717],"r":[-0.21994735278223743,-8.587984077181695e-8,-0.9651903748507816,-1.4591609504269726e-8,1,-7.875439316509976e-8,0.9651903748507816,1.447006261354444e-8,-0.21994735278223743]}},{"t":6.284773740768444,"j":false,"c":{"p":[-833.3222458341023,209.9699554697794,919.128166816715],"r":[-0.10662833926401039,-1.8793979391304433e-7,-0.9917307150297452,-3.915824452103707e-10,1,-1.8775538638757589e-7,0.9917307150297452,-1.5122488894615345e-8,-0.10662833926401039]}},{"t":6.309773740768445,"j":false,"c":{"p":[-832.9317579212029,210.54732747631886,919.1736170119519],"r":[-0.05313950150473409,-1.9376554169787232e-7,-0.9985380167687393,1.5587737027863454e-9,1,-1.941557925181912e-7,0.9985380167687393,-1.2243950040888369e-8,-0.05313950150473409]}},{"t":6.334773740768445,"j":false,"c":{"p":[-832.2766281070473,211.36293107976152,919.1977423910325],"r":[-0.039515138935114824,-1.4235715120030265e-7,-0.9991172730785604,4.69731211113651e-10,1,-1.4255042320096144e-7,0.9991172730785604,-6.8697873929568455e-9,-0.039515138935114824]}},{"t":6.359773740768445,"j":false,"c":{"p":[-831.6305033500573,212.12333379802945,919.2207588064706],"r":[-0.027926901403561695,-8.472289132477092e-8,-0.9996099578070343,-5.565505982646138e-10,1,-8.474040671285069e-8,0.9996099578070343,-1.810275355557771e-9,-0.027926901403561695]}},{"t":6.384773740768446,"j":false,"c":{"p":[-831.0356196044929,212.5696297720623,919.2374649434034],"r":[-0.027924720953118314,8.338111331308557e-9,-0.9996100287400206,-1.2257085405333776e-9,1,8.37559292757707e-9,0.9996100287400206,1.4587965732625685e-9,-0.027924720953118314]}},{"t":6.409773740768446,"j":false,"c":{"p":[-830.4407358589286,213.01592574609518,919.2541710803363],"r":[-0.027922540502674936,1.0139911398738806e-7,-0.999610099673007,-1.894866482802142e-9,1,1.0149159256800486e-7,0.999610099673007,4.727868502082908e-9,-0.027922540502674936]}},{"t":6.434773740768446,"j":false,"c":{"p":[-830.1195754884043,213.42707923737603,919.2633806789493],"r":[-0.032766659994023166,-0.00024446297645908826,-0.9994271390297713,0.00018634586710628711,0.9999997935682641,-0.00025360198845320356,0.9994271980102672,-0.00019818514268496522,-0.03276646646427076]}},{"t":6.459773740768447,"j":false,"c":{"p":[-829.9601507817183,213.81746799573634,919.2681607778841],"r":[-0.04047432571386242,-0.0006335887469506383,-0.9991360300288029,0.0004828018257566852,0.9999994651616554,-0.0006572669430545563,0.9991361828397586,-0.000513481924552982,-0.04047382430291438]}},{"t":6.484773740768447,"j":false,"c":{"p":[-829.8147735010821,214.21007339152413,919.2724690313667],"r":[-0.048761479714451564,-0.0009569538071407538,-0.998787943229931,0.0007289544465613268,0.999999194487241,-0.0009927767295823773,0.9987881733764337,-0.0007753915160255776,-0.048760724287737534]}},{"t":6.5097737407684475,"j":false,"c":{"p":[-829.8156434208863,214.62575611243997,919.2718649203914],"r":[-0.06308166342790306,-0.0005956866972478445,-0.9978466628167192,0.0004514009943339609,0.9999995248604304,-0.0006187257402811464,0.9978467985708819,-0.0004814891667890187,-0.06308121477629361]}},{"t":6.534773740768448,"j":false,"c":{"p":[-829.8165133406907,215.0414388333558,919.2712608094163],"r":[-0.07740184714135454,-0.00023441958735493512,-0.9969053824035072,0.00017384754210659494,0.99999985523362,-0.00024467475097991547,0.9969054237653301,-0.00018758681755245976,-0.07740170526484969]}},{"t":6.559773740768448,"j":false,"c":{"p":[-829.8315718322166,215.4457662212481,919.267863291695],"r":[-0.11527324171432154,-0.0002991713102393126,-0.9912936074411796,0.0001453065041483693,0.9999997952385468,-0.00033568996439405107,0.9912937278890933,-0.0002126307473383098,-0.11527306111986507]}},{"t":6.584773740768449,"j":false,"c":{"p":[-829.8576968798118,215.8412368734481,919.2622870210317],"r":[-0.1715137012352488,-0.0006962018129715802,-0.982039021150655,0.00031098584992511044,0.9999994307708069,-0.0007894394479796164,0.9820393559913568,-0.0004864408636790962,-0.17151321245115933]}},{"t":6.609773740768449,"j":false,"c":{"p":[-829.883821927407,216.23670752564814,919.2567107503686],"r":[-0.22775416075617605,-0.0010932323157038476,-0.9727844348601303,0.00047666519570185157,0.999999066303067,-0.0012431889315651817,0.9727849840936202,-0.0007602509800198826,-0.2277533637824536]}},{"t":6.634773740768449,"j":false,"c":{"p":[-829.9511415764492,216.66240144370232,919.2267078325502],"r":[-0.3352742730994885,-0.0007963288050785622,-0.9301308100231098,0.000367705748910694,0.9999993142614639,-0.0009188509390187019,0.9301312133987193,-0.0005780015855348114,-0.33527368820485476]}},{"t":6.65977374076845,"j":false,"c":{"p":[-830.0299688223939,217.0965381466922,919.1898813990462],"r":[-0.4571192132904532,-0.00030557676522458346,-0.8781472570153042,0.00018202672218305035,0.9999997332993923,-0.0003771563823665419,0.8781474138980145,-0.000268353239978584,-0.457118985810523]}},{"t":6.68477374076845,"j":false,"c":{"p":[-830.0832969721833,217.50933640689763,919.1643609894803],"r":[-0.5417097619061035,0.00043393257165167266,-0.8403081639529355,0.00018858195387434616,0.9999992909820857,0.000403309640204096,0.8403088729708498,0.00008189221163233776,-0.5417