{"v":1,"name":"macro1_macro2_merged","d":[{"t":0,"c":{"r":[-0.0836777314543724,0,-0.996492862701416,3.383042113114243e-8,1,-2.840816026861148e-9,0.996492862701416,-3.394948677737375e-8,-0.0836777314543724],"p":[-959.0724487304688,168.79412841796875,876.8946533203125]},"j":false},{"t":0.03333333333333334,"j":false,"c":{"p":[-958.3991890766835,168.79248437253182,876.9511347317716],"r":[-0.08367763392320145,0,-0.996492862701416,-3.40443451218971e-8,1,2.8587696444625026e-9,0.996492862701416,3.41641618317594e-8,-0.08367763392320145]}},{"t":0.06666666666666667,"j":false,"c":{"p":[-957.724261758278,168.79096042991335,877.007962160119],"r":[-0.08401239005670633,0,-0.996456486249193,-1.0010110558223674e-7,1,8.39657500268959e-9,0.996456486249193,1.0045242115451743e-7,-0.08401239005670633]}},{"t":0.1,"j":false,"c":{"p":[-956.9302749066866,168.79801098442596,877.0894927624093],"r":[-0.10825334442868305,0,-0.9938230867693237,-3.636502975677277e-8,1,2.3844030306329915e-9,0.9938230867693237,3.64207146357511e-8,-0.10825334442868305]}},{"t":0.13333333333333333,"j":false,"c":{"p":[-956.1362938918587,168.80532791325834,877.1715020179162],"r":[-0.13242712310155735,0,-0.9911897598569686,2.6893756752754995e-8,1,-3.598304132157379e-9,0.9911897598569686,-2.713357968109153e-8,-0.13242712310155735]}},{"t":0.16666666666666666,"j":false,"c":{"p":[-955.3429046373188,168.8396512030854,877.3020395308259],"r":[-0.14979029337335456,0,-0.9885637902021999,4.1762564917514593e-8,1,-6.593721542758968e-9,0.9885637902021999,-4.228543685705506e-8,-0.14979029337335456]}},{"t":0.19999999999999998,"j":false,"c":{"p":[-954.5505774180099,168.87404017585777,877.4324799286321],"r":[-0.1667691171169281,0,-0.9859959483146667,5.5116433446134236e-8,1,-9.322268375779141e-9,0.9859959483146667,-5.589924697945561e-8,-0.1667691171169281]}},{"t":0.2333333333333333,"j":false,"c":{"p":[-953.8051664778155,168.91133074671802,877.5586301869326],"r":[-0.1667691171169281,0,-0.9859959483146667,1.546598557809906e-9,1,-2.615881275974488e-10,0.9859959483146667,-1.5685645303754493e-9,-0.1667691171169281]}},{"t":0.26666666666666666,"j":false,"c":{"p":[-953.0563888281795,168.9480521089572,877.6853450555291],"r":[-0.1667691171169281,0,-0.9859959483146667,-4.910666287789041e-8,1,8.305789510587514e-9,0.9859959483146667,4.9804120641401305e-8,-0.1667691171169281]}},{"t":0.3,"j":false,"c":{"p":[-952.2285733707755,168.97141057120433,877.825314872558],"r":[-0.1667691171169281,0,-0.9859959483146667,-3.128963429219559e-8,1,5.292257796258524e-9,0.9859959483146667,3.173403855585304e-8,-0.1667691171169281]}},{"t":0.3333333333333333,"j":false,"c":{"p":[-951.4014997281506,168.99436950683594,877.9653158454148],"r":[-0.16694482411469203,0,-0.9859643333465616,-1.2885472732250185e-8,1,2.1626716073913315e-9,0.9859643333465616,1.3065518421426658e-8,-0.16694482411469203]}},{"t":0.36666666666666664,"j":false,"c":{"p":[-950.6170547292793,168.99436950683594,878.1071071987313],"r":[-0.177217594724522,0,-0.9841159532631599,3.92584889790542e-8,1,-7.636025241778672e-9,0.9841159532631599,-3.99924519016704e-8,-0.177217594724522]}},{"t":0.39999999999999997,"j":false,"c":{"p":[-949.8324785355618,168.99436950683594,878.2490048577657],"r":[-0.1873844414949417,0,-0.9822866320610046,9.024373872798924e-8,1,-1.721521300221844e-8,0.9822866320610046,-9.187108655623886e-8,-0.1873844414949417]}},{"t":0.4333333333333333,"j":false,"c":{"p":[-949.0353099178444,168.99436950683594,878.401106017268],"r":[-0.1873844414949417,0,-0.9822866320610046,3.001278787422752e-8,1,-5.725345087754096e-9,0.9822866320610046,-3.055400342362428e-8,-0.1873844414949417]}},{"t":0.4666666666666666,"j":false,"c":{"p":[-948.2390148939778,168.99436950683594,878.5538584696102],"r":[-0.188445029676236,0,-0.9820534457908671,-2.8285918266845835e-8,1,5.4528422979875865e-9,0.9820534457908671,2.880821910421392e-8,-0.188445029676236]}},{"t":0.49999999999999994,"j":false,"c":{"p":[-947.4641183846453,168.99436950683594,878.7225642156768],"r":[-0.21548452280246977,0,-0.9761084063686654,-3.925465919933609e-8,1,8.996474658806001e-9,0.9761084063686654,4.028650446605688e-8,-0.21548452280246977]}},{"t":0.5333333333333333,"j":false,"c":{"p":[-946.6892579484203,168.99436950683594,878.8919294483454],"r":[-0.24199698365032565,0,-0.9702767461106644,-4.8490565137199324e-8,1,1.208311354233574e-8,0.9702767461106644,4.997333545093794e-8,-0.24199698365032565]}},{"t":0.5666666666666667,"j":false,"c":{"p":[-945.9159809541874,168.99436950683594,879.0902430820271],"r":[-0.24537517354259616,0,-0.9694219049450541,1.8336942745435397e-8,1,-4.890140226382702e-9,0.9694219049450541,-1.8976366204569602e-8,-0.24537517354259616]}},{"t":0.6,"j":false,"c":{"p":[-945.1424481076708,168.99436950683594,879.288704512902],"r":[-0.24881640024778284,0,-0.9685497272254587,8.325877809410543e-8,1,-2.1378545418582404e-8,0.9685497272254587,-8.595968474330757e-8,-0.24881640024778284]}},{"t":0.6333333333333333,"j":false,"c":{"p":[-944.3550123333961,168.99436950683594,879.495197193959],"r":[-0.25568302634125767,0,-0.9667354869448306,4.46270035736046e-8,1,-1.1520440681298743e-8,0.9667354869448306,-4.609040059293377e-8,-0.25568302634125767]}},{"t":0.6666666666666666,"j":false,"c":{"p":[-943.5694259452121,168.99436950683594,879.7028092141336],"r":[-0.26305334605509545,0,-0.964765428902987,5.73136243486492e-9,1,-1.4782872278806823e-9,0.964765428902987,-5.917121707063611e-9,-0.26305334605509545]}},{"t":0.7,"j":false,"c":{"p":[-942.8172423408975,168.99436950683594,879.930638236481],"r":[-0.2795211545093367,0,-0.9599810601950881,-3.793011946768293e-8,1,1.188807176443564e-8,0.9599810601950881,3.974677403698101e-8,-0.2795211545093367]}},{"t":0.7333333333333333,"j":false,"c":{"p":[-942.0649617313968,168.99436950683594,880.1587508036524],"r":[-0.2959338562089266,0,-0.955204988237294,-7.984796721580303e-8,1,2.470733003683544e-8,0.955204988237294,8.358305769043736e-8,-0.2959338562089266]}},{"t":0.7666666666666666,"j":false,"c":{"p":[-941.307060298592,168.99436950683594,880.403292960016],"r":[-0.30915347779083907,0,-0.9509096593021839,-2.0733489866353324e-8,1,5.825639084676841e-9,0.9509096593021839,2.1521037838154824e-8,-0.30915347779083907]}},{"t":0.7999999999999999,"j":false,"c":{"p":[-940.5492641968151,168.99436950683594,880.6481086472386],"r":[-0.32242395797788953,0,-0.9465916793167831,3.788488075082946e-8,1,-1.290325035597301e-8,0.9465916793167831,-4.002208998531398e-8,-0.32242395797788953]}},{"t":0.8333333333333333,"j":false,"c":{"p":[-939.8044972137715,168.99436950683594,880.9267592462219],"r":[-0.34198548855507005,0,-0.9394718352538869,3.513640021068139e-8,1,-1.2731070725204206e-8,0.9394718352538869,-3.7379896731934346e-8,-0.34198548855507005]}},{"t":0.8666666666666666,"j":false,"c":{"p":[-939.0597302307278,168.99436950683594,881.2054098452053],"r":[-0.3615470191322506,0,-0.9323519911909907,3.238791967053332e-8,1,-1.2558891094435402e-8,0.9323519911909907,-3.473770347855471e-8,-0.3615470191322506]}},{"t":0.8999999999999999,"j":false,"c":{"p":[-938.3034900532951,168.99436950683594,881.4995716329287],"r":[-0.3649090602016936,0,-0.9310366245821419,-1.6466709615413443e-8,1,6.648664883768049e-9,0.9310366245821419,1.7757476837156938e-8,-0.3649090602016936]}},{"t":0.9333333333333332,"j":false,"c":{"p":[-937.5477199811179,168.99436950683594,881.7939411267994],"r":[-0.3682805734572777,0,-0.9297134409886217,-6.348044754947896e-8,1,2.5132581590114192e-8,0.9297134409886217,6.827453922622846e-8,-0.3682805734572777]}},{"t":0.9666666666666666,"j":false,"c":{"p":[-936.8128114571552,168.99436950683594,882.0941367835507],"r":[-0.37470356229750873,0,-0.9271183865856352,-2.8608053707400116e-8,1,1.1277554397116488e-8,0.9271183865856352,3.0750320366412394e-8,-0.37470356229750873]}},{"t":0.9999999999999999,"j":false,"c":{"p":[-936.0777642511838,168.99436950683594,882.3944112809635],"r":[-0.38107073307037354,0,-0.9245458841323853,6.203633167749966e-9,1,-2.5569558337469715e-9,0.9245458841323853,-6.709924638280919e-9,-0.38107073307037354]}},{"t":1.0333333333333332,"j":false,"c":{"p":[-935.326897578951,168.99436950683594,882.7036791380416],"r":[-0.38107073307037354,0,-0.9245458841323853,3.4090472161617884e-8,1,-1.4051094786757192e-8,0.9245458841323853,-3.68726676013368e-8,-0.38107073307037354]}},{"t":1.0666666666666667,"j":false,"c":{"p":[-934.5764051355305,168.99436950683594,883.0127928573118],"r":[-0.38107073307037354,0,-0.9245458841323853,5.8895118275038404e-8,1,-2.4274844069485564e-8,0.9245458841323853,-6.370167343181645e-8,-0.38107073307037354]}},{"t":1.1,"j":false,"c":{"p":[-933.8353066438964,168.99436950683594,883.3180373845591],"r":[-0.38107073307037354,0,-0.9245458841323853,6.330063367478595e-9,1,-2.6090676858055944e-9,0.9245458841323853,-6.846673998964387e-9,-0.38107073307037354]}},{"t":1.1333333333333335,"j":false,"c":{"p":[-933.094706311551,168.99436950683594,883.6230767293667],"r":[-0.38107073307037354,0,-0.9245458841323853,-4.3578832652414245e-8,1,1.7961917809243266e-8,0.9245458841323853,4.7135391851541406e-8,-0.38107073307037354]}},{"t":1.166666666666667,"j":false,"c":{"p":[-932.365479859606,168.99436950683594,883.9234313868016],"r":[-0.38107073307037354,0,-0.9245458841323853,-3.284280203998713e-8,1,1.353684097268861e-8,0.9245458841323853,3.5523171482991056e-8,-0.38107073307037354]}},{"t":1.2000000000000004,"j":false,"c":{"p":[-931.6361221137936,168.99436950683594,884.2238401217104],"r":[-0.38107073307037354,0,-0.9245458841323853,-2.1604061247234252e-8,1,8.904561722550591e-9,0.9245458841323853,2.3367213728015307e-8,-0.38107073307037354]}},{"t":1.2333333333333338,"j":false,"c":{"p":[-930.8968802684052,168.99436950683594,884.5283199312961],"r":[-0.38107073307037354,0,-0.9245458841323853,2.7479840021731663e-8,1,-1.1326384314163251e-8,0.9245458841323853,-2.9722525461128394e-8,-0.38107073307037354]}},{"t":1.2666666666666673,"j":false,"c":{"p":[-930.1575522767516,168.99436950683594,884.8328352229079],"r":[-0.38107073307037354,0,-0.9245458841323853,7.543873480441393e-8,1,-3.1093635642742967e-8,0.9245458841323853,-8.159544408011815e-8,-0.38107073307037354]}},{"t":1.3000000000000007,"j":false,"c":{"p":[-929.4109756982241,168.99436950683594,885.1403360710934],"r":[-0.38107073307037354,0,-0.9245458841323853,2.8736447826086187e-8,1,-1.184432165950636e-8,0.9245458841323853,-3.10816879854503e-8,-0.38107073307037354]}},{"t":1.3333333333333341,"j":false,"c":{"p":[-928.665276971977,168.99436950683594,885.4474753484388],"r":[-0.38107073307037354,0,-0.9245458841323853,-1.7269664923604217e-8,1,7.118049732298358e-9,0.9245458841323853,1.8679077689446464e-8,-0.38107073307037354]}},{"t":1.3666666666666676,"j":false,"c":{"p":[-927.9479201326086,168.99436950683594,885.742941135743],"r":[-0.38107073307037354,0,-0.9245458841323853,-4.079945486306057e-8,1,1.6816340312533802e-8,0.9245458841323853,4.412918225165672e-8,-0.38107073307037354]}},{"t":1.400000000000001,"j":false,"c":{"p":[-927.2216238406922,168.99436950683594,886.0428550206263],"r":[-0.38255780563865616,0,-0.9239207728449591,-4.8168997375880534e-8,1,1.9787512492128933e-8,0.9239207728449591,5.2074460589095706e-8,-0.38255780563865616]}},{"t":1.4333333333333345,"j":false,"c":{"p":[-926.4646108819242,168.99436950683594,886.3580529210274],"r":[-0.38915457730970926,0,-0.9211477296726879,-1.0650034748554062e-11,1,-3.562268592436577e-10,0.9211477296726879,-1.2823015217782027e-10,-0.38915457730970926]}},{"t":1.466666666666668,"j":false,"c":{"p":[-925.719275324411,168.99436950683594,886.6826359796808],"r":[-0.4033947172929429,0,-0.9146468543450793,3.305217728645321e-8,1,-1.4436328728567778e-8,0.9146468543450793,-3.607603687085378e-8,-0.4033947172929429]}},{"t":1.5000000000000013,"j":false,"c":{"p":[-925.0048640593164,168.99436950683594,887.0320729738854],"r":[-0.4378761551121861,0,-0.8982738705625385,2.6138791996531962e-8,1,-1.24586027881107e-8,0.8982738705625385,-2.8977383527300607e-8,-0.4378761551121861]}},{"t":1.5333333333333348,"j":false,"c":{"p":[-924.3038167169666,168.99436950683594,887.390043344945],"r":[-0.4720197273764206,0,-0.8812478122790293,1.0541451997615255e-8,1,-4.8199822696823595e-9,0.8812478122790293,-1.1553567840597634e-8,-0.4720197273764206]}},{"t":1.5666666666666682,"j":false,"c":{"p":[-923.6402547072854,168.99436950683594,887.7719495375673],"r":[-0.5052155986573004,0,-0.8623899030193063,-2.9414075141483403e-8,1,1.86972481830228e-8,0.8623899030193063,3.4831964602490345e-8,-0.5052155986573004]}},{"t":1.6000000000000016,"j":false,"c":{"p":[-922.9467748538018,168.99436950683594,888.1959937889146],"r":[-0.5337278275873417,0,-0.8454004945815181,-3.9859498110313316e-8,1,2.45365609965338e-8,0.8454004945815181,4.680652698926839e-8,-0.5337278275873417]}},{"t":1.633333333333335,"j":false,"c":{"p":[-922.2143580638947,168.99436950683594,888.6748791218723],"r":[-0.5561444740399745,0,-0.830842868934995,-1.189864228746772e-8,1,7.368736004302987e-9,0.830842868934995,1.3996519933348945e-8,-0.5561444740399745]}},{"t":1.6666666666666685,"j":false,"c":{"p":[-921.5519652577088,168.99436950683594,889.1336273039399],"r":[-0.5764004633562925,0,-0.8168674802621787,1.024215168915107e-8,1,-7.821356808976407e-9,0.8168674802621787,-1.2886048418677898e-8,-0.5764004633562925]}},{"t":1.700000000000002,"j":false,"c":{"p":[-920.9350372670003,168.99436950683594,889.5793009392476],"r":[-0.5952535922126369,0,-0.8032701234459765,2.860412555523714e-8,1,-2.172735774685512e-8,0.8032701234459765,-3.592007956096002e-8,-0.5952535922126369]}},{"t":1.7333333333333354,"j":false,"c":{"p":[-920.3121477412025,168.99436950683594,890.0410059653314],"r":[-0.6045995354652405,0,-0.7965295910835266,2.2601759291143464e-8,1,-1.7155687916373752e-8,0.7965295910835266,-2.8375291713079198e-8,-0.6045995354652405]}},{"t":1.7666666666666688,"j":false,"c":{"p":[-919.6833977882534,168.99436950683594,890.5184704889886],"r":[-0.6045995354652405,0,-0.7965295910835266,-7.351726655960847e-9,1,5.580270446923886e-9,0.7965295910835266,9.22969680041711e-9,-0.6045995354652405]}},{"t":1.8000000000000023,"j":false,"c":{"p":[-919.0400246207377,168.99436950683594,891.0070396912936],"r":[-0.6045995354652405,0,-0.7965295910835266,-1.917007214670655e-8,1,1.4550892579679724e-8,0.7965295910835266,2.4066992734096467e-8,-0.6045995354652405]}},{"t":1.8333333333333357,"j":false,"c":{"p":[-918.3870663064912,168.99436950683594,891.5028877291619],"r":[-0.6045995354652405,0,-0.7965295910835266,-1.9101292445831283e-8,1,1.4498685500223227e-8,0.7965295910835266,2.39806429054553e-8,-0.6045995354652405]}},{"t":1.8666666666666691,"j":false,"c":{"p":[-917.7375003670362,168.99436950683594,891.9984809049507],"r":[-0.6065664323110909,0,-0.7950257993560198,1.1633228067839817e-9,1,-1.032096577106099e-9,0.7950257993560198,-1.5510408803887751e-9,-0.6065664323110909]}},{"t":1.9000000000000026,"j":false,"c":{"p":[-917.0897426706207,168.99436950683594,892.4939382311916],"r":[-0.6095817473741865,0,-0.7927204390839364,3.219295705345786e-8,1,-2.4813448601203772e-8,0.7927204390839364,-4.0645892313230955e-8,-0.6095817473741865]}},{"t":1.933333333333336,"j":false,"c":{"p":[-916.4645348454977,168.99436950683594,892.9749372669268],"r":[-0.6101461052894592,0,-0.7922889590263367,2.2811402700941367e-8,1,-1.756718676473702e-8,0.7922889590263367,-2.8791771826629072e-8,-0.6101461052894592]}},{"t":1.9666666666666694,"j":false,"c":{"p":[-915.8445193585451,168.99436950683594,893.4526071336084],"r":[-0.6101461052894592,0,-0.7922889590263367,4.124759448035468e-9,1,-3.1764999472814423e-9,0.7922889590263367,-5.206130206215037e-9,-0.6101461052894592]}},{"t":2.0000000000000027,"j":false,"c":{"p":[-915.2133390333366,168.99436950683594,893.9388785705949],"r":[-0.6101461052894592,0,-0.7922889590263367,-1.4883310839368213e-8,1,1.1461719142739276e-8,0.7922889590263367,1.878520523112177e-8,-0.6101461052894592]}},{"t":2.033333333333336,"j":false,"c":{"p":[-914.5787936851226,168.99436950683594,894.4277424752281],"r":[-0.6101461052894592,0,-0.7922889590263367,-3.398825752936464e-8,1,2.6174543146217836e-8,0.7922889590263367,4.289881463212503e-8,-0.6101461052894592]}},{"t":2.066666666666669,"j":false,"c":{"p":[-913.9371577755549,168.99436950683594,894.9220690619521],"r":[-0.6101461052894592,0,-0.7922889590263367,-1.4306667018360207e-8,1,1.1017642264765937e-8,0.7922889590263367,1.8057384686149452e-8,-0.6101461052894592]}},{"t":2.1000000000000023,"j":false,"c":{"p":[-913.2934133453174,168.99436950683594,895.4180200867885],"r":[-0.6101461052894592,0,-0.7922889590263367,1.690887846724726e-8,1,-1.3021620559470523e-8,0.7922889590263367,-2.13418083486487e-8,-0.6101461052894592]}},{"t":2.1333333333333355,"j":false,"c":{"p":[-912.6587296190318,168.99436950683594,895.9069906001055],"r":[-0.6101461052894592,0,-0.7922889590263367,2.1539000524986595e-8,1,-1.658730339551621e-8,0.7922889590263367,-2.7185789911275752e-8,-0.6101461052894592]}},{"t":2.1666666666666687,"j":false,"c":{"p":[-912.0262867750489,168.99436950683594,896.3942347017872],"r":[-0.6101461052894592,0,-0.7922889590263367,1.9594047932529738e-8,1,-1.5089485281714055e-8,0.7922889590263367,-2.4730937305199227e-8,-0.6101461052894592]}},{"t":2.200000000000002,"j":false,"c":{"p":[-911.4045132818508,168.99436950683594,896.8732589646518],"r":[-0.6101461052894592,0,-0.7922889590263367,-8.298491775732219e-9,1,6.390714365786777e-9,0.7922889590263367,1.0474072106037005e-8,-0.6101461052894592]}},{"t":2.233333333333335,"j":false,"c":{"p":[-910.783633265221,168.99436950683594,897.3515948788503],"r":[-0.6101461052894592,0,-0.7922889590263367,-3.8363943553803704e-8,1,2.954428571541652e-8,0.7922889590263367,4.842165679768301e-8,-0.6101461052894592]}},{"t":2.2666666666666684,"j":false,"c":{"p":[-910.1731921449029,168.99436950683594,897.8218885000507],"r":[-0.6101461052894592,0,-0.7922889590263367,-2.385852153528557e-8,1,1.837357968477872e-8,0.7922889590263367,3.0113409489579135e-8,-0.6101461052894592]}},{"t":2.3000000000000016,"j":false,"c":{"p":[-909.5607170107626,168.99436950683594,898.2937491580941],"r":[-0.6101461052894592,0,-0.7922889590263367,-3.1537678164821954e-9,1,2.428733872573688e-9,0.7922889590263367,3.980577737204935e-9,-0.6101461052894592]}},{"t":2.333333333333335,"j":false,"c":{"p":[-908.89432686158,168.99436950683594,898.8071468076955],"r":[-0.6101461052894592,0,-0.7922889590263367,2.0485197729950995e-8,1,-1.577576505434541e-8,0.7922889590263367,-2.585571689712253e-8,-0.6101461052894592]}},{"t":2.366666666666668,"j":false,"c":{"p":[-908.2307158623938,168.99436950683594,899.3184033556047],"r":[-0.6101461052894592,0,-0.7922889590263367,4.192686221491048e-8,1,-3.228811021083433e-8,0.7922889590263367,-5.291865320247809e-8,-0.6101461052894592]}},{"t":2.4000000000000012,"j":false,"c":{"p":[-907.6356399664347,168.99436950683594,899.7768593617366],"r":[-0.6101461052894592,0,-0.7922889590263367,9.182082907539438e-9,1,-7.0711735783732736e-9,0.7922889590263367,-1.1589311433732017e-8,-0.6101461052894592]}},{"t":2.4333333333333345,"j":false,"c":{"p":[-907.0387761415453,168.99436950683594,900.2366928169672],"r":[-0.6101461052894592,0,-0.7922889590263367,-2.216777782598189e-8,1,1.7071528487622337e-8,0.7922889590263367,2.7979411736903445e-8,-0.6101461052894592]}},{"t":2.4666666666666677,"j":false,"c":{"p":[-906.4011211386969,168.99436950683594,900.727952449362],"r":[-0.6101461052894592,0,-0.7922889590263367,-2.1692899430354817e-8,1,1.670582161693986e-8,0.7922889590263367,2.7380035750208683e-8,-0.6101461052894592]}},{"t":2.500000000000001,"j":false,"c":{"p":[-905.7618511409406,168.99436950683594,901.2204562997135],"r":[-0.6101461052894592,0,-0.7922889590263367,-1.9641834858319037e-8,1,1.5126285068533847e-8,0.7922889590263367,2.479125149572564e-8,-0.6101461052894592]}},{"t":2.533333333333334,"j":false,"c":{"p":[-905.0943530699735,168.99436950683594,901.7347075100117],"r":[-0.6101461052894592,0,-0.7922889590263367,9.958975268969223e-9,1,-7.669462654170734e-9,0.7922889590263367,-1.2569879073810455e-8,-0.6101461052894592]}},{"t":2.5666666666666673,"j":false,"c":{"p":[-904.4292291267732,168.99436950683594,902.2469624119502],"r":[-0.6098383600703978,0,-0.7925208612968083,3.774275981424022e-8,1,-2.9066915943160706e-8,0.7925208612968083,-4.763822813873583e-8,-0.6098383600703978]}},{"t":2.6000000000000005,"j":false,"c":{"p":[-903.8269008459154,168.99436950683594,902.7064149721441],"r":[-0.6013907560226377,0,-0.7988865769517758,1.7466230796034337e-8,1,-1.3479491526807386e-8,0.7988865769517758,-2.2062522912583927e-8,-0.6013907560226377]}},{"t":2.6333333333333337,"j":false,"c":{"p":[-903.2190404390234,168.99436950683594,903.1672978287397],"r":[-0.5926156107960532,0,-0.8054646304750845,-2.8708273862896713e-9,1,2.050811725825928e-9,0.8054646304750845,3.5286252448852604e-9,-0.5926156107960532]}},{"t":2.666666666666667,"j":false,"c":{"p":[-902.518627825029,168.99436950683594,903.6521094765437],"r":[-0.5783607171271813,0,-0.8155950865007541,-2.4220535623729175e-8,1,1.66254806089436e-8,0.8155950865007541,2.937813291346664e-8,-0.5783607171271813]}},{"t":2.7,"j":false,"c":{"p":[-901.8185274197402,168.99436950683594,904.1322551954963],"r":[-0.5612498104756031,0,-0.8273115736828109,-4.1942855186658795e-8,1,2.887891956082671e-8,0.8273115736828109,5.091449281621059e-8,-0.5612498104756031]}},{"t":2.7333333333333334,"j":false,"c":{"p":[-901.1232671866774,168.99436950683594,904.54006500959],"r":[-0.4998621285074481,0,-0.8636163052396937,-3.42976045011368e-9,1,5.14632597514219e-9,0.8636163052396937,5.584113774996652e-9,-0.4998621285074481]}},{"t":2.7666666666666666,"j":false,"c":{"p":[-900.427364478021,168.99436611443804,904.9310264275921],"r":[-0.447384563441214,0,-0.8942744065503964,3.0133226698834225e-8,1,-1.4968743532407304e-8,0.8942744065503964,-3.364949746570848e-8,-0.447384563441214]}},{"t":2.8,"j":false,"c":{"p":[-899.7289243955389,168.99434932420576,905.255447295752],"r":[-0.43009634664258667,0,-0.9026318758426356,4.414640751196106e-8,1,-2.079687202075405e-8,0.9026318758426356,-4.880471694114043e-8,-0.43009634664258667]}},{"t":2.833333333333333,"j":false,"c":{"p":[-899.0141003756955,168.99419330340498,905.5805556769307],"r":[-0.41282542401967837,0,-0.9107001251509533,2.808369823680809e-8,1,-1.3549464084592967e-8,0.9107001251509533,-3.116802424952569e-8,-0.41282542401967837]}},{"t":2.8666666666666663,"j":false,"c":{"p":[-898.2730455763261,168.99381437364988,905.9067647704725],"r":[-0.3955821894732293,0,-0.9183053315737096,-3.613068694771775e-8,1,1.4631954130434385e-8,0.9183053315737096,3.8968711582343986e-8,-0.3955821894732293]}},{"t":2.8999999999999995,"j":false,"c":{"p":[-897.5309673805876,168.99163585313153,906.2247526118805],"r":[-0.3856741166955589,0,-0.9226297035614399,-5.4589161532164233e-8,1,2.288715647222908e-8,0.9226297035614399,5.919305819907703e-8,-0.3856741166955589]}},{"t":2.9333333333333327,"j":false,"c":{"p":[-896.7879893850019,168.98787508008374,906.5355120893461],"r":[-0.3822153314447127,0,-0.924069470510267,-3.281770897749762e-8,1,1.3622650382366015e-8,0.924069470510267,3.5532980811788216e-8,-0.3822153314447127]}},{"t":2.966666666666666,"j":false,"c":{"p":[-896.0562551645984,168.9712667392518,906.7994686597164],"r":[-0.3424480719445629,0,-0.9379956343434285,1.056470234664791e-8,1,-9.924077139728217e-10,0.9379956343434285,-1.0319511921513092e-8,-0.3424480719445629]}},{"t":2.999999999999999,"j":false,"c":{"p":[-895.3300637476771,168.94832497905693,907.040352969016],"r":[-0.28478195425485636,0,-0.9580771724177841,6.460059042388727e-8,1,-1.8245108222443452e-8,0.9580771724177841,-6.711211996879349e-8,-0.28478195425485636]}},{"t":3.0333333333333323,"j":false,"c":{"p":[-894.5723638365026,168.9073435925333,907.2547262593155],"r":[-0.2696539509466486,0,-0.9629322862861716,4.3262359604712325e-8,1,-1.2365464066257386e-8,0.9629322862861716,-4.4995098827714725e-8,-0.2696539509466486]}},{"t":3.0666666666666655,"j":false,"c":{"p":[-893.8087256392638,168.86296234625206,907.4641031187028],"r":[-0.262542944255375,0,-0.964917733900609,7.718655294691587e-9,1,-2.126154898709949e-9,0.964917733900609,-8.006280018948281e-9,-0.262542944255375]}},{"t":3.0999999999999988,"j":false,"c":{"p":[-893.0215576317468,168.83098222973555,907.6310755554616],"r":[-0.21693891794120385,0,-0.9751311909172448,-4.6777659408305e-8,1,7.971016513007127e-9,0.9751311909172448,4.743875750298583e-8,-0.21693891794120385]}},{"t":3.133333333333332,"j":false,"c":{"p":[-892.2309223679744,168.80209597742987,907.7934566199151],"r":[-0.17330522172317042,0,-0.9848669805539614,-9.14222262537898e-8,1,1.6127008117448118e-8,0.9848669805539614,9.283372082825427e-8,-0.17330522172317042]}},{"t":3.166666666666665,"j":false,"c":{"p":[-891.4180049637285,168.79759785907626,907.9322269279282],"r":[-0.16952230930168163,0,-0.9855204101331806,-2.777156148054375e-8,1,4.976784465568837e-9,0.9855204101331806,2.8213584706224536e-8,-0.16952230930168163]}},{"t":3.1999999999999984,"j":false,"c":{"p":[-890.6111800333381,168.79421620923674,908.0695518977385],"r":[-0.16677133738994598,0,-0.9859955906867981,2.5798831776188224e-8,1,-4.363615445448257e-9,0.9859955906867981,-2.616526038116143e-8,-0.16677133738994598]}},{"t":3.2333333333333316,"j":false,"c":{"p":[-889.8205965667631,168.7938108681025,908.2030238500919],"r":[-0.16677133738994598,0,-0.9859955906867981,5.249699398615802e-8,1,-8.879343556832862e-9,0.9859955906867981,-5.32426247049368e-8,-0.16677133738994598]}},{"t":3.266666666666665,"j":false,"c":{"p":[-889.030665693734,168.79225831751572,908.3318923089516],"r":[-0.16199868213017626,0,-0.9867174042490338,4.959933514335803e-8,1,-8.82689575298356e-9,0.9867174042490338,-5.036926633025803e-8,-0.16199868213017626]}},{"t":3.299999999999998,"j":false,"c":{"p":[-888.2424327187981,168.7877209921721,908.4487835380719],"r":[-0.14480867717816454,0,-0.9893172104436798,-3.02998332237214e-8,1,3.110893586695428e-9,0.9893172104436798,3.042897390568039e-8,-0.14480867717816454]}},{"t":3.3333333333333313,"j":false,"c":{"p":[-887.462464118142,168.77253486448723,908.5549504473576],"r":[-0.1246466916741442,0,-0.992015308205457,-8.048312020310707e-8,1,1.0512917234378647e-8,0.992015308205457,8.117278025550714e-8,-0.1246466916741442]}},{"t":3.3666666666666645,"j":false,"c":{"p":[-886.7048443182473,168.7285518849396,908.632116287818],"r":[-0.09644777572927314,0,-0.9949792093512506,-5.0307714545672115e-8,1,5.649169715446909e-9,0.9949792093512506,5.0642368838807274e-8,-0.09644777572927314]}},{"t":3.3999999999999977,"j":false,"c":{"p":[-885.9226279750981,168.7944309740565,908.6985561829628],"r":[-0.07151162725280967,0,-0.9973615137846186,-9.882327306748171e-9,1,1.2885340148896674e-9,0.9973615137846186,9.942807854302988e-9,-0.07151162725280967]}},{"t":3.433333333333331,"j":false,"c":{"p":[-885.0831476515971,169.1160833755561,908.7400246699119],"r":[-0.05417162959595184,0,-0.9983897847520563,5.440636209669378e-8,1,-1.900791352184353e-9,0.9983897847520563,-5.443186775976759e-8,-0.05417162959595184]}},{"t":3.466666666666664,"j":false,"c":{"p":[-884.2528628492436,169.81812750013566,908.769984172605],"r":[-0.03181644297083751,0,-0.999196771726474,9.671968772220951e-8,1,-3.327202003422984e-9,0.999196771726474,-9.679906489799377e-8,-0.03181644297083751]}},{"t":3.4999999999999973,"j":false,"c":{"p":[-883.4464415256027,171.50733370510744,908.7700764827382],"r":[0.0035537596892687637,0,-0.9994295002361221,8.200431238455496e-8,1,-1.7863782516934315e-10,0.9994295002361221,-8.20542195856183e-8,0.0035537596892687637]}},{"t":3.5333333333333306,"j":false,"c":{"p":[-882.6450345717755,173.05982878471573,908.756377184201],"r":[0.03552464182114407,0,-0.9992237345520805,5.090993908967547e-8,1,9.53631681902121e-10,0.9992237345520805,-5.090441180330819e-8,0.03552464182114407]}},{"t":3.5666666666666638,"j":false,"c":{"p":[-881.8556362295218,174.28492264275852,908.7096491945896],"r":[0.059354696419952405,0,-0.9979678455932742,-1.9409507694703718e-8,1,-2.7428012054070444e-9,0.9979678455932742,1.9532650312642224e-8,0.059354696419952405]}},{"t":3.599999999999997,"j":false,"c":{"p":[-881.0630668971595,175.39648298722165,908.6588396347746],"r":[0.07671974949505078,0,-0.9970526776430692,-7.566355678907411e-8,1,-5.82204549887188e-9,0.9970526776430692,7.588722065377418e-8,0.07671974949505078]}},{"t":3.63333333333333,"j":false,"c":{"p":[-880.2619800876516,176.20308523528948,908.5970667229032],"r":[0.07671940537860418,0,-0.9970527075662384,-9.413707069744844e-8,1,-7.243482746987785e-9,0.9970527075662384,9.441534003127928e-8,0.07671940537860418]}},{"t":3.6666666666666634,"j":false,"c":{"p":[-879.4756254299758,176.88417679091265,908.5364298276356],"r":[0.07671915219153157,0,-0.9970527291297913,-8.955233643580647e-8,1,-6.890688470200368e-9,0.9970527291297913,8.981705196923914e-8,0.07671915219153157]}},{"t":3.6999999999999966,"j":false,"c":{"p":[-878.7272722206571,177.24151468504812,908.478723276611],"r":[0.07671913355593178,0,-0.9970527291297913,-2.548906590664613e-8,1,-1.9612805095442715e-9,0.9970527291297913,2.55644114391284e-8,0.07671913355593178]}},{"t":3.73333333333333,"j":false,"c":{"p":[-877.9645448131348,177.48704096015373,908.4199083112819],"r":[0.07671912014484406,0,-0.9970527291297913,3.986842582193984e-8,1,3.0677118983155763e-9,0.9970527291297913,-3.99862750491589e-8,0.07671912014484406]}},{"t":3.766666666666663,"j":false,"c":{"p":[-877.1649194845804,177.44555183231623,908.3582480962282],"r":[0.07671912014484406,0,-0.9970527291297913,1.0854812522691701e-7,1,8.352333108343324e-9,0.9970527291297913,-1.0886898719772475e-7,0.07671912014484406]}},{"t":3.7999999999999963,"j":false,"c":{"p":[-876.3490899120842,177.26575494660344,908.2953383495118],"r":[0.07671912550453994,0,-0.9970527291297913,1.362117419734961e-7,1,1.0480935011923741e-8,0.9970527291297913,-1.3661437579330416e-7,0.07671912550453994]}},{"t":3.8333333333333295,"j":false,"c":{"p":[-875.4925651931793,176.7386135950584,908.22929054377],"r":[0.07671914432451259,0,-0.9970527291297913,6.08680542826708e-8,1,4.68354739044202e-9,0.9970527291297913,-6.104797700406698e-8,0.07671914432451259]}},{"t":3.8666666666666627,"j":false,"c":{"p":[-874.6574066317727,176.08927111160827,908.1648903119848],"r":[0.07671915739774704,0,-0.9970527291297913,-1.2670837101506363e-8,1,-9.749694745728686e-10,0.9970527291297913,1.2708291920871751e-8,0.07671915739774704]}},{"t":3.899999999999996,"j":false,"c":{"p":[-873.8708538665599,175.1619337049935,908.104238140371],"r":[0.07671915739774704,0,-0.9970527291297913,-8.210400374506348e-8,1,-6.31756974641088e-9,0.9970527291297913,8.23467028137383e-8,0.07671915739774704]}},{"t":3.933333333333329,"j":true,"c":{"p":[-873.0537798569284,174.11387335015078,908.041232433386],"r":[0.07671916203141407,0,-0.9970527291297913,-1.434987517431782e-7,1,-1.104164674617006e-8,0.9970527291297913,1.439229297290527e-7,0.07671916203141407]}},{"t":3.9666666666666623,"j":false,"c":{"p":[-872.2789119472507,172.73012604251412,907.9831919310633],"r":[0.07671900057873039,0,-0.9970527611823956,-9.531450422774612e-8,1,-7.334056499896457e-9,0.9970527611823956,9.559624971125957e-8,0.07671900057873039]}},{"t":3.9999999999999956,"j":true,"c":{"p":[-871.5346841093615,171.21364060614454,907.9311929864601],"r":[0.07671719695721889,0,-0.9970529024039954,-2.6360847889150255e-8,1,-2.028328817929016e-9,0.9970529024039954,2.643876741976041e-8,0.07671719695721889]}},{"t":4.033333333333329,"j":false,"c":{"p":[-871.0104029880054,170.5113083598761,907.906260472179],"r":[0.07671947684128161,0,-0.9970527078640277,3.4174300865890774e-8,1,2.6295231865376773e-9,0.9970527078640277,-3.4275315673422817e-8,0.07671947684128161]}},{"t":4.066666666666662,"j":false,"c":{"p":[-870.4561004789795,171.15695047187276,907.8832947455968],"r":[0.06870049052370049,0,-0.9974449351004777,6.794676420254117e-8,1,5.2638071796316284e-9,0.9974449351004777,-6.814934758001677e-8,0.06870049052370049]}},{"t":4.099999999999995,"j":false,"c":{"p":[-869.8617322721726,171.6003467070857,907.8598088903597],"r":[0.04142700752446062,0,-0.9987787149019335,2.6613814060948775e-8,1,2.2051131928602148e-9,0.9987787149019335,-2.6700168089288325e-8,0.04142700752446062]}},{"t":4.133333333333328,"j":false,"c":{"p":[-869.2392642089338,172.13235539012558,907.8449331763222],"r":[0.012210620236864245,0,-0.9996589819975666,-1.4046490467721194e-8,1,4.1553936524165147e-10,0.9996589819975666,1.4059485433031748e-8,0.012210620236864245]}},{"t":4.166666666666662,"j":false,"c":{"p":[-868.5318919921859,172.93210796329274,907.8560731379135],"r":[-0.022876282594158928,0,-0.9991689533948329,-5.267438580899929e-8,1,2.460631848996195e-9,0.9991689533948329,5.2735725511161135e-8,-0.022876282594158928]}},{"t":4.199999999999995,"j":false,"c":{"p":[-867.8373640307855,173.79237382629918,907.8754472179435],"r":[-0.05169173074422903,0,-0.9986372640060216,-6.473610460198769e-8,1,3.0509446986976567e-9,0.9986372640060216,6.480665133995449e-8,-0.05169173074422903]}},{"t":4.233333333333328,"j":false,"c":{"p":[-867.1794292917432,174.82504176407238,907.9182802622187],"r":[-0.06263983435439635,0,-0.9979868832359409,-1.1109128385176333e-9,1,-5.034027056569598e-10,0.9979868832359409,1.0791634882664266e-9,-0.06263983435439635]}},{"t":4.266666666666661,"j":false,"c":{"p":[-866.5106681652562,175.72076812599713,907.9750064037771],"r":[-0.07968385346380252,0,-0.9965905615559635,4.093859720419393e-8,1,-3.3083581871957113e-9,0.9965905615559635,-4.108207354657188e-8,-0.07968385346380252]}},{"t":4.2999999999999945,"j":false,"c":{"p":[-865.8218334239242,176.3625859275739,908.0574922629967],"r":[-0.10803054028989637,0,-0.9938111625938457,4.2983818919550235e-8,1,-4.723837732886116e-9,0.9938111625938457,-4.325650845004332e-8,-0.10803054028989637]}},{"t":4.333333333333328,"j":false,"c":{"p":[-865.0997386973453,176.84943696841447,908.1459258199571],"r":[-0.12533593492916395,0,-0.9921143651008606,1.3443332727924534e-8,1,-1.698324935682099e-9,0.9921143651008606,-1.3550184753830423e-8,-0.12533593492916395]}},{"t":4.366666666666661,"j":false,"c":{"p":[-864.3255144834221,177.093403421888,908.2436814025233],"r":[-0.1253359430193704,0,-0.9921143651008606,-6.560248993221997e-8,1,8.287703701045198e-9,0.9921143651008606,6.612391823030917e-8,-0.1253359430193704]}},{"t":4.399999999999994,"j":false,"c":{"p":[-863.5536070600846,178.27706350148344,908.3411151368924],"r":[-0.1253359466791153,0,-0.9921143651008606,-7.786773084433875e-8,1,9.837197936213063e-9,0.9921143651008606,7.848664723679834e-8,-0.1253359466791153]}},{"t":4.433333333333327,"j":false,"c":{"p":[-862.7836134018056,180.23694946816056,908.4382830113099],"r":[-0.1253359466791153,0,-0.9921143651008606,-3.496944306346993e-8,1,4.417765046939411e-9,0.9921143651008606,3.524739116638586e-8,-0.1253359466791153]}},{"t":4.466666666666661,"j":false,"c":{"p":[-862.0209307138341,182.093514844231,908.5345128302596],"r":[-0.12533346020267788,0,-0.9921146808439003,1.584966382471813e-8,1,-2.002067833439636e-9,0.9921146808439003,-1.5975610151531605e-8,-0.12533346020267788]}},{"t":4.499999999999994,"j":false,"c":{"p":[-861.264962929692,183.85518340081714,908.6298810737975],"r":[-0.12532868997327073,0,-0.9921152865873171,7.394380211353611e-8,1,-9.340737673718002e-9,0.9921152865873171,-7.453143861564129e-8,-0.12532868997327073]}},{"t":4.533333333333327,"j":false,"c":{"p":[-860.4673008665351,185.46041204708672,908.7271385668886],"r":[-0.11965995480602734,0,-0.9927711948925914,8.81163288007175e-8,1,-1.0803482471489651e-8,0.9927711948925914,-8.877894526785489e-8,-0.11965995480602734]}},{"t":4.56666666666666,"j":false,"c":{"p":[-859.6359727470395,186.9393232474437,908.8259215350184],"r":[-0.10941784968965546,0,-0.9939562274203633,6.682433887792249e-8,1,-7.52171007897699e-9,0.9939562274203633,-6.724968605113085e-8,-0.10941784968965546]}},{"t":4.599999999999993,"j":false,"c":{"p":[-858.8195753638804,188.15292555958592,908.9144736819211],"r":[-0.09889720351634027,0,-0.9950527183453641,1.581824456797289e-8,1,-2.223610937457738e-9,0.9950527183453641,-1.595803404310599e-8,-0.09889720351634027]}},{"t":4.633333333333327,"j":false,"c":{"p":[-858.0167987382212,189.12449640405472,908.9936926297223],"r":[-0.08812245465813985,0,-0.996068436047074,-6.229492611554427e-8,1,4.91390838200963e-9,0.996068436047074,6.248474606025779e-8,-0.08812245465813985]}},{"t":4.66666666666666,"j":true,"c":{"p":[-857.1653146045772,189.9723441799478,909.0611561897877],"r":[-0.06074923399364307,0,-0.9980918389299128,-1.4405516077957342e-7,1,8.51871517674001e-9,0.9980918389299128,1.4431331007160932e-7,-0.06074923399364307]}},{"t":4.699999999999993,"j":false,"c":{"p":[-856.3878323698484,190.43776991166078,909.0965154129696],"r":[-0.046431464459082396,0,-0.9989011662124576,-1.0955972709487384e-7,1,5.301129747210186e-9,0.9989011662124576,1.0969038291338594e-7,-0.046431464459082396]}},{"t":4.733333333333326,"j":false,"c":{"p":[-855.6133363387581,190.67727291788978,909.1260753760133],"r":[-0.041878738880479556,0,-0.999122679233551,-4.810141909416991e-8,1,2.01619403382654e-9,0.999122679233551,4.8143656481309175e-8,-0.041878738880479556]}},{"t":4.7666666666666595,"j":false,"c":{"p":[-854.8272963424184,190.76890550343282,909.1536462424599],"r":[-0.041878768210190084,0,-0.999122679233551,2.0589738673310318e-8,1,-8.630314577653045e-10,0.999122679233551,-2.0607817233263787e-8,-0.041878768210190084]}},{"t":4.799999999999993,"j":false,"c":{"p":[-854.0382327575527,190.76807261337194,909.1668090820312],"r":[-0.04187878221273422,0,-0.999122679233551,4.851090929178524e-8,1,-2.033361654977877e-9,0.999122679233551,-4.85535051747433e-8,-0.04187878221273422]}},{"t":4.833333333333326,"j":false,"c":{"p":[-853.246406892255,190.68276540688962,909.1668090820312],"r":[-0.04187878221273422,0,-0.999122679233551,3.918556414389905e-8,1,-1.642484700161441e-9,0.999122679233551,-3.921997255621926e-8,-0.04187878221273422]}},{"t":4.866666666666659,"j":false,"c":{"p":[-852.4877574132145,190.65185029282586,909.1618272523234],"r":[-0.02210884142739707,0,-0.9991916956724437,-2.1225534611324243e-9,1,-2.051012724144623e-9,0.9991916956724437,2.116940119827242e-9,-0.02210884142739707]}},{"t":4.899999999999992,"j":false,"c":{"p":[-851.7605363286459,190.672461469885,909.1521260747024],"r":[0.016389404872438902,0,-0.9993260922238587,-7.37283406586983e-8,1,-3.2168268136417024e-9,0.9993260922238587,7.377104421904866e-8,0.016389404872438902]}},{"t":4.933333333333326,"j":false,"c":{"p":[-851.0227591257698,191.303708632086,909.1141478753373],"r":[0.05668882266954617,0,-0.997714297724365,-7.505662449415052e-8,1,-2.2092456949476824e-9,0.997714297724365,7.50707417180899e-8,0.05668882266954617]}},{"t":4.966666666666659,"j":false,"c":{"p":[-850.2752032602664,192.5006185798542,909.0499752503626],"r":[0.09865675609826022,0,-0.994484918742424,-1.1283326893505662e-8,1,8.116605757487298e-10,0.994484918742424,1.1197618448727479e-8,0.09865675609826022]}},{"t":4.999999999999992,"j":false,"c":{"p":[-849.5439797703209,193.4597811734191,908.9718655320419],"r":[0.12022385167340538,0,-0.9927420756436752,3.282253785301885e-8,1,4.0486053546525885e-9,0.9927420756436752,-3.307148621536711e-8,0.12022385167340538]}},{"t":5.033333333333325,"j":false,"c":{"p":[-848.827274835094,194.20759986548475,908.8813665289142],"r":[0.12365576050682847,0,-0.9923206785577552,5.944517126856366e-8,1,7.477596103328209e-9,0.9923206785577552,-5.991373121582629e-8,0.12365576050682847]}},{"t":5.049638986587524,"c":{"r":[0.12533454596996307,0,-0.9921145439147949,7.246815414418961e-8,1,9.154954128121062e-9,0.9921145439147949,-7.304414140207882e-8,0.12533454596996307],"p":[-848.4766845703125,194.5734100341797,908.8370971679688]},"j":false},{"t":5.109638986587524,"j":false,"c":{"p":[-847.8085347561637,194.69146621829543,908.7527037785901],"r":[0.12533454596996307,0,-0.9921145439147949,7.246815414418961e-8,1,9.154954128121062e-9,0.9921145439147949,-7.304414140207882e-8,0.12533454596996307]}},{"t":5.109638986587524,"j":false,"c":{"p":[-847.1403849420149,194.8095224024112,908.6683103892116],"r":[0.41249876416512804,-1.0972786566735668e-7,-0.8978708037831258,-5.785109028298732e-9,1,-1.2040891222602293e-7,0.8978708037831258,4.925189084866175e-8,0.41249876416512804]}},{"t":5.134638986587524,"j":false,"c":{"p":[-846.6942648810194,195.11432514130087,908.4751195192397],"r":[0.2377273142857094,-9.057793285880231e-8,-0.9486741578728175,8.671