{"v":1,"d":[{"t":0.06605362892150879,"c":{"r":[0.9573188424110413,5.5166253787319874e-8,0.28903400897979736,-4.206707160392398e-8,1,-5.1532531131215364e-8,-0.28903400897979736,3.7174249456484176e-8,0.9573188424110413],"p":[-424.3701477050781,247.99440002441406,783.6978759765625]},"j":false},{"t":0.028571428571428567,"j":false,"c":{"p":[-424.2797024860313,247.99440002441406,783.997424838293],"r":[0.9573188424110413,6.879000321201954e-8,0.28903400897979736,-5.246865671277496e-8,1,-6.421656147272244e-8,-0.28903400897979736,4.631049948744411e-8,0.9573188424110413]}},{"t":0.05714285714285714,"j":false,"c":{"p":[-424.34864585358946,247.99440002441406,783.7690887527204],"r":[0.9573188424110413,5.840507436773373e-8,0.28903400897979736,-4.45398760331067e-8,1,-5.454794907762791e-8,-0.28903400897979736,3.934624144676787e-8,0.9573188424110413]}},{"t":0.08571428571428572,"j":false,"c":{"p":[-424.4175892211476,247.99440002441406,783.5407526671478],"r":[0.9573188424110413,4.802014552344793e-8,0.28903400897979736,-3.6611095353438443e-8,1,-4.487933668253338e-8,-0.28903400897979736,3.238198340609164e-8,0.9573188424110413]}},{"t":0.11428571428571428,"j":false,"c":{"p":[-424.48653258870576,247.99440002441406,783.3124165815751],"r":[0.9573188424110413,3.763521667916213e-8,0.28903400897979736,-2.8682314673770183e-8,1,-3.521072428743886e-8,-0.28903400897979736,2.5417725365415398e-8,0.9573188424110413]}},{"t":0.14285714285714285,"j":false,"c":{"p":[-424.59906243638096,247.99440002441406,782.9397572967968],"r":[0.9573188424110413,1.441497095275662e-8,0.28903400897979736,-1.0973051005200858e-8,1,-1.3528728075733471e-8,-0.28903400897979736,9.779721289009265e-9,0.9573188424110413]}},{"t":0.17142857142857143,"j":false,"c":{"p":[-424.8002064228744,247.99440002441406,782.2736795947761],"r":[0.9573188424110413,-3.490030582258674e-8,0.28903400897979736,2.6620568430581362e-8,1,3.2577255995124535e-8,-0.28903400897979736,-2.349257060371714e-8,0.9573188424110413]}},{"t":0.2,"j":false,"c":{"p":[-425.00124725166455,247.99440002441406,781.6079430862374],"r":[0.9573188424110413,-8.117534084991372e-8,0.28903400897979736,6.189606783331901e-8,1,7.58425300120619e-8,-0.28903400897979736,-5.471541280991534e-8,0.9573188424110413]}},{"t":0.2285714285714286,"j":false,"c":{"p":[-425.1992470964871,247.99440002441406,780.9522646138364],"r":[0.9573188424110413,-3.7827147424970746e-8,0.28903400897979736,2.8835751034306043e-8,1,3.5366566577964245e-8,-0.28903400897979736,-2.5522566830464265e-8,0.9573188424110413]}},{"t":0.2571428571428572,"j":false,"c":{"p":[-425.39724694130973,247.99440002441406,780.2965861414356],"r":[0.9573188424110413,5.521045999972228e-9,0.28903400897979736,-4.224565764706927e-9,1,-5.1093968561334065e-9,-0.28903400897979736,3.670279148986801e-9,0.9573188424110413]}},{"t":0.28571428571428575,"j":false,"c":{"p":[-425.59561735742335,247.99440002441406,779.6396805184869],"r":[0.9573188424110413,3.5505284474173276e-8,0.28903400897979736,-2.709109989047595e-8,1,-3.311189543412297e-8,-0.28903400897979736,2.386839262394389e-8,0.9573188424110413]}},{"t":0.31428571428571433,"j":false,"c":{"p":[-425.7941485312099,247.99440002441406,778.9822425448918],"r":[0.9573188424110413,5.969210056127854e-8,0.28903400897979736,-4.5535465272270525e-8,1,-5.57032754721298e-8,-0.28903400897979736,4.016449776531284e-8,0.9573188424110413]}},{"t":0.3428571428571429,"j":false,"c":{"p":[-425.9930004660217,247.99440002441406,778.3237423679435],"r":[0.9573188424110413,5.32740320776493e-8,0.28903400897979736,-4.0634973766119795e-8,1,-4.972911258627027e-8,-0.28903400897979736,3.586172769426941e-8,0.9573188424110413]}},{"t":0.3714285714285715,"j":false,"c":{"p":[-426.1924025033718,247.99440002441406,777.6634205209216],"r":[0.9573188424110413,-5.631163434015885e-9,0.28903400897979736,4.30175659912424e-9,1,5.234723062593096e-9,-0.28903400897979736,-3.767945094205221e-9,0.9573188424110413]}},{"t":0.4000000000000001,"j":false,"c":{"p":[-426.3912027695021,247.99440002441406,777.0050914453307],"r":[0.9573188424110413,-6.088487876716412e-8,0.28903400897979736,4.6452734651408716e-8,1,5.6791945304647915e-8,-0.28903400897979736,-4.094157979884399e-8,0.9573188424110413]}},{"t":0.42857142857142866,"j":false,"c":{"p":[-426.578418344029,247.99440002441406,776.3851251921983],"r":[0.9573188424110413,-4.5843986489022977e-8,0.28903400897979736,3.4975223387542186e-8,1,4.2768487655891105e-8,-0.28903400897979736,-3.0834050443667135e-8,0.9573188424110413]}},{"t":0.45714285714285724,"j":false,"c":{"p":[-426.7656339185559,247.99440002441406,775.7651589390658],"r":[0.9573188424110413,-3.0803094210881834e-8,0.28903400897979736,2.3497712123675665e-8,1,2.8745030007134297e-8,-0.28903400897979736,-2.072652108849028e-8,0.9573188424110413]}},{"t":0.4857142857142858,"j":false,"c":{"p":[-426.97011585539946,247.99440002441406,775.0880149539113],"r":[0.9573188424110413,1.3049721482457494e-8,0.28903400897979736,-9.961014806348575e-9,1,-1.2157234250535467e-8,-0.28903400897979736,8.759278513097105e-9,0.9573188424110413]}},{"t":0.5142857142857143,"j":false,"c":{"p":[-427.17677062010125,247.99440002441406,774.403675627507],"r":[0.9573188424110413,6.052827771667054e-8,0.28903400897979736,-4.618589461099958e-8,1,-5.644197240305228e-8,-0.28903400897979736,4.068367199236206e-8,0.9573188424110413]}},{"t":0.5428571428571429,"j":false,"c":{"p":[-427.3794769903352,247.99440002441406,773.7324114489921],"r":[0.9573188424110413,5.368589536778492e-8,0.28903400897979736,-4.096336869674432e-8,1,-5.0066390839649485e-8,-0.28903400897979736,3.6089694909399456e-8,0.9573188424110413]}},{"t":0.5714285714285715,"j":false,"c":{"p":[-427.58006350848484,247.99440002441406,773.06816718192],"r":[0.9573188424110413,1.76791638599318e-8,0.28903400897979736,-1.3488160048180266e-8,1,-1.6491808462963557e-8,-0.28903400897979736,1.188938300281988e-8,0.9573188424110413]}},{"t":0.6000000000000001,"j":false,"c":{"p":[-427.77842852602754,247.99440002441406,772.4112794363932],"r":[0.9573188424110413,-1.3648963793523034e-8,0.28903400897979736,1.0416689294915213e-8,1,1.2721239960721516e-8,-0.28903400897979736,-9.167505354405842e-9,0.9573188424110413]}},{"t":0.6285714285714287,"j":false,"c":{"p":[-427.97258361937327,247.99440002441406,771.7683328970772],"r":[0.9573188424110413,-3.6110756901315146e-8,0.28903400897979736,2.755541758231475e-8,1,3.366882707093835e-8,-0.28903400897979736,-2.426735061188611e-8,0.9573188424110413]}},{"t":0.6571428571428573,"j":false,"c":{"p":[-428.166738712719,247.99440002441406,771.1253863577614],"r":[0.9573188424110413,-5.857255000910725e-8,0.28903400897979736,4.4694145869714286e-8,1,5.461641418115518e-8,-0.28903400897979736,-3.936719586936638e-8,0.9573188424110413]}},{"t":0.6857142857142858,"j":false,"c":{"p":[-428.3641632951512,247.99440002441406,770.4716128725372],"r":[0.9573188424110413,-1.555888650998618e-8,0.28903400897979736,1.1871203545948127e-8,1,1.451164713679886e-8,-0.28903400897979736,-1.0461091910756747e-8,0.9573188424110413]}},{"t":0.7142857142857144,"j":false,"c":{"p":[-428.5617106778054,247.99440002441406,769.8174327331457],"r":[0.9573188424110413,2.991399933185456e-8,0.28903400897979736,-2.2828271802768436e-8,1,-2.7886212941088257e-8,-0.28903400897979736,2.0097851434289013e-8,0.9573188424110413]}},{"t":0.742857142857143,"j":false,"c":{"p":[-428.75680946152306,247.99440002441406,769.1550303072129],"r":[0.9583856554917398,4.3452656007350004e-8,0.2854093220525455,-3.327486222299744e-8,1,-4.0420565825414984e-8,-0.2854093220525455,2.9205911582450273e-8,0.9583856554917398]}},{"t":0.7714285714285716,"j":false,"c":{"p":[-428.95042703909775,247.99440002441406,768.4876540567993],"r":[0.9600978049992888,3.767366302398125e-8,0.2795919899914788,-2.9050400718822378e-8,1,-3.4889889911171444e-8,-0.2795919899914788,2.5337906320918263e-8,0.9600978049992888]}},{"t":0.8000000000000002,"j":false,"c":{"p":[-429.1421518114637,247.99440002441406,767.8243049204937],"r":[0.9612610340118408,1.7759835332307104e-8,0.27563971281051636,-1.3841611595281887e-8,1,-1.616034416225666e-8,-0.27563971281051636,1.1719010980384807e-8,0.9612610340118408]}},{"t":0.8285714285714287,"j":false,"c":{"p":[-429.3298655003412,247.99440002441406,767.1694897267348],"r":[0.9612610340118408,-3.2107419076326134e-8,0.27563971281051636,2.4644298143500525e-8,1,3.053920537504382e-8,-0.27563971281051636,-2.2563201436992592e-8,0.9612610340118408]}},{"t":0.8571428571428573,"j":false,"c":{"p":[-429.51757918921874,247.99440002441406,766.5146745329761],"r":[0.9612610340118408,-8.197467348495939e-8,0.27563971281051636,6.313020788228293e-8,1,7.72387549123443e-8,-0.27563971281051636,-5.684541385436999e-8,0.9612610340118408]}},{"t":0.8857142857142859,"j":false,"c":{"p":[-429.7084559500414,247.99440002441406,765.8488253673155],"r":[0.9612610340118408,-4.244549371106612e-8,0.27563971281051636,3.274323838175165e-8,1,3.980085628696316e-8,-0.27563971281051636,-2.9233675869914726e-8,0.9612610340118408]}},{"t":0.9142857142857145,"j":false,"c":{"p":[-429.89942477390673,247.99440002441406,765.1826550515062],"r":[0.9612610340118408,-3.143788964348933e-10,0.27563971281051636,3.5168380477990343e-10,1,-8.591154237048209e-11,-0.27563971281051636,1.7952142142309304e-10,0.9612610340118408]}},{"t":0.9428571428571431,"j":false,"c":{"p":[-430.0883996408423,247.99440002441406,764.5234403994054],"r":[0.9612610340118408,3.307773084999572e-8,0.27563971281051636,-2.5328637356097314e-8,1,-3.167286575337067e-8,-0.27563971281051636,2.3464313757615254e-8,0.9612610340118408]}},{"t":0.9714285714285716,"j":false,"c":{"p":[-430.2763603969768,247.99440002441406,763.8677633431223],"r":[0.9612610340118408,6.202525139917293e-8,0.27563971281051636,-4.759567802238367e-8,1,-5.903860008185886e-8,-0.27563971281051636,4.3632247567297483e-8,0.9612610340118408]}},{"t":1.0000000000000002,"j":false,"c":{"p":[-430.46441755820126,247.99440002441406,763.2117499900138],"r":[0.9612610340118408,6.348470033857618e-8,0.27563971281051636,-4.875441671968138e-8,1,-6.029240647620289e-8,-0.27563971281051636,4.451808898971635e-8,0.9612610340118408]}},{"t":1.0285714285714287,"j":false,"c":{"p":[-430.6526823625909,247.99440002441406,762.5550123002824],"r":[0.9612610340118408,5.7386633473774275e-9,0.27563971281051636,-4.44880662652089e-9,1,-5.304749159568986e-9,-0.27563971281051636,3.872983252467357e-9,0.9612610340118408]}},{"t":1.0571428571428572,"j":false,"c":{"p":[-430.8409471669806,247.99440002441406,761.8982746105511],"r":[0.9612610340118408,-5.2007373643821326e-8,0.27563971281051636,3.985680346663961e-8,1,4.968290815706494e-8,-0.27563971281051636,-3.677212248478164e-8,0.9612610340118408]}},{"t":1.0857142857142856,"j":false,"c":{"p":[-431.0308192239128,247.99440002441406,761.2359302259039],"r":[0.9612610340118408,-4.021822463163393e-8,0.27563971281051636,3.083728216126011e-8,1,3.8367286970760136e-8,-0.27563971281051636,-2.838099677077998e-8,0.9612610340118408]}},{"t":1.114285714285714,"j":false,"c":{"p":[-431.22073238740694,247.99440002441406,760.573442446273],"r":[0.9612610340118408,-2.6650666591514706e-8,0.27563971281051636,2.0453934848566895e-8,1,2.535591495888966e-8,-0.27563971281051636,-1.8735736542715005e-8,0.9612610340118408]}},{"t":1.1428571428571426,"j":false,"c":{"p":[-431.40952850463646,247.99440002441406,759.9124247562746],"r":[0.9617939324358535,7.943134633429413e-9,0.27375647975778483,-6.17678597817355e-9,1,-7.703370734237615e-9,-0.27375647975778483,5.868515149944094e-9,0.9617939324358535]}},{"t":1.171428571428571,"j":false,"c":{"p":[-431.5977320259642,247.99440002441406,759.252186952588],"r":[0.9626095348374192,5.369141167119863e-8,0.2708741867516438,-4.1426780028918804e-8,1,-5.139812593513595e-8,-0.2708741867516438,3.8408550092579985e-8,0.9626095348374192]}},{"t":1.1999999999999995,"j":false,"c":{"p":[-431.7789852261816,247.99440002441406,758.5999015334673],"r":[0.9638803997284968,7.170207538823789e-8,0.266240699790507,-5.53395206888007e-8,1,-6.830524898119991e-8,-0.266240699790507,5.0870037836490894e-8,0.9638803997284968]}},{"t":1.228571428571428,"j":false,"c":{"p":[-431.9456553523489,247.99440002441406,757.9643017050064],"r":[0.966106490499267,3.151403682857331e-8,0.25793288027461525,-2.4482711671191963e-8,1,-2.9006907972001134e-8,-0.25793288027461525,2.120297698988489e-8,0.966106490499267]}},{"t":1.2571428571428565,"j":false,"c":{"p":[-432.1123254785163,247.99440002441406,757.3287018765454],"r":[0.9683325812700373,-8.674001731091268e-9,0.24962506075872343,6.374097346416778e-9,1,1.0291433037197642e-8,-0.24962506075872343,-8.46408385672111e-9,0.9683325812700373]}},{"t":1.285714285714285,"j":false,"c":{"p":[-432.2881095810118,247.99440002441406,756.6456297682917],"r":[0.9685825705528259,-2.8549897568568028e-8,0.2486920952796936,2.19347733656228e-8,1,2.937068475931406e-8,-0.2486920952796936,-2.2992928818834598e-8,0.9685825705528259]}},{"t":1.3142857142857134,"j":false,"c":{"p":[-432.4650466589083,247.99440002441406,755.956552117686],"r":[0.9685825705528259,-4.585617943535372e-8,0.2486920952796936,3.556039223266981e-8,1,4.5892094356287073e-8,-0.2486920952796936,-3.5606694138186514e-8,0.9685825705528259]}},{"t":1.3428571428571419,"j":false,"c":{"p":[-432.63957252775884,247.99440002441406,755.2768648689355],"r":[0.9685825705528259,-2.306862908106465e-8,0.2486920952796936,1.80908240376945e-8,1,2.2301351801863067e-8,-0.2486920952796936,-1.7101655298535802e-8,0.9685825705528259]}},{"t":1.3714285714285703,"j":false,"c":{"p":[-432.81273383267256,247.99440002441406,754.6024918851367],"r":[0.9685825705528259,2.240903088048731e-8,0.2486920952796936,-1.697629379547092e-8,1,-2.3989868069867555e-8,-0.2486920952796936,1.90142986893948e-8,0.9685825705528259]}},{"t":1.3999999999999988,"j":false,"c":{"p":[-432.98346665106294,247.99440002441406,753.9375765899574],"r":[0.9685825705528259,4.756667400983048e-8,0.2486920952796936,-3.642720873412122e-8,1,-4.939407466315202e-8,-0.2486920952796936,3.878308171658551e-8,0.9685825705528259]}},{"t":1.4285714285714273,"j":false,"c":{"p":[-433.1494949653601,247.99440002441406,753.2909828849523],"r":[0.9685825705528259,3.336004583451632e-8,0.2486920952796936,-2.562615820619332e-8,1,-3.4335615096953784e-8,-0.2486920952796936,2.688385589930556e-8,0.9685825705528259]}},{"t":1.4571428571428557,"j":false,"c":{"p":[-433.31552327965727,247.99440002441406,752.6443891799472],"r":[0.9685825705528259,1.9153417659202177e-8,0.2486920952796936,-1.4825107678265427e-8,1,-1.927715553075555e-8,-0.2486920952796936,1.4984630082025608e-8,0.9685825705528259]}},{"t":1.4857142857142842,"j":false,"c":{"p":[-433.4873084871814,247.99440002441406,751.9753753778838],"r":[0.9685825705528259,-2.352890996025684e-8,0.2486920952796936,1.7875132237052443e-8,1,2.4992226895095955e-8,-0.2486920952796936,-1.9761631840358367e-8,0.9685825705528259]}},{"t":1.5142857142857127,"j":false,"c":{"p":[-433.65943790187004,247.99440002441406,751.3050210684092],"r":[0.9685825705528259,-6.791381210650816e-8,0.2486920952796936,5.1884734265898206e-8,1,7.100814317738507e-8,-0.2486920952796936,-5.5873928046168965e-8,0.9685825705528259]}},{"t":1.5428571428571412,"j":false,"c":{"p":[-433.8313104819381,247.99440002441406,750.6356669958498],"r":[0.9685825705528259,-5.456731520892777e-8,0.2486920952796936,4.17467346795972e-8,1,5.682591831859129e-8,-0.2486920952796936,-4.4658512000651964e-8,0.9685825705528259]}},{"t":1.5714285714285696,"j":false,"c":{"p":[-434.0030332965906,247.99440002441406,749.9668961814853],"r":[0.9685825705528259,-7.55648228430373e-9,0.2486920952796936,5.865383638536184e-9,1,7.540950669202686e-9,-0.2486920952796936,-5.845358242070593e-9,0.9685825705528259]}},{"t":1.599999999999998,"j":false,"c":{"p":[-434.1689779904138,247.99440002441406,749.2998635994455],"r":[0.9702370826420228,2.775129310238156e-8,0.24140983887195108,-2.1398467554014503e-8,1,-2.9462347870718987e-8,-0.24140983887195108,2.3579469064874978e-8,0.9702370826420228]}},{"t":1.6285714285714266,"j":false,"c":{"p":[-434.3223150267463,247.99440002441406,748.6366237795229],"r":[0.9755016822235332,3.752340639544884e-8,0.21823795376637764,-2.985923557706026e-8,1,-3.966747411179615e-8,-0.21823795376637764,3.251929652315942e-8,0.9755016822235332]}},{"t":1.657142857142855,"j":false,"c":{"p":[-434.4756520630788,247.99440002441406,747.9733839596003],"r":[0.9807662818050435,4.729551968851612e-8,0.1950660686608042,-3.8320003600106014e-8,1,-4.987260035287332e-8,-0.1950660686608042,4.1459123981443865e-8,0.9807662818050435]}},{"t":1.6857142857142835,"j":false,"c":{"p":[-434.6059052595528,247.99440002441406,747.2954453275812],"r":[0.9830531349348782,1.5489724843344985e-9,0.1828033533603045,-9.204410047557485e-10,1,3.0189422602172665e-10,-0.1828033533603045,-1.2181964189496038e-9,0.9830531349348782]}},{"t":1.714285714285712,"j":false,"c":{"p":[-434.7353015963591,247.99440002441406,746.6169610835962],"r":[0.9852294557247478,-4.6258397411123906e-8,0.1709455805507787,3.818143229336317e-8,1,5.2717647717902496e-8,-0.1709455805507787,-4.581151746873597e-8,0.9852294557247478]}},{"t":1.7428571428571404,"j":false,"c":{"p":[-434.83762309920655,247.99440002441406,745.9426065160635],"r":[0.9888777952330339,-4.6446085878271524e-8,0.14395672266414933,3.82845512456331e-8,1,5.259925937604465e-8,-0.14395672266414933,-4.553801693997784e-8,0.9888777952330339]}},{"t":1.771428571428569,"j":false,"c":{"p":[-434.9252352095198,247.99440002441406,745.270495546112],"r":[0.9933258626798106,-2.0762642963866045e-8,0.10874735010304601,1.720017235801743e-8,1,2.393977952260491e-8,-0.10874735010304601,-2.0888976699164118e-8,0.9933258626798106]}},{"t":1.7999999999999974,"j":false,"c":{"p":[-435.00210969100925,247.99440002441406,744.594598178565],"r":[0.9966251750456522,6.169186588087665e-9,0.08195775925104042,-5.785030532087896e-9,1,-6.297879029984666e-9,-0.08195775925104042,5.909011064823958e-9,0.9966251750456522]}},{"t":1.8285714285714258,"j":false,"c":{"p":[-435.0524460037761,247.99440002441406,743.909342687368],"r":[0.9970853264888068,3.618641755985148e-8,0.07597775227183366,-3.346814102524873e-8,1,-4.04360237401592e-8,-0.07597775227183366,3.801814646502932e-8,0.9970853264888068]}},{"t":1.8571428571428543,"j":false,"c":{"p":[-435.10278231654286,247.99440002441406,743.2240871961712],"r":[0.9975454779319612,6.620364853161529e-8,0.06999774529262691,-6.115125151840956e-8,1,-7.457416845033374e-8,-0.06999774529262691,7.012728186523468e-8,0.9975454779319612]}},{"t":1.8857142857142828,"j":false,"c":{"p":[-435.1459881660421,247.99440002441406,742.5349718836776],"r":[0.9982099008424934,2.5654091784565444e-8,0.058204202663489295,-2.3246029206273468e-8,1,-2.9739761897517567e-8,-0.058204202663489295,2.7654377431817153e-8,0.9982099008424934]}},{"t":1.9142857142857113,"j":false,"c":{"p":[-435.18889666785304,247.99440002441406,741.8456956126464],"r":[0.9988828420843509,-1.7838172948443562e-8,0.046168229588858294,1.7394294376179294e-8,1,1.8387881669277257e-8,-0.046168229588858294,-1.7928675150926038e-8,0.9988828420843509]}},{"t":1.9428571428571397,"j":false,"c":{"p":[-435.2228321408333,247.99440002441406,741.1551524802549],"r":[0.9991227388381958,-3.283972872515836e-8,0.04187752678990364,3.139069437568146e-8,1,3.525925574797639e-8,-0.04187752678990364,-3.391375997530889e-8,0.9991227388381958]}},{"t":1.9714285714285682,"j":false,"c":{"p":[-435.2517967608221,247.99440002441406,740.4639075356099],"r":[0.9991227388381958,-3.205808258484272e-8,0.04187752678990364,3.062696936682592e-8,1,3.481537055178317e-8,-0.04187752678990364,-3.350224680065335e-8,0.9991227388381958]}},{"t":1.9999999999999967,"j":false,"c":{"p":[-435.27942467303774,247.99440002441406,739.7741977438794],"r":[0.9991919659202394,-1.6859286749592564e-8,0.039895346970775715,1.5940099447855824e-8,1,1.879256573056852e-8,-0.039895346970775715,-1.7965165000322533e-8,0.9991919659202394]}},{"t":2.0285714285714254,"j":false,"c":{"p":[-435.304348748364,247.99440002441406,739.0875931956165],"r":[0.9994012226646487,2.7501919871478518e-8,0.033903696253451965,-2.6909928924128885e-8,1,-2.874262977240393e-8,-0.033903696253451965,2.8167287935403192e-8,0.9994012226646487]}},{"t":2.057142857142854,"j":false,"c":{"p":[-435.3292593176262,247.99440002441406,738.4010000321874],"r":[0.9996103120554024,7.170856667675698e-8,0.027912144560359987,-6.961023530091369e-8,1,-7.611344189479213e-8,-0.027912144560359987,7.413987842770043e-8,0.9996103120554024]}},{"t":2.0857142857142823,"j":false,"c":{"p":[-435.34734012903834,247.99440002441406,737.7201639610823],"r":[0.9997347739088338,3.7757275876367945e-8,0.021970667524028615,-3.6598997257046234e-8,1,-4.035872790791697e-8,-0.021970667524028615,3.927309411290996e-8,0.9997347739088338]}},{"t":2.1142857142857108,"j":false,"c":{"p":[-435.36542094045046,247.99440002441406,737.0393278899771],"r":[0.9998592357622651,3.805985075978908e-9,0.016029190487697242,-3.587759213178782e-9,1,-4.604013921041803e-9,-0.016029190487697242,4.406309798119497e-9,0.9998592357622651]}},{"t":2.1428571428571392,"j":false,"c":{"p":[-435.3780759264967,247.99440002441406,736.3568257291366],"r":[0.9999024868011475,-2.3128343244249045e-8,0.013964501209557056,2.2799362776656246e-8,1,2.3717586398411557e-8,-0.013964501209557056,-2.339689305602288e-8,0.9999024868011475]}},{"t":2.1714285714285677,"j":false,"c":{"p":[-435.3878412409497,247.99440002441406,735.6734362466713],"r":[0.9999024868011475,-4.632559641320272e-8,0.013964501209557056,4.5658630716441795e-8,1,4.808047887787635e-8,-0.013964501209557056,-4.74381925466769e-8,0.9999024868011475]}},{"t":2.199999999999996,"j":false,"c":{"p":[-435.3961611400377,247.99440002441406,734.9892660539791],"r":[0.9999155237777092,-4.800330728039789e-8,0.012097866141267778,4.7224021393414785e-8,1,5.020448313649918e-8,-0.012097866141267778,-4.945635008789821e-8,0.9999155237777092]}},{"t":2.2285714285714247,"j":false,"c":{"p":[-435.4012906846546,247.99440002441406,734.3033726594844],"r":[0.9999573362726935,-2.1825829835676235e-9,0.006111150658499176,1.7890700382169879e-9,1,3.242295158061637e-9,-0.006111150658499176,-2.8645155891040103e-9,0.9999573362726935]}},{"t":2.257142857142853,"j":false,"c":{"p":[-435.4064202292716,247.99440002441406,733.6174792649896],"r":[0.9999991487676777,4.3638141313262634e-8,0.00012443517573057852,-4.3645881316980796e-8,1,-4.3719892820375896e-8,-0.00012443517573057852,4.372731890969018e-8,0.9999991487676777]}},{"t":2.2857142857142816,"j":false,"c":{"p":[-435.4065374594664,247.99440002441406,732.9325246082445],"r":[1,3.2779670868669584e-8,0.000002561109350273772,-3.277958624196399e-8,1,-3.312670175866338e-8,-0.000002561109350273772,3.312661787708937e-8,1]}},{"t":2.31428571428571,"j":false,"c":{"p":[-435.4065505267579,247.99440002441406,732.2475894597827],"r":[1,2.0743327491730734e-8,0.0000025666495589395396,-2.0743272529067456e-8,1,-2.1337429429537418e-8,-0.0000025666495589395396,2.13373759726222e-8,1]}},{"t":2.3428571428571385,"j":false,"c":{"p":[-435.4098118767783,247.99440002441406,731.5616698783358],"r":[0.9999730409911796,-8.17093282443742e-9,0.0038623955528395318,7.891406750810141e-9,1,7.754721684462687e-9,-0.0038623955528395318,-7.476280640769893e-9,0.9999730409911796]}},{"t":2.371428571428567,"j":false,"c":{"p":[-435.4148671043828,247.99440002441406,730.8752066396977],"r":[0.999931193758136,-4.640609263967887e-8,0.009853827886857907,4.569260212718026e-8,1,4.640245923600476e-8,-0.009853827886857907,-4.5691740753005375e-8,0.999931193758136]}},{"t":2.3999999999999955,"j":false,"c":{"p":[-435.4243011440372,247.99440002441406,730.1913268976223],"r":[0.9997986444038193,-6.114245630937354e-8,0.017681308224835927,6.033620602129734e-8,1,6.148952891000963e-8,-0.017681308224835927,-6.069117310914034e-8,0.9997986444038193]}},{"t":2.428571428571424,"j":false,"c":{"p":[-435.4433013730665,247.99440002441406,729.5130912017146],"r":[0.9994679422950814,-2.4542080369707125e-8,0.029519918226893607,2.438848444746375e-8,1,2.5104690646254837e-8,-0.029519918226893607,-2.4971616956389702e-8,0.9994679422950814]}},{"t":2.4571428571428524,"j":false,"c":{"p":[-435.46230160209575,247.99440002441406,728.8348555058068],"r":[0.9991372401863435,1.2058295569959284e-8,0.041358528228951294,-1.1559237126369842e-8,1,-1.1280147617499959e-8,-0.041358528228951294,1.074793919636094e-8,0.9991372401863435]}},{"t":2.485714285714281,"j":false,"c":{"p":[-435.4940443986589,247.99440002441406,728.154621021956],"r":[0.998993820906884,2.7412778500676097e-8,0.044716658085050716,-2.6185731558069627e-8,1,-2.6797189367042582e-8,-0.044716658085050716,2.5542713783146093e-8,0.998993820906884]}},{"t":2.5142857142857093,"j":false,"c":{"p":[-435.5263715847338,247.99440002441406,727.4742948712801],"r":[0.9988589906437962,4.179289916022966e-8,0.04768586289610308,-3.983440880442231e-8,1,-4.1357208806570036e-8,-0.04768586289610308,3.93778526567315e-8,0.9988589906437962]}},{"t":2.542857142857138,"j":false,"c":{"p":[-435.5599192575044,247.99440002441406,726.7806936645035],"r":[0.9988060593605042,2.1340810451016697e-8,0.04885150492191315,-2.031556215956289e-8,1,-2.148351414223185e-8,-0.04885150492191315,2.046541785169033e-8,0.9988060593605042]}},{"t":2.5714285714285663,"j":false,"c":{"p":[-435.5942557304189,247.99440002441406,726.078512793402],"r":[0.9988060593605042,-2.1623323541163608e-8,0.04885150492191315,2.0639444100034988e-8,1,2.0644678448444012e-8,-0.04885150492191315,-1.9611762885935848e-8,0.9988060593605042]}},{"t":2.5999999999999948,"j":false,"c":{"p":[-435.6280540241799,247.99440002441406,725.3873376859891],"r":[0.9988060593605042,-4.566716482192707e-8,0.048851487304600615,4.355431712299381e-8,1,4.431492584125777e-8,-0.048851487304600615,-4.2134323757978695e-8,0.9988060593605042]}},{"t":2.6285714285714232,"j":false,"c":{"p":[-435.66077018542245,247.99440002441406,724.7182921885798],"r":[0.9988060593605042,-3.166742178658136e-8,0.04885143426364401,3.019536815334732e-8,1,3.087124454663288e-8,-0.04885143426364401,-2.9359298531336205e-8,0.9988060593605042]}},{"t":2.6571428571428517,"j":false,"c":{"p":[-435.69348634666494,247.99440002441406,724.0492466911704],"r":[0.9988060593605042,-1.7667678751235638e-8,0.04885138122268741,1.683641918370083e-8,1,1.7427563252008004e-8,-0.04885138122268741,-1.6584273304693715e-8,0.9988060593605042]}},{"t":2.68571428571428,"j":false,"c":{"p":[-435.72729370459206,247.99440002441406,723.3578862215614],"r":[0.9988060593605042,2.3278025467373077e-8,0.048851378262043,-2.221365451244144e-8,1,-2.2330843823946524e-8,-0.048851378262043,2.121901526577276e-8,0.9988060593605042]}},{"t":2.7142857142857086,"j":false,"c":{"p":[-435.7611655718087,247.99440002441406,722.6652065369808],"r":[0.9988060593605042,6.581671914160989e-8,0.048851378262043,-6.278253432999808e-8,1,-6.364492302502236e-8,-0.048851378262043,6.050192296462124e-8,0.9988060593605042]}},{"t":2.742857142857137,"j":false,"c":{"p":[-435.79507046729276,247.99440002441406,721.9718514243316],"r":[0.9988060593605042,5.1997681202219555e-8,0.048851378262043,-4.959546500492979e-8,1,-5.038606810984093e-8,-0.048851378262043,4.790310435441196e-8,0.9988060593605042]}},{"t":2.7714285714285656,"j":false,"c":{"p":[-435.828994127669,247.99440002441406,721.2781125696381],"r":[0.9988060593605042,6.159199385011735e-9,0.048851378262043,-5.86714521805441e-9,1,-6.1217956387688315e-9,-0.048851378262043,5.827868289610149e-9,0.9988060593605042]}},{"t":2.799999999999994,"j":false,"c":{"p":[-435.86275332032017,247.99440002441406,720.5877370799213],"r":[0.9988060593605042,-2.6485015360171413e-8,0.048851378262043,2.5273265447931834e-8,1,2.5422523585680315e-8,-0.048851378262043,-2.4157537794547098e-8,0.9988060593605042]}},{"t":2.8285714285714225,"j":false,"c":{"p":[-435.89618563717215,247.99440002441406,719.9040462002978],"r":[0.9988060593605042,-3.290592949584968e-8,0.048851378262043,3.1395497906649846e-8,1,3.1686229957273465e-8,-0.048851378262043,-3.0114686441620494e-8,0.9988060593605042]}},{"t":2.857142857142851,"j":false,"c":{"p":[-435.9296179540242,247.99440002441406,719.2203553206742],"r":[0.9988060593605042,-3.9326843631527945e-8,0.048851378262043,3.7517730365367866e-8,1,3.7949936328866615e-8,-0.048851378262043,-3.607183508869389e-8,0.9988060593605042]}},{"t":2.8857142857142795,"j":false,"c":{"p":[-435.9628764076811,247.99440002441406,718.5402199433906],"r":[0.9988060593605042,3.4899262894646652e-9,0.048851378262043,-3.3350100025302856e-9,1,-3.252657318745932e-9,-0.048851378262043,3.0858537537064747e-9,0.9988060593605042]}},{"t":2.914285714285708,"j":false,"c":{"p":[-435.9961344989135,247.99440002441406,717.8600919776881],"r":[0.9988060593605042,4.640933405182617e-8,0.048851378262043,-4.428567150343172e-8,1,-4.455419628974398e-8,-0.048851378262043,4.233758620563768e-8,0.9988060593605042]}},{"t":2.9428571428571364,"j":false,"c":{"p":[-436.0294999536011,247.9850817925913,717.1778663152538],"r":[0.9988060593605042,4.56213449269585e-8,0.048851378262043,-4.353173618840471e-8,1,-4.3838690225672077e-8,-0.048851378262043,4.1659765318017857e-8,0.9988060593605042]}},{"t":2.971428571428565,"j":false,"c":{"p":[-436.06292350770065,247.97072102755322,716.4945054905221],"r":[0.9988060593605042,2.118122900894406e-8,0.048851378262043,-2.0209483334530638e-8,1,-2.03857862056673e-8,-0.048851378262043,1.937418634730966e-8,0.9988060593605042]}},{"t":2.9999999999999933,"j":false,"c":{"p":[-436.096173772096,247.91699495633299,715.8144844085002],"r":[0.9988060593605042,-5.024042651948927e-9,0.048851378262043,4.796676920314809e-9,1,4.771452006939806e-9,-0.048851378262043,-4.5314304492956955e-9,0.9988060593605042]}},{"t":3.028571428571422,"j":false,"c":{"p":[-436.12904254518355,247.77660752108056,715.1418156548817],"r":[0.9988060593605042,-3.5115243808707885e-8,0.048851378262043,3.3509901248198195e-8,1,3.368072316993457e-8,-0.048851378262043,-3.200350465198021e-8,0.9988060593605042]}},{"t":3.0571428571428503,"j":false,"c":{"p":[-436.1619113182711,247.63622008582817,714.4691469012633],"r":[0.9988060593605042,-6.520644496546683e-8,0.048851378262043,6.222312557608158e-8,1,6.258999433292934e-8,-0.048851378262043,-5.947557885466473e-8,0.9988060593605042]}},{"t":3.0857142857142787,"j":false,"c":{"p":[-436.1939400203011,247.47252115058674,713.8128803012617],"r":[0.9988060593605042,-2.3788347277959383e-8,0.04885147145678186,2.2698859530517972e-8,1,2.2856881769764824e-8,-0.04885147145678186,-2.1720724129300146e-8,0.9988060593605042]}},{"t":3.114285714285707,"j":false,"c":{"p":[-436.2259564642307,247.3084820599449,713.1568530372587],"r":[0.9988060593605042,1.8673195670063707e-8,0.048851566011394336,-1.7821110389512627e-8,1,-1.7877842767326914e-8,-0.048851566011394336,1.6985905133753388e-8,0.9988060593605042]}},{"t":3.1428571428571357,"j":true,"c":{"p":[-436.2555899625577,247.15666986613354,712.5496530973467],"r":[0.9988060593605042,5.792479072301335e-8,0.04885178117585303,-5.5277901676887995e-8,1,-5.553311110030795e-8,-0.04885178117585303,5.276638426058476e-8,0.9988060593605042]}},{"t":3.171428571428564,"j":false,"c":{"p":[-436.29093782194366,248.60940224993323,711.8260135441038],"r":[0.9988060593605042,9.37232179533176e-8,0.04885179832025052,-8.943930287277058e-8,1,-8.987794817648886e-8,-0.04885179832025052,8.540136628157113e-8,0.9988060593605042]}},{"t":3.1999999999999926,"j":false,"c":{"p":[-436.325845815008,249.9208610036331,711.1122587471486],"r":[0.9988060593605042,9.314354173623019e-8,0.048851802945137024,-8.888561464627246e-8,1,-8.933249087218042e-8,-0.048851802945137024,8.488360864700162e-8,0.9988060593605042]}},{"t":3.228571428571421,"j":false,"c":{"p":[-436.359482930806,250.98898396470116,710.4243797290798],"r":[0.9988060593605042,4.52019013544115e-8,0.048851802945137024,-4.313508556890919e-8,1,-4.336211396158215e-8,-0.048851802945137024,4.1203114503440833e-8,0.9988060593605042]}},{"t":3.2571428571428496,"j":false,"c":{"p":[-436.393120046604,252.05710692576923,709.7365007110109],"r":[0.9988060593605042,-2.7397390274071965e-9,0.048851802945137024,2.6154435084540982e-9,1,2.6082629490161278e-9,-0.048851802945137024,-2.477379640119952e-9,0.9988060593605042]}},{"t":3.285714285714278,"j":false,"c":{"p":[-436.4261084674874,252.73855627632145,709.0618875039457],"r":[0.9988060593605042,-4.95973847088956e-8,0.048851802945137024,4.733152382322593e-8,1,4.7539100237138426e-8,-0.048851802945137024,-4.5170112294956185e-8,0.9988060593605042]}},{"t":3.3142857142857065,"j":false,"c":{"p":[-436.4590931936305,253.41780326868476,708.3873498543188],"r":[0.9988060593605042,-9.64488563341773e-8,0.048851802945137024,9.204171227819323e-8,1,9.246401666969169e-8,-0.048851802945137024,-8.785721900443647e-8,0.9988060593605042]}},{"t":3.342857142857135,"j":false,"c":{"p":[-436.49274970119956,253.87298567070766,707.699074274532],"r":[0.9988060593605042,-8.947939777753023e-8,0.048851802945137024,8.53904563821308e-8,1,8.578783089727835e-8,-0.048851802945137024,-8.151392946276057e-8,0.9988060593605042]}},{"t":3.3714285714285634,"j":false,"c":{"p":[-436.5268078759462,254.19419683128714,707.0025846009627],"r":[0.9988060593605042,-5.032967896129814e-8,0.048851802945137024,4.8029499985958986e-8,1,4.825864996063757e-8,-0.048851802945137024,-4.585470452830391e-8,0.9988060593605042]}},{"t":3.399999999999992,"j":false,"c":{"p":[-436.56057070133977,254.38972808032963,706.3121348216642],"r":[0.9988060593605042,-9.683069166211246e-9,0.048851802945137024,9.240056744632118e-9,1,9.294292877457437e-9,-0.048851802945137024,-8.831801665488627e-9,0.9988060593605042]}},{"t":3.4285714285714204,"j":false,"c":{"p":[-436.59373912716046,254.332324677752,705.6338405136305],"r":[0.9988060593605042,3.397607933629218e-8,0.048851802945137024,-3.2424259800665927e-8,1,-3.2558399932562547e-8,-0.048851802945137024,3.0935544581421924e-8,0.9988060593605042]}},{"t":3.457142857142849,"j":false,"c":{"p":[-436.6269075529812,254.2749212751744,704.9555462055968],"r":[0.9988060593605042,7.763522783879561e-8,0.048851802945137024,-7.408857634596398e-8,1,-7.441109274258253e-8,-0.048851802945137024,7.070289082833248e-8,0.9988060593605042]}},{"t":3.4857142857142773,"j":false,"c":{"p":[-436.6608395672252,253.84615345776248,704.261636514307],"r":[0.9988060593605042,6.772221914069544e-8,0.048851802945137024,-6.462828791991654e-8,1,-6.49126010043241e-8,-0.048851802945137024,6.167789023775523e-8,0.9988060593605042]}},{"t":3.514285714285706,"j":false,"c":{"p":[-436.69478992229074,253.40846574549505,703.5673517532173],"r":[0.9988060593605042,5.652244738635146e-8,0.048851802945137024,-5.394002480739437e-8,1,-5.4180692308005646e-8,-0.048851802945137024,5.148093405272962e-8,0.9988060593605042]}},{"t":3.5428571428571343,"j":false,"c":{"p":[-436.7283892707375,252.72329025223317,702.88024507748],"r":[0.9988060593605042,2.3261555553476173e-8,0.048851802945137024,-2.2198552214248903e-8,1,-2.2302279997688682e-8,-0.048851802945137024,2.119121120402773e-8,0.9988060593605042]}},{"t":3.5714285714285627,"j":false,"c":{"p":[-436.7618199162781,251.91916569736892,702.1965883761751],"r":[0.9988060593605042,-2.0602484122470585e-8,0.048851802945137024,1.9661640185486913e-8,1,1.9739691705130266e-8,-0.048851802945137024,-1.875561766435551e-8,0.9988060593605042]}},{"t":3.599999999999991,"j":false,"c":{"p":[-436.79509220594844,250.99432048810135,701.5161700524166],"r":[0.9988060593605042,-5.48832419540523e-8,0.048851802945137024,5.237632446434106e-8,1,5.2596876963643925e-8,-0.048851802945137024,-4.997540061255309e-8,0.9988060593605042]}},{"t":3.6285714285714197,"j":false,"c":{"p":[-436.828054982998,249.8335221306069,700.8420812617526],"r":[0.9988060593605042,-7.043310793702048e-8,0.048851802945137024,6.721576242415083e-8,1,6.750204491380167e-8,-0.048851802945137024,-6.413783765946123e-8,0.9988060593605042]}},{"t":3.657142857142848,"j":false,"c":{"p":[-436.8610177600476,248.67272377311247,700.1679924710885],"r":[0.9988060593605042,-8.598297391998865e-8,0.048851802945137024,8.20552003839606e-8,1,8.240721286395942e-8,-0.048851802945137024,-7.830027470636937e-8,0.9988060593605042]}},{"t":3.6857142857142766,"j":false,"c":{"p":[-436.89324512602656,248.8790445996388,699.5088682895124],"r":[0.998806034889881,-4.2672634712206455e-8,0.04885202776898771,4.0723216783345105e-8,1,4.0900056076304275e-8,-0.04885202776898771,-3.886182328190821e-8,0.998806034889881]}},{"t":3.714285714285705,"j":false,"c":{"p":[-436.9254484670302,249.13002752871031,698.8502329833127],"r":[0.9988060096198326,2.5605950165975764e-9,0.04885225993755713,-2.4438180835856547e-9,1,-2.4500219882238986e-9,-0.04885225993755713,2.3277032539278787e-9,0.9988060096198326]}},{"t":3.7428571428571336,"j":false,"c":{"p":[-436.95439960766424,249.61415425414407,698.2580369619644],"r":[0.9988060156494347,2.7291984500776594e-8,0.048852133019497763,-2.6045478328630446e-8,1,-2.6152576233707805e-8,-0.048852133019497763,2.4848977217753135e-8,0.9988060156494347]}},{"t":3.771428571428562,"j":false,"c":{"p":[-436.9812684777053,250.24755482986683,697.7083797000209],"r":[0.9988060417191128,3.889675994213217e-8,0.04885177619078024,-3.7120110843465396e-8,1,-3.727550548004609e-8,-0.04885177619078024,3.5417619444972335e-8,0.9988060417191128]}},{"t":3.7999999999999905,"j":false,"c":{"p":[-437.0007493581643,250.82758914381967,697.2797211944993],"r":[0.9989402790453696,3.2093554392296433e-8,0.04500822852111562,-3.0410235513757535e-8,1,-3.100436539056261e-8,-0.04500822852111562,2.924939736260388e-8,0.9989402790453696]}},{"t":3.828571428571419,"j":false,"c":{"p":[-437.0047663107768,251.29592161896,697.1043272635995],"r":[0.9993554362571869,-1.3239712236297832e-8,0.03312043211445608,1.3524698546388966e-8,1,1.1674599882903772e-8,-0.03312043211445608,-1.1951042779088655e-8,0.9993554362571869]}},{"t":3.8571428571428474,"j":false,"c":{"p":[-437.0087832633893,251.76425409410032,696.9289333326998],"r":[0.9997705934690042,-5.8572978864892085e-8,0.021232635707796547,5.7459632606535466e-8,1,5.435356515637015e-8,-0.021232635707796547,-5.315148292078119e-8,0.9997705934690042]}},{"t":3.885714285714276,"j":false,"c":{"p":[-437.0118092510868,252.19049432713715,696.6814410264335],"r":[0.9998616509829943,-3.782918752898712e-8,0.015144844997408103,3.7140207250567404e-8,1,3.501504779204649e-8,-0.015144844997408103,-3.427088675189549e-8,0.9998616509829943]}},{"t":3.9142857142857044,"j":false,"c":{"p":[-437.0148106260064,252.61568910741647,696.4321579995599],"r":[0.9999446587731904,-1.5444228153421856e-8,0.009201110095068528,1.522488455396366e-8,1,1.4136190806972593e-8,-0.009201110095068528,-1.3898046835784142e-8,0.9999446587731904]}},{"t":3.942857142857133,"j":false,"c":{"p":[-437.0086698779175,252.92884970813157,696.2080084821016],"r":[0.9944605927042197,1.2232815556444334e-8,-0.049264185173351634,-1.586203194558348e-8,1,-1.1123158139879246e-8,0.049264185173351634,1.5061245148137387e-8,0.9944605927042197]}},{"t":3.9714285714285613,"j":false,"c":{"p":[-436.99709022824715,253.17535807983583,695.9988115838522],"r":[0.9856645205740228,4.305826646102823e-8,-0.13897600791348716,-5.2405383016487435e-8,1,-3.8988582791056866e-8,0.13897600791348716,4.912885471728187e-8,0.9856645205740228]}},{"t":3.99999999999999,"j":false,"c":{"p":[-436.96453067018183,253.3649861262648,695.7472766196531],"r":[0.971189331506435,5.193529121499313e-8,-0.22751299759935353,-6.206125466862634e-8,1,-4.8127439690448414e-8,0.22751299759935353,5.871399604641354e-8,0.971189331506435]}},{"t":4.028571428571419,"j":false,"c":{"p":[-436.8847884970695,253.4266935716739,695.4005257646149],"r":[0.943942132989597,1.145155983691992e-8,-0.31340785488403294,-1.1248721639392393e-8,1,-1.5151315878116713e-8,0.31340785488403294,1.3239465396670336e-8,0.943942132989597]}},{"t":4.057142857142847,"j":false,"c":{"p":[-436.8050463239572,253.488401017083,695.0537749095769],"r":[0.9166949344727594,-2.903217154115265e-8,-0.399302712168711,3.956381138984076e-8,1,1.7824807934214466e-8,0.399302712168711,-3.2235065253072144e-8,0.9166949344727594]}},{"t":4.142857142857133,"j":false,"c":{"p":[-436.803955078125,253.5520945592113,695.0490112304688],"r":[0.8504168470039141,3.032580434901579e-10,-0.5159543909919749,1.0306632975484398e-9,1,1.1802643824673296e-8,0.5159543909919749,-6.427256494924452e-9,0.8504168470039141]}},{"t":4.171428571428561,"j":false,"c":{"p":[-436.803955078125,253.65035618313547,695.0490112304688],"r":[0.7945479656624497,3.761091583218818e-