{"v":1,"d":[{"t":0.06733059883117676,"c":{"r":[-0.020940661430358887,-5.995693186378048e-8,-0.9997807145118713,-3.97259753981416e-8,1,-5.913801359724857e-8,0.9997807145118713,3.847887342089962e-8,-0.020940661430358887],"p":[252.2059326171875,428.7987365722656,502.6552429199219]},"j":false},{"t":0.033333333333333326,"j":false,"c":{"p":[251.44311102142856,428.7852886725018,502.63923945172087],"r":[-0.020939687509460576,-7.92801331126137e-8,-0.9997807449468994,-5.2528895518427544e-8,1,-7.819730771072141e-8,0.9997807449468994,5.087989244176913e-8,-0.020939687509460576]}},{"t":0.06666666666666667,"j":false,"c":{"p":[252.19103548396836,428.79847394840255,502.65493038839537],"r":[-0.02094064241067008,-6.03342944146367e-8,-0.9997807151062366,-3.997600346195898e-8,1,-5.951022230902262e-8,0.9997807151062366,3.8721052763269935e-8,-0.02094064241067008]}},{"t":0.1,"j":false,"c":{"p":[252.9389599465082,428.81165922430336,502.67062132506993],"r":[-0.02094159731187958,-4.1388455716659683e-8,-0.9997806852655738,-2.742311140549042e-8,1,-4.0823136907323824e-8,0.9997806852655738,2.6562213084770735e-8,-0.02094159731187958]}},{"t":0.13333333333333333,"j":false,"c":{"p":[253.68688440904802,428.82484450020416,502.68631226174443],"r":[-0.020942552213089084,-2.2442617018682673e-8,-0.999780655424911,-1.4870219349021862e-8,1,-2.2136051505625042e-8,0.999780655424911,1.4403373406271538e-8,-0.020942552213089084]}},{"t":0.16666666666666666,"j":false,"c":{"p":[254.48126221725312,428.66967775246553,502.702875690859],"r":[-0.02094239118577001,2.9162345439481378e-8,-0.9997806845060968,1.932187080527074e-8,1,2.8764013835199433e-8,0.9997806845060968,-1.871525485191626e-8,-0.02094239118577001]}},{"t":0.19999999999999998,"j":false,"c":{"p":[255.27645381536027,428.51178652906435,502.7194545766057],"r":[-0.02094220817764445,8.09699989237739e-8,-0.9997807145118713,5.3648261469178166e-8,1,7.986400085774922e-8,0.9997807145118713,-5.1963966422479074e-8,-0.02094220817764445]}},{"t":0.2333333333333333,"j":false,"c":{"p":[256.07000470835567,428.4181629573209,502.73604725392397],"r":[-0.02094143373196884,3.577106961975227e-8,-0.9997807145118713,2.3700802293424182e-8,1,3.5282455720060836e-8,0.9997807145118713,-2.295670441080961e-8,-0.02094143373196884]}},{"t":0.26666666666666666,"j":false,"c":{"p":[256.8635729734017,428.3248452769198,502.7526405174378],"r":[-0.020940663086982673,-9.36594318170414e-9,-0.9997807145118713,-6.205633045087192e-9,1,-9.238018643012236e-9,0.9997807145118713,6.010821704118937e-9,-0.020940663086982673]}},{"t":0.3,"j":false,"c":{"p":[257.66339872526567,428.34171096463746,502.7694449310856],"r":[-0.02094126146657075,-3.220036728632267e-8,-0.9997807145118713,-2.133510697780742e-8,1,-3.176053912928376e-8,0.9997807145118713,2.0665308083329876e-8,-0.02094126146657075]}},{"t":0.3333333333333333,"j":false,"c":{"p":[258.46303414554785,428.359489864149,502.7862454351668],"r":[-0.020941855393707166,-5.425448172745559e-8,-0.9997807145118713,-3.594756866764097e-8,1,-5.351340844926209e-8,0.9997807145118713,3.481901370281801e-8,-0.020941855393707166]}},{"t":0.36666666666666664,"j":false,"c":{"p":[259.24484752117564,428.4627790148608,502.80267985984864],"r":[-0.020942032407415108,-3.242878241899473e-9,-0.9997807145118713,-2.1486464273322855e-9,1,-3.1985876587200713e-9,0.9997807145118713,2.081199909905415e-9,-0.020942032407415108]}},{"t":0.39999999999999997,"j":false,"c":{"p":[260.02666089680343,428.56606816557263,502.8191142845305],"r":[-0.02094220942112305,4.7768725243656615e-8,-0.9997807145118713,3.1650275812976387e-8,1,4.711623313182193e-8,0.9997807145118713,-3.065661388300717e-8,-0.02094220942112305]}},{"t":0.4333333333333333,"j":false,"c":{"p":[260.86762087414354,428.6867633475102,502.83671555300236],"r":[-0.020942153138105057,3.6474530892743626e-8,-0.9997807145118713,2.4167007201935364e-8,1,3.597631228685108e-8,0.9997807145118713,-2.3408283777323834e-8,-0.020942153138105057]}},{"t":0.4666666666666666,"j":false,"c":{"p":[261.7091646115039,428.8076303219911,502.8543283378883],"r":[-0.02094209455251519,2.4565396160536658e-8,-0.9997807145118713,1.6276295189729508e-8,1,2.422985074156124e-8,0.9997807145118713,-1.5765301882732894e-8,-0.02094209455251519]}},{"t":0.49999999999999994,"j":false,"c":{"p":[262.5081489949982,428.8693672813038,502.8711298261452],"r":[-0.020941977098793654,-2.691465914383145e-8,-0.9997807145118713,-1.7833127609929674e-8,1,-2.654702483638755e-8,0.9997807145118713,1.727327498542186e-8,-0.020941977098793654]}},{"t":0.5333333333333333,"j":false,"c":{"p":[263.30658294109895,428.9303394881364,502.8879208215736],"r":[-0.020941858883706685,-7.890650122120497e-8,-0.9997807145118713,-5.228164763533581e-8,1,-7.782869659693745e-8,0.9997807145118713,5.064030338849531e-8,-0.020941858883706685]}},{"t":0.5666666666666667,"j":false,"c":{"p":[264.0482282778283,428.95612217132503,502.90354495801256],"r":[-0.020941799157203206,-3.317357218886466e-8,-0.9997807145118713,-2.1980022709276898e-8,1,-3.272044574416491e-8,0.9997807145118713,2.1289974323659295e-8,-0.020941799157203206]}},{"t":0.6,"j":false,"c":{"p":[264.7890770916943,428.9814112826435,502.91915272796757],"r":[-0.0209417402510666,1.3930054512666285e-8,-0.9997807145118713,9.229794395253199e-9,1,1.373978005579087e-8,0.9997807145118713,-8.940034833776237e-9,-0.0209417402510666]}},{"t":0.6333333333333333,"j":false,"c":{"p":[265.6465983039259,428.987798638397,502.9372142152927],"r":[-0.020941272474310515,4.5823031089430625e-8,-0.9997807145118713,3.0361380951679294e-8,1,4.5197143592891055e-8,0.9997807145118713,-2.940825153850652e-8,-0.020941272474310515]}},{"t":0.6666666666666666,"j":false,"c":{"p":[266.5086712476889,428.99344858137755,502.9553714293097],"r":[-0.020940788746315605,7.712259571309895e-8,-0.9997807145118713,5.1099786255217015e-8,1,7.606920158917574e-8,0.9997807145118713,-4.9495632166043376e-8,-0.020940788746315605]}},{"t":0.7,"j":false,"c":{"p":[267.2604944604855,428.9885788216598,502.9712071714304],"r":[-0.02094096180246997,1.058701747835018e-8,-0.9997807145118713,7.0145429897540084e-9,1,1.044242112930494e-8,0.9997807145118713,-6.794341732364341e-9,-0.02094096180246997]}},{"t":0.7333333333333333,"j":false,"c":{"p":[268.01130995652176,428.98361290859435,502.9870216945774],"r":[-0.020941140861835312,-5.6842804328273024e-8,-0.9997807145118713,-3.766320854364464e-8,1,-5.606638866544041e-8,0.9997807145118713,3.6480856643211265e-8,-0.020941140861835312]}},{"t":0.7666666666666666,"j":false,"c":{"p":[268.84631712443183,428.88110253381376,503.00218450812383],"r":[-0.010625596004108806,-3.567497623628368e-8,-0.9998887338347388,-2.4117242579076147e-8,1,-3.527806871229126e-8,0.9998887338347388,2.3512818427978354e-8,-0.010625596004108806]}},{"t":0.7999999999999999,"j":false,"c":{"p":[269.68185944262495,428.77797213397446,503.0173431791872],"r":[-0.00024448097238893157,-1.3943991998788074e-8,-0.999997439764368,-1.0201187290911355e-8,1,-1.3934859152489545e-8,0.999997439764368,1.0187279484842145e-8,-0.00024448097238893157]}},{"t":0.8333333333333333,"j":false,"c":{"p":[270.4779662064577,428.63475063283,503.0110796187146],"r":[0.010326454091164812,3.423706853828302e-8,-0.9998918513765966,2.027005986563602e-8,1,3.4775557646053384e-8,0.9998918513765966,-2.1135467393391803e-8,0.010326454091164812]}},{"t":0.8666666666666666,"j":false,"c":{"p":[271.27312178416474,428.4905621337582,503.004299353716],"r":[0.020901967616556043,8.305610528769771e-8,-0.9997810942068757,5.114061848288349e-8,1,8.414607186809126e-8,0.9997810942068757,-5.289230718013574e-8,0.020901967616556043]}},{"t":0.8999999999999999,"j":false,"c":{"p":[272.02511581334977,428.4853907793337,502.9630148907996],"r":[0.04887161431363467,3.959954837462371e-8,-0.9984147440185542,2.4469890013366664e-8,1,4.005246703304562e-8,0.9984147440185542,-2.5191646188549224e-8,0.04887161431363467]}},{"t":0.9333333333333332,"j":false,"c":{"p":[272.7771707258697,428.4810394467625,502.92146341096077],"r":[0.07671965658664703,-4.094033584928298e-9,-0.9970527291297913,-2.351345153299448e-9,1,-4.2870630398494235e-9,0.9970527291297913,2.6733169720464965e-9,0.07671965658664703]}},{"t":0.9666666666666666,"j":false,"c":{"p":[273.5631851626257,428.5155615717909,502.86100076197954],"r":[0.07671965658664703,-2.8758102921302604e-8,-0.9970527291297913,-1.7700428282034827e-8,1,-3.020509668018517e-8,0.9970527291297913,1.9965585568727436e-8,0.07671965658664703]}},{"t":0.9999999999999999,"j":false,"c":{"p":[274.3491995993817,428.5500836968193,502.8005381129983],"r":[0.07671965658664703,-5.342217225767691e-8,-0.9970527291297913,-3.304951141077021e-8,1,-5.612313032052091e-8,0.9970527291297913,3.725785416540837e-8,0.07671965658664703]}},{"t":1.0333333333333332,"j":false,"c":{"p":[275.1553730104646,428.5907492358558,502.73710865856765],"r":[0.09051538377421688,-7.720897858150007e-9,-0.9957971947966484,-5.005774023207617e-9,1,-7.746859414560868e-9,0.9957971947966484,5.03685530686668e-9,0.09051538377421688]}},{"t":1.0666666666666667,"j":false,"c":{"p":[275.962123153414,428.63148918291654,502.67333638775875],"r":[0.10472556168999687,3.920183322759805e-8,-0.9944927888108404,2.3789649634592277e-8,1,4.1923620206232356e-8,0.9944927888108404,-2.8049112458995333e-8,0.10472556168999687]}},{"t":1.1,"j":false,"c":{"p":[276.80259840717116,428.6612767112012,502.5505696536142],"r":[0.1461558882958144,3.801597264344442e-8,-0.9883748683202312,2.2590690040185497e-8,1,4.17524012995803e-8,0.9883748683202312,-2.8430671429726693e-8,0.1461558882958144]}},{"t":1.1333333333333335,"j":false,"c":{"p":[277.64250385580823,428.69102509592864,502.42756334576893],"r":[0.18763091393720155,3.654266210531192e-8,-0.9822260399499532,2.1243320959743624e-8,1,4.123728342120789e-8,0.9822260399499532,-2.8572018227488342e-8,0.18763091393720155]}},{"t":1.166666666666667,"j":false,"c":{"p":[278.36694027219875,428.71284117447715,502.2560082579898],"r":[0.2381640441789441,-2.318138510595377e-8,-0.9698138369128834,-1.0178715975613084e-8,1,-2.8967768884206488e-8,0.9698138369128834,1.9964799085250888e-8,0.2381640441789441]}},{"t":1.2000000000000004,"j":false,"c":{"p":[279.09137668858926,428.7346572530256,502.08445317021057],"r":[0.28869717442068665,-8.290543231721947e-8,-0.9574016338758137,-4.160075291096979e-8,1,-9.917282118962087e-8,0.9574016338758137,6.850161639799011e-8,0.28869717442068665]}},{"t":1.2333333333333338,"j":false,"c":{"p":[279.8566548444653,428.771417885424,501.8431874733053],"r":[0.29900277041293083,-4.052913230151791e-8,-0.9541947858796004,-1.8461030577350477e-8,1,-4.7844176246921597e-8,0.9541947858796004,3.1475543332881725e-8,0.29900277041293083]}},{"t":1.2666666666666673,"j":false,"c":{"p":[280.6222999755662,428.80825493224347,501.601409491755],"r":[0.3090170330106826,2.5200266138474685e-9,-0.9510564802100906,5.037815712547575e-9,1,4.286598669657692e-9,0.9510564802100906,-6.115879644911436e-9,0.3090170330106826]}},{"t":1.3000000000000007,"j":false,"c":{"p":[281.43024612711093,428.83445158113784,501.33892425728845],"r":[0.30901731610365507,4.0939987583324274e-8,-0.9510563908123097,2.5860887300045397e-8,1,5.144958658115132e-8,0.9510563908123097,-4.0493986096744147e-8,0.30901731610365507]}},{"t":1.3333333333333341,"j":false,"c":{"p":[282.23801371398235,428.86063660314034,501.0765049604729],"r":[0.30900416706289724,7.917018578247172e-8,-0.9510605623328611,4.657269263826659e-8,1,9.837739032610192e-8,0.9510605623328611,-7.469404953730059e-8,0.30900416706289724]}},{"t":1.3666666666666676,"j":false,"c":{"p":[282.9569046308623,428.8810345933892,500.8469046907141],"r":[0.3023054665371795,2.2950105535086715e-8,-0.9531855129830782,1.190415014725685e-8,1,2.8247406720829252e-8,0.9531855129830782,-2.0277088883426312e-8,0.3023054665371795]}},{"t":1.400000000000001,"j":false,"c":{"p":[283.676950302999,428.9011227903888,500.6171539082868],"r":[0.2954832736052773,-3.2416768792084614e-8,-0.95534448190384,-2.2220469609964844e-8,1,-4.0805301834882684e-8,0.95534448190384,3.3285697263918304e-8,0.2954832736052773]}},{"t":1.4333333333333345,"j":false,"c":{"p":[284.4719377915274,428.901105888348,500.3776350882605],"r":[0.2806466159838434,-3.2411908680485084e-8,-0.959711183563013,-2.104535168723805e-8,1,-3.994453868513247e-8,0.959711183563013,3.141388923019702e-8,0.2806466159838434]}},{"t":1.466666666666668,"j":false,"c":{"p":[285.2638326525794,428.8854708032504,500.14533993039856],"r":[0.2660540285200337,-2.370903982827437e-8,-0.9639197654404594,-1.4142484191100424e-8,1,-2.8719299394809117e-8,0.9639197654404594,2.1489477834892875e-8,0.2660540285200337]}},{"t":1.5000000000000013,"j":false,"c":{"p":[286.04406657960493,428.8109464391723,499.94028201613315],"r":[0.2523817219589927,1.7790183211665253e-8,-0.967532147369132,1.4357200382389899e-8,1,2.1585807554122383e-8,0.967532147369132,-1.87977487581815e-8,0.2523817219589927]}},{"t":1.5333333333333348,"j":false,"c":{"p":[286.8137797830842,428.7368431479175,499.7424690329805],"r":[0.23949885861318151,4.68331661708992e-8,-0.9708729811589821,3.403713724478673e-8,1,5.668873067703581e-8,0.9708729811589821,-4.6674209824053634e-8,0.23949885861318151]}},{"t":1.5666666666666682,"j":false,"c":{"p":[287.5492484233287,428.66411043301696,499.56823803071876],"r":[0.22918560352535292,3.533155167548003e-8,-0.9733299358724199,2.5009123852452647e-8,1,4.230911174359686e-8,0.9733299358724199,-3.415409141295137e-8,0.22918560352535292]}},{"t":1.6000000000000016,"j":false,"c":{"p":[288.30414034364094,428.6036751532558,499.39220606685564],"r":[0.22056957430984825,1.2492385127971719e-8,-0.9753681448393544,7.937709571353552e-9,1,1.4687721825875923e-8,0.9753681448393544,-1.106733986930993e-8,0.22056957430984825]}},{"t":1.633333333333335,"j":false,"c":{"p":[289.1144255325251,428.5783109389916,499.21103793910453],"r":[0.21679386497053318,-4.268035554183096e-8,-0.9762121324637315,-3.2072686390918e-8,1,-5.0697885769843114e-8,0.9762121324637315,4.215440148909409e-8,0.21679386497053318]}},{"t":1.6666666666666685,"j":false,"c":{"p":[289.89675326326847,428.57814494391846,499.0373894728298],"r":[0.21473553776741028,-5.4918063912983686e-8,-0.9766722321510315,-4.04881962649572e-8,1,-6.513169794545908e-8,0.9766722321510315,5.352978984924055e-8,0.21473553776741028]}},{"t":1.700000000000002,"j":false,"c":{"p":[290.6455732525439,428.60817967059404,498.8727535166125],"r":[0.21473553776741028,-1.5697018239321573e-8,-0.9766722321510315,-1.1036412573703977e-8,1,-1.8498456754790528e-8,0.9766722321510315,1.4751234650398576e-8,0.21473553776741028]}},{"t":1.7333333333333354,"j":false,"c":{"p":[291.4076843423426,428.654112629554,498.7051817773064],"r":[0.2147356832273518,2.416853089563179e-8,-0.9766722023130948,1.8899408411365717e-8,1,2.8901116575507112e-8,0.9766722023130948,-2.4664637388206522e-8,0.2147356832273518]}},{"t":1.7666666666666688,"j":false,"c":{"p":[292.1829297055941,428.7157562311258,498.53470889540347],"r":[0.21473597243089412,6.467097873487588e-8,-0.9766721429892912,4.9313555338459775e-8,1,7.705797978258564e-8,0.9766721429892912,-6.471030630742816e-8,0.21473597243089412]}},{"t":1.8000000000000023,"j":false,"c":{"p":[292.96575277891225,428.7440032872734,498.36259435587004],"r":[0.21473603323077162,5.566892517450587e-8,-0.9766721278429463,4.218931557261656e-8,1,6.627454336535208e-8,0.9766721278429463,-5.54366699538704e-8,0.21473603323077162]}},{"t":1.8333333333333357,"j":false,"c":{"p":[293.75635320019273,428.7379739522395,498.1887949085591],"r":[0.2147358596095955,-4.141846283534587e-9,-0.9766721580379335,-3.4622751591326222e-9,1,-5.0019991684736525e-9,0.9766721580379335,4.4556091022128105e-9,0.2147358596095955]}},{"t":1.8666666666666691,"j":false,"c":{"p":[294.5553729607957,428.7102552864427,498.01315353654115],"r":[0.21473577618598938,-3.246477320642245e-8,-0.9766721725463867,-2.498599126639479e-8,1,-3.873373316258491e-8,0.9766721725463867,3.272064206103683e-8,0.21473577618598938]}},{"t":1.9000000000000026,"j":false,"c":{"p":[295.3621797565432,428.66247618900866,497.8358085709421],"r":[0.21473577618598938,-3.1664636831166044e-8,-0.9766721725463867,-2.4193869935049034e-8,1,-3.7740326336144466e-8,0.9766721725463867,3.173367941221669e-8,0.21473577618598938]}},{"t":1.933333333333336,"j":false,"c":{"p":[296.1253421485948,428.65556858087365,497.6680391217768],"r":[0.21473577618598938,-4.114431738289982e-9,-0.9766721725463867,-2.915496316833497e-9,1,-4.853720100029411e-9,0.9766721725463867,3.889752863719507e-9,0.21473577618598938]}},{"t":1.9666666666666694,"j":false,"c":{"p":[296.8704008532057,428.66561445599996,497.5042415943684],"r":[0.21473577618598938,3.4531694986591124e-8,-0.9766721725463867,2.686056948707967e-8,1,4.1262177057890397e-8,0.9766721725463867,-3.5094435410838865e-8,0.21473577618598938]}},{"t":2.0000000000000027,"j":false,"c":{"p":[297.6416067971239,428.72835745723194,497.33472562897043],"r":[0.21473564217292063,3.747746880876996e-8,-0.9766721948818982,2.903752027272917e-8,1,4.475694141348692e-8,0.9766721948818982,-3.797105045736613e-8,0.21473564217292063]}},{"t":2.033333333333336,"j":false,"c":{"p":[298.4217916549159,428.80919655461895,497.1632459624874],"r":[0.2147354621400106,2.81638071239607e-8,-0.9766722248873831,2.1736985736637247e-8,1,3.361568717708499e-8,0.9766722248873831,-2.8448391286371854e-8,0.2147354621400106]}},{"t":2.066666666666669,"j":false,"c":{"p":[299.2292851776171,428.8194295009645,497.0081592392393],"r":[0.165779676472676,-8.36571089612978e-9,-0.9840761256546698,-7.004142403716208e-9,1,-6.95275365045507e-9,0.9840761256546698,5.270877167648902e-9,0.165779676472676]}},{"t":2.1000000000000023,"j":false,"c":{"p":[300.04550097462356,428.8071111355168,496.85830835406836],"r":[0.101187673416351,-5.358786054790306e-8,-0.9938447920346224,-4.259330721322464e-8,1,-5.692011582157797e-8,0.9938447920346224,4.671844226763783e-8,0.101187673416351]}},{"t":2.1333333333333355,"j":false,"c":{"p":[300.80776017400393,428.6753813980563,496.8006527841072],"r":[0.052724755566442294,-3.617249297387045e-8,-0.9977901860500991,-2.7418786234498335e-8,1,-3.908253928737388e-8,0.9977901860500991,3.1018539478326914e-8,0.052724755566442294]}},{"t":2.1666666666666687,"j":false,"c":{"p":[301.54995413205296,428.49924526540826,496.77728257183554],"r":[0.010259880613251962,4.536354078766542e-9,-0.9995700364532507,6.633604199108069e-9,1,3.970164190429181e-9,0.9995700364532507,-5.933217303453323e-9,0.010259880613251962]}},{"t":2.200000000000002,"j":false,"c":{"p":[302.2991113204606,428.60669327510874,496.77575306767363],"r":[-0.0052298195814884105,3.473513929014444e-8,-0.9999634883283407,3.118879146177724e-8,1,3.443192955040858e-8,0.9999634883283407,-3.0831414124971466e-8,-0.0052298195814884105]}},{"t":2.233333333333335,"j":false,"c":{"p":[303.05048642454597,428.80446799853917,496.78118022678905],"r":[-0.012127435366845303,6.158627840482186e-8,-0.9999153470243385,5.271894655955949e-8,1,6.08832518244622e-8,0.9999153470243385,-5.18903325900187e-8,-0.012127435366845303]}},{"t":2.2666666666666684,"j":false,"c":{"p":[303.7253690558055,429.18277949756515,496.7893096708982],"r":[-0.01396148931235075,2.1208358991197024e-8,-0.9999025464057922,1.7471690759803138e-8,1,2.096647516934843e-8,0.9999025464057922,-1.7177262874097727e-8,-0.01396148931235075]}},{"t":2.3000000000000016,"j":false,"c":{"p":[304.3725456323106,429.62648255219216,496.798417899628],"r":[-0.01396148931235075,-4.352034825640569e-8,-0.9999025464057922,-3.834070036676293e-8,1,-4.2989244337958576e-8,0.9999025464057922,3.773677173711697e-8,-0.01396148931235075]}},{"t":2.333333333333335,"j":false,"c":{"p":[305.06477889645913,430.0561925266172,496.8081241146326],"r":[-0.01396148931235075,-4.192437772604356e-8,-0.9999025464057922,-3.648322179278647e-8,1,-4.141905448524197e-8,0.9999025464057922,3.590139537364709e-8,-0.01396148931235075]}},{"t":2.366666666666668,"j":false,"c":{"p":[305.77198483789584,430.4812524949036,496.8180290449886],"r":[-0.01396148931235075,-1.8288216303852384e-8,-0.9999025464057922,-1.5461610357705486e-8,1,-1.8074110513246137e-8,0.9999025464057922,1.5207761529181947e-8,-0.01396148931235075]}},{"t":2.4000000000000012,"j":false,"c":{"p":[306.4903733504704,430.7765428138655,496.8244669294857],"r":[-0.0035901749655297566,1.7932018206584127e-8,-0.9999025242687403,1.6414991533014063e-8,1,1.8340261503212802e-8,0.9999025242687403,-1.6882181901380907e-8,-0.0035901749655297566]}},{"t":2.4333333333333345,"j":false,"c":{"p":[307.21259319496716,431.0273719267361,496.8297169473187],"r":[0.010334521447225502,5.8463762148984146e-8,-0.999902494547172,5.201069084196747e-8,1,5.923243350453563e-8,0.999902494547172,-5.2876687545265066e-8,0.010334521447225502]}},{"t":2.4666666666666677,"j":false,"c":{"p":[307.98216619716135,431.244902870487,496.822949040568],"r":[0.016569683926428217,4.1954602921096767e-8,-0.9998569950724987,3.7015817970967556e-8,1,4.2465771458358784e-8,0.9998569950724987,-3.7596087085349196e-8,0.016569683926428217]}},{"t":2.500000000000001,"j":false,"c":{"p":[308.7684304229829,431.4506967471829,496.8119450094169],"r":[0.02009440983253417,5.339446183970165e-9,-0.9997954682439117,4.1885851318145745e-9,1,5.37530124449254e-9,0.9997954682439117,-4.241839500119305e-9,0.02009440983253417]}},{"t":2.533333333333334,"j":true,"c":{"p":[309.5154113323726,431.5959584853146,496.7963631401122],"r":[0.024870485306620574,-4.7424467869542274e-8,-0.9996846848212102,-4.245275323964565e-8,1,-4.861717400934774e-8,0.9996846848212102,4.3783107980320305e-8,0.024870485306620574]}},{"t":2.5666666666666673,"j":true,"c":{"p":[310.30581523044043,432.4463017555108,496.77637422933213],"r":[0.02792172929129074,-1.0956305022689254e-7,-0.9996101260185242,-9.707325654087007e-8,1,-1.1231729626330923e-7,0.9996101260185242,1.0017150499623262e-7,0.02792172929129074]}},{"t":2.6000000000000005,"j":false,"c":{"p":[311.1516916591519,434.0083437146545,496.75287425780465],"r":[0.027922127290466496,-7.079495553020959e-8,-0.9996101035105527,-6.235040764022266e-8,1,-7.256418441264321e-8,0.9996101035105527,6.435222388119406e-8,0.027922127290466496]}},{"t":2.6333333333333337,"j":false,"c":{"p":[311.9565585362431,435.4211834501002,496.73051599144367],"r":[0.027922598728695378,-2.8715298583226837e-8,-0.9996100735184587,-2.4725995043499444e-8,1,-2.941717340320675e-8,0.9996100735184587,2.553774900117366e-8,0.027922598728695378]}},{"t":2.666666666666667,"j":false,"c":{"p":[312.79261898055313,436.525910446986,496.707291888127],"r":[0.027922631183642896,1.4875119956243923e-8,-0.9996100664138794,1.4249257511046036e-8,1,1.5278953513242193e-8,0.9996100664138794,-1.4670325250824984e-8,0.027922631183642896]}},{"t":2.7,"j":false,"c":{"p":[313.638362309651,437.53499528380087,496.68379901787426],"r":[0.027922527372529295,5.893449834052065e-8,-0.9996100664138794,5.364382817648866e-8,1,6.045594594742159e-8,0.9996100664138794,-5.5310990686273255e-8,0.027922527372529295]}},{"t":2.7333333333333334,"j":false,"c":{"p":[314.4141385621687,438.1513288881612,496.6622496775266],"r":[0.027922603260042932,7.518170650843572e-8,-0.9996100664138794,6.80150869402521e-8,1,7.711093604362128e-8,0.9996100664138794,-7.014170391642528e-8,0.027922603260042932]}},{"t":2.7666666666666666,"j":false,"c":{"p":[315.1670310707331,438.6392075236967,496.6413359967331],"r":[0.027922737920590624,8.233254230912804e-8,-0.9996100664138794,7.420210976888081e-8,1,8.443739291473552e-8,0.9996100664138794,-7.653089912719312e-8,0.027922737920590624]}},{"t":2.8,"j":false,"c":{"p":[315.9535819895946,438.82826323013234,496.61948736009805],"r":[0.02792260386718392,3.8362054931579693e-8,-0.9996100664138794,3.4338681523786535e-8,1,3.933622960362325e-8,0.9996100664138794,-3.5423674738534157e-8,0.02792260386718392]}},{"t":2.833333333333333,"j":false,"c":{"p":[316.75066228156544,438.92383804765063,496.5973462408767],"r":[0.027922385751890145,-2.1600735137497483e-8,-0.9996100664138794,-1.9930726591677786e-8,1,-2.216588578041081e-8,0.9996100664138794,2.05418723963796e-8,0.027922385751890145]}},{"t":2.8666666666666663,"j":false,"c":{"p":[317.5456354927351,438.69230007566586,496.5752636516775],"r":[0.027922376970722602,-5.251608948782115e-8,-0.9996100664138794,-4.783641413889839e-8,1,-5.387280153639107e-8,0.9996100664138794,4.932201957050693e-8,0.027922376970722602]}},{"t":2.8999999999999995,"j":false,"c":{"p":[318.33992449480206,438.3545423763551,496.55320006828674],"r":[0.027922436164316434,-7.39991904974778e-8,-0.9996100664138794,-6.718130155870246e-8,1,-7.590465082699968e-8,0.9996100664138794,6.927455173309823e-8,0.027922436164316434]}},{"t":2.9333333333333327,"j":false,"c":{"p":[319.17462624623715,437.6460155946588,496.53001390852467],"r":[0.027922451496124268,-4.636848909954854e-8,-0.9996100664138794,-4.194113768242109e-8,1,-4.7558130584915025e-8,0.9996100664138794,4.325272545107506e-8,0.027922451496124268]}},{"t":2.966666666666666,"j":false,"c":{"p":[320.0234542009986,436.8078871519322,496.50643535422574],"r":[0.027922451496124268,-1.57014704888346e-9,-0.9996100664138794,-1.116349899749489e-9,1,-1.6019425425130401e-9,0.9996100664138794,1.1606454658830125e-9,0.027922451496124268]}},{"t":2.999999999999999,"j":false,"c":{"p":[320.8383891118656,435.66978475681714,496.48379827336834],"r":[0.027922451496124268,4.132914481640722e-8,-0.9996100664138794,3.797785444041957e-8,1,4.2406114316301875e-8,0.9996100664138794,-3.914712714298454e-8,0.027922451496124268]}},{"t":3.0333333333333323,"j":false,"c":{"p":[321.6413360539823,434.42558158248755,496.4614941916428],"r":[0.027922451496124268,8.355674268016395e-8,-0.9996100664138794,7.645995146165868e-8,1,8.572511722578229e-8,0.9996100664138794,-7.882379027891646e-8,0.027922451496124268]}},{"t":3.0666666666666655,"j":true,"c":{"p":[322.337296990873,433.2396295387086,496.4421427378907],"r":[0.027922451496124268,7.660942989527962e-8,-0.9996100664138794,7.001291800431039e-8,1,7.85950106909463e-8,0.9996100664138794,-7.21801822294452e-8,0.027922451496124268]}},{"t":3.0999999999999988,"j":false,"c":{"p":[323.03920389300015,432.70863404777185,496.4225480122782],"r":[0.027922451496124268,9.839993385827996e-9,-0.9996100664138794,8.878420844526593e-9,1,1.0091836790473443e-8,0.9996100664138794,-9.156747160290162e-9,0.027922451496124268]}},{"t":3.133333333333332,"j":true,"c":{"p":[323.74021618380414,433.41217760526246,496.4029880844916],"r":[0.027922451496124268,-6.937388043368167e-8,-0.9996100664138794,-6.362833431708175e-8,1,-7.117829051430253e-8,0.9996100664138794,6.559100372013364e-8,0.027922451496124268]}},{"t":3.166666666666665,"j":false,"c":{"p":[324.6450926504537,435.1522534815109,496.37783061759035],"r":[0.027922451496124268,-7.754219952280873e-8,-0.9996100664138794,-7.103418395013196e-8,1,-7.955666300431654e-8,0.9996100664138794,7.322790988683444e-8,0.027922451496124268]}},{"t":3.1999999999999984,"j":false,"c":{"p":[325.4664590094121,436.4462818966218,496.3550101989573],"r":[0.027922451496124268,-6.065417894429109e-8,-0.9996100664138794,-5.5491541534605474e-8,1,-6.222789870836695e-8,0.9996100664138794,5.7207464340489874e-8,0.027922451496124268]}},{"t":3.2333333333333316,"j":false,"c":{"p":[326.26016449156236,437.59609184732614,496.33296282445315],"r":[0.027922451496124268,-3.654328440967983e-8,-0.9996100664138794,-3.333392661427649e-8,1,-3.748866620931245e-8,0.9996100664138794,3.436770695132355e-8,0.027922451496124268]}},{"t":3.266666666666665,"j":false,"c":{"p":[327.04935887002716,438.4232535367047,496.31104075838465],"r":[0.027922451496124268,-1.2629609397983174e-8,-0.9996100664138794,-1.1357536187319304e-8,1,-1.2951789895187043e-8,0.9996100664138794,1.17147543259422e-8,0.027922451496124268]}},{"t":3.299999999999998,"j":false,"c":{"p":[327.83693744595837,439.1348479692735,496.2891635757199],"r":[0.027922451496124268,1.1213424851048504e-8,-0.9996100664138794,1.055394263131348e-8,1,1.1512605789119798e-8,0.9996100664138794,-1.0871287930789008e-8,0.027922451496124268]}},{"t":3.3333333333333313,"j":false,"c":{"p":[328.612043124908,439.5484487952172,496.2676328624157],"r":[0.027922451496124268,3.462445200481613e-8,-0.9996100664138794,3.206842401649457e-8,1,3.553373586088764e-8,0.9996100664138794,-3.304811068483995e-8,0.027922451496124268]}},{"t":3.3666666666666645,"j":false,"c":{"p":[329.3819354242959,439.83749525495284,496.2462469652105],"r":[0.027922451496124268,5.785491028478324e-8,-0.9996100664138794,5.341696974865995e-8,1,5.9369591261641695e-8,0.9996100664138794,-5.5053889246454604e-8,0.027922451496124268]}},{"t":3.3999999999999977,"j":false,"c":{"p":[330.17748980100794,439.8146695977554,496.22176366271793],"r":[0.033211782306675854,8.139854868449773e-8,-0.9994255214024325,7.534222881947061e-8,1,8.409892166831004e-8,0.9994255214024325,-7.825005629315323e-8,0.033211782306675854]}},{"t":3.433333333333331,"j":false,"c":{"p":[330.9812647333673,439.69193924228586,496.19628814154385],"r":[0.04019549029940971,1.050425107863627e-7,-0.9991818594879819,9.745223147253394e-8,1,1.0911446666754106e-7,0.9991818594879819,-1.0182755080060269e-7,0.04019549029940971]}},{"t":3.466666666666664,"j":false,"c":{"p":[331.8085444315291,439.20488275995535,496.15364868448535],"r":[0.05748339727239696,8.193757303378587e-8,-0.9981429121842498,7.624259250614511e-8,1,8.575142452464211e-8,0.9981429121842498,-8.03190829353868e-8,0.05748339727239696]}},{"t":3.4999999999999973,"j":false,"c":{"p":[332.6429388760517,438.60754702587553,496.1058138108293],"r":[0.07789032116357555,4.4682034168763235e-8,-0.9968632369414789,4.192036755806223e-8,1,4.7744485067292565e-8,0.9968632369414789,-4.5163374786596404e-8,0.07789032116357555]}},{"t":3.5333333333333306,"j":false,"c":{"p":[333.45232341535984,437.6938027719935,496.0261257161469],"r":[0.1062560442699465,-1.2661215490643698e-8,-0.9938813883399077,-1.2420795005060453e-8,1,-1.609068042982133e-8,0.9938813883399077,1.5953058325278005e-8,0.1062560442699465]}},{"t":3.5666666666666638,"j":false,"c":{"p":[334.25263362353786,436.6652561765402,495.9348803335548],"r":[0.13750945442902412,-7.729287899377865e-8,-0.9902819410482867,-7.402541847438919e-8,1,-8.929708798403317e-8,0.9902819410482867,8.648880801089824e-8,0.13750945442902412]}},{"t":3.599999999999997,"j":false,"c":{"p":[335.0068561121932,435.58183026689755,495.83044703826243],"r":[0.14565193863773826,-7.423161134907697e-8,-0.9893358311133819,-7.083165114204424e-8,1,-8.545013959711358e-8,0.9893358311133819,8.251383695326502e-8,0.14565193863773826]}},{"t":3.63333333333333,"j":false,"c":{"p":[335.74553252097405,434.4798927404798,495.72156526197904],"r":[0.14599876047655036,-4.8336501512549855e-8,-0.9892847317129242,-4.578041354270325e-8,1,-5.5611937174113126e-8,0.9892847317129242,5.340528089345545e-8,0.14599876047655036]}},{"t":3.6666666666666634,"j":true,"c":{"p":[336.50347619873315,434.33945700236075,495.6097301976472],"r":[0.14608320191732993,-2.1009265999183492e-8,-0.9892722964286804,-1.9296978517011104e-8,1,-2.4086624087864437e-8,0.9892722964286804,2.2608616958089532e-8,0.14608320191732993]}},{"t":3.6999999999999966,"j":true,"c":{"p":[337.22258787084075,435.42558592741375,495.50359311312405],"r":[0.1460832485690378,4.907630336787097e-9,-0.9892722964286804,5.832991231344741e-9,1,5.8221916748841354e-9,0.9892722964286804,-6.620941686265827e-9,0.1460832485690378]}},{"t":3.73333333333333,"j":false,"c":{"p":[338.13307213543163,437.1211107577961,495.36911673617163],"r":[0.1460832621585369,3.634143176331362e-8,-0.9892722964286804,3.63124850027092e-8,1,4.2097689269649194e-8,0.9892722964286804,-4.2072701921866174e-8,0.1460832621585369]}},{"t":3.766666666666663,"j":false,"c":{"p":[338.92309687368095,438.49523899926237,495.2523874206918],"r":[0.14608321753687506,6.355391542363752e-8,-0.9892722964286804,6.269884333168006e-8,1,7.3501668526685e-8,0.9892722964286804,-7.276358777926061e-8,0.14608321753687506]}},{"t":3.7999999999999963,"j":false,"c":{"p":[339.6798068777912,439.51715362577744,495.1405836314693],"r":[0.14608320040229225,8.521879685848178e-8,-0.9892722964286804,8.367144040824339e-8,1,9.849845173567662e-8,0.9892722964286804,-9.716280724309022e-8,0.14608320040229225]}},{"t":3.8333333333333295,"j":false,"c":{"p":[340.4248159261352,440.4153621494133,495.0305098084722],"r":[0.14608319292184913,1.0493522365526834e-7,-0.9892722964286804,1.0274259109538418e-7,1,1.2124486976898598e-7,0.9892722964286804,-1.1935223839344835e-7,0.14608319292184913]}},{"t":3.8666666666666627,"j":false,"c":{"p":[341.2292449405038,441.0454991427902,494.9116567862999],"r":[0.14608320742880537,5.838283835059061e-8,-0.9892722964286804,5.701131505597368e-8,1,6.743465147058908e-8,0.9892722964286804,-6.625078484910705e-8,0.14608320742880537]}},{"t":3.899999999999996,"j":false,"c":{"p":[342.05368675935915,441.58534892325747,494.7898469062161],"r":[0.14608322934117693,-1.0489061233363842e-8,-0.9892722964286804,-1.0545592721644565e-8,1,-1.2160047997663552e-8,0.9892722964286804,1.220884130695654e-8,0.14608322934117693]}},{"t":3.933333333333329,"j":false,"c":{"p":[342.83308448261965,441.7992278142307,494.6616684134545],"r":[0.1708658379448627,-4.2608217356128167e-8,-0.9847322822520818,-4.451962113635108e-8,1,-5.175033225467717e-8,0.9847322822520818,5.327597675185932e-8,0.1708658379448627]}},{"t":3.9666666666666623,"j":false,"c":{"p":[343.5939003002229,441.8786349118291,494.530862696006],"r":[0.20587193270714077,-5.9565874449517114e-8,-0.9783193896438487,-6.463980505092982e-8,1,-7.483771508784457e-8,0.9783193896438487,7.891770015311832e-8,0.20587193270714077]}},{"t":3.9999999999999956,"j":false,"c":{"p":[344.36216298776424,441.6384039629456,494.3488166592179],"r":[0.2449473458416385,-3.417329973376515e-8,-0.9686812926960038,-4.993823132687019e-8,1,-4.6436640755261664e-8,0.9686812926960038,5.83073244954496e-8,0.2449473458416385]}},{"t":4.033333333333329,"j":false,"c":{"p":[345.1327104326735,441.30010558602345,494.15104969563515],"r":[0.2852712573668193,4.212654074595427e-9,-0.9580536780797655,-2.4553072688592673e-8,1,-2.2385090213604802e-9,0.9580536780797655,2.3506446655645934e-8,0.2852712573668193]}},{"t":4.066666666666662,"j":false,"c":{"p":[345.888900958536,440.63445322104394,493.9052210770614],"r":[0.32003723998774036,4.5842743873693266e-8,-0.9467958827834195,-2.1625438254891283e-9,1,4.9008359899972384e-8,0.9467958827834195,-1.5076316940445637e-8,0.32003723998774036]}},{"t":4.099999999999995,"j":false,"c":{"p":[346.64042137164904,439.8623170047431,493.6437586482669],"r":[0.35299530305769505,8.852810749595076e-8,-0.9353330981840735,1.9253872231980335e-8,1,1.0254808826414822e-7,0.9353330981840735,-5.488927712884591e-8,0.35299530305769505]}},{"t":4.133333333333328,"j":false,"c":{"p":[347.4189495530907,438.92257274477197,493.3455623022056],"r":[0.3710570936555072,8.130493080893671e-8,-0.9285114432307315,2.3349382487005665e-8,1,9.673290407463994e-8,0.9285114432307315,-5.726397481538582e-8,0.3710570936555072]}},{"t":4.166666666666662,"j":false,"c":{"p":[348.2067558018061,437.92524954359146,493.0347466330119],"r":[0.38400151889226664,5.6936509506063515e-8,-0.9232841707734825,2.1494585137142173e-8,1,7.052733201604799e-8,0.9232841707734825,-4.677738333959976e-8,0.38400151889226664]}},{"t":4.199999999999995,"j":true,"c":{"p":[348.8967900810713,437.6399803430204,492.7450557558866],"r":[0.41872428305724274,4.138435054584977e-9,-0.9079044043806587,1.1739610853753452e-8,1,9.746452758977854e-9,0.9079044043806587,-1.4424156443337292e-8,0.41872428305724274]}},{"t":4.233333333333328,"j":false,"c":{"p":[349.62698926036734,438.73409754685105,492.39830860603576],"r":[0.5298934251381813,-6.342367878944272e-8,-0.8475433575955982,3.949958925474755e-9,1,-7.269409536091746e-8,0.8475433575955982,3.559298574857424e-8,0.5298934251381813]}},{"t":4.266666666666661,"j":false,"c":{"p":[350.26266858066185,440.1887283666909,491.95784628158344],"r":[0.6273440942585903,-8.990836408686104e-8,-0.7704338534743794,5.743907662124742e-9,1,-1.1191065012221137e-7,0.7704338534743794,6.625018285656789e-8,0.6273440942585903]}},{"t":4.2999999999999945,"j":false,"c":{"p":[350.8487412402197,441.51103609911183,491.45337894844187],"r":[0.7585618912579388,-8.378626237581119e-8,-0.6511431311346862,1.0959273503972434e-8,1,-1.1590235585000583e-7,0.6511431311346862,8.080478804650334e-8,0.7585618912579388]}},{"t":4.333333333333328,"j":false,"c":{"p":[351.31518248529505,442.51936082704464,490.79748986032],"r":[0.8227585852153211,-3.810343458534242e-8,-0.5572614556399417,9.755925198404674e-9,1,-4.1705704693434906e-8,0.5572614556399417,2.4079595526357683e-8,0.8227585852153211]}},{"t":4.366666666666661,"j":false,"c":{"p":[351.77943560637135,443.5216052467279,490.1390300237475],"r":[0.885916533537072,8.014196635250887e-9,-0.46377222539832635,8.424444790928197e-9,1,3.343267086241524e-8,0.46377222539832635,-3.354587449450193e-8,0.885916533537072]}},{"t":4.399999999999994,"j":false,"c":{"p":[352.1124955667311,444.0990145687225,489.36196105229254],"r":[0.9202235651127192,2.860635277131843e-8,-0.38089545877595543,-2.506548431971069e-9,1,7.777797184715137e-8,0.38089545877595543,-7.30642937734791e-8,0.9202235651127192]}},{"t":4.433333333333327,"j":false,"c":{"p":[352.44555552709085,444.67642389071716,488.58489208083756],"r":[0.9545305966883663,4.9198508907385975e-8,-0.29801869215358456,-1.3437541654870332e-8,1,1.2212327283188752e-7,0.29801869215358456,-1.1258271305245626e-7,0.9545305966883663]}},{"t":4.466666666666661,"j":false,"c":{"p":[352.62663231748553,444.78103414572337,487.855140196535],"r":[0.9656507518391779,5.350383587039544e-8,-0.2562736394371058,-2.0303214650993943e-8,1,1.338548824863846e-7,0.2562736394371058,-1.2446491078612542e-7,0.9656507518391779]}},{"t":4.499999999999994,"j":false,"c":{"p":[352.80715643933837,444.8831773758112,487.1254553954614],"r":[0.9766709840147386,5.7763187990206406e-8,-0.21474078090003326,-2.71564111273847e-8,1,1.4548094494666063e-7,0.21474078090003326,-1.3625571313182272e-7,0.9766709840147386]}},{"t":4.533333333333327,"j":false,"c":{"p":[352.97692312336875,444.5710605965183,486.34565819411137],"r":[0.9781022415518982,6.761752217172197e-8,-0.20801070694964593,-3.489647601362996e-8,1,1.6144366106863962e-7,0.20801070694964593,-1.5072485027861275e-7,0.9781022415518982]}},{"t":4.56666666666666,"j":false,"c":{"p":[353.1466898073991,444.2589438172253,485.56586099276126],"r":[0.9795334990890577,7.747185635323752e-8,-0.2012806329992586,-4.263654089987523e-8,1,1.774063771906186e-7,0.2012806329992586,-1.6519398742540276e-7,0.9795334990890577]}},{"t":4.599999999999993,"j":false,"c":{"p":[353.28770432728595,443.5038431556032,484.7705011770392],"r":[0.9862448104249729,3.6020580336431475e-8,-0.15999454072221586,-1.879373397992854e-8,1,8.737232969125821e-8,0.15999454072221586,-8.159737901954823e-8,0.9862448104249729]}},{"t":4.633333333333327,"j":false,"c":{"p":[353.4276017142654,442.739300315609,483.9746261620877],"r":[0.9928947030936747,-5.2096073637306975e-9,-0.11891317165674001,5.016053269805637e-9,1,-2.2612461114515854e-9,0.11891317165674001,1.6665598856089953e-9,0.9928947030936747]}},{"t":4.66666666666666,"j":false,"c":{"p":[353.5076003223074,441.50024243915686,483.15149274871675],"r":[0.99516179662745,-2.553333489920987e-8,-0.09513373029586919,2.1904420543522127e-8,1,-5.195083211163453e-8,0.09513373029586919,5.015870152744673e-8,0.99516179662745]}},{"t":4.699999999999993,"j":false,"c":{"p":[353.58759893034943,440.2611845627047,482.32835933534585],"r":[0.9974288901612253,-4.585706243468905e-8,-0.07135428893499837,3.879278781723862e-8,1,-1.0164041811181748e-7,0.07135428893499837,9.865084316928446e-8,0.9974288901612253]}},{"t":4.733333333333326,"j":false,"c":{"p":[353.6201352385344,439.2588340582309,481.626941671228],"r":[0.9984381243550847,-3.0231350167980147e-8,-0.0529597333056921,2.5948229687423358e-8,1,-7.067401751935033e-8,0.0529597333056921,6.89144522968548e-8,0.9984381243550847]}},{"t":4.7666666666666595,"j":true,"c":{"p":[353.6506718610505,438.27167601957257,480.9322133741439],"r":[0.9993907821161936,-1.3206372379963729e-8,-0.03490126579159997,1.193843516314044e-8,1,-3.65376348019166e-8,0.03490126579159997,3.609870880600943e-8,0.9993907821161936]}},{"t":4.799999999999993,"j":true,"c":{"p":[353.6695259717509,438.17681898255444,480.39179265969227],"r":[0.9993908966035007,1.8361814698872796e-9,-0.03489781111966779,-1.9127694509597186e-9,1,-2.1612001130890723e-9,0.03489781111966779,2.22663442112