{"v":1,"name":"macro1_macro2_merged","d":[{"t":0,"j":false,"c":{"p":[333.5342785993776,488.994384765625,370.53420218432063],"r":[0.9999025464057922,1.861690778177069e-7,-0.013962833115190096,-1.858316267771272e-7,1,2.546641608194436e-8,0.013962833115190096,-2.286931187475291e-8,0.9999025464057922]}},{"t":0.02222222222222222,"j":false,"c":{"p":[333.54111677050173,488.994384765625,370.0467936765545],"r":[0.9999025464057922,1.3421547482200615e-7,-0.013962615086690009,-1.3397294121371007e-7,1,1.8306158474874708e-8,0.013962615086690009,-1.6433807546442145e-8,0.9999025464057922]}},{"t":0.04444444444444444,"j":false,"c":{"p":[333.54795494162585,488.994384765625,369.5593851687884],"r":[0.9999025464057922,8.226187182630541e-8,-0.013962397058189921,-8.211425565029295e-8,1,1.1145900867805056e-8,0.013962397058189921,-9.998303218131384e-9,0.9999025464057922]}},{"t":0.04460435973273383,"j":false,"c":{"p":[333.5480041503906,488.994384765625,369.5558776855469],"r":[0.9999025464057922,8.188800393327256e-8,-0.01396239548921585,-8.174107080094473e-8,1,1.1094374308129318e-8,0.01396239548921585,-9.951992119283659e-9,0.9999025464057922]}},{"t":0.06666666666666667,"j":false,"c":{"p":[333.55479311274996,488.994384765625,369.0719766610223],"r":[0.9999025464057922,3.030826883060464e-8,-0.013962179029689834,-3.02555700868758e-8,1,3.9856432607354e-9,0.013962179029689834,-3.5627988898206192e-9,0.9999025464057922]}},{"t":0.08888888888888889,"j":false,"c":{"p":[333.5616312838741,488.994384765625,368.5845681532562],"r":[0.9999025464057922,-2.164533416509613e-8,-0.013961961001189746,2.1603115476541337e-8,1,-3.1746143463342554e-9,0.013961961001189746,2.872705438490144e-9,0.9999025464057922]}},{"t":0.1111111111111111,"j":false,"c":{"p":[333.56847107548367,488.994384765625,368.0970453544637],"r":[0.9999025464057922,-7.340704155767958e-8,-0.013961743882539592,7.327025951655638e-8,1,-1.0308174704801069e-8,0.013961743882539592,9.28418941667388e-9,0.9999025464057922]}},{"t":0.13333333333333333,"j":false,"c":{"p":[333.57590734664456,488.994384765625,367.56745352135357],"r":[0.9999025464057922,-5.4534483365656125e-8,-0.013961861667768798,5.44334700912867e-8,1,-7.614826486115787e-9,0.013961861667768798,6.854096189617855e-9,0.9999025464057922]}},{"t":0.15555555555555556,"j":false,"c":{"p":[333.58334361780544,488.994384765625,367.0378616882434],"r":[0.9999025464057922,-3.5661925173632686e-8,-0.013961979452998001,3.5596680666017025e-8,1,-4.921478267430506e-9,0.013961979452998001,4.42400296256183e-9,0.9999025464057922]}},{"t":0.17777777777777778,"j":false,"c":{"p":[333.5907798889663,488.994384765625,366.5082698551333],"r":[0.9999025464057922,-1.678936698160924e-8,-0.013962097238227207,1.6759891240747338e-8,1,-2.2281300487452243e-9,0.013962097238227207,1.993909735505805e-9,0.9999025464057922]}},{"t":0.2,"j":false,"c":{"p":[333.59826003611516,488.994384765625,365.97555328862273],"r":[0.9998626886939199,2.521772580128636e-8,-0.016245519415758497,-2.5136510232150176e-8,1,3.7166860073292184e-9,0.016245519415758497,-3.1121510593455256e-9,0.9998626886939199]}},{"t":0.22222222222222224,"j":false,"c":{"p":[333.6057409760289,488.994384765625,365.44278026345887],"r":[0.999822110820534,6.764282053822896e-8,-0.018570197045994812,-6.74495599353206e-8,1,9.720250593840313e-9,0.018570197045994812,-8.266562067074974e-9,0.999822110820534]}},{"t":0.24444444444444444,"j":false,"c":{"p":[333.6132219159427,488.994384765625,364.910007238295],"r":[0.999781532947148,1.1006791527517153e-7,-0.02089487467623112,-1.0976260963849099e-7,1,1.5723815180351403e-8,0.02089487467623112,-1.3420973074804417e-8,0.999781532947148]}},{"t":0.2666666666666666,"j":false,"c":{"p":[333.64152080843917,488.994384765625,364.3748307595643],"r":[0.9980539138381608,6.533015405699131e-8,-0.04838823500156966,-6.539704113709575e-8,1,7.55969847306779e-9,0.04838823500156966,-6.948439489018058e-9,0.9980539138381608]}},{"t":0.28888888888888886,"j":false,"c":{"p":[333.6702482318102,488.994384765625,363.8396048065131],"r":[0.996291567526624,1.8798173415081944e-8,-0.07639968458484254,-1.9247221090699462e-8,1,-8.960554079635305e-10,0.07639968458484254,-2.365689792666425e-10,0.996291567526624]}},{"t":0.311111111111111,"j":false,"c":{"p":[333.6989756551812,488.994384765625,363.30437885346186],"r":[0.9945292212150871,-2.7733807226827393e-8,-0.10441113416811541,2.6902598955696803e-8,1,-9.351809288994849e-9,0.10441113416811541,6.475301530484771e-9,0.9945292212150871]}},{"t":0.33333333333333326,"j":false,"c":{"p":[333.7576722866649,488.994384765625,362.7728816830242],"r":[0.9940038475548386,-3.771781266625948e-8,-0.10914679820188726,3.6780123725412766e-8,1,-1.0600854141289503e-8,0.10914679820188726,6.431966356241972e-9,0.9940038475548386]}},{"t":0.3555555555555554,"j":false,"c":{"p":[333.8164957082641,488.994384765625,362.2414002878709],"r":[0.9934837071294746,-4.754719533486025e-8,-0.1137839898460123,4.65041920377184e-8,1,-1.181940971716255e-8,0.1137839898460123,6.360052071539344e-9,0.9934837071294746]}},{"t":0.37777777777777766,"j":false,"c":{"p":[333.8753903226349,488.994384765625,361.70992616970125],"r":[0.9929580342745405,-5.7165159062259506e-8,-0.1184569253290722,5.602331753285553e-8,1,-1.2980106359795156e-8,0.1184569253290722,6.259591774688924e-9,0.9929580342745405]}},{"t":0.3999999999999998,"j":false,"c":{"p":[333.95261542826,488.994384765625,361.18032570644255],"r":[0.9910078888282033,-1.2347637758543725e-8,-0.13233307220953341,1.277441007498711e-8,1,7.56533425551844e-10,0.13233307220953341,-1.1908060828080865e-9,0.9910078888282033]}},{"t":0.42222222222222205,"j":false,"c":{"p":[334.0298405338851,488.994384765625,360.6507252431838],"r":[0.9890577433818661,3.2469883545172055e-8,-0.14620921908999462,-3.0474497382881314e-8,1,1.4493173210898847e-8,0.14620921908999462,-8.641203940305098e-9,0.9890577433818661]}},{"t":0.4444444444444442,"j":false,"c":{"p":[334.1071822790276,488.994384765625,360.1211840940556],"r":[0.9871363639831543,7.631801294831334e-8,-0.15988068282604218,-7.279299697517422e-8,1,2.79045468987452e-8,0.15988068282604218,-1.590739786631438e-8,0.9871363639831543]}},{"t":0.46666666666666645,"j":false,"c":{"p":[334.1923147630606,488.994384765625,359.59560473175276],"r":[0.9871363639831543,5.54172532688253e-8,-0.15988068282604218,-5.296648003281943e-8,1,1.9590322861947985e-8,0.15988068282604218,-1.0870002375685328e-8,0.9871363639831543]}},{"t":0.4888888888888886,"j":false,"c":{"p":[334.27744724709356,488.994384765625,359.0700253694499],"r":[0.9871363639831543,3.451649358933725e-8,-0.15988068282604218,-3.313996309046464e-8,1,1.127609882515077e-8,0.15988068282604218,-5.832606885056278e-9,0.9871363639831543]}},{"t":0.5111111111111108,"j":false,"c":{"p":[334.36258041467886,488.994384765625,358.54444178712487],"r":[0.9871363639831543,1.3500224483862802e-8,-0.15988068282604218,-1.3201841478778065e-8,1,2.928472344402174e-9,0.15988068282604218,-7.800820502161962e-10,0.9871363639831543]}},{"t":0.5333333333333331,"j":false,"c":{"p":[334.44778620356436,488.994384765625,358.01840986528396],"r":[0.9871363639831543,-1.9787885236606178e-8,-0.15988068282604218,1.8593275371462624e-8,1,-8.967864250885509e-9,0.15988068282604218,5.879799926100351e-9,0.9871363639831543]}},{"t":0.5555555555555554,"j":false,"c":{"p":[334.53299199244987,488.994384765625,357.49237794344305],"r":[0.9871363639831543,-5.307599495707516e-8,-0.15988068282604218,5.038839222170331e-8,1,-2.0864200846173187e-8,0.15988068282604218,1.2539681902416897e-8,0.9871363639831543]}},{"t":0.5777777777777776,"j":false,"c":{"p":[334.61820483031147,488.994384765625,356.9663165130949],"r":[0.9871338795329527,-8.587754777841065e-8,-0.15989568999465756,8.172069392010197e-8,1,-3.257581453606265e-8,0.15989568999465756,1.9091791604617653e-8,0.9871338795329527]}},{"t":0.5999999999999999,"j":false,"c":{"p":[334.70449766782235,488.994384765625,356.43573397540905],"r":[0.9867507432943198,-4.4131921626201994e-8,-0.16221000087605514,4.214337740636725e-8,1,-1.5985349859046766e-8,0.16221000087605514,9.131713274537247e-9,0.9867507432943198]}},{"t":0.6222222222222221,"j":false,"c":{"p":[334.79079050533323,488.994384765625,355.90515143772313],"r":[0.9863676070556868,-2.386295473993341e-9,-0.16452431175745272,2.5660608926325463e-9,1,6.051148179691171e-10,0.16452431175745272,-8.283650555431596e-10,0.9863676070556868]}},{"t":0.6444444444444444,"j":false,"c":{"p":[334.87716506517165,488.994384765625,355.37467766571564],"r":[0.985995888710022,3.8317092852869204e-8,-0.1667696529654492,-3.6024434624204286e-8,1,1.6772513929412703e-8,0.1667696529654492,-1.0529847218257764e-8,0.985995888710022]}},{"t":0.6666666666666666,"j":false,"c":{"p":[334.9662001586538,488.994384765625,354.84774484457614],"r":[0.985995888710022,4.508962184278504e-8,-0.16676963305741635,-4.248820855965151e-8,1,1.9166686003186516e-8,0.16676963305741635,-1.1812530939216906e-8,0.985995888710022]}},{"t":0.6888888888888889,"j":false,"c":{"p":[335.05523525213596,488.994384765625,354.3208120234367],"r":[0.985995888710022,5.1862150832700885e-8,-0.1667696131493835,-4.895198249509874e-8,1,2.156085807696033e-8,0.1667696131493835,-1.309521466017605e-8,0.985995888710022]}},{"t":0.7111111111111111,"j":false,"c":{"p":[335.1442261703703,488.994384765625,353.79421915006037],"r":[0.9859523370684773,5.660209844413972e-8,-0.16701164316180359,-5.3502642700490726e-8,1,2.311376622692966e-8,0.16701164316180359,-1.3890531671637123e-8,0.9859523370684773]}},{"t":0.7333333333333334,"j":false,"c":{"p":[335.23202736700387,488.994384765625,353.27678170233634],"r":[0.9847358587028624,6.6008484082634205e-9,-0.1737725278072224,-6.529591271165089e-9,1,2.0098719412478145e-9,0.1737725278072224,-1.5601565686965002e-9,0.9847358587028624]}},{"t":0.7555555555555556,"j":false,"c":{"p":[335.3198285636374,488.994384765625,352.75934425461236],"r":[0.9835193803372475,-4.340040162761288e-8,-0.18053341245264123,4.0443460158160534e-8,1,-1.909402234443403e-8,0.18053341245264123,1.0770218534244121e-8,0.9835193803372475]}},{"t":0.7777777777777779,"j":false,"c":{"p":[335.40762976027094,488.994384765625,352.2419068068883],"r":[0.9823029019716325,-9.340165166348918e-8,-0.18729429709806006,8.741651158748616e-8,1,-4.019791663011587e-8,0.18729429709806006,2.310059363718474e-8,0.9823029019716325]}},{"t":0.8000000000000002,"j":false,"c":{"p":[335.51615953510856,488.994384765625,351.7130628164716],"r":[0.9809077408404523,-6.21145138152558e-8,-0.19422281766123742,5.80750836146595e-8,1,-2.7028444615925114e-8,0.19422281766123742,1.5679874414260122e-8,0.9809077408404523]}},{"t":0.8222222222222224,"j":false,"c":{"p":[335.62495779151374,488.994384765625,351.18407108575013],"r":[0.9795102653667968,-2.977450907059995e-8,-0.2011535094854405,2.774521201326941e-8,1,-1.3415055656825286e-8,0.2011535094854405,8.003334231846579e-9,0.9795102653667968]}},{"t":0.8444444444444447,"j":false,"c":{"p":[335.73378602300346,488.994384765625,350.65536015995616],"r":[0.978147566318512,2.5521389136732396e-9,-0.20791172981262207,-2.567277929351429e-9,1,1.9701741651308066e-10,0.20791172981262207,3.4105511068348336e-10,0.978147566318512]}},{"t":0.8666666666666669,"j":false,"c":{"p":[335.8437888150966,488.994384765625,350.1376524526748],"r":[0.978147566318512,3.435540807256314e-8,-0.20791172981262207,-3.219867516017269e-8,1,1.3757528080671173e-8,0.20791172981262207,-6.762410550317262e-9,0.978147566318512]}},{"t":0.8888888888888892,"j":false,"c":{"p":[335.9537916071898,488.994384765625,349.6199447453934],"r":[0.978147566318512,6.615867723145305e-8,-0.20791172981262207,-6.183007239099394e-8,1,2.7318038744829266e-8,0.20791172981262207,-1.3865876211318006e-8,0.978147566318512]}},{"t":0.9111111111111114,"j":false,"c":{"p":[336.0637985383411,488.994384765625,349.10221755840394],"r":[0.978147566318512,9.779250008501485e-8,-0.20791172981262207,-9.1303291765031e-8,1,4.080772601696215e-8,0.20791172981262207,-2.093295317476098e-8,0.978147566318512]}},{"t":0.9333333333333337,"j":false,"c":{"p":[336.17581343845086,488.994384765625,348.57504023850413],"r":[0.978147566318512,4.7223340382360785e-8,-0.20791172981262207,-4.404015753823078e-8,1,1.9939071583456997e-8,0.20791172981262207,-1.0346889429157059e-8,0.978147566318512]}},{"t":0.9555555555555559,"j":false,"c":{"p":[336.2878283385606,488.994384765625,348.0478629186044],"r":[0.978147566318512,-3.345819320293294e-9,-0.20791172981262207,3.2229766885694485e-9,1,-9.295828500481544e-10,0.20791172981262207,2.3917431644686587e-10,0.978147566318512]}},{"t":0.9777777777777782,"j":false,"c":{"p":[336.3998225586764,488.994384765625,347.52078292525454],"r":[0.978147566318512,-5.198447994144106e-8,-0.20791172981262207,4.868051304256327e-8,1,-2.1007719983296396e-8,0.20791172981262207,1.0427400464272628e-8,0.978147566318512]}},{"t":1.0000000000000004,"j":false,"c":{"p":[336.5112206539419,488.994384765625,346.99650848277895],"r":[0.978147566318512,-4.4974261727270975e-8,-0.20791172981262207,4.2089593009460174e-8,1,-1.8298277531220824e-8,0.20791172981262207,9.147495657269691e-9,0.978147566318512]}},{"t":1.0222222222222226,"j":false,"c":{"p":[336.6226187492074,488.994384765625,346.4722340403034],"r":[0.978147566318512,-3.7964043513100894e-8,-0.20791172981262207,3.549867297635707e-8,1,-1.5588835079145248e-8,0.20791172981262207,7.867590850266753e-9,0.978147566318512]}},{"t":1.0444444444444447,"j":true,"c":{"p":[336.73368685591186,488.994384765625,345.9495126276926],"r":[0.978147566318512,-2.9414120865517816e-8,-0.20791172981262207,2.7467763000187746e-8,1,-1.224844317338253e-8,0.20791172981262207,6.269915125528978e-9,0.978147566318512]}},{"t":1.0666666666666669,"j":true,"c":{"p":[336.83828969022534,488.994384765625,345.4572188186257],"r":[0.978147566318512,9.302327962455164e-9,-0.20791172981262207,-8.776025613159458e-9,1,3.4537714303671525e-9,0.20791172981262207,-1.553659869996448e-9,0.978147566318512]}},{"t":1.088888888888889,"j":true,"c":{"p":[336.94264420999923,489.06007942079344,344.96609365581315],"r":[0.978147566318512,4.792391873268426e-8,-0.20791172981262207,-4.4931014521454074e-8,1,1.9117514676292092e-8,0.20791172981262207,-9.358066350360871e-9,0.978147566318512]}},{"t":1.1111111111111112,"j":false,"c":{"p":[337.0621281303625,490.28058126243303,344.4037647795073],"r":[0.9781475661390057,9.170967395058112e-8,-0.20791173120379625,-8.592022503581607e-8,1,3.6876266534758235e-8,0.20791173120379625,-1.820660686022148e-8,0.9781475661390057]}},{"t":1.1333333333333333,"j":false,"c":{"p":[337.1733080369744,491.2193861897215,343.8805172013999],"r":[0.9781475462098339,9.259964130901843e-8,-0.2079118856548771,-8.673959008153538e-8,1,3.730196037353965e-8,0.2079118856548771,-1.8452629240456538e-8,0.9781475462098339]}},{"t":1.1555555555555554,"j":false,"c":{"p":[337.28448794358627,492.1581911170099,343.3572696232925],"r":[0.9781475262806621,9.348960866745575e-8,-0.20791204010595796,-8.755895512725469e-8,1,3.7727654212321065e-8,0.20791204010595796,-1.8698651620691594e-8,0.9781475262806621]}},{"t":1.1777777777777776,"j":true,"c":{"p":[337.3936462402344,493.0799255371094,342.8435363769531],"r":[0.9781475067138672,9.43633935435173e-8,-0.20791219174861908,-8.836342146878451e-8,1,3.814560756154606e-8,0.20791219174861908,-1.894020051906864e-8,0.9781475067138672]}},{"t":1.1999999999999997,"j":false,"c":{"p":[337.4983202998264,493.68929456684884,342.35090735934307],"r":[0.9781475817658212,4.674838769735492e-8,-0.20791184463333193,-4.375983259044436e-8,1,1.8973463243045707e-8,0.20791184463333193,-9.46062459078885e-9,0.9781475817658212]}},{"t":1.2222222222222219,"j":false,"c":{"p":[337.6126010977094,494.35459004879766,341.8130660124782],"r":[0.9781476637058665,-5.236611074181002e-9,-0.20791146566062246,4.9373684670976005e-9,1,-1.9582552589961876e-9,0.20791146566062246,8.889644563796486e-10,0.9781476637058665]}},{"t":1.244444444444444,"j":false,"c":{"p":[337.72687318212127,495.0179387413792,341.2753287186707],"r":[0.978141549507238,-5.699766746453607e-8,-0.20793927784383268,5.342425994865857e-8,1,-2.2799513611792075e-8,0.20793927784383268,1.1190751119280085e-8,0.978141549507238]}},{"t":1.2666666666666662,"j":false,"c":{"p":[337.8397634634457,495.3725609200481,340.75409240757585],"r":[0.9771528368186692,-7.324540545306656e-8,-0.21243771095645858,6.855975588203285e-8,1,-2.9295385147183488e-8,0.21243771095645858,1.3911921357873098e-8,0.9771528368186692]}},{"t":1.2888888888888883,"j":false,"c":{"p":[337.95265374477015,495.727183098717,340.23285609648093],"r":[0.9761641241301002,-8.949314344159704e-8,-0.2169361440690845,8.369525181540711e-8,1,-3.5791256682574904e-8,0.2169361440690845,1.663309159646611e-8,0.9761641241301002]}},{"t":1.3111111111111104,"j":false,"c":{"p":[338.06557303174765,496.07993664141054,339.71164858539976],"r":[0.9751816890780799,-1.0537698965344246e-7,-0.221406005192709,9.849149128056043e-8,1,-4.213927752473171e-8,0.221406005192709,1.928688345588419e-8,0.9751816890780799]}},{"t":1.3333333333333326,"j":false,"c":{"p":[338.182981735606,496.14346773945186,339.1948986628907],"r":[0.9751708897074838,-6.493864650826063e-8,-0.22145357079345607,6.077852809815246e-8,1,-2.5603366180276092e-8,0.22145357079345607,1.1512031213942783e-8,0.9751708897074838]}},{"t":1.3555555555555547,"j":false,"c":{"p":[338.30039043946437,496.20699883749313,338.6781487403816],"r":[0.9751600903368877,-2.450030336307881e-8,-0.22150113639420313,2.3065564915744494e-8,1,-9.067454835820471e-9,0.22150113639420313,3.737178972001375e-9,0.9751600903368877]}},{"t":1.3777777777777769,"j":false,"c":{"p":[338.4177991433227,496.27052993553446,338.1613988178725],"r":[0.9751492909662915,1.593803978210303e-8,-0.22154870199495022,-1.4647398266663481e-8,1,7.468456508635163e-9,0.22154870199495022,-4.037673269940038e-9,0.9751492909662915]}},{"t":1.399999999999999,"j":false,"c":{"p":[338.537843487495,496.04447633572494,337.63465315985195],"r":[0.974116593696278,5.714024675165541e-8,-0.22595551767092822,-5.293436192189589e-8,1,2.4372155738277108e-8,0.22595551767092822,-1.1413118278749595e-8,0.974116593696278]}},{"t":1.4222222222222212,"j":false,"c":{"p":[338.6579215223691,495.81472105035203,337.1077797289549],"r":[0.9730708337722995,9.83522179929806e-8,-0.23041805650213654,-9.122866287526389e-8,1,4.1280556304402255e-8,0.23041805650213654,-1.8783457769209026e-8,0.9730708337722995]}},{"t":1.4444444444444433,"j":false,"c":{"p":[338.7784216888004,495.5773018080165,336.581257251641],"r":[0.9719576705514864,1.3756900536114607e-7,-0.23512266801775644,-1.2766318531702538e-7,1,5.7379716684259166e-8,0.23512266801775644,-2.579146260479836e-8,0.9719576705514864]}},{"t":1.4666666666666655,"j":false,"c":{"p":[338.9142450667074,495.0616839063067,336.06747425300637],"r":[0.9683977938498767,1.0436139350305467e-7,-0.2486144239031003,-9.658847053560705e-8,1,4.410377278994019e-8,0.2486144239031003,-1.9646860279293655e-8,0.9683977938498767]}},{"t":1.4888888888888876,"j":false,"c":{"p":[339.05006844461445,494.5460660045969,335.55369125437176],"r":[0.964837917148267,7.115378164496326e-8,-0.26210617978844414,-6.551375575418871e-8,1,3.082782889562122e-8,0.26210617978844414,-1.3502257953788956e-8,0.964837917148267]}},{"t":1.5111111111111097,"j":false,"c":{"p":[339.18609471524456,494.0257447402475,335.04001034487766],"r":[0.9613256637941303,3.7669346645604955e-8,-0.27541363490871634,-3.419032284179269e-8,1,1.7435961514598392e-8,0.27541363490871634,-7.351096433786439e-9,0.9613256637941303]}},{"t":1.5333333333333319,"j":false,"c":{"p":[339.33423687487095,493.22455869775814,334.53242576390284],"r":[0.9606572738515374,-1.2345786943684841e-8,-0.27771543355334055,1.198549718761492e-8,1,-2.878362599720609e-9,0.27771543355334055,-8.082477638589819e-10,0.9606572738515374]}},{"t":1.555555555555554,"j":false,"c":{"p":[339.4823790344974,492.4233726552688,334.02484118292796],"r":[0.9599888839089444,-6.236092053297464e-8,-0.2800172321979647,5.816131721702253e-8,1,-2.319268671403961e-8,0.2800172321979647,5.734600906068475e-9,0.9599888839089444]}},{"t":1.5777777777777762,"j":false,"c":{"p":[339.6305211941238,491.62218661277944,333.5172566019531],"r":[0.9593204939663516,-1.1237605412226443e-7,-0.28231903084258886,1.0433713724643014e-7,1,-4.3507010828358614e-8,0.28231903084258886,1.2277449575995932e-8,0.9593204939663516]}},{"t":1.5999999999999983,"j":false,"c":{"p":[339.78086799323205,490.52756967744114,333.0063633541556],"r":[0.9593142277306511,-9.799387895749797e-8,-0.2823406236248501,9.086667890346272e-8,1,-3.8337319033245435e-8,0.2823406236248501,1.112218652980319e-8,0.9593142277306511]}},{"t":1.6222222222222205,"j":false,"c":{"p":[339.9312354584878,489.4302021399544,332.49543909113004],"r":[0.9593141681996128,-8.300804759931908e-8,-0.2823408419053238,7.68371002175785e-8,1,-3.2928741726697276e-8,0.2823408419053238,9.894761883926766e-9,0.9593141681996128]}},{"t":1.6444444444444426,"j":false,"c":{"p":[340.08160292374345,488.33283460246776,331.9845148281044],"r":[0.9593141086685746,-6.80222162411402e-8,-0.2823410601857975,6.280752153169429e-8,1,-2.7520164420149114e-8,0.2823410601857975,8.667337238050342e-9,0.9593141086685746]}},{"t":1.6666666666666647,"j":false,"c":{"p":[340.2363899342157,486.89402223301914,331.45661843665954],"r":[0.9604915424061214,-2.2427046094931497e-8,-0.2782395283611484,2.0381446703555643e-8,1,-1.0081476617278135e-8,0.2782395283611484,3.599794754661304e-9,0.9604915424061214]}},{"t":1.6888888888888869,"j":false,"c":{"p":[340.3912351382623,485.4507139495733,330.9284985677372],"r":[0.9616844805765147,2.3571167066786368e-8,-0.2740839874727073,-2.2418533928766674e-8,1,7.515615522417092e-9,0.2740839874727073,-1.5183117962451568e-9,0.9616844805765147]}},{"t":1.711111111111109,"j":false,"c":{"p":[340.54608034230887,484.00740566612745,330.4003786988149],"r":[0.9628774187469079,6.956938022850424e-8,-0.2699284465842661,-6.521851456108898e-8,1,2.5112707662112318e-8,0.2699284465842661,-6.636418347151618e-9,0.9628774187469079]}},{"t":1.7333333333333312,"j":false,"c":{"p":[340.67854097749984,482.27226321051774,329.861823897616],"r":[0.9672595988695555,8.39607683826428e-8,-0.2524399814862333,-7.875728696589944e-8,1,3.111356837187661e-8,0.2524399814862333,-1.0599352491208517e-8,0.9672595988695555]}},{"t":1.7555555555555533,"j":false,"c":{"p":[340.8084727434313,480.50415114662025,329.3220902227192],"r":[0.972002079696953,9.478141417993665e-8,-0.23344524560002827,-8.899031019769506e-8,1,3.580435903389967e-8,0.23344524560002827,-1.4431782446957768e-8,0.972002079696953]}},{"t":1.7777777777777755,"j":false,"c":{"p":[340.9380289179582,478.7343922795563,328.78319596950803],"r":[0.9766636974380599,1.046707864259198e-7,-0.21477435933535713,-9.834377331902308e-8,1,4.014441809580593e-8,0.21477435933535713,-1.8085847410735714e-8,0.9766636974380599]}},{"t":1.7999999999999976,"j":false,"c":{"p":[341.0459460591695,476.8697557657858,328.2926635094566],"r":[0.9766665317320592,6.090648300115385e-8,-0.21476149523336724,-5.702293904026139e-8,1,2.4277697427240636e-8,0.21476149523336724,-1.1463729381047342e-8,0.9766665317320592]}},{"t":1.8222222222222197,"j":false,"c":{"p":[341.15386320038084,475.00511925201533,327.8021310494052],"r":[0.9766693660260585,1.7142179576387918e-8,-0.21474863113137738,-1.570210476149969e-8,1,8.410976758675335e-9,0.21474863113137738,-4.841611351358971e-9,0.9766693660260585]}},{"t":1.8444444444444419,"j":false,"c":{"p":[341.26194674022213,473.12902276204983,327.31084223194495],"r":[0.9766721129417419,-2.6259533128126093e-8,-0.21473616376761398,2.5275109332854194e-8,1,-7.33010591449399e-9,0.21473616376761398,1.7316300220123013e-9,0.9766721129417419]}},{"t":1.866666666666664,"j":false,"c":{"p":[341.375261360585,470.892658532667,326.79577577575003],"r":[0.9766721129417419,-5.826246655984135e-8,-0.2147361686796705,5.544992166408095e-8,1,-1.9121501798104695e-8,0.2147361686796705,6.768333955694085e-9,0.9766721129417419]}},{"t":1.8888888888888862,"j":false,"c":{"p":[341.48857598094787,468.6562943032842,326.28070931955517],"r":[0.9766721129417419,-9.02653999915566e-8,-0.21473617359172698,8.56247339953077e-8,1,-3.09128976817154e-8,0.21473617359172698,1.1805037889375869e-8,0.9766721129417419]}},{"t":1.9111111111111083,"j":false,"c":{"p":[341.60189060131074,466.41993007390136,325.7656428633603],"r":[0.9766721129417419,-1.2226833342327188e-7,-0.2147361785037835,1.1579954632653444e-7,1,-4.27042935653261e-8,0.2147361785037835,1.684174182305765e-8,0.9766721129417419]}},{"t":1.9333333333333305,"j":false,"c":{"p":[341.7168168990682,465.75515688582294,325.2432506008265],"r":[0.9766720334479384,-5.7089261401468097e-8,-0.21473651636600646,5.392444031557137e-8,1,-2.0596304232760983e-8,0.21473651636600646,8.536334191725436e-9,0.9766720334479384]}},{"t":1.9555555555555526,"j":false,"c":{"p":[341.8317476576449,465.09473356554275,324.72083806184145],"r":[0.9766719537341111,8.358792095145823e-9,-0.21473685514977275,-8.205442520342903e-9,1,1.6055122089284234e-9,0.21473685514977275,1.9399811022293263e-10,0.9766719537341111]}},{"t":1.9777777777777747,"j":false,"c":{"p":[341.9466035048213,464.43862306470913,324.19841750233485],"r":[0.9766984050822993,7.329834723390864e-8,-0.2145926384571003,-6.985140984879747e-8,1,2.364624469913283e-8,0.2145926384571003,-8.099085896515986e-9,0.9766984050822993]}},{"t":1.999999999999997,"j":false,"c":{"p":[342.0496596909983,464.4618458463343,323.6747335912569],"r":[0.9809038937561801,5.8141839265080844e-8,-0.19167878173587005,-5.527347905488879e-8,1,2.0313856225315872e-8,0.19167878173587005,-8.63423474469402e-9,0.9809038937561801]}},{"t":2.022222222222219,"j":false,"c":{"p":[342.15271587717524,464.4850686279595,323.15104968017886],"r":[0.985109382430061,4.298533129625307e-8,-0.1687649250146398,-4.069554826098011e-8,1,1.6981467751498915e-8,0.1687649250146398,-9.169383592872053e-9,0.985109382430061]}},{"t":2.044444444444441,"j":false,"c":{"p":[342.25552774746876,464.5077502294272,322.6272719476218],"r":[0.9892723552199247,2.7642226833644244e-8,-0.1460827203005231,-2.5933929783903744e-8,1,1.3598504683586211e-8,0.1460827203005231,-9.664126117800308e-9,0.9892723552199247]}},{"t":2.0666666666666633,"j":false,"c":{"p":[342.3344167932539,464.4774407696693,322.0943074411752],"r":[0.9892722747603072,-5.971958137764286e-9,-0.1460833237476545,6.813945453013565e-9,1,5.263398830463537e-9,0.1460833237476545,-6.202378516887372e-9,0.9892722747603072]}},{"t":2.0888888888888855,"j":false,"c":{"p":[342.4133058390391,464.44713130991136,321.5613429347286],"r":[0.9892721943006897,-3.9586143109172816e-8,-0.14608392719478588,3.956182068993088e-8,1,-3.071707022659139e-9,0.14608392719478588,-2.7406309159744352e-9,0.9892721943006897]}},{"t":2.1111111111111076,"j":true,"c":{"p":[342.4884948730469,464.4182434082031,321.0533752441406],"r":[0.9892721176147461,-7.162377357872174e-8,-0.1460845023393631,7.0773772620214e-8,1,-1.1015884204823578e-8,0.1460845023393631,5.587556528574567e-10,0.9892721176147461]}},{"t":2.1333333333333298,"j":false,"c":{"p":[342.5601821156706,465.4590371643688,320.56785136470216],"r":[0.9892723056395025,-1.0222204432450783e-7,-0.1460832882379154,1.0058347198834346e-7,1,-1.860313292324232e-8,0.1460832882379154,3.7100035012960804e-9,0.9892723056395025]}},{"t":2.155555555555552,"j":false,"c":{"p":[342.6418058104383,466.5152026096471,320.0153610695107],"r":[0.9892723611193281,-1.3685594684911766e-7,-0.1460829761638964,1.3432479143812108e-7,1,-2.719104522264597e-8,0.1460829761638964,7.276797362118258e-9,0.9892723611193281]}},{"t":2.177777777777774,"j":false,"c":{"p":[342.7233760966449,467.5662346029823,319.4632329389015],"r":[0.9892724149444293,-1.6984686525966328e-7,-0.1460826739178583,1.664574354925979e-7,1,-3.542596605656006e-8,0.1460826739178583,1.0729385591126543e-8,0.9892724149444293]}},{"t":2.199999999999996,"j":false,"c":{"p":[342.8019170327388,468.32609561401495,318.93164689544346],"r":[0.9892723749130446,-1.0964721644493462e-7,-0.14608292911793516,1.0734551346384814e-7,1,-2.3639101766040084e-8,0.14608292911793516,7.704195052858482e-9,0.9892723749130446]}},{"t":2.2222222222222183,"j":false,"c":{"p":[342.88045796883273,469.08595662504763,318.4000608519854],"r":[0.98927233488166,-4.944756763020593e-8,-0.14608318431801204,4.8233591435098384e-8,1,-1.1852237475520103e-8,0.14608318431801204,4.6790045145904195e-9,0.98927233488166]}},{"t":2.2444444444444405,"j":false,"c":{"p":[342.9589205509073,469.8338057698411,317.86900512946806],"r":[0.989272295659446,9.988154395749014e-9,-0.146083430994226,-1.0127129877283348e-8,1,-2.076542361378503e-10,0.146083430994226,1.684832677803782e-9,0.989272295659446]}},{"t":2.2666666666666626,"j":false,"c":{"p":[343.0354742784448,470.28902276162967,317.3508690445482],"r":[0.989272276150182,5.0813151286548485e-8,-0.14608347001275396,-5.0187157642710004e-8,1,7.970689078714685e-9,0.14608347001275396,-5.536639610402654e-10,0.989272276150182]}},{"t":2.2888888888888848,"j":false,"c":{"p":[343.1120280059823,470.7442397534182,316.83273295962823],"r":[0.989272256640918,9.163814817734796e-8,-0.1460835090312819,-9.024718540813667e-8,1,1.614903239356722e-8,0.1460835090312819,-2.792160599884313e-9,0.989272256640918]}},{"t":2.311111111111107,"j":false,"c":{"p":[343.18858173351987,471.19945674520676,316.31459687470834],"r":[0.989272237131654,1.3246314506814744e-7,-0.14608354804980986,-1.3030721317356333e-7,1,2.4327375708419758e-8,0.14608354804980986,-5.030657238728361e-9,0.989272237131654]}},{"t":2.333333333333329,"j":false,"c":{"p":[343.2672918226286,471.37854880548446,315.78186595844426],"r":[0.9892722170728541,9.699159504973546e-8,-0.14608366223434047,-9.532896871253717e-8,1,1.8381861221517463e-8,0.14608366223434047,-4.258668129994262e-9,0.9892722170728541]}},{"t":2.355555555555551,"j":false,"c":{"p":[343.3460364575547,471.55321722846776,315.24890122685645],"r":[0.9892721970052504,6.029774232765425e-8,-0.146083777623062,-5.9148579636366077e-8,1,1.2210076604751133e-8,0.146083777623062,-3.4384497760624595e-9,0.9892721970052504]}},{"t":2.3777777777777733,"j":false,"c":{"p":[343.42476447764346,471.72378899825225,314.7160489489281],"r":[0.9892721772193909,2.3613362666614897e-8,-0.1460838916692642,-2.2977531049836658e-8,1,6.0398853735231675e-9,0.1460838916692642,-2.6184434617503473e-9,0.9892721772193909]}},{"t":2.3999999999999955,"j":false,"c":{"p":[343.50232569893035,471.6066679108367,314.19109387708653],"r":[0.9892721772193909,-1.2405758827510056e-8,-0.146083911435282,1.2537569370661606e-8,1,-1.8408263278026445e-11,0.146083911435282,-1.8133279085222033e-9,0.9892721772193909]}},{"t":2.4222222222222176,"j":false,"c":{"p":[343.57988692021723,471.48954682342105,313.66613880524494],"r":[0.9892721772193909,-4.8424880321635007e-8,-0.14608393120129978,4.805266979115988e-8,1,-6.0767019000792204e-9,0.14608393120129978,-1.0082123552940592e-9,0.9892721772193909]}},{"t":2.4444444444444398,"j":false,"c":{"p":[343.6574481415041,471.3724257360054,313.1411837334034],"r":[0.9892721772193909,-8.444400181575996e-8,-0.14608395096731755,8.356777021165814e-8,1,-1.2134995536880413e-8,0.14608395096731755,-2.0309680206591508e-10,0.9892721772193909]}},{"t":2.466666666666662,"j":false,"c":{"p":[343.7352636992384,470.9652231664895,312.6145072445216],"r":[0.989272216822896,-1.0273345894478447e-7,-0.1460837727806259,1.0157488835238843e-7,1,-1.5390090522756217e-8,0.1460837727806259,3.8655214174561816e-10,0.989272216822896]}},{"t":2.488888888888884,"j":false,"c":{"p":[343.81307963172435,470.5575931767302,312.0878282192197],"r":[0.9892722564847548,-1.2099679231918776e-7,-0.14608359430226106,1.1955620937572434e-7,1,-1.864105513863723e-8,0.14608359430226106,9.758836065165136e-10,0.9892722564847548]}},{"t":2.511111111111106,"j":false,"c":{"p":[343.8908955642104,470.1499631869709,311.5611491939178],"r":[0.9892722961466137,-1.3926012569359104e-7,-0.1460834158238962,1.375375303990603e-7,1,-2.1892019754518246e-8,0.1460834158238962,1.5652150712874093e-9,0.9892722961466137]}},{"t":2.5333333333333283,"j":false,"c":{"p":[343.96246692360745,469.60853001309204,311.0766892916389],"r":[0.9892723162269864,-8.089869197195234e-8,-0.14608326111772466,7.98519875685514e-8,1,-1.3029101341975951e-8,0.14608326111772466,1.224271313468005e-9,0.9892723162269864]}},{"t":2.5555555555555505,"j":false,"c":{"p":[344.03399355482856,469.066138443454,310.5925317934375],"r":[0.9892723361671022,-2.1988415916578714e-8,-0.14608310658182688,2.1624463604293773e-8,1,-4.079414485184058e-9,0.14608310658182688,8.766642476408612e-10,0.9892723361671022]}},{"t":2.5777777777777726,"j":false,"c":{"p":[344.1054407979789,468.5247425037563,310.1089062350846],"r":[0.9892735922613283,3.671632872826058e-8,-0.14607437390007305,-3.639983549078348e-8,1,4.8395661186832345e-9,0.14607437390007305,5.29338956402372e-10,0.9892735922613283]}},{"t":2.5999999999999948,"j":false,"c":{"p":[344.15554442829523,468.2510233037687,309.7682935760094],"r":[0.9896071904121592,4.016361711170906e-8,-0.1437593926589777,-3.978679574423859e-8,1,5.503120345038351e-9,0.1437593926589777,2.5776922470425247e-10,0.9896071904121592]}},{"t":2.622222222222217,"j":false,"c":{"p":[344.2056480586116,467.9773041037812,309.42768091693415],"r":[0.9899407885629901,4.3610905495157546e-8,-0.14144441141788233,-4.31737559976937e-8,1,6.166674571393467e-9,0.14144441141788233,-1.380050699386693e-11,0.9899407885629901]}},{"t":2.644444444444439,"j":true,"c":{"p":[344.2557605607743,467.71131574181135,309.08670895018594],"r":[0.9902746636357962,4.626488526174823e-8,-0.1391251019085844,-4.5776068502190006e-8,1,6.7131288266731006e-9,0.1391251019085844,-2.741993312573532e-10,0.9902746636357962]}},{"t":2.666666666666661,"j":true,"c":{"p":[344.3063270172174,467.8408985918406,308.7273519427259],"r":[0.9906227082412032,8.32688129489919e-9,-0.13658432374416338,-8.229556217196664e-9,1,1.2678164225792849e-9,0.13658432374416338,3.699439148873367e-11,0.9906227082412032]}},{"t":2.6888888888888833,"j":true,"c":{"p":[344.3568934736605,467.9704814418699,308.36799493526576],"r":[0.9909707528466104,-2.9611122671949866e-8,-0.13404354557974235,2.9316956067796685e-8,1,-4.1774959815145325e-9,0.13404354557974235,3.481881142348206e-10,0.9909707528466104]}},{"t":2.7111111111111055,"j":false,"c":{"p":[344.4111792312175,468.47906067376573,307.98223179618094],"r":[0.9920694572468973,-7.0276725855348e-8,-0.1256816774674308,6.959252708522128e-8,1,-9.8353086226545e-9,0.1256816774674308,1.0157146041395075e-9,0.9920694572468973]}},{"t":2.7333333333333276,"j":false,"c":{"p":[344.46717178719143,469.49392381212664,307.5482729082905],"r":[0.9929422485362631,-9.669889475507353e-8,-0.11859873606916708,9.583311776390802e-8,1,-1.3002933347381057e-8,0.11859873606916708,1.5476214349810555e-9,0.9929422485362631]}},{"t":2.7555555555555498,"j":false,"c":{"p":[344.52971463610334,470.5172146648634,307.04385828565654],"r":[0.9929539314041116,-1.1649956342096129e-7,-0.11850094190253092,1.1550683760803252e-7,1,-1.524527416135204e-8,0.11850094190253092,1.4531762179159807e-9,0.9929539314041116]}},{"t":2.777777777777772,"j":false,"c":{"p":[344.59226464035055,471.5364585114415,306.53911783672913],"r":[0.9929654598236084,-1.3532319196589986e-7,-0.118404439565073,1.3421146350247876e-7,1,-1.73629118262662e-8,0.118404439565073,1.3495384573221784e-9,0.9929654598236084]}},{"t":2.799999999999994,"j":false,"c":{"p":[344.65534873710465,472.25362348058115,306.01005688096166],"r":[0.9929654598236084,-8.121805011147796e-8,-0.11840436265735471,8.058044151909277e-8,1,-1.0172387901247934e-8,0.11840436265735471,5.597457661187514e-10,0.9929654598236084]}},{"t":2.822222222222216,"j":false,"c":{"p":[344.7184328338587,472.97078844972077,305.48099592519424],"r":[0.9929654598236084,-2.711290825705602e-8,-0.11840428574963643,2.6949419535706778e-8,1,-2.981863976229666e-9,0.11840428574963643,-2.3004692508467569e-10,0.9929654598236084]}},{"t":2.8444444444444383,"j":false,"c":{"p":[344.78151892280124,473.68505279424454,304.951918261743],"r":[0.9929654598236084,2.6811757074141853e-8,-0.11840420961380005,-2.650277214440632e-8,1,4.184132274376124e-9,0.11840420961380005,-1.0166588502857036e-9,0.9929654598236084]}},{"t":2.8666666666666605,"j":false,"c":{"p":[344.8448015145218,474.1132092725704,304.421192608499],"r":[0.9929654598236084,6.293482454416207e-8,-0.11840420961380005,-6.231574356812933e-8,1,8.930801132361665e-9,0.11840420961380005,-1.4895307041816215e-9,0.9929654598236084]}},{"t":2.8888888888888826,"j":false,"c":{"p":[344.90808410624237,474.54136575089615,303.89046695525496],"r":[0.9929654598236084,9.905789201418227e-8,-0.11840420961380005,-9.812871499185235e-8,1,1.3677469990347207e-8,0.11840420961380005,-1.962402558077539e-9,0.9929654598236084]}},{"t":2.9111111111111048,"j":false,"c":{"p":[344.9713579998209,474.964763555926,303.3598142498308],"r":[0.9929654598236084,1.3391989049264465e-7,-0.11840420961380005,-1.326921165426607e-7,1,1.825278244305994e-8,0.11840420961380005,-2.413077747965931e-9,0.9929654598236084]}},{"t":2.933333333333327,"j":false,"c":{"p":[345.0341060706879,475.1004886035424,302.833571408075],"r":[0.9929654598236084,9.254736486549857e-8,-0.11840420961380005,-9.17161421861449e-8,1,1.2469205655079201e-8,0.11840420961380005,-1.521913491579824e-9,0.9929654598236084]}},{"t":2.955555555555549,"j":false,"c":{"p":[345.0968541415549,475.2362136511587,302.30732856631914],"r":[0.9929654598236084,5.117483923835247e-8,-0.11840420961380005,-5.074016782962912e-8,1,6.685628867098463e-9,0.11840420961380005,-6.307492351937176e-10,0.9929654598236084]}},{"t":2.977777777777771,"j":false,"c":{"p":[345.15960221242193,475.37193869877507,301.78108572456335],"r":[0.9929654598236084,9.80231361120637e-9,-0.11840420961380005,-9.764193473113342e-9,1,9.02052079117725e-10,0.11840420961380005,2.604150211923891e-10,0.9929654598236084]}},{"t":2.9999999999999933,"j":false,"c":{"p":[345.2224178037889,475.2187172582344,301.2513537397036],"r":[0.9932269398073543,-3.169211671848041e-8,-0.11614583920864688,3.134877199182378e-8,1,-4.821786006360838e-9,0.11614583920864688,1.3370241261216872e-9,0.9932269398073543]}},{"t":3.0222222222222155,"j":false,"c":{"p":[345.28523359787494,475.0646283043257,300.7216112792768],"r":[0.9934892048408956,-7.318691304659047e-8,-0.11388068842513059,7.24621487495875e-8,1,-1.0545444736404631e-8,0.11388068842513059,2.414189998105558e-9,0.9934892048408956]}},{"t":3.0444444444444376,"j":false,"c":{"p":[345.3480493919609,474.910539350417,300.19186881885],"r":[0.9937514698744369,-1.1468170937470053e-7,-0.1116155376416143,1.1357552550735122e-7,1,-1.6269103466448426e-8,0.1116155376416143,3.4913558700894292e-9,0.9937514698744369]}},{"t":3.0666666666666598,"j":false,"c":{"p":[345.4082859233899,474.46054085681845,299.6547855343585],"r":[0.9937574448076746,-1.0230775562036962e-7,-0.1115624645140966,1.0134536015362183e-7,1,-1.4296893203715194e-8,0.1115624645140966,2.900132854107787e-9,0.9937574448076746]}},{"t":3.088888888888882,"j":false,"c":{"p":[345.4685160261983,474.00980483068304,299.1176839534085],"r":[0.9937627809568838,-8.979953800976525e-8,-0.11151490482574382,8.898223998545523e-8,1,-1.2305501559443235e-8,0.11151490482574382,2.3047515028107854e-9,0.9937627809568838]}},{"t":3.111111111111104,"j":false,"c":{"p":[345.5287083811692,473.54848824070217,298.5809122115123],"r":[0.9937679171562195,-7.574361954715725e-8,-0.11146912695948609,7.50853893041308e-8,1,-1.0102975354375818e-8,0.11146912695948609,1.6703091437081317e-9,0.9937679171562195]}},{"t":3.133333333333326,"j":false,"c":{"p":[345.5879310910249,472.8153841069884,298.05261318879957],"r":[0.9937679171562195,-2.193123638707743e-8,-0.11146911953208742,2.1790936093314317e-8,1,-2.4769438887057056e-9,0.11146911953208742,3.248969408911403e-11,0.9937679171562195]}},{"t":3.1555555555555483,"j":false,"c":{"p":[345.64715380088063,472.0822799732746,297.52431416608675],"r":[0.9937679171562195,3.1881146773002406e-8,-0.11146911210468875,-3.150351711750218e-8,1,5.149087576964406e-9,0.11146911210468875,-1.605329755529904e-9,0.9937679171562195]}},{"t":3.1777777777777705,"j":false,"c":{"p":[345.70626467162447,471.3410964310922,296.9960362762593],"r":[0.9937815111167604,8.420647557504381e-8,-0.1113397718127173,-8.3326366204417e-8,1,1.2557957424995603e-8,0.1113397718127173,-3.2026853760328694e-9,0.9937815111167604]}},{"t":3.1999999999999926,"j":false,"c":{"p":[345.76150839042594,470.32054