{"v":1,"name":"macro1_macro1_macro2_merged_macro2_merged_merged_macro1_macro2_merged_macro2_merged_macro2_merged_merged","d":[{"t":0,"j":false,"c":{"p":[72.67,246.99,117.46],"r":[-0.1668,0,-0.986,0,1,0,0.986,0,-0.1668]}},{"t":0.04,"j":false,"c":{"p":[72.77,246.99,117.47],"r":[-0.1323,0,-0.9912,0,1,0,0.9912,0,-0.1323]}},{"t":0.09,"j":false,"c":{"p":[73.62,246.99,117.59],"r":[-0.1253,0,-0.9921,0,1,0,0.9921,0,-0.1253]}},{"t":0.13,"j":false,"c":{"p":[74.81,246.99,117.74],"r":[-0.1253,0,-0.9921,0,1,0,0.9921,0,-0.1253]}},{"t":0.18,"j":false,"c":{"p":[75.8,246.99,117.86],"r":[-0.1253,0,-0.9921,0,1,0,0.9921,0,-0.1253]}},{"t":0.22,"j":false,"c":{"p":[76.8,246.99,117.98],"r":[-0.1184,0,-0.993,0,1,0,0.993,0,-0.1184]}},{"t":0.26,"j":false,"c":{"p":[77.79,246.99,118.1],"r":[-0.1184,0,-0.993,0,1,0,0.993,0,-0.1184]}},{"t":0.3,"j":false,"c":{"p":[78.78,246.99,118.22],"r":[-0.1184,0,-0.993,0,1,0,0.993,0,-0.1184]}},{"t":0.34,"j":false,"c":{"p":[79.77,246.99,118.34],"r":[-0.1184,0,-0.993,0,1,0,0.993,0,-0.1184]}},{"t":0.38,"j":false,"c":{"p":[80.77,246.99,118.46],"r":[-0.1184,0,-0.993,0,1,0,0.993,0,-0.1184]}},{"t":0.43,"j":false,"c":{"p":[81.76,246.99,118.58],"r":[-0.1184,0,-0.993,0,1,0,0.993,0,-0.1184]}},{"t":0.47,"j":false,"c":{"p":[82.75,246.99,118.69],"r":[-0.1184,0,-0.993,0,1,0,0.993,0,-0.1184]}},{"t":0.51,"j":false,"c":{"p":[83.75,246.99,118.81],"r":[-0.1184,0,-0.993,0,1,0,0.993,0,-0.1184]}},{"t":0.55,"j":false,"c":{"p":[84.74,246.99,118.93],"r":[-0.1184,0,-0.993,0,1,0,0.993,0,-0.1184]}},{"t":0.59,"j":false,"c":{"p":[85.73,246.99,119.05],"r":[-0.1184,0,-0.993,0,1,0,0.993,0,-0.1184]}},{"t":0.64,"j":false,"c":{"p":[86.73,246.99,119.17],"r":[-0.1184,0,-0.993,0,1,0,0.993,0,-0.1184]}},{"t":0.68,"j":false,"c":{"p":[87.72,246.97,119.29],"r":[-0.1184,0,-0.993,0,1,0,0.993,0,-0.1184]}},{"t":0.68,"j":true,"c":{"p":[87.72,246.97,119.29],"r":[-0.1184,0,-0.993,0,1,0,0.993,0,-0.1184]}},{"t":0.69,"j":true,"c":{"p":[87.92,247.41,119.31],"r":[-0.1184,0,-0.993,0,1,0,0.993,0,-0.1184]}},{"t":0.69,"j":true,"c":{"p":[88.11,247.84,119.33],"r":[-0.1184,0,-0.993,0,1,0,0.993,0,-0.1184]}},{"t":0.72,"j":false,"c":{"p":[88.71,249.04,119.4],"r":[-0.1184,0,-0.993,0,1,0,0.993,0,-0.1184]}},{"t":0.76,"j":false,"c":{"p":[89.7,250.76,119.52],"r":[-0.1184,0,-0.993,0,1,0,0.993,0,-0.1184]}},{"t":0.8,"j":false,"c":{"p":[90.7,252.14,119.64],"r":[-0.1115,0,-0.9938,0,1,0,0.9938,0,-0.1115]}},{"t":0.84,"j":false,"c":{"p":[91.69,253.18,119.75],"r":[-0.1115,0,-0.9938,0,1,0,0.9938,0,-0.1115]}},{"t":0.88,"j":false,"c":{"p":[92.68,253.87,119.86],"r":[-0.1115,0,-0.9938,0,1,0,0.9938,0,-0.1115]}},{"t":0.93,"j":false,"c":{"p":[93.68,254.23,119.97],"r":[-0.1115,0,-0.9938,0,1,0,0.9938,0,-0.1115]}},{"t":0.97,"j":false,"c":{"p":[94.67,254.25,120.08],"r":[-0.1115,0,-0.9938,0,1,0,0.9938,0,-0.1115]}},{"t":1.01,"j":false,"c":{"p":[95.67,253.93,120.19],"r":[-0.1045,0,-0.9945,0,1,0,0.9945,0,-0.1045]}},{"t":1.05,"j":false,"c":{"p":[96.66,253.26,120.29],"r":[-0.1045,0,-0.9945,0,1,0,0.9945,0,-0.1045]}},{"t":1.09,"j":false,"c":{"p":[97.65,252.26,120.4],"r":[-0.1045,0,-0.9945,0,1,0,0.9945,0,-0.1045]}},{"t":1.13,"j":false,"c":{"p":[98.65,250.92,120.5],"r":[-0.1045,0,-0.9945,0,1,0,0.9945,0,-0.1045]}},{"t":1.18,"j":false,"c":{"p":[99.64,249.23,120.61],"r":[-0.1045,0,-0.9945,0,1,0,0.9945,0,-0.1045]}},{"t":1.22,"j":false,"c":{"p":[100.64,248.74,120.71],"r":[-0.1045,0,-0.9945,0,1,0,0.9945,0,-0.1045]}},{"t":1.23,"j":true,"c":{"p":[100.64,248.74,120.71],"r":[-0.1045,0,-0.9945,0,1,0,0.9945,0,-0.1045]}},{"t":1.24,"j":true,"c":{"p":[101.23,248.7,120.78],"r":[-0.1045,0,-0.9945,0,1,0,0.9945,0,-0.1045]}},{"t":1.25,"j":true,"c":{"p":[101.43,249.14,120.8],"r":[-0.1045,0,-0.9945,0,1,0,0.9945,0,-0.1045]}},{"t":1.27,"j":false,"c":{"p":[101.83,249.99,120.84],"r":[-0.1045,0,-0.9945,0,1,0,0.9945,0,-0.1045]}},{"t":1.27,"j":true,"c":{"p":[101.83,249.99,120.84],"r":[-0.1045,0,-0.9945,0,1,0,0.9945,0,-0.1045]}},{"t":1.31,"j":false,"c":{"p":[102.83,251.88,120.94],"r":[-0.1113,0,-0.9938,0,1,0,0.9938,0,-0.1113]}},{"t":1.35,"j":false,"c":{"p":[103.82,253.43,121.06],"r":[-0.1252,0,-0.9921,0,1,0,0.9921,0,-0.1252]}},{"t":1.39,"j":false,"c":{"p":[104.81,254.64,121.19],"r":[-0.1457,0,-0.9893,0,1,0,0.9893,0,-0.1457]}},{"t":1.43,"j":false,"c":{"p":[105.8,255.51,121.35],"r":[-0.1732,0,-0.9849,0,1,0,0.9849,0,-0.1732]}},{"t":1.48,"j":false,"c":{"p":[106.78,256.04,121.53],"r":[-0.194,0,-0.981,0,1,0,0.981,0,-0.194]}},{"t":1.52,"j":false,"c":{"p":[107.76,256.23,121.74],"r":[-0.2544,0,-0.9671,0,1,0,0.9671,0,-0.2544]}},{"t":1.56,"j":false,"c":{"p":[108.72,256.08,122.01],"r":[-0.3213,0,-0.947,0,1,0,0.947,0,-0.3213]}},{"t":1.6,"j":false,"c":{"p":[109.66,255.58,122.35],"r":[-0.3549,0,-0.9349,0,1,0,0.9349,0,-0.3549]}},{"t":1.64,"j":false,"c":{"p":[110.6,254.75,122.71],"r":[-0.3551,0,-0.9348,0,1,0,0.9348,0,-0.3551]}},{"t":1.68,"j":false,"c":{"p":[111.53,253.58,123.06],"r":[-0.3551,0,-0.9348,0,1,0,0.9348,0,-0.3551]}},{"t":1.73,"j":false,"c":{"p":[112.47,252.06,123.42],"r":[-0.3551,0,-0.9348,0,1,0,0.9348,0,-0.3551]}},{"t":1.77,"j":false,"c":{"p":[113.4,250.2,123.77],"r":[-0.3551,0,-0.9348,0,1,0,0.9348,0,-0.3551]}},{"t":1.82,"j":false,"c":{"p":[114.52,248.8,124.2],"r":[-0.3551,0,-0.9348,0,1,0,0.9348,0,-0.3551]}},{"t":1.82,"j":true,"c":{"p":[114.52,248.8,124.2],"r":[-0.3551,0,-0.9348,0,1,0,0.9348,0,-0.3551]}},{"t":1.85,"j":true,"c":{"p":[115.27,248.76,124.48],"r":[-0.3616,0,-0.9323,0,1,0,0.9323,0,-0.3616]}},{"t":1.86,"j":false,"c":{"p":[115.46,249.2,124.55],"r":[-0.3811,0,-0.9245,0,1,0,0.9245,0,-0.3811]}},{"t":1.86,"j":true,"c":{"p":[115.46,249.2,124.55],"r":[-0.3811,0,-0.9245,0,1,0,0.9245,0,-0.3811]}},{"t":1.87,"j":true,"c":{"p":[115.64,249.62,124.63],"r":[-0.4058,0,-0.914,0,1,0,0.914,0,-0.4058]}},{"t":1.9,"j":false,"c":{"p":[116.36,251.19,124.99],"r":[-0.5459,0,-0.8378,0,1,0,0.8378,0,-0.5459]}},{"t":1.94,"j":false,"c":{"p":[117.14,252.84,125.6],"r":[-0.7232,0,-0.6906,0,1,0,0.6906,0,-0.7232]}},{"t":1.98,"j":false,"c":{"p":[117.83,254.15,126.33],"r":[-0.729,0,-0.6846,0,1,0,0.6846,0,-0.729]}},{"t":2.03,"j":false,"c":{"p":[118.51,255.12,127.06],"r":[-0.7471,0,-0.6647,0,1,0,0.6647,0,-0.7471]}},{"t":2.07,"j":false,"c":{"p":[119.14,255.76,127.84],"r":[-0.8357,0,-0.5493,0,1,0,0.5493,0,-0.8357]}},{"t":2.11,"j":false,"c":{"p":[119.65,256.05,128.69],"r":[-0.8794,0,-0.4761,0,1,0,0.4761,0,-0.8794]}},{"t":2.15,"j":false,"c":{"p":[120.13,256,129.57],"r":[-0.8796,0,-0.4756,0,1,0,0.4756,0,-0.8796]}},{"t":2.19,"j":false,"c":{"p":[120.6,255.6,130.45],"r":[-0.8796,0,-0.4756,0,1,0,0.4756,0,-0.8796]}},{"t":2.23,"j":false,"c":{"p":[121.08,254.87,131.33],"r":[-0.8697,0,-0.4936,0,1,0,0.4936,0,-0.8697]}},{"t":2.28,"j":false,"c":{"p":[121.58,253.8,132.19],"r":[-0.8555,0,-0.5179,0,1,0,0.5179,0,-0.8555]}},{"t":2.32,"j":false,"c":{"p":[122.05,252.54,132.96],"r":[-0.8554,0,-0.518,0,1,0,0.518,0,-0.8554]}},{"t":2.36,"j":false,"c":{"p":[122.62,250.63,133.9],"r":[-0.8554,0,-0.518,0,1,0,0.518,0,-0.8554]}},{"t":2.39,"j":true,"c":{"p":[122.93,249.42,134.42],"r":[-0.8656,0,-0.5007,0,1,0,0.5007,0,-0.8656]}},{"t":2.4,"j":false,"c":{"p":[123.13,248.54,134.77],"r":[-0.8857,0,-0.4642,0,1,0,0.4642,0,-0.8857]}},{"t":2.4,"j":true,"c":{"p":[123.13,248.54,134.77],"r":[-0.8857,0,-0.4642,0,1,0,0.4642,0,-0.8857]}},{"t":2.45,"j":false,"c":{"p":[123.53,247.81,135.89],"r":[-0.9976,0,-0.0698,0,1,0,0.0698,0,-0.9976]}},{"t":2.45,"j":true,"c":{"p":[123.53,247.81,135.89],"r":[-0.9976,0,-0.0698,0,1,0,0.0698,0,-0.9976]}},{"t":2.46,"j":true,"c":{"p":[123.56,248.25,136.09],"r":[-1,0,0,0,1,0,0,0,-1]}},{"t":2.47,"j":true,"c":{"p":[123.58,248.67,136.29],"r":[-0.9977,0,0.0673,0,1,0,-0.0673,0,-0.9977]}},{"t":2.49,"j":false,"c":{"p":[123.59,249.87,136.88],"r":[-0.9758,0,0.2185,0,1,0,-0.2185,0,-0.9758]}},{"t":2.53,"j":false,"c":{"p":[123.41,251.59,137.85],"r":[-0.9353,0,0.3539,0,1,0,-0.3539,0,-0.9353]}},{"t":2.58,"j":false,"c":{"p":[122.99,253.09,138.87],"r":[-0.911,0,0.4124,0,1,0,-0.4124,0,-0.911]}},{"t":2.62,"j":false,"c":{"p":[122.62,254.01,139.69],"r":[-0.9078,0,0.4194,0,1,0,-0.4194,0,-0.9078]}},{"t":2.66,"j":false,"c":{"p":[122.16,254.76,140.69],"r":[-0.9078,0,0.4195,0,1,0,-0.4195,0,-0.9078]}},{"t":2.7,"j":false,"c":{"p":[121.8,255.07,141.51],"r":[-0.9462,0,0.3237,0,1,0,-0.3237,0,-0.9462]}},{"t":2.74,"j":false,"c":{"p":[121.56,255.09,142.48],"r":[-0.9982,0,0.0594,0,1,0,-0.0594,0,-0.9982]}},{"t":2.78,"j":false,"c":{"p":[121.54,254.76,143.48],"r":[-0.9998,0,-0.0207,0,1,0,0.0207,0,-0.9998]}},{"t":2.83,"j":false,"c":{"p":[121.56,254.1,144.48],"r":[-1,0,-0.0005,0,1,0,0.0005,0,-1]}},{"t":2.87,"j":false,"c":{"p":[121.55,253.1,145.48],"r":[-0.9998,0,0.0205,0,1,0,-0.0205,0,-0.9998]}},{"t":2.91,"j":false,"c":{"p":[121.5,251.75,146.48],"r":[-0.9939,0,0.1101,0,1,0,-0.1101,0,-0.9939]}},{"t":2.95,"j":false,"c":{"p":[121.34,250.07,147.46],"r":[-0.969,0,0.2471,0,1,0,-0.2471,0,-0.969]}},{"t":2.99,"j":false,"c":{"p":[121.07,248.04,148.43],"r":[-0.9511,0,0.3089,0,1,0,-0.3089,0,-0.9511]}},{"t":3.03,"j":false,"c":{"p":[120.73,247.81,149.36],"r":[-0.8988,0,0.4384,0,1,0,-0.4384,0,-0.8988]}},{"t":3.04,"j":true,"c":{"p":[120.73,247.81,149.36],"r":[-0.8988,0,0.4384,0,1,0,-0.4384,0,-0.8988]}},{"t":3.04,"j":true,"c":{"p":[120.65,248.25,149.55],"r":[-0.8829,0,0.4695,0,1,0,-0.4695,0,-0.8829]}},{"t":3.05,"j":true,"c":{"p":[120.56,248.67,149.73],"r":[-0.87,0,0.4931,0,1,0,-0.4931,0,-0.87]}},{"t":3.07,"j":false,"c":{"p":[120.25,249.87,150.24],"r":[-0.8261,0,0.5635,0,1,0,-0.5635,0,-0.8261]}},{"t":3.12,"j":false,"c":{"p":[119.68,251.59,151.06],"r":[-0.8131,0,0.5821,0,1,0,-0.5821,0,-0.8131]}},{"t":3.16,"j":false,"c":{"p":[119.1,252.97,151.88],"r":[-0.8131,0,0.5821,0,1,0,-0.5821,0,-0.8131]}},{"t":3.2,"j":false,"c":{"p":[118.52,254.01,152.69],"r":[-0.8131,0,0.5821,0,1,0,-0.5821,0,-0.8131]}},{"t":3.24,"j":false,"c":{"p":[117.94,254.71,153.5],"r":[-0.8131,0,0.5821,0,1,0,-0.5821,0,-0.8131]}},{"t":3.28,"j":false,"c":{"p":[117.35,255.07,154.32],"r":[-0.8131,0,0.5821,0,1,0,-0.5821,0,-0.8131]}},{"t":3.32,"j":false,"c":{"p":[116.77,255.08,155.13],"r":[-0.8052,0,0.593,0,1,0,-0.593,0,-0.8052]}},{"t":3.37,"j":false,"c":{"p":[116.14,254.76,155.91],"r":[-0.7206,0,0.6933,0,1,0,-0.6933,0,-0.7206]}},{"t":3.41,"j":false,"c":{"p":[115.43,254.1,156.61],"r":[-0.6897,0,0.7241,0,1,0,-0.7241,0,-0.6897]}},{"t":3.45,"j":false,"c":{"p":[114.71,253.09,157.3],"r":[-0.6896,0,0.7242,0,1,0,-0.7242,0,-0.6896]}},{"t":3.49,"j":false,"c":{"p":[113.99,251.75,157.99],"r":[-0.6946,0,0.7194,0,1,0,-0.7194,0,-0.6946]}},{"t":3.53,"j":false,"c":{"p":[113.27,250.06,158.69],"r":[-0.6995,0,0.7146,0,1,0,-0.7146,0,-0.6995]}},{"t":3.58,"j":false,"c":{"p":[112.56,248.04,159.39],"r":[-0.7096,0,0.7046,0,1,0,-0.7046,0,-0.7096]}},{"t":3.62,"j":false,"c":{"p":[111.85,247.81,160.1],"r":[-0.7145,0,0.6997,0,1,0,-0.6997,0,-0.7145]}},{"t":3.66,"j":false,"c":{"p":[111.17,247.95,160.83],"r":[-0.7837,0,0.6211,0,1,0,-0.6211,0,-0.7837]}},{"t":3.66,"j":true,"c":{"p":[111.17,247.95,160.83],"r":[-0.7837,0,0.6211,0,1,0,-0.6211,0,-0.7837]}},{"t":3.67,"j":true,"c":{"p":[111.04,248.39,160.99],"r":[-0.8007,0,0.599,0,1,0,-0.599,0,-0.8007]}},{"t":3.68,"j":true,"c":{"p":[110.92,248.82,161.14],"r":[-0.8127,0,0.5827,0,1,0,-0.5827,0,-0.8127]}},{"t":3.7,"j":false,"c":{"p":[110.57,250.01,161.63],"r":[-0.8287,0,0.5596,0,1,0,-0.5596,0,-0.8287]}},{"t":3.74,"j":false,"c":{"p":[110.01,251.73,162.46],"r":[-0.829,0,0.5592,0,1,0,-0.5592,0,-0.829]}},{"t":3.78,"j":false,"c":{"p":[109.45,253.11,163.29],"r":[-0.829,0,0.5592,0,1,0,-0.5592,0,-0.829]}},{"t":3.83,"j":false,"c":{"p":[108.9,254.15,164.12],"r":[-0.829,0,0.5592,0,1,0,-0.5592,0,-0.829]}},{"t":3.87,"j":false,"c":{"p":[108.37,254.85,164.97],"r":[-0.8822,0,0.4709,0,1,0,-0.4709,0,-0.8822]}},{"t":3.91,"j":false,"c":{"p":[107.94,255.21,165.87],"r":[-0.9413,0,0.3375,0,1,0,-0.3375,0,-0.9413]}},{"t":3.95,"j":false,"c":{"p":[107.65,255.23,166.83],"r":[-0.9765,0,0.2155,0,1,0,-0.2155,0,-0.9765]}},{"t":3.99,"j":false,"c":{"p":[107.48,254.91,167.81],"r":[-0.9882,0,0.1531,0,1,0,-0.1531,0,-0.9882]}},{"t":4.03,"j":false,"c":{"p":[107.34,254.24,168.8],"r":[-0.9974,0,0.0716,0,1,0,-0.0716,0,-0.9974]}},{"t":4.08,"j":false,"c":{"p":[107.31,253.24,169.8],"r":[-0.9998,0,-0.0204,0,1,0,0.0204,0,-0.9998]}},{"t":4.12,"j":false,"c":{"p":[107.33,251.89,170.8],"r":[-0.9998,0,-0.0209,0,1,0,0.0209,0,-0.9998]}},{"t":4.16,"j":false,"c":{"p":[107.35,250.21,171.8],"r":[-0.9998,0,-0.0209,0,1,0,0.0209,0,-0.9998]}},{"t":4.2,"j":false,"c":{"p":[107.38,248.18,172.8],"r":[-0.9998,0,-0.0209,0,1,0,0.0209,0,-0.9998]}},{"t":4.24,"j":false,"c":{"p":[107.39,247.86,173.8],"r":[-0.9996,0,0.0279,0,1,0,-0.0279,0,-0.9996]}},{"t":4.28,"j":false,"c":{"p":[107.33,247.96,174.8],"r":[-0.993,0,0.1184,0,1,0,-0.1184,0,-0.993]}},{"t":4.28,"j":true,"c":{"p":[107.33,247.96,174.8],"r":[-0.993,0,0.1184,0,1,0,-0.1184,0,-0.993]}},{"t":4.29,"j":true,"c":{"p":[107.31,248.41,175],"r":[-0.9921,0,0.1253,0,1,0,-0.1253,0,-0.9921]}},{"t":4.31,"j":true,"c":{"p":[107.27,249.26,175.39],"r":[-0.9912,0,0.1323,0,1,0,-0.1323,0,-0.9912]}},{"t":4.32,"j":false,"c":{"p":[107.22,250.05,175.79],"r":[-0.9912,0,0.1323,0,1,0,-0.1323,0,-0.9912]}},{"t":4.37,"j":false,"c":{"p":[107.08,251.81,176.78],"r":[-0.9937,0,0.1121,0,1,0,-0.1121,0,-0.9937]}},{"t":4.38,"j":true,"c":{"p":[107.06,252.12,176.98],"r":[-0.9951,0,0.0984,0,1,0,-0.0984,0,-0.9951]}},{"t":4.41,"j":false,"c":{"p":[107.01,253.22,177.78],"r":[-0.9999,0,-0.0122,0,1,0,0.0122,0,-0.9999]}},{"t":4.45,"j":false,"c":{"p":[107.06,254.3,178.78],"r":[-0.9914,0,-0.1307,0,1,0,0.1307,0,-0.9914]}},{"t":4.49,"j":false,"c":{"p":[107.23,255.03,179.76],"r":[-0.9673,0,-0.2535,0,1,0,0.2535,0,-0.9673]}},{"t":4.53,"j":false,"c":{"p":[107.51,255.42,180.72],"r":[-0.9512,0,-0.3087,0,1,0,0.3087,0,-0.9512]}},{"t":4.58,"j":false,"c":{"p":[107.82,255.47,181.67],"r":[-0.9446,0,-0.3283,0,1,0,0.3283,0,-0.9446]}},{"t":4.62,"j":false,"c":{"p":[108.15,255.19,182.61],"r":[-0.9397,0,-0.342,0,1,0,0.342,0,-0.9397]}},{"t":4.66,"j":false,"c":{"p":[108.5,254.56,183.55],"r":[-0.9397,0,-0.342,0,1,0,0.342,0,-0.9397]}},{"t":4.7,"j":false,"c":{"p":[108.84,253.59,184.49],"r":[-0.9397,0,-0.342,0,1,0,0.342,0,-0.9397]}},{"t":4.74,"j":false,"c":{"p":[109.18,252.28,185.43],"r":[-0.9397,0,-0.342,0,1,0,0.342,0,-0.9397]}},{"t":4.78,"j":false,"c":{"p":[109.52,250.62,186.37],"r":[-0.9397,0,-0.342,0,1,0,0.342,0,-0.9397]}},{"t":4.83,"j":false,"c":{"p":[109.86,248.63,187.31],"r":[-0.9397,0,-0.342,0,1,0,0.342,0,-0.9397]}},{"t":4.86,"j":true,"c":{"p":[110.15,247.78,188.06],"r":[-0.9191,0,-0.3939,0,1,0,0.3939,0,-0.9191]}},{"t":4.87,"j":false,"c":{"p":[110.22,247.82,188.25],"r":[-0.9048,0,-0.4258,0,1,0,0.4258,0,-0.9048]}},{"t":4.88,"j":true,"c":{"p":[110.31,247.86,188.43],"r":[-0.8894,0,-0.4571,0,1,0,0.4571,0,-0.8894]}},{"t":4.89,"j":true,"c":{"p":[110.39,248.3,188.61],"r":[-0.8695,0,-0.4939,0,1,0,0.4939,0,-0.8695]}},{"t":4.89,"j":true,"c":{"p":[110.48,248.72,188.79],"r":[-0.8343,0,-0.5513,0,1,0,0.5513,0,-0.8343]}},{"t":4.92,"j":false,"c":{"p":[110.8,249.92,189.29],"r":[-0.7808,0,-0.6248,0,1,0,0.6248,0,-0.7808]}},{"t":4.96,"j":false,"c":{"p":[111.47,251.64,190.04],"r":[-0.6907,0,-0.7231,0,1,0,0.7231,0,-0.6907]}},{"t":5,"j":false,"c":{"p":[112.22,253.02,190.7],"r":[-0.6269,0,-0.7791,0,1,0,0.7791,0,-0.6269]}},{"t":5.04,"j":false,"c":{"p":[113,254.06,191.32],"r":[-0.6266,0,-0.7793,0,1,0,0.7793,0,-0.6266]}},{"t":5.08,"j":false,"c":{"p":[113.78,254.76,191.95],"r":[-0.6266,0,-0.7793,0,1,0,0.7793,0,-0.6266]}},{"t":5.13,"j":false,"c":{"p":[114.55,255.12,192.59],"r":[-0.6582,0,-0.7528,0,1,0,0.7528,0,-0.6582]}},{"t":5.17,"j":false,"c":{"p":[115.29,255.14,193.26],"r":[-0.6794,0,-0.7338,0,1,0,0.7338,0,-0.6794]}},{"t":5.21,"j":false,"c":{"p":[116.02,254.81,193.94],"r":[-0.6894,0,-0.7244,0,1,0,0.7244,0,-0.6894]}},{"t":5.25,"j":false,"c":{"p":[116.74,254.15,194.63],"r":[-0.7046,0,-0.7096,0,1,0,0.7096,0,-0.7046]}},{"t":5.29,"j":false,"c":{"p":[117.45,253.14,195.34],"r":[-0.7046,0,-0.7096,0,1,0,0.7096,0,-0.7046]}},{"t":5.33,"j":false,"c":{"p":[118.16,251.8,196.04],"r":[-0.6998,0,-0.7144,0,1,0,0.7144,0,-0.6998]}},{"t":5.38,"j":false,"c":{"p":[118.88,250.11,196.74],"r":[-0.6849,0,-0.7287,0,1,0,0.7287,0,-0.6849]}},{"t":5.42,"j":false,"c":{"p":[119.61,248.82,197.42],"r":[-0.6691,0,-0.7431,0,1,0,0.7431,0,-0.6691]}},{"t":5.46,"j":false,"c":{"p":[120.36,248.78,198.09],"r":[-0.6691,0,-0.7431,0,1,0,0.7431,0,-0.6691]}},{"t":5.48,"j":true,"c":{"p":[120.65,248.64,198.35],"r":[-0.6691,0,-0.7431,0,1,0,0.7431,0,-0.6691]}},{"t":5.49,"j":true,"c":{"p":[120.8,249.09,198.49],"r":[-0.6691,0,-0.7431,0,1,0,0.7431,0,-0.6691]}},{"t":5.5,"j":false,"c":{"p":[121.1,249.94,198.75],"r":[-0.6641,0,-0.7476,0,1,0,0.7476,0,-0.6641]}},{"t":5.5,"j":true,"c":{"p":[121.1,249.94,198.75],"r":[-0.6641,0,-0.7476,0,1,0,0.7476,0,-0.6641]}},{"t":5.54,"j":false,"c":{"p":[121.85,251.83,199.42],"r":[-0.6639,0,-0.7478,0,1,0,0.7478,0,-0.6639]}},{"t":5.57,"j":true,"c":{"p":[122.3,252.8,199.82],"r":[-0.6639,0,-0.7478,0,1,0,0.7478,0,-0.6639]}},{"t":5.58,"j":false,"c":{"p":[122.6,253.38,200.08],"r":[-0.6639,0,-0.7478,0,1,0,0.7478,0,-0.6639]}},{"t":5.63,"j":false,"c":{"p":[123.34,254.59,200.75],"r":[-0.6589,0,-0.7523,0,1,0,0.7523,0,-0.6589]}},{"t":5.67,"j":false,"c":{"p":[124.11,255.46,201.39],"r":[-0.6054,0,-0.7959,0,1,0,0.7959,0,-0.6054]}},{"t":5.71,"j":false,"c":{"p":[124.93,255.99,201.96],"r":[-0.5305,0,-0.8477,0,1,0,0.8477,0,-0.5305]}},{"t":5.75,"j":false,"c":{"p":[125.78,256.17,202.49],"r":[-0.5299,0,-0.848,0,1,0,0.848,0,-0.5299]}},{"t":5.8,"j":false,"c":{"p":[126.63,256.02,203.02],"r":[-0.5299,0,-0.848,0,1,0,0.848,0,-0.5299]}},{"t":5.84,"j":false,"c":{"p":[127.64,255.39,203.66],"r":[-0.5299,0,-0.848,0,1,0,0.848,0,-0.5299]}},{"t":5.88,"j":false,"c":{"p":[128.49,254.49,204.19],"r":[-0.5299,0,-0.848,0,1,0,0.848,0,-0.5299]}},{"t":5.93,"j":false,"c":{"p":[129.34,253.24,204.72],"r":[-0.5299,0,-0.848,0,1,0,0.848,0,-0.5299]}},{"t":5.97,"j":false,"c":{"p":[130.19,251.66,205.25],"r":[-0.5299,0,-0.848,0,1,0,0.848,0,-0.5299]}},{"t":6.01,"j":false,"c":{"p":[131.04,249.74,205.78],"r":[-0.5299,0,-0.848,0,1,0,0.848,0,-0.5299]}},{"t":6.05,"j":true,"c":{"p":[131.71,247.95,206.2],"r":[-0.5299,0,-0.848,0,1,0,0.848,0,-0.5299]}},{"t":6.05,"j":false,"c":{"p":[131.88,247.77,206.31],"r":[-0.5299,0,-0.848,0,1,0,0.848,0,-0.5299]}},{"t":6.08,"j":true,"c":{"p":[132.56,247.87,206.73],"r":[-0.524,0,-0.8517,0,1,0,0.8517,0,-0.524]}},{"t":6.09,"j":false,"c":{"p":[132.73,248.31,206.83],"r":[-0.524,0,-0.8517,0,1,0,0.8517,0,-0.524]}},{"t":6.09,"j":true,"c":{"p":[132.73,248.31,206.83],"r":[-0.524,0,-0.8517,0,1,0,0.8517,0,-0.524]}},{"t":6.1,"j":true,"c":{"p":[132.9,248.73,206.94],"r":[-0.524,0,-0.8517,0,1,0,0.8517,0,-0.524]}},{"t":6.13,"j":false,"c":{"p":[133.58,250.3,207.36],"r":[-0.524,0,-0.8517,0,1,0,0.8517,0,-0.524]}},{"t":6.17,"j":false,"c":{"p":[134.44,251.95,207.88],"r":[-0.524,0,-0.8517,0,1,0,0.8517,0,-0.524]}},{"t":6.22,"j":false,"c":{"p":[135.29,253.26,208.41],"r":[-0.524,0,-0.8517,0,1,0,0.8517,0,-0.524]}},{"t":6.26,"j":false,"c":{"p":[136.14,254.23,208.93],"r":[-0.524,0,-0.8517,0,1,0,0.8517,0,-0.524]}},{"t":6.3,"j":false,"c":{"p":[136.99,254.87,209.45],"r":[-0.524,0,-0.8517,0,1,0,0.8517,0,-0.524]}},{"t":6.35,"j":false,"c":{"p":[138.01,255.17,210.08],"r":[-0.5298,0,-0.8481,0,1,0,0.8481,0,-0.5298]}},{"t":6.39,"j":false,"c":{"p":[138.86,255.05,210.61],"r":[-0.5299,0,-0.848,0,1,0,0.848,0,-0.5299]}},{"t":6.44,"j":false,"c":{"p":[139.79,254.53,211.2],"r":[-0.5299,0,-0.848,0,1,0,0.848,0,-0.5299]}},{"t":6.48,"j":false,"c":{"p":[140.72,253.59,211.79],"r":[-0.5416,0,-0.8406,0,1,0,0.8406,0,-0.5416]}},{"t":6.52,"j":false,"c":{"p":[141.56,252.39,212.33],"r":[-0.5417,0,-0.8406,0,1,0,0.8406,0,-0.5417]}},{"t":6.57,"j":false,"c":{"p":[142.32,251.01,212.82],"r":[-0.5475,0,-0.8368,0,1,0,0.8368,0,-0.5475]}},{"t":6.61,"j":false,"c":{"p":[143.24,248.95,213.42],"r":[-0.5589,0,-0.8293,0,1,0,0.8293,0,-0.5589]}},{"t":6.65,"j":false,"c":{"p":[144.06,247.73,213.99],"r":[-0.6101,0,-0.7923,0,1,0,0.7923,0,-0.6101]}},{"t":6.69,"j":false,"c":{"p":[144.84,247.92,214.62],"r":[-0.6691,0,-0.7431,0,1,0,0.7431,0,-0.6691]}},{"t":6.73,"j":false,"c":{"p":[145.57,247.98,215.3],"r":[-0.6845,0,-0.729,0,1,0,0.729,0,-0.6845]}},{"t":6.78,"j":false,"c":{"p":[146.3,247.99,215.98],"r":[-0.6896,0,-0.7242,0,1,0,0.7242,0,-0.6896]}},{"t":6.82,"j":false,"c":{"p":[147.02,247.99,216.67],"r":[-0.6947,0,-0.7193,0,1,0,0.7193,0,-0.6947]}},{"t":6.86,"j":false,"c":{"p":[147.74,247.99,217.37],"r":[-0.6947,0,-0.7193,0,1,0,0.7193,0,-0.6947]}},{"t":6.9,"j":false,"c":{"p":[148.46,247.99,218.06],"r":[-0.6997,0,-0.7145,0,1,0,0.7145,0,-0.6997]}},{"t":6.94,"j":false,"c":{"p":[149.17,247.99,218.77],"r":[-0.7431,0,-0.6691,0,1,0,0.6691,0,-0.7431]}},{"t":6.98,"j":false,"c":{"p":[149.8,247.99,219.55],"r":[-0.829,0,-0.5592,0,1,0,0.5592,0,-0.829]}},{"t":7.03,"j":false,"c":{"p":[150.35,247.99,220.38],"r":[-0.8368,0,-0.5476,0,1,0,0.5476,0,-0.8368]}},{"t":7.05,"j":true,"c":{"p":[150.68,247.99,220.88],"r":[-0.8368,0,-0.5476,0,1,0,0.5476,0,-0.8368]}},{"t":7.06,"j":true,"c":{"p":[150.79,248.43,221.05],"r":[-0.8368,0,-0.5476,0,1,0,0.5476,0,-0.8368]}},{"t":7.07,"j":false,"c":{"p":[150.9,248.86,221.22],"r":[-0.8368,0,-0.5476,0,1,0,0.5476,0,-0.8368]}},{"t":7.07,"j":true,"c":{"p":[150.9,248.86,221.22],"r":[-0.8368,0,-0.5476,0,1,0,0.5476,0,-0.8368]}},{"t":7.11,"j":false,"c":{"p":[151.45,250.79,222.05],"r":[-0.8405,0,-0.5418,0,1,0,0.5418,0,-0.8405]}},{"t":7.14,"j":true,"c":{"p":[151.88,252.08,222.73],"r":[-0.8406,0,-0.5417,0,1,0,0.5417,0,-0.8406]}},{"t":7.15,"j":false,"c":{"p":[151.99,252.37,222.89],"r":[-0.8406,0,-0.5417,0,1,0,0.5417,0,-0.8406]}},{"t":7.19,"j":false,"c":{"p":[152.58,253.72,223.82],"r":[-0.848,0,-0.53,0,1,0,0.53,0,-0.848]}},{"t":7.24,"j":false,"c":{"p":[153.15,254.66,224.76],"r":[-0.8758,0,-0.4827,0,1,0,0.4827,0,-0.8758]}},{"t":7.28,"j":false,"c":{"p":[153.6,255.15,225.66],"r":[-0.924,0,-0.3825,0,1,0,0.3825,0,-0.924]}},{"t":7.33,"j":false,"c":{"p":[154.01,255.3,226.78],"r":[-0.959,0,-0.2835,0,1,0,0.2835,0,-0.959]}},{"t":7.38,"j":false,"c":{"p":[154.25,255.04,227.75],"r":[-0.9869,0,-0.1614,0,1,0,0.1614,0,-0.9869]}},{"t":7.42,"j":false,"c":{"p":[154.39,254.44,228.74],"r":[-0.9944,0,-0.1053,0,1,0,0.1053,0,-0.9944]}},{"t":7.46,"j":false,"c":{"p":[154.46,253.51,229.74],"r":[-0.9998,0,0.0191,0,1,0,-0.0191,0,-0.9998]}},{"t":7.5,"j":false,"c":{"p":[154.4,252.23,230.74],"r":[-0.9959,0,0.0904,0,1,0,-0.0904,0,-0.9959]}},{"t":7.54,"j":false,"c":{"p":[154.31,250.61,231.73],"r":[-0.9959,0,0.0906,0,1,0,-0.0906,0,-0.9959]}},{"t":7.58,"j":false,"c":{"p":[154.22,248.97,232.73],"r":[-0.9959,0,0.0906,0,1,0,-0.0906,0,-0.9959]}},{"t":7.61,"j":true,"c":{"p":[154.17,248.95,233.33],"r":[-0.9959,0,0.0906,0,1,0,-0.0906,0,-0.9959]}},{"t":7.63,"j":false,"c":{"p":[154.13,248.95,233.72],"r":[-0.9959,0,0.0906,0,1,0,-0.0906,0,-0.9959]}},{"t":7.64,"j":true,"c":{"p":[154.11,248.91,233.92],"r":[-0.9959,0,0.0906,0,1,0,-0.0906,0,-0.9959]}},{"t":7.64,"j":true,"c":{"p":[154.09,249.35,234.12],"r":[-0.9959,0,0.0906,0,1,0,-0.0906,0,-0.9959]}},{"t":7.65,"j":true,"c":{"p":[154.07,249.78,234.32],"r":[-0.9959,0,0.0906,0,1,0,-0.0906,0,-0.9959]}},{"t":7.67,"j":false,"c":{"p":[154.04,250.59,234.72],"r":[-0.9959,0,0.0906,0,1,0,-0.0906,0,-0.9959]}},{"t":7.71,"j":false,"c":{"p":[153.95,252.38,235.72],"r":[-0.9959,0,0.0906,0,1,0,-0.0906,0,-0.9959]}},{"t":7.75,"j":false,"c":{"p":[153.84,253.83,236.71],"r":[-0.9851,0,0.1721,0,1,0,-0.1721,0,-0.9851]}},{"t":7.79,"j":false,"c":{"p":[153.62,254.93,237.68],"r":[-0.9537,0,0.3007,0,1,0,-0.3007,0,-0.9537]}},{"t":7.83,"j":false,"c":{"p":[153.26,255.7,238.62],"r":[-0.8645,0,0.5026,0,1,0,-0.5026,0,-0.8645]}},{"t":7.88,"j":false,"c":{"p":[152.73,256.13,239.46],"r":[-0.789,0,0.6144,0,1,0,-0.6144,0,-0.789]}},{"t":7.92,"j":false,"c":{"p":[152.1,256.21,240.24],"r":[-0.7574,0,0.6529,0,1,0,-0.6529,0,-0.7574]}},{"t":7.96,"j":false,"c":{"p":[151.43,255.96,240.98],"r":[-0.6958,0,0.7183,0,1,0,-0.7183,0,-0.6958]}},{"t":8,"j":false,"c":{"p":[150.68,255.36,241.64],"r":[-0.6109,0,0.7917,0,1,0,-0.7917,0,-0.6109]}},{"t":8.04,"j":false,"c":{"p":[149.88,254.43,242.25],"r":[-0.6046,0,0.7965,0,1,0,-0.7965,0,-0.6046]}},{"t":8.08,"j":false,"c":{"p":[149.08,253.15,242.84],"r":[-0.5602,0,0.8284,0,1,0,-0.8284,0,-0.5602]}},{"t":8.12,"j":false,"c":{"p":[148.25,251.53,243.4],"r":[-0.5476,0,0.8367,0,1,0,-0.8367,0,-0.5476]}},{"t":8.17,"j":false,"c":{"p":[147.41,249.58,243.94],"r":[-0.5476,0,0.8368,0,1,0,-0.8368,0,-0.5476]}},{"t":8.19,"j":true,"c":{"p":[146.91,248.24,244.27],"r":[-0.5476,0,0.8368,0,1,0,-0.8368,0,-0.5476]}},{"t":8.21,"j":false,"c":{"p":[146.57,247.85,244.49],"r":[-0.5476,0,0.8368,0,1,0,-0.8368,0,-0.5476]}},{"t":8.24,"j":true,"c":{"p":[145.9,247.93,244.93],"r":[-0.5476,0,0.8368,0,1,0,-0.8368,0,-0.5476]}},{"t":8.25,"j":false,"c":{"p":[145.74,248.37,245.04],"r":[-0.5476,0,0.8368,0,1,0,-0.8368,0,-0.5476]}},{"t":8.25,"j":true,"c":{"p":[145.74,248.37,245.04],"r":[-0.5476,0,0.8368,0,1,0,-0.8368,0,-0.5476]}},{"t":8.26,"j":true,"c":{"p":[145.57,248.79,245.15],"r":[-0.5476,0,0.8368,0,1,0,-0.8368,0,-0.5476]}},{"t":8.28,"j":true,"c":{"p":[145.23,249.6,245.37],"r":[-0.5476,0,0.8368,0,1,0,-0.8368,0,-0.5476]}},{"t":8.3,"j":false,"c":{"p":[144.73,250.72,245.7],"r":[-0.5476,0,0.8368,0,1,0,-0.8368,0,-0.5476]}},{"t":8.34,"j":false,"c":{"p":[143.9,252.3,246.24],"r":[-0.5476,0,0.8368,0,1,0,-0.8368,0,-0.5476]}},{"t":8.38,"j":false,"c":{"p":[143.06,253.55,246.79],"r":[-0.5476,0,0.8368,0,1,0,-0.8368,0,-0.5476]}},{"t":8.42,"j":false,"c":{"p":[142.22,254.45,247.33],"r":[-0.5187,0,0.855,0,1,0,-0.855,0,-0.5187]}},{"t":8.47,"j":false,"c":{"p":[141.35,255.01,247.82],"r":[-0.4024,0,0.9155,0,1,0,-0.9155,0,-0.4024]}},{"t":8.51,"j":false,"c":{"p":[140.41,255.23,248.16],"r":[-0.1839,0,0.9829,0,1,0,-0.9829,0,-0.1839]}},{"t":8.55,"j":false,"c":{"p":[139.42,255.12,248.27],"r":[0.068,0,0.9977,0,1,0,-0.9977,0,0.068]}},{"t":8.59,"j":false,"c":{"p":[138.43,254.66,248.15],"r":[0.1938,0,0.981,0,1,0,-0.981,0,0.1938]}},{"t":8.63,"j":false,"c":{"p":[137.45,253.86,247.96],"r":[0.1942,0,0.981,0,1,0,-0.981,0,0.1942]}},{"t":8.68,"j":false,"c":{"p":[136.47,252.72,247.77],"r":[0.1942,0,0.981,0,1,0,-0.981,0,0.1942]}},{"t":8.72,"j":false,"c":{"p":[135.49,251.24,247.57],"r":[0.1942,0,0.981,0,1,0,-0.981,0,0.1942]}},{"t":8.77,"j":false,"c":{"p":[134.31,249.01,247.34],"r":[0.1942,0,0.981,0,1,0,-0.981,0,0.1942]}},{"t":8.81,"j":false,"c":{"p":[133.33,248.89,247.15],"r":[0.1805,0,0.9836,0,1,0,-0.9836,0,0.1805]}},{"t":8.82,"j":true,"c":{"p":[133.13,248.89,247.11],"r":[0.1805,0,0.9836,0,1,0,-0.9836,0,0.1805]}},{"t":8.83,"j":true,"c":{"p":[132.93,248.85,247.08],"r":[0.1805,0,0.9836,0,1,0,-0.9836,0,0.1805]}},{"t":8.84,"j":true,"c":{"p":[132.74,249.29,247.04],"r":[0.1805,0,0.9836,0,1,0,-0.9836,0,0.1805]}},{"t":8.84,"j":true,"c":{"p":[132.54,249.71,247],"r":[0.1805,0,0.9836,0,1,0,-0.9836,0,0.1805]}},{"t":8.85,"j":false,"c":{"p":[132.34,250.12,246.97],"r":[0.1805,0,0.9836,0,1,0,-0.9836,0,0.1805]}},{"t":8.89,"j":false,"c":{"p":[131.36,251.98,246.79],"r":[0.1805,0,0.9836,0,1,0,-0.9836,0,0.1805]}},{"t":8.94,"j":false,"c":{"p":[130.38,253.5,246.61],"r":[0.1805,0,0.9836,0,1,0,-0.9836,0,0.1805]}},{"t":8.98,"j":false,"c":{"p":[129.2,254.87,246.38],"r":[0.2474,0,0.9689,0,1,0,-0.9689,0,0.2474]}},{"t":9.02,"j":false,"c":{"p":[128.24,255.63,246.1],"r":[0.3216,0,0.9469,0,1,0,-0.9469,0,0.3216]}},{"t":9.07,"j":false,"c":{"p":[127.3,256.06,245.77],"r":[0.3419,0,0.9397,0,1,0,-0.9397,0,0.3419]}},{"t":9.11,"j":false,"c":{"p":[126.36,256.15,245.42],"r":[0.3484,0,0.9373,0,1,0,-0.9373,0,0.3484]}},{"t":9.15,"j":false,"c":{"p":[125.42,255.89,245.07],"r":[0.3551,0,0.9348,0,1,0,-0.9348,0,0.3551]}},{"t":9.19,"j":false,"c":{"p":[124.49,255.3,244.72],"r":[0.3551,0,0.9348,0,1,0,-0.9348,0,0.3551]}},{"t":9.23,"j":false,"c":{"p":[123.55,254.36,244.36],"r":[0.3551,0,0.9348,0,1,0,-0.9348,0,0.3551]}},{"t":9.28,"j":false,"c":{"p":[122.62,253.08,244.01],"r":[0.3551,0,0.9348,0,1,0,-0.9348,0,0.3551]}},{"t":9.32,"j":false,"c":{"p":[121.68,251.47,243.65],"r":[0.3615,0,0.9324,0,1,0,-0.9324,0,0.3615]}},{"t":9.36,"j":false,"c":{"p":[120.75,249.51,243.28],"r":[0.3997,0,0.9166,0,1,0,-0.9166,0,0.3997]}},{"t":9.4,"j":false,"c":{"p":[119.84,247.73,242.87],"r":[0.4321,0,0.9018,0,1,0,-0.9018,0,0.4321]}},{"t":9.44,"j":true,"c":{"p":[119.12,247.88,242.52],"r":[0.4446,0,0.8957,0,1,0,-0.8957,0,0.4446]}},{"t":9.44,"j":false,"c":{"p":[118.94,248.32,242.43],"r":[0.4571,0,0.8894,0,1,0,-0.8894,0,0.4571]}},{"t":9.44,"j":true,"c":{"p":[118.94,248.32,242.43],"r":[0.4571,0,0.8894,0,1,0,-0.8894,0,0.4571]}},{"t":9.45,"j":true,"c":{"p":[118.77,248.74,242.34],"r":[0.4631,0,0.8863,0,1,0,-0.8863,0,0.4631]}},{"t":9.48,"j":false,"c":{"p":[118.06,250.31,241.96],"r":[0.4994,0,0.8664,0,1,0,-0.8664,0,0.4994]}},{"t":9.53,"j":false,"c":{"p":[117.2,251.96,241.44],"r":[0.5354,0,0.8446,0,1,0,-0.8446,0,0.5354]}},{"t":9.57,"j":false,"c":{"p":[116.36,253.28,240.9],"r":[0.5644,0,0.8255,0,1,0,-0.8255,0,0.5644]}},{"t":9.61,"j":false,"c":{"p":[115.55,254.25,240.32],"r":[0.6042,0,0.7968,0,1,0,-0.7968,0,0.6042]}},{"t":9.65,"j":false,"c":{"p":[114.76,254.88,239.71],"r":[0.6156,0,0.788,0,1,0,-0.788,0,0.6156]}},{"t":9.69,"j":false,"c":{"p":[113.97,255.17,239.09],"r":[0.6157,0,0.788,0,1,0,-0.788,0,0.6157]}},{"t":9.73,"j":false,"c":{"p":[113.18,255.12,238.48],"r":[0.6157,0,0.788,0,1,0,-0.788,0,0.6157]}},{"t":9.78,"j":false,"c":{"p":[112.39,254.73,237.86],"r":[0.6157,0,0.788,0,1,0,-0.788,0,0.6157]}},{"t":9.82,"j":false,"c":{"p":[111.61,253.99,237.25],"r":[0.6157,0,0.788,0,1,0,-0.788,0,0.6157]}},{"t":9.86,"j":false,"c":{"p":[110.82,252.92,236.63],"r":[0.6103,0,0.7922,0,1,0,-0.7922,0,0.6103]}},{"t":9.9,"j":false,"c":{"p":[110.02,251.51,236.02],"r":[0.6101,0,0.7923,0,1,0,-0.7923,0,0.6101]}},{"t":9.94,"j":false,"c":{"p":[109.23,249.76,235.41],"r":[0.6101,0,0.7923,0,1,0,-0.7923,0,0.6101]}},{"t":9.98,"j":false,"c":{"p":[108.44,247.77,234.8],"r":[0.6101,0,0.7923,0,1,0,-0.7923,0,0.6101]}},{"t":10.03,"j":false,"c":{"p":[107.65,247.87,234.18],"r":[0.6428,0,0.766,0,1,0,-0.766,0,0.6428]}},{"t":10.03,"j":true,"c":{"p":[107.65,247.87,234.18],"r":[0.6428,0,0.766,0,1,0,-0.766,0,0.6428]}},{"t":10.04,"j":true,"c":{"p":[107.5,248.31,234.06],"r":[0.6481,0,0.7615,0,1,0,-0.7615,0,0.6481]}},{"t":10.04,"j":true,"c":{"p":[107.34,248.74,233.93],"r":[0.6481,0,0.7615,0,1,0,-0.7615,0,0.6481]}},{"t":10.07,"j":false,"c":{"p":[106.89,249.93,233.54],"r":[0.6585,0,0.7526,0,1,0,-0.7526,0,0.6585]}},{"t":10.11,"j":false,"c":{"p":[106.14,251.65,232.87],"r":[0.6691,0,0.7432,0,1,0,-0.7432,0,0.6691]}},{"t":10.15,"j":false,"c":{"p":[105.4,253.03,232.2],"r":[0.6743,0,0.7385,0,1,0,-0.7385,0,0.6743]}},{"t":10.19,"j":false,"c":{"p":[104.66,254.07,231.53],"r":[0.6843,0,0.7292,0,1,0,-0.7292,0,0.6843]}},{"t":10.23,"j":false,"c":{"p":[103.94,254.77,230.84],"r":[0.6946,0,0.7194,0,1,0,-0.7194,0,0.6946]}},{"t":10.28,"j":false,"c":{"p":[103.22,255.13,230.14],"r":[0.6993,0,0.7148,0,1,0,-0.7148,0,0.6993]}},{"t":10.32,"j":false,"c":{"p":[102.51,255.15,229.44],"r":[0.7046,0,0.7096,0,1,0,-0.7096,0,0.7046]}},{"t":10.36,"j":false,"c":{"p":[101.8,254.83,228.74],"r":[0.7046,0,0.7096,0,1,0,-0.7096,0,0.7046]}},{"t":10.4,"j":false,"c":{"p":[101.09,254.16,228.03],"r":[0.7046,0,0.7096,0,1,0,-0.7096,0,0.7046]}},{"t":10.44,"j":false,"c":{"p":[100.38,253.16,227.33],"r":[0.7046,0,0.7096,0,1,0,-0.7096,0,0.7046]}},{"t":10.48,"j":false,"c":{"p":[99.67,251.81,226.62],"r":[0.7046,0,0.7096,0,1,0,-0.7096,0,0.7046]}},{"t":10.53,"j":false,"c":{"p":[98.96,250.13,225.92],"r":[0.7046,0,0.7096,0,1,0,-0.7096,0,0.7046]}},{"t":10.57,"j":false,"c":{"p":[98.25,248.83,225.21],"r":[0.7046,0,0.7096,0,1,0,-0.7096,0,0.7046]}},{"t":10.61,"j":false,"c":{"p":[97.53,248.79,224.52],"r":[0.6587,0,0.7524,0,1,0,-0.7524,0,0.6587]}},{"t":10.64,"j":true,"c":{"p":[96.91,248.47,224.02],"r":[0.5476,0,0.8368,0,1,0,-0.8368,0,0.5476]}},{"t":10.65,"j":false,"c":{"p":[96.75,248.91,223.9],"r":[0.5299,0,0.848,0,1,0,-0.848,0,0.5299]}},{"t":10.65,"j":true,"c":{"p":[96.75,248.91,223.9],"r":[0.5299,0,0.848,0,1,0,-0.848,0,0.5299]}},{"t":10.66,"j":true,"c":{"p":[96.58,249.33,223.79],"r":[0.5185,0,0.8551,0,1,0,-0.8551,0,0.5185]}},{"t":10.69,"j":false,"c":{"p":[95.89,250.9,223.38],"r":[0.4764,0,0.8792,0,1,0,-0.8792,0,0.4764]}},{"t":10.73,"j":false,"c":{"p":[95,252.55,222.94],"r":[0.3887,0,0.9214,0,1,0,-0.9214,0,0.3887]}},{"t":10.77,"j":false,"c":{"p":[94.07,253.86,222.56],"r":[0.3746,0,0.9272,0,1,0,-0.9272,0,0.3746]}},{"t":10.82,"j":false,"c":{"p":[93.14,254.84,222.19],"r":[0.3681,0,0.9298,0,1,0,-0.9298,0,0.3681]}},{"t":10.86,"j":false,"c":{"p":[92.21,255.47,221.82],"r":[0.3869,0,0.9221,0,1,0,-0.9221,0,0.3869]}},{"t":10.9,"j":false,"c":{"p":[91.3,255.76,221.41],"r":[0.444,0,0.896,0,1,0,-0.896,0,0.444]}},{"t":10.94,"j":false,"c":{"p":[90.41,255.71,220.96],"r":[0.457,0,0.8895,0,1,0,-0.8895,0,0.457]}},{"t":10.98,"j":false,"c":{"p":[89.52,255.31,220.51],"r":[0.4265,0,0.9045,0,1,0,-0.9045,0,0.4265]}},{"t":11.02,"j":false,"c":{"p":[88.6,254.58,220.1],"r":[0.3753,0,0.9269,0,1,0,-0.9269,0,0.3753]}},{"t":11.07,"j":false,"c":{"p":[87.67,253.51,219.75],"r":[0.2839,0,0.9589,0,1,0,-0.9589,0,0.2839]}},{"t":11.11,"j":false,"c":{"p":[86.7,252.1,219.49],"r":[0.2422,0,0.9702,0,1,0,-0.9702,0,0.2422]}},{"t":11.16,"j":false,"c":{"p":[85.53,249.95,219.24],"r":[0.1271,0,0.9919,0,1,0,-0.9919,0,0.1271]}},{"t":11.2,"j":false,"c":{"p":[84.53,247.94,219.16],"r":[0.0211,0,0.9998,0,1,0,-0.9998,0,0.0211]}},{"t":11.24,"j":true,"c":{"p":[83.73,247.92,219.14],"r":[0.0209,0,0.9998,0,1,0,-0.9998,0,0.0209]}},{"t":11.24,"j":false,"c":{"p":[83.53,247.93,219.14],"r":[0.0209,0,0.9998,0,1,0,-0.9998,0,0.0209]}},{"t":11.24,"j":true,"c":{"p":[83.53,247.93,219.14],"r":[0.0209,0,0.9998,0,1,0,-0.9998,0,0.0209]}},{"t":11.25,"j":true,"c":{"p":[83.33,248.37,219.13],"r":[0.0209,0,0.9998,0,1,0,-0.9998,0,0.0209]}},{"t":11.26,"j":true,"c":{"p":[83.13,248.8,219.13],"r":[0.0209,0,0.9998,0,1,0,-0.9998,0,0.0209]}},{"t":11.28,"j":false,"c":{"p":[82.53,250,219.12],"r":[0.0209,0,0.9998,0,1,0,-0.9998,0,0.0209]}},{"t":11.33,"j":false,"c":{"p":[81.53,251.72,219.1],"r":[0.0209,0,0.9998,0,1,0,-0.9998,0,0.0209]}},{"t":11.37,"j":false,"c":{"p":[80.53,253.1,219.08],"r":[0.0209,0,0.9998,0,1,0,-0.9998,0,0.0209]}},{"t":11.41,"j":false,"c":{"p":[79.53,254.14,219.06],"r":[0.0209,0,0.9998,0,1,0,-0.9998,0,0.0209]}},{"t":11.45,"j":false,"c":{"p":[78.53,254.84,219.03],"r":[0.0209,0,0.9998,0,1,0,-0.9998,0,0.0209]}},{"t":11.49,"j":false,"c":{"p":[77.53,255.19,219.01],"r":[0.0348,0,0.9994,0,1,0,-0.9994,0,0.0348]}},{"t":11.53,"j":false,"c":{"p":[76.53,255.21,218.97],"r":[0.0349,0,0.9994,0,1,0,-0.9994,0,0.0349]}},{"t":11.58,"j":false,"c":{"p":[75.53,254.89,218.95],"r":[-0.0197,0,0.9998,0,1,0,-0.9998,0,-0.0197]}},{"t":11.62,"j":false,"c":{"p":[74.54,254.23,219.01],"r":[-0.1645,0,0.9864,0,1,0,-0.9864,0,-0.1645]}},{"t":11.66,"j":false,"c":{"p":[73.56,253.22,219.21],"r":[-0.228,0,0.9737,0,1,0,-0.9737,0,-0.228]}},{"t":11.7,"j":false,"c":{"p":[72.58,251.88,219.44],"r":[-0.2284,0,0.9736,0,1,0,-0.9736,0,-0.2284]}},{"t":11.74,"j":false,"c":{"p":[71.62,250.19,219.69],"r":[-0.2948,0,0.9556,0,1,0,-0.9556,0,-0.2948]}},{"t":11.78,"j":false,"c":{"p":[70.66,248.16,219.98],"r":[-0.2957,0,0.9553,0,1,0,-0.9553,0,-0.2957]}},{"t":11.83,"j":false,"c":{"p":[69.71,247.85,220.29],"r":[-0.3355,0,0.9421,0,1,0,-0.9421,0,-0.3355]}},{"t":11.84,"j":true,"c":{"p":[69.52,247.89,220.36],"r":[-0.342,0,0.9397,0,1,0,-0.9397,0,-0.342]}},{"t":11.84,"j":true,"c":{"p":[69.33,248.33,220.42],"r":[-0.3486,0,0.9373,0,1,0,-0.9373,0,-0.3486]}},{"t":11.85,"j":true,"c":{"p":[69.15,248.75,220.49],"r":[-0.3549,0,0.9349,0,1,0,-0.9349,0,-0.3549]}},{"t":11.87,"j":false,"c":{"p":[68.77,249.56,220.63],"r":[-0.3614,0,0.9324,0,1,0,-0.9324,0,-0.3614]}},{"t":11.91,"j":false,"c":{"p":[67.85,251.35,221.02],"r":[-0.4554,0,0.8903,0,1,0,-0.8903,0,-0.4554]}},{"t":11.92,"j":true,"c":{"p":[67.67,251.67,221.11],"r":[-0.486,0,0.874,0,1,0,-0.874,0,-0.486]}},{"t":11.95,"j":false,"c":{"p":[66.99,252.8,221.53],"r":[-0.5753,0,0.8179,0,1,0,-0.8179,0,-0.5753]}},{"t":11.99,"j":false,"c":{"p":[66.17,253.91,222.1],"r":[-0.5764,0,0.8171,0,1,0,-0.8171,0,-0.5764]}},{"t":12.03,"j":false,"c":{"p":[65.35,254.67,222.68],"r":[-0.5764,0,0.8171,0,1,0,-0.8171,0,-0.5764]}},{"t":12.07,"j":false,"c":{"p":[64.54,255.1,223.25],"r":[-0.5764,0,0.8171,0,1,0,-0.8171,0,-0.5764]}},{"t":12.12,"j":false,"c":{"p":[63.72,255.19,223.83],"r":[-0.5819,0,0.8132,0,1,0,-0.8132,0,-0.5819]}},{"t":12.17,"j":false,"c":{"p":[62.76,254.84,224.55],"r":[-0.6101,0,0.7923,0,1,0,-0.7923,0,-0.6101]}},{"t":12.21,"j":false,"c":{"p":[61.97,254.18,225.16],"r":[-0.6101,0,0.7923,0,1,0,-0.7923,0,-0.6101]}},{"t":12.26,"j":false,"c":{"p":[61.02,252.93,225.89],"r":[-0.6101,0,0.7923,0,1,0,-0.7923,0,-0.6101]}},{"t":12.3,"j":false,"c":{"p":[60.22,251.52,226.5],"r":[-0.6155,0,0.7882,0,1,0,-0.7882,0,-0.6155]}},{"t":12.34,"j":false,"c":{"p":[59.44,249.76,227.12],"r":[-0.6211,0,0.7837,0,1,0,-0.7837,0,-0.6211]}},{"t":12.38,"j":false,"c":{"p":[58.66,248.85,227.74],"r":[-0.6211,0,0.7837,0,1,0,-0.7837,0,-0.6211]}},{"t":12.42,"j":false,"c":{"p":[57.87,248.74,228.37],"r":[-0.6211,0,0.7837,0,1,0,-0.7837,0,-0.6211]}},{"t":12.47,"j":false,"c":{"p":[57.17,248.3,228.92],"r":[-0.6266,0,0.7793,0,1,0,-0.7793,0,-0.6266]}},{"t":12.51,"j":false,"c":{"p":[56.31,247.95,229.62],"r":[-0.632,0,0.7749,0,1,0,-0.7749,0,-0.632]}},{"t":12.55,"j":false,"c":{"p":[55.54,247.98,230.25],"r":[-0.6374,0,0.7705,0,1,0,-0.7705,0,-0.6374]}},{"t":12.6,"j":false,"c":{"p":[54.61,247.99,231.02],"r":[-0.6374,0,0.7705,0,1,0,-0.7705,0,-0.6374]}},{"t":12.64,"j":false,"c":{"p":[53.84,247.99,231.65],"r":[-0.6374,0,0.7705,0,1,0,-0.7705,0,-0.6374]}},{"t":12.68,"j":false,"c":{"p":[53.07,247.99,232.29],"r":[-0.6374,0,0.7705,0,1,0,-0.7705,0,-0.6374]}},{"t":12.72,"j":false,"c":{"p":[52.3,247.99,232.93],"r":[-0.6374,0,0.7705,0,1,0,-0.7705,0,-0.6374]}},{"t":12.77,"j":false,"c":{"p":[51.53,247.99,233.56],"r":[-0.6374,0,0.7705,0,1,0,-0.7705,0,-0.6374]}},{"t":12.81,"j":false,"c":{"p":[50.76,247.99,234.2],"r":[-0.6374,0,0.7705,0,1,0,-0.7705,0,-0.6374]}},{"t":12.85,"j":false,"c":{"p":[49.99,247.99,234.84],"r":[-0.6374,0,0.7705,0,1,0,-0.7705,0,-0.6374]}},{"t":12.89,"j":false,"c":{"p":[49.3,247.99,235.41],"r":[-0.6374,0,0.7705,0,1,0,-0.7705,0,-0.6374]}},{"t":12.93,"j":false,"c":{"p":[48.45,247.99,236.11],"r":[-0.6374,0,0.7705,0,1,0,-0.7705,0,-0.6374]}},{"t":12.97,"j":false,"c":{"p":[47.68,247.99,236.75],"r":[-0.6374,0,0.7705,0,1,0,-0.7705,0,-0.6374]}},{"t":13.02,"j":false,"c":{"p":[46.91,247.99,237.39],"r":[-0.6266,0,0.7793,0,1,0,-0.7793,0,-0.6266]}},{"t":13.06,"j":false,"c":{"p":[46.12,247.99,238.01],"r":[-0.6046,0,0.7965,0,1,0,-0.7965,0,-0.6046]}},{"t":13.11,"j":false,"c":{"p":[45.15,247.99,238.71],"r":[-0.5534,0,0.8329,0,1,0,-0.8329,0,-0.5534]}},{"t":13.16,"j":false,"c":{"p":[44.21,247.99,239.27],"r":[-0.4509,0,0.8926,0,1,0,-0.8926,0,-0.4509]}},{"t":13.2,"j":false,"c":{"p":[43.22,247.99,239.77],"r":[-0.4446,0,0.8957,0,1,0,-0.8957,0,-0.4446]}},{"t":13.26,"j":false,"c":{"p":[41.97,247.99,240.39],"r":[-0.4384,0,0.8988,0,1,0,-0.8988,0,-0.4384]}},{"t":13.3,"j":true,"c":{"p":[41.24,247.99,240.72],"r":[-0.3551,0,0.9348,0,1,0,-0.9348,0,-0.3551]}},{"t":13.3,"j":true,"c":{"p":[41.06,248.43,240.8],"r":[-0.3355,0,0.9421,0,1,0,-0.9421,0,-0.3355]}},{"t":13.32,"j":false,"c":{"p":[40.59,249.47,240.97],"r":[-0.3239,0,0.9461,0,1,0,-0.9461,0,-0.3239]}},{"t":13.33,"j":true,"c":{"p":[40.59,249.47,240.97],"r":[-0.3239,0,0.9461,0,1,0,-0.9461,0,-0.3239]}},{"t":13.37,"j":false,"c":{"p":[39.54,251.46,241.3],"r":[-0.2825,0,0.9593,0,1,0,-0.9593,0,-0.2825]}},{"t":13.41,"j":false,"c":{"p":[38.58,252.91,241.58],"r":[-0.2823,0,0.9593,0,1,0,-0.9593,0,-0.2823]}},{"t":13.45,"j":false,"c":{"p":[37.62,254.02,241.87],"r":[-0.2759,0,0.9612,0,1,0,-0.9612,0,-0.2759]}},{"t":13.49,"j":false,"c":{"p":[36.66,254.78,242.14],"r":[-0.2756,0,0.9613,0,1,0,-0.9613,0,-0.2756]}},{"t":13.53,"j":false,"c":{"p":[35.7,255.21,242.42],"r":[-0.2627,0,0.9649,0,1,0,-0.9649,0,-0.2627]}},{"t":13.58,"j":false,"c":{"p":[34.72,255.3,242.63],"r":[-0.1272,0,0.9919,0,1,0,-0.9919,0,-0.1272]}},{"t":13.62,"j":false,"c":{"p":[33.73,255.04,242.73],"r":[-0.0429,0,0.9991,0,1,0,-0.9991,0,-0.0429]}},{"t":13.66,"j":false,"c":{"p":[32.73,254.45,242.76],"r":[-0.0144,0,0.9999,0,1,0,-0.9999,0,-0.0144]}},{"t":13.7,"j":false,"c":{"p":[31.73,253.51,242.74],"r":[0.0958,0,0.9954,0,1,0,-0.9954,0,0.0958]}},{"t":13.74,"j":false,"c":{"p":[30.74,252.23,242.62],"r":[0.139,0,0.9903,0,1,0,-0.9903,0,0.139]}},{"t":13.78,"j":false,"c":{"p":[29.75,