{"v":1,"d":[{"t":0,"j":false,"c":{"p":[232.88160230577256,314.2543640136719,-144.30133936625487],"r":[0.47562408447265625,5.6269418974471403e-8,0.8796486258506775,-9.02366577516455e-8,1,-1.5177299790291567e-8,-0.8796486258506775,-7.21578645706226e-8,0.47562408447265625]}},{"t":0.016666666666666666,"j":false,"c":{"p":[232.69021874253824,314.2543640136719,-144.4048231145171],"r":[0.47562408447265625,4.477776570107663e-8,0.8796486258506775,-6.492492211780094e-8,1,-1.5799386671930526e-8,-0.8796486258506775,-4.959655129052948e-8,0.47562408447265625]}},{"t":0.03333333333333333,"j":false,"c":{"p":[232.48648644284182,314.2543640136719,-144.5149839959344],"r":[0.47562408447265625,3.418389783966582e-8,0.8796486258506775,-4.159066583035049e-8,1,-1.637287301594144e-8,-0.8796486258506775,-2.879784061044363e-8,0.47562408447265625]}},{"t":0.05,"j":false,"c":{"p":[232.30279777598085,314.2543640136719,-144.61430700695385],"r":[0.47562408447265625,2.3590029978255018e-8,0.8796486258506775,-1.8256409542900036e-8,1,-1.6946359359952352e-8,-0.8796486258506775,-7.999129930357781e-9,0.47562408447265625]}},{"t":0.06666666666666667,"j":false,"c":{"p":[232.1058760469194,314.2543640136719,-144.72078531832594],"r":[0.47562408447265625,1.2996162116844216e-8,0.8796486258506775,5.0778467445504076e-9,1,-1.751984570396327e-8,-0.8796486258506775,1.2799580749728063e-8,0.47562408447265625]}},{"t":0.08333333333333333,"j":false,"c":{"p":[231.9094715868183,314.2543640136719,-144.82698393519354],"r":[0.47562408447265625,2.402294255433413e-9,0.8796486258506775,2.841210303200086e-8,1,-1.8093332047974184e-8,-0.8796486258506775,3.3598291429813916e-8,0.47562408447265625]}},{"t":0.09999999999999999,"j":false,"c":{"p":[231.7127277399461,314.2543640136719,-144.93336587174232],"r":[0.47562408447265625,-1.088089682240778e-8,0.8796486258506775,5.721063805794585e-8,1,-1.8564072106075822e-8,-0.8796486258506775,5.9154778856490485e-8,0.47562408447265625]}},{"t":0.11666666666666665,"j":false,"c":{"p":[231.45866169151347,314.2543640136719,-145.07073798293567],"r":[0.47562408447265625,-2.7023675263739534e-8,0.8796486258506775,8.800800159304757e-8,1,-1.686474527814688e-8,-0.8796486258506775,8.5437397026176e-8,0.47562408447265625]}},{"t":0.13333333333333333,"j":false,"c":{"p":[231.12694368853727,314.2543640136719,-145.25009116895347],"r":[0.47562408447265625,-2.577652095203287e-8,0.8796486258506775,7.588629011790581e-8,1,-1.1728349391510275e-8,-0.8796486258506775,7.233155653952123e-8,0.47562408447265625]}},{"t":0.15,"j":false,"c":{"p":[230.77831698861445,314.2543640136719,-145.43855841650267],"r":[0.47562408447265625,-2.045930455103043e-8,0.8796486258506775,5.379253666944065e-8,1,-5.8270102749278965e-9,-0.8796486258506775,5.0089997499328175e-8,0.47562408447265625]}},{"t":0.16666666666666666,"j":false,"c":{"p":[230.4322798833365,314.2543640136719,-145.62575083332854],"r":[0.4761332930530399,-1.3991385882439267e-8,0.8793378040999524,2.7220150255623522e-8,1,1.218720663925188e-9,-0.8793378040999524,2.3372885495985552e-8,0.4761332930530399]}},{"t":0.18333333333333332,"j":false,"c":{"p":[230.0855893668857,314.2543640136719,-145.81453309736696],"r":[0.4795125863592225,-1.0376907965300135e-9,0.8772750779360493,-2.459544014472216e-8,1,1.4714660055576598e-8,-0.8772750779360493,-2.8570070481472016e-8,0.4795125863592225]}},{"t":0.19999999999999998,"j":false,"c":{"p":[229.7368157576362,314.2543640136719,-146.00838383806627],"r":[0.49541845921703803,2.208035940217796e-9,0.8675661071155805,-2.8626890684751927e-8,1,1.4171217523597643e-8,-0.8675661071155805,-3.159638453557232e-8,0.49541845921703803]}},{"t":0.21666666666666665,"j":false,"c":{"p":[229.38800350686088,314.2543829807558,-146.2023017053603],"r":[0.5098560976572091,5.154157132035004e-9,0.8587533489862318,-3.228620732877879e-8,1,1.3677938917647469e-8,-0.8587533489862318,-3.4343346523140124e-8,0.5098560976572091]}},{"t":0.2333333333333333,"j":false,"c":{"p":[229.03746852692956,314.25823436231536,-146.39497712995217],"r":[0.530643509024951,9.365189397152506e-9,0.8460474364706392,-3.7513213875403454e-8,1,1.2970064170373319e-8,-0.8460474364706392,-3.8270241685982786e-8,0.530643509024951]}},{"t":0.24999999999999997,"j":false,"c":{"p":[228.69936702792617,314.23466507974183,-146.596280653464],"r":[0.5662650085865404,1.1411125814108048e-8,0.8213813558310853,-3.947300790476053e-8,1,1.2151546467454117e-8,-0.8213813558310853,-4.026782607618238e-8,0.5662650085865404]}},{"t":0.26666666666666666,"j":false,"c":{"p":[228.41045775967405,314.1026077844226,-146.83172066984326],"r":[0.6060258504077912,-3.2236722966407064e-10,0.7860052274188106,-2.2689686757300033e-8,1,1.2307484952390218e-8,-0.7860052274188106,-2.9669347146260025e-8,0.6060258504077912]}},{"t":0.2833333333333333,"j":false,"c":{"p":[228.13178615935453,313.9479724471605,-147.07426502105392],"r":[0.6455321118457807,-1.641213887395857e-8,0.7483758685801387,-1.6359255331888254e-11,1,1.2800560342632368e-8,-0.7483758685801387,-1.5083209390191736e-8,0.6455321118457807]}},{"t":0.3,"j":false,"c":{"p":[227.8518542562996,313.79566914261704,-147.31475436536576],"r":[0.6890559591927184,-3.4138158482079625e-8,0.7069197952832967,2.496273036548048e-8,1,1.3343778992899142e-8,-0.7069197952832967,9.862644088665478e-10,0.6890559591927184]}},{"t":0.31666666666666665,"j":false,"c":{"p":[227.57707571820254,313.6374491599364,-147.5731944800718],"r":[0.7369852761543868,-5.325028693100424e-8,0.6602668830043351,5.040182254995775e-8,1,1.5906886402377458e-8,-0.6602668830043351,1.5485178939246165e-8,0.7369852761543868]}},{"t":0.3333333333333333,"j":false,"c":{"p":[227.32734667072103,313.4504693718321,-147.91888974906848],"r":[0.7936704239382142,-7.468447975636894e-8,0.6022240656573695,7.456160350047327e-8,1,2.456833564524168e-8,-0.6022240656573695,2.3472008395992064e-8,0.7936704239382142]}},{"t":0.35,"j":false,"c":{"p":[227.08431428887573,313.2541755688015,-148.28887850504293],"r":[0.8165052677590439,-8.201849326904321e-8,0.5756536514633069,7.770313184114771e-8,1,3.431869109873376e-8,-0.5756536514633069,1.65017501306023e-8,0.8165052677590439]}},{"t":0.36666666666666664,"j":false,"c":{"p":[226.84165919201448,313.065409008038,-148.65544608382675],"r":[0.8278314868603506,-8.439321862157456e-8,0.5592316205668181,7.238243500817496e-8,1,4.591654297906281e-8,-0.5592316205668181,2.2562408972958402e-9,0.8278314868603506]}},{"t":0.3833333333333333,"j":false,"c":{"p":[226.60877632922595,312.9380073273802,-149.01287529100864],"r":[0.8480479156409814,-8.892114022254684e-8,0.5299195612038063,6.203264392946932e-8,1,6.852829216466504e-8,-0.5299195612038063,-2.5242964291925572e-8,0.8480479156409814]}},{"t":0.39999999999999997,"j":false,"c":{"p":[226.39827523313284,312.9507031379121,-149.34964166300097],"r":[0.8480479268539408,-9.03712538698594e-8,0.5299195499908468,5.775702256090419e-8,1,7.810719336590035e-8,-0.5299195499908468,-3.563206772951451e-8,0.8480479268539408]}},{"t":0.41666666666666663,"j":false,"c":{"p":[226.18810302275838,312.96548684496986,-149.68609793349253],"r":[0.8480479370318577,-9.168751087280464e-8,0.5299195398129299,5.387607393405283e-8,1,8.680188830240614e-8,-0.5299195398129299,-4.5062177003633576e-8,0.8480479370318577]}},{"t":0.4333333333333333,"j":false,"c":{"p":[225.9777169177136,312.9787657600092,-150.02278839471884],"r":[0.848047950670717,-9.16997207944736e-8,0.5299195261740706,4.782866343726204e-8,1,9.650280540682396e-8,-0.5299195261740706,-5.649366156886156e-8,0.848047950670717]}},{"t":0.44999999999999996,"j":false,"c":{"p":[225.76689619827889,312.9879944830836,-150.36017438913814],"r":[0.8480479673148505,-8.444364076858787e-8,0.529919509529937,3.693381877842949e-8,1,1.0024539650103427e-7,-0.529919509529937,-6.544095013559953e-8,0.8480479673148505]}},{"t":0.4666666666666666,"j":false,"c":{"p":[225.55534382443187,312.99040488423714,-150.69873128342027],"r":[0.8480479717254639,-6.429566643988056e-8,0.5299195051193237,2.523640864208225e-8,1,8.09443339674291e-8,-0.5299195051193237,-5.5271409832682985e-8,0.8480479717254639]}},{"t":0.4833333333333333,"j":false,"c":{"p":[225.3436647257833,312.99163433099824,-151.03749098117106],"r":[0.8480479717254639,-4.064980254180038e-8,0.5299195051193237,1.3805617815365891e-8,1,5.461579665292455e-8,-0.5299195051193237,-3.900094689789502e-8,0.8480479717254639]}},{"t":0.49999999999999994,"j":false,"c":{"p":[225.13211478405498,312.99295174601906,-151.3760439832229],"r":[0.8480479717254639,-1.0123637159366735e-8,0.5299195051193237,-8.762586097290887e-10,1,2.050640762258726e-8,-0.5299195051193237,-1.78547623306776e-8,0.8480479717254639]}},{"t":0.5166666666666666,"j":false,"c":{"p":[224.92384202776776,312.9938305872043,-151.70935235622736],"r":[0.8480479717254639,3.3432240262828244e-8,0.5299195051193237,-2.1120621339747684e-8,1,-2.928924506170702e-8,-0.5299195051193237,1.3646455889216273e-8,0.8480479717254639]}},{"t":0.5333333333333333,"j":false,"c":{"p":[224.72041662181687,312.99406072508356,-152.03490329382453],"r":[0.8480479717254639,4.2267108614762833e-8,0.5299195051193237,-2.3723081812086584e-8,1,-4.1796535473384785e-8,-0.5299195051193237,2.2874143233540215e-8,0.8480479717254639]}},{"t":0.55,"j":false,"c":{"p":[224.51817988117858,312.99414799040824,-152.3585428883399],"r":[0.8480479717254639,4.2872124838889045e-8,0.5299195051193237,-2.215918645573923e-8,1,-4.54410030024916e-8,-0.5299195051193237,2.6793565066431277e-8,0.8480479717254639]}},{"t":0.5666666666666668,"j":false,"c":{"p":[224.31519946616092,312.99425363368687,-152.6834180333003],"r":[0.8480830616518594,4.3022732068521407e-8,0.5298629105178392,-1.9943936081779283e-8,1,-4.927302466726595e-8,-0.5298629105178392,3.121629532394528e-8,0.8480830616518594]}},{"t":0.5833333333333335,"j":false,"c":{"p":[224.1071051613783,312.9943237304688,-153.01688008545818],"r":[0.8483427271071868,4.032664880703246e-8,0.5294441104668536,-1.3400973389367798e-8,1,-5.467601661683159e-8,-0.5294441104668536,3.92587847701877e-8,0.8483427271071868]}},{"t":0.6000000000000002,"j":false,"c":{"p":[223.88899737525435,312.99432422383734,-153.36715611659332],"r":[0.8490836227670784,2.8371960635509386e-8,0.5282491608354275,-5.748989298815021e-9,1,-4.441877315329123e-8,-0.5282491608354275,3.459582578527405e-8,0.8490836227670784]}},{"t":0.6166666666666669,"j":false,"c":{"p":[223.67065465727933,312.99432373046875,-153.7177477765234],"r":[0.8497804505304227,1.726165762824016e-8,0.5271252858769783,1.7925020508584642e-9,1,-3.557476710954284e-8,-0.5271252858769783,3.107395321884715e-8,0.8497804505304227]}},{"t":0.6333333333333336,"j":false,"c":{"p":[223.45310817257067,312.99432373046875,-154.06761755141548],"r":[0.8506131451473289,2.0485188036044655e-9,0.5257822787851185,1.212939076654005e-8,1,-2.3464240642311342e-8,-0.5257822787851185,2.624618323930066e-8,0.8506131451473289]}},{"t":0.6500000000000004,"j":false,"c":{"p":[223.23845400164322,312.99432373046875,-154.41508374972236],"r":[0.8515004772304922,-1.9244323145052887e-8,0.5243511499458919,2.662121465510661e-8,1,-6.512578348305455e-9,-0.5243511499458919,1.947685497058983e-8,0.8515004772304922]}},{"t":0.6666666666666671,"j":false,"c":{"p":[223.0255384869841,312.99432373046875,-154.76110508629833],"r":[0.8517268896102905,-3.3214027525032936e-8,0.5239859819412231,3.615957587820403e-8,1,4.610706597312989e-9,-0.5239859819412231,1.5020047063731454e-8,0.8517268896102905]}},{"t":0.6833333333333338,"j":false,"c":{"p":[222.81273387679104,312.99432373046875,-155.10703425881528],"r":[0.8517268896102905,-4.517587037666409e-8,0.5239859819412231,4.434368682471443e-8,1,1.4136182746391224e-8,-0.5239859819412231,1.1195302476612002e-8,0.8517268896102905]}},{"t":0.7000000000000005,"j":false,"c":{"p":[222.6000602037757,312.99432373046875,-155.45273735804994],"r":[0.8517268896102905,-5.781185918950694e-8,0.5239859819412231,5.292867988044463e-8,1,2.429660696555639e-8,-0.5239859819412231,7.039812180879487e-9,0.8517268896102905]}},{"t":0.7166666666666672,"j":false,"c":{"p":[222.38930115071187,312.99432373046875,-155.79532822415428],"r":[0.8517268896102905,-7.721314687591901e-8,0.5239859819412231,6.574802075717185e-8,1,4.048541967305705e-8,-0.5239859819412231,-3.1479556463388963e-11,0.8517268896102905]}},{"t":0.733333333333334,"j":false,"c":{"p":[222.17915934907012,312.99432373046875,-156.1369157421404],"r":[0.8517268896102905,-8.472400004241406e-8,0.5239859819412231,7.033957969796366e-8,1,4.735602140791783e-8,-0.5239859819412231,-3.4774429842482888e-9,0.8517268896102905]}},{"t":0.7500000000000007,"j":false,"c":{"p":[221.96899587970427,312.99432373046875,-156.4785384812202],"r":[0.8517268896102905,-8.939626568229128e-8,0.5239859819412231,7.297304007314744e-8,1,5.199216938225899e-8,-0.5239859819412231,-6.046278296239954e-9,0.8517268896102905]}},{"t":0.7666666666666674,"j":false,"c":{"p":[221.7592229918863,312.99432373046875,-156.81952632624058],"r":[0.8517268896102905,-9.098998472518802e-8,0.5239859819412231,7.300012007642503e-8,1,5.498968116953002e-8,-0.5239859819412231,-8.585149924193437e-9,0.8517268896102905]}},{"t":0.7833333333333341,"j":false,"c":{"p":[221.5526170994326,312.99432373046875,-157.15536618986232],"r":[0.8517268896102905,-7.335615120568591e-8,0.5239859819412231,5.6614175229169316e-8,1,4.7971394034899736e-8,-0.5239859819412231,-1.1193491463656864e-8,0.8517268896102905]}},{"t":0.8000000000000008,"j":false,"c":{"p":[221.34711958514038,312.99432373046875,-157.48940437413094],"r":[0.8517268896102905,-3.829876133203205e-8,0.5239859819412231,2.8670212090422146e-8,1,2.6488442684506867e-8,-0.5239859819412231,-7.538129816726786e-9,0.8517268896102905]}},{"t":0.8166666666666675,"j":false,"c":{"p":[221.1417867481202,312.99432373046875,-157.82317487391163],"r":[0.8517268896102905,-4.774839389045831e-9,0.5239859819412231,1.7421760000681827e-9,1,6.280669601413241e-9,-0.5239859819412231,-4.4365401942429215e-9,0.8517268896102905]}},{"t":0.8333333333333343,"j":false,"c":{"p":[220.93526344068525,312.99432373046875,-158.15888049479165],"r":[0.8517268896102905,3.4783445380015125e-8,0.5239859819412231,-2.989569363529554e-8,1,-1.7787647703498275e-8,-0.5239859819412231,-5.147080935184332e-10,0.8517268896102905]}},{"t":0.850000000000001,"j":false,"c":{"p":[220.72398539567806,312.99432373046875,-158.5023149872873],"r":[0.8517268896102905,7.366139748457738e-8,0.5239859819412231,-6.061578968947123e-8,1,-4.2049405113728204e-8,-0.5239859819412231,4.0527827306585165e-9,0.8517268896102905]}},{"t":0.8666666666666677,"j":false,"c":{"p":[220.50978012429036,312.99432373046875,-158.8505077143945],"r":[0.8517268896102905,7.432341337386777e-8,0.5239859819412231,-6.040508246790084e-8,1,-4.365532817959762e-8,-0.5239859819412231,5.530998365285556e-9,0.8517268896102905]}},{"t":0.8833333333333344,"j":false,"c":{"p":[220.29537638780218,312.99432373046875,-159.19902304842975],"r":[0.8517268896102905,6.109589831696694e-8,0.5239859819412231,-4.892127572946437e-8,1,-3.7077961637935235e-8,-0.5239859819412231,5.946232613580899e-9,0.8517268896102905]}},{"t":0.9000000000000011,"j":false,"c":{"p":[220.0813839852646,312.99432373046875,-159.5468697551754],"r":[0.8517268896102905,4.645589497933596e-8,0.5239859819412231,-3.6211180287393233e-8,1,-2.9798238091082025e-8,-0.5239859819412231,6.4058086299433945e-9,0.8517268896102905]}},{"t":0.9166666666666679,"j":false,"c":{"p":[219.87230628414005,312.99432373046875,-159.88672756754508],"r":[0.8517268896102905,1.993563352569104e-8,0.5239859819412231,-1.318692896953455e-8,1,-1.6611077458733424e-8,-0.5239859819412231,7.23833497967874e-9,0.8517268896102905]}},{"t":0.9333333333333346,"j":false,"c":{"p":[219.6647054156712,312.99432373046875,-160.22418477424077],"r":[0.8517268896102905,5.417844372456905e-9,0.5239859819412231,-5.82931035882236e-10,1,-9.392133889119659e-9,-0.5239859819412231,7.694085148595154e-9,0.8517268896102905]}},{"t":0.9500000000000013,"j":false,"c":{"p":[219.45726633146774,312.99432373046875,-160.56137899905838],"r":[0.8517268896102905,-6.1655814054008485e-9,0.5239859819412231,9.47352418415125e-9,1,-3.632299379236929e-9,-0.5239859819412231,8.057720964396167e-9,0.8517268896102905]}},{"t":0.966666666666668,"j":false,"c":{"p":[219.2494756370699,312.99432373046875,-160.89914476962588],"r":[0.8517268896102905,-2.0437728135714994e-8,0.5239859819412231,2.1864263794205115e-8,1,3.464494961661546e-9,-0.5239859819412231,8.5057644486851e-9,0.8517268896102905]}},{"t":0.9833333333333347,"j":false,"c":{"p":[219.03916979010415,312.99432373046875,-161.24099894486264],"r":[0.8517268896102905,-5.3095664464601343e-8,0.5239859819412231,5.02171138617646e-8,1,1.970357810343082e-8,-0.5239859819412231,9.53099692476859e-9,0.8517268896102905]}},{"t":1.0000000000000013,"j":false,"c":{"p":[218.82784406689547,312.99432373046875,-161.58451093873296],"r":[0.8517268896102905,-6.281541799270628e-8,0.5239859819412231,5.865557994753502e-8,1,2.4536694658807114e-8,-0.5239859819412231,9.836139352640672e-9,0.8517268896102905]}},{"t":1.016666666666668,"j":false,"c":{"p":[218.6165285223554,312.99432373046875,-161.92800638707976],"r":[0.8517268896102905,-7.457088127258683e-8,0.5239859819412231,6.886140075575879e-8,1,3.038206390963526e-8,-0.5239859819412231,1.0205188079961528e-8,0.8517268896102905]}},{"t":1.0333333333333345,"j":false,"c":{"p":[218.40504313755508,312.99432373046875,-162.27177791240163],"r":[0.8517268896102905,-8.456050847588774e-8,0.5239859819412231,7.73461995541681e-8,1,3.5654907613291516e-8,-0.5239859819412231,1.0160080782101463e-8,0.8517268896102905]}},{"t":1.0500000000000012,"j":false,"c":{"p":[218.1928885455827,312.99432373046875,-162.61663724041262],"r":[0.8517268896102905,-8.477465239334303e-8,0.5239859819412231,7.685859594166747e-8,1,3.685617859201462e-8,-0.5239859819412231,8.88142837731147e-9,0.8517268896102905]}},{"t":1.0666666666666678,"j":false,"c":{"p":[217.9804006216514,312.99432373046875,-162.9620384027261],"r":[0.8517268896102905,-6.772173740728343e-8,0.5239859819412231,6.112514030772962e-8,1,2.98859387023479e-8,-0.5239859819412231,6.574058914287922e-9,0.8517268896102905]}},{"t":1.0833333333333344,"j":false,"c":{"p":[217.76790316936172,312.99432373046875,-163.30745505347758],"r":[0.8517268896102905,-4.377813029707749e-8,0.5239859819412231,3.92801997313636e-8,1,1.969924596511648e-8,-0.5239859819412231,3.803896445132605e-9,0.8517268896102905]}},{"t":1.100000000000001,"j":false,"c":{"p":[217.55587393912126,312.99432373046875,-163.65211060478882],"r":[0.8517268896102905,-1.8837211673442352e-8,0.5239859819412231,1.6547026160597054e-8,1,9.053037909431026e-9,-0.5239859819412231,9.59693891331003e-10,0.8517268896102905]}},{"t":1.1166666666666676,"j":false,"c":{"p":[217.3496875238109,312.99432373046875,-163.9872686042828],"r":[0.8517268896102905,1.758664293951224e-8,0.5239859819412231,-1.6524349311210025e-8,1,-6.703252470875472e-9,-0.5239859819412231,-2.9491870013909055e-9,0.8517268896102905]}},{"t":1.1333333333333342,"j":false,"c":{"p":[217.14495605790128,312.99432373046875,-164.32006156954415],"r":[0.8517268896102905,3.0397695839828195e-8,0.5239859819412231,-2.802930896442362e-8,1,-1.2451439543453943e-8,-0.5239859819412231,-4.081739075635924e-9,0.8517268896102905]}},{"t":1.1500000000000008,"j":false,"c":{"p":[216.94038178206912,312.99432373046875,-164.652599020824],"r":[0.8517268896102905,3.7598372451338955e-8,0.5239859819412231,-3.4412155474683435e-8,1,-1.5818389469118866e-8,-0.5239859819412231,-4.558539385327112e-9,0.8517268896102905]}},{"t":1.1666666666666674,"j":false,"c":{"p":[216.73516366297366,312.99432373046875,-164.9861830455156],"r":[0.8517268896102905,4.415212854036753e-8,0.5239859819412231,-4.016390610827588e-8,1,-1.8976556696258173e-8,-0.5239859819412231,-4.882480139972093e-9,0.8517268896102905]}},{"t":1.183333333333334,"j":false,"c":{"p":[216.5250852307689,312.99432373046875,-165.3276675558728],"r":[0.8517268896102905,4.7297865483282315e-8,0.5239859819412231,-4.2525746166130754e-8,1,-2.114091634018604e-8,-0.5239859819412231,-4.276607909407091e-9,0.8517268896102905]}},{"t":1.2000000000000006,"j":false,"c":{"p":[216.31296244930968,312.99432373046875,-165.67247517558914],"r":[0.8517268896102905,3.015232704379718e-8,0.5239859819412231,-2.675695357703579e-8,1,-1.4051349127682066e-8,-0.5239859819412231,-2.0523566613140816e-9,0.8517268896102905]}},{"t":1.2166666666666672,"j":false,"c":{"p":[216.1007467994172,312.99432373046875,-166.01743375383595],"r":[0.8517268896102905,1.4805720607697762e-8,0.5239859819412231,-1.2595485553085671e-8,1,-7.782281811302044e-9,-0.5239859819412231,2.8520870229856813e-11,0.8517268896102905]}},{"t":1.2333333333333338,"j":false,"c":{"p":[215.88908866860834,312.99432373046875,-166.36148607945483],"r":[0.8517268896102905,-6.710569510633688e-9,0.5239859819412231,7.259215061436717e-9,1,1.0070903586391787e-9,-0.5239859819412231,2.9459610382462734e-9,0.8517268896102905]}},{"t":1.2500000000000004,"j":false,"c":{"p":[215.67949773939864,312.99432373046875,-166.70217814900883],"r":[0.8517268896102905,-3.738420677195891e-8,0.5239859819412231,3.556409228191333e-8,1,1.3537220082403664e-8,-0.5239859819412231,7.1050714432536475e-9,0.8517268896102905]}},{"t":1.266666666666667,"j":false,"c":{"p":[215.47091710811313,312.99432373046875,-167.04122796957836],"r":[0.8517268896102905,-5.708817522593192e-8,0.5239859819412231,5.374643291467877e-8,1,2.1586252315836093e-8,-0.5239859819412231,9.776785764886944e-9,0.8517268896102905]}},{"t":1.2833333333333337,"j":false,"c":{"p":[215.26236137704296,312.99432373046875,-167.38023731460854],"r":[0.8517268896102905,-7.365410856435394e-8,0.5239859819412231,6.903307348058014e-8,1,2.8353400016133987e-8,-0.5239859819412231,1.2023009352436437e-8,0.8517268896102905]}},{"t":1.3000000000000003,"j":false,"c":{"p":[215.05430694649706,312.99432373046875,-167.71843179081924],"r":[0.8517268896102905,-8.779278166977754e-8,0.5239859819412231,8.204879550434527e-8,1,3.417957242033125e-8,-0.5239859819412231,1.3880757433165081e-8,0.8517268896102905]}},{"t":1.3166666666666669,"j":false,"c":{"p":[214.8528567897922,312.99432373046875,-168.04589095643553],"r":[0.8517268896102905,-8.919770741135299e-8,0.5239859819412231,8.311086636553233e-8,1,3.5134428716859315e-8,-0.5239859819412231,1.3623990852692342e-8,0.8517268896102905]}},{"t":1.3333333333333335,"j":false,"c":{"p":[214.65359320510674,312.99432373046875,-168.36979582822178],"r":[0.8517268896102905,-6.855047269953815e-8,0.5239859819412231,6.37759203745958e-8,1,2.7158754542649143e-8,-0.5239859819412231,1.0285846459165332e-8,0.8517268896102905]}},{"t":1.35,"j":false,"c":{"p":[214.45443578674727,312.99432373046875,-168.69352812562497],"r":[0.8517268898829666,-3.488831889916825e-8,0.5239859813958709,3.233239807264668e-8,1,1.4026989947141995e-8,-0.5239859813958709,4.994558783560585e-9,0.8517268898829666]}},{"t":1.3666666666666667,"j":false,"c":{"p":[214.25220583887378,312.99432373046875,-169.02225484927962],"r":[0.851726892169087,1.4215083484240148e-8,0.5239859768236301,-1.3524167787565993e-8,1,-5.145531387642477e-9,-0.5239859768236301,-2.7038864200771896e-9,0.851726892169087]}},{"t":1.3833333333333333,"j":false,"c":{"p":[214.03744749318273,312.99432373046875,-169.3713466039817],"r":[0.8517269027231092,2.7626989083328464e-8,0.5239859557155855,-2.599407976280719e-8,1,-1.047190662102099e-8,-0.5239859557155855,-4.701327262079338e-9,0.8517269027231092]}},{"t":1.4,"j":false,"c":{"p":[213.8216649356824,312.99432373046875,-169.72208580628364],"r":[0.8517269132817942,3.37403744060464e-8,0.523985934598216,-3.1646153670882047e-8,1,-1.2951670750618633e-8,-0.523985934598216,-5.550851791766691e-9,0.8517269132817942]}},{"t":1.4166666666666665,"j":false,"c":{"p":[213.60601690098224,312.99432373046875,-170.07271097732593],"r":[0.8518205468791902,4.0923946305632025e-8,0.5238300978388734,-3.827250877361253e-8,1,-1.589274141216994e-8,-0.5238300978388734,-6.52464297989038e-9,0.8518205468791902]}},{"t":1.4333333333333331,"j":false,"c":{"p":[213.39282568427615,312.99432373046875,-170.42125357165665],"r":[0.8525380092305666,4.4876095988012924e-8,0.5226360367642907,-4.1810332556558385e-8,1,-1.7704353590554733e-8,-0.5226360367642907,-6.886485011580542e-9,0.8525380092305666]}},{"t":1.4499999999999997,"j":false,"c":{"p":[213.18393838450606,312.99432373046875,-170.7661478545533],"r":[0.8541343296594935,3.417228413945081e-8,0.5199793176039356,-3.1655900363062856e-8,1,-1.3826509445826401e-8,-0.5199793176039356,-4.982205263162467e-9,0.8541343296594935]}},{"t":1.4666666666666663,"j":false,"c":{"p":[212.9761362519584,312.99432373046875,-171.11011080259792],"r":[0.8560000224893805,1.8383389802052482e-8,0.5168742900895593,-1.6756510493657388e-8,1,-7.964297871812714e-9,-0.5168742900895593,-2.3009499821872123e-9,0.8560000224893805]}},{"t":1.483333333333333,"j":false,"c":{"p":[212.76821299929114,312.99432373046875,-171.45419935799973],"r":[0.8580554467934937,9.888451930492657e-10,0.5134534970652457,-3.419284341381081e-10,1,-1.505929188575419e-9,-0.5134534970652457,6.529753273626554e-10,0.8580554467934937]}},{"t":1.4999999999999996,"j":false,"c":{"p":[212.56179667779057,312.99432373046875,-171.7988835359294],"r":[0.8622922738532385,-3.971869768983496e-8,0.5064022481225359,3.8084457660635276e-8,1,1.357014702020081e-8,-0.5064022481225359,7.54411342734531e-9,0.8622922738532385]}},{"t":1.5166666666666662,"j":false,"c":{"p":[212.35849050391718,312.99432373046875,-172.14479701618703],"r":[0.8625136017799377,-5.386964078472171e-8,0.5060338973999023,5.1469039624392036e-8,1,1.8727788037701932e-8,-0.5060338973999023,9.892106259640357e-9,0.8625136017799377]}},{"t":1.5333333333333328,"j":false,"c":{"p":[212.15557250917044,312.99432373046875,-172.49087475830973],"r":[0.8625136017799377,-6.660653267337292e-8,0.5060338973999023,6.352038814315394e-8,1,2.3356805647466336e-8,-0.5060338973999023,1.1997906136342016e-8,0.8625136017799377]}},{"t":1.5499999999999994,"j":false,"c":{"p":[211.95260725457553,312.99432373046875,-172.83688277526537],"r":[0.8625136017799377,-8.145258906034081e-8,0.5060338973999023,7.755703283234837e-8,1,2.8769998938722373e-8,-0.5060338973999023,1.4431970917374358e-8,0.8625136017799377]}},{"t":1.566666666666666,"j":false,"c":{"p":[211.7498409754621,312.99432373046875,-173.18255158582883],"r":[0.8625136017799377,-9.508605820243494e-8,0.5060338973999023,9.039914133671167e-8,1,3.382297165472415e-8,-0.5060338973999023,1.6572255038740527e-8,0.8625136017799377]}},{"t":1.5833333333333326,"j":false,"c":{"p":[211.54755588143757,312.99432373046875,-173.5274000890016],"r":[0.8625136017799377,-6.653266920607954e-8,0.5060338973999023,6.319808125607326e-8,1,2.376019574607087e-8,-0.5060338973999023,1.1486878289433522e-8,0.8625136017799377]}},{"t":1.5999999999999992,"j":false,"c":{"p":[211.34527391959827,312.99432373046875,-173.87224325253504],"r":[0.8625136017799377,-3.488879278114008e-8,0.5060338973999023,3.3075880703347274e-8,1,1.2569108055721379e-8,-0.5060338973999023,5.8964897837539785e-9,0.8625136017799377]}},{"t":1.6166666666666658,"j":false,"c":{"p":[211.14321574269977,312.99432373046875,-174.21670491538407],"r":[0.8625136017799377,6.119023751233002e-9,0.5060338973999023,-5.958035479854899e-9,1,-1.9369046597586695e-9,-0.5060338973999023,-1.3443607994934531e-9,0.8625136017799377]}},{"t":1.6333333333333324,"j":false,"c":{"p":[210.9444742219522,312.99432373046875,-174.55551245965017],"r":[0.8625136017799377,5.5427711802333075e-8,0.5060338973999023,-5.2881775729973604e-8,1,-1.9398828175600033e-8,-0.5060338973999023,-1.002821642033146e-8,0.8625136017799377]}},{"t":1.649999999999999,"j":false,"c":{"p":[210.75113058527202,312.99432373046875,-174.88511788128852],"r":[0.8625136017799377,6.36888206087734e-8,0.5060338973999023,-6.07160717120827e-8,1,-2.2370806682216926e-8,-0.5060338973999023,-1.1429263849066546e-8,0.8625136017799377]}},{"t":1.6666666666666656,"j":false,"c":{"p":[210.55918172904822,312.99432373046875,-175.21234553033352],"r":[0.8625136017799377,5.6273223731556474e-8,0.5060338973999023,-5.3622749502439926e-8,1,-1.9806728194373643e-8,-0.5060338973999023,-1.0051355290050158e-8,0.8625136017799377]}},{"t":1.6833333333333322,"j":false,"c":{"p":[210.36696081341083,312.99432373046875,-175.54003697668398],"r":[0.8625136017799377,4.8103498358348284e-8,0.5060338973999023,-4.5808072491813566e-8,1,-1.698189596200285e-8,-0.5060338973999023,-8.533320436895937e-9,0.8625136017799377]}},{"t":1.6999999999999988,"j":false,"c":{"p":[210.16699127434453,312.99432373046875,-175.880938003325],"r":[0.8625136017799377,2.362812484570713e-8,0.5060338973999023,-2.2413260583472283e-8,1,-8.49030825857836e-9,-0.5060338973999023,-4.018863113014539e-9,0.8625136017799377]}},{"t":1.7166666666666655,"j":false,"c":{"p":[209.95450816281436,312.99432373046875,-176.2431717275349],"r":[0.8625136017799377,4.793447148031118e-9,0.5060338973999023,-4.4343524374208e-9,1,-1.91441584993279e-9,-0.5060338973999023,-5.927225187763518e-10,0.8625136017799377]}},{"t":1.733333333333332,"j":false,"c":{"p":[209.74038437202563,312.99432373046875,-176.60820242395494],"r":[0.8625136017799377,-1.380420223739261e-8,0.5060338973999023,1.3316551397995963e-8,1,4.581696165109623e-9,-0.5060338973999023,2.7868518917507734e-9,0.8625136017799377]}},{"t":1.7499999999999987,"j":false,"c":{"p":[209.52691257489099,312.99432373046875,-176.9721216245587],"r":[0.8625136017799377,-3.748120724304832e-8,0.5060338973999023,3.591389144108098e-8,1,1.2854840028808454e-8,-0.5060338973999023,7.0861732409009375e-9,0.8625136017799377]}},{"t":1.7666666666666653,"j":false,"c":{"p":[209.31619511182893,312.99432373046875,-177.33134533345188],"r":[0.8625136017799377,-6.870672626569758e-8,0.5060338973999023,6.570881423044472e-8,1,2.3777017647184143e-8,-0.5060338973999023,1.2742887865578675e-8,0.8625136017799377]}},{"t":1.7833333333333319,"j":false,"c":{"p":[209.1116446552996,312.99432373046875,-177.6800557468295],"r":[0.8625136017799377,-6.410820755252875e-8,0.5060338973999023,6.129243730361777e-8,1,2.2217175274064272e-8,-0.5060338973999023,1.185343638093679e-8,0.8625136017799377]}},{"t":1.7999999999999985,"j":false,"c":{"p":[208.9075260038905,312.99432373046875,-178.0280300340478],"r":[0.8625136017799377,-5.4437161625268844e-8,0.5060338973999023,5.2035000062997734e-8,1,1.8884632060754257e-8,-0.5060338973999023,1.0043222778660647e-8,0.8625136017799377]}},{"t":1.816666666666665,"j":false,"c":{"p":[208.7035425500414,312.99432373046875,-178.37577384122775],"r":[0.8625136017799377,-4.069372403626182e-8,0.5060338973999023,3.8881128343482346e-8,1,1.414573279690638e-8,-0.5060338973999023,7.474282375442585e-9,0.8625136017799377]}},{"t":1.8333333333333317,"j":false,"c":{"p":[208.5010565539808,312.99432373046875,-178.7209648351152],"r":[0.8625136017799377,-1.7295909120761585e-8,0.5060338973999023,1.649535312406712e-8,1,6.06370729948983e-9,-0.5060338973999023,3.1171776962249333e-9,0.8625136017799377]}},{"t":1.8499999999999983,"j":false,"c":{"p":[208.30067377933028,312.99432373046875,-179.0625703312248],"r":[0.8625136017799377,2.658923731133354e-9,0.5060338973999023,-2.5834868773249466e-9,1,-8.509964759755691e-10,-0.5060338973999023,-5.733359304989118e-10,0.8625136017799377]}},{"t":1.866666666666665,"j":false,"c":{"p":[208.10079085198643,312.99432373046875,-179.40332370525212],"r":[0.8625136017799377,2.0558121863191295e-8,0.5060338973999023,-1.9691308162530945e-8,1,-7.062972852750973e-9,-0.5060338973999023,-3.872558994206201e-9,0.8625136017799377]}},{"t":1.8833333333333315,"j":false,"c":{"p":[207.90084331112794,312.99432373046875,-179.74418723012332],"r":[0.8625136017799377,4.02775774324117e-8,0.5060338973999023,-3.853890788352445e-8,1,-1.3906675640725279e-8,-0.5060338973999023,-7.50729626778277e-9,0.8625136017799377]}},{"t":1.8999999999999981,"j":false,"c":{"p":[207.70096081272004,312.99432373046875,-180.08493987291592],"r":[0.8625136017799377,7.342505055688043e-8,0.5060338973999023,-7.021298978010224e-8,1,-2.542398447758088e-8,-0.5060338973999023,-1.3601619230348915e-8,0.8625136017799377]}},{"t":1.9166666666666647,"j":false,"c":{"p":[207.50120160332412,312.99432373046875,-180.42548233694345],"r":[0.8625136017799377,5.7078037210648946e-8,0.5060338973999023,-5.4569824816896853e-8,1,-1.9782916670120222e-8,-0.5060338973999023,-1.0551145322512691e-8,0.8625136017799377]}},{"t":1.9333333333333313,"j":false,"c":{"p":[207.3014579366323,312.99432373046875,-180.7659983043164],"r":[0.8625136017799377,3.792774855441568e-8,0.5060338973999023,-3.624663879339721e-8,1,-1.31701336275709e-8,-0.5060338973999023,-6.9826075606988725e-9,0.8625136017799377]}},{"t":1.949999999999998,"j":false,"c":{"p":[207.1017733251096,312.99432373046875,-181.10641359651714],"r":[0.8625136017799377,1.8777459898182422e-8,0.5060338973999023,-1.7923452769897567e-8,1,-6.557350585021577e-9,-0.5060338973999023,-3.4140697988850543e-9,0.8625136017799377]}},{"t":1.9666666666666646,"j":false,"c":{"p":[206.90174977396194,312.99432373046875,-181.44740670105207],"r":[0.8625136017799377,-3.93204265785224e-9,0.5060338973999023,3.804791648287285e-9,1,1.2852016637149062e-9,-0.5060338973999023,8.16850224508535e-10,0.8625136017799377]}},{"t":1.9833333333333312,"j":false,"c":{"p":[206.69903417368528,312.99432373046875,-181.7929891161197],"r":[0.8625136017799377,-5.1368001154626e-8,0.5060338973999023,4.918878464232433e-8,1,1.7670763243162953e-8,-0.5060338973999023,9.649918867285653e-9,0.8625136017799377]}},{"t":1.9999999999999978,"j":false,"c":{"p":[206.4948512635525,312.99432373046875,-182.1410729493465],"r":[0.8625136017799377,-5.134963916773611e-8,0.5060338973999023,4.9166548067810554e-8,1,1.7672378873627617e-8,-0.5060338973999023,9.637272767458235e-9,0.8625136017799377]}},{"t":2.0166666666666644,"j":false,"c":{"p":[206.29046424997873,312.99432373046875,-182.489338865169],"r":[0.8625136017799377,-5.556774900068344e-8,0.5060338973999023,5.319794062878064e-8,1,1.9136666766725192e-8,-0.5060338973999023,1.0414325665821717e-8,0.8625136017799377]}},{"t":2.033333333333331,"j":false,"c":{"p":[206.08753790456302,312.99432373046875,-182.8364110158363],"r":[0.8628288721079228,-5.562255255186958e-8,0.505483403805464,5.321265108466579e-8,1,1.9245711657951374e-8,-0.505483403805464,1.039175628437783e-8,0.8628288721079228]}},{"t":2.0499999999999976,"j":false,"c":{"p":[205.89037012384514,312.99432373046875,-183.17880921548917],"r":[0.863988352138205,-4.249702496319066e-8,0.5034588354497008,4.0529603359792996e-8,1,1.5020345090358297e-8,-0.5034588354497008,7.8536604257429e-9,0.863988352138205]}},{"t":2.066666666666664,"j":false,"c":{"p":[205.69659954674714,312.99432373046875,-183.5184500677581],"r":[0.8656605077051206,-1.6805224198873915e-8,0.5005390842178783,1.577528407544002e-8,1,6.579068990372342e-9,-0.5005390842178783,2.9475090811509626e-9,0.8656605077051206]}},{"t":2.083333333333331,"j":false,"c":{"p":[205.50303470157655,312.99432373046875,-183.8579239372802],"r":[0.867588552029439,1.4515447976473227e-8,0.4971725255660887,-1.4389313623487914e-8,1,-3.743166415440281e-9,-0.4971725255660887,-3.022095885003329e-9,0.867588552029439]}},{"t":2.0999999999999974,"j":false,"c":{"p":[205.30909054398097,312.99432373046875,-184.19833802250034],"r":[0.8695942522052075,4.552925480981478e-8,0.49367037201367175,-4.424833436569355e-8,1,-1.3987000829583918e-8,-0.49367037201367175,-8.92169431141153e-9,0.8695942522052075]}},{"t":2.116666666666664,"j":false,"c":{"p":[205.11017990833042,312.99432373046875,-184.55182505174227],"r":[0.872389006685793,7.84165661851387e-8,0.4887904505525464,-7.584165685243569e-8,1,-2.5006905569071727e-8,-0.4887904505525464,-1.5097992051934457e-8,0.872389006685793]}},{"t":2.1333333333333306,"j":false,"c":{"p":[204.908667720106,312.99432373046875,-184.91215998221145],"r":[0.8729221224784851,7.006033653211131e-8,0.4878595769405365,-6.768494910597188e-8,1,-2.249960782500742e-8,-0.4878595769405365,-1.3380344359615466e-8,0.8729221224784851]}},{"t":2.1499999999999972,"j":false,"c":{"p":[204.70670146744393,312.99432373046875,-185.2736389372735],"r":[0.8729221224784851,5.21531762617733e-8,0.4878595769405365,-5.032414415846562e-8,1,-1.685755378032723e-8,-0.4878595769405365,-9.835783416469624e-9,0.8729221224784851]}},{"t":2.166666666666664,"j":false,"c":{"p":[204.50514475523923,312.99432373046875,-185.63432268782802],"r":[0.8729221224784851,3.0007746617319887e-8,0.4878595769405365,-2.8855449459281656e-8,1,-9.878226464818667e-9,-0.4878595769405365,-5.4544845935061485e-9,0.8729221224784851]}},{"t":2.1833333333333305,"j":false,"c":{"p":[204.30622366803448,312.99432373046875,-185.99029001341407],"r":[0.8729221224784851,-2.108367416763416e-8,0.4878595769405365,2.06692452385468e-8,1,6.233417991933287e-9,-0.4878595769405365,4.642400485022003e-9,0.8729221224784851]}},{"t":2.199999999999997,"j":false,"c":{"p":[204.10833875107195,312.99432373046875,-186.34440312256095],"r":[0.8729221224784851,-3.874646870804575e-8,0.4878595769405365,3.778277729887546e-8,1,1.1817019548164466e-8,-0.4878595769405365,8.117351435084232e-9,0.8729221224784851]}},{"t":2.2166666666666637,"j":false,"c":{"p":[203.91023750419384,312.99432373046875,-186.6989033519603],"r":[0.8729221224784851,-5.936956316452011e-8,0.4878595769405365,5.776650540323684e-8,1,1.8332943478185285e-8,-0.4878595769405365,1.217871015127341e-8,0.8729221224784851]}},{"t":2.2333333333333303,"j":false,"c":{"p":[203.71395351088577,312.99432373046875,-187.0501516240014],"r":[0.8729221111289821,-7.884560014354568e-8,0.48785959623469144,7.662336947204979e-8,1,2.4513949159735237e-8,-0.48785959623469144,1.5982674539718012e-8,0.8729221111289821]}},{"t":2.249999999999997,"j":false,"c":{"p":[203.5244940562156,312.99432373046875,-187.3891874513921],"r":[0.8729220708887521,-8.662197702978757e-8,0.48785966464308256,8.410417113668268e-8,1,2.70684116491181e-8,-0.48785966464308256,1.7402406652140612e-8,0.8729220708887521]}},{"t":2.2666666666666635,"j":false,"c":{"p":[203.33819673214558,312.99432373046875,-187.7225646772303],"r":[0.8729220164715806,-6.792324378784569e-8,0.487859757152274,6.591145909472377e-8,1,2.129233772054e-8,-0.487859757152274,1.3568978514993413e-8,0.8729220164715806]}},{"t":2.28333333333333,"j":false,"c":{"p":[203.15189157809138,312.99432373046875,-188.05595591474793],"r":[0.8729219548201483,-3.9017300624057355e-8,0.48785986195970904,3.7818189821137614e-8,1,1.2308794763970797e-8,-0.48785986195970904,7.705339217665634e-9,0.8729219548201483]}},{"t":2.2999999999999967,"j":false,"c":{"p":[202.96159455081332,312.99432373046875,-188.3964905700678],"r":[0.8729218309341084,2.100997050438767e-8,0.4878600725659771,-2.0516658068315687e-8,1,-6.355373127372045e-9,-0.4878600725659771,-4.461515591590568e-9,0.8729218309341084]}},{"t":2.3166666666666633,"j":false,"c":{"p":[202.75964577513724,312.99432373046875,-188.7578759143415],"r":[0.8729218244552612,3.0106590600492204e-8,0.4878600835800171,-2.9342583326349916e-8,1,-9.209216751583864e-9,-0.4878600835800171,-6.276148456194918e-9,0.8729218244552612]}},{"t":2.33333333333333,"j":false,"c":{"p":[202.55615943553025,312.99432373046875,-189.1221780540931],"r":[0.8729218244552612,3.641598656755654e-8,0.4878600835800171,-3.545902773216817e-8,1,-1.1197937660958346e-8,-0.4878600835800171,-7.524119814736033e-9,0.8729218244552612]}},{"t":2.3499999999999965,"j":false,"c":{"p":[202.35319769372964,312.99432373046875,-189.48466617068746],"r":[0.8724850004935992,4.298629094071103e-8,0.48858136568789756,-4.183798398806819e-8,1,-1.323088594497721e-8,-0.48858136568789756,-8.804984948179977e-9,0.8724850004935992]}},{"t":2.366666666666663,"j":false,"c":{"p":[202.15194272217337,312.99432373046875,-189.83826250276385],"r":[0.8702689000870426,4.653345117980539e-8,0.4922405824726965,-4.532528009181646e-8,1,-1.4156112986752619e-8,-0.4922405824726965,-9.41166405562585e-9,0.8702689000870426]}},{"t":2.3833333333333298,"j":false,"c":{"p":[201.95398363766037,312.99432373046875,-190.17468820658405],"r":[0.8640636398929441,2.695528280773423e-8,0.5024866851263078,-2.6481966365432143e-8,1,-7.4451159828446385e-9,-0.5024866851263078,-5.273364005097679e-9,0.8640636398929441]}},{"t":2.3999999999999964,"j":false,"c":{"p":[201.7563267771556,312.99432373046875,-190.50991336315883],"r":[0.8580086818217383,6.199975455666333e-9,0.5124846094711875,-6.494215355888616e-9,1,-3.7616367923323265e-10,-0.5124846094711875,-9.086696157597747e-10,0.8580086818217383]}},{"t":