{"v":1,"name":"macro1_macro2_merged","d":[{"t":0.06558609008789062,"j":false,"c":{"p":[232.91485595703125,312.994384765625,-144.33633422851562],"r":[0.6896187663078308,2.4434385181848484e-8,0.7241725921630859,1.0607469569379191e-8,1,-4.384244078892152e-8,-0.7241725921630859,3.791620883930591e-8,0.6896187663078308]}},{"t":0.13277316093444824,"j":false,"c":{"p":[231.75633239746094,312.994384765625,-145.43948364257812],"r":[0.6896187663078308,-5.4447355068987235e-8,0.7241725921630859,-2.326160064569649e-8,1,9.733727779348555e-8,-0.7241725921630859,-8.397103101742687e-8,0.6896187663078308]}},{"t":0.193556547164917,"j":false,"c":{"p":[230.7424774169922,312.994384765625,-146.40484619140625],"r":[0.6896187663078308,1.0401556282957358e-9,0.7241725921630859,3.2794122972745754e-10,1,-1.7486301295832618e-9,-0.7241725921630859,1.4433741979402726e-9,0.6896187663078308]}},{"t":0.2574462890625,"j":false,"c":{"p":[229.5837860107422,312.994384765625,-147.50811767578125],"r":[0.6896187663078308,6.42513384718768e-8,0.7241725921630859,2.7201446428648524e-8,1,-1.1462732629752281e-7,-0.7241725921630859,9.8747698018542e-8,0.6896187663078308]}},{"t":0.3249061107635498,"j":false,"c":{"p":[228.4250946044922,312.994384765625,-148.61138916015625],"r":[0.6896187663078308,-2.1491173285426157e-8,0.7241725921630859,-9.043166215860765e-9,1,3.828854033827156e-8,-0.7241725921630859,-3.295330941455177e-8,0.6896187663078308]}},{"t":0.3907022476196289,"j":false,"c":{"p":[227.2664031982422,312.994384765625,-149.71466064453125],"r":[0.6896187663078308,-2.5387818070043977e-8,0.7241725921630859,-1.0738703259960403e-8,1,4.528399699665897e-8,-0.7241725921630859,-3.900536782452946e-8,0.6896187663078308]}},{"t":0.45760583877563477,"j":false,"c":{"p":[226.1199493408203,312.994384765625,-150.83045959472656],"r":[0.7241712212562561,4.048317592264539e-8,0.6896201968193054,1.535910776340188e-8,1,-7.48322079857644e-8,-0.6896201968193054,6.478327918557625e-8,0.7241712212562561]}},{"t":0.5247583389282227,"j":false,"c":{"p":[225.03106689453125,312.994384765625,-152.00274658203125],"r":[0.7477973699569702,9.363455788502506e-9,0.6639270782470703,3.5281197963143995e-9,1,-1.807694793853898e-8,-0.6639270782470703,1.586030684563866e-8,0.7477973699569702]}},{"t":0.5904679298400879,"j":false,"c":{"p":[223.9853515625,312.994384765625,-153.21368408203125],"r":[0.761537492275238,-4.7807290570744954e-8,0.6481208801269531,-1.460431775512916e-8,1,9.09228958789754e-8,-0.6481208801269531,-7.870655593933407e-8,0.761537492275238]}},{"t":0.6571447849273682,"j":false,"c":{"p":[222.9482421875,312.994384765625,-154.43218994140625],"r":[0.761537492275238,1.9409753804211505e-8,0.6481208801269531,5.886376719388409e-9,1,-3.686418992288054e-8,-0.6481208801269531,3.1888543361446864e-8,0.761537492275238]}},{"t":0.724454402923584,"j":false,"c":{"p":[221.91775512695312,312.994384765625,-155.6561737060547],"r":[0.7836928367614746,2.9375909704754122e-8,0.6211485266685486,9.604197437340645e-9,1,-5.9410346864297026e-8,-0.6211485266685486,5.2525098936939685e-8,0.7836928367614746]}},{"t":0.7924432754516602,"j":false,"c":{"p":[220.9376678466797,312.994384765625,-156.92079162597656],"r":[0.8007307052612305,-4.8027207100176383e-8,0.5990244746208191,-9.725451555198106e-9,1,9.317594873436974e-8,-0.5990244746208191,-8.043462429441206e-8,0.8007307052612305]}},{"t":0.8582146167755127,"j":false,"c":{"p":[220.0475311279297,312.994384765625,-158.249267578125],"r":[0.8553635478019714,1.6011426628992353e-9,0.518028199672699,-1.3511896046480842e-9,1,-8.597685896560847e-10,-0.518028199672699,3.5460391567543326e-11,0.8553635478019714]}},{"t":0.923769474029541,"j":false,"c":{"p":[219.22067260742188,312.994384765625,-159.6190643310547],"r":[0.8625131845474243,5.150363691086568e-8,0.5060346126556396,5.908284972377942e-9,1,-1.1184928183638476e-7,-0.5060346126556396,9.946128187721115e-8,0.8625131845474243]}},{"t":0.9916105270385742,"j":false,"c":{"p":[218.41871643066406,312.994384765625,-161.00363159179688],"r":[0.8660247921943665,-2.3626919087860188e-8,0.500001072883606,-1.4734806708105452e-9,1,4.9805873203467854e-8,-0.500001072883606,-4.3869860633094504e-8,0.8660247921943665]}},{"t":1.0584592819213867,"j":false,"c":{"p":[217.62525939941406,312.994384765625,-162.39306640625],"r":[0.8763059377670288,-1.53371342292985e-8,0.48175501823425293,-1.783137859590056e-9,1,3.507946289005304e-8,-0.48175501823425293,-3.1599377336988255e-8,0.8763059377670288]}},{"t":1.1253855228424072,"j":false,"c":{"p":[216.8689727783203,312.994384765625,-163.80296325683594],"r":[0.8862028121948242,3.9855596156712636e-8,0.4632974863052368,-5.51909073998047e-10,1,-8.497022463416215e-8,-0.4632974863052368,7.50451576436717e-8,0.8862028121948242]}},{"t":1.1916217803955078,"j":false,"c":{"p":[216.1307830810547,312.994384765625,-165.2224884033203],"r":[0.8957111239433289,2.016568689811038e-9,0.4446365237236023,1.179799702377693e-9,1,-6.912001637715548e-9,-0.4446365237236023,6.715738631868362e-9,0.8957111239433289]}},{"t":1.2565574645996094,"j":false,"c":{"p":[215.43914794921875,312.994384765625,-166.6652374267578],"r":[0.9048264622688293,-3.4574977547663366e-8,0.4257805645465851,3.883756871658761e-9,1,7.295037107724056e-8,-0.4257805645465851,-6.435379873437341e-8,0.9048264622688293]}},{"t":1.3234832286834717,"j":false,"c":{"p":[214.75799560546875,312.994384765625,-168.1129913330078],"r":[0.9048264622688293,1.9908249271338718e-8,0.4257805645465851,-3.3467661975095098e-9,1,-3.964484918128619e-8,-0.4257805645465851,3.444672103114499e-8,0.9048264622688293]}},{"t":1.3908727169036865,"j":false,"c":{"p":[214.07684326171875,312.994384765625,-169.5607452392578],"r":[0.9048264622688293,3.9083033698261715e-8,0.4257805645465851,-5.548999926219267e-9,1,-7.999931739277599e-8,-0.4257805645465851,7.00228426353533e-8,0.9048264622688293]}},{"t":1.4572689533233643,"j":false,"c":{"p":[213.39569091796875,312.994384765625,-171.0084991455078],"r":[0.9048264622688293,-4.699478495240328e-8,0.4257805645465851,7.241387933731858e-9,1,9.498457842482821e-8,-0.4257805645465851,-8.28613124781441e-8,0.9048264622688293]}},{"t":1.523684024810791,"j":false,"c":{"p":[212.71453857421875,312.994384765625,-172.4562530517578],"r":[0.9048264622688293,-3.951637683741183e-9,0.4257805645465851,3.7523487095292296e-10,1,8.48351344728826e-9,-0.4257805645465851,-7.516339550761586e-9,0.9048264622688293]}},{"t":1.5904877185821533,"j":false,"c":{"p":[212.03338623046875,312.994384765625,-173.9040069580078],"r":[0.9048264622688293,4.751831994553868e-8,0.4257805645465851,-7.772753995993753e-9,1,-9.508495679710904e-8,-0.4257805645465851,8.272589724356294e-8,0.9048264622688293]}},{"t":1.656785249710083,"j":false,"c":{"p":[211.35223388671875,312.994384765625,-175.3517608642578],"r":[0.9048264622688293,-5.1326298766696254e-9,0.4257805645465851,9.268286138564008e-10,1,1.0085032364770541e-8,-0.4257805645465851,-8.730578038296244e-9,0.9048264622688293]}},{"t":1.7248191833496094,"j":false,"c":{"p":[210.67108154296875,312.994384765625,-176.7995147705078],"r":[0.9048264622688293,-3.030677930837555e-8,0.4257805645465851,4.9793134060394095e-9,1,6.059779877887195e-8,-0.4257805645465851,-5.2710394271571204e-8,0.9048264622688293]}},{"t":1.7904419898986816,"j":false,"c":{"p":[209.98992919921875,312.994384765625,-178.2472686767578],"r":[0.9048264622688293,2.4037001722376772e-8,0.4257805645465851,-4.092351346685064e-9,1,-4.775731099471159e-8,-0.4257805645465851,4.146963306084217e-8,0.9048264622688293]}},{"t":1.8572733402252197,"j":false,"c":{"p":[209.30877685546875,312.994384765625,-179.6950225830078],"r":[0.9048264622688293,3.3923470255103894e-8,0.4257805645465851,-5.694224647356805e-9,1,-6.757280601732418e-8,-0.4257805645465851,5.87171697929989e-8,0.9048264622688293]}},{"t":1.9242475032806396,"j":false,"c":{"p":[208.62762451171875,312.994384765625,-181.1427764892578],"r":[0.9106831550598145,-5.2424930174765905e-8,0.4131055772304535,9.349637508648811e-9,1,1.0629334212808317e-7,-0.4131055772304535,-9.29371637425902e-8,0.9106831550598145]}},{"t":1.9902560710906982,"j":false,"c":{"p":[207.98643493652344,312.994384765625,-182.608642578125],"r":[0.9191346764564514,-1.0712928322220705e-9,0.3939433991909027,7.785816991123795e-10,1,9.028489622586733e-10,-0.3939433991909027,-5.231227118152049e-10,0.9191346764564514]}},{"t":2.0579395294189453,"j":false,"c":{"p":[207.35606384277344,312.994384765625,-184.079345703125],"r":[0.9191346764564514,4.848164181225911e-8,0.3939433991909027,-8.130270678918805e-9,1,-1.0409826955992685e-7,-0.3939433991909027,9.247746390883549e-8,0.9191346764564514]}},{"t":2.1240687370300293,"j":false,"c":{"p":[206.72569274902344,312.994384765625,-185.550048828125],"r":[0.9191346168518066,-9.977663140148252e-9,0.39394354820251465,1.4552016258662093e-9,1,2.1932423877046858e-8,-0.39394354820251465,-1.958558293324586e-8,0.9191346168518066]}},{"t":2.1911509037017822,"j":false,"c":{"p":[206.09219360351562,312.994384765625,-187.0193634033203],"r":[0.9077768325805664,-2.76499410034603e-8,0.4194534122943878,4.9471569063541665e-9,1,5.5212392879866456e-8,-0.4194534122943878,-4.804543252134863e-8,0.9077768325805664]}},{"t":2.2575604915618896,"j":false,"c":{"p":[205.4010772705078,312.994384765625,-188.4622344970703],"r":[0.8925851583480835,2.379013785969164e-8,0.45087891817092896,2.142182431441597e-9,1,-5.700470140368452e-8,-0.45087891817092896,5.184741524999481e-8,0.8925851583480835]}},{"t":2.32456636428833,"j":false,"c":{"p":[204.64154052734375,312.994384765625,-189.87022399902344],"r":[0.8694941401481628,2.2019696288566593e-8,0.4939432144165039,1.086300271957441e-9,1,-4.649163543035684e-8,-0.4939432144165039,4.0960774327913896e-8,0.8694941401481628]}},{"t":2.3908579349517822,"j":false,"c":{"p":[203.83303833007812,312.994384765625,-191.2508544921875],"r":[0.8589591383934021,-4.772494222038404e-8,0.5120441317558289,-5.925003154771957e-9,1,1.0314399645494632e-7,-0.5120441317558289,-9.163034064840758e-8,0.8589591383934021]}},{"t":2.4576902389526367,"j":false,"c":{"p":[203.01370239257812,312.994384765625,-192.6251220703125],"r":[0.8589592576026917,5.981402484422915e-9,0.5120439529418945,1.3790437680682999e-9,1,-1.3994784886506295e-8,-0.5120439529418945,1.2727081610819369e-8,0.8589592576026917]}},{"t":2.5259158611297607,"j":false,"c":{"p":[202.18707275390625,312.994384765625,-193.99497985839844],"r":[0.8480470776557922,5.2631691005444736e-8,0.5299208760261536,8.32034530162673e-9,1,-1.1263518473469958e-7,-0.5299208760261536,9.992906058187145e-8,0.8480470776557922]}},{"t":2.5918760299682617,"j":false,"c":{"p":[201.31695556640625,312.994384765625,-195.33750915527344],"r":[0.809016227722168,-2.7803437774309714e-8,0.5877863168716431,-8.263652873097271e-9,1,5.867585883834181e-8,-0.5877863168716431,-5.2326985411355054e-8,0.809016227722168]}},{"t":2.657003164291382,"j":false,"c":{"p":[200.3186798095703,312.994384765625,-196.58697509765625],"r":[0.7524139881134033,-1.6310023553955943e-8,0.6586905121803284,-4.956937971201114e-9,1,3.0423532138001974e-8,-0.6586905121803284,-2.6156179444569716e-8,0.7524139881134033]}},{"t":2.7175607681274414,"j":false,"c":{"p":[199.37692260742188,312.994384765625,-197.62269592285156],"r":[0.71933913230896,3.875985754575595e-8,0.6946591138839722,1.541819827366453e-8,1,-7.1762926268093e-8,-0.6946591138839722,6.233226912399914e-8,0.71933913230896]}},{"t":2.7840254306793213,"j":false,"c":{"p":[198.2503662109375,312.994384765625,-198.7587127685547],"r":[0.6946576237678528,1.0452505527780431e-8,0.7193405628204346,3.278569637998885e-9,1,-1.7696748955131625e-8,-0.7193405628204346,1.4651589275160859e-8,0.6946576237678528]}},{"t":2.849583864212036,"j":false,"c":{"p":[197.07821655273438,312.994384765625,-199.8475799560547],"r":[0.6586885452270508,-4.892950400403606e-8,0.7524157166481018,-2.317197100865087e-8,1,8.53153565572029e-8,-0.7524157166481018,-7.363120602121853e-8,0.6586885452270508]}},{"t":2.9164669513702393,"j":false,"c":{"p":[195.84234619140625,312.994384765625,-200.86318969726562],"r":[0.5990225672721863,1.749900313541275e-8,0.8007321357727051,1.4579511820045354e-8,1,-3.2760592461045235e-8,-0.8007321357727051,3.129861880779572e-8,0.5990225672721863]}},{"t":2.9770352840423584,"j":false,"c":{"p":[194.61932373046875,312.994384765625,-201.7313232421875],"r":[0.5475623607635498,4.552980215066782e-8,0.8367648720741272,3.021994388063831e-8,1,-7.418703518169423e-8,-0.8367648720741272,6.590901335812305e-8,0.5475623607635498]}},{"t":3.0401389598846436,"j":false,"c":{"p":[193.3548126220703,312.994384765625,-202.53805541992188],"r":[0.5180256366729736,-4.092081340445475e-8,0.8553650975227356,-2.9785931943138166e-8,1,6.58791066143749e-8,-0.8553650975227356,-5.960491478163021e-8,0.5180256366729736]}},{"t":3.106938123703003,"j":false,"c":{"p":[191.98048400878906,312.994384765625,-203.35723876953125],"r":[0.5060328245162964,-1.1264840615865523e-8,0.8625142574310303,-7.822885450536887e-9,1,1.765011781174053e-8,-0.8625142574310303,-1.5678889297987553e-8,0.5060328245162964]}},{"t":3.175230026245117,"j":false,"c":{"p":[190.5991973876953,312.994384765625,-204.16477966308594],"r":[0.49999919533729553,6.044955114248296e-8,0.8660258650779724,4.418456356347633e-8,1,-9.531100886306376e-8,-0.8660258650779724,8.592039790755734e-8,0.49999919533729553]}},{"t":3.2399330139160156,"j":false,"c":{"p":[189.20565795898438,312.994384765625,-204.950927734375],"r":[0.48175257444381714,-1.2040096031284975e-8,0.8763073086738586,-9.33361654631426e-9,1,1.8870766282930163e-8,-0.8763073086738586,-1.7270155083792815e-8,0.48175257444381714]}},{"t":3.3078622817993164,"j":false,"c":{"p":[187.79312133789062,312.994384765625,-205.70204162597656],"r":[0.43836989998817444,-3.548599991631818e-8,0.8987946510314941,-2.554063804893758e-8,1,5.193872354425366e-8,-0.8987946510314941,-4.572416045789396e-8,0.43836989998817444]}},{"t":3.375823497772217,"j":false,"c":{"p":[186.33993530273438,312.994384765625,-206.3710479736328],"r":[0.38751497864723206,3.9452018540941935e-8,0.9218634366989136,3.2649580816723756e-8,1,-5.652054113625127e-8,-0.9218634366989136,5.200100972047039e-8,0.38751497864723206]}},{"t":3.441535472869873,"j":false,"c":{"p":[184.85491943359375,312.994384765625,-206.9662628173828],"r":[0.3420190215110779,1.9293965536348878e-8,0.939693033695221,1.3978678659043453e-8,1,-2.5620003896165144e-8,-0.939693033695221,2.1898195257108455e-8,0.3420190215110779]}},{"t":3.5081424713134766,"j":false,"c":{"p":[183.3433837890625,312.994384765625,-207.4905242919922],"r":[0.30901607871055603,-5.918280976402457e-8,0.9510568380355835,-5.24750056740686e-8,1,7.927857836875774e-8,-0.9510568380355835,-7.440506522016221e-8,0.30901607871055603]}},{"t":3.574760913848877,"j":false,"c":{"p":[181.8186492919922,312.994384765625,-207.97549438476562],"r":[0.28234025835990906,1.5835446731671254e-8,0.9593143463134766,1.576700725536284e-8,1,-2.114750863313475e-8,-0.9593143463134766,2.1096308699952715e-8,0.28234025835990906]}},{"t":3.640535593032837,"j":false,"c":{"p":[180.26800537109375,312.994384765625,-208.36788940429688],"r":[0.22154711186885834,4.9415028513521975e-8,0.9751496911048889,4.770271644360946e-8,1,-6.151201858983768e-8,-0.9751496911048889,6.014509779106447e-8,0.22154711186885834]}},{"t":3.7027783393859863,"j":false,"c":{"p":[178.80435180664062,312.994384765625,-208.6962432861328],"r":[0.19423308968544006,-4.628032002074178e-8,0.9809554219245911,-4.1602397971018945e-8,1,5.5416261801610744e-8,-0.9809554219245911,-5.157377103159888e-8,0.19423308968544006]}},{"t":3.765904664993286,"j":false,"c":{"p":[177.32839965820312,312.994384765625,-208.9633331298828],"r":[0.16676795482635498,-2.039472590809055e-8,0.9859961867332458,-2.0500333874906573e-8,1,2.4151741939704152e-8,-0.9859961867332458,-2.424098788367246e-8,0.16676795482635498]}},{"t":3.833735942840576,"j":false,"c":{"p":[175.76104736328125,312.8985900878906,-209.2284393310547],"r":[0.15988010168075562,7.487633979508246e-8,0.9871364235877991,6.281467790358874e-8,1,-8.602575718441585e-8,-0.9871364235877991,7.576046101576139e-8,0.15988010168075562]}},{"t":3.898761034011841,"j":false,"c":{"p":[174.30831909179688,312.17266845703125,-209.4158477783203],"r":[0.08367645740509033,-1.2176455399526276e-8,0.9964929819107056,-1.4073343379550352e-8,1,1.3401060705575674e-8,-0.9964929819107056,-1.5145340981348454e-8,0.08367645740509033]}},{"t":3.9378960132598877,"j":true,"c":{"p":[173.59483337402344,311.8450622558594,-209.47616577148438],"r":[0.07671770453453064,-6.38015080767218e-8,0.9970528483390808,-5.951527981551408e-8,1,6.856947010192016e-8,-0.9970528483390808,-6.460037127453688e-8,0.07671770453453064]}},{"t":3.9464316368103027,"j":true,"c":{"p":[173.4164581298828,312.28460693359375,-209.49114990234375],"r":[0.06975556910037994,-7.705215665509968e-8,0.9975641369819641,-7.103115962081574e-8,1,8.220722236274014e-8,-0.9975641369819641,-7.659254919190062e-8,0.06975556910037994]}},{"t":3.9554195404052734,"j":true,"c":{"p":[173.2306365966797,312.71051025390625,-209.50576782226562],"r":[0.06303917616605759,-9.039526815968202e-8,0.99801105260849,-8.261375228357792e-8,1,9.579370185974767e-8,-0.99801105260849,-8.848819277318398e-8,0.06303917616605759]}},{"t":3.9603049755096436,"j":false,"c":{"p":[173.03543090820312,313.122802734375,-209.5190887451172],"r":[0.049490805715322495,-1.0457559795895577e-7,0.9987745881080627,-9.433682635062723e-8,1,1.0937844052705259e-7,-0.9987745881080627,-9.96344553527706e-8,0.049490805715322495]}},{"t":4.0241570472717285,"j":false,"c":{"p":[171.43679809570312,315.93060302734375,-209.55738830566406],"r":[0.007129231002181768,-3.423686578685192e-8,0.9999746084213257,-2.6065409386433203e-8,1,3.4423567996100246e-8,-0.9999746084213257,-2.6310161160836287e-8,0.007129231002181768]}},{"t":4.090350389480591,"j":false,"c":{"p":[169.8369140625,317.86639404296875,-209.56248474121094],"r":[-0.006917612161487341,6.45847819669143e-8,0.9999760985374451,6.63286030544441e-8,1,-6.412748376760646e-8,-0.9999760985374451,6.588341250335361e-8,-0.006917612161487341]}},{"t":4.155734539031982,"j":false,"c":{"p":[168.33705139160156,318.8892517089844,-209.5447540283203],"r":[-0.013960974290966988,7.85981555395665e-8,0.9999025464057922,7.745347829768434e-8,1,-7.752438335728584e-8,-0.9999025464057922,7.636361232243871e-8,-0.013960974290966988]}},{"t":4.216553449630737,"j":false,"c":{"p":[166.83741760253906,319.1457214355469,-209.5144805908203],"r":[-0.03470683470368385,-2.436796542326647e-8,0.9993975162506104,-2.696688028436256e-8,1,2.344615523952598e-8,-0.9993975162506104,-2.6136891762007508e-8,-0.03470683470368385]}},{"t":4.282796859741211,"j":false,"c":{"p":[165.2404327392578,318.57452392578125,-209.41970825195312],"r":[-0.08350066840648651,-9.12813931108758e-8,0.9965077042579651,-9.094609509929796e-8,1,8.398061623893227e-8,-0.9965077042579651,-8.361605097206848e-8,-0.08350066840648651]}},{"t":4.349613904953003,"j":false,"c":{"p":[163.6588592529297,317.4695739746094,-209.2674102783203],"r":[-0.10451142489910126,-5.856515716828881e-9,0.9945237040519714,-1.1447452985535733e-9,1,5.7684665932811185e-9,-0.9945237040519714,-5.356056709260315e-10,-0.10451142489910126]}},{"t":4.417031526565552,"j":false,"c":{"p":[162.43508911132812,317.1723327636719,-209.13882446289062],"r":[-0.10452990233898163,8.007661733699933e-8,0.9945217370986938,8.870780732195271e-8,1,-7.119401601585196e-8,-0.9945217370986938,8.077993385313675e-8,-0.10452990233898163]}},{"t":4.483638048171997,"j":false,"c":{"p":[161.07078552246094,316.6877746582031,-208.99545288085938],"r":[-0.10452919453382492,-2.3253317493754366e-8,0.9945217967033386,-2.8397318274642203e-8,1,2.039670654596648e-8,-0.9945217967033386,-2.610970106786681e-8,-0.10452919453382492]}},{"t":4.536043882369995,"j":true,"c":{"p":[160.0965118408203,316.565673828125,-208.89308166503906],"r":[-0.10452919453382492,-5.005212599940023e-8,0.9945217967033386,-5.735017083452476e-8,1,4.430004452160574e-8,-0.9945217967033386,-5.2405347616968356e-8,-0.10452919453382492]}},{"t":4.5437211990356445,"j":true,"c":{"p":[159.89881896972656,317.0052185058594,-208.87229919433594],"r":[-0.10452919453382492,-4.0537443624089065e-8,0.9945217967033386,-4.608757109281214e-8,1,3.59167060537402e-8,-0.9945217967033386,-4.208075310430104e-8,-0.10452919453382492]}},{"t":4.549663543701172,"j":false,"c":{"p":[159.70022583007812,317.4311218261719,-208.8514404296875],"r":[-0.10452920943498611,-3.1026825553226445e-8,0.9945217967033386,-3.4829788830847974e-8,1,2.7536948721262888e-8,-0.9945217967033386,-3.176057106202279e-8,-0.10452920943498611]}},{"t":4.5519819259643555,"j":true,"c":{"p":[159.70022583007812,317.4311218261719,-208.8514404296875],"r":[-0.10452920943498611,-3.1026825553226445e-8,0.9945217967033386,-3.4829788830847974e-8,1,2.7536948721262888e-8,-0.9945217967033386,-3.176057106202279e-8,-0.10452920943498611]}},{"t":4.616259574890137,"j":false,"c":{"p":[158.10862731933594,320.3479309082031,-208.6879425048828],"r":[-0.09760010987520218,4.467508318839464e-8,0.995225727558136,5.48288845436673e-8,1,-3.95124217789089e-8,-0.995225727558136,5.071069963946684e-8,-0.09760010987520218]}},{"t":4.682846784591675,"j":false,"c":{"p":[156.51382446289062,322.3927307128906,-208.5603790283203],"r":[-0.06294487416744232,1.034789178788742e-7,0.9980170130729675,1.2832101958792919e-7,1,-9.559132507774848e-8,-0.9980170130729675,1.2204958466099924e-7,-0.06294487416744232]}},{"t":4.7493133544921875,"j":false,"c":{"p":[154.91690063476562,323.5655212402344,-208.4597625732422],"r":[-0.06279156357049942,-8.085364378018767e-9,0.9980266690254211,-1.1278048717144884e-8,1,7.391784961896519e-9,-0.9980266690254211,-1.0791651128272406e-8,-0.06279156357049942]}},{"t":4.816588640213013,"j":false,"c":{"p":[153.32081604003906,323.8663330078125,-208.34791564941406],"r":[-0.09022491425275803,-8.741920254351498e-8,0.9959214329719543,-1.0775552539143973e-7,1,7.80151623303027e-8,-0.9959214329719543,-1.002771270464109e-7,-0.09022491425275803]}},{"t":4.882888078689575,"j":false,"c":{"p":[151.7341766357422,323.2951354980469,-208.1476593017578],"r":[-0.1932729333639145,-3.02969347387716e-8,0.9811450242996216,-1.3038376600604806e-8,1,2.8310767063999265e-8,-0.9811450242996216,-7.3208337170171944e-9,-0.1932729333639145]}},{"t":4.949305057525635,"j":false,"c":{"p":[150.17160034179688,321.8519287109375,-207.80442810058594],"r":[-0.228329136967659,9.750124263518956e-9,0.973583996295929,8.421077524189968e-8,1,9.734803185779128e-9,-0.973583996295929,8.420899888506028e-8,-0.228329136967659]}},{"t":5.015667676925659,"j":false,"c":{"p":[148.60829162597656,319.5367431640625,-207.46621704101562],"r":[-0.1404496282339096,2.48715608108796e-8,0.9900878071784973,1.6312017692143854e-7,1,-1.9810280083021325e-9,-0.9900878071784973,1.6122507418003806e-7,-0.1404496282339096]}},{"t":5.082957029342651,"j":false,"c":{"p":[147.0172882080078,316.3495788574219,-207.3048095703125],"r":[-0.04247845709323883,-3.2208006928158284e-8,0.9990974068641663,-2.218687100707939e-8,1,3.129378711719255e-8,-0.9990974068641663,-2.0837532588302565e-8,-0.04247845709323883]}},{"t":5.149434328079224,"j":false,"c":{"p":[145.439453125,314.3434143066406,-207.28826904296875],"r":[0.006975237280130386,-2.1570786046254398e-8,0.9999756813049316,-6.308559363787936e-8,1,2.2011358069562448e-8,-0.9999756813049316,-6.323759293991316e-8,0.006975237280130386]}},{"t":5.215472936630249,"j":false,"c":{"p":[144.01905822753906,314.2259826660156,-207.30075073242188],"r":[0.013960844837129116,4.682826215685054e-8,0.9999025464057922,4.777546358525342e-9,1,-4.689953314596096e-8,-0.9999025464057922,5.431837646341364e-9,0.013960844837129116]}},{"t":5.281905174255371,"j":false,"c":{"p":[142.47198486328125,314.78179931640625,-207.29830932617188],"r":[-0.02792271226644516,8.645636029314119e-8,0.9996100664138794,5.43546363473979e-8,1,-8.497176651189875e-8,-0.9996100664138794,5.196080010705373e-8,-0.02792271226644516]}},{"t":5.349141836166382,"j":false,"c":{"p":[140.8773193359375,314.9300842285156,-207.20179748535156],"r":[-0.09063391387462616,-8.163562625895793e-8,0.9958842992782593,-3.7946019659784724e-8,1,7.851959793470087e-8,-0.9958842992782593,-3.067330922590372e-8,-0.09063391387462616]}},{"t":5.416131496429443,"j":false,"c":{"p":[139.28878784179688,315.062744140625,-207.05250549316406],"r":[-0.1184048056602478,-1.4950536808555626e-8,0.9929654002189636,-1.306267982670306e-8,1,1.349881184609103e-8,-0.9929654002189636,-1.1372464747694266e-8,-0.1184048056602478]}},{"t":5.478565454483032,"j":false,"c":{"p":[137.80543518066406,315.0627136230469,-206.8577423095703],"r":[-0.15988212823867798,7.965557102806997e-8,0.9871361255645752,2.981367686061276e-8,1,-7.586481842736248e-8,-0.9871361255645752,1.7300729737712572e-8,-0.15988212823867798]}},{"t":5.518486499786377,"j":true,"c":{"p":[136.92349243164062,315.0627136230469,-206.70858764648438],"r":[-0.18051987886428833,8.58546442827901e-8,0.9835713505744934,3.596428044261302e-8,1,-8.068797541227468e-8,-0.9835713505744934,2.0807652489907014e-8,-0.18051987886428833]}},{"t":5.526461124420166,"j":true,"c":{"p":[136.72811889648438,315.50225830078125,-206.6729736328125],"r":[-0.18052011728286743,6.455437073782377e-8,0.9835712909698486,2.7913637623555587e-8,1,-6.050949252767168e-8,-0.9835712909698486,1.653187275962864e-8,-0.18052011728286743]}},{"t":5.535037040710449,"j":true,"c":{"p":[136.53175354003906,315.92816162109375,-206.63699340820312],"r":[-0.18052011728286743,4.326319213987517e-8,0.9835712909698486,1.9866435607696076e-8,1,-4.033962852645345e-8,-0.9835712909698486,1.2257940440463244e-8,-0.18052011728286743]}},{"t":5.54136848449707,"j":false,"c":{"p":[136.3350830078125,316.3404541015625,-206.6009063720703],"r":[-0.18052011728286743,2.198111026530114e-8,0.9835712909698486,1.1822671730499223e-8,1,-2.0178385184976833e-8,-0.9835712909698486,7.98583599248559e-9,-0.18052011728286743]}},{"t":5.607621431350708,"j":false,"c":{"p":[134.76226806640625,319.14825439453125,-206.30699157714844],"r":[-0.18737688660621643,-1.4819633520346542e-7,0.982288122177124,-5.308724126962261e-8,1,1.4074181819978548e-7,-0.982288122177124,-2.5775204193223544e-8,-0.18737688660621643]}},{"t":5.67482590675354,"j":false,"c":{"p":[133.19125366210938,321.08404541015625,-206.0034637451172],"r":[-0.1942196637392044,-4.1990482202436397e-8,0.9809580445289612,-1.708363583929895e-8,1,3.9423198927579506e-8,-0.9809580445289612,-9.101570164204986e-9,-0.1942196637392044]}},{"t":5.7403974533081055,"j":false,"c":{"p":[131.62216186523438,322.1478576660156,-205.6903533935547],"r":[-0.20103174448013306,6.363966065237037e-8,0.9795847535133362,1.9381531046747114e-8,1,-6.098845517499285e-8,-0.9795847535133362,6.7252359237102155e-9,-0.20103174448013306]}},{"t":5.806765556335449,"j":false,"c":{"p":[130.05648803710938,322.33966064453125,-205.36080932617188],"r":[-0.21449102461338043,1.6848443351591413e-7,0.9767259359359741,5.681825143710739e-8,1,-1.6002178426788305e-7,-0.9767259359359741,2.1172626318843868e-8,-0.21449102461338043]}},{"t":5.874221324920654,"j":false,"c":{"p":[128.49688720703125,321.6594543457031,-205.00387573242188],"r":[-0.24162623286247253,-5.255174517770911e-9,0.9703693985939026,-2.0711505843706846e-9,1,4.899917804834786e-9,-0.9703693985939026,-8.258324579735188e-10,-0.24162623286247253]}},{"t":5.940655946731567,"j":false,"c":{"p":[126.94430541992188,320.1072692871094,-204.61729431152344],"r":[-0.24192310869693756,-1.2811673855139816e-7,0.9702954292297363,-4.4940616561461866e-8,1,1.2083388867267786e-7,-0.9702954292297363,-1.4373165768688523e-8,-0.24192310869693756]}},{"t":6.008193731307983,"j":false,"c":{"p":[125.38020324707031,317.6830749511719,-204.2830810546875],"r":[-0.1604127138853073,-3.1690600366118815e-8,0.9870500564575195,-1.3637492024543008e-8,1,2.989004954656593e-8,-0.9870500564575195,-8.666143358482259e-9,-0.1604127138853073]}},{"t":6.073994398117065,"j":false,"c":{"p":[123.9582748413086,316.4475402832031,-204.07965087890625],"r":[-0.11147063970565796,5.2390539906355116e-8,0.9937677383422852,1.2184253606051243e-8,1,-5.135239788955914e-8,-0.9937677383422852,6.384033746087425e-9,-0.11147063970565796]}},{"t":6.1043312549591064,"j":true,"c":{"p":[123.5361328125,316.7626953125,-204.0368194580078],"r":[-0.08367903530597687,8.352669311761929e-8,0.9964927434921265,2.0496514707701863e-8,1,-8.209951118942627e-8,-0.9964927434921265,1.3554620537092887e-8,-0.08367903530597687]}},{"t":6.129000663757324,"j":true,"c":{"p":[123.04293060302734,316.9739074707031,-203.99530029296875],"r":[-0.05582212284207344,1.196535492908879e-7,0.9984407424926758,2.9008788260398433e-8,1,-1.1821855139260151e-7,-0.9984407424926758,2.236434504254703e-8,-0.05582212284207344]}},{"t":6.135892629623413,"j":false,"c":{"p":[122.90201568603516,317.4168395996094,-203.98345947265625],"r":[-0.020943235605955124,1.2922951952987205e-7,0.9997806549072266,3.107724566575598e-8,1,-1.2860687093052547e-7,-0.9997806549072266,2.8376984317901588e-8,-0.020943235605955124]}},{"t":6.139501333236694,"j":true,"c":{"p":[122.90201568603516,317.4168395996094,-203.98345947265625],"r":[-0.020943235605955124,1.2922951952987205e-7,0.9997806549072266,3.107724566575598e-8,1,-1.2860687093052547e-7,-0.9997806549072266,2.8376984317901588e-8,-0.020943235605955124]}},{"t":6.156474590301514,"j":true,"c":{"p":[122.6128158569336,318.2686767578125,-203.96090698242188],"r":[-0.00723301013931632,1.4963826799885283e-7,0.9999738335609436,3.503073386923461e-8,1,-1.4938879644432745e-7,-0.9999738335609436,3.394928782540774e-8,-0.00723301013931632]}},{"t":6.201135873794556,"j":false,"c":{"p":[121.62723541259766,320.3302001953125,-203.94215393066406],"r":[0.027538850903511047,1.0055799037900215e-7,0.9996207356452942,2.2596143622877207e-8,1,-1.0121864590928453e-7,-0.9996207356452942,2.5375019419016098e-8,0.027538850903511047]}},{"t":6.268318176269531,"j":false,"c":{"p":[120.03644561767578,322.5929870605469,-204.08506774902344],"r":[0.24580268561840057,-1.1792194953841317e-7,0.9693198800086975,2.068792248621776e-9,1,1.2112971603528422e-7,-0.9693198800086975,-2.7768686905460527e-8,0.24580268561840057]}},{"t":6.328693866729736,"j":false,"c":{"p":[118.7114486694336,323.85760498046875,-204.50778198242188],"r":[0.2958475649356842,-1.6609503461495478e-7,0.9552351832389832,5.220743837242026e-9,1,1.7226176396434312e-7,-0.9552351832389832,-4.597618286084071e-8,0.2958475649356842]}},{"t":6.3900465965271,"j":false,"c":{"p":[117.59742736816406,324.48541259765625,-204.90557861328125],"r":[0.20791062712669373,-2.717370684024445e-8,0.9781478047370911,2.6477682268932767e-9,1,2.7217978981752822e-8,-0.9781478047370911,-3.0689983887555172e-9,0.20791062712669373]}},{"t":6.4565746784210205,"j":false,"c":{"p":[116.81702423095703,324.2412109375,-205.1377410888672],"r":[0.07796537131071091,1.2114229264170717e-7,0.9969560503959656,9.024643254917919e-9,1,-1.2221792644595553e-7,-0.9969560503959656,1.8525939893265786e-8,0.07796537131071091]}},{"t":6.52475643157959,"j":false,"c":{"p":[115.49144744873047,323.1250305175781,-205.25193786621094],"r":[-0.006943909451365471,7.542027447016153e-9,0.9999759197235107,9.141789547584267e-10,1,-7.535860824248175e-9,-0.9999759197235107,8.618286084782767e-10,-0.006943909451365471]}},{"t":6.591633558273315,"j":false,"c":{"p":[113.89201354980469,321.1368408203125,-205.2410125732422],"r":[-0.006982406135648489,-1.1579430747588049e-7,0.9999756217002869,-8.59289173149591e-9,1,1.1573713010193387e-7,-0.9999756217002869,-7.784558775369987e-9,-0.006982406135648489]}},{"t":6.595743894577026,"j":true,"c":{"p":[113.89201354980469,321.1368408203125,-205.2410125732422],"r":[-0.006982406135648489,-1.1579430747588049e-7,0.9999756217002869,-8.59289173149591e-9,1,1.1573713010193387e-7,-0.9999756217002869,-7.784558775369987e-9,-0.006982406135648489]}},{"t":6.6272804737091064,"j":true,"c":{"p":[113.10887908935547,320.07867431640625,-205.2355194091797],"r":[-0.006982374936342239,-1.3193569259328797e-7,0.9999756217002869,-9.923932786648493e-9,1,1.31869626329717e-7,-0.9999756217002869,-9.00292818073467e-9,-0.006982374936342239]}},{"t":6.657069444656372,"j":false,"c":{"p":[112.39197540283203,319.9683837890625,-205.2305145263672],"r":[-0.006982492282986641,-1.2059285126042596e-8,0.9999756217002869,-1.0298450980883445e-9,1,1.2052387532435205e-8,-0.9999756217002869,-9.456643246252838e-10,-0.006982492282986641]}},{"t":6.678195476531982,"j":true,"c":{"p":[112.03115844726562,319.912841796875,-205.22799682617188],"r":[-0.006982492282986641,4.780211071420126e-8,0.9999756217002869,3.4115004154955386e-9,1,-4.777945505907155e-8,-0.9999756217002869,3.0777975723594864e-9,-0.006982492282986641]}},{"t":6.686591148376465,"j":true,"c":{"p":[111.84455871582031,320.3523864746094,-205.2266845703125],"r":[-0.00698237307369709,7.771362930952819e-8,0.9999756217002869,5.630745647522417e-9,1,-7.76762050236357e-8,-0.9999756217002869,5.088244048323531e-9,-0.00698237307369709]}},{"t":6.724394083023071,"j":false,"c":{"p":[110.85182189941406,322.345703125,-205.2063446044922],"r":[-0.054969195276498795,1.1722683979087378e-7,0.9984880685806274,9.538818623866518e-9,1,-1.1687921386283051e-7,-0.9984880685806274,3.0996403221905666e-9,-0.054969195276498795]}},{"t":6.790807723999023,"j":false,"c":{"p":[109.25477600097656,324.8265075683594,-205.1100311279297],"r":[-0.06279031187295914,5.7334013092713576e-8,0.9980267286300659,6.031340316070555e-9,1,-5.706791483817142e-8,-0.9980267286300659,2.436126633753588e-9,-0.06279031187295914]}},{"t":6.857434034347534,"j":false,"c":{"p":[107.65797424316406,326.435302734375,-205.0094451904297],"r":[-0.06279116123914719,-2.6050561707791076e-9,0.9980266690254211,2.587801750664198e-9,1,2.7730193696839933e-9,-0.9980266690254211,2.756816330773404e-9,-0.06279116123914719]}},{"t":6.9239256381988525,"j":false,"c":{"p":[106.06214904785156,327.1720886230469,-204.89486694335938],"r":[-0.08362387865781784,-6.310555988875421e-8,0.996497392654419,-1.5389833851742196e-9,1,6.319822176692469e-8,-0.996497392654419,3.751287280806537e-9,-0.08362387865781784]}},{"t":6.990170478820801,"j":false,"c":{"p":[104.46778869628906,327.0368957519531,-204.76107788085938],"r":[-0.09038463234901428,-1.243862755018199e-7,0.9959069490432739,-6.273357389119383e-9,1,1.2432813889518002e-7,-0.9959069490432739,4.989673563216002e-9,-0.09038463234901428]}},{"t":7.057046413421631,"j":false,"c":{"p":[102.87605285644531,326.0296936035156,-204.5992431640625],"r":[-0.10452897846698761,-1.696528926231622e-7,0.9945218563079834,-1.0902741820473238e-8,1,1.694414635267094e-7,-0.9945218563079834,6.8685293008741155e-9,-0.10452897846698761]}},{"t":7.124537467956543,"j":false,"c":{"p":[101.28113555908203,324.1505126953125,-204.47799682617188],"r":[-0.02173282951116562,4.158668076570393e-8,0.9997637867927551,-7.491690823258068e-9,1,-4.175936041406203e-8,-0.9997637867927551,-8.39747027470139e-9,-0.02173282951116562]}},{"t":7.191173315048218,"j":false,"c":{"p":[99.68206024169922,323.1229553222656,-204.4674530029297],"r":[-0.0000038122950627439423,6.156074050522875e-8,1,-1.6404316793838802e-9,1,-6.156074050522875e-8,-1,-1.640666380531286e-9,-0.0000038122950627439423]}},{"t":7.256347417831421,"j":false,"c":{"p":[98.09468078613281,322.6358642578125,-204.47396850585938],"r":[0.00698039261624217,-2.4950921329036646e-8,0.9999756217002869,1.2851462116714174e-8,1,2.486181749361549e-8,-0.9999756217002869,1.2677603855593134e-8,0.00698039261624217]}},{"t":7.324875593185425,"j":false,"c":{"p":[96.51336669921875,322.8731994628906,-204.48495483398438],"r":[-0.03490034490823746,-1.1033817770567111e-7,0.9993907809257507,2.5336532871733652e-8,1,1.1129023391731607e-7,-0.9993907809257507,2.920516628535097e-8,-0.03490034490823746]}},{"t":7.390939712524414,"j":false,"c":{"p":[94.92711639404297,323.0452880859375,-204.46205139160156],"r":[-0.06274372339248657,4.057495672782352e-8,0.9980296492576599,-1.234023372376214e-8,1,-4.143086229646542e-8,-0.9980296492576599,-1.4915446655550113e-8,-0.06274372339248657]}},{"t":7.457172155380249,"j":false,"c":{"p":[93.33226776123047,322.4986267089844,-204.3362579345703],"r":[-0.11106588691473007,9.95485009980257e-8,0.9938130378723145,-2.5138445991501612e-8,1,-1.0297764418965016e-7,-0.9938130378723145,-3.642021795258188e-8,-0.11106588691473007]}},{"t":7.523360252380371,"j":false,"c":{"p":[91.7420425415039,321.0799560546875,-204.1593475341797],"r":[-0.10467023402452469,1.7804461238668523e-9,0.9945069551467896,-1.1222459628257297e-9,1,-1.9083947755405006e-9,-0.9945069551467896,-1.315833553228174e-9,-0.10467023402452469]}},{"t":7.591939687728882,"j":false,"c":{"p":[90.23554992675781,319.3525085449219,-204.0066680908203],"r":[-0.08371511101722717,-9.676118395418598e-8,0.9964897036552429,2.4091260542036252e-8,1,9.912594123306917e-8,-0.9964897036552429,3.2305031538726325e-8,-0.08371511101722717]}},{"t":7.595927476882935,"j":true,"c":{"p":[90.23554992675781,319.3525085449219,-204.0066680908203],"r":[-0.08371511101722717,-9.676118395418598e-8,0.9964897036552429,2.4091260542036252e-8,1,9.912594123306917e-8,-0.9964897036552429,3.2305031538726325e-8,-0.08371511101722717]}},{"t":7.6350767612457275,"j":true,"c":{"p":[89.33949279785156,319.3506774902344,-203.93421936035156],"r":[-0.07672060281038284,-5.576826112019262e-8,0.9970526099205017,1.4849441676290098e-8,1,5.7075741466405816e-8,-0.9970526099205017,1.9184559718610217e-8,-0.07672060281038284]}},{"t":7.643880128860474,"j":true,"c":{"p":[89.15994262695312,319.79022216796875,-203.92039489746094],"r":[-0.07672037184238434,-3.385327573823815e-8,0.9970526695251465,9.528876354636395e-9,1,3.468656828431449e-8,-0.9970526695251465,1.216195766318151e-8,-0.07672037184238434]}},{"t":7.652940511703491,"j":true,"c":{"p":[88.97296142578125,320.21612548828125,-203.906005859375],"r":[-0.07672017812728882,-1.1947649092292068e-8,0.9970526695251465,4.210583881558705e-9,1,1.2306959007446494e-8,-0.9970526695251465,5.142366088506378e-9,-0.07672017812728882]}},{"t":7.65793514251709,"j":false,"c":{"p":[88.77699279785156,320.62841796875,-203.89093017578125],"r":[-0.07672018557786942,9.948618817645638e-9,0.9970526695251465,-1.10543652009909e-9,1,-1.006308725237659e-8,-0.9970526695251465,-1.874220334485699e-9,-0.07672018557786942]}},{"t":7.694019794464111,"j":true,"c":{"p":[87.98004913330078,322.1413269042969,-203.82789611816406],"r":[-0.08357075601816177,9.7302176982339e-8,0.9965018630027771,-2.2049123415968097e-8,1,-9.94928797126704e-8,-0.9965018630027771,-3.0286688712521936e-8,-0.08357075601816177]}},{"t":7.72464919090271,"j":false,"c":{"p":[87.18363952636719,323.43621826171875,-203.75277709960938],"r":[-0.12449116259813309,1.1524751641900366e-7,0.9922206997871399,-2.6499671790247703e-8,1,-1.1947592781780259e-7,-0.9922206997871399,-4.1167218967075314e-8,-0.12449116259813309]}},{"t":7.790757417678833,"j":false,"c":{"p":[85.6013412475586,325.37200927734375,-203.5174102783203],"r":[-0.18677060306072235,1.0099929781404171e-8,0.982403576374054,-8.439283050165614e-9,1,-1.1885278539125466e-8,-0.982403576374054,-1.0510602166391436e-8,-0.18677060306072235]}},{"t":7.857452154159546,"j":false,"c":{"p":[84.03221130371094,326.4358215332031,-203.20492553710938],"r":[-0.2210119515657425,-9.973035020038878e-8,0.9752711057662964,4.865335245796132e-9,1,1.0336167122204643e-7,-0.9752711057662964,2.7589184270482292e-8,-0.2210119515657425]}},{"t":7.9240570068359375,"j":false,"c":{"p":[82.47187805175781,326.62762451171875,-202.8509521484375],"r":[-0.21498090028762817,-9.322121741206502e-8,0.976618230342865,6.804400154436507e-9,1,9.695091307548864e-8,-0.976618230342865,2.748789462714285e-8,-0.21498090028762817]}},{"t":7.990872383117676,"j":false,"c":{"p":[80.9021224975586,325.9474182128906,-202.54248046875],"r":[-0.16034123301506042,6.304355082420443e-8,0.987061619758606,-8.571723775219198e-9,1,-6.526233420345307e-8,-0.987061619758606,-1.892506418244011e-8,-0.16034123301506042]}},{"t":8.057607889175415,"j":false,"c":{"p":[79.43179321289062,325.27301025390625,-202.3090362548828],"r":[-0.1667708158493042,3.8400393975734914e-8,0.9859957098960876,-5.777142320084749e-9,1,-3.992294494992166e-8,-0.9859957098960876,-1.2354219869337157e-8,-0.1667708158493042]}},{"t":8.123992919921875,"j":false,"c":{"p":[78.1728286743164,326.1064147949219,-202.07333374023438],"r":[-0.22835209965705872,-9.13202384822398e-8,0.9735786318778992,5.137074321481805e-9,1,