{"v":1,"name":"macro1_macro1_macro2_merged_macro2_merged_merged_macro1_macro2_merged_macro2_merged_macro2_merged_merged","d":[{"t":0,"j":false,"c":{"p":[72.66757202148438,246.99440002441406,117.459716796875],"r":[-0.1667684018611908,-4.934022612701483e-8,-0.9859960675239563,-1.538544047718915e-8,1,-4.7438749817274584e-8,0.9859960675239563,7.258699863399443e-9,-0.1667684018611908]}},{"t":0.0418553352355957,"j":false,"c":{"p":[72.7698745727539,246.99440002441406,117.47454833984375],"r":[-0.13225610554218292,2.8337561630564778e-8,-0.9912155866622925,6.402790742043862e-9,1,2.773438367853487e-8,0.9912155866622925,-2.6785043072408143e-9,-0.13225610554218292]}},{"t":0.08556389808654785,"j":false,"c":{"p":[73.62032318115234,246.99440002441406,117.58521270751953],"r":[-0.1253334879875183,1.0567548969220297e-7,-0.9921146631240845,2.6779936490584078e-8,1,1.0313230092151571e-7,0.9921146631240845,-1.3642837082272763e-8,-0.1253334879875183]}},{"t":0.1345529556274414,"j":false,"c":{"p":[74.81083679199219,246.99440002441406,117.73563385009766],"r":[-0.12533336877822876,1.9076399127015975e-8,-0.9921146631240845,5.192335006398707e-9,1,1.857207188038501e-8,0.9921146631240845,-2.823691280795515e-9,-0.12533336877822876]}},{"t":0.17506146430969238,"j":false,"c":{"p":[75.80296325683594,246.99440002441406,117.8609848022461],"r":[-0.1253334879875183,-8.275940643898139e-8,-0.9921146631240845,-2.0389732569014996e-8,1,-8.084135316721586e-8,0.9921146631240845,1.009682382147048e-8,-0.1253334879875183]}},{"t":0.21707868576049805,"j":false,"c":{"p":[76.79537200927734,246.99440002441406,117.98397064208984],"r":[-0.11840393394231796,-5.835426719613679e-8,-0.9929655194282532,-1.4943394077704397e-8,1,-5.698577609791755e-8,0.9929655194282532,8.090934144888706e-9,-0.11840393394231796]}},{"t":0.2591986656188965,"j":false,"c":{"p":[77.78833770751953,246.99440002441406,118.10238647460938],"r":[-0.11840393394231796,1.981784691906796e-8,-0.9929655194282532,3.6753649013121503e-9,1,1.951998207516681e-8,0.9929655194282532,-1.3382680519313794e-9,-0.11840393394231796]}},{"t":0.30131030082702637,"j":false,"c":{"p":[78.78130340576172,246.99440002441406,118.22079467773438],"r":[-0.11840393394231796,9.782309007277945e-8,-0.9929655194282532,2.2254404541399708e-8,1,9.586241844772303e-8,0.9929655194282532,-1.0747369216801417e-8,-0.11840393394231796]}},{"t":0.3419158458709717,"j":false,"c":{"p":[79.7742691040039,246.99440002441406,118.33920288085938],"r":[-0.11840393394231796,4.9929820278293846e-8,-0.9929655194282532,1.1735568961057652e-8,1,4.888416071935353e-8,0.9929655194282532,-5.864938312782897e-9,-0.11840393394231796]}},{"t":0.3833181858062744,"j":false,"c":{"p":[80.7672348022461,246.99440002441406,118.45761108398438],"r":[-0.11840393394231796,-5.168877592609533e-8,-0.9929655194282532,-1.1201061411725277e-8,1,-5.071931141742425e-8,0.9929655194282532,5.116901125035156e-9,-0.11840393394231796]}},{"t":0.4250631332397461,"j":false,"c":{"p":[81.76020050048828,246.99440002441406,118.57601928710938],"r":[-0.11840393394231796,-8.150030339493242e-8,-0.9929655194282532,-1.815625871870452e-8,1,-7.99126738115774e-8,0.9929655194282532,8.56656257042232e-9,-0.11840393394231796]}},{"t":0.4674961566925049,"j":false,"c":{"p":[82.75316619873047,246.99440002441406,118.69442749023438],"r":[-0.11840393394231796,-3.9776635318844455e-9,-0.9929655194282532,-1.2233793977856067e-9,1,-3.8599634599734145e-9,0.9929655194282532,7.57738649603823e-10,-0.11840393394231796]}},{"t":0.508720874786377,"j":false,"c":{"p":[83.74613189697266,246.99440002441406,118.81283569335938],"r":[-0.11840393394231796,7.337947494079344e-8,-0.9929655194282532,1.5673375486358054e-8,1,7.203038165926046e-8,0.9929655194282532,-7.034440585584889e-9,-0.11840393394231796]}},{"t":0.550412654876709,"j":false,"c":{"p":[84.73909759521484,246.99440002441406,118.93124389648438],"r":[-0.11840393394231796,7.953575220653875e-8,-0.9929655194282532,1.7190366463637474e-8,1,7.804938206845691e-8,0.9929655194282532,-7.828087511541071e-9,-0.11840393394231796]}},{"t":0.5920801162719727,"j":false,"c":{"p":[85.73206329345703,246.99440002441406,119.04965209960938],"r":[-0.11840381473302841,-2.0760912988748714e-8,-0.9929655194282532,-4.286882404613834e-9,1,-2.0396809574663166e-8,0.9929655194282532,1.8416662639353376e-9,-0.11840381473302841]}},{"t":0.6350069046020508,"j":false,"c":{"p":[86.72502899169922,246.99440002441406,119.16806030273438],"r":[-0.11840381473302841,-1.0320568577526501e-7,-0.9929655194282532,-2.1960694596145913e-8,1,-1.0131817873570981e-7,0.9929655194282532,9.809753898082363e-9,-0.11840381473302841]}},{"t":0.6753005981445312,"j":false,"c":{"p":[87.71731567382812,246.97366333007812,119.28638458251953],"r":[-0.11840369552373886,-2.6904666938776245e-8,-0.9929655194282532,-5.8145528392117285e-9,1,-2.6401925978802865e-8,0.9929655194282532,2.6475650560797703e-9,-0.11840369552373886]}},{"t":0.6777606010437012,"j":true,"c":{"p":[87.71731567382812,246.97366333007812,119.28638458251953],"r":[-0.11840369552373886,-2.6904666938776245e-8,-0.9929655194282532,-5.8145528392117285e-9,1,-2.6401925978802865e-8,0.9929655194282532,2.6475650560797703e-9,-0.11840369552373886]}},{"t":0.6877641677856445,"j":true,"c":{"p":[87.91551208496094,247.41319274902344,119.31002044677734],"r":[-0.11840358376502991,-1.1664042176562361e-8,-0.992965579032898,-2.589467085201136e-9,1,-1.1437899516408834e-8,0.992965579032898,1.2169634189262979e-9,-0.11840358376502991]}},{"t":0.6931531429290771,"j":true,"c":{"p":[88.11399841308594,247.839111328125,119.33369445800781],"r":[-0.11840415745973587,3.570069573299861e-9,-0.9929654598236084,6.342508740431185e-10,1,3.5197313952295417e-9,0.9929654598236084,-2.130384202381208e-10,-0.11840415745973587]}},{"t":0.7171921730041504,"j":false,"c":{"p":[88.70976257324219,249.03509521484375,119.40473937988281],"r":[-0.11840377748012543,4.923333207784708e-8,-0.9929655194282532,1.029713114775177e-8,1,4.835425926330572e-8,0.9929655194282532,-4.4993693215644726e-9,-0.11840377748012543]}},{"t":0.7587902545928955,"j":false,"c":{"p":[89.70272827148438,250.7559051513672,119.52314758300781],"r":[-0.11840416491031647,1.252087002967528e-7,-0.9929654598236084,2.6374433303999467e-8,1,1.2295075180190906e-7,0.9929654598236084,-1.163102059109633e-8,-0.11840416491031647]}},{"t":0.8009252548217773,"j":false,"c":{"p":[90.69612121582031,252.1361083984375,119.6377944946289],"r":[-0.1114850863814354,1.1449514403238936e-7,-0.9937661290168762,2.396047094066489e-8,1,1.1252537746031521e-7,0.9937661290168762,-1.1266202193382924e-8,-0.1114850863814354]}},{"t":0.842597484588623,"j":false,"c":{"p":[91.68992614746094,253.17567443847656,119.74925994873047],"r":[-0.11146900057792664,1.7506563310121237e-8,-0.9937679171562195,3.2968690000245715e-9,1,1.7246545525040347e-8,0.9937679171562195,-1.3538674625834801e-9,-0.11146900057792664]}},{"t":0.8845531940460205,"j":false,"c":{"p":[92.68373107910156,253.87461853027344,119.86072540283203],"r":[-0.11146867275238037,-7.927475564883935e-8,-0.9937679767608643,-1.7323268153290883e-8,1,-7.782878697071283e-8,0.9937679767608643,8.539837281773544e-9,-0.11146867275238037]}},{"t":0.9253270626068115,"j":false,"c":{"p":[93.67753601074219,254.23294067382812,119.9721908569336],"r":[-0.11146867275238037,-1.4063070352676732e-7,-0.9937679767608643,-3.0320546073880905e-8,1,-1.3811163057653175e-7,0.9937679767608643,1.4736465381304242e-8,-0.11146867275238037]}},{"t":0.9677262306213379,"j":false,"c":{"p":[94.67134094238281,254.25062561035156,120.08365631103516],"r":[-0.11146856844425201,-6.113072004154674e-8,-0.9937679767608643,-1.3006933308190582e-8,1,-6.005512176443517e-8,0.9937679767608643,6.231615223839526e-9,-0.11146856844425201]}},{"t":1.0081229209899902,"j":false,"c":{"p":[95.66566467285156,253.9276885986328,120.18998718261719],"r":[-0.10453371703624725,1.8456253414456114e-8,-0.9945213198661804,3.6969383110374565e-9,1,1.8169341586826704e-8,0.9945213198661804,-1.7773750249361342e-9,-0.10453371703624725]}},{"t":1.0506627559661865,"j":false,"c":{"p":[96.66015625,253.26412963867188,120.29450988769531],"r":[-0.10452848672866821,9.786943167000572e-8,-0.9945219159126282,2.0376933917987117e-8,1,9.626682384578089e-8,0.9945219159126282,-1.0202682254600859e-8,-0.10452848672866821]}},{"t":1.0917737483978271,"j":false,"c":{"p":[97.65464782714844,252.25994873046875,120.39903259277344],"r":[-0.1045285314321518,1.4251699553824437e-7,-0.9945219159126282,2.9785823585370963e-8,1,1.4017139449151728e-7,0.9945219159126282,-1.4970742867603803e-8,-0.1045285314321518]}},{"t":1.1343927383422852,"j":false,"c":{"p":[98.64913940429688,250.91514587402344,120.50355529785156],"r":[-0.10452845692634583,4.88327849268444e-8,-0.9945219159126282,1.0264052718866878e-8,1,4.802297581818493e-8,0.9945219159126282,-5.188057983218641e-9,-0.10452845692634583]}},{"t":1.1755776405334473,"j":false,"c":{"p":[99.64363098144531,249.22970581054688,120.60807800292969],"r":[-0.1045285016298294,-4.465150382770844e-8,-0.9945219159126282,-9.21606346793169e-9,1,-4.392881081116684e-8,0.9945219159126282,4.5737649223553944e-9,-0.1045285016298294]}},{"t":1.223846673965454,"j":false,"c":{"p":[100.63812255859375,248.7373809814453,120.71260070800781],"r":[-0.10452846437692642,-1.0298876418346481e-7,-0.9945219159126282,-2.1395301530446886e-8,1,-1.0130731453728004e-7,0.9945219159126282,1.068859845076986e-8,-0.10452846437692642]}},{"t":1.2254350185394287,"j":true,"c":{"p":[100.63812255859375,248.7373809814453,120.71260070800781],"r":[-0.10452846437692642,-1.0298876418346481e-7,-0.9945219159126282,-2.1395301530446886e-8,1,-1.0130731453728004e-7,0.9945219159126282,1.068859845076986e-8,-0.10452846437692642]}},{"t":1.2442338466644287,"j":true,"c":{"p":[101.23481750488281,248.69769287109375,120.77531433105469],"r":[-0.10452846437692642,-5.4110980585164725e-8,-0.9945219159126282,-1.1279181144630002e-8,1,-5.322354823533715e-8,0.9945219159126282,5.65401681029698e-9,-0.10452846437692642]}},{"t":1.2534925937652588,"j":true,"c":{"p":[101.4337158203125,249.140625,120.79621887207031],"r":[-0.10452846437692642,-3.783230795306736e-8,-0.9945219159126282,-7.910021082579988e-9,1,-3.7209321845921295e-8,0.9945219159126282,3.977256302079013e-9,-0.10452846437692642]}},{"t":1.2679734230041504,"j":false,"c":{"p":[101.83151245117188,249.99244689941406,120.83802795410156],"r":[-0.10452844947576523,-5.295830440843474e-9,-0.9945219159126282,-1.1760181717335172e-9,1,-5.201397090814908e-9,0.9945219159126282,6.258819018611916e-10,-0.10452844947576523]}},{"t":1.2690181732177734,"j":true,"c":{"p":[101.83151245117188,249.99244689941406,120.83802795410156],"r":[-0.10452844947576523,-5.295830440843474e-9,-0.9945219159126282,-1.1760181717335172e-9,1,-5.201397090814908e-9,0.9945219159126282,6.258819018611916e-10,-0.10452844947576523]}},{"t":1.3086323738098145,"j":false,"c":{"p":[102.82589721679688,251.88357543945312,120.9435806274414],"r":[-0.1113276407122612,7.601430240811169e-8,-0.9937837719917297,1.5834640265666167e-8,1,7.47159205616299e-8,0.9937837719917297,-7.41826156058778e-9,-0.1113276407122612]}},{"t":1.3509607315063477,"j":false,"c":{"p":[103.8191146850586,253.43408203125,121.05976104736328],"r":[-0.12517565488815308,1.5772374695188773e-7,-0.9921345710754395,3.3746406558066155e-8,1,1.5471641745534725e-7,0.9921345710754395,-1.4114246660312801e-8,-0.12517565488815308]}},{"t":1.3924896717071533,"j":false,"c":{"p":[104.8104248046875,254.6439666748047,121.19119262695312],"r":[-0.14568839967250824,7.980931115980638e-8,-0.989330530166626,1.726155396397644e-8,1,7.812808888729705e-8,0.989330530166626,-5.6950253402021644e-9,-0.14568839967250824]}},{"t":1.4334218502044678,"j":false,"c":{"p":[105.79823303222656,255.51321411132812,121.3466567993164],"r":[-0.17323769629001617,-1.418945050346565e-8,-0.9848800301551819,-5.5141047283768785e-9,1,-1.3437372103908274e-8,0.9848800301551819,3.1028721814152505e-9,-0.17323769629001617]}},{"t":1.4755396842956543,"j":false,"c":{"p":[106.78181457519531,256.0418701171875,121.52691650390625],"r":[-0.19402940571308136,-1.0651530146787991e-7,-0.9809957146644592,-3.029788331332384e-8,1,-1.0258619909109257e-7,0.9809957146644592,9.817355817176576e-9,-0.19402940571308136]}},{"t":1.5159118175506592,"j":false,"c":{"p":[107.75920104980469,256.2299499511719,121.73788452148438],"r":[-0.2543603181838989,-1.2519127778887196e-7,-0.9671095013618469,-3.654149693943509e-8,1,-1.1983810566107422e-7,0.9671095013618469,4.857569901872694e-9,-0.2543603181838989]}},{"t":1.5588698387145996,"j":false,"c":{"p":[108.72024536132812,256.077392578125,122.01341247558594],"r":[-0.32126984000205994,-2.6275097653183366e-8,-0.9469876885414124,-7.461350648441112e-9,1,-2.5214680121621313e-8,0.9469876885414124,-1.0349092693928696e-9,-0.32126984000205994]}},{"t":1.601207971572876,"j":false,"c":{"p":[109.66144561767578,255.58416748046875,122.35091400146484],"r":[-0.3548969030380249,8.29564328341803e-8,-0.934905469417572,2.7014559478288902e-8,1,7.847750538303444e-8,0.934905469417572,2.5953645899079447e-9,-0.3548969030380249]}},{"t":1.6420316696166992,"j":false,"c":{"p":[110.59629821777344,254.75030517578125,122.7059326171875],"r":[-0.35510575771331787,1.2332618837262999e-7,-0.934826135635376,3.975755191731878e-8,1,1.1682178069349902e-7,0.934826135635376,4.317687540833504e-9,-0.35510575771331787]}},{"t":1.6839649677276611,"j":false,"c":{"p":[111.5311279296875,253.5758056640625,123.06100463867188],"r":[-0.3551066815853119,5.8297235483451004e-8,-0.9348257780075073,1.8552007929883985e-8,1,5.531436642058907e-8,0.9348257780075073,2.2996049509060867e-9,-0.3551066815853119]}},{"t":1.7260663509368896,"j":false,"c":{"p":[112.46595764160156,252.06068420410156,123.41607666015625],"r":[-0.3551066815853119,-6.592926649062747e-9,-0.9348257780075073,-2.608230298406511e-9,1,-6.061799506795751e-9,0.9348257780075073,2.8565538823244196e-10,-0.3551066815853119]}},{"t":1.769176721572876,"j":false,"c":{"p":[113.40078735351562,250.20494079589844,123.77114868164062],"r":[-0.3551066815853119,-7.13446013378416e-8,-0.9348257780075073,-2.3723309539036563e-8,1,-6.730697776902161e-8,0.9348257780075073,-1.7239951688452493e-9,-0.3551066815853119]}},{"t":1.8185803890228271,"j":false,"c":{"p":[114.5225830078125,248.7955322265625,124.19723510742188],"r":[-0.3551066815853119,-7.94182000163346e-8,-0.9348257780075073,-2.611742466740452e-8,1,-7.503401633357498e-8,0.9348257780075073,-2.2298372037710124e-9,-0.3551066815853119]}},{"t":1.8210525512695312,"j":true,"c":{"p":[114.5225830078125,248.7955322265625,124.19723510742188],"r":[-0.3551066815853119,-7.94182000163346e-8,-0.9348257780075073,-2.611742466740452e-8,1,-7.503401633357498e-8,0.9348257780075073,-2.2298372037710124e-9,-0.3551066815853119]}},{"t":1.8540992736816406,"j":true,"c":{"p":[115.27044677734375,248.75552368164062,124.48129272460938],"r":[-0.3616247773170471,7.730891482538027e-9,-0.932323694229126,2.9198041762157345e-9,1,7.159549397783849e-9,0.932323694229126,-1.331321164421695e-10,-0.3616247773170471]}},{"t":1.8589019775390625,"j":false,"c":{"p":[115.45741271972656,249.19505310058594,124.55230712890625],"r":[-0.38106995820999146,2.9494881204072954e-8,-0.9245461821556091,1.0706243891434042e-8,1,2.7489219789345043e-8,0.9245461821556091,5.768984734366711e-10,-0.38106995820999146]}},{"t":1.8603951930999756,"j":true,"c":{"p":[115.45741271972656,249.19505310058594,124.55230712890625],"r":[-0.38106995820999146,2.9494881204072954e-8,-0.9245461821556091,1.0706243891434042e-8,1,2.7489219789345043e-8,0.9245461821556091,5.768984734366711e-10,-0.38106995820999146]}},{"t":1.8692173957824707,"j":true,"c":{"p":[115.64285278320312,249.6209716796875,124.62718200683594],"r":[-0.40582096576690674,5.14366327308835e-8,-0.9139525890350342,1.9010075291703288e-8,1,4.783830931387456e-8,0.9139525890350342,2.039481916682462e-9,-0.40582096576690674]}},{"t":1.901214599609375,"j":false,"c":{"p":[116.35576629638672,251.18836975097656,124.98762512207031],"r":[-0.5459147095680237,1.293954028369626e-7,-0.8378407955169678,4.8037684052815166e-8,1,1.231390598377402e-7,0.8378407955169678,2.6975490285963133e-8,-0.5459147095680237]}},{"t":1.941936731338501,"j":false,"c":{"p":[117.1408462524414,252.841064453125,125.60061645507812],"r":[-0.7232222557067871,9.866377581602137e-8,-0.6906153559684753,1.6578542982870204e-8,1,1.2550228234431415e-7,0.6906153559684753,7.931665635396712e-8,-0.7232222557067871]}},{"t":1.9836878776550293,"j":false,"c":{"p":[117.8282241821289,254.1531219482422,126.32675170898438],"r":[-0.728959321975708,4.83005351270549e-8,-0.6845570206642151,-3.0177254473073845e-8,1,1.0269199179901989e-7,0.6845570206642151,9.551634150284372e-8,-0.728959321975708]}},{"t":2.0252606868743896,"j":false,"c":{"p":[118.51275634765625,255.12457275390625,127.05574798583984],"r":[-0.7471323013305664,-3.840633144847061e-9,-0.6646753549575806,-7.688229430868887e-8,1,8.064179723987763e-8,0.6646753549575806,1.1135185928878855e-7,-0.7471323013305664]}},{"t":2.068265676498413,"j":false,"c":{"p":[119.1378402709961,255.75540161132812,127.83522033691406],"r":[-0.8356527090072632,-5.761519261682224e-8,-0.5492582321166992,-1.2521147141342226e-7,1,8.560292741321973e-8,0.5492582321166992,1.4030774764250964e-7,-0.8356527090072632]}},{"t":2.1093854904174805,"j":false,"c":{"p":[119.65043640136719,256.04559326171875,128.6932373046875],"r":[-0.8793734908103943,-3.32782512657559e-8,-0.4761326014995575,-7.377160216037737e-8,1,6.635659843823305e-8,0.4761326014995575,9.347730411946031e-8,-0.8793734908103943]}},{"t":2.1503865718841553,"j":false,"c":{"p":[120.12649536132812,255.99522399902344,129.57264709472656],"r":[-0.879646897315979,2.7463473273314776e-8,-0.4756273329257965,1.924275494502581e-8,1,2.2153150425197055e-8,0.4756273329257965,1.033456964449897e-8,-0.879646897315979]}},{"t":2.192655324935913,"j":false,"c":{"p":[120.60211181640625,255.6041717529297,130.4523162841797],"r":[-0.8796485066413879,8.816450502990847e-8,-0.4756243824958801,1.1207733052742697e-7,1,-2.1916758186080187e-8,0.4756243824958801,-7.258574896695791e-8,-0.8796485066413879]}},{"t":2.233647108078003,"j":false,"c":{"p":[121.08072662353516,254.8724822998047,131.330322265625],"r":[-0.8697119951248169,7.348685215902151e-8,-0.49355950951576233,1.039461281493459e-7,1,-3.4274172833193006e-8,0.49355950951576233,-8.111226179607911e-8,-0.8697119951248169]}},{"t":2.275902032852173,"j":false,"c":{"p":[121.58490753173828,253.8001708984375,132.19383239746094],"r":[-0.855464518070221,1.1520068454728971e-8,-0.5178614854812622,2.849293778695028e-8,1,-2.4822522703971117e-8,0.5178614854812622,-3.599017972533147e-8,-0.855464518070221]}},{"t":2.316500186920166,"j":false,"c":{"p":[122.05108642578125,252.5438690185547,132.96371459960938],"r":[-0.8553645610809326,-4.1677957085539674e-8,-0.5180264711380005,-3.9298299725487595e-8,1,-1.5565968070063718e-8,0.5180264711380005,7.042981753357935e-9,-0.8553645610809326]}},{"t":2.358552932739258,"j":false,"c":{"p":[122.62092590332031,250.63368225097656,133.9046630859375],"r":[-0.8553643226623535,-1.0654709114987782e-7,-0.5180269479751587,-1.219749350411803e-7,1,-4.2740690986420304e-9,0.5180269479751587,5.9530417928499446e-8,-0.8553643226623535]}},{"t":2.387739658355713,"j":true,"c":{"p":[122.93174743652344,249.4180450439453,134.41790771484375],"r":[-0.8656493425369263,-1.4341672738282796e-7,-0.5006507635116577,-1.6694453108812013e-7,1,2.194527448651229e-9,0.5006507635116577,8.548059327040392e-8,-0.8656493425369263]}},{"t":2.401892900466919,"j":false,"c":{"p":[123.12735748291016,248.53948974609375,134.76669311523438],"r":[-0.8857422471046448,-1.0799411853668062e-7,-0.4641774594783783,-1.262969959725524e-7,1,8.342644797210141e-9,0.4641774594783783,6.601365498681844e-8,-0.8857422471046448]}},{"t":2.4032704830169678,"j":true,"c":{"p":[123.12735748291016,248.53948974609375,134.76669311523438],"r":[-0.8857422471046448,-1.0799411853668062e-7,-0.4641774594783783,-1.262969959725524e-7,1,8.342644797210141e-9,0.4641774594783783,6.601365498681844e-8,-0.8857422471046448]}},{"t":2.4506452083587646,"j":false,"c":{"p":[123.52660369873047,247.80943298339844,135.8900909423828],"r":[-0.9975639581680298,-2.3175013019738344e-9,-0.06975818425416946,-2.7782969258538515e-9,1,6.508590999487751e-9,0.06975818425416946,6.686544651302029e-9,-0.9975639581680298]}},{"t":2.45222544670105,"j":true,"c":{"p":[123.52660369873047,247.80943298339844,135.8900909423828],"r":[-0.9975639581680298,-2.3175013019738344e-9,-0.06975818425416946,-2.7782969258538515e-9,1,6.508590999487751e-9,0.06975818425416946,6.686544651302029e-9,-0.9975639581680298]}},{"t":2.4615938663482666,"j":true,"c":{"p":[123.55712127685547,248.24896240234375,136.08763122558594],"r":[-1,1.7187471001989252e-8,-0.0000018102994090440916,1.7187469225632412e-8,1,9.772498366089621e-10,0.0000018102994090440916,9.772186393419702e-10,-1]}},{"t":2.4689505100250244,"j":true,"c":{"p":[123.58020782470703,248.6748809814453,136.2857666015625],"r":[-0.9977356791496277,3.6931261604422616e-8,0.06725671142339706,3.672025172818394e-8,1,-4.373625461795427e-9,-0.06725671142339706,-1.8940389256982826e-9,-0.9977356791496277]}},{"t":2.493123769760132,"j":false,"c":{"p":[123.58993530273438,249.87086486816406,136.881103515625],"r":[-0.9758298397064209,9.01740762060399e-8,0.21853168308734894,9.526258537562171e-8,1,1.2748705202625388e-8,-0.21853168308734894,3.32584590978513e-8,-0.9758298397064209]}},{"t":2.5344059467315674,"j":false,"c":{"p":[123.40897369384766,251.5916748046875,137.8529052734375],"r":[-0.9352999925613403,7.12914598466341e-8,0.35385575890541077,1.0346087719881325e-7,1,7.199403029289897e-8,-0.35385575890541077,1.0394624183618362e-7,-0.9352999925613403]}},{"t":2.577047824859619,"j":false,"c":{"p":[122.99103546142578,253.09115600585938,138.86907958984375],"r":[-0.9109911322593689,-1.442124375472531e-8,0.4124259650707245,4.553418619934746e-8,1,1.3554549127547943e-7,-0.4124259650707245,1.422602196043954e-7,-0.9109911322593689]}},{"t":2.617554187774658,"j":false,"c":{"p":[122.61749267578125,254.01144409179688,139.68788146972656],"r":[-0.9077926874160767,-5.644770695312218e-8,0.41941916942596436,2.064407755852926e-9,1,1.3905363971389306e-7,-0.41941916942596436,1.2709773500318988e-7,-0.9077926874160767]}},{"t":2.658756732940674,"j":false,"c":{"p":[122.15608978271484,254.7615509033203,140.6864013671875],"r":[-0.9077777862548828,-4.647187523687535e-8,0.41945138573646545,-4.4571571322649106e-8,1,1.4330126418826694e-8,-0.41945138573646545,-5.6870370634953815e-9,-0.9077777862548828]}},{"t":2.701119899749756,"j":false,"c":{"p":[121.80496215820312,255.06871032714844,141.5146026611328],"r":[-0.9461532235145569,-4.607881010088022e-8,0.3237191438674927,-7.693807191344604e-8,1,-8.252953875853564e-8,-0.3237191438674927,-1.0299191899321158e-7,-0.9461532235145569]}},{"t":2.7428135871887207,"j":false,"c":{"p":[121.5637435913086,255.08639526367188,142.48220825195312],"r":[-0.9982351064682007,-9.265661304880268e-8,0.059385914355516434,-9.921328825157616e-8,1,-1.0745932854661078e-7,-0.059385914355516434,-1.131615476879233e-7,-0.9982351064682007]}},{"t":2.784501075744629,"j":false,"c":{"p":[121.53997039794922,254.76345825195312,143.4802703857422],"r":[-0.9997848272323608,-1.244602003680484e-7,-0.020742343738675117,-1.242493112840748e-7,1,-1.1455872694909885e-8,0.020742343738675117,-8.876186008421882e-9,-0.9997848272323608]}},{"t":2.825688600540161,"j":false,"c":{"p":[121.55711364746094,254.0998992919922,144.48011779785156],"r":[-0.9999998807907104,-1.3516203978269914e-7,-0.0005170282674953341,-1.3520447339487873e-7,1,8.20270074086693e-8,0.0005170282674953341,8.209689639215867e-8,-0.9999998807907104]}},{"t":2.8673388957977295,"j":false,"c":{"p":[121.55315399169922,253.09571838378906,145.48007202148438],"r":[-0.9997892379760742,-2.3374310487156436e-8,0.02052934840321541,-2.191097614456794e-8,1,7.150507741471301e-8,-0.02052934840321541,7.104019061898725e-8,-0.9997892379760742]}},{"t":2.9087419509887695,"j":false,"c":{"p":[121.50460052490234,251.75091552734375,146.4785614013672],"r":[-0.9939194917678833,8.286853869776678e-8,0.11010921746492386,9.0218804871256e-8,1,6.177223355052774e-8,-0.11010921746492386,7.133054680252826e-8,-0.9939194917678833]}},{"t":2.9506378173828125,"j":false,"c":{"p":[121.33981323242188,250.0654754638672,147.46395874023438],"r":[-0.9689956903457642,8.903190007458761e-8,0.24707764387130737,1.0279070750129904e-7,1,4.2787576148839435e-8,-0.24707764387130737,6.685826292596175e-8,-0.9689956903457642]}},{"t":2.991844892501831,"j":false,"c":{"p":[121.07081604003906,248.03941345214844,148.42686462402344],"r":[-0.9511030912399292,3.648487734153605e-8,0.3088735342025757,4.851823476315076e-8,1,3.127806280645018e-8,-0.3088735342025757,4.473466219678812e-8,-0.9511030912399292]}},{"t":3.0339133739471436,"j":false,"c":{"p":[120.72666931152344,247.8078155517578,149.3649444580078],"r":[-0.8987944722175598,-1.769892676861673e-8,0.43837031722068787,-6.077871983478644e-9,1,2.791285957925993e-8,-0.43837031722068787,2.2423565226858955e-8,-0.8987944722175598]}},{"t":3.035818338394165,"j":true,"c":{"p":[120.72666931152344,247.8078155517578,149.3649444580078],"r":[-0.8987944722175598,-1.769892676861673e-8,0.43837031722068787,-6.077871983478644e-9,1,2.791285957925993e-8,-0.43837031722068787,2.2423565226858955e-8,-0.8987944722175598]}},{"t":3.044543981552124,"j":true,"c":{"p":[120.64634704589844,248.24734497070312,149.54808044433594],"r":[-0.8829480409622192,-2.8327118428705944e-8,0.469470739364624,-1.7006247077233638e-8,1,2.8354238068573068e-8,-0.469470739364624,1.705138252816596e-8,-0.8829480409622192]}},{"t":3.0529885292053223,"j":true,"c":{"p":[120.55931854248047,248.6732635498047,149.7279815673828],"r":[-0.8699897527694702,-3.876021281712383e-8,0.4930698573589325,-2.794238795900128e-8,1,2.9307454241234154e-8,-0.4930698573589325,1.1719635040208232e-8,-0.8699897527694702]}},{"t":3.0749716758728027,"j":false,"c":{"p":[120.25447845458984,249.86924743652344,150.24423217773438],"r":[-0.8260834217071533,-7.392215906065758e-8,0.5635478496551514,-6.034673560861847e-8,1,4.271282350032379e-8,-0.5635478496551514,1.276081018630748e-9,-0.8260834217071533]}},{"t":3.1175413131713867,"j":false,"c":{"p":[119.68157196044922,251.59005737304688,151.06373596191406],"r":[-0.8131476044654846,-1.4141660642508214e-7,0.5820575952529907,-1.1275363931417814e-7,1,8.544044760583347e-8,-0.5820575952529907,3.846580831634583e-9,-0.8131476044654846]}},{"t":3.158719778060913,"j":false,"c":{"p":[119.09945678710938,252.9702606201172,151.8768768310547],"r":[-0.813101053237915,-1.0461906896352957e-7,0.5821225643157959,-8.220371228162549e-8,1,6.489895554295799e-8,-0.5821225643157959,4.916772766705435e-9,-0.813101053237915]}},{"t":3.200392007827759,"j":false,"c":{"p":[118.517333984375,254.00982666015625,152.6900177001953],"r":[-0.8131008744239807,1.8687775771297765e-9,0.582122802734375,3.23033622073865e-9,1,1.3018072175796647e-9,-0.582122802734375,2.9389528588552594e-9,-0.8131008744239807]}},{"t":3.241676092147827,"j":false,"c":{"p":[117.93521118164062,254.70877075195312,153.50315856933594],"r":[-0.8131008744239807,1.0812923534331276e-7,0.582122802734375,8.848200394595551e-8,1,-6.215945091980757e-8,-0.582122802734375,9.654848032170094e-10,-0.8131008744239807]}},{"t":3.284250259399414,"j":false,"c":{"p":[117.35308837890625,255.0670928955078,154.31629943847656],"r":[-0.8131008744239807,1.0928014404498754e-7,0.582122802734375,8.850428656614895e-8,1,-6.410542141566111e-8,-0.582122802734375,-6.038142763564736e-10,-0.8131008744239807]}},{"t":3.3248050212860107,"j":false,"c":{"p":[116.77096557617188,255.08477783203125,155.1294403076172],"r":[-0.8051912784576416,4.056494518067666e-8,0.5930151343345642,3.201188292223378e-8,1,-2.49390890161294e-8,-0.5930151343345642,-1.097207213973661e-9,-0.8051912784576416]}},{"t":3.3663296699523926,"j":false,"c":{"p":[116.14362335205078,254.7618408203125,155.9072265625],"r":[-0.7206223607063293,-3.8639118571381914e-8,0.693327784538269,-2.001140408935953e-8,1,3.493073919003109e-8,-0.693327784538269,1.1297408342159088e-8,-0.7206223607063293]}},{"t":3.4080982208251953,"j":false,"c":{"p":[115.43242645263672,254.09828186035156,156.6099090576172],"r":[-0.6896987557411194,-1.4017770411101083e-7,0.724096417427063,-6.50614779829084e-8,1,1.3161904632852384e-7,-0.724096417427063,4.366671646494069e-8,-0.6896987557411194]}},{"t":3.449828624725342,"j":false,"c":{"p":[114.708251953125,253.09410095214844,157.29953002929688],"r":[-0.6896201968193054,-8.69522409630008e-8,0.7241712212562561,-3.838359319274787e-8,1,8.351911873205609e-8,-0.7241712212562561,2.9800172995919638e-8,-0.6896201968193054]}},{"t":3.49184513092041,"j":false,"c":{"p":[113.98668670654297,251.74929809570312,157.99183654785156],"r":[-0.6946471333503723,-1.6439113181832e-8,0.7193506360054016,-3.5123595143460307e-9,1,1.9460971500961932e-8,-0.7193506360054016,1.099189006481538e-8,-0.6946471333503723]}},{"t":3.5347909927368164,"j":false,"c":{"p":[113.2673110961914,250.06385803222656,158.68655395507812],"r":[-0.6994849443435669,5.36267314998895e-8,0.7146473526954651,3.143589211163089e-8,1,-4.4270503707366515e-8,-0.7146473526954651,-8.500975035019565e-9,-0.6994849443435669]}},{"t":3.575253486633301,"j":false,"c":{"p":[112.55690002441406,248.0377960205078,159.39035034179688],"r":[-0.7095657587051392,1.229113451017838e-7,0.704639196395874,6.726836687676041e-8,1,-1.0669291583553786e-7,-0.704639196395874,-2.8305709776077492e-8,-0.7095657587051392]}},{"t":3.6175057888031006,"j":false,"c":{"p":[111.85221862792969,247.80728149414062,160.09986877441406],"r":[-0.7144734263420105,1.780551883712178e-8,0.6996625661849976,8.187493349964825e-9,1,-1.7087913306568225e-8,-0.6996625661849976,-6.480377123807557e-9,-0.7144734263420105]}},{"t":3.657803535461426,"j":false,"c":{"p":[111.172607421875,247.95167541503906,160.8329315185547],"r":[-0.7836939096450806,-8.643443294431563e-8,0.6211472153663635,-5.5866191672748755e-8,1,6.866720525522396e-8,-0.6211472153663635,1.9112940563559278e-8,-0.7836939096450806]}},{"t":3.6596457958221436,"j":true,"c":{"p":[111.172607421875,247.95167541503906,160.8329315185547],"r":[-0.7836939096450806,-8.643443294431563e-8,0.6211472153663635,-5.5866191672748755e-8,1,6.866720525522396e-8,-0.6211472153663635,1.9112940563559278e-8,-0.7836939096450806]}},{"t":3.6699697971343994,"j":true,"c":{"p":[111.04338073730469,248.39120483398438,160.9855499267578],"r":[-0.8007317781448364,-1.0680146544927993e-7,0.5990230441093445,-6.999065504942337e-8,1,8.473416812648793e-8,-0.5990230441093445,2.5923323931920095e-8,-0.8007317781448364]}},{"t":3.67739200592041,"j":true,"c":{"p":[110.91976928710938,248.81712341308594,161.1426544189453],"r":[-0.812663733959198,-1.2723920406187972e-7,0.5827329158782959,-8.436922627197418e-8,1,1.0069003053558845e-7,-0.5827329158782959,3.2662409665817904e-8,-0.812663733959198]}},{"t":3.700716495513916,"j":false,"c":{"p":[110.5736083984375,250.0131072998047,161.6326141357422],"r":[-0.8287371397018433,-1.2135986082739691e-7,0.5596380829811096,-8.16441101392229e-8,1,9.595193972700145e-8,-0.5596380829811096,3.382778146487908e-8,-0.8287371397018433]}},{"t":3.741901159286499,"j":false,"c":{"p":[110.0140151977539,251.73391723632812,162.4613800048828],"r":[-0.8290360569953918,-5.691461524293118e-8,0.5591951012611389,-3.8545852731886043e-8,1,4.463327840653619e-8,-0.5591951012611389,1.5447945145297126e-8,-0.8290360569953918]}},{"t":3.783849000930786,"j":false,"c":{"p":[109.4548568725586,253.11412048339844,163.29039001464844],"r":[-0.8290379047393799,7.354863829078795e-9,0.559192419052124,4.4330392690028475e-9,1,-6.5803935633823585e-9,-0.559192419052124,-2.9764737341508862e-9,-0.8290379047393799]}},{"t":3.825360059738159,"j":false,"c":{"p":[108.89569854736328,254.1536865234375,164.11940002441406],"r":[-0.8290379047393799,7.148707936721621e-8,0.559192419052124,4.7320156681962544e-8,1,-5.7684754750653155e-8,-0.559192419052124,-2.1361776347816885e-8,-0.8290379047393799]}},{"t":3.866471529006958,"j":false,"c":{"p":[108.36579895019531,254.85263061523438,164.9669952392578],"r":[-0.8822006583213806,1.2798577131434286e-7,0.4708736538887024,9.24128755741549e-8,1,-9.866568007055321e-8,-0.4708736538887024,-4.35281393151854e-8,-0.8822006583213806]}},{"t":3.908620595932007,"j":false,"c":{"p":[107.93670654296875,255.21095275878906,165.8692626953125],"r":[-0.9413334727287292,1.6513806144757837e-7,0.33747783303260803,1.3967230927391938e-7,1,-9.973939540941501e-8,-0.33747783303260803,-4.6751722493354464e-8,-0.9413334727287292]}},{"t":3.9520955085754395,"j":false,"c":{"p":[107.6541976928711,255.2286376953125,166.8271942138672],"r":[-0.9764938950538635,1.843759349640095e-7,0.2155451476573944,1.8226145925837045e-7,1,-2.9686329838796155e-8,-0.2155451476573944,1.0297052988050837e-8,-0.9764938950538635]}},{"t":3.9927315711975098,"j":false,"c":{"p":[107.47775268554688,254.90570068359375,167.81118774414062],"r":[-0.9882054924964905,3.417796534677109e-8,0.15313351154327393,4.426100730370308e-8,1,6.243575256803524e-8,-0.15313351154327393,6.847719902225435e-8,-0.9882054924964905]}},{"t":4.0337138175964355,"j":false,"c":{"p":[107.33970642089844,254.2421417236328,168.80142211914062],"r":[-0.997435986995697,-7.209661134766066e-8,0.07156447321176529,-6.419391951340003e-8,1,1.1272746291979274e-7,-0.07156447321176529,1.0784442139311068e-7,-0.997435986995697]}},{"t":4.075946092605591,"j":false,"c":{"p":[107.31289672851562,253.2379608154297,169.8003692626953],"r":[-0.9997915625572205,-9.465453132406765e-8,-0.02041640132665634,-9.644106313544398e-8,1,8.652010308196623e-8,0.02041640132665634,8.847104737697009e-8,-0.9997915625572205]}},{"t":4.117178201675415,"j":false,"c":{"p":[107.33368682861328,251.89315795898438,170.8001251220703],"r":[-0.9997807145118713,-1.2715193520307366e-7,-0.020941196009516716,-1.286540083356158e-7,1,7.038075722221038e-8,0.020941196009516716,7.30594962305986e-8,-0.9997807145118713]}},{"t":4.158595085144043,"j":false,"c":{"p":[107.35466766357422,250.2077178955078,171.7998809814453],"r":[-0.9997806549072266,-1.5964816668656567e-7,-0.020943626761436462,-1.6081980902526993e-7,1,5.425845728268541e-8,0.020943626761436462,5.7614709447761925e-8,-0.9997806549072266]}},{"t":4.200637578964233,"j":false,"c":{"p":[107.37564849853516,248.18165588378906,172.7996368408203],"r":[-0.9997806549072266,-9.611616746951768e-8,-0.020943742245435715,-9.64784661050544e-8,1,1.628799672914738e-8,0.020943742245435715,1.8305044591215847e-8,-0.9997806549072266]}},{"t":4.242034673690796,"j":false,"c":{"p":[107.38600158691406,247.85728454589844,173.7994842529297],"r":[-0.9996101260185242,7.771727439376264e-8,0.02792077139019966,7.657802569838168e-8,1,-4.187196012139793e-8,-0.02792077139019966,-3.9717516386872376e-8,-0.9996101260185242]}},{"t":4.283154249191284,"j":false,"c":{"p":[107.33096313476562,247.96279907226562,174.79762268066406],"r":[-0.992965579032898,1.1540702615775444e-7,0.1184033453464508,1.1162011048782006e-7,1,-3.861464392684866e-8,-0.1184033453464508,-2.5126817959630898e-8,-0.992965579032898]}},{"t":4.2849955558776855,"j":true,"c":{"p":[107.33096313476562,247.96279907226562,174.79762268066406],"r":[-0.992965579032898,1.1540702615775444e-7,0.1184033453464508,1.1162011048782006e-7,1,-3.861464392684866e-8,-0.1184033453464508,-2.5126817959630898e-8,-0.992965579032898]}},{"t":4.29424786567688,"j":true,"c":{"p":[107.31211853027344,248.40573120117188,174.99671936035156],"r":[-0.9921148419380188,1.2250953318471147e-7,0.12533219158649445,1.1864523230542545e-7,1,-3.8296903426271456e-8,-0.12533219158649445,-2.3124860248913137e-8,-0.9921148419380188]}},{"t":4.310089588165283,"j":true,"c":{"p":[107.26879119873047,249.25755310058594,175.394287109375],"r":[-0.9912156462669373,1.3651893482347077e-7,0.1322556436061859,1.326905731957595e-7,1,-3.775988233201133e-8,-0.1322556436061859,-1.9879106361031518e-8,-0.9912156462669373]}},{"t":4.324925899505615,"j":false,"c":{"p":[107.21620178222656,250.0548858642578,175.7908172607422],"r":[-0.9912156462669373,1.503580477901778e-7,0.1322556436061859,1.4672393433556863e-7,1,-3.722331598510209e-8,-0.1322556436061859,-1.7491263548663483e-8,-0.9912156462669373]}},{"t":4.367212295532227,"j":false,"c":{"p":[107.08499145507812,251.80975341796875,176.78216552734375],"r":[-0.9936962127685547,1.8456960049206828e-7,0.1121065616607666,1.8171378712850128e-7,1,-3.569199336084239e-8,-0.1121065616607666,-1.5095690031330378e-8,-0.9936962127685547]}},{"t":4.37726354598999,"j":true,"c":{"p":[107.06193542480469,252.11985778808594,176.98081970214844],"r":[-0.9951459169387817,1.5631910343927302e-7,0.09841066598892212,1.542160674716797e-7,1,-2.897671613766306e-8,-0.09841066598892212,-1.365955260013152e-8,-0.9951459169387817]}},{"t":4.408206939697266,"j":false,"c":{"p":[107.01103973388672,253.22401428222656,177.7787322998047],"r":[-0.9999257922172546,4.239112527670841e-8,-0.01218190137296915,4.235682737885327e-8,1,3.0734603750914857e-9,0.01218190137296915,2.55724552644665e-9,-0.9999257922172546]}},{"t":4.450697422027588,"j":false,"c":{"p":[107.06172180175781,254.2976531982422,178.7766876220703],"r":[-0.9914228320121765,-9.32233987782638e-8,-0.130693256855011,-1.0262351679557469e-7,1,6.51900649017989e-8,0.130693256855011,7.80431150815275e-8,-0.9914228320121765]}},{"t":4.492332220077515,"j":false,"c":{"p":[107.23004150390625,255.03065490722656,179.7618865966797],"r":[-0.9673420190811157,-8.025769204778044e-8,-0.2534745931625366,-1.004922722813717e-7,1,6.688130582688245e-8,0.2534745931625366,9.016933688599238e-8,-0.9673420190811157]}},{"t":4.534728288650513,"j":false,"c":{"p":[107.50688934326172,255.42303466796875,180.7224578857422],"r":[-0.9511656165122986,-6.429145571473782e-8,-0.308680921792984,-9.997642536063722e-8,1,9.978810311395137e-8,0.308680921792984,1.2577582708672708e-7,-0.9511656165122986]}},{"t":4.576327800750732,"j":false,"c":{"p":[107.81680297851562,255.47479248046875,181.67323303222656],"r":[-0.9445878863334656,-4.949180976154821e-8,-0.3282586932182312,-1.0051909526964664e-7,1,1.3848011803929694e-7,0.3282586932182312,1.63802909014521e-7,-0.9445878863334656]}},{"t":4.6174156665802,"j":false,"c":{"p":[108.15325927734375,255.1859130859375,182.61489868164062],"r":[-0.939701497554779,-1.57152975077679e-8,-0.3419957458972931,-4.9054779793777925e-8,1,8.88360460749027e-8,0.3419957458972931,1.0025589602946638e-7,-0.939701497554779]}},{"t":4.658923625946045,"j":false,"c":{"p":[108.49528503417969,254.55641174316406,183.55453491210938],"r":[-0.9396925568580627,2.794546993811764e-8,-0.3420203626155853,3.738693266086557e-8,1,-2.1012638740103284e-8,0.3420203626155853,-3.253251179557992e-8,-0.9396925568580627]}},{"t":4.700698375701904,"j":false,"c":{"p":[108.83731079101562,253.5863037109375,184.49417114257812],"r":[-0.9396925568580627,5.084903875740565e-8,-0.3420203626155853,8.740762780234945e-8,1,-9.147775870133046e-8,0.3420203626155853,-1.158561602210284e-7,-0.9396925568580627]}},{"t":4.7417826652526855,"j":false,"c":{"p":[109.17933654785156,252.2755584716797,185.43380737304688],"r":[-0.9396925568580627,2.5546611936988484e-8,-0.3420203626155853,5.286122473080468e-8,1,-7.054165962472325e-8,0.3420203626155853,-8.436708753833955e-8,-0.9396925568580627]}},{"t":4.783740043640137,"j":false,"c":{"p":[109.5213623046875,250.62417602539062,186.37344360351562],"r":[-0.9396925568580627,2.981624946940542e-10,-0.3420203626155853,1.838853336266766e-8,1,-4.965027144976375e-8,0.3420203626155853,-5.294524285659463e-8,-0.9396925568580627]}},{"t":4.826027154922485,"j":false,"c":{"p":[109.86338806152344,248.63218688964844,187.31307983398438],"r":[-0.9396925568580627,-2.4896429806631204e-8,-0.3420203626155853,-1.6010606174177155e-8,1,-2.8803498253182624e-8,0.3420203626155853,-2.159047873817599e-8,-0.9396925568580627]}},{"t":4.860514879226685,"j":true,"c":{"p":[110.14595794677734,247.78231811523438,188.06143188476562],"r":[-0.9191349744796753,-4.546963694451733e-8,-0.3939427137374878,-4.3926572601549196e-8,1,-1.2933822901572967e-8,0.3939427137374878,5.416624038190321e-9,-0.9191349744796753]}},{"t":4.868185758590698,"j":false,"c":{"p":[110.22335815429688,247.8195343017578,188.24583435058594],"r":[-0.9048266410827637,-5.02767782961655e-8,-0.42578011751174927,-5.113438206194587e-8,1,-9.4157179830745e-9,0.42578011751174927,1.3252411612540982e-8,-0.9048