{"v":1,"d":[{"t":0,"j":false,"c":{"p":[-617.1109008789062,4.675294399261475,74.29634857177734],"r":[0.04884917661547661,7.678782765196956e-8,-0.9988061785697937,-1.9065236056547974e-9,1,7.67863639339339e-8,0.9988061785697937,-1.8467030127311546e-9,0.04884917661547661]}},{"t":0.06687688827514648,"j":false,"c":{"p":[-616.1078491210938,4.675294399261475,74.24730682373047],"r":[0.04884917661547661,-3.750874100205692e-8,-0.9988061785697937,2.0346464513210094e-9,1,-3.745406473854018e-8,0.9988061785697937,-2.0261725630632554e-10,0.04884917661547661]}},{"t":0.1331794261932373,"j":false,"c":{"p":[-613.977783203125,4.675294399261475,74.14311218261719],"r":[0.04884917661547661,-7.980229810300443e-8,-0.9988061785697937,3.1327898053490344e-9,1,-7.974446702974092e-8,0.9988061785697937,7.664018308872755e-10,0.04884917661547661]}},{"t":0.20022988319396973,"j":false,"c":{"p":[-611.846923828125,4.675294399261475,74.03886413574219],"r":[0.04884917661547661,9.252093491340929e-8,-0.9988061785697937,-4.247094231857318e-9,1,9.242380372143089e-8,0.9988061785697937,-2.7280291914344446e-10,0.04884917661547661]}},{"t":0.2670414447784424,"j":false,"c":{"p":[-609.5828857421875,4.675294399261475,73.9281005859375],"r":[0.04884917661547661,3.547798166358973e-10,-0.9988061785697937,2.184062791732444e-10,1,3.6588557184025206e-10,0.9988061785697937,-2.360187323358076e-10,0.04884917661547661]}},{"t":0.33313536643981934,"j":false,"c":{"p":[-607.4520263671875,4.675294399261475,73.8238525390625],"r":[0.04884917661547661,-1.2048734276959294e-7,-0.9988061785697937,5.944715830707992e-9,1,-1.2034061569465848e-7,0.9988061785697937,-5.907916517111644e-11,0.04884917661547661]}},{"t":0.3999662399291992,"j":false,"c":{"p":[-605.454345703125,4.675294399261475,73.72611999511719],"r":[0.04884941503405571,3.296598194424405e-8,-0.9988061785697937,-1.755112943868653e-9,1,3.291954442374845e-8,0.9988061785697937,1.4491714772635333e-10,0.04884941503405571]}},{"t":0.4656660556793213,"j":false,"c":{"p":[-603.323974609375,4.675294399261475,73.61460876464844],"r":[0.06278979778289795,5.079697729115651e-8,-0.9980267882347107,-2.549753963521084e-9,1,5.073699327340364e-8,0.9980267882347107,-6.410427744185654e-10,0.06278979778289795]}},{"t":0.5326962471008301,"j":false,"c":{"p":[-601.0626831054688,4.675294399261475,73.46173095703125],"r":[0.0697561651468277,-8.442892607263275e-8,-0.9975640773773193,5.5153814848551974e-9,1,-8.424942166129767e-8,0.9975640773773193,3.749701660282767e-10,0.0697561651468277]}},{"t":0.6001954078674316,"j":false,"c":{"p":[-599.0677490234375,4.675294399261475,73.32222747802734],"r":[0.0697561651468277,-1.1873370731052546e-8,-0.9975640773773193,5.802977542934684e-10,1,-1.1861786219924397e-8,0.9975640773773193,2.485484873471222e-10,0.0697561651468277]}},{"t":0.6665863990783691,"j":false,"c":{"p":[-596.8068237304688,4.675294399261475,73.16412353515625],"r":[0.0697561651468277,7.912240818086502e-8,-0.9975640773773193,-5.302669858764375e-9,1,7.89448222349165e-8,0.9975640773773193,-2.1713485176544367e-10,0.0697561651468277]}},{"t":0.7327258586883545,"j":false,"c":{"p":[-594.6788940429688,4.675294399261475,73.01531982421875],"r":[0.0697561651468277,-4.841908918251647e-8,-0.9975640773773193,3.46719386534744e-9,1,-4.829487565416457e-8,0.9975640773773193,-8.988287891753544e-11,0.0697561651468277]}},{"t":0.7998080253601074,"j":false,"c":{"p":[-592.5509643554688,4.675294399261475,72.86651611328125],"r":[0.0697561651468277,-5.037997397039362e-8,-0.9975640773773193,3.484825095156907e-9,1,-5.025931315572052e-8,0.9975640773773193,2.956045130897422e-11,0.0697561651468277]}},{"t":0.8665618896484375,"j":false,"c":{"p":[-590.5560302734375,4.675294399261475,72.72701263427734],"r":[0.0697561651468277,9.839115477916494e-8,-0.9975640773773193,-6.99534208337127e-9,1,9.814225876425553e-8,0.9975640773773193,1.3227460793352463e-10,0.0697561651468277]}},{"t":0.9337108135223389,"j":false,"c":{"p":[-588.4281005859375,4.675294399261475,72.57820892333984],"r":[0.0697561651468277,-1.9189032585131827e-9,-0.9975640773773193,1.8004406299176878e-10,1,-1.9109991367116663e-9,0.9975640773773193,-4.630151123619086e-11,0.0697561651468277]}},{"t":0.9990432262420654,"j":false,"c":{"p":[-586.1671752929688,4.675294399261475,72.42010498046875],"r":[0.0697561651468277,-9.226035757592399e-8,-0.9975640773773193,6.610437530696345e-9,1,-9.202340578440271e-8,0.9975640773773193,-1.7513518413281304e-10,0.0697561651468277]}},{"t":1.059183120727539,"j":false,"c":{"p":[-584.3052368164062,4.675294399261475,72.28990173339844],"r":[0.0697561651468277,4.4737500815017484e-8,-0.9975640773773193,-3.2379605663379607e-9,1,4.4620325212463285e-8,0.9975640773773193,1.17530235543839e-10,0.0697561651468277]}},{"t":1.1249220371246338,"j":false,"c":{"p":[-582.1773071289062,4.675294399261475,72.14109802246094],"r":[0.0697561651468277,4.06677855835369e-8,-0.9975640773773193,-2.9214604069238703e-9,1,4.056280289432834e-8,0.9975640773773193,8.48383446827583e-11,0.0697561651468277]}},{"t":1.1930441856384277,"j":false,"c":{"p":[-580.0493774414062,4.675294399261475,71.99229431152344],"r":[0.06975580751895905,-8.772692439151797e-8,-0.9975640773773193,6.350902914675771e-9,1,-8.74970425002175e-8,0.9975640773773193,-2.320056646798463e-10,0.06975580751895905]}},{"t":1.2585196495056152,"j":false,"c":{"p":[-578.0536499023438,4.675294399261475,71.86375427246094],"r":[0.05582096800208092,-1.1114165587855496e-8,-0.9984408020973206,1.9676131834955868e-9,1,-1.1021516144182897e-8,0.9984408020973206,-1.3493135497810727e-9,0.05582096800208092]}},{"t":1.325986385345459,"j":false,"c":{"p":[-575.9237670898438,5.5190534591674805,71.74461364746094],"r":[0.05582096800208092,9.151879964974796e-8,-0.9984408020973206,-4.514179696712972e-9,1,9.140934054130412e-8,0.9984408020973206,-5.95416826953965e-10,0.05582096800208092]}},{"t":1.3915321826934814,"j":false,"c":{"p":[-573.7938842773438,6.310248374938965,71.62547302246094],"r":[0.05582096800208092,-4.377275431011185e-8,-0.9984408020973206,8.405541263023508e-10,1,-4.379411677746248e-8,0.9984408020973206,1.605386490410865e-9,0.05582096800208092]}}]}