{"v":1,"d":[{"t":0,"j":false,"c":{"p":[-617.3228759765625,4.675294876098633,74.2977523803711],"r":[0.16676917672157288,-2.7830644455661968e-8,-0.9859959483146667,2.9389799038881392e-8,1,-2.32549961509676e-8,0.9859959483146667,-2.510000740585383e-8,0.16676917672157288]}},{"t":0.06682133674621582,"j":false,"c":{"p":[-616.2015991210938,4.675294876098633,74.10811614990234],"r":[0.16676917672157288,-3.2927847115615805e-8,-0.9859959483146667,3.639032186697477e-8,1,-2.7240540489970044e-8,0.9859959483146667,-3.133782655595496e-8,0.16676917672157288]}},{"t":0.13522124290466309,"j":false,"c":{"p":[-614.0983276367188,4.675294876098633,73.75244140625],"r":[0.16676917672157288,5.4044551944798513e-8,-0.9859959483146667,-5.6960260508276406e-8,1,4.5178008889479315e-8,0.9859959483146667,4.862828717477896e-8,0.16676917672157288]}},{"t":0.2009415626525879,"j":false,"c":{"p":[-611.99462890625,4.675294876098633,73.39808654785156],"r":[0.15298567712306976,1.931134896437925e-8,-0.9882283806800842,-2.1712757813929784e-8,1,1.6180074169369618e-8,0.9882283806800842,1.89818436524547e-8,0.15298567712306976]}},{"t":0.2673964500427246,"j":false,"c":{"p":[-609.8807373046875,4.675294876098633,73.1125717163086],"r":[0.11840400099754333,-6.745826652831965e-8,-0.9929655194282532,6.813247921400034e-8,1,-5.981185324799299e-8,0.9929655194282532,-6.057123869140923e-8,0.11840400099754333]}},{"t":0.33345508575439453,"j":false,"c":{"p":[-607.7623901367188,4.675294876098633,72.86137390136719],"r":[0.11146879196166992,2.1524709126197195e-8,-0.9937679171562195,-2.0962463764817585e-8,1,1.930838067210061e-8,0.9937679171562195,1.8679543245525565e-8,0.11146879196166992]}},{"t":0.39989566802978516,"j":false,"c":{"p":[-605.640380859375,4.675294876098633,72.64090728759766],"r":[0.09758276492357254,5.790038315467427e-8,-0.9952273964881897,-5.728349705691471e-8,1,5.2561354380031844e-8,0.9952273964881897,5.188102392139626e-8,0.09758276492357254]}},{"t":0.4667818546295166,"j":false,"c":{"p":[-603.5148315429688,4.675294876098633,72.46110534667969],"r":[0.04187556356191635,-5.958836268860068e-8,-0.9991228580474854,5.781286915862438e-8,1,-5.7217604876314e-8,0.9991228580474854,-5.536614011703023e-8,0.04187556356191635]}},{"t":0.5336410999298096,"j":false,"c":{"p":[-601.3824462890625,4.675294876098633,72.39859771728516],"r":[0.02094252221286297,-8.755029590190588e-9,-0.9997806549072266,6.770850546899965e-9,1,-8.615121060984166e-9,0.9997806549072266,-6.588943168850392e-9,0.02094252221286297]}},{"t":0.6002459526062012,"j":false,"c":{"p":[-599.3829345703125,4.675294876098633,72.37421417236328],"r":[0.00698113301768899,7.367455623352726e-8,-0.9999756217002869,-7.451688333048878e-8,1,7.315613004266197e-8,0.9999756217002869,7.40043546443303e-8,0.00698113301768899]}},{"t":0.66752028465271,"j":false,"c":{"p":[-597.1168212890625,4.675294876098633,72.35839080810547],"r":[0.00698125222697854,-2.1477992717677807e-8,-0.9999756217002869,2.2842638003339744e-8,1,-2.1319042531331434e-8,0.9999756217002869,-2.2693248169503022e-8,0.00698125222697854]}},{"t":0.734992265701294,"j":false,"c":{"p":[-594.9840087890625,4.675294876098633,72.34349822998047],"r":[0.00698125222697854,-3.50995286169109e-8,-0.9999756217002869,3.579378571316738e-8,1,-3.4850490493454345e-8,0.9999756217002869,-3.554961480745078e-8,0.00698125222697854]}},{"t":0.800586462020874,"j":false,"c":{"p":[-592.8511962890625,4.675294876098633,72.32860565185547],"r":[0.00698125222697854,5.037189154677435e-8,-0.9999756217002869,-5.315527573657164e-8,1,5.000201852567443e-8,0.9999756217002869,5.2804903560854655e-8,0.00698125222697854]}},{"t":0.8675901889801025,"j":false,"c":{"p":[-590.7183837890625,4.675294876098633,72.31371307373047],"r":[0.00698125222697854,1.3398828713206967e-8,-0.9999756217002869,-1.3786876529309211e-8,1,1.3302902779344095e-8,0.9999756217002869,1.369367019776746e-8,0.00698125222697854]}},{"t":0.9337646961212158,"j":false,"c":{"p":[-588.5855712890625,4.675294876098633,72.29882049560547],"r":[0.00698125222697854,-6.032175292602915e-8,-0.9999756217002869,6.376535566232633e-8,1,-5.98780474092564e-8,0.9999756217002869,-6.334578017685999e-8,0.00698125222697854]}},{"t":1.0013723373413086,"j":false,"c":{"p":[-586.4527587890625,4.675294876098633,72.28392791748047],"r":[0.00698125222697854,2.320970438063341e-8,-0.9999756217002869,-2.4884677429781732e-8,1,2.3036539786858157e-8,0.9999756217002869,2.4723247449287555e-8,0.00698125222697854]}},{"t":1.0666444301605225,"j":false,"c":{"p":[-584.3199462890625,4.675294876098633,72.26903533935547],"r":[0.00698125222697854,4.6750002979933925e-8,-0.9999756217002869,-4.971392186803314e-8,1,4.640406814360176e-8,0.9999756217002869,4.938874909043989e-8,0.00698125222697854]}},{"t":1.1309738159179688,"j":false,"c":{"p":[-582.3204345703125,4.675294876098633,72.25507354736328],"r":[0.00698125222697854,-5.420061199856718e-8,-0.9999756217002869,5.788203338852327e-8,1,-5.379783374337421e-8,0.9999756217002869,-5.750504428192471e-8,0.00698125222697854]}},{"t":1.1929435729980469,"j":false,"c":{"p":[-580.320556640625,4.675294876098633,72.2493896484375],"r":[-0.006981379818171263,-1.569684648927705e-8,-0.9999756217002869,1.674343863555805e-8,1,-1.5814125120527933e-8,0.9999756217002869,-1.6853435980124232e-8,-0.006981379818171263]}},{"t":1.25943922996521,"j":false,"c":{"p":[-578.187744140625,4.675294876098633,72.29048156738281],"r":[-0.027921689674258232,7.75701920474603e-8,-0.9996101260185242,-8.260228412382276e-8,1,7.990774264499123e-8,0.9996101260185242,8.480123625531633e-8,-0.027921689674258232]}},{"t":1.3259468078613281,"j":false,"c":{"p":[-576.054931640625,5.448819637298584,72.35004425048828],"r":[-0.027921689674258232,-1.870423282923639e-8,-0.9996101260185242,2.0302925562987184e-8,1,-1.9278640905895372e-8,0.9996101260185242,-2.0833301306311114e-8,-0.027921689674258232]}},{"t":1.3929054737091064,"j":false,"c":{"p":[-573.922119140625,6.2976579666137695,72.40961456298828],"r":[-0.027921808883547783,-4.23101660373959e-8,-0.9996101260185242,4.53084254559144e-8,1,-4.359225513894671e-8,0.9996101260185242,-4.6507935280715174e-8,-0.027921808883547783]}},{"t":1.458949327468872,"j":false,"c":{"p":[-571.789306640625,6.386699199676514,72.46918487548828],"r":[-0.027921808883547783,5.452539042494209e-8,-0.9996101260185242,-5.8798523383529755e-8,1,5.6189058739164466e-8,0.9996101260185242,6.034449739900083e-8,-0.027921808883547783]}}]}