{"d":[{"t":0.06490373611450196,"c":{"r":[0.16676868498325349,5.848594852864153e-8,-0.9859960675239563,5.563259630747552e-9,1,6.025756960070794e-8,0.9859960675239563,-1.5534427078023328e-8,0.16676868498325349],"p":[-617.3228759765625,4.675294399261475,74.29776000976563]},"j":false},{"t":0.13097834587097169,"c":{"r":[0.16676868498325349,-8.461637435175362e-8,-0.9859960675239563,6.5703824603247089e-9,1,-8.470687618000739e-8,0.9859960675239563,7.648082167577286e-9,0.16676868498325349],"p":[-616.4627075195313,4.675294399261475,74.15228271484375]},"j":false},{"t":0.19123053550720216,"c":{"r":[0.16676868498325349,-2.303442414586243e-8,-0.9859960675239563,-1.0391511651164365e-8,1,-2.511917074343728e-8,0.9859960675239563,1.4435080686325819e-8,0.16676868498325349],"p":[-614.4927368164063,4.675294399261475,73.81914520263672]},"j":false},{"t":0.2584571838378906,"c":{"r":[0.16676868498325349,4.243587881092026e-8,-0.9859960675239563,-2.8424437914509327e-8,1,3.823095795496556e-8,0.9859960675239563,2.165065637882435e-8,0.16676868498325349],"p":[-612.3892211914063,4.675294399261475,73.46343231201172]},"j":false},{"t":0.3229236602783203,"c":{"r":[0.146082803606987,1.0306311537533475e-7,-0.9892723560333252,-4.4722423098164657e-8,1,9.757670937915464e-8,0.9892723560333252,2.9988378003054098e-8,0.146082803606987],"p":[-610.4154663085938,4.675294399261475,73.14116668701172]},"j":false},{"t":0.3903050422668457,"c":{"r":[0.11840374767780304,-3.774710766180078e-9,-0.9929655194282532,4.1086418711699938e-9,1,-3.3115270525740927e-9,0.9929655194282532,-3.687642635696875e-9,0.11840374767780304],"p":[-608.3016357421875,4.675294399261475,72.85501098632813]},"j":false},{"t":0.4588761329650879,"c":{"r":[0.10452812165021897,-5.5416379041162148e-8,-0.9945219159126282,2.2096347862543554e-8,1,-5.339921571589912e-8,0.9945219159126282,-1.639358337968133e-8,0.10452812165021897],"p":[-606.050048828125,4.675294399261475,72.59432983398438]},"j":false},{"t":0.5228941440582275,"c":{"r":[0.09758274257183075,3.377963020412267e-9,-0.9952273964881897,-6.877448388564744e-9,1,2.7198234775482889e-9,0.9952273964881897,6.579217171065466e-9,0.09758274257183075],"p":[-604.0601196289063,4.675294399261475,72.39529418945313]},"j":false},{"t":0.5902104377746582,"c":{"r":[0.09063249081373215,6.559599086131129e-8,-0.9958844184875488,-3.754862021310146e-8,1,6.244988526304951e-8,0.9958844184875488,3.173409623968837e-8,0.09063249081373215],"p":[-601.9369506835938,4.675294399261475,72.18853759765625]},"j":false},{"t":0.650435209274292,"c":{"r":[0.04884970188140869,1.0606530764789568e-7,-0.9988061189651489,-5.628796984069595e-8,1,1.034391488019537e-7,0.9988061189651489,5.116779888680867e-8,0.04884970188140869],"p":[-599.9428100585938,4.675294399261475,72.03654479980469]},"j":false},{"t":0.7147641181945801,"c":{"r":[-0.013962512835860253,-7.661084566734644e-8,-0.9999025464057922,3.545163451690314e-8,1,-7.71133557009307e-8,0.9999025464057922,-3.652487734484566e-8,-0.013962512835860253],"p":[-597.9437255859375,4.675294399261475,72.00348663330078]},"j":false},{"t":0.781163215637207,"c":{"r":[-0.013962512835860253,-3.25625464370205e-8,-0.9999025464057922,1.7332594026697735e-8,1,-3.280775118241763e-8,0.9999025464057922,-1.7788982731303805e-8,-0.013962512835860253],"p":[-595.8109130859375,4.675294399261475,72.03318786621094]},"j":false},{"t":0.8486919403076172,"c":{"r":[-0.02094257064163685,3.0859840904895466e-8,-0.9997806549072266,-9.467901129767143e-9,1,3.106493551285894e-8,0.9997806549072266,1.0116404602911189e-8,-0.02094257064163685],"p":[-593.5447998046875,4.675294399261475,72.07173156738281]},"j":false},{"t":0.9151098728179932,"c":{"r":[-0.02094257064163685,8.658088290758315e-8,-0.9997806549072266,-3.289616046231458e-8,1,8.728896006005016e-8,0.9997806549072266,3.4717000829687097e-8,-0.02094257064163685],"p":[-591.5452880859375,4.675294399261475,72.11361694335938]},"j":false},{"t":0.9817240238189697,"c":{"r":[-0.02094257064163685,3.307276230657408e-8,-0.9997806549072266,-1.3380081931302357e-8,1,3.336029408274044e-8,0.9997806549072266,1.4075798304702403e-8,-0.02094257064163685],"p":[-589.4124755859375,4.675294399261475,72.15829467773438]},"j":false},{"t":1.0491883754730225,"c":{"r":[-0.02094257064163685,-6.788968676119112e-8,-0.9997806549072266,2.6048640577869265e-8,1,-6.84502268200049e-8,0.9997806549072266,-2.7476451336383435e-8,-0.02094257064163685],"p":[-587.2796630859375,4.675294399261475,72.20297241210938]},"j":false},{"t":1.1146564483642579,"c":{"r":[-0.02094257064163685,-6.990905188075658e-9,-0.9997806549072266,3.7162992683192899e-9,1,-7.070284802068727e-9,0.9997806549072266,-3.863554365324262e-9,-0.02094257064163685],"p":[-585.1468505859375,4.675294399261475,72.24765014648438]},"j":false},{"t":1.1811039447784424,"c":{"r":[-0.02094257064163685,5.369983924197186e-8,-0.9997806549072266,-1.853978659482891e-8,1,5.40999742781878e-8,0.9997806549072266,1.9668714656972953e-8,-0.02094257064163685],"p":[-583.0140380859375,4.675294399261475,72.29232788085938]},"j":false},{"t":1.2478978633880616,"c":{"r":[-0.02094257064163685,1.1418325129852747e-7,-0.9997806549072266,-4.0719886129636509e-8,1,1.1506126185167887e-7,0.9997806549072266,4.3120632398085948e-8,-0.02094257064163685],"p":[-580.8812255859375,4.675294399261475,72.33700561523438]},"j":false},{"t":1.3159947395324708,"c":{"r":[-0.02094257064163685,-6.689280240834705e-8,-0.9997806549072266,2.358515338585221e-8,1,-6.74015154800145e-8,0.9997806549072266,-2.499154128088321e-8,-0.02094257064163685],"p":[-578.6151123046875,4.675294399261475,72.38447570800781]},"j":false},{"t":1.3818280696868897,"c":{"r":[-0.02094257064163685,-4.1859600230509389e-8,-0.9997806549072266,1.500123225639527e-8,1,-4.218301441483163e-8,0.9997806549072266,-1.5881362003256073e-8,-0.02094257064163685],"p":[-576.6156005859375,5.0646748542785648,72.42636108398438]},"j":false},{"t":1.4487886428833008,"c":{"r":[-0.02094257064163685,1.965654483626622e-8,-0.9997806549072266,-6.4836394031431159e-9,1,1.979667096918547e-8,0.9997806549072266,6.896810234024997e-9,-0.02094257064163685],"p":[-574.4827880859375,6.214407920837402,72.47103881835938]},"j":false},{"t":1.5101337432861329,"c":{"r":[-0.02094257064163685,7.713705940659566e-8,-0.9997806549072266,-2.6559074939314088e-8,1,7.771031818037955e-8,0.9997806549072266,2.8180703992575219e-8,-0.02094257064163685],"p":[-572.4832763671875,6.37671422958374,72.51292419433594]},"j":false},{"t":1.5739505290985108,"c":{"r":[-0.02094257064163685,8.483376490175942e-8,-0.9997806549072266,-2.9386287181409899e-8,1,8.546793139885267e-8,0.9997806549072266,3.1169761882665628e-8,-0.02094257064163685],"p":[-570.4837646484375,6.393390655517578,72.5548095703125]},"j":false},{"t":1.5854055881500245,"c":{"r":[-0.02094257064163685,5.941060976510926e-8,-0.9997806549072266,-2.059974413270993e-8,1,5.985514661688285e-8,0.9997806549072266,2.184874681177007e-8,-0.02094257064163685],"p":[-570.2171630859375,6.3938889503479,72.56039428710938]},"j":true},{"t":1.5950438976287842,"c":{"r":[-0.02094257064163685,3.39983294850299e-8,-0.9997806549072266,-1.1816956302368454e-8,1,3.425331840389845e-8,0.9997806549072266,1.253171699744371e-8,-0.02094257064163685],"p":[-569.9505615234375,6.833427429199219,72.56597900390625]},"j":true},{"t":1.6009142398834229,"c":{"r":[-0.020942576229572297,8.596916067915572e-9,-0.9997806549072266,-3.037920803805605e-9,1,8.66243787811527e-9,0.9997806549072266,3.2186684428836544e-9,-0.020942576229572297],"p":[-569.6839599609375,7.259340763092041,72.57156372070313]},"j":true},{"t":1.640838384628296,"c":{"r":[-0.02094249427318573,-1.1824728574083565e-7,-0.9997806549072266,4.080100524106456e-8,1,-1.1912788266954522e-7,0.9997806549072266,-4.328689229282645e-8,-0.02094249427318573],"p":[-568.3509521484375,9.184535026550293,72.5994873046875]},"j":false},{"t":1.7083775997161866,"c":{"r":[-0.020942673087120057,-6.73952129659483e-8,-0.9997806549072266,2.3318420971918387e-8,1,-6.78984548585504e-8,0.9997806549072266,-2.4735282266874493e-8,-0.020942673087120057],"p":[-566.0848388671875,11.675626754760743,72.64695739746094]},"j":false},{"t":1.7730681896209717,"c":{"r":[-0.020942488685250284,-8.040824006627645e-9,-0.9997806549072266,2.8912230387589945e-9,1,-8.103151039051682e-9,0.9997806549072266,-3.060288911171938e-9,-0.020942488685250284],"p":[-564.0853271484375,13.056148529052735,72.6888427734375]},"j":false},{"t":1.8405799865722657,"c":{"r":[-0.020942548289895059,5.506100109187173e-8,-0.9997806549072266,-1.8825710768055616e-8,1,5.546742443129915e-8,0.9997806549072266,1.998321152996141e-8,-0.020942548289895059],"p":[-561.9525146484375,13.683956146240235,72.7335205078125]},"j":false},{"t":1.9067282676696778,"c":{"r":[-0.013962285593152047,1.1822440626474418e-7,-0.9999025464057922,-4.0523637778733249e-8,1,1.1880179329182283e-7,0.9999025464057922,4.217843141418598e-8,-0.013962285593152047],"p":[-560.0242919921875,13.690524101257325,72.77392578125]},"j":false},{"t":1.9744255542755128,"c":{"r":[0.07671904563903809,-6.735449886718925e-8,-0.9970527291297913,2.3147190830741239e-8,1,-6.577251099315618e-8,0.9970527291297913,-1.8032967119552269e-8,0.07671904563903809],"p":[-558.5054321289063,14.103411674499512,72.81114959716797]},"j":false},{"t":2.0412654876708986,"c":{"r":[0.16676877439022065,-3.408486648481812e-8,-0.9859960079193115,2.119575270853602e-8,1,-3.098397627354643e-8,0.9859960079193115,-1.573176788838282e-8,0.16676877439022065],"p":[-556.82568359375,15.017528533935547,72.56981658935547]},"j":false},{"t":2.068563938140869,"c":{"r":[0.17364813387393952,-7.133388324476186e-10,-0.9848077893257141,1.1780974418229562e-8,1,1.3529597442385466e-9,0.9848077893257141,-1.1836934099562768e-8,0.17364813387393952],"p":[-556.0538940429688,15.32226848602295,72.43925476074219]},"j":true},{"t":2.0776567459106447,"c":{"r":[0.17364813387393952,1.0431573826963359e-8,-0.9848077893257141,8.595276490552806e-9,1,1.2108076319350403e-8,0.9848077893257141,-1.0567239527858874e-8,0.17364813387393952],"p":[-555.8040161132813,15.761807441711426,72.39698791503906]},"j":true},{"t":2.085663080215454,"c":{"r":[0.17364823818206788,2.157173106809296e-8,-0.9848077297210693,5.410936143590561e-9,1,2.2858603898612274e-8,0.9848077297210693,-9.298088521347836e-9,0.17364823818206788],"p":[-555.5469970703125,16.187719345092775,72.35246276855469]},"j":true},{"t":2.0934202671051027,"c":{"r":[0.17364823818206788,3.2707127672892969e-8,-0.9848077297210693,2.227957818234927e-9,1,3.3604539595444297e-8,0.9848077297210693,-8.029479303672815e-9,0.17364823818206788],"p":[-555.3130493164063,16.4351863861084,72.31163024902344]},"j":true},{"t":2.1009914875030519,"c":{"r":[0.17364823818206788,4.38377689704339e-8,-0.9848077297210693,-9.536598177817269e-10,1,4.4345881633489628e-8,0.9848077297210693,-6.761412763012231e-9,0.17364823818206788],"p":[-555.0805053710938,16.644798278808595,72.27073669433594]},"j":true},{"t":2.1095011234283449,"c":{"r":[0.17364823818206788,5.496365318435892e-8,-0.9848077297210693,-4.13391720854861e-9,1,5.508263356546195e-8,0.9848077297210693,-5.493888455276874e-9,0.17364823818206788],"p":[-554.8468627929688,17.084335327148439,72.22959899902344]},"j":false},{"t":2.111116647720337,"c":{"r":[0.17364823818206788,5.496365318435892e-8,-0.9848077297210693,-4.13391720854861e-9,1,5.508263356546195e-8,0.9848077297210693,-5.493888455276874e-9,0.17364823818206788],"p":[-554.8468627929688,17.084335327148439,72.22959899902344]},"j":true},{"t":2.1195268630981447,"c":{"r":[0.17364823818206788,6.608478031466803e-8,-0.9848077297210693,-7.3128156863333519e-9,1,6.581479539136126e-8,0.9848077297210693,-4.226906380466744e-9,0.17364823818206788],"p":[-554.6058959960938,17.510250091552736,72.1871566772461]},"j":true},{"t":2.173365354537964,"c":{"r":[0.17364811897277833,1.437997525499668e-7,-0.9848077893257141,-2.95270830008576e-8,1,1.408116645507107e-7,0.9848077893257141,4.6268202602561818e-9,0.17364811897277833],"p":[-552.7832641601563,20.110143661499025,71.86577606201172]},"j":false},{"t":2.2402749061584474,"c":{"r":[0.1529858410358429,-6.314275680097126e-8,-0.9882283806800842,8.876088308795716e-9,1,-6.252081163893308e-8,0.9882283806800842,7.931957313189741e-10,0.1529858410358429],"p":[-551.6454467773438,21.768367767333986,71.66529083251953]},"j":false},{"t":2.3016440868377687,"c":{"r":[0.07671903073787689,-6.292776077998497e-8,-0.9970527291297913,1.313477149267328e-8,1,-6.210311198628915e-8,0.9970527291297913,-8.331569212316481e-9,0.07671903073787689],"p":[-550.4948120117188,22.99163055419922,71.52452087402344]},"j":false},{"t":2.3681070804595949,"c":{"r":[-0.00009723530092742294,-0.0001334209373453632,-1,0.00019162810349371284,1,-0.00013343957834877074,1,-0.00019164108380209655,-0.00009720972593640909],"p":[-549.817138671875,25.236576080322267,71.4820785522461]},"j":false},{"t":2.4293344020843508,"c":{"r":[-0.06975658237934113,0.00000190903119801078,-0.9975640177726746,-0.0000031465185656998075,1,0.0000021337191355996767,0.9975640177726746,0.0000032876946534088349,-0.06975658237934113],"p":[-547.8825073242188,26.818344116210939,71.52589416503906]},"j":false},{"t":2.492143392562866,"c":{"r":[-0.06975660473108292,1.530191262588687e-8,-0.9975640177726746,-1.050016518178154e-8,1,1.6073522957071874e-8,0.9975640177726746,1.1595822080323615e-8,-0.06975660473108292],"p":[-546.0549926757813,28.03330421447754,71.6529312133789]},"j":false},{"t":2.5564708709716799,"c":{"r":[-0.06461899727582932,0.00005602064265985973,-0.9979100227355957,0.0001886582322185859,1,0.00004392153277876787,0.9979099631309509,-0.0001854257716331631,-0.06461900472640991],"p":[-543.99169921875,30.071680068969728,71.7998046875]},"j":false},{"t":2.619046211242676,"c":{"r":[0.03493601456284523,-0.00039450437179766595,-0.9993894696235657,0.00003488391303108074,0.9999999403953552,-0.0003935258719138801,0.9993895292282105,-0.000021114388800924645,0.034936025738716128],"p":[-542.0576171875,32.38154220581055,71.86345672607422]},"j":false},{"t":2.68292236328125,"c":{"r":[0.26971349120140078,0.000008712266208021902,-0.9629406332969666,-3.1931131161400119e-7,1,0.00000895812627277337,0.9629406332969666,-0.0000021086493688926568,0.26971349120140078],"p":[-540.0703735351563,33.07268524169922,71.65123748779297]},"j":false},{"t":2.7475192546844484,"c":{"r":[0.5707140564918518,4.732281055908061e-8,-0.8211488723754883,-6.009081943147976e-8,1,1.5865738944853548e-8,0.8211488723754883,4.0288707481295208e-8,0.5707140564918518],"p":[-538.2025756835938,33.14491653442383,70.95873260498047]},"j":false},{"t":2.7591254711151125,"c":{"r":[0.7185879945755005,-9.183204952023516e-8,-0.6954360604286194,-4.2227529917227e-8,1,-1.75682927761045e-7,0.6954360604286194,1.5561019495180518e-7,0.7185879945755005],"p":[-537.8699951171875,33.14793014526367,70.73705291748047]},"j":true},{"t":2.7690179347991945,"c":{"r":[0.7179856300354004,-6.483199967988185e-7,-0.696057915687561,1.2917508840359915e-8,1,-9.180923257190443e-7,0.696057915687561,6.501857683360868e-7,0.7179856300354004],"p":[-537.6502075195313,33.58747100830078,70.58609008789063]},"j":true},{"t":2.7783455848693849,"c":{"r":[0.888630747795105,-9.87800717666687e-7,-0.45862334966659548,1.9771091785969475e-7,1,-0.0000017707529877952766,0.45862334966659548,0.0000014828707435299294,0.888630747795105],"p":[-537.435302734375,34.01338577270508,70.42940521240235]},"j":true},{"t":2.815523624420166,"c":{"r":[0.9925791025161743,-3.8833471194266169e-7,-0.12160065025091171,1.4667328684936366e-7,1,-0.0000019962876649515239,0.12160065025091171,0.000001963637942026253,0.9925791025161743],"p":[-536.4779052734375,35.938575744628909,69.554931640625]},"j":false},{"t":2.8816933631896974,"c":{"r":[0.9964921474456787,1.1342784489443148e-8,-0.08368610590696335,-2.317058767076219e-9,1,1.0794926197377208e-7,0.08368610590696335,-1.0737669242644188e-7,0.9964921474456787],"p":[-535.3944091796875,38.31038284301758,67.90088653564453]},"j":false},{"t":2.9481217861175539,"c":{"r":[0.9975366592407227,-4.333576608672729e-9,-0.0701473131775856,1.018612127978713e-8,1,8.307448950972685e-8,0.0701473131775856,-8.358437497690829e-8,0.9975366592407227],"p":[-534.87451171875,39.8101921081543,65.95307922363281]},"j":false},{"t":3.0141592025756838,"c":{"r":[0.9975919127464294,3.4909493074053445e-9,0.06935646384954453,7.660318601665495e-9,1,-1.6051598095145892e-7,-0.06935646384954453,1.6066074692844269e-7,0.9975919127464294],"p":[-534.8460693359375,40.4379997253418,63.82503890991211]},"j":false},{"t":3.080764055252075,"c":{"r":[0.8619216084480286,7.120344776012644e-7,0.5070415139198303,1.45023889785989e-7,1,-0.0000016508188309671823,-0.5070415139198303,0.0000014964095953473589,0.8619216084480286],"p":[-535.1887817382813,40.19380569458008,61.727046966552737]},"j":false},{"t":3.1483652591705324,"c":{"r":[0.7431560754776001,-2.3743523058783468e-7,0.6691181063652039,-2.8882904956617496e-8,1,3.869268425660266e-7,-0.6691181063652039,-3.0687311891597349e-7,0.7431560754776001],"p":[-536.2584838867188,40.7756233215332,59.956241607666019]},"j":false},{"t":3.2107813358306886,"c":{"r":[0.8480481505393982,6.313885592135193e-8,0.5299191474914551,-1.1999358173753195e-9,1,-1.172277919181397e-7,-0.5299191474914551,9.877894768806073e-8,0.8480481505393982],"p":[-537.5043334960938,41.12907028198242,58.401023864746097]},"j":true},{"t":3.217338800430298,"c":{"r":[0.8660257458686829,6.326882839857717e-8,0.49999943375587466,-3.0063467271190804e-9,1,-1.2133064331010247e-7,-0.49999943375587466,1.0357228319435308e-7,0.8660257458686829],"p":[-537.6546020507813,41.56861114501953,58.18072509765625]},"j":false},{"t":3.219697952270508,"c":{"r":[0.8660257458686829,6.326882839857717e-8,0.49999943375587466,-3.0063467271190804e-9,1,-1.2133064331010247e-7,-0.49999943375587466,1.0357228319435308e-7,0.8660257458686829],"p":[-537.6546020507813,41.56861114501953,58.18072509765625]},"j":true},{"t":3.226365089416504,"c":{"r":[0.8794636130332947,6.294646226479017e-8,0.4759661555290222,-3.820842753299303e-9,1,-1.2518994196852874e-7,-0.4759661555290222,1.0828139807017578e-7,0.8794636130332947],"p":[-537.7276000976563,41.78327178955078,58.06925582885742]},"j":true},{"t":3.280669689178467,"c":{"r":[0.9369097948074341,5.1910195253412897e-8,0.3495712876319885,1.0413308437762226e-8,1,-1.7640614657921106e-7,-0.3495712876319885,1.689168414031883e-7,0.9369097948074341],"p":[-538.5400390625,44.430850982666019,56.39369201660156]},"j":false},{"t":3.310514211654663,"c":{"r":[0.9464117884635925,3.921595137512668e-8,0.3229624032974243,1.2802736648609426e-8,1,-1.5894299565388793e-7,-0.3229624032974243,1.5456032542715548e-7,0.9464117884635925],"p":[-538.8167114257813,45.36115264892578,55.64310073852539]},"j":true},{"t":3.3481907844543459,"c":{"r":[0.9629316329956055,-0.000005545678050111746,0.2697456479072571,0.00012429158960003406,0.9999998807907105,-0.00042313424637541175,-0.2697456181049347,0.0004409764369484037,0.9629315137863159],"p":[-538.7791748046875,46.4771728515625,54.497337341308597]},"j":false},{"t":3.416273355484009,"c":{"r":[0.9630661606788635,0.00001655141204537358,0.26926496624946597,0.000030491088182316163,1,-0.00017052477051038295,-0.26926496624946597,0.00017243680485989898,0.9630661010742188],"p":[-538.857421875,47.501712799072269,52.580196380615237]},"j":false},{"t":3.4826200008392336,"c":{"r":[0.9595195055007935,0.00008922600682126358,0.2816420793533325,0.00016556645277887583,0.9999995827674866,-0.0008808705606497824,-0.28164204955101015,0.0008918429375626147,0.9595191478729248],"p":[-538.8607788085938,47.9850959777832,50.64082717895508]},"j":false},{"t":3.5488150119781496,"c":{"r":[0.9880202412605286,0.00016441219486296177,0.15432442724704743,-0.00015145116776693612,1,-0.00009574235446052626,-0.15432444214820863,0.00007122277020243928,0.9880202412605286],"p":[-538.9012451171875,49.738121032714847,48.692440032958987]},"j":false},{"t":3.610978126525879,"c":{"r":[0.9444373250007629,-0.0007089683203957975,0.32869085669517519,0.0006307243020273745,0.9999997615814209,0.00034466615761630237,-0.3286910355091095,-0.00011820225336123258,0.9444375038146973],"p":[-539.0162963867188,52.14603042602539,46.800384521484378]},"j":true},{"t":3.6159403324127199,"c":{"r":[0.9106974005699158,-0.00037968967808410525,0.41307392716407778,0.000357850338332355,0.9999999403953552,0.00013023402425460517,-0.41307395696640017,0.000029214861569926144,0.9106974601745606],"p":[-539.0482177734375,52.36750411987305,46.6710205078125]},"j":false},{"t":3.6188430786132814,"c":{"r":[0.9106974005699158,-0.00037968967808410525,0.41307392716407778,0.000357850338332355,0.9999999403953552,0.00013023402425460517,-0.41307395696640017,0.000029214861569926144,0.9106974601745606],"p":[-539.0482177734375,52.36750411987305,46.6710205078125]},"j":true},{"t":3.692523717880249,"c":{"r":[0.20964518189430238,0.1931275874376297,0.9585148096084595,-0.18126420676708222,0.970983624458313,-0.1559939980506897,-0.9608289003372192,-0.14104102551937104,0.23856915533542634],"p":[-539.5353393554688,56.45243835449219,47.089290618896487]},"j":false},{"t":3.719750165939331,"c":{"r":[-0.4206918776035309,0.04032903164625168,0.9063067436218262,-0.07756549119949341,0.9937542676925659,-0.08022484928369522,-0.9038816094398499,-0.10404807329177857,-0.41493621468544009],"p":[-539.8710327148438,57.449134826660159,47.457786560058597]},"j":true},{"t":3.756779193878174,"c":{"r":[-0.704218864440918,-0.007482378743588924,0.7099435329437256,0.007103774230927229,0.9998201727867127,0.017583997920155526,-0.709947407245636,0.01742626167833805,-0.7040390968322754],"p":[-540.6619262695313,56.36006546020508,47.988037109375]},"j":false},{"t":3.8184804916381838,"c":{"r":[-0.7337244749069214,0.00034158368362113833,0.6794470548629761,-0.0007450318662449718,0.9999988675117493,-0.0013072856236249209,-0.6794467568397522,-0.0014653971884399653,-0.7337233424186707],"p":[-542.0654296875,54.52158737182617,49.373191833496097]},"j":false},{"t":3.8824474811553957,"c":{"r":[-0.6845475435256958,-0.00000183326255864813,0.7289682626724243,0.0000064219852902169809,1,0.000008545525815861766,-0.7289682626724243,0.000010531241969147232,-0.6845475435256958],"p":[-543.4351196289063,53.365570068359378,50.83003234863281]},"j":false},{"t":3.9449260234832765,"c":{"r":[-0.48785826563835146,-1.1690956114307483e-7,0.8729228377342224,2.3301979013012898e-7,1,2.641587286689173e-7,-0.8729228377342224,3.322803081573511e-7,-0.48785826563835146],"p":[-545.0054931640625,53.49964904785156,52.05916213989258]},"j":false},{"t":4.008561849594116,"c":{"r":[-0.4508779048919678,3.4589497488468626e-8,0.8925856351852417,-5.6206005183412347e-8,1,-6.714374478633545e-8,-0.8925856351852417,-8.044230526138563e-8,-0.4508779048919678],"p":[-546.8949584960938,53.51467514038086,53.04899215698242]},"j":false},{"t":4.0736048221588139,"c":{"r":[-0.27563706040382388,8.661353945171868e-8,0.9612617492675781,-3.3020082668144826e-8,1,-9.957235391766517e-8,-0.9612617492675781,-5.918677459249011e-8,-0.27563706040382388],"p":[-548.7227172851563,53.51597595214844,53.855709075927737]},"j":false},{"t":4.110022783279419,"c":{"r":[0.18935677409172059,1.8697510029141996e-7,0.98190838098526,-1.7192935075627248e-8,1,-1.87104532756166e-7,-0.98190838098526,1.8547622104847507e-8,0.18935677409172059],"p":[-549.7646484375,53.516082763671878,54.064090728759769]},"j":true},{"t":4.117654085159302,"c":{"r":[0.3326611816883087,5.601305588243122e-7,0.9430463910102844,-2.23955876066384e-8,1,-5.860585474692925e-7,-0.9430463910102844,1.738388419880721e-7,0.3326611816883087],"p":[-550.0303955078125,53.95903015136719,54.07665252685547]},"j":true},{"t":4.134847640991211,"c":{"r":[0.532525360584259,0.0000014338855862661149,0.8464140295982361,-1.0059700628062274e-7,1,-0.000001630780047889857,-0.8464140295982361,7.832850315026008e-7,0.532525360584259],"p":[-550.5606079101563,54.81085968017578,54.094417572021487]},"j":true},{"t":4.140544891357422,"c":{"r":[0.7615795731544495,0.00000201985767489532,0.6480714082717896,-1.6735583585614223e-8,1,-0.0000030970534226071324,-0.6480714082717896,0.000002347806685065734,0.7615795731544495],"p":[-550.82275390625,55.21633529663086,54.08995819091797]},"j":false},{"t":4.207432508468628,"c":{"r":[0.9703744053840637,-0.00000114229180780967,-0.24160604178905488,2.7410530378801925e-7,1,-0.0000036270077998779017,0.24160604178905488,0.0000034533302368799925,0.9703744053840637],"p":[-552.7305908203125,57.969642639160159,53.75582504272461]},"j":false},{"t":4.273161888122559,"c":{"r":[0.7751836180686951,-2.8693415288216786e-7,-0.6317359805107117,5.0014090646754997e-8,1,-3.928287242160877e-7,0.6317359805107117,2.7291869741929988e-7,0.7751836180686951],"p":[-554.1322021484375,59.85094451904297,53.05970764160156]},"j":false},{"t":4.33924412727356,"c":{"r":[0.800628125667572,8.152657926530083e-8,-0.5991615653038025,-2.34072299321042e-8,1,1.0478991896434309e-7,0.5991615653038025,-6.987304601580036e-8,0.800628125667572],"p":[-554.9378051757813,60.860252380371097,52.14438247680664]},"j":false},{"t":4.4067864418029789,"c":{"r":[0.9311534762382507,-1.9431027453720163e-7,-0.36462751030921938,3.1209363982043217e-8,1,-4.5320103936319358e-7,0.36462751030921938,4.106199185116566e-7,0.9311534762382507],"p":[-555.1563110351563,60.997562408447269,50.98885726928711]},"j":false},{"t":4.4736247062683109,"c":{"r":[0.9795726537704468,7.465089102431932e-10,-0.20109057426452638,-1.2606451438301747e-9,1,-2.4286797017936125e-9,0.20109057426452638,2.6325719382214176e-9,0.9795726537704468],"p":[-554.9456176757813,60.26287078857422,49.39917755126953]},"j":false},{"t":4.540060043334961,"c":{"r":[0.9869775176048279,3.4417531935559967e-8,-0.16085821390151978,-9.838749370771893e-9,1,1.535943283670349e-7,0.16085821390151978,-1.500115160979476e-7,0.9869775176048279],"p":[-554.5408935546875,58.65617752075195,47.346744537353519]},"j":false},{"t":4.606433391571045,"c":{"r":[0.9945210814476013,-1.5630950755962659e-8,-0.10453648865222931,6.25020435407464e-9,1,-9.006416945567253e-8,0.10453648865222931,8.891733926930101e-8,0.9945210814476013],"p":[-554.2499389648438,57.09922409057617,45.2586669921875]},"j":false},{"t":4.6735007762908939,"c":{"r":[0.9988061189651489,2.9752711405706124e-9,-0.048850174993276599,-3.2649587478061905e-9,1,-5.850329998224879e-9,0.048850174993276599,6.0028395587607978e-9,0.9988061189651489],"p":[-554.101318359375,59.04542541503906,43.16765594482422]},"j":false},{"t":4.739342212677002,"c":{"r":[0.9988061189651489,1.742125732562272e-8,-0.0488501600921154,-1.3628030259837942e-8,1,7.798331580488593e-8,0.0488501600921154,-7.722447747937622e-8,0.9988061189651489],"p":[-553.996826171875,59.33448791503906,41.03685760498047]},"j":false},{"t":4.799546241760254,"c":{"r":[0.9988061189651489,1.2643853075644529e-8,-0.0488501600921154,-9.514176113611939e-9,1,6.429939958252362e-8,0.0488501600921154,-6.375785943646406e-8,0.9988061189651489],"p":[-553.9053955078125,59.35910415649414,39.17240905761719]},"j":false},{"t":4.8644983768463139,"c":{"r":[0.9929655194282532,-2.4135742293651675e-8,-0.11840405315160752,1.3062316561729404e-8,1,-9.429840019947733e-8,0.11840405315160752,9.208842755015212e-8,0.9929655194282532],"p":[-553.7745971679688,59.36214065551758,37.043243408203128]},"j":false},{"t":4.931729555130005,"c":{"r":[0.8039923310279846,-1.513952128107121e-7,-0.5946396589279175,9.354850227794032e-9,1,-2.419515681140183e-7,0.5946396589279175,1.8896443521043694e-7,0.8039923310279846],"p":[-553.1422119140625,59.36240768432617,35.03632354736328]},"j":false},{"t":4.992624282836914,"c":{"r":[0.7749438285827637,6.403884356132039e-8,-0.6320300698280335,-1.8856161076996615e-9,1,9.90104709330808e-8,0.6320300698280335,-7.553578740271405e-8,0.7749438285827637],"p":[-551.9842529296875,59.362422943115237,33.572975158691409]},"j":true},{"t":4.998223543167114,"c":{"r":[0.7749439477920532,7.753288144840553e-8,-0.6320299506187439,-2.713191449288388e-9,1,1.193460974491245e-7,0.6320299506187439,-9.077172080651508e-8,0.7749439477920532],"p":[-551.815673828125,59.801963806152347,33.36632537841797]},"j":false},{"t":5.000247955322266,"c":{"r":[0.7749439477920532,7.753288144840553e-8,-0.6320299506187439,-2.713191449288388e-9,1,1.193460974491245e-7,0.6320299506187439,-9.077172080651508e-8,0.7749439477920532],"p":[-551.815673828125,59.801963806152347,33.36632537841797]},"j":true},{"t":5.009212970733643,"c":{"r":[0.7749441862106323,9.102115683390366e-8,-0.6320297122001648,-3.5404492670920719e-9,1,1.3967303402750987e-7,0.6320297122001648,-1.0600113853342919e-7,0.7749441862106323],"p":[-551.6470947265625,60.22787857055664,33.15967559814453]},"j":true},{"t":5.058805704116821,"c":{"r":[0.7749443650245667,4.8013632181209689e-8,-0.6320294737815857,-2.850617519811749e-9,1,7.247219713235609e-8,0.6320294737815857,-5.4360246082296729e-8,0.7749443650245667],"p":[-550.5513305664063,62.66420364379883,31.81644630432129]},"j":false},{"t":5.083543062210083,"c":{"r":[0.7749443650245667,2.238018481648396e-8,-0.6320294737815857,-2.1623480783716788e-9,1,3.275873439179122e-8,0.6320294737815857,-2.401952947650443e-8,0.7749443650245667],"p":[-550.1298828125,63.44797134399414,31.299814224243165]},"j":true},{"t":5.124219655990601,"c":{"r":[0.6034165024757385,-4.6578824708376489e-7,-0.7974262237548828,2.1615958800680347e-8,1,-5.677576382367988e-7,0.7974262237548828,3.253571776440367e-7,0.6034165024757385],"p":[-549.2650756835938,64.76001739501953,30.286277770996095]},"j":false},{"t":5.193814277648926,"c":{"r":[0.3569875955581665,-2.7566534299694469e-7,-0.9341091513633728,2.1251233661701009e-8,1,-2.8698886467282139e-7,0.9341091513633728,8.260049355612864e-8,0.3569875955581665],"p":[-547.4656982421875,66.20879364013672,28.952503204345704]},"j":false},{"t":5.258188962936401,"c":{"r":[0.34857308864593508,-8.960924446910212e-8,-0.937281608581543,6.437386623758812e-9,1,-9.321141902773889e-8,0.937281608581543,2.6457348312192154e-8,0.34857308864593508],"p":[-545.6168212890625,66.66963195800781,28.207653045654298]},"j":false},{"t":5.318912982940674,"c":{"r":[0.34202155470848086,6.034397870280373e-8,-0.9396920800209045,-5.3053219595256e-9,1,6.2285771207371e-8,0.9396920800209045,-1.631770629728635e-8,0.34202155470848086],"p":[-543.7383422851563,67.33003997802735,27.52047348022461]},"j":false},{"t":5.38629937171936,"c":{"r":[0.3420201241970062,2.5522846058834149e-8,-0.9396926164627075,-1.8413793823057745e-9,1,2.6490637239362515e-8,0.9396926164627075,-7.3300006064869198e-9,0.3420201241970062],"p":[-541.7334594726563,67.5702133178711,26.790828704833986]},"j":false},{"t":5.453970670700073,"c":{"r":[0.3420201241970062,-9.517022903082761e-8,-0.9396926164627075,8.736050105540017e-9,1,-9.809838275032235e-8,0.9396926164627075,2.5342419718299426e-8,0.3420201241970062],"p":[-539.7285766601563,67.59307098388672,26.06118392944336]},"j":false},{"t":5.523685932159424,"c":{"r":[0.3420200049877167,2.095563900184061e-8,-0.9396926760673523,-2.112917396601688e-9,1,2.1531485927539508e-8,0.9396926760673523,-5.378705481007273e-9,0.3420200049877167],"p":[-537.598388671875,67.5951156616211,25.28593635559082]},"j":false},{"t":5.548053979873657,"c":{"r":[0.34857240319252016,7.035630744667287e-8,-0.9372818470001221,-7.040680927161702e-9,1,7.244578625886789e-8,0.9372818470001221,-1.865349830154628e-8,0.34857240319252016],"p":[-536.972412109375,67.59520721435547,25.056625366210939]},"j":true},{"t":5.556358337402344,"c":{"r":[0.3551065921783447,8.998510026003714e-8,-0.9348258376121521,-9.15232511999875e-9,1,9.278204515794641e-8,0.9348258376121521,-2.439168511614298e-8,0.3551065921783447],"p":[-536.722412109375,68.03474426269531,24.963916778564454]},"j":true},{"t":5.567005395889282,"c":{"r":[0.3794541656970978,9.082327778742183e-8,-0.9252105355262756,-1.1426370072342707e-8,1,9.347871809950448e-8,0.9252105355262756,-2.4899090789176627e-8,0.3794541656970978],"p":[-536.3483276367188,68.66850280761719,24.822437286376954]},"j":true},{"t":5.584455966949463,"c":{"r":[0.4053639769554138,-5.679827097537782e-8,-0.9141553640365601,-3.805666892731097e-9,1,-6.381951322964596e-8,0.9141553640365601,2.9349102703690734e-8,0.4053639769554138],"p":[-535.7328491210938,69.65665435791016,24.566301345825197]},"j":false},{"t":5.65104079246521,"c":{"r":[0.41310396790504458,-1.2510983538049914e-7,-0.9106838703155518,1.5749870740933148e-8,1,-1.3023563383285364e-7,0.9106838703155518,3.9457706435541698e-8,0.41310396790504458],"p":[-533.788818359375,72.2464599609375,23.688308715820314]},"j":false},{"t":5.679594993591309,"c":{"r":[0.4131043553352356,-1.3580596203155438e-7,-0.9106836915016174,2.2125341558876245e-8,1,-1.3908878315760377e-7,0.9106836915016174,3.7308989675466367e-8,0.4131043553352356],"p":[-533.0604248046875,72.9928207397461,23.357826232910158]},"j":true},{"t":5.712336301803589,"c":{"r":[0.4131043553352356,-1.500461905834527e-7,-0.9106836915016174,3.0613296786441427e-8,1,-1.5087532290181117e-7,0.9106836915016174,3.444822382903112e-8,0.4131043553352356],"p":[-532.0892333984375,73.79723358154297,22.91718292236328]},"j":false},{"t":5.774945974349976,"c":{"r":[0.41310423612594607,-1.7668106977453136e-7,-0.9106837511062622,4.6489123661785928e-8,1,-1.7292086340603419e-7,0.9106837511062622,2.909744800660974e-8,0.41310423612594607],"p":[-530.2682495117188,74.71791076660156,22.09097671508789]},"j":false},{"t":5.837938070297241,"c":{"r":[0.4131045341491699,-8.217702429647034e-8,-0.9106836318969727,2.5879486997837377e-8,1,-7.849717320596028e-8,0.9106836318969727,8.859513123127272e-9,0.4131045341491699],"p":[-528.447265625,74.93482208251953,21.2647705078125]},"j":false},{"t":5.90412712097168,"c":{"r":[0.5299188494682312,7.707419769076296e-8,-0.8480483293533325,-2.5929754343678725e-8,1,7.468150897693704e-8,0.8480483293533325,-1.758545309371584e-8,0.5299188494682312],"p":[-526.4266357421875,75.21074676513672,20.241838455200197]},"j":false},{"t":5.966705560684204,"c":{"r":[0.5764326453208923,5.1817785617913617e-8,-0.8171446323394775,-2.4203295367897227e-8,1,4.6339671655459827e-8,0.8171446323394775,-6.934107954492674e-9,0.5764326453208923],"p":[-524.7671508789063,75.23531341552735,19.12631607055664]},"j":false},{"t":5.969692707061768,"c":{"r":[0.5764326453208923,5.1817785617913617e-8,-0.8171446323394775,-2.4203295367897227e-8,1,4.6339671655459827e-8,0.8171446323394775,-6.934107954492674e-9,0.5764326453208923],"p":[-524.7671508789063,75.23531341552735,19.12631607055664]},"j":true},{"t":5.9780333042144779,"c":{"r":[0.5764327645301819,5.019764870439758e-8,-0.8171445727348328,-2.4064657822009395e-8,1,4.4454793624026936e-8,0.8171445727348328,-5.960894444712039e-9,0.5764327645301819],"p":[-524.658203125,75.456787109375,19.049461364746095]},"j":true},{"t":5.994485855102539,"c":{"r":[0.5764327645301819,4.2102175967784208e-8,-0.8171445727348328,-2.3371917734493765e-8,1,3.5036435974689087e-8,0.8171445727348328,-1.0979135378619276e-9,0.5764327645301819],"p":[-524.1134643554688,76.51305389404297,18.66518211364746]},"j":true},{"t":6.026979684829712,"c":{"r":[0.576432466506958,2.9167392057161125e-8,-0.8171448111534119,-2.2265078669647666e-8,1,1.9987984600788878e-8,0.8171448111534119,6.672069563506966e-9,0.576432466506958],"p":[-523.2418823242188,78.02596282958985,18.05031394958496]},"j":false},{"t":6.088086128234863,"c":{"r":[0.5709189772605896,4.301868195000225e-9,-0.8210064172744751,-2.0185074944834015e-8,1,-8.796732231530769e-9,0.8210064172744751,2.159429612902386e-8,0.5709189772605896],"p":[-521.607666015625,80.27507781982422,16.897438049316408]},"j":false},{"t":6.149570465087891,"c":{"r":[0.5419590473175049,-1.019417794623223e-7,-0.8404048681259155,-1.4822346017240307e-8,1,-1.3085940508972272e-7,0.8404048681259155,8.337721624229744e-8,0.5419590473175049],"p":[-519.9498901367188,81.7577896118164,15.778718948364258]},"j":false},{"t":6.214066028594971,"c":{"r":[0.5126334428787231,-1.2228480272824528e-7,-0.8586075901985169,1.1358866736088658e-8,1,-1.3564040557412228e-7,0.8586075901985169,5.978099437697893e-8,0.5126334428787231],"p":[-518.2557373046875,82.47409057617188,14.716240882873536]},"j":false},{"t":6.277244806289673,"c":{"r":[0.47011783719062807,-1.4766676770250343e-7,-0.882603645324707,2.0362927344308447e-8,1,-1.564618372640325e-7,0.882603645324707,5.558310789410825e-8,0.47011783719062807],"p":[-516.5260009765625,82.42398834228516,13.712669372558594]},"j":false},{"t":6.34638524055481,"c":{"r":[0.45087796449661257,1.0408964357111472e-7,-0.8925855755805969,-1.647033265328446e-8,1,1.082960920939513e-7,0.8925855755805969,-3.412714022488217e-8,0.45087796449661257],"p":[-514.6290893554688,84.75119018554688,12.73666000366211]},"j":false},{"t":6.411189556121826,"c":{"r":[0.45087775588035586,-2.3254441927633708e-8,-0.8925856947898865,5.989019946639473e-9,1,-2.3027620699167529e-8,0.8925856947898865,5.036928207857727e-9,0.45087775588035586],"p":[-512.7247924804688,85.05158233642578,11.774791717529297]},"j":false},{"t":6.4720964431762699,"c":{"r":[0.348572313785553,-5.687677884225195e-8,-0.9372819066047669,1.0943428385701282e-8,1,-5.661285484848122e-8,0.9372819066047669,9.476596396496007e-9,0.348572313785553],"p":[-510.9293212890625,85.07762908935547,10.894787788391114]},"j":false},{"t":6.537413835525513,"c":{"r":[-0.18086789548397065,-2.2667660459774198e-7,-0.9835073947906494,7.45901740373256e-9,1,-2.3184949782262266e-7,0.9835073947906494,-4.9270131086132099e-8,-0.18086789548397065],"p":[-508.9800720214844,85.0802993774414,10.611059188842774]},"j":false},{"t":6.603281497955322,"c":{"r":[-0.25544604659080508,7.022616443919105e-8,-0.9668233394622803,-7.641014043713313e-9,1,7.46548352026366e-8,0.9668233394622803,2.6457790625045164e-8,-0.25544604659080508],"p":[-506.9036865234375,85.08057403564453,11.095502853393555]},"j":false},{"t":6.672631502151489,"c":{"r":[-0.2554459273815155,-6.4123986120989688e-9,-0.9668233394622803,-3.5684276866732037e-8,1,2.7957591797189709e-9,0.9668233394622803,3.5214558380403108e-8,-0.2554459273815155],"p":[-504.7122802734375,84.11196899414063,11.674506187438965]},"j":false},{"t":6.7423436641693119,"c":{"r":[-0.23514199256896974,-7.747441088667984e-8,-0.9719610214233398,-6.115966044717425e-8,1,-6.491330850622035e-8,0.9719610214233398,4.4180964664519709e-8,-0.23514199256896974],"p":[-502.64520263671877,83.45159149169922,12.20160961151123]},"j":false},{"t":6.803213357925415,"c":{"r":[-0.2283506840467453,-6.092379578603868e-8,-0.973578929901123,-3.4449815444759227e-8,1,-5.4497022006216869e-8,0.973578929901123,2.1095180713359697e-8,-0.2283506840467453],"p":[-500.6993103027344,83.49493408203125,12.663924217224121]},"j":false},{"t":6.8662428855896,"c":{"r":[-0.2283506840467453,7.547595970436305e-8,-0.973578929901123,5.671871505796844e-8,1,6.422098408620514e-8,0.973578929901123,-4.0555242719619858e-8,-0.2283506840467453],"p":[-498.7519836425781,83.49961853027344,13.12062931060791]},"j":false},{"t":6.936739921569824,"c":{"r":[-0.2283506840467453,2.0059991001630807e-8,-0.973578929901123,3.1305180669960466e-9,1,1.987012510085151e-8,0.973578929901123,1.4895500388689698e-9,-0.2283506840467453],"p":[-496.5450134277344,83.50011444091797,13.638228416442871]},"j":false},{"t":7.005741834640503,"c":{"r":[-0.18738125264644624,-3.3929154596989977e-8,-0.9822872877120972,-4.961668764735805e-8,1,-2.5076085208297628e-8,0.9822872877120972,4.403905151662002e-8,-0.18738125264644624],"p":[-494.33453369140627,83.50012969970703,14.139795303344727]},"j":false},{"t":7.068932771682739,"c":{"r":[-0.13917312026023866,-7.946698588057188e-8,-0.9902680516242981,-9.37779702780972e-8,1,-6.706832067493451e-8,0.9902680516242981,8.353121927484608e-8,-0.13917312026023866],"p":[-492.3641052246094,83.50012969970703,14.481345176696778]},"j":false},{"t":7.138329982757568,"c":{"r":[-0.07671889662742615,2.8254527606463854e-8,-0.997052788734436,3.8049741135637308e-8,1,2.5410283654991873e-8,0.997052788734436,-3.598815112582088e-8,-0.07671889662742615],"p":[-490.11102294921877,84.21503448486328,14.723800659179688]},"j":false},{"t":7.18320631980896,"c":{"r":[-0.04884978011250496,4.73869796735471e-8,-0.9988061189651489,5.989369356029784e-8,1,4.451432999985627e-8,0.9988061189651489,-5.7647675077987517e-8,-0.04884978011250496],"p":[-488.78094482421877,84.85799407958985,14.815686225891114]},"j":true},{"t":7.192354679107666,"c":{"r":[-0.0348995141685009,4.164000344530905e-8,-0.9993908405303955,5.28158