{"v":1,"name":"macro1_macro2_merged","d":[{"t":0,"c":{"r":[-0.788979709148407,-0.00004614436693373136,-0.6144192218780518,0.000010703584848670289,1,-0.00008884695853339508,0.6144192218780518,-0.00007667493628105149,-0.788979709148407],"p":[140.30421447753906,113.10906219482422,77.52625274658203]},"j":false},{"t":0.061409711837768555,"c":{"r":[-0.5096328854560852,-0.000058629932027542964,-0.8603919744491577,0.000008577546395827085,1,-0.00007322398596443236,0.8603919744491577,-0.00004469740451895632,-0.5096328854560852],"p":[142.27955627441406,113.10906219482422,77.62366485595703]},"j":false},{"t":0.13041162490844727,"c":{"r":[-0.3012599050998688,-0.000020450506781344302,-0.9535420536994934,0.00000191854724107543,1,-0.000022053027350921184,0.9535420536994934,-0.000008473108209727798,-0.3012599050998688],"p":[144.41249084472656,113.10906219482422,77.66830444335938]},"j":false},{"t":0.1945505142211914,"c":{"r":[-0.17855314910411835,-0.00000652703010928235,-0.9839302897453308,4.7480372700192675e-7,1,-0.0000067197929638496134,0.9839302897453308,-0.000001667014089434815,-0.17855314910411835],"p":[146.54530334472656,113.6734848022461,77.71294403076172]},"j":false},{"t":0.25736355781555176,"c":{"r":[-0.11079248785972595,-0.0000024645751182106324,-0.9938435554504395,1.5919904683414643e-7,1,-0.0000024975893211376388,0.9938435554504395,-4.349330993136391e-7,-0.11079248785972595],"p":[148.5448455810547,113.95580291748047,77.75480651855469]},"j":false},{"t":0.3244333267211914,"c":{"r":[-0.04791717231273651,-0.000002455446747262613,-0.9988512992858887,1.6072925745902467e-7,1,-0.0000024659811970195733,0.9988512992858887,-2.787074890875374e-7,-0.04791717231273651],"p":[150.6776885986328,113.43075561523438,77.7994384765625]},"j":false},{"t":0.3890411853790283,"c":{"r":[-0.02176610194146633,-2.4410931587226514e-7,-0.9997630715370178,9.854109528362187e-9,1,-2.4438170953544613e-7,0.9997630715370178,-1.5171011114034627e-8,-0.02176610194146633],"p":[152.67721557617188,112.14656829833984,77.84131622314453]},"j":false},{"t":0.4511418342590332,"c":{"r":[-0.021385468542575836,7.78175959226246e-8,-0.9997712969779968,-2.014989952670021e-9,1,7.78784965405066e-8,0.9997712969779968,3.6799971958600963e-9,-0.021385468542575836],"p":[154.67672729492188,110.09597778320312,77.8832015991211]},"j":false},{"t":0.5192272663116455,"c":{"r":[-0.02117851935327053,-3.912525414762058e-8,-0.9997757077217102,9.701488501434596e-9,1,-3.933953962587111e-8,0.9997757077217102,-1.0532465566370774e-8,-0.02117851935327053],"p":[156.94284057617188,109.86316680908203,77.93067169189453]},"j":false},{"t":0.5856776237487793,"c":{"r":[-0.021072758361697197,-7.869238771718301e-8,-0.9997779726982117,1.0856822996174742e-8,1,-7.893869735653425e-8,0.9997779726982117,-1.2517868519523745e-8,-0.021072758361697197],"p":[159.07565307617188,109.88458251953125,77.97534942626953]},"j":false},{"t":0.6518797874450684,"c":{"r":[-0.021013977006077766,9.338622675159058e-8,-0.9997791647911072,-1.7617184155938048e-8,1,9.377713894309636e-8,0.9997791647911072,1.958392381595786e-8,-0.021013977006077766],"p":[161.20846557617188,109.88646697998047,78.02002716064453]},"j":false},{"t":0.7224154472351074,"c":{"r":[-0.02098122611641884,8.327967648824597e-9,-0.9997798800468445,3.920865854212252e-10,1,8.321572764202756e-9,0.9997798800468445,-2.1740348410403953e-10,-0.02098122611641884],"p":[163.34127807617188,109.88663482666016,78.06470489501953]},"j":false},{"t":0.7848608493804932,"c":{"r":[-0.02096390351653099,-8.71706546945461e-8,-0.9997802376747131,2.011992883410585e-8,1,-8.761170278148711e-8,0.9997802376747131,-2.1952189399598865e-8,-0.02096390351653099],"p":[165.34078979492188,109.88663482666016,78.1065902709961]},"j":false},{"t":0.8513872623443604,"c":{"r":[-0.020953502506017685,-8.026431186358707e-10,-0.9997804760932922,-5.429520166799762e-10,1,-7.914401356501344e-10,0.9997804760932922,5.262493774083055e-10,-0.020953502506017685],"p":[167.47360229492188,109.88663482666016,78.1512680053711]},"j":false},{"t":0.91526198387146,"c":{"r":[-0.02094772271811962,6.627853110785509e-8,-0.9997805953025818,-1.5472771508484584e-8,1,6.6617268146274e-8,0.9997805953025818,1.6864856178244736e-8,-0.02094772271811962],"p":[169.60641479492188,109.88663482666016,78.1959457397461]},"j":false},{"t":0.9810478687286377,"c":{"r":[-0.020944660529494286,-3.367779299878748e-8,-0.9997806549072266,8.887797164902622e-9,1,-3.387137681443164e-8,0.9997806549072266,-9.595271244222658e-9,-0.020944660529494286],"p":[171.60592651367188,109.88663482666016,78.23783111572266]},"j":false},{"t":1.044431209564209,"c":{"r":[-0.020942816510796547,-8.789495353767052e-8,-0.9997806549072266,2.1853551857020648e-8,1,-8.837201193045985e-8,0.9997806549072266,-2.3699518791886476e-8,-0.020942816510796547],"p":[173.73873901367188,109.88663482666016,78.28250885009766]},"j":false},{"t":1.1107401847839355,"c":{"r":[-0.02094181999564171,7.256120682086475e-8,-0.9997807145118713,-1.8489224373752222e-8,1,7.296440429627182e-8,0.9997807145118713,2.001317866984209e-8,-0.02094181999564171],"p":[175.73825073242188,109.88663482666016,78.32439422607422]},"j":false},{"t":1.1751458644866943,"c":{"r":[-0.020941220223903656,2.0376544895839288e-8,-0.9997807145118713,-4.981380197222052e-9,1,2.048535208132307e-8,0.9997807145118713,5.409276138124142e-9,-0.020941220223903656],"p":[177.87106323242188,109.88663482666016,78.36907196044922]},"j":false},{"t":1.2413780689239502,"c":{"r":[-0.02094089239835739,-8.295118192336304e-8,-0.9997807145118713,2.1473177014286193e-8,1,-8.341914536913464e-8,0.9997807145118713,-2.321533898452799e-8,-0.02094089239835739],"p":[180.00387573242188,109.88663482666016,78.41374969482422]},"j":false},{"t":1.3038275241851807,"c":{"r":[-0.02094072662293911,-2.247831609736295e-8,-0.9997807145118713,5.7331708269714454e-9,1,-2.260333076264942e-8,0.9997807145118713,-6.20524343020179e-9,-0.02094072662293911],"p":[182.00338745117188,109.88663482666016,78.45563507080078]},"j":false},{"t":1.3673763275146484,"c":{"r":[-0.020940633490681648,8.872044787722189e-8,-0.9997807145118713,-2.2996136550545998e-8,1,8.922156524704405e-8,0.9997807145118713,2.485944960994857e-8,-0.020940633490681648],"p":[184.00289916992188,109.88663482666016,78.49752044677734]},"j":false},{"t":1.4320030212402344,"c":{"r":[-0.020940573886036873,-2.133890042443909e-8,-0.9997807145118713,5.623406185151225e-9,1,-2.146136424130418e-8,0.9997807145118713,-6.0715863448024265e-9,-0.020940573886036873],"p":[186.13571166992188,109.88663482666016,78.54219818115234]},"j":false},{"t":1.4939889907836914,"c":{"r":[-0.020940540358424187,-1.0706615682920528e-7,-0.9997807145118713,2.7906652988463065e-8,1,-1.0767415403734049e-7,0.9997807145118713,-3.015528804439782e-8,-0.020940540358424187],"p":[188.13522338867188,109.88663482666016,78.5840835571289]},"j":false},{"t":1.5561714172363281,"c":{"r":[-0.020940540358424187,4.666758712801311e-8,-0.9997807145118713,-1.2205464194892102e-8,1,4.693346866702086e-8,0.9997807145118713,1.318559927909746e-8,-0.020940540358424187],"p":[190.13473510742188,109.88663482666016,78.62596893310547]},"j":false},{"t":1.6172962188720703,"c":{"r":[-0.020940540358424187,5.07215993650334e-8,-0.9997807145118713,-1.3235069928896337e-8,1,5.100993760720485e-8,0.9997807145118713,1.430034313187889e-8,-0.020940540358424187],"p":[192.00094604492188,109.88663482666016,78.6650619506836]},"j":false},{"t":1.6790146827697754,"c":{"r":[-0.020940540358424187,-5.6455270680544345e-8,-0.9997807145118713,1.4782139956537321e-8,1,-5.677726377939507e-8,0.9997807145118713,-1.5967845712339113e-8,-0.020940540358424187],"p":[194.00045776367188,109.88663482666016,78.70694732666016]},"j":false},{"t":1.7418208122253418,"c":{"r":[-0.020940540358424187,-4.605768921805975e-8,-0.9997807145118713,1.2043600783329111e-8,1,-4.632004646509813e-8,0.9997807145118713,-1.3010926558365554e-8,-0.020940540358424187],"p":[195.99996948242188,109.88663482666016,78.74883270263672]},"j":false},{"t":1.8019154071807861,"c":{"r":[-0.020940540358424187,8.847663224287317e-8,-0.9997807145118713,-2.316605041130515e-8,1,8.898125258838263e-8,0.9997807145118713,2.5024284866503876e-8,-0.020940540358424187],"p":[197.86618041992188,109.88663482666016,78.78792572021484]},"j":false},{"t":1.8644404411315918,"c":{"r":[-0.020940540358424187,2.9390865297074242e-9,-0.9997807145118713,-7.619475606013282e-10,1,2.9556901370852984e-9,0.9997807145118713,8.236742399247987e-10,-0.020940540358424187],"p":[199.99899291992188,109.88663482666016,78.83260345458984]},"j":false},{"t":1.926805019378662,"c":{"r":[-0.020940540358424187,-1.0147196150001037e-7,-0.9997807145118713,2.6581583156826127e-8,1,-1.0205096856452656e-7,0.9997807145118713,-2.871275661675554e-8,-0.020940540358424187],"p":[201.86520385742188,109.88663482666016,78.87169647216797]},"j":false},{"t":1.9915602207183838,"c":{"r":[-0.020940540358424187,2.065125137562518e-8,-0.9997807145118713,-5.4136339855404e-9,1,2.0769171271695086e-8,0.9997807145118713,5.8473643704815e-9,-0.020940540358424187],"p":[203.99801635742188,109.88663482666016,78.91637420654297]},"j":false},{"t":2.0528969764709473,"c":{"r":[-0.020940540358424187,6.354117942919402e-8,-0.9997807145118713,-1.664741766660427e-8,1,6.390379780896183e-8,0.9997807145118713,1.7981946598411014e-8,-0.020940540358424187],"p":[205.99752807617188,109.88663482666016,78.95825958251953]},"j":false},{"t":2.117311477661133,"c":{"r":[-0.020940540358424187,-4.86419224898782e-8,-0.9997807145118713,1.2748500921588857e-8,1,-4.89196096964406e-8,0.9997807145118713,-1.3770108608923692e-8,-0.020940540358424187],"p":[207.99703979492188,109.88663482666016,79.0001449584961]},"j":false},{"t":2.1782310009002686,"c":{"r":[-0.020940540358424187,-5.746520415073064e-8,-0.9997807145118713,1.5058613911378416e-8,1,-5.779321199383958e-8,0.9997807145118713,-1.6265532920556325e-8,-0.020940540358424187],"p":[209.99655151367188,109.88663482666016,79.04203033447266]},"j":false},{"t":2.2446911334991455,"c":{"r":[-0.020940540358424187,9.767421005335564e-8,-0.9997807145118713,-2.5598412278782234e-8,1,9.823179425438866e-8,0.9997807145118713,2.7649825540265738e-8,-0.020940540358424187],"p":[212.12936401367188,109.88663482666016,79.08670806884766]},"j":false},{"t":2.3126251697540283,"c":{"r":[-0.020940540358424187,-3.519670999097002e-9,-0.9997807145118713,9.233543374342901e-10,1,-3.539782689188087e-9,0.9997807145118713,-9.97276816683268e-10,-0.020940540358424187],"p":[214.26217651367188,109.88663482666016,79.13138580322266]},"j":false},{"t":2.379303455352783,"c":{"r":[-0.020940540358424187,-1.0446854759038615e-7,-0.9997807145118713,2.7380609779470433e-8,1,-1.0506494874107375e-7,0.9997807145118713,-2.9574721338576637e-8,-0.020940540358424187],"p":[216.39498901367188,109.88663482666016,79.17606353759766]},"j":false},{"t":2.4445393085479736,"c":{"r":[-0.020940540358424187,4.835440492456655e-8,-0.9997807145118713,-1.2673990745781794e-8,1,4.8630468540977745e-8,0.9997807145118713,1.3689560596219508e-8,-0.020940540358424187],"p":[218.52780151367188,109.88663482666016,79.22074127197266]},"j":false},{"t":2.511820077896118,"c":{"r":[-0.020940540358424187,3.288775829446422e-8,-0.9997807145118713,-8.619733371517668e-9,1,3.307551565967515e-8,0.9997807145118713,9.310462623091098e-9,-0.020940540358424187],"p":[220.66061401367188,109.88663482666016,79.26541900634766]},"j":false},{"t":2.5791523456573486,"c":{"r":[-0.020940540358424187,-8.3014903395906e-8,-0.9997807145118713,2.1758898682833205e-8,1,-8.348885671694006e-8,0.9997807145118713,-2.350242844784134e-8,-0.020940540358424187],"p":[222.79342651367188,109.88663482666016,79.31009674072266]},"j":false},{"t":2.6399354934692383,"c":{"r":[-0.16146856546401978,-0.00006736437353538349,-0.9868778586387634,-7.189824486886209e-7,1,-0.00006814244989072904,0.9868778586387634,-0.00001029331633617403,-0.16146856546401978],"p":[224.6960906982422,109.88663482666016,79.5721664428711]},"j":false},{"t":2.7067341804504395,"c":{"r":[-0.4196692109107971,-0.000033621032343944535,-0.9076771140098572,3.7792250395796145e-7,1,-0.00003721547545865178,0.9076771140098572,-0.00001596122092450969,-0.41966918110847473],"p":[226.114990234375,109.88663482666016,80.93701171875]},"j":false},{"t":2.775322914123535,"c":{"r":[-0.726489782333374,-0.00011512207129271701,-0.6871772408485413,-0.000009274342119169887,1,-0.00015772401820868254,0.687177300453186,-0.00010821176692843437,-0.726489782333374],"p":[227.24322509765625,109.88663482666016,82.74455261230469]},"j":false},{"t":2.8415591716766357,"c":{"r":[-0.9156319499015808,-0.000019906399757019244,-0.40201762318611145,2.655928597050661e-7,1,-0.000050121150707127526,0.40201762318611145,-0.00004599929889081977,-0.9156319499015808],"p":[227.20974731445312,109.88663482666016,84.87324523925781]},"j":false},{"t":2.909586191177368,"c":{"r":[-0.9755333662033081,-0.000003077986548305489,-0.21985143423080444,3.8388586176552053e-7,1,-0.000015703693861723877,0.21985143423080444,-0.000015403875295305625,-0.9755333662033081],"p":[227.1650390625,109.88663482666016,87.00615692138672]},"j":false},{"t":2.9779489040374756,"c":{"r":[-0.9940291047096252,-3.2929233384493273e-7,-0.10911529511213303,1.7071057811790524e-7,1,-0.0000045729939301963896,0.10911529511213303,-0.000004564315986499423,-0.9940291047096252],"p":[227.11758422851562,109.88663482666016,89.27233123779297]},"j":false},{"t":3.0449416637420654,"c":{"r":[-0.9986603260040283,-1.0829453778171683e-8,-0.051744647324085236,6.217931058927206e-8,1,-0.0000014093334357312415,0.051744647324085236,-0.000001410662889611558,-0.9986603260040283],"p":[227.0728302001953,109.88663482666016,91.40522003173828]},"j":false},{"t":3.113035202026367,"c":{"r":[-0.999728798866272,0.002647232497110963,-0.02313697710633278,0.0026672817766666412,0.9999960660934448,-0.0008357302285730839,0.02313467487692833,-0.0008972164359875023,-0.9997319579124451],"p":[227.11048889160156,109.8834228515625,93.53656005859375]},"j":false},{"t":3.1818206310272217,"c":{"r":[-0.9999447464942932,-0.00035393968573771417,0.010504517704248428,-0.00035248915082775056,0.9999999403953552,0.00013993932225275785,-0.010504567064344883,0.00013622887490782887,-0.999944806098938],"p":[227.15008544921875,108.81210327148438,95.79017639160156]},"j":false},{"t":3.246689558029175,"c":{"r":[-0.9998883008956909,0.000013190149729780387,0.014947326853871346,0.000013114215107634664,1,-0.000005178148512641201,-0.014947326853871346,-0.000004981547590432456,-0.9998883008956909],"p":[227.10861206054688,107.0440444946289,97.7895736694336]},"j":false},{"t":3.312732696533203,"c":{"r":[-0.9998449683189392,3.203816234531587e-8,0.017607780173420906,3.175781060349436e-8,1,-1.6201701313889316e-8,-0.017607780173420906,-1.564000484677308e-8,-0.9998449683189392],"p":[227.06393432617188,107.04217529296875,99.9223861694336]},"j":false},{"t":3.3737549781799316,"c":{"r":[-0.9998191595077515,3.836743900365036e-8,0.019015811383724213,3.7846586309342456e-8,1,-2.775040108815574e-8,-0.019015811383724213,-2.702569901202878e-8,-0.9998191595077515],"p":[227.0220489501953,107.0718994140625,101.9218978881836]},"j":false},{"t":3.441444158554077,"c":{"r":[-0.9998025894165039,-6.387979567534785e-8,0.01986771821975708,-6.437583977003669e-8,1,-2.4327658110223638e-8,-0.01986771821975708,-2.560185841105067e-8,-0.9998025894165039],"p":[226.9773712158203,107.07501220703125,104.0547103881836]},"j":false},{"t":3.5024402141571045,"c":{"r":[-0.9997934699058533,-5.48562013591436e-8,0.020321816205978394,-5.506108635700002e-8,1,-9.522530319827638e-9,-0.020321816205978394,-1.0639505276799355e-8,-0.9997934699058533],"p":[226.93548583984375,107.0752944946289,106.0542221069336]},"j":false},{"t":3.5687146186828613,"c":{"r":[-0.9997878670692444,8.769162462840541e-8,0.020595762878656387,8.826619790625045e-8,1,2.698858558858319e-8,-0.020595762878656387,2.8800769769077306e-8,-0.9997878670692444],"p":[226.89080810546875,107.0752944946289,108.1870346069336]},"j":false},{"t":3.6362733840942383,"c":{"r":[-0.9997847080230713,-2.095886131314728e-9,0.020748130977153778,-2.2518196196585905e-9,1,-7.492173992318385e-9,-0.020748130977153778,-7.537281909719695e-9,-0.9997847080230713],"p":[226.84613037109375,107.0752944946289,110.3198471069336]},"j":false},{"t":3.699810028076172,"c":{"r":[-0.9997830390930176,-8.597352518791013e-8,0.020829401910305023,-8.682572172347136e-8,1,-4.0008607982144895e-8,-0.020829401910305023,-4.1808455364389374e-8,-0.9997830390930176],"p":[226.8042449951172,107.07434844970703,112.3193588256836]},"j":false},{"t":3.762105703353882,"c":{"r":[-0.9998654723167419,0.0034691463224589825,0.01603083126246929,0.0034497911110520363,0.9999932646751404,-0.001234860043041408,-0.016035007312893867,-0.0011793908197432756,-0.9998707175254822],"p":[226.85260009765625,107.07514190673828,114.31405639648438]},"j":false},{"t":3.8233389854431152,"c":{"r":[-0.9966638684272766,0.00823848508298397,0.08119889348745346,0.00785799976438284,0.9999566078186035,-0.005004292819648981,-0.08123660087585449,-0.00434953672811389,-0.9966853260993958],"p":[227.1276397705078,107.07542419433594,116.26847839355469]},"j":false},{"t":3.8835508823394775,"c":{"r":[-0.9978094100952148,-0.00022383999021258205,0.06615414470434189,-0.00021625254885293543,0.9999999403953552,0.00012185428204247728,-0.06615416705608368,0.00010728134657256305,-0.9978094100952148],"p":[227.09861755371094,107.0754623413086,118.13087463378906]},"j":false},{"t":3.8835508823394775,"c":{"r":[-0.9999756217002869,3.86598841828345e-8,-0.006982475984841585,3.874415810400933e-8,1,-1.1934258914436668e-8,0.006982475984841585,-1.2204498744949888e-8,-0.9999756217002869],"p":[227.09939575195312,107.07530212402344,118.2433853149414]},"j":false},{"t":3.945136547088623,"c":{"r":[-0.9999756217002869,6.691075782327971e-8,-0.0069839064963161945,6.706216026941547e-8,1,-2.1444360953637442e-8,0.0069839064963161945,-2.191219294900293e-8,-0.9999756217002869],"p":[227.11119079589844,107.07530212402344,119.934326171875]},"j":false},{"t":4.013591289520264,"c":{"r":[-0.9999756217002869,-8.444737176205308e-8,-0.006982475984841585,-8.463408107672876e-8,1,2.6444579859230544e-8,0.006982475984841585,2.7034891658672677e-8,-0.9999756217002869],"p":[227.12608337402344,107.07530212402344,122.067626953125]},"j":false},{"t":4.074585437774658,"c":{"r":[-0.9999756217002869,-1.4476120746564902e-8,-0.0069839064963161945,-1.4509335066748008e-8,1,4.705172695906867e-9,0.0069839064963161945,4.8063899527051035e-9,-0.9999756217002869],"p":[227.14004516601562,107.07530212402344,124.06759643554688]},"j":false},{"t":4.142933130264282,"c":{"r":[-1,1.1633696317403519e-7,-0.0000016367994248867035,1.1633702001745405e-7,1,-3.644870716357218e-8,0.0000016367994248867035,-3.644889545739716e-8,-1],"p":[227.15176391601562,107.07530212402344,126.20089721679688]},"j":false},{"t":4.207406282424927,"c":{"r":[-0.9970529079437256,-3.326071507103734e-8,0.07671712338924408,-3.230131184750462e-8,1,1.374659674979739e-8,-0.07671712338924408,1.1228020291298435e-8,-0.9970529079437256],"p":[227.12710571289062,107.07530212402344,128.33384704589844]},"j":false},{"t":4.267915487289429,"c":{"r":[-0.9135465025901794,-6.421759479735556e-8,0.4067343473434448,-5.6603685294476236e-8,1,3.0751014179486447e-8,-0.4067343473434448,5.069820119274482e-9,-0.9135465025901794],"p":[226.76495361328125,107.07530212402344,130.15586853027344]},"j":false},{"t":4.337188243865967,"c":{"r":[-0.779339611530304,7.40487990924521e-8,0.6266017556190491,5.514995038424786e-8,1,-4.9582137506831714e-8,-0.6266017556190491,-4.084267590798163e-9,-0.779339611530304],"p":[225.65171813964844,107.07530212402344,132.12283325195312]},"j":false},{"t":4.4017109870910645,"c":{"r":[-0.4683334529399872,1.4094541711529018e-7,0.8835517764091492,1.8950499836023482e-8,1,-1.494765342613391e-7,-0.8835517764091492,-5.3261114629776785e-8,-0.4683334529399872],"p":[224.22584533691406,107.07530212402344,133.5121612548828]},"j":false},{"t":4.46481466293335,"c":{"r":[-0.15986652672290802,2.9481467933578642e-8,0.9871386289596558,2.5770143352588093e-8,1,-2.5692120431131116e-8,-0.9871386289596558,2.1331393540435784e-8,-0.15986652672290802],"p":[222.24063110351562,107.07530212402344,134.25906372070312]},"j":false},{"t":4.532244443893433,"c":{"r":[0.055819276720285416,-9.387864707832705e-8,0.9984408617019653,3.537293835620403e-8,1,9.204766371340156e-8,-0.9984408617019653,3.017975558350372e-8,0.055819276720285416],"p":[220.11793518066406,107.07530212402344,134.3623504638672]},"j":false},{"t":4.593457460403442,"c":{"r":[0.05581928417086601,-1.284281552216271e-7,0.9984408617019653,1.6076437958645329e-9,1,1.285388293581491e-7,-0.9984408617019653,-5.569808170236001e-9,0.05581928417086601],"p":[218.12094116210938,107.07530212402344,134.25076293945312]},"j":false},{"t":4.654476165771484,"c":{"r":[0.05581928417086601,3.065815690206364e-8,0.9984408617019653,-1.2671194760116578e-8,1,-2.999762926947369e-8,-0.9984408617019653,-1.097699264818175e-8,0.05581928417086601],"p":[216.257080078125,107.07530212402344,134.14651489257812]},"j":false},{"t":4.719605445861816,"c":{"r":[0.05581928417086601,6.374465755243364e-8,0.9984408617019653,2.254868736173421e-9,1,-6.397025487103747e-8,-0.9984408617019653,5.822127224774931e-9,0.05581928417086601],"p":[214.126953125,107.07530212402344,134.02737426757812]},"j":false},{"t":4.786829948425293,"c":{"r":[0.020939918234944344,2.8314079969504746e-8,0.9997807145118713,2.5352155930136178e-8,1,-2.8851278699448812e-8,-0.9997807145118713,2.5950740223379398e-8,0.020939918234944344],"p":[211.996337890625,107.07530212402344,133.919677734375]},"j":false},{"t":4.850682735443115,"c":{"r":[-0.048851996660232544,-3.018375327457079e-9,0.9988059997558594,4.488275351377524e-8,1,5.2172164366481866e-9,-0.9988059997558594,4.508403605996136e-8,-0.048851996660232544],"p":[209.9967803955078,107.07530212402344,133.92527770996094]},"j":false},{"t":4.914071083068848,"c":{"r":[-0.0558236688375473,-3.8560830972755866e-8,0.9984406232833862,6.425004528409772e-8,1,4.221332972065284e-8,-0.9984406232833862,6.65063595306492e-8,-0.0558236688375473],"p":[207.8663787841797,107.07530212402344,134.03799438476562]},"j":false},{"t":4.976793050765991,"c":{"r":[-0.06975875049829483,-6.876806679656511e-8,0.997563898563385,8.092241188251137e-8,1,7.459482986860166e-8,-0.997563898563385,8.592891731495911e-8,-0.06975875049829483],"p":[206.00283813476562,107.07530212402344,134.14678955078125]},"j":false},{"t":5.037156820297241,"c":{"r":[-0.06975863128900528,-5.200732999810498e-8,0.997563898563385,5.0324430844739254e-8,1,5.5653472941230575e-8,-0.997563898563385,5.4084146938748745e-8,-0.06975863128900528],"p":[204.14068603515625,107.07530212402344,134.27696228027344]},"j":false},{"t":5.098511695861816,"c":{"r":[-0.055824149399995804,5.901913979755591e-8,0.9984406232833862,-6.720130585335937e-8,1,-6.286862941351501e-8,-0.9984406232833862,-7.060609874542934e-8,-0.055824149399995804],"p":[202.145263671875,107.07530212402344,134.41246032714844]},"j":false},{"t":5.162286758422852,"c":{"r":[-0.020944669842720032,2.4532706532909287e-8,0.9997806549072266,-1.6544452918765273e-8,1,-2.488468275885225e-8,-0.9997806549072266,-1.7062024681990806e-8,-0.020944669842720032],"p":[200.014404296875,107.07530212402344,134.5142364501953]},"j":false},{"t":5.22990870475769,"c":{"r":[0.09063063561916351,-1.0451416621037879e-8,0.9958845973014832,3.785543611911635e-8,1,7.049566708161592e-9,-0.9958845973014832,3.706073670173282e-8,0.09063063561916351],"p":[197.88571166992188,107.07530212402344,134.41090393066406]},"j":false},{"t":5.292696714401245,"c":{"r":[0.09063063561916351,-4.3881055233896404e-8,0.9958845973014832,8.92568010613104e-8,1,3.593956066083592e-8,-0.9958845973014832,8.563225151192455e-8,0.09063063561916351],"p":[195.89398193359375,107.04124450683594,134.22962951660156]},"j":false},{"t":5.354135513305664,"c":{"r":[0.08367548137903214,-2.48951401715658e-8,0.9964930415153503,4.4435687129862345e-8,1,2.125149123344272e-8,-0.9964930415153503,4.250162533026014e-8,0.08367548137903214],"p":[193.90225219726562,106.42813110351562,134.04835510253906]},"j":false},{"t":5.356536149978638,"c":{"r":[0.08367548137903214,-2.48951401715658e-8,0.9964930415153503,4.4435687129862345e-8,1,2.125149123344272e-8,-0.9964930415153503,4.250162533026014e-8,0.08367548137903214],"p":[193.90225219726562,106.42813110351562,134.04835510253906]},"j":true},{"t":5.366518259048462,"c":{"r":[0.08367548137903214,-5.784644763195956e-9,0.9964930415153503,6.7007270843078e-9,1,5.242342560052293e-9,-0.9964930415153503,6.238572325401037e-9,0.08367548137903214],"p":[193.50390625,107.08914184570312,134.01210021972656]},"j":true},{"t":5.375480890274048,"c":{"r":[0.08367548882961273,6.948881470236756e-9,0.9964930415153503,-1.8442472438096047e-8,1,-5.4247224490211465e-9,-0.9964930415153503,-1.792387926968786e-8,0.08367548882961273],"p":[193.23822021484375,107.51505279541016,133.9893035888672]},"j":true},{"t":5.42297101020813,"c":{"r":[0.07715218514204025,5.977395289846754e-8,0.997019350528717,-1.1903226493359398e-7,1,-5.0741601143045045e-8,-0.997019350528717,-1.1476264205612097e-7,0.07715218514204025],"p":[191.6439208984375,109.78441619873047,133.8553924560547]},"j":false},{"t":5.4546449184417725,"c":{"r":[0.0699499323964119,6.559567822250756e-8,0.9975504875183105,-8.926052430524578e-8,1,-5.949764769752619e-8,-0.9975504875183105,-8.488002833928476e-8,0.0699499323964119],"p":[190.7132110595703,110.8816909790039,133.78549194335938]},"j":true},{"t":5.492404222488403,"c":{"r":[0.0697546899318695,8.165532960902055e-8,0.9975641965866089,-5.059227703441138e-8,1,-7.831704351701774e-8,-0.9975641965866089,-4.500606110013905e-8,0.0697546899318695],"p":[189.51611328125,112.0472183227539,133.7017059326172]},"j":false},{"t":5.5576488971710205,"c":{"r":[0.06278887391090393,1.3438095436413278e-7,0.9980268478393555,1.5240686934703263e-8,1,-1.356054752932323e-7,-0.9980268478393555,2.372513030479695e-8,0.06278887391090393],"p":[187.520263671875,113.37664794921875,133.57273864746094]},"j":false},{"t":5.622313499450684,"c":{"r":[0.06278811395168304,6.848765821132474e-8,0.9980269074440002,3.592846198330335e-8,1,-7.088339515348707e-8,-0.9980269074440002,4.030820477396446e-8,0.06278811395168304],"p":[185.39111328125,113.94995880126953,133.43870544433594]},"j":false},{"t":5.690536975860596,"c":{"r":[0.06974996626377106,-1.2539439353531634e-7,0.9975644946098328,6.802654439752587e-9,1,1.2522490067112813e-7,-0.9975644946098328,-1.948346151081637e-9,0.06974996626377106],"p":[183.12948608398438,113.60364532470703,133.28762817382812]},"j":false},{"t":5.752611875534058,"c":{"r":[0.06975390762090683,-6.410940045498137e-8,0.9975642561912537,-1.3011610455748723e-8,1,6.517576167652805e-8,-0.9975642561912537,-1.7526181395055573e-8,0.06975390762090683],"p":[181.1343231201172,112.48057556152344,133.14801025390625]},"j":false},{"t":5.818998575210571,"c":{"r":[0.06322412192821503,3.9581426136692244e-8,0.997999370098114,-3.3036666735597464e-8,1,-3.756787236852688e-8,-0.997999370098114,-3.0595376898645554e-8,0.06322412192821503],"p":[179.0061492919922,110.43788146972656,132.99908447265625]},"j":false},{"t":5.881906032562256,"c":{"r":[0.04249611869454384,1.3820370270423155e-7,0.9990966320037842,-3.448691288099326e-8,1,-1.3686178590432974e-7,-0.9990966320037842,-2.863966486188474e-8,0.04249611869454384],"p":[177.00962829589844,107.73090362548828,132.88211059570312]},"j":false},{"t":5.952066421508789,"c":{"r":[0.021085822954773903,1.1007325184664296e-7,0.9997776746749878,1.8843159921289043e-8,1,-1.1049514370142788e-7,-0.9997776746749878,2.1168851560560142e-8,0.021085822954773903],"p":[174.9111785888672,104.52152252197266,132.8134307861328]},"j":false},{"t":5.9739696979522705,"c":{"r":[0.013969487510621548,3.1666221644854886e-8,0.9999024271965027,1.8343518704000417e-8,1,-3.1925587506975717e-8,-0.9999024271965027,1.8787712718904004e-8,0.013969487510621548],"p":[174.2625274658203,105.55408477783203,132.8006134033203]},"j":true},{"t":5.98261833190918,"c":{"r":[0.013966926373541355,2.8219945824581316e-10,0.9999024868011475,1.8145978941674912e-8,1,-5.356952659241188e-10,-0.9999024868011475,1.8151691705270423e-8,0.013966926373541355],"p":[173.99632263183594,105.99362182617188,132.79661560058594]},"j":true},{"t":5.991950988769531,"c":{"r":[0.013963832519948483,-4.676757825450295e-8,0.9999024868011475,1.7850000588737203e-8,1,4.6522860230879814e-8,-0.9999024868011475,1.7198622970227007e-8,0.013963832519948483],"p":[173.5964813232422,106.62738037109375,132.7909698486328]},"j":true},{"t":6.018600225448608,"c":{"r":[0.013959856703877449,-1.2166240992428357e-7,0.9999025464057922,1.422884476909303e-8,1,1.2147562244990695e-7,-0.9999025464057922,1.2531676141236403e-8,0.013959856703877449],"p":[172.66326904296875,107.98694610595703,132.77793884277344]},"j":false},{"t":6.085489273071289,"c":{"r":[0.00018940810696221888,-8.118870908901954e-8,1,-9.785895649372378e-9,1,8.119056360555987e-8,-1,-9.801273570531066e-9,0.00018940810696221888],"p":[170.5301055908203,110.4677505493164,132.7563934326172]},"j":false},{"t":6.149949073791504,"c":{"r":[-0.006979878526180983,-7.050573458400322e-9,0.9999756217002869,-2.9785619304334432e-8,1,6.842840072351919e-9,-0.9999756217002869,-2.9737131868046163e-8,-0.006979878526180983],"p":[168.53013610839844,112.00155639648438,132.7642059326172]},"j":false},{"t":6.215648889541626,"c":{"r":[-0.02052147127687931,8.532597206567516e-8,0.9997894167900085,-4.9994120843166456e-8,1,-8.637011461587463e-8,-0.9997894167900085,-5.1756032348748704e-8,-0.02052147127687931],"p":[166.3968505859375,112.79286193847656,132.7804718017578]},"j":false},{"t":6.286717414855957,"c":{"r":[-0.15781770646572113,1.8583584449061163e-7,0.9874682426452637,1.4484371035905497e-8,1,-1.8587934391689487e-7,-0.9874682426452637,-1.5032195932462855e-8,-0.15781770646572113],"p":[164.13906860351562,112.67816925048828,132.95718383789062]},"j":false},{"t":6.348074674606323,"c":{"r":[-0.1805141717195511,1.1364768681687565e-7,0.9835723638534546,6.457593570985409e-9,1,-1.1436067381964676e-7,-0.9835723638534546,-1.4292210970268115e-8,-0.1805141717195511],"p":[162.16958618164062,111.75947570800781,133.3046875]},"j":false},{"t":6.408414125442505,"c":{"r":[-0.18050861358642578,-9.180178750511914e-8,0.9835733771324158,-9.759404839826402e-9,1,9.154388180832029e-8,-0.9835733771324158,6.925368278842825e-9,-0.18050861358642578],"p":[160.33349609375,110.21055603027344,133.64157104492188]},"j":false},{"t":6.471395492553711,"c":{"r":[-0.2822583317756653,-4.362149041980956e-8,0.9593384265899658,-1.1247420772519945e-9,1,4.513946194606433e-8,-0.9593384265899658,1.1661981602628657e-8,-0.2822583317756653],"p":[158.36862182617188,107.81014251708984,134.01463317871094]},"j":false},{"t":6.534928798675537,"c":{"r":[-0.46947500109672546,8.167463505515116e-8,0.8829457759857178,2.9440819560022646e-8,1,-7.684833036591954e-8,-0.8829457759857178,-1.0083720525244644e-8,-0.46947500109672546],"p":[156.52146911621094,106.83519744873047,134.7140350341797]},"j":false},{"t":6.599308013916016,"c":{"r":[-0.6156616806983948,4.9761204046205876e-9,0.7880105972290039,-1.1172781810842025e-8,1,-1.5043926993030254e-8,-0.7880105972290039,-1.8066240059511074e-8,-0.6156616806983948],"p":[154.69522094726562,107.05264282226562,135.81288146972656]},"j":false},{"t":6.663732290267944,"c":{"r":[-0.7965314984321594,-6.855026413177256e-8,0.6045970916748047,-6.21966336211699e-8,1,3.144025839674214e-8,-0.6045970916748047,-1.2560747109091608e-8,-0.7965314984321594],"p":[153.26382446289062,107.072998046875,137.1998748779297]},"j":false},{"t":6.735970973968506,"c":{"r":[-0.91068434715271,-7.685464709084044e-8,0.4131028652191162,-6.690531506592379e-8,1,3.8549789138642154e-8,-0.4131028652191162,7.467914286962696e-9,-0.91068434715271],"p":[152.03623962402344,107.07513427734375,139.10093688964844]},"j":false},{"t":6.801549673080444,"c":{"r":[-0.9552788734436035,9.577514248348962e-8,0.2957063615322113,9.317529503505284e-8,1,-2.2883332562173564e-8,-0.2957063615322113,5.692564197801175e-9,-0.9552788734436035],"p":[151.31822204589844,107.07528686523438,141.10647583007812]},"j":false},{"t":6.863852500915527,"c":{"r":[-0.9980268478393555,7.1819976632525595e-9,0.06278829276561737,5.528362212459115e-9,1,-2.6510413420055556e-8,-0.06278829276561737,-2.6110988926575374e-8,-0.9980268478393555],"p":[150.8348846435547,107.07528686523438,143.17953491210938]},"j":false},{"t":6.927535533905029,"c":{"r":[-0.9929652810096741,-7.885323327627702e-8,-0.1184060350060463,-7.363924225955998e-8,1,-4.840991252308413e-8,0.1184060350060463,-3.935003078936461e-8,-0.9929652810096741],"p":[150.85073852539062,107.07528686523438,145.1765899658203]},"j":false},{"t":6.995776176452637,"c":{"r":[-0.9882280230522156,-1.704151841863677e-8,-0.15298813581466675,-1.6507518907360463e-8,1,-4.760666083569731e-9,0.15298813581466675,-2.1791688453731695e-9,-0.9882280230522156],"p":[151.1622314453125,107.07528686523438,147.28671264648438]},"j":false},{"t":7.058518409729004,"c":{"r":[-0.9871358871459961,6.978283551006825e-8,-0.1598835438489914,6.3922001913852e-8,1,4.180002832754326e-8,0.1598835438489914,3.1042230119737724e-8,-0.9871358871459961],"p":[151.4696044921875,107.07528686523438,149.2628936767578]},"j":false},{"t":7.125529766082764,"c":{"r":[-0.9871358871459961,-9.65269730812679e-9,-0.1598835438489914,-7.489282971562261e-9,1,-1.413377148651307e-8,0.1598835438489914,-1.2754539646664398e-8,-0.9871358871459961],"p":[151.81060791015625,107.07528686523438,151.3688507080078]},"j":false},{"t":7.190893888473511,"c":{"r":[-0.9871358871459961,-8.881722379783241e-8,-0.1598835438489914,-7.865693874009594e-8,1,-6.987672662717159e-8,0.1598835438489914,-5.6401873393951973e-8,-0.9871358871459961],"p":[152.15167236328125,107.07528686523438,153.4748077392578]},"j":false},{"t":7.254807710647583,"c":{"r":[-0.9945216774940491,5.72450753466569e-9,-0.10453063249588013,5.312173811944376e-9,1,4.223025484861864e-9,0.10453063249588013,3.6446055062810956e-9,-0.9945216774940491],"p":[152.45468139648438,107.07440185546875,155.45162963867188]},"j":false},{"t":7.320254325866699,"c":{"r":[-0.9991227388381958,5.009107084674724e-8,-0.04187852516770363,4.867714054057615e-8,1,3.4782367208663345e-8,0.04187852516770363,3.271332715826247e-8,-0.9991227388381958],"p":[152.5945281982422,107.0750961303711,157.57968139648438]},"j":false},{"t":7.384625673294067,"c":{"r":[-0.9991227388381958,-1.736364652060729e-8,-0.04187852516770363,-1.6660106183508105e-8,1,-1.7148535036426438e-8,0.04187852516770363,-1.643578961818548e-8,-0.9991227388381958],"p":[152.6782989501953,107.07528686523438,159.57781982421875]},"j":false},{"t":7.447233438491821,"c":{"r":[-0.9991227388381958,-8.460276035293646e-8,-0.04187828674912453,-8.178852795026614e-8,1,-6.891345094572898e-8,0.04187828674912453,-6.542783381746631e-8,-0.9991227388381958],"p":[152.76206970214844,107.07528686523438,161.57595825195312]},"j":false},{"t":7.515164136886597,"c":{"r":[-0.9988059997558594,2.5631766931155653e-8,-0.04885198175907135,2.4608061366393486e-8,1,2.1556699536517954e-8,0.04885198175907135,2.0328808858494085e-8,-0.9988059997558594],"p":[152.86947631835938,107.07528686523438,163.84010314941406]},"j":false},{"t":7.581381559371948,"c":{"r":[-0.9988059997558594,3.930459868684011e-8,-0.04885222017765045,3.779910073831161e-8,1,3.1741183903477577e-8,0.04885222017765045,2.985671443411775e-8,-0.9988059997558594],"p":[152.97372436523438,107.07528686523438,165.97096252441406]},"j":false},{"t":7.642139673233032,"c":{"r":[-0.9999756217002869,-2.45521611930144e-8,-0.006983860395848751,-2.4414205768152897e-8,1,-1.9838747533640344e-8,0.006983860395848751,-1.9667758976993355e-8,-0.9999756217002869],"p":[153.0397491455078,107.07528686523438,167.83633422851562]},"j":false},{"t":7.707258224487305,"c":{"r":[-0.9945221543312073,-9.176766013752058e-8,0.10452587902545929,-9.989032889734517e-8,1,-7.247473376992275e-8,-0.10452587902545929,-8.251885930121716e-8,-0.9945221543312073],"p":[152.9635009765625,107.07528686523438,169.9670867919922]},"j":false},{"t":7.772749900817871,"c":{"r":[-0.9882287979125977,4.4372775676038145e-8,0.1529831737279892,5.0654495709068215e-8,1,3.7163914612392546e-8,-0.1529831737279892,4.4475733318449784e-8,-0.9882287979125977],"p":[152.70346069335938,107.07528686523438,172.0842742919922]},"j":false},{"t":7.841449022293091,"c":{"r":[-0.975149929523468,2.0852318982633733e-8,0.22154594957828522,2.5477742582324936e-8,1,1.8020188008449622e-8,-0.22154594957828522,2.321687553319407e-8,-0.975149929523468],"p":[152.31521606445312,107.07528686523438,174.18138122558594]},"j":false},{"t":7.906094789505005,"c":{"r":[-0.9735795259475708,-4.9993147399618465e-8,0.22834815084934235,-6.069154778742814e-8,1,-3.9829092912668784e-8,-0.22834815084934235,-5.263559188506406e-8,-0.9735795259475708],"p":[151.8306427001953,107.07528686523438,176.25889587402344]},"j":false},{"t":7.971560716629028,"c":{"r":[-0.9668241143226624,-3.004615223289875e-8,0.2554430663585663,-3.760870015412365e-8,1,-2.4721153124573902e-8,-0.2554430663585663,-3.3507888019812526e-8,-0.9668241143226624],"p":[151.34979248046875,107.07528686523438,178.20013427734375]},"j":false},{"t":8.038674354553223,"c":{"r":[-0.8925867676734924,6.08540275948144e-8,0.4508756399154663,8.948436658329229e-8,1,4.218133398126156e-8,-0.4508756399154663,7.799682322229273e-8,-0.8925867676734924],"p":[150.66921997070312,107.07528686523438,180.21836853027344]},"j":false},{"t":8.09903883934021,"c":{"r":[-0.7524162530899048,-9.494764974249392e-9,0.6586878895759583,-1.082484324399502e-8,1,2.0494932417847167e-9,-0.6586878895759583,-5.588121521071798e-9,-0.7524162530899048],"p":[149.60260009765625,107.07528686523438,181.9042510986328]},"j":false},{"t":8.161439418792725,"c":{"r":[-0.5649681687355042,-5.625633292538623e-8,0.8251127004623413,-1.1749498440849493e-7,1,-1.2270559679450344e-8,-0.8251127004623413,-1.0387908133679957e-7,-0.5649681687355042],"p":[148.15667724609375,107.07528686523438,183.27723693847656]},"j":false},{"t":8.229445934295654,"c":{"r":[-0.268922358751297,2.403464094413721e-8,0.963161826133728,4.058105318449634e-8,1,-1.3623346895030863e-8,-0.963161826133728,3.54224987120233e-8,-0.268922358751297],"p":[146.26226806640625,107.07528686523438,184.23709106445312]},"j":false},{"t":8.289807558059692,"c":{"r":[-0.16677089035511017,1.8345206242997847e-8,0.9859956502914429,4.6514738727410077e-8,1,-1.0738283151567884e-8,-0.9859956502914429,4.407250031590593e-8,-0.16677089035511017],"p":[144.36041259765625,106.66654968261719,184.85560607910156]},"j":false},{"t":8.356210231781006,"c":{"r":[-0.16677089035511017,-2.6715783363329138e-8,0.9859956502914429,-5.805585345797226e-8,1,1.7275690211704386e-8,-0.9859956502914429,-5.436173822204182e-8,-0.16677089035511017],"p":[142.3226776123047,105.38581848144531,185.47862243652344]},"j":false},{"t":8.421668291091919,"c":{"r":[-0.1601305902004242,-7.001455060162698e-8,0.987095832824707,-1.6222260512677167e-7,1,4.461344715878113e-8,-0.987095832824707,-1.5298527955565078e-7,-0.1601305902004242],"p":[140.2211151123047,103.23307800292969,185.8422088623047]},"j":false},{"t":8.487998485565186,"c":{"r":[-0.07155180722475052,1.2252468195583788e-7,0.9974368810653687,-1.5569089129030544e-8,1,-1.2395639714668505e-7,-0.9974368810653687,-2.4398488562837883e-8,-0.07155180722475052],"p":[138.2415313720703,100.42293548583984,186.125732421875]},"j":false},{"t":8.555333375930786,"c":{"r":[0.13086874783039093,2.0859057769939682e-7,0.9913997054100037,1.2526883530483701e-8,1,-2.1205367772836325e-7,-0.9913997054100037,4.0170348825085966e-8,0.13086874783039093],"p":[136.11328125,96.58069610595703,186.11489868164062]},"j":false},{"t":8.621692180633545,"c":{"r":[0.24151453375816345,1.317834374958693e-7,0.9703971743583679,7.877816621260081e-9,1,-1.3776426044387335e-7,-0.9703971743583679,4.09166815984463e-8,0.24151453375816345],"p":[134.01815795898438,91.86646270751953,185.71884155273438]},"j":false},{"t":8.688544511795044,"c":{"r":[0.3802972137928009,1.6086207210719294e-7,0.9248643517494202,9.416911694870578e-9,1,-1.7780261885036452e-7,-0.9248643517494202,7.632720411265836e-8,0.3802972137928009],"p":[131.9705810546875,86.28022766113281,185.12484741210938]},"j":false},{"t":8.75646710395813,"c"