{"d":[{"t":0.06760525703430176,"c":{"r":[0.8625125288963318,9.577195925203341e-8,0.5060356855392456,-1.0285710771995582e-7,1,-1.3944489118955517e-8,-0.5060356855392456,-4.002207276698755e-8,0.8625125288963318],"p":[128.6245880126953,83.17035675048828,182.65185546875]},"j":false},{"t":0.12989330291748048,"c":{"r":[0.9109330177307129,0.000008693535164638888,0.4125543236732483,2.575715143393609e-7,1,-0.000021641188141074964,-0.4125543236732483,0.000019819934095721693,0.9109330177307129],"p":[128.5377960205078,83.17035675048828,182.0026092529297]},"j":false},{"t":0.19449114799499513,"c":{"r":[0.9550788998603821,0.0000020431748453120237,0.29635167121887209,2.715688935950311e-7,1,-0.000007769634976284579,-0.29635167121887209,0.0000075010943874076478,0.9550788998603821],"p":[128.27444458007813,83.17035675048828,180.02862548828126]},"j":false},{"t":0.2568812370300293,"c":{"r":[0.9738123416900635,4.804737159247452e-7,0.22735321521759034,1.0575055853223603e-7,1,-0.000002566292778283241,-0.22735321521759034,0.0000025231304334738526,0.9738123416900635],"p":[128.0098876953125,83.17035675048828,178.04615783691407]},"j":false},{"t":0.320202112197876,"c":{"r":[0.9823328852653503,1.2036937846460206e-7,0.18714183568954469,3.905848799945488e-8,1,-8.482219300276483e-7,-0.18714183568954469,8.405457947446848e-7,0.9823328852653503],"p":[127.74540710449219,83.17035675048828,176.06362915039063]},"j":false},{"t":0.3829007148742676,"c":{"r":[0.9864811897277832,3.244671731295057e-8,0.16387447714805604,1.3681663801889954e-8,1,-2.803573977416818e-7,-0.16387447714805604,2.788093809158454e-7,0.9864811897277832],"p":[127.48086547851563,83.17035675048828,174.08119201660157]},"j":false},{"t":0.385570764541626,"c":{"r":[0.9864811897277832,3.244671731295057e-8,0.16387447714805604,1.3681663801889954e-8,1,-2.803573977416818e-7,-0.16387447714805604,2.788093809158454e-7,0.9864811897277832],"p":[127.48086547851563,83.17035675048828,174.08119201660157]},"j":true},{"t":0.39586424827575686,"c":{"r":[0.9870662093162537,4.7426805593886459e-8,0.16031302511692048,2.1521572080018815e-8,1,-4.2834960822801806e-7,-0.16031302511692048,4.262596178250533e-7,0.9870662093162537],"p":[127.42796325683594,83.82455444335938,173.68472290039063]},"j":true},{"t":0.40583109855651858,"c":{"r":[0.9874051213264465,5.1203414841438646e-8,0.1582123041152954,2.3149457462068314e-8,1,-4.6811345555397568e-7,-0.1582123041152954,4.6588013447035339e-7,0.9874051213264465],"p":[127.39269256591797,84.24365234375,173.42042541503907]},"j":true},{"t":0.44504451751708987,"c":{"r":[0.9886612892150879,2.2705021862634568e-8,0.1501626819372177,1.0963465690849717e-8,1,-2.233855695976672e-7,-0.1501626819372177,2.2249896858284047e-7,0.9886612892150879],"p":[127.21635437011719,86.1347885131836,172.09886169433595]},"j":false},{"t":0.479114294052124,"c":{"r":[0.9893450140953064,1.6552613502085479e-8,0.14558979868888856,8.991751343501165e-9,1,-1.7479631253536355e-7,-0.14558979868888856,1.74242970274463e-7,0.9893450140953064],"p":[127.07528686523438,87.4024429321289,171.04161071777345]},"j":true},{"t":0.5075263977050781,"c":{"r":[0.9897865056991577,1.52168837530553e-8,0.14255750179290772,8.677178087168614e-9,1,-1.6698832894235239e-7,-0.14255750179290772,1.6651979706239218e-7,0.9897865056991577],"p":[126.95185852050781,88.33280944824219,170.1165313720703]},"j":false},{"t":0.571709156036377,"c":{"r":[0.9903407692909241,0.0020043428521603348,0.13864044845104218,0.00019032895215786994,0.9998748898506165,-0.015814905986189843,-0.13865481317043305,0.015688534826040269,0.9902164936065674],"p":[126.69305419921875,89.85835266113281,168.79888916015626]},"j":false},{"t":0.6352887153625488,"c":{"r":[0.9912133812904358,0.000032359650504076856,0.1322726458311081,-0.0000387282416340895,1,0.00004557481952360831,-0.1322726458311081,-0.00005029705789638683,0.9912133812904358],"p":[126.63624572753906,91.25701141357422,168.881103515625]},"j":false},{"t":0.6979713439941406,"c":{"r":[0.9912153482437134,-9.501125646238506e-7,0.13225774466991425,3.734269000688073e-7,1,0.000004385120064398507,-0.13225774466991425,-0.000004297209670767188,0.9912153482437134],"p":[126.63622283935547,92.65696716308594,168.8809051513672]},"j":false},{"t":0.7600088119506836,"c":{"r":[0.9912153482437134,-2.1384609638630537e-8,0.13225772976875306,2.984707947462084e-8,1,-6.200222912866593e-8,-0.13225772976875306,6.540506802821256e-8,0.9912153482437134],"p":[126.63130187988281,94.00584411621094,168.843994140625]},"j":false},{"t":0.8234519958496094,"c":{"r":[0.9937400817871094,-4.3347331057930208e-8,0.11171668022871018,2.886304883986668e-8,1,1.3126924613970915e-7,-0.11171668022871018,-1.2722303210921383e-7,0.9937400817871094],"p":[126.56896209716797,94.74163055419922,168.36390686035157]},"j":false},{"t":0.8835561275482178,"c":{"r":[0.9937677383422852,-3.5642639950594914e-9,0.11147034168243408,-5.013184534163884e-9,1,7.666797330330155e-8,-0.11147034168243408,-7.674898228060556e-8,0.9937677383422852],"p":[126.44778442382813,95.2294921875,167.3397674560547]},"j":false},{"t":0.9437448978424072,"c":{"r":[0.9958842992782593,2.4168830492499184e-8,0.09063351899385452,-1.6453810758321198e-8,1,-8.58704325423787e-8,-0.09063351899385452,8.402574991350775e-8,0.9958842992782593],"p":[126.22896575927735,96.76936340332031,165.3694610595703]},"j":false},{"t":1.0133600234985352,"c":{"r":[0.9970526695251465,-8.880039814584962e-9,0.07671990245580673,1.57857336091638e-8,1,-8.940533291479369e-8,-0.07671990245580673,9.0352905601776e-8,0.9970526695251465],"p":[126.04631805419922,97.06727600097656,163.1102752685547]},"j":false},{"t":1.0819473266601563,"c":{"r":[0.9970526695251465,-3.876833076787989e-8,0.0767202377319336,4.601941938631171e-8,1,-9.274545220705477e-8,-0.0767202377319336,9.600272221632622e-8,0.9970526695251465],"p":[125.88262176513672,97.08969116210938,160.9833221435547]},"j":false},{"t":1.137160062789917,"c":{"r":[0.9970526695251465,-6.297750587691553e-8,0.0767202377319336,7.05083351704161e-8,1,-9.545091472773493e-8,-0.0767202377319336,1.0057900112769858e-7,0.9970526695251465],"p":[125.74961853027344,97.63722229003906,159.2551727294922]},"j":true},{"t":1.1440153121948243,"c":{"r":[0.9970526695251465,-6.66960673356698e-8,0.07671990245580673,7.4269827621265e-8,1,-9.586646854131686e-8,-0.07671990245580673,1.012818984236219e-7,0.9970526695251465],"p":[125.72915649414063,98.0767593383789,158.9893035888672]},"j":false},{"t":1.1457600593566895,"c":{"r":[0.9970526695251465,-6.66960673356698e-8,0.07671990245580673,7.4269827621265e-8,1,-9.586646854131686e-8,-0.07671990245580673,1.012818984236219e-7,0.9970526695251465],"p":[125.72915649414063,98.0767593383789,158.9893035888672]},"j":true},{"t":1.1585209369659424,"c":{"r":[0.9970526695251465,-7.227087195360582e-8,0.07671991735696793,7.990905714905239e-8,1,-9.648947951745868e-8,-0.07671991735696793,1.023357043550277e-7,0.9970526695251465],"p":[125.6984634399414,98.71051788330078,158.5904998779297]},"j":true},{"t":1.207939863204956,"c":{"r":[0.9970526695251465,-9.453439275830533e-8,0.0767202228307724,1.0242985837294327e-7,1,-9.897748753928681e-8,-0.0767202228307724,1.0654421345179799e-7,0.9970526695251465],"p":[125.57569122314453,100.93900299072266,156.9952850341797]},"j":false},{"t":1.2761361598968506,"c":{"r":[0.9984369277954102,-9.255172983557714e-8,0.05589044466614723,9.848392323874578e-8,1,-1.0338531808429252e-7,-0.05589044466614723,1.0872802391759251e-7,0.9984369277954102],"p":[125.43357849121094,103.14730834960938,154.86676025390626]},"j":false},{"t":1.3363852500915528,"c":{"r":[0.998440682888031,4.8638316485494218e-8,0.055822715163230899,-4.9151957171034158e-8,1,7.828330872428069e-9,-0.055822715163230899,-1.0559920049502125e-8,0.998440682888031],"p":[125.3218765258789,104.42564392089844,152.8697967529297]},"j":false},{"t":1.3965744972229005,"c":{"r":[0.9995782971382141,8.794057038130632e-8,0.029039325192570688,-8.868868661693341e-8,1,2.4474134718843744e-8,-0.029039325192570688,-2.7039272154638639e-8,0.9995782971382141],"p":[125.21656799316406,104.93757629394531,150.87252807617188]},"j":false},{"t":1.4566724300384522,"c":{"r":[0.9997819066047669,-2.348297023502255e-8,-0.02088438905775547,2.071087479293965e-8,1,-1.3295161238602305e-7,0.02088438905775547,1.3249008645743744e-7,0.9997819066047669],"p":[125.2162094116211,104.72390747070313,149.00624084472657]},"j":false},{"t":1.525177240371704,"c":{"r":[0.9988164901733398,-9.422539903880534e-8,-0.048637762665748599,8.944994078774471e-8,1,-1.0036082898068344e-7,0.048637762665748599,9.589140859134204e-8,0.9988164901733398],"p":[125.28107452392578,103.66221618652344,146.87399291992188]},"j":false},{"t":1.590073585510254,"c":{"r":[0.9988061785697937,-1.1737152583179978e-8,-0.048848655074834827,1.1117128551063616e-8,1,-1.2964441964413709e-8,0.048848655074834827,1.2405908300650026e-8,0.9988061785697937],"p":[125.38522338867188,101.72852325439453,144.74313354492188]},"j":false},{"t":1.6571755409240723,"c":{"r":[0.9980267882347107,7.10033134510013e-8,-0.06278953701257706,-6.645733918730912e-8,1,7.448865346759703e-8,0.06278953701257706,-7.016884495669729e-8,0.9980267882347107],"p":[125.49678039550781,102.39755249023438,142.61268615722657]},"j":false},{"t":1.659592628479004,"c":{"r":[0.9980267882347107,7.10033134510013e-8,-0.06278953701257706,-6.645733918730912e-8,1,7.448865346759703e-8,0.06278953701257706,-7.016884495669729e-8,0.9980267882347107],"p":[125.49678039550781,102.39755249023438,142.61268615722657]},"j":true},{"t":1.669294834136963,"c":{"r":[0.9980267882347107,8.638966875196275e-8,-0.06278949975967407,-8.083703306738244e-8,1,9.097294650928234e-8,0.06278949975967407,-8.571772269760913e-8,0.9980267882347107],"p":[125.52182006835938,102.61495208740235,142.21347045898438]},"j":true},{"t":1.6787374019622803,"c":{"r":[0.9980267882347107,9.664176303658678e-8,-0.06278953701257706,-9.041836790402158e-8,1,1.0195660138379026e-7,0.06278953701257706,-9.607809658973565e-8,0.9980267882347107],"p":[125.53854370117188,103.05448913574219,141.94732666015626]},"j":true},{"t":1.688126564025879,"c":{"r":[0.9980267882347107,1.0688947327253118e-7,-0.06278953701257706,-9.999561001450275e-8,1,1.1293556667624216e-7,0.06278953701257706,-1.0643404380061838e-7,0.9980267882347107],"p":[125.55528259277344,103.48040008544922,141.68118286132813]},"j":true},{"t":1.7235386371612549,"c":{"r":[0.9980267882347107,6.689411691240821e-8,-0.06278949975967407,-6.255658036025125e-8,1,7.104650734390816e-8,0.06278949975967407,-6.697842280800615e-8,0.9980267882347107],"p":[125.63060760498047,105.22840881347656,140.48353576660157]},"j":false},{"t":1.7738003730773926,"c":{"r":[0.9980267882347107,-1.9054690270081666e-8,-0.06278953701257706,1.787230807792639e-8,1,-1.9392508932014608e-8,0.06278953701257706,1.823205053597121e-8,0.9980267882347107],"p":[125.73104095458985,107.12989044189453,138.8866729736328]},"j":true},{"t":1.7905998229980469,"c":{"r":[0.9980267882347107,-4.765536232298473e-8,-0.06278949975967407,4.463615255190234e-8,1,-4.948733334231292e-8,0.06278949975967407,4.658700447635056e-8,0.9980267882347107],"p":[125.76451873779297,107.65471649169922,138.35438537597657]},"j":false},{"t":1.8581643104553223,"c":{"r":[0.999110758304596,-7.355347264592638e-8,-0.042162541300058368,6.965165511019222e-8,1,-9.401137646136704e-8,0.042162541300058368,9.099108666532629e-8,0.999110758304596],"p":[125.8884048461914,109.20902252197266,136.22467041015626]},"j":false},{"t":1.9257621765136719,"c":{"r":[0.9993908405303955,7.675033053544667e-9,-0.03489891439676285,-1.1806159605498579e-8,1,-1.1816800338237954e-7,0.03489891439676285,1.1850804071400489e-7,0.9993908405303955],"p":[125.97142028808594,109.90502166748047,133.9595184326172]},"j":false},{"t":1.986302137374878,"c":{"r":[0.9993908405303955,7.31978531121058e-8,-0.03489860147237778,-7.827352277445243e-8,1,-1.4407416415451736e-7,0.03489860147237778,1.4671803683086183e-7,0.9993908405303955],"p":[126.03657531738281,109.7390365600586,132.0939483642578]},"j":false},{"t":2.054201126098633,"c":{"r":[0.9984654188156128,1.7456217804578956e-8,-0.05537857487797737,-1.9860509681279838e-8,1,-4.286521360086226e-8,0.05537857487797737,4.389928065506865e-8,0.9984654188156128],"p":[126.13504791259766,108.63994598388672,129.82940673828126]},"j":false},{"t":2.1164608001708986,"c":{"r":[0.9959080815315247,-8.653518079881906e-8,-0.09037190675735474,7.911167898555505e-8,1,-8.572596499334395e-8,0.09037190675735474,7.822571035376314e-8,0.9959080815315247],"p":[126.27867889404297,106.85265350341797,127.83474731445313]},"j":false},{"t":2.184566020965576,"c":{"r":[0.9945232272148132,-4.728820712784909e-8,-0.10451578348875046,4.040201062593951e-8,1,-6.800377150284476e-8,0.10451578348875046,6.340868452525683e-8,0.9945232272148132],"p":[126.47885131835938,105.10502624511719,125.71086120605469]},"j":false},{"t":2.1966638565063478,"c":{"r":[0.9937682151794434,-3.8065618213067867e-8,-0.11146609485149384,3.1409317813313467e-8,1,-6.14719297686861e-8,0.11146609485149384,5.758777987807662e-8,0.9937682151794434],"p":[126.5062484741211,105.58049774169922,125.44561004638672]},"j":true},{"t":2.236180305480957,"c":{"r":[0.993768036365509,5.374956035808509e-9,-0.11146801710128784,-9.010753032612229e-9,1,-3.211362553656727e-8,0.11146801710128784,3.291790662274252e-8,0.993768036365509],"p":[126.6393814086914,106.90745544433594,124.25303649902344]},"j":true},{"t":2.2433979511260988,"c":{"r":[0.993768036365509,1.983665676164037e-8,-0.11146800965070725,-2.2466874582960373e-8,1,-2.2340074679050305e-8,0.11146800965070725,2.4705190782015053e-8,0.993768036365509],"p":[126.68396759033203,107.56165313720703,123.85553741455078]},"j":true},{"t":2.2513513565063478,"c":{"r":[0.993768036365509,2.947264476915734e-8,-0.11146805435419083,-3.1432833225153448e-8,1,-1.5827854582539659e-8,0.11146805435419083,1.923297254791123e-8,0.993768036365509],"p":[126.71369171142578,107.98075103759766,123.59053802490235]},"j":false},{"t":2.2529776096343996,"c":{"r":[0.993768036365509,2.947264476915734e-8,-0.11146805435419083,-3.1432833225153448e-8,1,-1.5827854582539659e-8,0.11146805435419083,1.923297254791123e-8,0.993768036365509],"p":[126.71369171142578,107.98075103759766,123.59053802490235]},"j":true},{"t":2.316399097442627,"c":{"r":[0.993768036365509,1.0641259251542579e-7,-0.11146800965070725,-1.0302284891849922e-7,1,3.616982979792738e-8,0.11146800965070725,-2.446066993400109e-8,0.993768036365509],"p":[126.95148468017578,110.84306335449219,121.47054290771485]},"j":false},{"t":2.3825085163116457,"c":{"r":[0.9873121380805969,1.7005950780912827e-7,-0.1587914079427719,-1.6722843554362044e-7,1,3.119089342362713e-8,0.1587914079427719,-4.240710449465723e-9,0.9873121380805969],"p":[127.185302734375,112.73452758789063,119.48435974121094]},"j":false},{"t":2.4440724849700929,"c":{"r":[0.9105456471443176,-3.0228360969886128e-7,-0.413408488035202,2.78192349156825e-8,1,-6.69925611873623e-7,0.413408488035202,5.984971380712523e-7,0.9105456471443176],"p":[127.63219451904297,113.85958099365235,117.53904724121094]},"j":false},{"t":2.5049192905426027,"c":{"r":[0.7883883714675903,-2.1234643554635114e-7,-0.6151778101921082,2.4208329563180088e-8,1,-3.141545050766581e-7,0.6151778101921082,2.3278333571852273e-7,0.7883883714675903],"p":[128.55661010742188,114.21823120117188,115.78250885009766]},"j":false},{"t":2.5669057369232179,"c":{"r":[0.7794603109359741,8.326116329726574e-8,-0.6264516115188599,-8.68142358001478e-9,1,1.2210733757456183e-7,0.6264516115188599,-8.973933773859244e-8,0.7794603109359741],"p":[129.70054626464845,113.86149597167969,114.30827331542969]},"j":false},{"t":2.6341347694396974,"c":{"r":[0.724362313747406,-8.819721841746287e-8,-0.6894194483757019,4.730360103621933e-9,1,-1.229595625318325e-7,0.6894194483757019,8.58060786868009e-8,0.724362313747406],"p":[131.1972198486328,112.53077697753906,112.6076889038086]},"j":false},{"t":2.704695463180542,"c":{"r":[0.836634635925293,-6.741765190554361e-8,-0.5477613210678101,5.585549356368347e-9,1,-1.1454731208004887e-7,0.5477613210678101,9.277470525148601e-8,0.836634635925293],"p":[132.54432678222657,110.99569702148438,111.05916595458985]},"j":false},{"t":2.760718822479248,"c":{"r":[0.858959972858429,5.855207518834504e-8,-0.5120427012443543,-9.516967658385056e-9,1,9.838511516591098e-8,0.5120427012443543,-7.963578241287905e-8,0.858959972858429],"p":[133.40538024902345,110.65052795410156,109.70659637451172]},"j":true},{"t":2.7660844326019289,"c":{"r":[0.8625138998031616,5.5636469653563839e-8,-0.5060333609580994,-7.375732913317279e-9,1,9.737460260339503e-8,0.5060333609580994,-8.025457987059781e-8,0.8625138998031616],"p":[133.54075622558595,111.09347534179688,109.48326873779297]},"j":false},{"t":2.7684061527252199,"c":{"r":[0.8625138998031616,5.5636469653563839e-8,-0.5060333609580994,-7.375732913317279e-9,1,9.737460260339503e-8,0.5060333609580994,-8.025457987059781e-8,0.8625138998031616],"p":[133.54075622558595,111.09347534179688,109.48326873779297]},"j":true},{"t":2.7880070209503176,"c":{"r":[0.8947385549545288,2.1134797023592e-8,-0.4465903639793396,7.000595658723796e-10,1,4.8727354595712316e-8,0.4465903639793396,-4.3910880265229937e-8,0.8947385549545288],"p":[133.87088012695313,112.14974212646485,108.91402435302735]},"j":true},{"t":2.828139305114746,"c":{"r":[0.9483307600021362,-1.2629482171178098e-7,-0.3172834813594818,2.192655301769264e-8,1,-3.325139914522879e-7,0.3172834813594818,3.083763147060381e-7,0.9483307600021362],"p":[134.40518188476563,114.0068130493164,107.69451904296875]},"j":false},{"t":2.8945534229278566,"c":{"r":[0.9732425808906555,-3.4504402890433997e-8,-0.22978009283542634,-2.993312708809981e-9,1,-1.628410046805584e-7,0.22978009283542634,1.5917160567369138e-7,0.9732425808906555],"p":[135.02252197265626,116.26961517333985,105.65290832519531]},"j":false},{"t":2.9581680297851564,"c":{"r":[0.9997045397758484,-2.081551109256452e-8,0.024307457730174066,3.426631067782182e-8,1,-5.529444138119288e-7,-0.024307457730174066,5.536139724426903e-7,0.9997045397758484],"p":[135.32815551757813,117.6604232788086,103.54834747314453]},"j":false},{"t":3.020915985107422,"c":{"r":[0.9964967966079712,1.931132054266982e-8,0.08363072574138642,-1.2469276278181951e-8,1,-8.233488557607416e-8,-0.08363072574138642,8.100364112806347e-8,0.9964967966079712],"p":[135.21237182617188,118.16207122802735,101.68606567382813]},"j":false},{"t":3.0897254943847658,"c":{"r":[0.9964725971221924,1.1391839471741605e-8,0.08391869813203812,-2.298452095317316e-8,1,1.3717570368498856e-7,-0.08391869813203812,-1.3862064918157558e-7,0.9964725971221924],"p":[135.01678466796876,117.87366485595703,99.42787170410156]},"j":false},{"t":3.1603827476501467,"c":{"r":[0.9941464066505432,-4.5748727472982867e-8,-0.10804110765457154,1.1957400403161956e-8,1,-3.1341147632701907e-7,0.10804110765457154,3.102850030245463e-7,0.9941464066505432],"p":[134.93113708496095,116.6008529663086,97.1646957397461]},"j":false},{"t":3.221558094024658,"c":{"r":[0.7517638206481934,-0.0000021073960851936137,-0.6594324111938477,9.662184652370343e-8,1,-0.0000030856219837005485,0.6594324111938477,0.000002255943400086835,0.7517638206481934],"p":[135.30258178710938,114.6602783203125,95.21760559082031]},"j":false},{"t":3.2563703060150148,"c":{"r":[0.3569919764995575,-1.0637013758696412e-7,-0.9341074228286743,1.770018371871629e-7,1,-4.622798499553937e-8,0.9341074228286743,-1.488357099788118e-7,0.3569919764995575],"p":[135.86981201171876,113.49239349365235,94.52546691894531]},"j":true},{"t":3.278526782989502,"c":{"r":[0.06818895787000656,-3.7101321481713969e-7,-0.997672438621521,1.0219631718655364e-7,1,-3.6489387866822656e-7,0.997672438621521,-7.707672722290227e-8,0.06818895787000656],"p":[136.60247802734376,112.84481811523438,94.21864318847656]},"j":true},{"t":3.287273406982422,"c":{"r":[-0.06282790750265122,-0.0000018886707948695403,-0.9980244040489197,-2.1107096515038394e-8,1,-0.000001891080728455563,0.9980244040489197,-9.774726805744649e-8,-0.06282790750265122],"p":[136.85397338867188,113.28435516357422,94.13020324707031]},"j":false},{"t":3.289304256439209,"c":{"r":[-0.06282790750265122,-0.0000018886707948695403,-0.9980244040489197,-2.1107096515038394e-8,1,-0.000001891080728455563,0.9980244040489197,-9.774726805744649e-8,-0.06282790750265122],"p":[136.85397338867188,113.28435516357422,94.13020324707031]},"j":true},{"t":3.299572229385376,"c":{"r":[-0.15729516744613648,-0.000002316059180884622,-0.9875516295433044,-1.457224527712242e-7,1,-0.0000023220434286486126,0.9875516295433044,-2.2133777122235188e-7,-0.15729516744613648],"p":[137.2333221435547,113.9181137084961,94.01233673095703]},"j":true},{"t":3.354665994644165,"c":{"r":[-0.40541791915893557,-4.0072129081636378e-7,-0.9141314625740051,4.432418165833951e-8,1,-4.5802067916156377e-7,0.9141314625740051,-2.262079163983799e-7,-0.40541791915893557],"p":[139.0124053955078,116.47032165527344,93.75690460205078]},"j":false},{"t":3.4211366176605226,"c":{"r":[-0.33796173334121706,-4.11598648497602e-8,-0.9411598443984985,-1.534032811889574e-8,1,-3.822456307034372e-8,0.9411598443984985,1.5192613833647784e-9,-0.33796173334121706],"p":[141.00914001464845,118.56963348388672,94.05931854248047]},"j":false},{"t":3.4876325130462648,"c":{"r":[-0.18302486836910249,-1.9303449505514437e-7,-0.9831082820892334,1.0436746578079692e-8,1,-1.9829421660233494e-7,0.9831082820892334,-4.655322527469252e-8,-0.18302486836910249],"p":[143.0589141845703,119.79694366455078,94.62699127197266]},"j":false},{"t":3.552324056625366,"c":{"r":[0.23195399343967439,-0.0000015202041367956554,-0.9727267622947693,1.045200548333014e-7,1,-0.000001537903926873696,0.9727267622947693,2.5505352141408368e-7,0.23195399343967439],"p":[145.0413055419922,120.15559387207031,94.78510284423828]},"j":false},{"t":3.619065761566162,"c":{"r":[0.1529853790998459,1.1389261800331951e-7,-0.988228440284729,-4.639459039168514e-9,1,1.1453105486225468e-7,0.988228440284729,-1.2936732574075905e-8,0.1529853790998459],"p":[146.2342529296875,121.1932601928711,94.66748046875]},"j":false},{"t":3.6860363483428957,"c":{"r":[0.13225683569908143,-3.2909035496686559e-8,-0.9912154674530029,-5.244762402156766e-9,1,-3.390048775031573e-8,0.9912154674530029,9.682261215004928e-9,0.13225683569908143],"p":[146.2412109375,122.77987670898438,94.66676330566406]},"j":false},{"t":3.7511279582977297,"c":{"r":[0.13225683569908143,-6.240739480745106e-8,-0.9912154674530029,-1.9538026752030648e-9,1,-6.322116519186238e-8,0.9912154674530029,1.0298070840519813e-8,0.13225683569908143],"p":[146.2412109375,124.27316284179688,94.66676330566406]},"j":false},{"t":3.8145620822906496,"c":{"r":[0.1391737163066864,7.902842469320604e-8,-0.9902679920196533,7.519300737612867e-9,1,8.08618594305699e-8,0.9902679920196533,-1.869996957282183e-8,0.1391737163066864],"p":[146.5990447998047,125.55052185058594,94.61647033691406]},"j":false},{"t":3.882155418395996,"c":{"r":[0.11825361102819443,0.0007375769782811403,-0.9929831624031067,0.0011059961980208755,0.9999989867210388,0.0008745004888623953,0.992982804775238,-0.0012016483815386892,0.11825267970561981],"p":[147.60545349121095,126.84965515136719,94.47396850585938]},"j":false},{"t":3.9511146545410158,"c":{"r":[-0.11146710067987442,0.0000063909037635312419,-0.9937680959701538,0.00001045860153681133,1,0.000005257880275166826,0.9937680959701538,-0.000009807344213186298,-0.11146710067987442],"p":[147.60670471191407,128.43629455566407,94.47309112548828]},"j":false},{"t":4.0129547119140629,"c":{"r":[-0.33545100688934328,-1.9747933777125582e-7,-0.9420576691627502,-2.1339914724194387e-7,1,-1.3363765560825414e-7,0.9420576691627502,1.562054166015514e-7,-0.33545100688934328],"p":[147.60670471191407,129.83636474609376,94.47309112548828]},"j":false},{"t":4.077317237854004,"c":{"r":[-0.5621429085731506,-0.02345160022377968,-0.8267075419425964,-0.006309313699603081,0.9996904134750366,-0.024068491533398629,0.8270160555839539,-0.008313974365592003,-0.562116801738739],"p":[148.4950714111328,130.8290252685547,94.99584197998047]},"j":false},{"t":4.14140248298645,"c":{"r":[-0.9026670455932617,0.001800271333195269,-0.4303358793258667,0.0017460203962400556,0.9999983310699463,0.0005209730006754398,0.4303361177444458,-0.0002811101439874619,-0.9026686549186707],"p":[148.38267517089845,131.97723388671876,95.42584228515625]},"j":false},{"t":4.204191207885742,"c":{"r":[-0.9993409514427185,-0.0005319970659911633,0.03629608079791069,-0.0005017805960960686,0.9999995231628418,0.0008416053024120629,-0.03629650920629501,0.0008228379301726818,-0.9993407130241394],"p":[148.29449462890626,131.94993591308595,96.52975463867188]},"j":false},{"t":4.229465007781982,"c":{"r":[-0.97551029920578,-0.00008882433030521497,0.21995364129543305,-0.00004339583028922789,1,0.00021136838768143207,-0.21995365619659425,0.0001966469717444852,-0.97551029920578],"p":[148.2229766845703,131.89547729492188,97.04788208007813]},"j":true},{"t":4.2416181564331059,"c":{"r":[-0.9669710397720337,0.00008271918341051787,0.25488629937171938,0.00006895756087033078,1,-0.00006292697071330622,-0.25488629937171938,-0.00004327222268329933,-0.9669710397720337],"p":[148.2013702392578,132.3350067138672,97.26200866699219]},"j":true},{"t":4.249663829803467,"c":{"r":[-0.9522302150726318,0.0001406294177286327,0.3053811192512512,0.00009148076787823811,1,-0.0001752520474838093,-0.3053811490535736,-0.00013894378207623959,-0.9522302150726318],"p":[148.15789794921876,132.96878051757813,97.59361267089844]},"j":true},{"t":4.267314910888672,"c":{"r":[-0.9448267221450806,0.00005115607564221136,0.32757049798965456,0.00003021184056706261,1,-0.00006902673339936882,-0.32757049798965456,-0.00005532179420697503,-0.9448267221450806],"p":[148.04368591308595,133.95692443847657,98.1730728149414]},"j":false},{"t":4.329944133758545,"c":{"r":[-0.955068051815033,-8.873398655850906e-7,0.29638662934303286,-5.544940222534933e-7,1,0.0000012070731827407145,-0.29638662934303286,9.884923883873853e-7,-0.955068051815033],"p":[147.4510955810547,136.41041564941407,100.04019927978516]},"j":false},{"t":4.390612840652466,"c":{"r":[-0.9684054255485535,7.126654111289099e-8,0.2493811845779419,4.350408033815256e-8,1,-1.16837000518899e-7,-0.2493811845779419,-1.0229648239601375e-7,-0.9684054255485535],"p":[146.92214965820313,138.00888061523438,101.83020782470703]},"j":false},{"t":4.451147794723511,"c":{"r":[-0.9999865293502808,4.063362268880155e-8,0.005195970647037029,3.757660849146305e-8,1,-5.884410256840056e-7,-0.005195970647037029,-5.882378673049971e-7,-0.9999865293502808],"p":[146.5617218017578,138.98065185546876,103.79324340820313]},"j":false},{"t":4.520560264587402,"c":{"r":[-0.9980366826057434,-0.00039707112591713667,-0.06263052672147751,-0.00031818682327866554,0.9999991655349731,-0.0012694871984422207,0.06263097375631333,-0.0012470666551962495,-0.9980359673500061],"p":[146.62335205078126,139.60491943359376,105.8299560546875]},"j":false},{"t":4.5826098918914799,"c":{"r":[-0.9988059997558594,0.000015169624930422288,-0.048852648586034778,0.000012686703485087492,1,0.000051134771638317037,0.048852648586034778,0.00005045393845648505,-0.9988059997558594],"p":[146.70643615722657,142.8836212158203,107.31257629394531]},"j":false},{"t":4.644522428512573,"c":{"r":[-0.9984407424926758,4.666912900574971e-7,-0.055822182446718219,3.831341643945052e-7,1,0.0000015075462442837307,0.055822182446718219,0.0000014838082051937818,-0.9984407424926758],"p":[146.77415466308595,144.5663604736328,108.68814086914063]},"j":false},{"t":4.707144260406494,"c":{"r":[-0.9975640177726746,-2.8699217224925634e-8,-0.06975726038217545,-2.2196990911993454e-8,1,-9.398732458976156e-8,0.06975726038217545,-9.220997299053124e-8,-0.9975640177726746],"p":[146.8556365966797,146.009521484375,110.11273956298828]},"j":false},{"t":4.767783880233765,"c":{"r":[-0.9952273368835449,-2.5528342106895253e-8,-0.09758342057466507,-1.6788687773328094e-8,1,-9.038195969424123e-8,0.09758342057466507,-8.831229791894657e-8,-0.9952273368835449],"p":[146.96783447265626,147.31430053710938,111.44827270507813]},"j":false},{"t":4.833221435546875,"c":{"r":[-0.9937678575515747,-2.0229437680541197e-8,-0.1114693209528923,-1.0689263696406215e-8,1,-8.618327029807915e-8,0.1114693209528923,-8.44546406142399e-8,-0.9937678575515747],"p":[147.13002014160157,148.71307373046876,113.01789855957031]},"j":false},{"t":4.897419214248657,"c":{"r":[-0.9937677979469299,-1.3745201421500042e-8,-0.1114697977900505,-4.638133432877112e-9,1,-8.195917899911365e-8,0.1114697977900505,-8.093138603726402e-8,-0.9937677979469299],"p":[147.3201904296875,150.17306518554688,114.71387481689453]},"j":false},{"t":4.958832025527954,"c":{"r":[-0.9937678575515747,-7.686272951445972e-9,-0.1114693209528923,1.0160239316547859e-9,1,-7.801218515623987e-8,0.1114693209528923,-7.763925680137618e-8,-0.9937678575515747],"p":[147.4677276611328,151.5826873779297,116.029296875]},"j":false},{"t":5.022795677185059,"c":{"r":[-0.9952273368835449,-5.851709672377581e-10,-0.09758340567350388,6.679323316660657e-9,1,-7.41172740958973e-8,0.09758340567350388,-7.441532545726659e-8,-0.9952273368835449],"p":[147.62686157226563,153.09336853027345,117.49166870117188]},"j":false},{"t":5.0833234786987309,"c":{"r":[-0.9984407424926758,8.078862911986562e-9,-0.055821917951107028,1.2040414887337647e-8,1,-7.063136564511297e-8,0.055821917951107028,-7.11933552111077e-8,-0.9984407424926758],"p":[147.78213500976563,154.41453552246095,119.22003173828125]},"j":false},{"t":5.15200400352478,"c":{"r":[-0.9999756217002869,1.9244748017399617e-8,0.006980696227401495,1.877871902422612e-8,1,-6.682522979417627e-8,-0.006980696227401495,-6.669250751656364e-8,-0.9999756217002869],"p":[147.8438720703125,156.5652618408203,121.3967514038086]},"j":false},{"t":5.21532940864563,"c":{"r":[-0.9999756217002869,2.522514108704854e-8,0.006980696227401495,2.4781650509453358e-8,1,-6.361755566786087e-8,-0.006980696227401495,-6.34430108448214e-8,-0.9999756217002869],"p":[147.8372344970703,158.12486267089845,122.61318969726563]},"j":false},{"t":5.282375812530518,"c":{"r":[-0.9999756217002869,3.158312722462142e-8,0.0069809346459805969,3.116358371357819e-8,1,-6.020734133471706e-8,-0.0069809346459805969,-5.998832364184637e-8,-0.9999756217002869],"p":[147.8253631591797,159.4900360107422,124.31791687011719]},"j":false},{"t":5.285470247268677,"c":{"r":[-0.9999756217002869,3.158312722462142e-8,0.0069809346459805969,3.116358371357819e-8,1,-6.020734133471706e-8,-0.0069809346459805969,-5.998832364184637e-8,-0.9999756217002869],"p":[147.8253631591797,159.4900360107422,124.31791687011719]},"j":true},{"t":5.293551206588745,"c":{"r":[-1,3.195675901679351e-8,-6.831251084804535e-7,3.195680164935766e-8,1,-5.977633321663234e-8,6.831251084804535e-7,-5.977635453291441e-8,-1],"p":[147.82420349121095,159.9295654296875,124.48402404785156]},"j":true},{"t":5.302065134048462,"c":{"r":[-1,3.3145951761071049e-8,-6.682032562821405e-7,3.314599084092151e-8,1,-5.913017275815946e-8,6.682031994387216e-7,-5.913019407444153e-8,-1],"p":[147.82264709472657,160.56332397460938,124.7480697631836]},"j":true},{"t":5.310778856277466,"c":{"r":[-0.997526228427887,-0.005093260668218136,0.07011047005653382,-0.005186958704143763,0.9999858736991882,-0.001154446043074131,-0.07010360062122345,-0.0015152503037825227,-0.9975385665893555],"p":[147.81700134277345,160.79483032226563,124.8143310546875]},"j":true},{"t":5.320233106613159,"c":{"r":[-0.9897234439849854,-0.01522680465131998,0.1421816647052765,-0.01566135138273239,0.9998754858970642,-0.0019376411801204086,-0.14213445782661439,-0.0041444855742156509,-0.9898386597633362],"p":[147.805419921875,161.2264862060547,124.58602905273438]},"j":true},{"t":5.329737186431885,"c":{"r":[-0.9984050989151001,-0.016742879524827005,0.05391547083854675,-0.016871262341737748,0.9998558163642883,-0.001926880911923945,-0.05387543514370918,-0.0028334297239780428,-0.9985436201095581],"p":[147.80226135253907,161.64462280273438,124.40094757080078]},"j":true},{"t":5.33949613571167,"c":{"r":[-0.999893069267273,-0.011385777033865452,0.009173939935863018,-0.011398502625524998,0.9999341368675232,-0.001336027984507382,-0.009158124215900898,-0.0014404526446014643,-0.9999570250511169],"p":[147.80494689941407,161.89013671875,124.24972534179688]},"j":true},{"t":5.345600605010986,"c":{"r":[-0.9999791383743286,-0.005142575595527887,-0.003901976626366377,-0.005139957182109356,0.9999865293502808,-0.0006807708414271474,0.0039054250810295345,-0.0006606990355066955,-0.9999921321868897],"p":[147.80526733398438,162.23684692382813,123.9705581665039]},"j":false},{"t":5.347234487533569,"c":{"r":[-0.9999791383743286,-0.005142575595527887,-0.003901976626366377,-0.005139957182109356,0.9999865293502808,-0.0006807708414271474,0.0039054250810295345,-0.0006606990355066955,-0.9999921321868897],"p":[147.80526733398438,162.23684692382813,123.9705581665039]},"j":true},{"t":5.358034610748291,"c":{"r":[-0.9999351501464844,-0.00026503237313590944,-0.011385878548026085,-0.00026323870406486094,0.9999999403953552,-0.00015903249732218683,0.011385920457541943,-0.0001560249802423641,-0.9999351501464844],"p":[147.80194091796876,162.7313232421875,123.56649780273438]},"j":true},{"t":5.413681507110596,"c":{"r":[-0.9965499043464661,0.00003217981429770589,-0.08299605548381806,0.00003200908759026788,1,0.0000033876599445648027,0.08299605548381806,7.193440865194134e-7,-0.9965499043464661],"p":[147.77452087402345,164.63340759277345,121.97464752197266]},"j":false},{"t":5.477159023284912,"c":{"r":[-0.9134646058082581,-9.634310345063569e-7,-0.4069181978702545,-7.128930974431569e-7,1,-7.673002642150095e-7,0.4069181978702545,-4.1081244717133816e-7,-0.9134646058082581],"p":[147.78668212890626,165.9304962158203,120.80664825439453]},"j":false},{"t":5.5451507568359379,"c":{"r":[-0.8593003153800964,1.4246957391605975e-8,-0.5114713907241821,-1.586960785004976e-9,1,3.0521029259489299e-8,0.5114713907241821,2.703841239792837e-8,-0.8593003153800964],"p":[147.95028686523438,166.46929931640626,120.15579986572266]},"j":false},{"t":5.608776092529297,"c":{"r":[-0.7542908787727356,-1.583609616773174e-7,-0.6565403938293457,1.0771344705062802e-8,1,-2.5358028210575869e-7,0.6565403938293457,-1.9834510567307007e-7,-0.7542908787727356],"p":[148.34547424316407,166.13609313964845,120.0959243774414]},"j":false},{"t":5.673951625823975,"c":{"r":[-0.5384995937347412,-6.404475811905286e-7,-0.8426257967948914,4.984078572078943e-8,1,-7.91913635111996e-7,0.8426257967948914,-4.6844229473208545e-7,-0.5384995937347412],"p":[149.02432250976563,165.0317840576172,120.52241516113281]},"j":false},{"t":5.738105773925781,"c":{"r":[-0.5089839696884155,0.0006478755385614932,-0.8607757091522217,0.000474910979392007,0.9999997615814209,0.00047184567665681243,0.8607758283615112,-0.00016862995107658207,-0.5089842081069946],"p":[149.20680236816407,165.80690002441407,121.01073455810547]},"j":false},{"t":5.801647901535034,"c":{"r":[-0.8267586827278137,-0.000009781189874047414,-0.5625567436218262,-0.0000019970527773693904,1,-0.000014452069990511518,0.5625567436218262,-0.000010824918717844412,-0.8267586827278137],"p":[149.27735900878907,167.0842742919922,121.09654235839844]},"j":false},{"t":5.865762948989868,"c":{"r":[-0.944218099117279,6.629313986650232e-8,-0.32932084798812868,1.2476192523536157e-7,1,-1.5641074924133137e-7,0.32932084798812868,-1.8877256025007228e-7,-0.944218099117279],"p":[149.61148071289063,167.66677856445313,121.57234954833985]},"j":false},{"t":5.929369926452637,"c":{"r":[-0.9488757848739624,-2.8467974644286188e-8,-0.3156498074531555,-5.4232359048000947e-8,1,7.283957614845349e-8,0.3156498074531555,8.623413805253222e-8,-0.9488757848739624],"p":[150.14837646484376,168.8542022705078,122.9441909790039]},"j":false},{"t":5.993727207183838,"c":{"r":[-0.9598670601844788,-0.0004867652023676783,-0.2804550230503082,0.005510063376277685,0.9997727274894714,-0.020593615248799325,0.2804013192653656,-0.02131245657801628,-0.9596462249755859],"p":[150.7929229736328,169.44667053222657,124.4828109741211]},"j":false},{"t":6.056775093078613,"c":{"r":[-0.4960136413574219,0.00035756200668402016,-0.8683146238327026,-0.00016737819532863796,0.9999998807907105,0.000507401127833873,0.8683146834373474,0.0003970148100052029,-0.4960135221481323],"p":[152.0395050048828,169.54454040527345,125.49867248535156]},"j":false},{"t":6.12765908241272,"c":{"r":[0.5310231447219849,2.5165056172227198e-7,-0.8473572731018066,-0.000008641124622954522,1,-0.0000051182501010771379,0.8473572731018066,0.000010040029337687884,0.5310231447219849],"p":[154.1636962890625,169.73062133789063,125.83326721191406]},"j":false},{"t":6.192691326141357,"c":{"r":[0.9783251285552979,-1.792373325315566e-7,-0.2070748656988144,1.0444697551292848e-7,1,-3.721080759078177e-7,0.2070748656988144,3.424143244501465e-7,0.9783251285552979],"p":[155.455810546875,169.7523651123047,124.25042724609375]},"j":false},{"t":6.260451316833496,"c":{"r":[0.992114782333374,6.107328864857209e-9,-0.12533268332481385,3.2525717674758427e-9,1,7.447581396036185e-8,0.12533268332481385,-7.429620296761641e-8,0.992114782333374],"p":[155.78900146484376,169.75428771972657,122.14472198486328]},"j":false},{"t":6.320998191833496,"c":{"r":[0.98927241563797,-7.99838488774185e-8,-0.1460825502872467,8.146179908408158e-8,1,4.135057629639505e-9,0.1460825502872467,-1.5990845980695668e-8,0.98927241563797],"p":[156.0419464111328,169.75440979003907,120.16082000732422]},"j":false},{"t":6.384656667709351,"c":{"r":[0.9135457277297974,-4.242166440349138e-8,-0.4067360460758209,3.6732053843024917e-8,1,-2.179608493690921e-8,0.4067360460758209,4.971469014236618e-9,0.9135457277297974],"p":[156.5011444091797,169.75440979003907,118.21935272216797]},"j":false},{"t":6.4511778354644779,"c":{"r":[0.7144731879234314,8.842432919209387e-8,-0.6996628642082214,-8.250425054256994e-8,1,4.213065807334715e-8,0.6996628642082214,2.762393336297464e-8,0.7144731879234314],"p":[157.6953887939453,169.75440979003907,116.4707260131836]},"j":false},{"t":6.5148820877075199,"c":{"r":[0.6211481094360352,-2.8161792897662964e-9,-0.7836931943893433,1.49778571767456e-8,1,8.2778424115304e-9,0.7836931943893433,-1.6879811326475648e-8,0.6211481094360352],"p":[159.12857055664063,169.75440979003907,115.07711791992188]},"j":false},{"t":6.579743146896362,"c":{"r":[0.3420208692550659,-8.494373560097302e-8,-0.9396923780441284,1.0636812675102192e-7,1,-5.16803346783945e-8,0.9396923780441284,-8.227756609358039e-8,0.3420208692550659],"p":[160.9244384765625,169.75440979003907,113.94020080566406]},"j":false},{"t":6.647911071777344,"c":{"r":[0.041876476258039477,2.824387657085481e-8,-0.9991227984428406,-3.901344314272137e-8,1,2.663349363274392e-8,0.9991227984428406,3.786390223581293e-8,0.041876476258039477],"p":[163.0104522705078,169.75440979003907,113.57902526855469]},"j":false},{"t":6.713989496231079,"c":{"r":[0.041876476258039477,2.118541608808755e-8,-0.9991227984428406,-3.276599613855069e-8,1,1.9830688202659986e-8,0.9991227984428406,3.1906814967896938e-8,0.041876476258039477],"p":[165.1417999267578,169.75440979003907,113.4896469116211]},"j":false},{"t":6.782309293746948,"c":{"r":[0.006982044316828251,-3.611514998169696e-8,-0.9999756217002869,4.546792098381047e-8,1,-3.579856411306537e-8,0.9999756217002869,-4.5216864918984359e-8,0.006982044316828251],"p":[167.27407836914063,169.75440979003907,113.43010711669922]},"j":false},{"t":6.852392673492432,"c":{"r":[0.006982044316828251,-3.2907177427432546e-8,-0.9999756217002869,4.35946034826884e-8,1,-3.260359449086536e-8,0.9999756217002869,-4.3365901092329298e-8,0.006982044316828251],"p":[169.54071044921876,169.75440979003907,113.41426086425781]},"j":false},{"t":6.919591903686523,"c":{"r":[7.278285920619965e-7,5.780431777679951e-8,-1,-7.440061722263636e-8,1,5.7804264486094328e-8,1,7.440057459007221e-8,7.278285920619965e-7],"p":[171.67401123046876,169.75440979003907,113.40074920654297]},"j":false},{"t":6.987529993057251,"c":{"r":[-0.02792101725935936,-9.289848890148278e-9,-0.9996101260185242,7.928581347016462e-9,1,-9.514932841625523e-9,0.9996101260185242,-8.191157085946088e-9,-0.02792101725935936],"p":[173.94012451171876,169.75440979003907,113.44498443603516]},"j":false},{"t":7.051841497421265,"c":{"r":[-0.048849087208509448,-6.571642785502263e-8,-0.9988061785697937,7.951574332309974e-8,1,-6.968389