{"v":1,"name":"macro1_macro2_merged","d":[{"t":0.06452608108520508,"c":{"r":[-0.33545100688934326,1.0388905735680964e-8,-0.9420576691627502,-1.697609164352798e-8,1,1.707278940443757e-8,0.9420576691627502,2.1719541720699453e-8,-0.33545100688934326],"p":[192.2686004638672,169.7544403076172,115.65080261230469]},"j":false},{"t":0.13057398796081543,"c":{"r":[-0.4329080879688263,-0.000023631524527445436,-0.9014380574226379,2.4537484932807274e-7,1,-0.000026333198547945358,0.9014380574226379,-0.000011621044905041344,-0.4329080879688263],"p":[192.58334350585938,169.7544403076172,115.9675064086914]},"j":false},{"t":0.19577860832214355,"c":{"r":[-0.5638930201530457,-0.000007837952580302954,-0.8258478045463562,3.203964809017634e-7,1,-0.000009709563528303988,0.8258478045463562,-0.00000573975421502837,-0.5638930201530457],"p":[194.029541015625,169.7544403076172,117.42382049560547]},"j":false},{"t":0.2561495304107666,"c":{"r":[-0.6252520084381104,-0.0000026497471026232233,-0.7804229259490967,1.3747683169640368e-7,1,-0.0000035054131330980454,0.7804229259490967,-0.000002299056632182328,-0.6252520084381104],"p":[195.3449249267578,169.7544403076172,118.74836730957031]},"j":false},{"t":0.32127928733825684,"c":{"r":[-0.6637850403785706,-7.74207421727624e-7,-0.7479234337806702,4.868026692861349e-8,1,-0.000001078346599570068,0.7479234337806702,-7.521994120907038e-7,-0.6637850403785706],"p":[196.84815979003906,169.7544403076172,120.26214599609375]},"j":false},{"t":0.3857917785644531,"c":{"r":[-0.7193456292152405,6.068866298392095e-8,-0.6946523189544678,-3.1409708167728922e-9,1,9.061813699418053e-8,0.6946523189544678,6.736764390780081e-8,-0.7193456292152405],"p":[198.34744262695312,169.7544403076172,121.77973937988281]},"j":false},{"t":0.4507713317871094,"c":{"r":[-0.7384551167488098,7.042923044764393e-8,-0.6743026375770569,-1.0163738295432267e-8,1,1.1557821721908113e-7,0.6743026375770569,9.220276098176328e-8,-0.7384551167488098],"p":[199.8187713623047,169.7544403076172,123.32447052001953]},"j":false},{"t":0.5127604007720947,"c":{"r":[-0.8862037062644958,5.2275058948225706e-8,-0.4632957875728607,-1.3121926656367577e-8,1,1.3793295750019752e-7,0.4632957875728607,1.2831603157792415e-7,-0.8862037062644958],"p":[200.97019958496094,169.7544403076172,124.78964233398438]},"j":false},{"t":0.5828197002410889,"c":{"r":[-0.9552783966064453,-3.402442771971437e-8,-0.29570797085762024,-6.487550496814265e-9,1,-9.410301515799802e-8,0.29570797085762024,-8.797616146694054e-8,-0.9552783966064453],"p":[201.82925415039062,169.7544403076172,126.88056182861328]},"j":false},{"t":0.6482751369476318,"c":{"r":[-0.973578929901123,-7.385421607608578e-9,-0.2283506989479065,3.6659755231482904e-9,1,-4.797243136067664e-8,0.2283506989479065,-4.754207694190882e-8,-0.973578929901123],"p":[202.45228576660156,169.7544403076172,128.92080688476562]},"j":false},{"t":0.7086634635925293,"c":{"r":[-0.9988061189651489,1.8480131203091332e-8,-0.04884984344244003,1.8980344407282246e-8,1,-9.775918741183887e-9,0.04884984344244003,-1.0691434404463962e-8,-0.9988061189651489],"p":[202.75636291503906,169.7019805908203,130.75982666015625]},"j":false},{"t":0.7707650661468506,"c":{"r":[-0.9984407424926758,3.9908321980419714e-8,-0.055821873247623444,3.8306239957819344e-8,1,2.9769882559094185e-8,0.055821873247623444,2.7585137729602138e-8,-0.9984407424926758],"p":[202.96536254882812,169.22161865234375,132.74880981445312]},"j":true},{"t":0.7762050628662109,"c":{"r":[-0.9984407424926758,4.1317974819321535e-8,-0.055821873247623444,3.9570348775441744e-8,1,3.241251178565108e-8,0.055821873247623444,3.015307825648961e-8,-0.9984407424926758],"p":[202.9792938232422,169.44308471679688,132.88140869140625]},"j":false},{"t":0.7778339385986328,"c":{"r":[-0.9984407424926758,4.1317974819321535e-8,-0.055821873247623444,3.9570348775441744e-8,1,3.241251178565108e-8,0.055821873247623444,3.015307825648961e-8,-0.9984407424926758],"p":[202.9792938232422,169.44308471679688,132.88140869140625]},"j":true},{"t":0.7863757610321045,"c":{"r":[-0.9984407424926758,4.5545128557478165e-8,-0.05582185834646225,4.336105163815773e-8,1,4.03370066237585e-8,0.05582185834646225,3.78536171297128e-8,-0.9984407424926758],"p":[203.0077667236328,170.08706665039062,133.2802734375]},"j":true},{"t":0.837867021560669,"c":{"r":[-0.9984407424926758,6.242665762101751e-8,-0.05582176893949509,5.8499583843740766e-8,1,7.198426033028227e-8,0.05582176893949509,6.860646806217119e-8,-0.9984407424926758],"p":[203.0974578857422,172.35641479492188,134.87777709960938]},"j":false},{"t":0.8989720344543457,"c":{"r":[-0.9984407424926758,8.346773228140592e-8,-0.055821482092142105,7.736820606396577e-8,1,1.1142943634467883e-7,0.055821482092142105,1.0693688778928845e-7,-0.9984407424926758],"p":[203.2091522216797,174.5033416748047,136.87477111816406]},"j":false},{"t":0.9633562564849854,"c":{"r":[-0.9975855350494385,1.062116226080434e-7,-0.06944827735424042,9.672179146491544e-8,1,1.4000865178331878e-7,0.06944827735424042,1.329534455862813e-7,-0.9975855350494385],"p":[203.32398986816406,175.8838653564453,138.8715362548828]},"j":false},{"t":1.0264673233032227,"c":{"r":[-0.9964937567710876,1.2890869527382165e-7,-0.08366710692644119,1.210371465276694e-7,1,9.915395793314019e-8,0.08366710692644119,8.867947798307796e-8,-0.9964937567710876],"p":[203.48780822753906,176.5116729736328,140.99851989746094]},"j":false},{"t":1.0918185710906982,"c":{"r":[-0.9975610971450806,1.4652306390416925e-7,-0.06979895383119583,1.4515033797124488e-7,1,2.4738746162711323e-8,0.06979895383119583,1.4547068438730548e-8,-0.9975610971450806],"p":[203.64605712890625,176.30828857421875,142.99217224121094]},"j":false},{"t":1.1531026363372803,"c":{"r":[-0.9975643754005432,1.497839861031025e-7,-0.06975157558917999,1.5457823110409663e-7,1,-6.333541335834525e-8,0.06975157558917999,-7.396322843078451e-8,-0.9975643754005432],"p":[203.78567504882812,175.3385009765625,144.98733520507812]},"j":false},{"t":1.2155439853668213,"c":{"r":[-0.9988061785697937,-8.801170992001062e-8,-0.0488487184047699,-8.971493059561908e-8,1,3.26747446877107e-8,0.0488487184047699,3.7018196508142864e-8,-0.9988061785697937],"p":[203.90670776367188,174.99560546875,146.9743194580078]},"j":false},{"t":1.282134771347046,"c":{"r":[-0.9991228580474854,-5.176296058451157e-10,-0.04187502712011337,-2.498070861278734e-9,1,4.724176250192613e-8,0.04187502712011337,4.7304929751135205e-8,-0.9991228580474854],"p":[203.99853515625,173.75425720214844,149.10556030273438]},"j":false},{"t":1.347607135772705,"c":{"r":[-0.9991228580474854,8.693328368281072e-8,-0.041875265538692474,8.442115273510353e-8,1,6.175913114248033e-8,0.041875265538692474,5.816979964379243e-8,-0.9991228580474854],"p":[204.087890625,173.62989807128906,151.23690795898438]},"j":false},{"t":1.4147799015045166,"c":{"r":[-0.9991228580474854,-3.372631729448017e-9,-0.041875503957271576,-2.6868625102594024e-9,1,-1.6432663230148137e-8,0.041875503957271576,-1.630573542854563e-8,-0.9991228580474854],"p":[204.17689514160156,173.9175567626953,153.3601837158203]},"j":false},{"t":1.4810550212860107,"c":{"r":[-0.9993908405303955,-4.8696492171984573e-8,-0.034899529069662094,-4.7589320928409506e-8,1,-3.2555163897995953e-8,0.034899529069662094,-3.087448519067948e-8,-0.9993908405303955],"p":[204.25856018066406,175.76385498046875,155.47340393066406]},"j":false},{"t":1.5483345985412598,"c":{"r":[-0.9997806549072266,2.9414850555298244e-9,-0.020942581817507744,2.2869586224771865e-9,1,3.1277334500146026e-8,0.020942581817507744,3.1222576524214674e-8,-0.9997806549072266],"p":[204.31178283691406,176.0274658203125,157.6060333251953]},"j":false},{"t":1.6146676540374756,"c":{"r":[-0.9999756217002869,5.353260235096968e-8,-0.006981311831623316,5.2876313105798545e-8,1,9.419164825885673e-8,0.006981311831623316,9.382020493831078e-8,-0.9999756217002869],"p":[204.33517456054688,175.9383544921875,159.7334442138672]},"j":false},{"t":1.6810400485992432,"c":{"r":[-0.9999756217002869,-8.748837210248439e-9,0.0069812568835914135,-8.90394513675119e-9,1,-2.2186705805893325e-8,-0.0069812568835914135,-2.224832584829528e-8,-0.9999756217002869],"p":[204.34176635742188,176.62017822265625,161.84877014160156]},"j":false},{"t":1.7479207515716553,"c":{"r":[-0.9999756217002869,-2.7543999081558468e-8,0.0069812568835914135,-2.7881091213544096e-8,1,-4.818797805228314e-8,-0.0069812568835914135,-4.838144818108958e-8,-0.9999756217002869],"p":[204.3269805908203,177.89581298828125,163.97752380371094]},"j":false},{"t":1.8145473003387451,"c":{"r":[-0.9999756217002869,1.5796764785136475e-8,0.0069812568835914135,1.6087318144286655e-8,1,4.156277455535928e-8,-0.0069812568835914135,4.1674070416775066e-8,-0.9999756217002869],"p":[204.3120880126953,178.03904724121094,166.11082458496094]},"j":false},{"t":1.8814163208007812,"c":{"r":[-0.9999756217002869,3.706497508915163e-8,0.0069812568835914135,3.764100142689131e-8,1,8.237927318077709e-8,-0.0069812568835914135,8.26400494702284e-8,-0.9999756217002869],"p":[204.2974090576172,177.7630615234375,168.21461486816406]},"j":false},{"t":1.9350512027740479,"c":{"r":[-0.9999756217002869,-1.8195111195495883e-8,0.00698078004643321,-1.8509265231614336e-8,1,-4.493797334248484e-8,-0.00698078004643321,-4.506608775045606e-8,-0.9999756217002869],"p":[204.28848266601562,176.8931121826172,169.4923095703125]},"j":true},{"t":1.9418425559997559,"c":{"r":[-0.9999756217002869,-2.7391328316639374e-8,0.0069812568835914135,-2.78536482767322e-8,1,-6.612578573594874e-8,-0.0069812568835914135,-6.631862703443403e-8,-0.9999756217002869],"p":[204.2872314453125,177.33604431152344,169.66998291015625]},"j":true},{"t":1.9485061168670654,"c":{"r":[-0.9999756217002869,-3.6583635676379345e-8,0.0069812568835914135,-3.7194038071675095e-8,1,-8.730454936767273e-8,-0.0069812568835914135,-8.756207847682163e-8,-0.9999756217002869],"p":[204.2859344482422,177.76876831054688,169.85508728027344]},"j":false},{"t":1.9505534172058105,"c":{"r":[-0.9999756217002869,-3.6583635676379345e-8,0.0069812568835914135,-3.7194038071675095e-8,1,-8.730454936767273e-8,-0.0069812568835914135,-8.756207847682163e-8,-0.9999756217002869],"p":[204.2859344482422,177.76876831054688,169.85508728027344]},"j":true},{"t":2.0146098136901855,"c":{"r":[-0.9999756217002869,-3.216372945757939e-8,0.006981320213526487,-3.2682844874898365e-8,1,-7.42433314826485e-8,-0.006981320213526487,-7.446969618740695e-8,-0.9999756217002869],"p":[204.27310180664062,180.7400665283203,171.6924591064453]},"j":false},{"t":2.0812828540802,"c":{"r":[-0.9997808337211609,1.0232407809951383e-8,0.020936625078320503,1.0132713335053722e-8,1,-4.8678270303526006e-9,-0.020936625078320503,-4.654614915722277e-9,-0.9997808337211609],"p":[204.23883056640625,182.83938598632812,173.824951171875]},"j":false},{"t":2.1480581760406494,"c":{"r":[-0.9997806549072266,5.243874667826276e-8,0.02094239555299282,5.356062970918174e-8,1,5.3009031830697495e-8,-0.02094239555299282,5.411909143049343e-8,-0.9997806549072266],"p":[204.19415283203125,184.0666961669922,175.957763671875]},"j":false},{"t":2.2146925926208496,"c":{"r":[-0.9997807145118713,9.450103988228875e-8,0.020942313596606255,9.684033841494966e-8,1,1.1068819105730654e-7,-0.020942313596606255,1.1269197841556888e-7,-0.9997807145118713],"p":[204.14947509765625,184.4219970703125,178.090576171875]},"j":false},{"t":2.2806012630462646,"c":{"r":[-0.9998989701271057,4.816340393176688e-8,0.014212587848305702,4.900218542047696e-8,1,5.866851182645405e-8,-0.014212587848305702,5.935903502063411e-8,-0.9998989701271057],"p":[204.10479736328125,183.90530395507812,180.223388671875]},"j":false},{"t":2.3473575115203857,"c":{"r":[-0.9999025464057922,-7.590717387984114e-8,0.013962251134216785,-7.738313456684409e-8,1,-1.0517054249703506e-7,-0.013962251134216785,-1.0624073354392749e-7,-0.9999025464057922],"p":[204.074462890625,182.51661682128906,182.3564453125]},"j":false},{"t":2.415083885192871,"c":{"r":[-0.9999769926071167,-4.683715815190226e-8,-0.006786065176129341,-4.6298467282213096e-8,1,-7.953917702252511e-8,0.006786065176129341,-7.92231631407958e-8,-0.9999769926071167],"p":[204.05613708496094,180.25592041015625,184.4896240234375]},"j":false},{"t":2.481231451034546,"c":{"r":[-0.9993908405303955,2.1878173939171575e-8,-0.034898702055215836,2.29400374252009e-8,1,-3.002663007123374e-8,0.034898702055215836,-3.080891630702354e-8,-0.9993908405303955],"p":[204.1115264892578,177.81756591796875,186.62213134765625]},"j":false},{"t":2.483943223953247,"c":{"r":[-0.9993908405303955,2.1878173939171575e-8,-0.034898702055215836,2.29400374252009e-8,1,-3.002663007123374e-8,0.034898702055215836,-3.080891630702354e-8,-0.9993908405303955],"p":[204.1115264892578,177.81756591796875,186.62213134765625]},"j":true},{"t":2.491518259048462,"c":{"r":[-0.9993908405303955,3.427481587436887e-8,-0.03489949554204941,3.4641772117538494e-8,1,-9.909942200181376e-9,0.03489949554204941,-1.1112885722752708e-8,-0.9993908405303955],"p":[204.12083435058594,177.8513641357422,186.88864135742188]},"j":true},{"t":2.50048565864563,"c":{"r":[-0.9993908405303955,4.666619091153734e-8,-0.03489961475133896,4.633850636537318e-8,1,1.0198153432838808e-8,0.03489961475133896,8.574745358203018e-9,-0.9993908405303955],"p":[204.13014221191406,178.2908935546875,187.1551513671875]},"j":true},{"t":2.5093584060668945,"c":{"r":[-0.9993908405303955,5.905227951075176e-8,-0.03489955887198448,5.8030252603202825e-8,1,3.029766304507575e-8,0.03489955887198448,2.82539751594868e-8,-0.9993908405303955],"p":[204.1394500732422,178.71681213378906,187.42166137695312]},"j":true},{"t":2.547802686691284,"c":{"r":[-0.9991230368614197,1.0864718547054508e-7,-0.04187024012207985,1.042006729790046e-7,1,1.0837984376621534e-7,0.04187024012207985,1.0392189153662912e-7,-0.9991230368614197],"p":[204.19287109375,180.64199829101562,188.75390625]},"j":false},{"t":2.6153225898742676,"c":{"r":[-0.9991228580474854,6.838638100248318e-9,-0.04187535122036934,5.363200994423778e-9,1,3.534636761060028e-8,0.04187535122036934,3.5090778283120017e-8,-0.9991228580474854],"p":[204.2822265625,183.01380920410156,190.88525390625]},"j":false},{"t":2.682612657546997,"c":{"r":[-0.9998982548713684,-9.290660329952516e-8,-0.014265102334320545,-9.165864867100026e-8,1,-8.813695018261569e-8,0.014265102334320545,-8.682046370722674e-8,-0.9998982548713684],"p":[204.35086059570312,184.51361083984375,193.0173797607422]},"j":false},{"t":2.7489824295043945,"c":{"r":[-0.9999025464057922,-2.74809988098923e-8,-0.013962014578282833,-2.649595032266916e-8,1,-7.073705177162992e-8,0.013962014578282833,-7.036022253714691e-8,-0.9999025464057922],"p":[204.38119506835938,185.14141845703125,195.1504364013672]},"j":false},{"t":2.8149094581604004,"c":{"r":[-0.9999025464057922,6.097077687172714e-8,-0.013961930759251118,6.132562191396573e-8,1,-2.4987304669821242e-8,0.013961930759251118,-2.584109282111058e-8,-0.9999025464057922],"p":[204.41098022460938,184.89723205566406,197.2834930419922]},"j":false},{"t":2.881139039993286,"c":{"r":[-0.9994000792503357,1.494646539867972e-7,-0.0346328467130661,1.4962800776174845e-7,1,-2.124870501774012e-9,0.0346328467130661,-7.305639648791384e-9,-0.9994000792503357],"p":[204.45828247070312,183.78103637695312,199.416259765625]},"j":false},{"t":2.947709083557129,"c":{"r":[-0.9980523586273193,4.3582829789556854e-8,-0.062381990253925323,4.536299513802078e-8,1,-2.7120236723021662e-8,0.062381990253925323,-2.989725089719286e-8,-0.9980523586273193],"p":[204.5491943359375,181.7928466796875,201.54762268066406]},"j":false},{"t":3.014065742492676,"c":{"r":[-0.9970529079437256,-8.044378319027601e-8,-0.07671724259853363,-7.377822441867465e-8,1,-8.971892384579405e-8,0.07671724259853363,-8.379445404216312e-8,-0.9970529079437256],"p":[204.70367431640625,178.93264770507812,203.67526245117188]},"j":false},{"t":3.080697774887085,"c":{"r":[-0.9970527291297913,-8.466741974189063e-8,-0.07671941071748734,-8.29623161280324e-8,1,-2.5412282056436197e-8,0.07671941071748734,-1.8972563964325673e-8,-0.9970527291297913],"p":[204.86724853515625,175.20045471191406,205.80221557617188]},"j":false},{"t":3.147437334060669,"c":{"r":[-0.9970527291297913,-8.88763835860118e-8,-0.07671941071748734,-9.211497342676012e-8,1,3.867478426400339e-8,0.07671941071748734,4.562780731021121e-8,-0.9970527291297913],"p":[205.03082275390625,170.59625244140625,207.92916870117188]},"j":false},{"t":3.214893102645874,"c":{"r":[-0.9837943315505981,-7.151646741476725e-8,-0.17930050194263458,-5.35689146374807e-8,1,-1.0493933899624608e-7,0.17930050194263458,-9.363380115701148e-8,-0.9837943315505981],"p":[205.2540740966797,165.1200714111328,210.04998779296875]},"j":false},{"t":3.280681848526001,"c":{"r":[-0.9396936297416687,8.245641680559856e-8,-0.34201744198799133,6.871826485621568e-8,1,5.2284772067423546e-8,0.34201744198799133,2.5628821731515927e-8,-0.9396936297416687],"p":[205.7801971435547,161.23609924316406,212.0264434814453]},"j":false},{"t":3.3418197631835938,"c":{"r":[-0.9348254799842834,3.739669551805491e-8,-0.35510751605033875,-3.570762352467227e-9,1,1.1471099270465857e-7,0.35510751605033875,1.0850276055407448e-7,-0.9348254799842834],"p":[206.21176147460938,161.2066650390625,213.21038818359375]},"j":false},{"t":3.4056692123413086,"c":{"r":[-0.9323239922523499,-4.018345478584706e-8,-0.3616241216659546,-2.7342398567498094e-8,1,-4.0626382258324156e-8,0.3616241216659546,-2.798927845049093e-8,-0.9323239922523499],"p":[206.56871032714844,160.01931762695312,214.15072631835938]},"j":false},{"t":3.4730277061462402,"c":{"r":[-0.9135456681251526,-1.4383850555077515e-8,-0.4067361354827881,5.109093592636782e-9,1,-4.683931109639161e-8,0.4067361354827881,-4.4867903170597856e-8,-0.9135456681251526],"p":[206.92588806152344,157.95997619628906,215.09091186523438]},"j":false},{"t":3.5395777225494385,"c":{"r":[-0.8410875201225281,-7.70094530366805e-8,-0.5408990383148193,1.280995132191265e-8,1,-1.6229229515829502e-7,0.5408990383148193,-1.4343092402668844e-7,-0.8410875201225281],"p":[207.42689514160156,155.02862548828125,216.2473602294922]},"j":false},{"t":3.6055917739868164,"c":{"r":[-0.7341700196266174,-1.2656764170060342e-7,-0.67896568775177,9.842367809653751e-9,1,-1.970550300711693e-7,0.67896568775177,-1.5135452713366249e-7,-0.7341700196266174],"p":[208.41465759277344,151.22528076171875,217.7701416015625]},"j":false},{"t":3.672879695892334,"c":{"r":[-0.7048823237419128,-8.444706267596302e-9,-0.709324300289154,-1.8813024471597828e-9,1,-1.0035761555116096e-8,0.709324300289154,-5.7395772579127424e-9,-0.7048823237419128],"p":[209.8564453125,147.02169799804688,219.3176727294922]},"j":false},{"t":3.7390668392181396,"c":{"r":[-0.6946585178375244,1.7835253274256502e-8,-0.7193396687507629,-1.0716153298062636e-8,1,3.514239566015931e-8,0.7193396687507629,3.212051780110414e-8,-0.6946585178375244],"p":[211.25741577148438,147.3983154296875,220.68104553222656]},"j":false},{"t":3.8054823875427246,"c":{"r":[-0.7046342492103577,4.30514610627597e-8,-0.7095707058906555,-1.943307381679915e-8,1,7.997042672513999e-8,0.7095707058906555,7.013903768893215e-8,-0.7046342492103577],"p":[212.78944396972656,147.62765502929688,222.1624298095703]},"j":false},{"t":3.8596396446228027,"c":{"r":[-0.7337300181388855,5.9061385115910525e-8,-0.6794411540031433,-2.4787020436178864e-8,1,1.1369397867611042e-7,0.6794411540031433,1.0026200669699392e-7,-0.7337300181388855],"p":[213.90640258789062,147.62474060058594,223.30348205566406]},"j":true},{"t":3.8676483631134033,"c":{"r":[-0.7384551763534546,6.160714605130124e-8,-0.6743025183677673,-2.553409217398439e-8,1,1.1932763754884945e-7,0.6743025183677673,1.0533581473737286e-7,-0.7384551763534546],"p":[214.0869140625,148.06427001953125,223.49525451660156]},"j":true},{"t":3.872431755065918,"c":{"r":[-0.7429768443107605,6.37197601349726e-8,-0.6693171262741089,-2.623820982705638e-8,1,1.243269167616745e-7,0.6693171262741089,1.0993370125333968e-7,-0.7429768443107605],"p":[214.26690673828125,148.4901885986328,223.6908416748047]},"j":false},{"t":3.8745193481445312,"c":{"r":[-0.7429768443107605,6.37197601349726e-8,-0.6693171262741089,-2.623820982705638e-8,1,1.243269167616745e-7,0.6693171262741089,1.0993370125333968e-7,-0.7429768443107605],"p":[214.26690673828125,148.4901885986328,223.6908416748047]},"j":true},{"t":3.9347102642059326,"c":{"r":[-0.76119464635849,5.842842654146807e-8,-0.6485235095024109,-2.9342931640030656e-8,1,1.245353615786371e-7,0.6485235095024109,1.1382522302483267e-7,-0.76119464635849],"p":[215.5953369140625,151.25022888183594,225.1857452392578]},"j":false},{"t":3.9731504917144775,"c":{"r":[-0.7917348146438599,-2.5655165103444233e-8,-0.6108649373054504,-2.6677554387788405e-8,1,-7.421633974047381e-9,0.6108649373054504,1.0420416529655085e-8,-0.7917348146438599],"p":[216.276611328125,152.4088897705078,226.00637817382812]},"j":true},{"t":3.9999356269836426,"c":{"r":[-0.8243658542633057,-8.328476752694769e-8,-0.5660573840141296,-5.762891941429871e-9,1,-1.387386419082759e-7,0.5660573840141296,-1.1110926578794533e-7,-0.8243658542633057],"p":[216.83865356445312,153.24388122558594,226.7513427734375]},"j":false},{"t":4.064025163650513,"c":{"r":[-0.8626290559768677,-4.957590249432542e-8,-0.5058370232582092,8.262889927834749e-9,1,-1.1209876760176485e-7,0.5058370232582092,-1.0087933333124965e-7,-0.8626290559768677],"p":[217.9558563232422,154.52569580078125,228.56744384765625]},"j":false},{"t":4.130850076675415,"c":{"r":[-0.8693878054618835,3.901792222649192e-9,-0.49413037300109863,3.8733509732935545e-9,1,1.0813906436979437e-9,0.49413037300109863,-9.73792491087977e-10,-0.8693878054618835],"p":[218.9748992919922,154.93544006347656,230.288330078125]},"j":false},{"t":4.198487281799316,"c":{"r":[-0.859123945236206,-7.103323707013942e-9,-0.5117676258087158,1.001350735663209e-8,1,-3.0690038954617194e-8,0.5117676258087158,-3.149113325662256e-8,-0.859123945236206],"p":[220.09742736816406,154.4733123779297,232.2574462890625]},"j":false},{"t":4.2645909786224365,"c":{"r":[-0.660982072353363,0.002145469421520829,-0.7503986358642578,0.0020515210926532745,0.9999973177909851,0.0010520340874791145,0.7503988742828369,-0.0008440827950835228,-0.6609846949577332],"p":[220.93125915527344,155.3635711669922,233.6609344482422]},"j":false},{"t":4.284993886947632,"c":{"r":[-0.4847364127635956,-0.002918760757893324,-0.8746554255485535,-0.0017273667035624385,0.9999956488609314,-0.0023797149769961834,0.8746585845947266,0.0003573161375243217,-0.48473936319351196],"p":[221.26828002929688,156.21290588378906,233.9766082763672]},"j":true},{"t":4.292247772216797,"c":{"r":[-0.43680593371391296,-0.0024547053035348654,-0.8995524048805237,-0.0015598363243043423,0.9999968409538269,-0.001971371239051223,0.899554431438446,0.0005420478410087526,-0.43680837750434875],"p":[221.4801788330078,156.5800018310547,234.11488342285156]},"j":true},{"t":4.3005945682525635,"c":{"r":[-0.26095259189605713,-0.0015506390482187271,-0.9653503894805908,-0.0012966154608875513,0.9999983906745911,-0.0012557940790429711,0.9653507471084595,0.000923985498957336,-0.2609541714191437],"p":[221.69705200195312,157.02293395996094,234.24655151367188]},"j":true},{"t":4.324604034423828,"c":{"r":[0.05709441751241684,0.001058194669894874,-0.9983682036399841,-0.0010026292875409126,0.9999989867210388,0.0010025850497186184,0.9983682632446289,0.0009437511907890439,0.057095419615507126],"p":[222.34767150878906,158.35174560546875,234.64154052734375]},"j":false},{"t":4.386587619781494,"c":{"r":[0.45716622471809387,0.005134228151291609,-0.8893664479255676,-0.0018498230492696166,0.9999866485595703,0.004821952898055315,0.8893793225288391,-0.0005592635716311634,0.45716962218284607],"p":[223.97325134277344,161.6635284423828,235.6217498779297]},"j":false},{"t":4.451161861419678,"c":{"r":[0.5813937187194824,-0.00007197575177997351,-0.8136223554611206,0.00003317244045319967,1,-0.0000647591587039642,0.8136223554611206,0.000010660727639333345,0.5813937187194824],"p":[225.72073364257812,164.63485717773438,236.260009765625]},"j":false},{"t":4.5152907371521,"c":{"r":[0.5936164259910583,0.0000011851190038214554,-0.8047481179237366,-5.771188398284721e-7,1,0.0000010469509561517043,0.8047481179237366,-1.5705194300608127e-7,0.5936164259910583],"p":[227.3596954345703,166.62852478027344,236.2805938720703]},"j":false},{"t":4.580479860305786,"c":{"r":[0.54276442527771,-1.117295695962639e-7,-0.8398849964141846,2.6199282743277763e-8,1,-1.1609866845674333e-7,0.8398849964141846,4.100984440924549e-8,0.54276442527771],"p":[229.09983825683594,167.91033935546875,235.68711853027344]},"j":false},{"t":4.6429970264434814,"c":{"r":[0.36580437421798706,-3.1232488595378527e-7,-0.9306917786598206,1.4613471321922589e-8,1,-3.2983984965540003e-7,0.9306917786598206,1.0705622344175936e-7,0.36580437421798706],"p":[230.83364868164062,168.32009887695312,234.752197265625]},"j":false},{"t":4.7047295570373535,"c":{"r":[-0.02414904721081257,-8.486589990752691e-7,-0.999708354473114,3.5526468877833395e-8,1,-8.497647741023684e-7,0.999708354473114,-5.6037119833263205e-8,-0.02414904721081257],"p":[232.6157989501953,168.0110626220703,234.23251342773438]},"j":false},{"t":4.772576808929443,"c":{"r":[-0.10452263802289963,7.91086023355092e-8,-0.9945225119590759,-1.30992905411631e-9,1,7.968197479613082e-8,0.9945225119590759,9.631324182635126e-9,-0.10452263802289963],"p":[234.86050415039062,166.73826599121094,234.23355102539062]},"j":false},{"t":4.80895209312439,"c":{"r":[-0.11801402270793915,1.2314922059886158e-7,-0.9930119514465332,-7.634041843118666e-9,1,1.249231189603961e-7,0.9930119514465332,2.2323375148403102e-8,-0.11801402270793915],"p":[235.92115783691406,165.79867553710938,234.3463592529297]},"j":true},{"t":4.8395586013793945,"c":{"r":[-0.11171022057533264,1.2842748731145548e-7,-0.9937407970428467,-1.1545052913675136e-8,1,1.3053421810127475e-7,0.9937407970428467,2.6054797430674626e-8,-0.11171022057533264],"p":[236.9804229736328,164.64108276367188,234.47203063964844]},"j":false},{"t":4.905992269515991,"c":{"r":[-0.09063487499952316,3.623104660732679e-8,-0.9958841800689697,-1.3213354854713089e-8,1,3.758332312031598e-8,0.9958841800689697,1.6565330440698744e-8,-0.09063487499952316],"p":[239.10362243652344,161.67189025878906,234.6787109375]},"j":false},{"t":4.973376750946045,"c":{"r":[-0.0069922893308103085,-1.1819156497949734e-7,-0.9999755620956421,-4.726803393140244e-9,1,-1.1816140244036433e-7,0.9999755620956421,3.900468836803839e-9,-0.0069922893308103085],"p":[241.23020935058594,157.83071899414062,234.83364868164062]},"j":false},{"t":5.039894342422485,"c":{"r":[0.3222661018371582,-2.894272199682746e-8,-0.9466491341590881,6.430115107036727e-9,1,-2.8384871342268525e-8,0.9466491341590881,3.060418807265819e-9,0.3222661018371582],"p":[243.2447052001953,158.13430786132812,234.54965209960938]},"j":false},{"t":5.092718839645386,"c":{"r":[0.32226601243019104,3.528853298462309e-8,-0.9466491341590881,6.944708808021005e-9,1,3.9641484761432366e-8,0.9466491341590881,-1.9349306157323554e-8,0.32226601243019104],"p":[244.6894989013672,158.96934509277344,234.0701446533203]},"j":true},{"t":5.100440263748169,"c":{"r":[0.32886698842048645,4.58417979132264e-8,-0.9443762302398682,6.9513124145714755e-9,1,5.0962583486580115e-8,0.9443762302398682,-2.332456539022587e-8,0.32886698842048645],"p":[244.9383087158203,159.40887451171875,233.98545837402344]},"j":true},{"t":5.106183290481567,"c":{"r":[0.32886698842048645,5.6526438640958077e-8,-0.9443762302398682,6.957910247962218e-9,1,6.22788505211247e-8,0.9443762302398682,-2.7052342588262945e-8,0.32886698842048645],"p":[245.18936157226562,159.8347930908203,233.89852905273438]},"j":false},{"t":5.10793399810791,"c":{"r":[0.32886698842048645,5.6526438640958077e-8,-0.9443762302398682,6.957910247962218e-9,1,6.22788505211247e-8,0.9443762302398682,-2.7052342588262945e-8,0.32886698842048645],"p":[245.18936157226562,159.8347930908203,233.89852905273438]},"j":true},{"t":5.1729559898376465,"c":{"r":[0.32886698842048645,1.4183935093114997e-7,-0.9443762302398682,7.01059432728357e-9,1,1.526350388303399e-7,0.9443762302398682,-5.6817267335418364e-8,0.32886698842048645],"p":[247.20388793945312,162.7515869140625,233.19700622558594]},"j":false},{"t":5.239744424819946,"c":{"r":[0.34827733039855957,1.322611797860418e-8,-0.9373915195465088,2.126636200472376e-9,1,1.4899619316111057e-8,0.9373915195465088,-7.182690442419926e-9,0.34827733039855957],"p":[249.21578979492188,164.79640197753906,232.48764038085938]},"j":false},{"t":5.30617880821228,"c":{"r":[0.3485724925994873,-1.1323547965957914e-7,-0.9372818470001221,2.2689060352742985e-10,1,-1.2072824517872505e-7,0.9372818470001221,4.186988888932319e-8,0.3485724925994873],"p":[251.2154998779297,165.96922302246094,231.74447631835938]},"j":false},{"t":5.37271523475647,"c":{"r":[0.3291947543621063,-1.0278696294108158e-7,-0.9442620277404785,-1.1266833022105516e-9,1,-1.092470682806379e-7,0.9442620277404785,3.702744777456246e-8,0.3291947543621063],"p":[253.21719360351562,166.27001953125,231.00682067871094]},"j":false},{"t":5.4400248527526855,"c":{"r":[0.23514248430728912,1.72473910708959e-8,-0.9719609022140503,5.845623540778888e-9,1,1.9159150710379436e-8,0.9719609022140503,-1.0186847809734445e-8,0.23514248430728912],"p":[255.25306701660156,165.25192260742188,230.37167358398438]},"j":false},{"t":5.506157875061035,"c":{"r":[0.1529863029718399,5.5762587436447575e-8,-0.9882283210754395,4.601222958200424e-9,1,5.713913608929033e-8,0.9882283210754395,-1.3288564026936456e-8,0.1529863029718399],"p":[257.3367004394531,164.3603515625,229.91622924804688]},"j":false},{"t":5.572655200958252,"c":{"r":[0.1114690750837326,-8.727104372496797e-9,-0.9937679171562195,-1.3418061328707154e-8,1,-1.028691265503312e-8,0.9937679171562195,1.4481111421105197e-8,0.1114690750837326],"p":[259.4529113769531,164.44505310058594,229.64927673339844]},"j":false},{"t":5.63908839225769,"c":{"r":[0.11146930605173111,-7.334931240166043e-8,-0.9937678575515747,-3.178734786501991e-8,1,-7.737483542769041e-8,0.9937678575515747,4.021416444288661e-8,0.11146930605173111],"p":[261.5730285644531,164.453125,229.41148376464844]},"j":false},{"t":5.706137418746948,"c":{"r":[0.020942898467183113,-6.081162240434423e-8,-0.9997806549072266,-1.942851213243557e-8,1,-6.123194395968312e-8,0.9997806549072266,2.0706625747379803e-8,0.020942898467183113],"p":[263.6972351074219,164.453857421875,229.21719360351562]},"j":false},{"t":5.772549629211426,"c":{"r":[-0.11840387433767319,7.231430743104283e-8,-0.9929655194282532,4.620435589686167e-8,1,6.731707458129677e-8,0.9929655194282532,-3.7908730377012034e-8,-0.11840387433767319],"p":[265.8240966796875,164.45387268066406,229.33181762695312]},"j":false},{"t":5.839969635009766,"c":{"r":[-0.1322561800479889,1.8944565027823046e-8,-0.9912155866622925,-5.074422548823065e-10,1,1.918016501178954e-8,0.9912155866622925,3.039679841165821e-9,-0.1322561800479889],"p":[267.9411315917969,164.45387268066406,229.5943145751953]},"j":false},{"t":5.905766248703003,"c":{"r":[-0.1391727179288864,-3.457670771922494e-8,-0.9902681112289429,-4.7643261780194734e-8,1,-2.8220705772241672e-8,0.9902681112289429,4.3252050829778454e-8,-0.1391727179288864],"p":[270.0472412109375,164.26513671875,229.88409423828125]},"j":false},{"t":5.950966835021973,"c":{"r":[-0.1391727179288864,-6.787757911297376e-8,-0.9902681112289429,-7.70731176658046e-8,1,-5.771275723986946e-8,0.9902681112289429,6.829100840377578e-8,-0.1391727179288864],"p":[271.3354797363281,164.2259521484375,230.0651397705078]},"j":true},{"t":5.957626581192017,"c":{"r":[-0.1322559416294098,-7.405079571753959e-8,-0.9912155866622925,-8.291027597806533e-8,1,-6.364449944840089e-8,0.9912155866622925,7.376459620900278e-8,-0.1322559416294098],"p":[271.5859069824219,164.6654815673828,230.10032653808594]},"j":true},{"t":5.967028379440308,"c":{"r":[-0.1322559416294098,-8.0699585680577e-8,-0.9912155866622925,-8.874494028532354e-8,1,-6.957370146665198e-8,0.9912155866622925,7.876383278926369e-8,-0.1322559416294098],"p":[271.84381103515625,165.09140014648438,230.13555908203125]},"j":true},{"t":5.972499370574951,"c":{"r":[-0.12558133900165558,-8.741515244992115e-8,-0.9920833110809326,-9.452218563410497e-8,1,-7.614776365016951e-8,0.9920833110809326,8.421114472412228e-8,-0.12558133900165558],"p":[272.10711669921875,165.50367736816406,230.1708221435547]},"j":false},{"t":6.039710521697998,"c":{"r":[-0.06295417994260788,-1.5431476185767679e-7,-0.9980164170265198,-4.135126907556241e-9,1,-1.5436062028584274e-7,0.9980164170265198,-5.59072166339547e-9,-0.06295417994260788],"p":[274.2294921875,168.31149291992188,230.37889099121094]},"j":false},{"t":6.049544334411621,"c":{"r":[-0.06284584105014801,-1.3530556941532268e-7,-0.998023271560669,1.2945049476797976e-8,1,-1.3638872076171538e-7,0.998023271560669,-2.149092459546864e-8,-0.06284584105014801],"p":[274.49560546875,168.6011505126953,230.39566040039062]},"j":true},{"t":6.105928421020508,"c":{"r":[-0.06961491703987122,-4.556186983251109e-9,-0.9975739121437073,1.327609595591639e-7,1,-1.3831886747084354e-8,0.9975739121437073,-1.334017838416912e-7,-0.06961491703987122],"p":[276.35833740234375,170.24729919433594,230.51431274414062]},"j":false},{"t":6.17258620262146,"c":{"r":[-0.16555051505565643,-1.0985314702338655e-7,-0.986201286315918,4.5550077487632734e-8,1,-1.1903652819000854e-7,0.986201286315918,-6.46281037575136e-8,-0.16555051505565643],"p":[278.4804992675781,171.3111114501953,230.72608947753906]},"j":false},{"t":6.239082336425781,"c":{"r":[-0.26153889298439026,-1.3762652883997362e-7,-0.9651929140090942,-1.2637666468862108e-9,1,-1.4224721667233098e-7,0.9651929140090942,-3.598340114763232e-8,-0.26153889298439026],"p":[280.5667724609375,171.50291442871094,231.16604614257812]},"j":false},{"t":6.305846452713013,"c":{"r":[-0.3415222764015198,-1.4413004123525752e-7,-0.9398736953735352,1.2187781450734292e-8,1,-1.5777912665271288e-7,0.9398736953735352,-6.534006047331786e-8,-0.3415222764015198],"p":[282.6048889160156,170.82272338867188,231.79335021972656]},"j":false},{"t":6.372690200805664,"c":{"r":[-0.34857097268104553,-6.801200669315222e-8,-0.937282383441925,3.23563820181505e-9,1,-7.376630861699596e-8,0.937282383441925,-2.8745500202376206e-8,-0.34857097268104553],"p":[284.6061096191406,169.27052307128906,232.5323486328125]},"j":false},{"t":6.439375638961792,"c":{"r":[-0.3808879256248474,6.722392242863862e-8,-0.9246212244033813,-5.675831360463235e-9,1,7.504237942157488e-8,0.9246212244033813,3.3830730217232485e-8,-0.3808879256248474],"p":[286.5932312011719,166.84632873535156,233.30824279785156]},"j":false},{"t":6.5057456493377686,"c":{"r":[-0.5358253121376038,-2.971678902952135e-8,-0.8443288803100586,-6.074658998045379e-9,1,-3.134067227961168e-8,0.8443288803100586,-1.1664114119014357e-8,-0.5358253121376038],"p":[288.5154724121094,164.0811004638672,234.2279510498047]},"j":false},{"t":6.573851823806763,"c":{"r":[-0.7477972507476807,-4.1720333854300407e-8,-0.6639271378517151,-8.145494057032465e-9,1,-5.3664251709051314e-8,0.6639271378517151,-3.472196752341006e-8,-0.7477972507476807],"p":[290.17327880859375,164.4077911376953,235.5597686767578]},"j":false},{"t":6.62579345703125,"c":{"r":[-0.7705126404762268,4.4263337883876375e-8,-0.6374247670173645,2.049181802021849e-8,1,4.46705819001636e-8,0.6374247670173645,2.1357255519660612e-8,-0.7705126404762268],"p":[291.20440673828125,164.44644165039062,236.7827911376953]},"j":true},{"t":6.635092258453369,"c":{"r":[-0.7705126404762268,5.8366655508734766e-8,-0.6374247670173645,2.5257568481151793e-8,1,6.103525151957001e-8,0.6374247670173645,3.092863209985808e-8,-0.7705126404762268],"p":[291.3743896484375,164.88597106933594,236.98826599121094]},"j":true},{"t":6.640785217285156,"c":{"r":[-0.7662048935890198,7.229854048773632e-8,-0.6425963044166565,2.9958876268665335e-8,1,7.678834634816667e-8,0.6425963044166565,3.9584143962656526e-8,-0.7662048935890198],"p":[291.54437255859375,165.3118896484375,237.19374084472656]},"j":false},{"t":6.642228126525879,"c":{"r":[-0.7662048935890198,7.229854048773632e-8,-0.6425963044166565,2.9958876268665335e-8,1,7.678834634816667e-8,0.6425963044166565,3.9584143962656526e-8,-0.7662048935890198],"p":[291.54437255859375,165.3118896484375,237.19374084472656]},"j":true},{"t":6.706052303314209,"c":{"r":[-0.6805251836776733,-7.082439879013691e-8,-0.732724666595459,5.922199619590174e-8,1,-1.5166196476457117e-7,0.732724666595459,-1.4660319891390827e-7,-0.6805251836776733],"p":[292.96160888671875,168.2286834716797,238.78652954101562]},"j":false},{"t":6.7737953662872314,"c":{"r":[-0.6428312659263611,-1.1382205400423118e-7,-0.7660078406333923,-3.5985578961117426e-8,1,-1.1839226488064014e-7,0.7660078406333923,-4.854101476325923e-8,-0.6428312659263611],"p":[294.5700378417969,170.27349853515625,240.18734741210938]},"j":false},{"t":6.839368581771851,"c":{"r":[-0.6480118036270142,7.383131439553381e-9,-0.7616302967071533,-6.309288380634825e-8,1,6.337466373906864e-8,0.7616302967071533,8.912098792279721e-8,-0.6480118036270142],"p":[296.20343017578125,171.44631958007812,241.5597381591797]},"j":false},{"t":6.907718658447266,"c":{"r":[-0.6841999888420105,4.277231013816163e-8,-0.7292944192886353,-8.104333204528302e-8,1,1.3468107340486313e-7,0.7292944192886353,1.5125324637210724e-7,-0.6841999888420105],"p":[297.80572509765625,171.7471160888672,242.96786499023438]},"j":false},{"t":6.973749399185181,"c":{"r":[-0.6995256543159485,-6.288207998750295e-8,-0.7146074771881104,-8.787956318201395e-8,1,-1.9704153864097407e-9,0.7146074771881104,6.142104069795096e-8,-0.6995256543159485],"p":[299.35211181640625,171.17591857910156,244.43740844726562]},"j":false},{"t":7.04018759727478,"c":{"r":[-0.723960280418396,-1.0572203734682262e-7,-0.6898416876792908,-2.8925354556008642e-8,1,-1.228995500923702e-7,0.6898416876792908,-6.902047289258917e-8,-0.723960280418396],"p":[300.8541564941406,169.73272705078125,245.95208740234375]},"j":false},{"t":7.1069676876068115,"c":{"r":[-0.7384420037269592,-2.2008645572668684e-8,-0.6743170022964478,4.874810599631019e-8,1,-8.602228973586534e-8,0.6743170022964478,-9.639414599860174e-8,-0.7384420037269592],"p":[302.3065490722656,167.41754150390625,247.5145263671875]},"j":false},{"t":7.173656225204468,"c":{"r":[-0.7384548783302307,9.527861521974046e-8,-0.674302875995636,8.852124722125154e-8,1,4.435643319311566e-8,0.674302875995636,-2.6934905861253355e-8,-0.7384548783302307],"p":[303.7450256347656,164.23033142089844,249.0899658203125]},"j":false},{"t":7.239283800125122,"c":{"r":[-0.7384548783302307,-4.5726530895073836e-10,-0.674302875995636,-3.167061990438924e-8,1,3.400557702093465e-8,0.674302875995636,4.6467178549391974e-8,-0.7384548783302307],"p":[305.1488952636719,164.23745727539062,250.62741088867188]},"j":false},{"t":7.305887460708618,"c":{"r":[-0.7384548783302307,-4.7676373071681155e-8,-0.674302875995636,-4.67337173404303e-8,1,-1.952480488398578e-8,0.674302875995636,1.7094491155944525e-8,-0.7384548783302307],"p":[306.5802917480469,164.33387756347656,252.19496154785156]},"j":false},{"t":7.3736677169799805,"c":{"r":[-0.829037070274353,4.249170793002577e-9,-0.5591936707496643,5.714975515047627e-8,1,-7.712908001167307e-8,0.5591936707496643,-9.590064564690692e-8,-0.829037070274353],"p":[307.94110107421875,164.12998962402344,253.82366943359375]},"j":false},{"t":7.440210342407227,"c":{"r":[-0.8957116603851318,1.4078821664043062e-8,-0.4446353316307068,8.411877416847346e-9,1,1.471813959597057e-8,0.4446353316307068,9.442992165986652e-9,-0.8957116603851318],"p":[309.01483154296875,164.1482696533203,255.6614227294922]},"j":false},{"t":7.458415508270264,"c":{"r":[-0.901832103729248,9.679126833361806e-9,-0.43208667635917664,-1.4232497846933256e-8,1,5.2106329917478433e-8,0.43208667635917664,5.3140833955467315e-8,-0.901832103729248],"p":[309.2487487792969,164.17962646484375,256.13409423828125]},"j":true},{"t":7.46625828742981,"c":{"r":[-0.9018325805664062,7.623077280527468e-9,-0.4320855736732483,-2.5482183474423437e-8,1,7.082795860924307e-8,0.4320855736732483,7.48854489529549e-8,-0.9018325805664062],"p":[309.3645935058594,164.61915588378906,256.37091064453125]},"j":true},{"t":7.476259231567383,"c":{"r":[-0.9018325805664062,5.567969196818012e-9,-0.43208563327789307,-3.67270622803062e-8,1,8.954157948437569e-8,0.43208563327789307,9.662075228789035e-8,-0.9018325805664062