{"d":[{"t":0.06524372100830078,"c":{"r":[-0.4011491537094116,0.000012581894225149881,0.9160127639770508,3.078581585214124e-7,1,-0.000013600680176750757,-0.9160127639770508,-0.000005173898898647167,-0.4011491537094116],"p":[281.9901123046875,211.89523315429688,260.5791015625]},"j":false},{"t":0.13116025924682618,"c":{"r":[-0.3045330345630646,0.0000051645879466377668,0.9525017738342285,2.0175500026198279e-7,1,-0.000005357624559110263,-0.9525017738342285,-0.0000014394016716323677,-0.3045330345630646],"p":[280.17413330078127,211.89523315429688,260.8863525390625]},"j":false},{"t":0.19879531860351563,"c":{"r":[-0.24138067662715913,0.0000015186652717602556,0.9704304933547974,6.770930838229106e-8,1,-0.000001548097998238518,-0.9704304933547974,-3.0797374961366588e-7,-0.24138067662715913],"p":[277.9392395019531,211.89523315429688,261.26422119140627]},"j":false},{"t":0.2647361755371094,"c":{"r":[-0.3001692593097687,0.00003555051807779819,0.9538859724998474,0.0000033863830140035135,1,-0.00003620352072175592,-0.9538859724998474,-0.000007636960617674049,-0.3001692593097687],"p":[275.90423583984377,211.89523315429688,261.7289123535156]},"j":false},{"t":0.3312649726867676,"c":{"r":[-0.5563415884971619,0.00003171808202750981,0.8309537172317505,0.000003455631258475478,1,-0.000035857079637935388,-0.8309537172317505,-0.000017077314623747953,-0.5563415884971619],"p":[274.5735778808594,211.89523315429688,263.3167419433594]},"j":false},{"t":0.3977382183074951,"c":{"r":[-0.6765732765197754,0.000009358172974316404,0.7363753318786621,9.132800187217072e-7,1,-0.000011869316949741915,-0.7363753318786621,-0.00000735794583306415,-0.6765732765197754],"p":[273.4150390625,211.89523315429688,264.9469909667969]},"j":false},{"t":0.4647409915924072,"c":{"r":[-0.8433314561843872,0.00007226568413898349,0.5373937487602234,0.00001538961623737123,1,-0.0001103234535548836,-0.5373937487602234,-0.0000847689516376704,-0.8433314561843872],"p":[272.4035949707031,211.89523315429688,266.8637390136719]},"j":false},{"t":0.5309994220733643,"c":{"r":[-0.9706843495368958,0.000015020665159681812,0.24035772681236268,0.000004361301762401126,1,-0.00004487984551815316,-0.24035772681236268,-0.00004251589416526258,-0.9706843495368958],"p":[272.7080078125,211.89523315429688,268.95556640625]},"j":false},{"t":0.5340054035186768,"c":{"r":[-0.9706843495368958,0.000015020665159681812,0.24035772681236268,0.000004361301762401126,1,-0.00004487984551815316,-0.24035772681236268,-0.00004251589416526258,-0.9706843495368958],"p":[272.7080078125,211.89523315429688,268.95556640625]},"j":true},{"t":0.5416083335876465,"c":{"r":[-0.9776298403739929,0.000016191084796446377,0.2103329598903656,0.000004559722128760768,1,-0.00005578472337219864,-0.2103329598903656,-0.00005357774716685526,-0.9776297807693481],"p":[272.7524719238281,212.33816528320313,269.2184753417969]},"j":true},{"t":0.5975110530853272,"c":{"r":[-0.9999940395355225,0.00014123076107352972,-0.00344538944773376,0.00014386611292138696,0.9999997019767761,-0.0007646546582691371,0.00344528048299253,-0.0007651457563042641,-0.9999938011169434],"p":[273.0638122558594,215.43869018554688,271.0585021972656]},"j":false},{"t":0.6067173480987549,"c":{"r":[-0.9998922348022461,0.00013617424701806158,-0.014681600965559483,0.0001472185831516981,0.9999997019767761,-0.0007511793519370258,0.014681494794785977,-0.0007532598101533949,-0.9998919367790222],"p":[273.0860290527344,215.65675354003907,271.19000244140627]},"j":true},{"t":0.6648709774017334,"c":{"r":[-0.9964033961296082,-0.0000018937533923235606,-0.0847364068031311,-0.0000025815734261414038,1,0.000008007600627024658,0.0847364068031311,0.000008197553142963443,-0.9964033961296082],"p":[273.4194030761719,218.51901245117188,273.16278076171877]},"j":false},{"t":0.7311234474182129,"c":{"r":[-0.9928411245346069,-3.076047505601309e-8,-0.11944255977869034,1.0331467592550325e-7,1,-0.000001116315047511307,0.11944255977869034,-0.0000011206636827409966,-0.9928411245346069],"p":[273.75299072265627,220.61483764648438,275.1348571777344]},"j":false},{"t":0.7977519035339356,"c":{"r":[-0.989954948425293,-2.3710247987196454e-8,-0.14138299226760865,1.5306614642440765e-8,1,-2.7487823217597909e-7,0.14138299226760865,-2.7428117732597459e-7,-0.989954948425293],"p":[274.1311340332031,222.06362915039063,277.369873046875]},"j":false},{"t":0.8657162189483643,"c":{"r":[-0.9882795810699463,-1.862511567196634e-8,-0.15265457332134248,1.0448427900655588e-8,1,-1.8965094739087363e-7,0.15265457332134248,-1.8902315446212015e-7,-0.9882795810699463],"p":[274.487060546875,222.5279541015625,279.473388671875]},"j":false},{"t":0.9095520973205566,"c":{"r":[-0.9876033067703247,-1.224047796455352e-8,-0.15697023272514344,5.742854192192226e-9,1,-1.1411169964503643e-7,0.15697023272514344,-1.1359855278669784e-7,-0.9876033067703247],"p":[274.7093200683594,222.5226593017578,280.7871398925781]},"j":true},{"t":0.9318547248840332,"c":{"r":[-0.9873429536819458,-1.3183094615953906e-8,-0.1585998833179474,5.53314549733841e-9,1,-1.1756759477066226e-7,0.1585998833179474,-1.1695708934666982e-7,-0.9873429536819458],"p":[274.820556640625,222.44639587402345,281.4444274902344]},"j":false},{"t":0.9335339069366455,"c":{"r":[-0.9873429536819458,-1.3183094615953906e-8,-0.1585998833179474,5.53314549733841e-9,1,-1.1756759477066226e-7,0.1585998833179474,-1.1695708934666982e-7,-0.9873429536819458],"p":[274.820556640625,222.44639587402345,281.4444274902344]},"j":true},{"t":0.9409289360046387,"c":{"r":[-0.9872452020645142,-1.5383564644366744e-8,-0.15920715034008027,6.3622191959211708e-9,1,-1.360782846404618e-7,0.15920715034008027,-1.3535554899135605e-7,-0.9872452020645142],"p":[274.8650207519531,222.88592529296876,281.7073669433594]},"j":true},{"t":0.9506063461303711,"c":{"r":[-0.9871135950088501,-1.6124189983202087e-8,-0.16002123057842256,6.718926748305876e-9,1,-1.4220945843135269e-7,0.16002123057842256,-1.4145206250759657e-7,-0.9871135950088501],"p":[274.9317626953125,223.51968383789063,282.1017761230469]},"j":true},{"t":0.9978764057159424,"c":{"r":[-0.986747145652771,-1.611144284652255e-8,-0.162265345454216,7.383820221917858e-9,1,-1.4419225635720068e-7,0.162265345454216,-1.4347943988468615e-7,-0.986747145652771],"p":[275.1764831542969,225.58119201660157,283.5479431152344]},"j":false},{"t":1.0643327236175538,"c":{"r":[-0.9864010214805603,-7.942864144183659e-9,-0.16435641050338746,4.628320393607055e-9,1,-7.610438501615136e-8,0.16435641050338746,-7.583013683643003e-8,-0.9864010214805603],"p":[275.5546875,227.9564666748047,285.7829284667969]},"j":false},{"t":1.1319804191589356,"c":{"r":[-0.9862301349639893,-6.97351376643951e-9,-0.16537857055664063,4.956432153591095e-9,1,-7.172450722237045e-8,0.16537857055664063,-7.155656334134619e-8,-0.9862301349639893],"p":[275.8883972167969,229.2348175048828,287.7550048828125]},"j":false},{"t":1.197465181350708,"c":{"r":[-0.9861264228820801,-7.923416589505905e-9,-0.16599589586257935,6.206165803490649e-9,1,-8.460136768917437e-8,0.16599589586257935,-8.445784516197819e-8,-0.9861264228820801],"p":[276.2443542480469,229.7536163330078,289.8585205078125]},"j":false},{"t":1.264631986618042,"c":{"r":[-0.9860708117485046,-9.63605284454161e-9,-0.16632618010044099,7.847295258045506e-9,1,-1.0445764786481959e-7,0.16632618010044099,-1.0430784413983929e-7,-0.9860708117485046],"p":[276.6200256347656,229.69601440429688,292.07879638671877]},"j":false},{"t":1.3312938213348389,"c":{"r":[-0.9860504269599915,-1.1376370068205688e-8,-0.16644695401191712,9.43745970261034e-9,1,-1.242568998804927e-7,0.16644695401191712,-1.2409439875682438e-7,-0.9860504269599915],"p":[276.9468078613281,232.38209533691407,294.0103454589844]},"j":false},{"t":1.3511674404144288,"c":{"r":[-0.9860429763793945,-1.182573416969035e-8,-0.1664908081293106,9.842596959686034e-9,1,-1.293222027243246e-7,0.1664908081293106,-1.2915594993501146e-7,-0.9860429763793945],"p":[277.0357360839844,232.76812744140626,294.53594970703127]},"j":true},{"t":1.357764482498169,"c":{"r":[-0.986041247844696,-1.1938845467796e-8,-0.1665012389421463,9.944191248223433e-9,1,-1.3059499792689167e-7,0.1665012389421463,-1.3042777879945789e-7,-0.986041247844696],"p":[277.0579528808594,232.98959350585938,294.6672668457031]},"j":true},{"t":1.3741323947906495,"c":{"r":[-0.9860343933105469,-1.2393742032656974e-8,-0.16654187440872193,1.0352298573934604e-8,1,-1.3571040824444936e-7,0.16654187440872193,-1.3553921007769532e-7,-0.9860343933105469],"p":[277.1468200683594,233.84141540527345,295.192626953125]},"j":true},{"t":1.3982090950012208,"c":{"r":[-0.9860265851020813,-1.3081671745851509e-8,-0.16658808290958405,1.0966047625515785e-8,1,-1.4343454779464083e-7,0.16658808290958405,-1.432570968518121e-7,-0.9860265851020813],"p":[277.2803039550781,235.0169677734375,295.9814147949219]},"j":false},{"t":1.4641356468200684,"c":{"r":[-0.9596192240715027,-0.000010675992598407902,-0.28130224347114565,0.000006569536708411761,1,-0.00006036299600964412,0.28130224347114565,-0.000059773516113637018,-0.9596192240715027],"p":[277.7022399902344,237.68177795410157,298.18878173828127]},"j":false},{"t":1.5305023193359376,"c":{"r":[-0.8446710705757141,-0.000026704810807132163,-0.5352856516838074,0.000009153531209449284,1,-0.00006433300586650148,0.5352856516838074,-0.000059239981055725369,-0.8446710705757141],"p":[278.4767150878906,239.21559143066407,299.8842468261719]},"j":false},{"t":1.5984797477722169,"c":{"r":[-0.7353322505950928,-0.000011135498425574042,-0.677706778049469,0.0000017115851278504124,1,-0.000018288266801391729,0.677706778049469,-0.000014607905541197397,-0.7353322505950928],"p":[279.9269714355469,240.02740478515626,301.44683837890627]},"j":false},{"t":1.664388656616211,"c":{"r":[-0.6698855757713318,-0.0000012303100902499864,-0.7424643635749817,-9.470121398180709e-8,1,-0.0000015716190091552563,0.7424643635749817,-9.82492565526627e-7,-0.6698855757713318],"p":[281.6396789550781,240.0647735595703,302.67510986328127]},"j":false},{"t":1.730827808380127,"c":{"r":[-0.790762186050415,-0.000039268259570235389,-0.6121235489845276,-0.0000011489114513096866,1,-0.0000626666733296588,0.6121235489845276,-0.00004885115777142346,-0.790762186050415],"p":[282.7828674316406,239.15074157714845,304.1307678222656]},"j":false},{"t":1.7680134773254395,"c":{"r":[-0.8673131465911865,-0.000016951316865743139,-0.4977629482746124,2.461354711158492e-7,1,-0.00003448387360549532,0.4977629482746124,-0.00003003083293151576,-0.8673131465911865],"p":[282.9866943359375,239.1658477783203,305.3116149902344]},"j":true},{"t":1.7753469944000245,"c":{"r":[-0.8801668882369995,-0.000018647990145836958,-0.4746643602848053,0.0000011451260206740699,1,-0.00004141008685110137,0.4746643602848053,-0.000036991335946368056,-0.8801668882369995],"p":[283.03118896484377,239.60877990722657,305.5745544433594]},"j":true},{"t":1.7918224334716797,"c":{"r":[-0.9017864465713501,-0.000022251677364693024,-0.4321819543838501,0.0000010505995078347042,1,-0.00005367899575503543,0.4321819543838501,-0.00004886104215984233,-0.9017864465713501],"p":[283.1202087402344,240.46060180664063,306.1003723144531]},"j":true},{"t":1.7984156608581544,"c":{"r":[-0.9167745113372803,-0.0038904251996427776,-0.39938628673553469,0.012591404840350151,0.9991739988327026,-0.03863600641489029,0.3992066979408264,-0.040449339896440509,-0.9159682393074036],"p":[283.1368713378906,240.62228393554688,306.06243896484377]},"j":false},{"t":1.8250401020050049,"c":{"r":[-0.9465959072113037,-0.0024497860576957466,-0.3224130868911743,0.006247557234019041,0.9996440410614014,-0.025938235223293306,0.32236185669898989,-0.02656732127070427,-0.9462436437606812],"p":[283.26611328125,241.59722900390626,306.1961975097656]},"j":true},{"t":1.8324253559112549,"c":{"r":[-0.9475455284118652,-0.0014535124646499754,-0.3196175694465637,0.0035684392787516119,0.9998792409896851,-0.015126188285648823,0.3196009695529938,-0.015473287552595139,-0.947425901889801],"p":[283.23944091796877,241.814208984375,306.1022033691406]},"j":true},{"t":1.8489129543304444,"c":{"r":[-0.9527949094772339,0.0020187399350106718,-0.3036080002784729,-0.005251717288047075,0.9997187256813049,0.0231284461915493,0.3035692870616913,0.023631129413843156,-0.9525162577629089],"p":[283.106201171875,242.84677124023438,305.62481689453127]},"j":true},{"t":1.8647136688232422,"c":{"r":[-0.958078920841217,0.0010990379378199578,-0.28650230169296267,-0.002573831006884575,0.9999192953109741,0.01244276948273182,0.28649285435676577,0.012658563442528248,-0.9579987525939941],"p":[283.00439453125,243.6116943359375,305.24285888671877]},"j":false},{"t":1.9310870170593262,"c":{"r":[-0.971587061882019,-0.00001753026299411431,-0.23668235540390016,0.000035186258173780519,1,-0.00021850709163118154,0.23668235540390016,-0.00022062663629185408,-0.971587061882019],"p":[282.69781494140627,245.99424743652345,304.18206787109377]},"j":false},{"t":1.998253345489502,"c":{"r":[-0.9788855314254761,7.774285393225e-8,-0.20440910756587983,-2.6132295261049878e-7,1,0.000001631767531762307,0.20440910756587983,0.0000016507303826074349,-0.9788855314254761],"p":[282.4912109375,247.76791381835938,303.65380859375]},"j":false},{"t":2.0639283657073976,"c":{"r":[-0.9820626974105835,-3.464012365839153e-8,-0.188554584980011,1.5336441450131134e-8,1,-2.635919429394562e-7,0.188554584980011,-2.6175558787144839e-7,-0.9820626974105835],"p":[282.4322509765625,248.51541137695313,303.77044677734377]},"j":false},{"t":2.1311495304107668,"c":{"r":[-0.9626719355583191,-0.000007546875622210791,-0.27067098021507265,0.000004130413799430244,1,-0.00004257238106220029,0.27067098021507265,-0.00004210121915093623,-0.9626719355583191],"p":[282.5249328613281,248.46800231933595,304.4699401855469]},"j":false},{"t":2.1973655223846437,"c":{"r":[-0.8328902125358582,-0.00002543892878748011,-0.5534382462501526,0.000007950753570185043,1,-0.00005793064701720141,0.5534382462501526,-0.00005265012077870779,-0.8328902125358582],"p":[283.1878662109375,247.46217346191407,305.4887390136719]},"j":false},{"t":2.2647416591644289,"c":{"r":[-0.7324983477592468,-0.000009221365871781018,-0.6807687878608704,0.0000012097658554921509,1,-0.000014847210877633188,0.6807687878608704,-0.000011699128663167358,-0.7324983477592468],"p":[284.4648132324219,245.93907165527345,306.6099853515625]},"j":false},{"t":2.291706085205078,"c":{"r":[-0.7046191096305847,-0.000002459040842950344,-0.7095857262611389,-3.3312701930299229e-7,1,-0.0000031346644391305746,0.7095857262611389,-0.0000019723622699530098,-0.7046191096305847],"p":[285.1153564453125,246.6643524169922,307.072998046875]},"j":true},{"t":2.3160250186920168,"c":{"r":[-0.6769954562187195,-0.000005075773060525535,-0.7359871864318848,5.284465487420675e-7,1,-0.000007382640433206689,0.7359871864318848,-0.000005386943939811317,-0.6769954562187195],"p":[285.6610412597656,247.0833740234375,307.4493713378906]},"j":true},{"t":2.325308084487915,"c":{"r":[-0.6410084366798401,-0.00003780163388000801,-0.7675338387489319,0.0000051888641792174898,1,-0.00005358427370083518,0.7675338387489319,-0.000038330599636537957,-0.6410084366798401],"p":[285.9937438964844,247.74777221679688,307.6518249511719]},"j":true},{"t":2.3310444355010988,"c":{"r":[-0.6245219707489014,-0.00004895086385658942,-0.7810072302818298,0.0000075531715992838148,1,-0.00006871637742733583,0.7810072302818298,-0.00004881396671407856,-0.6245219707489014],"p":[286.10516357421877,247.96583557128907,307.7168884277344]},"j":false},{"t":2.3326516151428224,"c":{"r":[-0.6245219707489014,-0.00004895086385658942,-0.7810072302818298,0.0000075531715992838148,1,-0.00006871637742733583,0.7810072302818298,-0.00004881396671407856,-0.6245219707489014],"p":[286.10516357421877,247.96583557128907,307.7168884277344]},"j":true},{"t":2.366431713104248,"c":{"r":[-0.543289303779602,-0.0034392224624753,-0.8395385146141052,-0.00008743283979129046,0.9999918341636658,-0.004039949271827936,0.8395455479621887,-0.0021214578300714494,-0.5432851314544678],"p":[287.07183837890627,249.627197265625,307.6391906738281]},"j":true},{"t":2.3974852561950685,"c":{"r":[-0.40027761459350588,-0.0002452940971124917,-0.9163938760757446,0.00006192912405822426,0.9999999403953552,-0.00029472363530658185,0.9163939356803894,-0.00017472273611929268,-0.40027758479118349],"p":[287.939453125,250.69581604003907,307.47784423828127]},"j":false},{"t":2.4662935733795168,"c":{"r":[0.0735306441783905,-0.009605850093066693,-0.9972466826438904,0.004803001880645752,0.9999454021453857,-0.009277703240513802,0.9972813725471497,-0.0041075823828577999,0.07357276976108551],"p":[289.1818542480469,252.3681182861328,307.23602294921877]},"j":false},{"t":2.531794309616089,"c":{"r":[0.11841180920600891,0.00013323230086825788,-0.9929645657539368,-0.00006830007623648271,1,0.00012603144568856806,0.9929645657539368,0.00005289594628266059,0.1184118241071701],"p":[289.2375183105469,252.65313720703126,307.1942138671875]},"j":false},{"t":2.597541332244873,"c":{"r":[0.09234195947647095,-0.0015809314791113139,-0.9957261085510254,-0.000004120235189475352,0.9999987483024597,-0.001588097307831049,0.9957273602485657,0.00015075063856784254,0.0923418328166008],"p":[289.2292785644531,252.18991088867188,306.9284973144531]},"j":false},{"t":2.664733648300171,"c":{"r":[0.4282388389110565,-0.02185055986046791,-0.9034013748168945,0.003915826324373484,0.9997431039810181,-0.022324558347463609,0.903657078742981,0.006022680085152388,0.4282144010066986],"p":[289.01898193359377,251.7735595703125,306.2108459472656]},"j":false},{"t":2.7306387424468996,"c":{"r":[0.46603628993034365,-0.026737287640571595,-0.8843615055084229,0.004801790229976177,0.9996050000190735,-0.02769107185304165,0.8847525715827942,0.008658526465296746,0.465980589389801],"p":[288.8401184082031,252.3682861328125,304.900634765625]},"j":false},{"t":2.7669687271118166,"c":{"r":[0.7077034711837769,0.0018010709900408984,-0.7065073251724243,-0.0006824304000474513,0.9999980330467224,0.0018656693864613772,0.7065092921257019,-0.0008381986408494413,0.7077032923698425],"p":[288.57421875,252.50775146484376,303.859375]},"j":true},{"t":2.7752058506011965,"c":{"r":[0.7558748126029968,0.0023481794632971288,-0.6547119617462158,-0.0012953628320246935,0.9999969601631165,0.0020910571329295637,0.6547148823738098,-0.0007324879406951368,0.7558755874633789],"p":[288.5277099609375,252.95068359375,303.5971984863281]},"j":true},{"t":2.7985901832580568,"c":{"r":[0.8931763768196106,0.0036381708923727276,-0.4496918022632599,-0.0034056820441037418,0.9999933242797852,0.0013259564293548465,0.44969362020492556,0.00034719437826424837,0.8931828141212463],"p":[288.3644714355469,254.50094604492188,302.6800842285156]},"j":false},{"t":2.833235740661621,"c":{"r":[0.9758384227752686,0.003863818245008588,-0.21845917403697968,-0.004283744841814041,0.9999897480010986,-0.00144861894659698,0.2184513360261917,0.0023494414053857328,0.9758450388908386],"p":[288.1988525390625,256.0478820800781,301.7655944824219]},"j":true},{"t":2.865147590637207,"c":{"r":[0.9967055916786194,0.00012845407763961703,0.08110470324754715,-0.0000940499157877639,0.9999998807907105,-0.0004280144639778882,-0.08110474795103073,0.0004189765313640237,0.9967054724693298],"p":[287.90692138671877,257.8572082519531,300.6925354003906]},"j":false},{"t":2.8671412467956545,"c":{"r":[0.9967055916786194,0.00012845407763961703,0.08110470324754715,-0.0000940499157877639,0.9999998807907105,-0.0004280144639778882,-0.08110474795103073,0.0004189765313640237,0.9967054724693298],"p":[287.90692138671877,257.8572082519531,300.6925354003906]},"j":true},{"t":2.9320478439331056,"c":{"r":[0.8171964287757874,0.00009585763473296538,0.576359212398529,0.000050643491704249757,1,-0.00023812113795429468,-0.576359212398529,0.00022378058929461986,0.8171964287757874],"p":[287.1080017089844,260.392578125,299.19329833984377]},"j":false},{"t":2.9977829456329347,"c":{"r":[0.44106706976890566,0.0001937380147865042,0.8974741101264954,0.000050810947868740189,0.9999999403953552,-0.0002408415311947465,-0.8974741697311401,0.00015182877541519701,0.44106703996658327],"p":[286.13970947265627,261.9775085449219,298.3000183105469]},"j":false},{"t":3.064044237136841,"c":{"r":[-0.10488242655992508,0.00023896257334854454,0.9944846034049988,0.00004923063170281239,1,-0.00023509578022640198,-0.9944846034049988,0.00002430168751743622,-0.10488243401050568],"p":[284.98974609375,262.8472595214844,297.9603271484375]},"j":false},{"t":3.1310484409332277,"c":{"r":[-0.46116867661476138,0.00008989784691948444,0.8873124718666077,0.000014391809600056149,1,-0.00009383480210090056,-0.8873124718666077,-0.00003050364102819003,-0.46116867661476138],"p":[283.8579406738281,262.7666015625,298.294921875]},"j":false},{"t":3.198855400085449,"c":{"r":[-0.6357923746109009,0.00002468819366185926,0.7718601226806641,0.000003128656999251689,1,-0.000029408200134639629,-0.7718601226806641,-0.000016282623619190418,-0.6357923746109009],"p":[282.6790771484375,261.8139343261719,299.2638854980469]},"j":false},{"t":3.218202829360962,"c":{"r":[-0.656798779964447,0.000013900466001359746,0.7540658712387085,0.000001212210804624192,1,-0.00001737817183311563,-0.7540658712387085,-0.000010499872587388382,-0.656798779964447],"p":[282.4508972167969,261.5990905761719,299.55133056640627]},"j":true},{"t":3.257571220397949,"c":{"r":[-0.7096510529518127,0.000004698592420027126,0.7045533061027527,3.750151051917783e-7,1,-0.000006291166755545419,-0.7045533061027527,-0.0000042003152884717569,-0.7096510529518127],"p":[281.6797180175781,261.3647766113281,300.6340637207031]},"j":true},{"t":3.2642056941986086,"c":{"r":[-0.7181851863861084,0.000007234937584144063,0.6958520412445068,8.627658871773747e-7,1,-0.000009506779861112591,-0.6958520412445068,-0.000006227271569514414,-0.7181851863861084],"p":[281.52532958984377,261.8043212890625,300.85125732421877]},"j":false},{"t":3.267271041870117,"c":{"r":[-0.7181851863861084,0.000007234937584144063,0.6958520412445068,8.627658871773747e-7,1,-0.000009506779861112591,-0.6958520412445068,-0.000006227271569514414,-0.7181851863861084],"p":[281.52532958984377,261.8043212890625,300.85125732421877]},"j":true},{"t":3.2740681171417238,"c":{"r":[-0.7449353337287903,0.000016862315533217044,0.6671366691589356,0.000002217582505181781,1,-0.000022799466023570859,-0.6671366691589356,-0.000015504698239965366,-0.7449353337287903],"p":[281.378173828125,262.230224609375,301.07012939453127]},"j":true},{"t":3.2992148399353029,"c":{"r":[-0.8432568311691284,0.00008596570114605129,0.537510871887207,0.000019264798538642937,1,-0.00012970999523531646,-0.537510871887207,-0.00009902379679260775,-0.8432568311691284],"p":[280.9945983886719,263.4262390136719,301.73992919921877]},"j":true},{"t":3.330447196960449,"c":{"r":[-0.946938157081604,0.00009912315726978704,0.3214157223701477,0.00003759682658710517,1,-0.00019762967713177204,-0.3214157223701477,-0.00017505888536106795,-0.946938157081604],"p":[280.61846923828127,264.83013916015627,302.6409606933594]},"j":false},{"t":3.398188591003418,"c":{"r":[-0.9767003655433655,-0.0000029575521693914199,-0.21460740268230439,0.00004286276816856116,1,-0.00020885409321635962,0.21460740268230439,-0.0002131865476258099,-0.9767003655433655],"p":[280.3333435058594,267.0895690917969,304.4412841796875]},"j":false},{"t":3.4639174938201906,"c":{"r":[-0.8641647696495056,-0.000029263803298817949,-0.5032089948654175,0.000010862424460356124,1,-0.00007680850103497505,0.5032089948654175,-0.00007184127025539055,-0.8641647696495056],"p":[280.6632995605469,268.2657165527344,305.8974914550781]},"j":false},{"t":3.5315496921539308,"c":{"r":[-0.7484750747680664,-0.00001305333171330858,-0.6631629467010498,0.000002184780441893963,1,-0.00002214928827015683,0.6631629467010498,-0.000018027054466074334,-0.7484750747680664],"p":[281.69610595703127,268.67218017578127,307.3971862792969]},"j":false},{"t":3.598634958267212,"c":{"r":[-0.8011972904205322,-0.00034134156885556877,-0.5984001755714417,-0.00019942810467910022,0.9999999403953552,-0.0003034094988834113,0.5984002351760864,-0.00012375305232126266,-0.8011972904205322],"p":[283.1090393066406,268.1862487792969,307.8904113769531]},"j":false},{"t":3.664966344833374,"c":{"r":[-0.7408788204193115,-0.000008613147656433285,-0.6716387271881104,0.000028555552489706316,1,-0.000044323463953332978,0.6716387271881104,-0.000052017330745002258,-0.7408788204193115],"p":[284.7342529296875,266.8768310546875,307.87322998046877]},"j":false},{"t":3.692517042160034,"c":{"r":[-0.6774526834487915,-0.05924276262521744,-0.7331767082214356,-0.04350263625383377,0.9982335567474365,-0.040463823825120929,0.7342787981033325,0.004482795484364033,-0.6788332462310791],"p":[285.15301513671877,266.61126708984377,307.8253173828125]},"j":true},{"t":3.700737237930298,"c":{"r":[-0.641810417175293,-0.04290220886468887,-0.7656623125076294,-0.027881218120455743,0.999079167842865,-0.032610002905130389,0.766356348991394,0.0004181598487775773,-0.6424155831336975],"p":[285.2498779296875,267.0805969238281,307.7850036621094]},"j":true},{"t":3.731525182723999,"c":{"r":[-0.5194413661956787,0.018587125465273858,-0.8543038964271545,0.010340092703700066,0.9998269081115723,0.015466202050447464,0.8544435501098633,-0.0007997963111847639,-0.5195436477661133],"p":[285.8760681152344,269.1999816894531,307.7778015136719]},"j":false},{"t":3.7412734031677248,"c":{"r":[-0.4775013327598572,0.010031480342149735,-0.8785737752914429,0.004621234256774187,0.9999496936798096,0.008905718103051186,0.8786188364028931,0.0001923969975905493,-0.47752365469932558],"p":[286.10009765625,269.56060791015627,307.7471618652344]},"j":true},{"t":3.7508280277252199,"c":{"r":[-0.4346518814563751,0.0014609649078920484,-0.900597333908081,-0.0002640208404045552,0.9999984502792358,0.0017496384680271149,0.9005985260009766,0.000998260104097426,-0.43465080857276919],"p":[286.3335876464844,270.0035400390625,307.71295166015627]},"j":true},{"t":3.7824881076812746,"c":{"r":[-0.2775730788707733,-0.02909097820520401,-0.9602639675140381,-0.012169397436082363,0.9995676875114441,-0.026763999834656717,0.9606274366378784,0.004256867803633213,-0.2778071165084839],"p":[287.1503601074219,271.55377197265627,307.5935363769531]},"j":true},{"t":3.79723858833313,"c":{"r":[-0.16061684489250184,-0.051400549709796908,-0.9856775403022766,-0.015279472805559636,0.9986529350280762,-0.04958738014101982,0.9868985414505005,0.007096065208315849,-0.1611858457326889],"p":[287.7333679199219,272.6611022949219,307.50872802734377]},"j":false},{"t":3.864208698272705,"c":{"r":[0.05519949272274971,-0.034813009202480319,-0.9978682398796082,-0.0010427291272208095,0.9993894100189209,-0.03492375835776329,0.9984747767448425,0.0029682801105082037,0.05512949079275131],"p":[289.11431884765627,275.8822326660156,307.21466064453127]},"j":false},{"t":3.9312562942504885,"c":{"r":[0.10183943063020706,0.0004951432929374278,-0.9948007464408875,-0.000004138774329476291,0.9999998807907105,0.0004973073373548687,0.994800865650177,-0.00004652824281947687,0.10183942317962647],"p":[288.52789306640627,277.5450439453125,306.9620666503906]},"j":false},{"t":3.9974005222320558,"c":{"r":[0.12938083708286286,-0.000008499603609379847,-0.9915949702262878,2.2366977248111653e-7,1,-0.000008542464456695598,0.9915949702262878,8.834413733893598e-7,0.12938083708286286],"p":[288.52471923828127,278.3113098144531,306.70538330078127]},"j":false},{"t":4.063625335693359,"c":{"r":[0.23851461708545686,-0.000048726436943979937,-0.9711388945579529,0.000004916623765893746,1,-0.00004896699101664126,0.9711388945579529,0.000006904618658154504,0.23851461708545686],"p":[289.1127014160156,278.2839050292969,306.3742980957031]},"j":false},{"t":4.06650710105896,"c":{"r":[0.23851461708545686,-0.000048726436943979937,-0.9711388945579529,0.000004916623765893746,1,-0.00004896699101664126,0.9711388945579529,0.000006904618658154504,0.23851461708545686],"p":[289.1127014160156,278.2839050292969,306.3742980957031]},"j":true},{"t":4.124726057052612,"c":{"r":[0.31137722730636599,-0.00015121717297006398,-0.9502863883972168,0.0000606585199420806,1,-0.00013925222447142005,0.9502863883972168,-0.000014282992196967826,0.31137722730636599],"p":[289.11444091796877,277.5659484863281,305.56915283203127]},"j":true},{"t":4.130288600921631,"c":{"r":[0.32239991426467898,-0.0001453136937925592,-0.946603536605835,0.000045286935346666726,1,-0.00013808651419822127,0.946603536605835,0.000001650309286560514,0.32239991426467898],"p":[289.11456298828127,277.4938049316406,305.4869689941406]},"j":false},{"t":4.166949987411499,"c":{"r":[0.4486411213874817,-0.0001988770382013172,-0.8937119841575623,-0.0002987816114909947,0.9999998807907105,-0.0003725168062373996,0.8937119841575623,0.00043415106483735144,0.44864100217819216],"p":[289.0078430175781,277.0586853027344,304.5747985839844]},"j":true},{"t":4.174418210983276,"c":{"r":[0.5115842223167419,-0.000288863608147949,-0.8592330813407898,-0.00033863019780255854,0.9999998211860657,-0.0005378068308345974,0.8592330813407898,0.0005660957540385425,0.5115840435028076],"p":[288.96160888671877,277.5016174316406,304.31964111328127]},"j":true},{"t":4.19746994972229,"c":{"r":[0.6832380294799805,-0.0011891284957528115,-0.7301948070526123,-0.0001850061526056379,0.9999983310699463,-0.001801614766009152,0.7301957011222839,0.0013660222757607699,0.6832366585731506],"p":[288.82232666015627,278.8304138183594,303.55450439453127]},"j":false},{"t":4.216480731964111,"c":{"r":[0.780500590801239,-0.0022462245542556049,-0.6251509785652161,0.00030144519405439496,0.9999947547912598,-0.0032167185563594105,0.625154972076416,0.002322202082723379,0.7804971933364868],"p":[288.7291259765625,279.71624755859377,303.0447082519531]},"j":true},{"t":4.224714994430542,"c":{"r":[0.8004541397094727,-0.0022367783822119238,-0.5993898510932922,0.00041296647395938635,0.9999948740005493,-0.0031802442390471699,0.599393904209137,0.002298111794516444,0.8004509210586548],"p":[288.7066345214844,279.934326171875,302.9146728515625]},"j":true},{"t":4.264312744140625,"c":{"r":[0.932059645652771,-0.00010391514661023393,-0.3623048663139343,0.00005037459413870238,1,-0.00015722399984952062,0.3623048663139343,0.0001282911835005507,0.932059645652771],"p":[288.4644775390625,282.1082763671875,301.4676513671875]},"j":false},{"t":4.331549644470215,"c":{"r":[0.991265058517456,-0.000008829059879644774,-0.13188479840755464,0.000003880861640936928,1,-0.00003777612801059149,0.13188479840755464,0.000036934328818460929,0.991265058517456],"p":[288.1093444824219,284.53460693359377,299.36407470703127]},"j":false},{"t":4.358760833740234,"c":{"r":[0.9973074793815613,-0.00003624291639425792,-0.07333360612392426,0.00003428930722293444,1,-0.000027898997359443457,0.07333360612392426,0.000025309314878541046,0.9973074793815613],"p":[287.97088623046877,285.21942138671877,298.573486328125]},"j":true},{"t":4.397214412689209,"c":{"r":[0.9999990463256836,-0.00007633323548361659,0.0013993341708555818,0.00007634946086909622,1,-0.000011542167158040684,-0.001399333355948329,0.000011648986401269213,0.9999990463256836],"p":[287.71527099609377,286.08868408203127,297.2704162597656]},"j":false},{"t":4.464773654937744,"c":{"r":[0.9971916675567627,9.297748420067364e-7,0.07489211112260819,-6.558476570717176e-7,1,-0.000003682217084133299,-0.07489211112260819,0.000003622758413257543,0.9971916675567627],"p":[287.3595886230469,286.7710266113281,295.1668395996094]},"j":false},{"t":4.530916452407837,"c":{"r":[0.9932790398597717,4.940286402188576e-8,0.11574408411979675,8.191048550543201e-8,1,-0.0000011297582886982128,-0.11574408411979675,0.0000011316459449517425,0.9932790398597717],"p":[287.0037536621094,286.58135986328127,293.0632629394531]},"j":false},{"t":4.5970847606658939,"c":{"r":[0.9903733730316162,2.838788226711131e-8,0.138421893119812,2.0295725988717096e-8,1,-3.502930780996394e-7,-0.138421893119812,3.4973029983120798e-7,0.9903733730316162],"p":[286.64788818359377,285.51971435546877,290.9597473144531]},"j":false},{"t":4.663945436477661,"c":{"r":[0.988620936870575,1.7968028842574314e-8,0.15042835474014283,1.0245393866625819e-8,1,-1.8677887680951245e-7,-0.15042835474014283,1.8619469699387992e-7,0.988620936870575],"p":[286.3156433105469,283.8231201171875,288.99615478515627]},"j":false},{"t":4.730599641799927,"c":{"r":[0.9874789118766785,1.1473995087385447e-8,0.15775123238563538,5.3429287660833328e-9,1,-1.0617999635087472e-7,-0.15775123238563538,1.0569335273657998e-7,0.9874789118766785],"p":[286.0043029785156,285.2589111328125,287.15576171875]},"j":false},{"t":4.742058277130127,"c":{"r":[0.9873281121253967,1.169778318654835e-8,0.15869233012199403,5.829344562613414e-9,1,-1.0998174815313178e-7,-0.15869233012199403,1.0951313811347063e-7,0.9873281121253967],"p":[285.9463806152344,285.607421875,286.8135070800781]},"j":true},{"t":4.749796628952026,"c":{"r":[0.9872786402702332,1.2284353090308287e-8,0.15899981558322907,6.246830608347409e-9,1,-1.1604866045900053e-7,-0.15899981558322907,1.1556560508552139e-7,0.9872786402702332],"p":[285.9270935058594,285.8288879394531,286.6993103027344]},"j":true},{"t":4.768961429595947,"c":{"r":[0.9870437383651733,1.4978024154288506e-8,0.1604512482881546,8.068493428936563e-9,1,-1.4298412054358779e-7,-0.1604512482881546,1.4242618817661424e-7,0.9870437383651733],"p":[285.8292541503906,286.8851623535156,286.1209411621094]},"j":true},{"t":4.798147439956665,"c":{"r":[0.9868069887161255,1.7353915637841056e-8,0.16190119087696076,9.448098303721509e-9,1,-1.647755851763577e-7,-0.16190119087696076,1.6413135028869875e-7,0.9868069887161255],"p":[285.6780700683594,288.22088623046877,285.2271423339844]},"j":false},{"t":4.85057806968689,"c":{"r":[0.9933565258979797,0.0000014167937933962094,0.11507747322320938,4.760744616305601e-7,1,-0.000016421159671153874,-0.11507747322320938,0.000016366850104532206,0.9933565258979797],"p":[285.4032897949219,290.2586669921875,283.5215148925781]},"j":true},{"t":4.8641698360443119,"c":{"r":[0.9989105463027954,0.00000302777812066779,0.046666551381349567,-1.9720256716482255e-7,1,-0.000060659942391794178,-0.04666655510663986,0.00006058465442038141,0.9989105463027954],"p":[285.3727111816406,290.6471862792969,283.1355285644531]},"j":false},{"t":4.931218862533569,"c":{"r":[0.9697328805923462,-0.000012724101907224395,-0.2441682070493698,-0.0000019584715573728319,1,-0.00005989025521557778,0.2441682070493698,0.00005855574636370875,0.9697328805923462],"p":[285.57745361328127,292.20147705078127,281.1607971191406]},"j":false},{"t":4.9985671043396,"c":{"r":[0.9136123061180115,-0.000007040166565275285,-0.4065864384174347,2.2201732008397813e-7,1,-0.00001681642243056558,0.4065864384174347,0.000015273422832251528,0.9136123061180115],"p":[286.4742126464844,292.8974609375,279.21783447265627]},"j":false},{"t":5.064129829406738,"c":{"r":[0.7279147505760193,-0.00009821983258007094,-0.6856676340103149,-0.0000037636698380083546,1,-0.00014724256470799446,0.6856676340103149,0.00010976065823342651,0.7279147505760193],"p":[288.00164794921877,292.3188171386719,277.99237060546877]},"j":false},{"t":5.1304931640625,"c":{"r":[0.5154080390930176,-0.00003235543772461824,-0.8569448590278626,2.932131053512421e-7,1,-0.00003758037928491831,0.8569448590278626,0.0000191179624380311,0.5154080390930176],"p":[289.9473876953125,292.1982421875,277.6607666015625]},"j":false},{"t":5.1409642696380619,"c":{"r":[0.4927225112915039,-0.000028419590307748878,-0.8701865077018738,3.0688215701957235e-7,1,-0.00003248542998335324,0.8701865077018738,0.000015739258742542007,0.4927225112915039],"p":[290.2102966308594,292.5838317871094,277.6163024902344]},"j":true},{"t":5.151427984237671,"c":{"r":[0.4700186252593994,-0.00003559008473530412,-0.8826565146446228,9.049910545400053e-7,1,-0.000039839647797634828,0.8826565146446228,0.000017926580767380075,0.4700186252593994],"p":[290.4732360839844,293.0267639160156,277.5718078613281]},"j":true},{"t":5.167412042617798,"c":{"r":[0.3767778277397156,-0.00009048408537637442,-0.9263036251068115,-0.0000016614729929642636,1,-0.00009835877426667139,0.9263036251068115,0.00003859843491227366,0.3767778277397156],"p":[291.1271057128906,294.0830383300781,277.47503662109377]},"j":true},{"t":5.197581052780151,"c":{"r":[0.14106246829032899,-0.00019709697517100722,-0.9900006651878357,-0.00001680144850979559,1,-0.0002014817000599578,0.9900007247924805,0.000045054952352074909,0.14106245338916779],"p":[292.145263671875,295.595947265625,277.4419250488281]},"j":false},{"t":5.26396632194519,"c":{"r":[-0.17827408015727998,-0.00008192063978640363,-0.9839808940887451,-0.0000034328752462897684,1,-0.00008263234485639259,0.9839808940887451,-0.000011353321497153957,-0.17827408015727998],"p":[293.95928955078127,297.8450622558594,277.7975158691406]},"j":false},{"t":5.331136226654053,"c":{"r":[-0.36520054936408999,-0.000023586910174344667,-0.9309288859367371,8.795769446123814e-8,1,-0.000025371467927470804,0.9309288859367371,-0.000009347555533167906,-0.36520054936408999],"p":[295.75762939453127,299.39935302734377,278.7740783691406]},"j":false},{"t":5.397581338882446,"c":{"r":[-0.4681049883365631,-0.00000634116349829128,-0.883672833442688,1.9174196097537789e-7,1,-0.000007277487839019159,0.883672833442688,-0.000003576065637389547,-0.4681049883365631],"p":[297.605224609375,300.0953369140625,280.0865783691406]},"j":false},{"t":5.464008808135986,"c":{"r":[-0.518513023853302,-0.0000018780863229039824,-0.8550696969032288,8.54336548172796e-8,1,-0.0000022482199710793795,0.8550696969032288,-0.0000012387830565785408,-0.518513023853302],"p":[299.34405517578127,299.85113525390627,281.3222351074219]},"j":false},{"t":5.5310070514678959,"c":{"r":[-0.5445716381072998,-6.139540005278832e-7,-0.8387143015861511,3.3209669680900336e-8,1,-7.535808208558592e-7,0.8387143015861511,-4.3823214923577327e-7,-0.5445716381072998],"p":[300.97418212890627,298.83026123046877,282.4807434082031]},"j":false},{"t":5.596799373626709,"c":{"r":[-0.3408738374710083,-0.00008433253242401406,-0.9401090741157532,0.000013831502656103112,1,-0.00009472021338297054,0.9401090741157532,-0.000045290762500371787,-0.3408738374710083],"p":[302.86474609375,296.74676513671877,283.6056823730469]},"j":false},{"t":5.664320468902588,"c":{"r":[-0.11936158686876297,-0.00001059002988768043,-0.9928508400917053,-0.0000023739405605738286,1,-0.000010380887033534237,0.9928508400917053,0.0000011178898375874269,-0.11936158686876297],"p":[304.8367614746094,293.8865661621094,283.8243103027344]},"j":false},{"t":5.730681896209717,"c":{"r":[0.0014142884174361826,-0.000007468892363249324,-0.9999989867210388,5.532851901079994e-7,1,-0.000007468117473763414,0.9999989867210388,-5.427226597021217e-7,0.0014142884174361826],"p":[306.808837890625,293.785888671875,283.490966796875]},"j":false},{"t":5.7974348068237309,"c":{"r":[0.07829935848712921,-0.00000212025747714506,-0.9969298839569092,1.337339909923685e-7,1,-0.000002116283440045663,0.9969298839569092,3.2380203407456068e-8,0.07829935848712921],"p":[309.04388427734377,293.86846923828127,283.1130065917969]},"j":false},{"t":5.864227056503296,"c":{"r":[0.11773228645324707,-6.649652846135723e-7,-0.9930453896522522,3.8804596869113087e-8,1,-6.650217301285011e-7,0.9930453896522522,3.975980078507746e-8,0.11773228645324707],"p":[311.1474609375,293.8746643066406,282.7571716308594]},"j":false},{"t":5.933457851409912,"c":{"r":[-0.0015368559397757054,-0.00006154584843898192,-0.9999988079071045,-4.2829177004932719e-7,1,-0.00006154526636237279,0.9999988079071045,3.337050600293878e-7,-0.0015368560561910272],"p":[313.19708251953127,293.87518310546877,282.6357421875]},"j":false},{"t":5.998225450515747,"c":{"r":[-0.2697378396987915,-0.000030241129934438505,-0.9629337787628174,4.656762087051902e-7,1,-0.00003153564830427058,0.9629337787628174,-0.000008954772965807934,-0.2697378396987915],"p":[314.9552307128906,293.87518310546877,283.7876892089844]},"j":false},{"t":6.063391923904419,"c":{"r":[-0.4061736762523651,-0.000009584377039573156,-0.9137958884239197,3.1281004453376229e-7,1,-0.000010627572919474915,0.9137958884239197,-0.000004602484750648728,-0.4061736762523651],"p":[316.58538818359377,293.87518310546877,284.9462890625]},"j":false},{"t":6.1305625438690189,"c":{"r":[-0.48522067070007326,-0.0000028180700155644446,-0.8743917346000671,1.3116037678173598e-7,1,-0.000003295675924164243,0.8743917346000671,-0.0000017138155499196728,-0.4852206