{"v":1,"d":[{"t":0,"j":false,"c":{"p":[346.4392395019531,293.8752136230469,280.7215576171875],"r":[0.5358244776725769,-2.2783199327136572e-8,-0.8443293571472168,-5.94473470449941e-10,1,-2.736104320888444e-8,0.8443293571472168,1.516264802603473e-8,0.5358244776725769]}},{"t":0.0648946762084961,"j":false,"c":{"p":[348.17095947265625,293.8752136230469,279.67779541015625],"r":[0.5060313940048218,6.179272560302707e-8,-0.8625150322914124,7.444298510961289e-9,1,7.601000362456034e-8,0.8625150322914124,-4.488427052251609e-8,0.5060313940048218]}},{"t":0.12964653968811035,"j":false,"c":{"p":[350.01080322265625,293.8752136230469,278.59820556640625],"r":[0.5060313940048218,2.6077078274511223e-8,-0.8625150322914124,1.6170962346961915e-9,1,3.118250546663148e-8,0.8625150322914124,-1.7174096811345407e-8,0.5060313940048218]}},{"t":0.1952054500579834,"j":false,"c":{"p":[351.73565673828125,293.8752136230469,277.5860900878906],"r":[0.5060313940048218,-7.2956463093021284e-9,-0.8625150322914124,-3.827776762221902e-9,1,-1.0704301445230158e-8,0.8625150322914124,8.718227917370314e-9,0.5060313940048218]}},{"t":0.2553670406341553,"j":false,"c":{"p":[353.46051025390625,293.8752136230469,276.573974609375],"r":[0.5060321092605591,-4.0561580760822835e-8,-0.8625146150588989,-9.255155752896371e-9,1,-5.2457064469990655e-8,0.8625146150588989,3.452766605960278e-8,0.5060321092605591]}},{"t":0.31972265243530273,"j":false,"c":{"p":[355.19842529296875,293.8752136230469,275.5843811035156],"r":[0.4756223261356354,-7.531500045843131e-8,-0.8796495795249939,-1.5438406109069547e-8,1,-9.396678990469809e-8,0.8796495795249939,5.8273091241289876e-8,0.4756223261356354]}},{"t":0.3873279094696045,"j":false,"c":{"p":[357.09124755859375,293.8752136230469,274.6005554199219],"r":[0.4570960998535156,-8.386179217723111e-8,-0.889417290687561,-1.76959318309855e-8,1,-1.0338289513356358e-7,0.889417290687561,6.299498522821523e-8,0.4570960998535156]}},{"t":0.45478177070617676,"j":false,"c":{"p":[359.1072998046875,293.8752136230469,273.56451416015625],"r":[0.4570960998535156,7.173463245635503e-8,-0.889417290687561,1.474171629212151e-8,1,8.82296902204871e-8,0.889417290687561,-5.3440988523334454e-8,0.4570960998535156]}},{"t":0.5205984115600586,"j":false,"c":{"p":[361.0047607421875,293.8752136230469,272.58941650390625],"r":[0.4570960998535156,2.4573106216507767e-8,-0.889417290687561,5.4534168292263985e-9,1,3.043098217858642e-8,0.889417290687561,-1.8760246689453197e-8,0.4570960998535156]}},{"t":0.5862689018249512,"j":false,"c":{"p":[362.78363037109375,293.8752136230469,271.6752624511719],"r":[0.4570960998535156,-1.9494665437491676e-8,-0.889417290687561,-3.2255933479774512e-9,1,-2.3576191665597435e-8,0.889417290687561,1.364548385396347e-8,0.4570960998535156]}},{"t":0.6537728309631348,"j":false,"c":{"p":[364.66595458984375,293.8752136230469,270.6717224121094],"r":[0.4999980032444,-6.469905144967925e-8,-0.8660265803337097,-1.1197665905626764e-8,1,-8.117287109143945e-8,0.8660265803337097,5.028374872040331e-8,0.4999980032444]}},{"t":0.7149980068206787,"j":true,"c":{"p":[366.2622985839844,293.8752136230469,269.7048034667969],"r":[0.541706383228302,-1.0243087444905541e-7,-0.8405677676200867,-1.5304184586284464e-8,1,-1.3172197554922604e-7,0.8405677676200867,8.421883990195056e-8,0.541706383228302]}},{"t":0.7207725048065186,"j":false,"c":{"p":[366.4866027832031,294.31475830078125,269.5606384277344],"r":[0.5591905117034912,-1.0647229231608435e-7,-0.8290391564369202,-1.5598192959487278e-8,1,-1.3894958783566835e-7,0.8290391564369202,9.063080597115913e-8,0.5591905117034912]}},{"t":0.7230894565582275,"j":true,"c":{"p":[366.4866027832031,294.31475830078125,269.5606384277344],"r":[0.5591905117034912,-1.0647229231608435e-7,-0.8290391564369202,-1.5598192959487278e-8,1,-1.3894958783566835e-7,0.8290391564369202,9.063080597115913e-8,0.5591905117034912]}},{"t":0.7305703163146973,"j":true,"c":{"p":[366.7085266113281,294.74066162109375,269.41278076171875],"r":[0.5758162140846252,-1.1518531550791522e-7,-0.8175791501998901,-1.55557735581624e-8,1,-1.518416610224449e-7,0.8175791501998901,1.0015096307824933e-7,0.5758162140846252]}},{"t":0.7876946926116943,"j":false,"c":{"p":[368.26776123046875,297.500732421875,268.16357421875],"r":[0.6785446405410767,-1.2904342838737648e-7,-0.734559178352356,1.1112396336443453e-8,1,-1.654096593028953e-7,0.734559178352356,1.0407512718302314e-7,0.6785446405410767]}},{"t":0.8218991756439209,"j":true,"c":{"p":[369.0473937988281,298.65936279296875,267.4356384277344],"r":[0.6845249533653259,-1.1100038221911745e-7,-0.7289894819259644,1.0758836488378165e-8,1,-1.4216350052720372e-7,0.7289894819259644,8.947137786208259e-8,0.6845249533653259]}},{"t":0.8538787364959717,"j":false,"c":{"p":[369.7262268066406,299.4943542480469,266.7950439453125],"r":[0.6895447373390198,-4.53570585534635e-8,-0.7242431044578552,4.6514299079092325e-9,1,-5.819826398578698e-8,0.7242431044578552,3.676154136655896e-8,0.6895447373390198]}},{"t":0.9239046573638916,"j":false,"c":{"p":[371.34521484375,300.8273010253906,265.2095642089844],"r":[0.7645863890647888,-1.1072548034007923e-7,-0.6445212364196777,8.36258440273241e-9,1,-1.618745102405228e-7,0.6445212364196777,1.1837718716378731e-7,0.7645863890647888]}},{"t":0.9905686378479004,"j":false,"c":{"p":[372.6329040527344,301.1826171875,263.51019287109375],"r":[0.813012421131134,-6.020570708642481e-8,-0.5822463035583496,3.364660550175813e-9,1,-9.870426254110498e-8,0.5822463035583496,7.828873549442505e-8,0.813012421131134]}},{"t":1.0561964511871338,"j":false,"c":{"p":[373.8747253417969,300.6659240722656,261.77581787109375],"r":[0.8130995631217957,9.115350252386634e-8,-0.582124650478363,-1.6928209944921946e-8,1,1.3294263112584304e-7,0.582124650478363,-9.824126578905634e-8,0.8130995631217957]}},{"t":1.119720458984375,"j":false,"c":{"p":[375.038818359375,299.3895568847656,260.14984130859375],"r":[0.8130995631217957,5.510862521873605e-8,-0.582124650478363,-5.975543615477363e-9,1,8.63215703361675e-8,0.582124650478363,-6.670951790965773e-8,0.8130995631217957]}},{"t":1.186936855316162,"j":false,"c":{"p":[376.280517578125,297.1833801269531,258.41546630859375],"r":[0.8130998611450195,1.6787918610816632e-8,-0.5821242332458496,5.668639779798923e-9,1,3.67569086279218e-8,0.5821242332458496,-3.3186889680791865e-8,0.8130998611450195]}},{"t":1.2540533542633057,"j":false,"c":{"p":[377.5325012207031,294.1051940917969,256.6880798339844],"r":[0.8090158700942993,-3.106066515101702e-8,-0.5877867937088013,1.7761191628551387e-8,1,-2.8397339590924275e-8,0.5877867937088013,1.2534104421035863e-8,0.8090158700942993]}},{"t":1.283646583557129,"j":true,"c":{"p":[378.0810852050781,293.5470886230469,255.9329376220703],"r":[0.8090155720710754,-5.25630881043071e-8,-0.5877872109413147,2.308747326651428e-8,1,-5.764835009358649e-8,0.5877872109413147,3.306789153612044e-8,0.8090155720710754]}},{"t":1.2915639877319336,"j":true,"c":{"p":[378.2378234863281,293.98663330078125,255.7172088623047],"r":[0.8090155124664307,-5.870073493952077e-8,-0.5877872705459595,2.4607803794651772e-8,1,-6.599775304039213e-8,0.5877872705459595,3.8929051981995144e-8,0.8090155124664307]}},{"t":1.29945707321167,"j":true,"c":{"p":[378.3945617675781,294.41253662109375,255.50148010253906],"r":[0.8090155720710754,-6.483575276661213e-8,-0.5877872109413147,2.6127485952542884e-8,1,-7.434358195723689e-8,0.5877872109413147,4.478771487015365e-8,0.8090155720710754]}},{"t":1.3143856525421143,"j":false,"c":{"p":[378.7080383300781,295.2235107421875,255.0700225830078],"r":[0.8090155720710754,-7.709792981813735e-8,-0.5877872109413147,2.9164903381229124e-8,1,-9.10245532281806e-8,0.5877872109413147,5.649752665704e-8,0.8090155720710754]}},{"t":1.3810431957244873,"j":false,"c":{"p":[379.9579162597656,297.92230224609375,253.34121704101562],"r":[0.8130901455879211,-1.297661356147728e-7,-0.5821377635002136,4.182101775995761e-8,1,-1.645003635530884e-7,0.5821377635002136,1.0940802752656964e-7,0.8130901455879211]}},{"t":1.3955249786376953,"j":true,"c":{"p":[380.19073486328125,298.33123779296875,253.01597595214844],"r":[0.81309574842453,-1.146885466596359e-7,-0.582129955291748,3.6240034972934154e-8,1,-1.4639674361660582e-7,0.582129955291748,9.79381624688358e-8,0.81309574842453]}},{"t":1.4484436511993408,"j":false,"c":{"p":[381.1579895019531,299.74908447265625,251.578125],"r":[0.8584216237068176,-7.969020288101092e-8,-0.512944757938385,2.2777824071340547e-9,1,-1.5154634525060828e-7,0.512944757938385,1.2892228085092938e-7,0.8584216237068176]}},{"t":1.5131914615631104,"j":false,"c":{"p":[382.1961975097656,300.7038879394531,249.71487426757812],"r":[0.8796449899673462,-5.351658671770565e-8,-0.47563087940216064,7.48780415449346e-9,1,-9.866890593457356e-8,0.47563087940216064,8.323218025907408e-8,0.8796449899673462]}},{"t":1.577894687652588,"j":false,"c":{"p":[383.1434020996094,300.80706787109375,247.95352172851562],"r":[0.8861144185066223,-1.738176891308285e-8,-0.4634665250778198,1.3044563651476437e-8,1,-1.2563567075574156e-8,0.4634665250778198,5.087039678386418e-9,0.8861144185066223]}},{"t":1.6446471214294434,"j":false,"c":{"p":[384.1199951171875,300.0723571777344,246.05690002441406],"r":[0.895625650882721,-1.1695298063330029e-8,-0.4448086619377136,2.0993480731590353e-8,1,1.59776600838768e-8,0.4448086619377136,-2.3648082603244802e-8,0.895625650882721]}},{"t":1.7124385833740234,"j":false,"c":{"p":[385.11834716796875,298.3363037109375,244.02194213867188],"r":[0.898792564868927,-4.565233169273597e-8,-0.43837419152259827,3.3472645100118825e-8,1,-3.551159366566026e-8,0.43837419152259827,1.7244012440187362e-8,0.898792564868927]}},{"t":1.7793948650360107,"j":false,"c":{"p":[385.9718017578125,295.98699951171875,242.2134246826172],"r":[0.921546220779419,-8.780497751104122e-8,-0.3882686495780945,3.784372282211734e-8,1,-1.3632373452310276e-7,0.3882686495780945,1.1093509755255582e-7,0.921546220779419]}},{"t":1.8452796936035156,"j":false,"c":{"p":[386.7526550292969,293.62506103515625,240.2284698486328],"r":[0.939691424369812,5.548614012695907e-8,-0.3420233726501465,-5.696993454762378e-8,1,5.707144534738973e-9,0.3420233726501465,1.4122094604829272e-8,0.939691424369812]}},{"t":1.9124276638031006,"j":false,"c":{"p":[387.48272705078125,293.84844970703125,238.22401428222656],"r":[0.9396918416023254,3.023472316954212e-8,-0.3420223295688629,-1.2339310018205651e-8,1,5.4498126900170973e-8,0.3420223295688629,-4.6991125657314115e-8,0.9396918416023254]}},{"t":1.977813959121704,"j":false,"c":{"p":[388.21221923828125,293.8729248046875,236.21937561035156],"r":[0.9396918416023254,-8.130777473525086e-8,-0.3420223295688629,1.0062434796509478e-7,1,3.873462617320911e-8,0.3420223295688629,-7.081438724299005e-8,0.9396918416023254]}},{"t":2.0449395179748535,"j":false,"c":{"p":[388.94171142578125,293.87506103515625,234.21473693847656],"r":[0.9396918416023254,6.382115724790083e-9,-0.3420223295688629,-1.702667695724358e-8,1,-2.812013200070851e-8,0.3420223295688629,3.224776179422406e-8,0.9396918416023254]}},{"t":2.1109113693237305,"j":false,"c":{"p":[389.67120361328125,293.87518310546875,232.21009826660156],"r":[0.9396918416023254,3.7660818463791657e-8,-0.3420223295688629,-4.732374492277813e-8,1,-1.9907814063913065e-8,0.3420223295688629,3.4892988054480156e-8,0.9396918416023254]}},{"t":2.1781766414642334,"j":false,"c":{"p":[390.40069580078125,293.87518310546875,230.20545959472656],"r":[0.9396919012069702,-1.0305122088993812e-8,-0.3420221507549286,3.117919433748284e-8,1,5.5533579512712095e-8,0.3420221507549286,-6.284842868353735e-8,0.9396919012069702]}},{"t":2.244896650314331,"j":false,"c":{"p":[391.1238098144531,293.87518310546875,228.19845581054688],"r":[0.9420566558837891,-1.7866405244149064e-8,-0.3354538381099701,3.106655910301015e-8,1,3.3983972969053866e-8,0.3354538381099701,-4.24362234241471e-8,0.9420566558837891]}},{"t":2.306922674179077,"j":false,"c":{"p":[391.7822265625,293.87518310546875,226.30995178222656],"r":[0.948875367641449,2.1829119845051537e-8,-0.31565091013908386,-5.241244238618492e-8,1,-8.840068232984777e-8,0.31565091013908386,1.0042526810138952e-7,0.948875367641449]}},{"t":2.372612714767456,"j":false,"c":{"p":[392.4294128417969,293.87518310546875,224.27723693847656],"r":[0.9593133330345154,5.6280344828962825e-9,-0.28234368562698364,-2.932263321042683e-9,1,9.97038451799881e-9,0.28234368562698364,-8.736816603516218e-9,0.9593133330345154]}},{"t":2.437824249267578,"j":false,"c":{"p":[393.0220947265625,293.87518310546875,222.22789001464844],"r":[0.961260974407196,-1.2454430375896663e-8,-0.2756398022174835,4.422962618377824e-8,1,1.0906182978942525e-7,0.2756398022174835,-1.1702832836135713e-7,0.961260974407196]}},{"t":2.5015180110931396,"j":false,"c":{"p":[393.5574035644531,293.87518310546875,220.3009033203125],"r":[0.9650159478187561,-1.046819408934141e-9,-0.26219120621681213,-7.284162162335406e-9,1,-3.0802528527829054e-8,0.26219120621681213,3.1634773023370144e-8,0.9650159478187561]}},{"t":2.5627269744873047,"j":false,"c":{"p":[394.0820007324219,293.87518310546875,218.3709716796875],"r":[0.9650159478187561,4.797594321814813e-9,-0.26219120621681213,-1.895882917324343e-8,1,-5.148143245037318e-8,0.26219120621681213,5.465124175429992e-8,0.9650159478187561]}},{"t":2.630413770675659,"j":false,"c":{"p":[394.6415710449219,293.87518310546875,216.3123779296875],"r":[0.9650159478187561,2.5802535663643766e-9,-0.26219120621681213,1.1651124509626243e-8,1,5.2724018928529404e-8,0.26219120621681213,-5.393434321376844e-8,0.9650159478187561]}},{"t":2.6990222930908203,"j":false,"c":{"p":[395.2011413574219,293.87518310546875,214.2537841796875],"r":[0.9650159478187561,-1.5780339535087506e-10,-0.26219120621681213,1.4999388397995972e-8,1,5.4604601729124624e-8,0.26219120621681213,-5.66270195179186e-8,0.9650159478187561]}},{"t":2.763556480407715,"j":false,"c":{"p":[395.7607116699219,293.87518310546875,212.1951904296875],"r":[0.9650159478187561,-3.76549502689727e-9,-0.26219120621681213,-2.6848391954104045e-8,1,-1.1317931836174466e-7,0.26219120621681213,1.1625925822045247e-7,0.9650159478187561]}},{"t":2.8283584117889404,"j":false,"c":{"p":[396.2853088378906,293.87518310546875,210.2652587890625],"r":[0.9650159478187561,1.1223040274899176e-9,-0.26219120621681213,-7.85482012766181e-10,1,1.3894490002996918e-9,0.26219120621681213,-1.134893956589167e-9,0.9650159478187561]}},{"t":2.8949532508850098,"j":false,"c":{"p":[396.84039306640625,293.87518310546875,208.20547485351562],"r":[0.9702951312065125,3.710560969594212e-9,-0.24192437529563904,2.2627165918720493e-8,1,1.0608930978150966e-7,0.24192437529563904,-1.0841200293043585e-7,0.9702951312065125]}},{"t":2.963106632232666,"j":false,"c":{"p":[397.3799743652344,293.87518310546875,206.00399780273438],"r":[0.9719604253768921,-1.7604356861156134e-9,-0.2351444512605667,-1.2001079241485968e-8,1,-5.709260975095276e-8,0.2351444512605667,5.831374494391639e-8,0.9719604253768921]}},{"t":3.028754711151123,"j":false,"c":{"p":[397.85009765625,293.87518310546875,204.0601043701172],"r":[0.9719604253768921,-1.226482471139434e-9,-0.2351444512605667,-8.311396015869832e-9,1,-3.9570700494095945e-8,0.2351444512605667,4.0415535806914704e-8,0.9719604253768921]}},{"t":3.095172643661499,"j":false,"c":{"p":[398.34185791015625,293.87518310546875,201.98428344726562],"r":[0.9766718149185181,1.94448657175883e-9,-0.21473748981952667,1.859251241853599e-8,1,9.361788499973045e-8,0.21473748981952667,-9.542645784677006e-8,0.9766718149185181]}},{"t":3.1236367225646973,"j":true,"c":{"p":[398.5406494140625,293.87518310546875,201.0723876953125],"r":[0.9781472086906433,1.5876204795262083e-9,-0.20791363716125488,1.5469858283267968e-8,1,8.04152122668711e-8,0.20791363716125488,-8.18743046693271e-8,0.9781472086906433]}},{"t":3.131894111633301,"j":true,"c":{"p":[398.56842041015625,294.0966491699219,200.94198608398438],"r":[0.9781472086906433,1.502634905392597e-9,-0.20791363716125488,1.3527883702124655e-8,1,7.087027853458494e-8,0.20791363716125488,-7.213419195295501e-8,0.9781472086906433]}},{"t":3.147186517715454,"j":true,"c":{"p":[398.6780700683594,294.948486328125,200.42005920410156],"r":[0.9809061884880066,1.3593212666584975e-10,-0.19448153674602509,6.2059144489978735e-9,1,3.199970421974285e-8,0.19448153674602509,-3.2595643517652206e-8,0.9809061884880066]}},{"t":3.161285638809204,"j":false,"c":{"p":[398.78094482421875,295.7458190917969,199.89675903320312],"r":[0.9834915399551392,-3.17053694409708e-9,-0.18095411360263824,2.5722981036868653e-11,1,-1.738141541807181e-8,0.18095411360263824,1.7089819337456902e-8,0.9834915399551392]}},{"t":3.1897878646850586,"j":true,"c":{"p":[398.9478454589844,297.010009765625,198.9784698486328],"r":[0.9858996272087097,-1.3076948413015543e-8,-0.16733771562576294,-8.514124516523225e-9,1,-1.2830950879560987e-7,0.16733771562576294,1.2792503412129008e-7,0.9858996272087097]}},{"t":3.229487895965576,"j":false,"c":{"p":[399.166748046875,298.52642822265625,197.66322326660156],"r":[0.9901586771011353,-1.4028660011433658e-8,-0.13994906842708588,-5.920254064761821e-9,1,-1.4212778864930442e-7,0.13994906842708588,1.4155759231471166e-7,0.9901586771011353]}},{"t":3.295177459716797,"j":false,"c":{"p":[399.4467468261719,300.16241455078125,195.6829376220703],"r":[0.9902676939964294,-1.797274329362608e-8,-0.13917557895183563,8.333216783285025e-9,1,-6.984435430013036e-8,0.13917557895183563,6.800483021152104e-8,0.9902676939964294]}},{"t":3.3560056686401367,"j":false,"c":{"p":[399.7250671386719,301.031982421875,193.70242309570312],"r":[0.9902677536010742,-2.0281893498008685e-8,-0.1391751766204834,2.2890477069381632e-8,1,1.71424829886746e-8,0.1391751766204834,-2.0161435188015275e-8,0.9902677536010742]}},{"t":3.425455331802368,"j":false,"c":{"p":[400.0336608886719,301.09100341796875,191.45692443847656],"r":[0.9912137389183044,-2.502720164443417e-8,-0.1322699636220932,3.9437743737380515e-8,1,1.0632822977640899e-7,0.1322699636220932,-1.1061043636573231e-7,0.9912137389183044]}},{"t":3.485795497894287,"j":false,"c":{"p":[400.2806091308594,300.40045166015625,189.6067352294922],"r":[0.9912152290344238,-2.998529069486722e-8,-0.13225853443145752,5.316492135420958e-8,1,1.717287148039759e-7,0.13225853443145752,-1.772516355913467e-7,0.9912152290344238]}},{"t":3.553185224533081,"j":false,"c":{"p":[400.5404052734375,299.5921936035156,187.48948669433594],"r":[0.9937671422958374,-2.2537336441530442e-9,-0.11147607862949371,-5.6159739081351745e-9,1,-7.028148019116998e-8,0.11147607862949371,7.046946848277003e-8,0.9937671422958374]}},{"t":3.618277072906494,"j":false,"c":{"p":[400.76605224609375,298.81439208984375,185.3792266845703],"r":[0.9952272176742554,1.0875283784628209e-8,-0.09758451581001282,-1.6478880482395653e-8,1,-5.6617047050622205e-8,0.09758451581001282,5.795491375693018e-8,0.9952272176742554]}},{"t":3.681155204772949,"j":false,"c":{"p":[400.9586181640625,297.21417236328125,183.41531372070312],"r":[0.9952272176742554,1.873286770148752e-8,-0.09758452326059341,-1.7205612934390047e-8,1,1.649209480092395e-8,0.09758452326059341,-1.4734379938374786e-8,0.9952272176742554]}},{"t":3.7462122440338135,"j":false,"c":{"p":[401.1666259765625,295.2538757324219,181.29226684570312],"r":[0.9958842396736145,2.654461361828453e-8,-0.09063456207513809,-1.807981853119145e-8,1,9.421579960644522e-8,0.09063456207513809,-9.21893672511942e-8,0.9958842396736145]}},{"t":3.808286190032959,"j":false,"c":{"p":[401.34844970703125,295.4101867675781,179.3005828857422],"r":[0.9958841800689697,3.2868343602387995e-9,-0.09063472598791122,-9.137146039783772e-10,1,2.6224830307342017e-8,0.09063472598791122,-2.603408155721354e-8,0.9958841800689697]}},{"t":3.8684632778167725,"j":false,"c":{"p":[401.51763916015625,295.4300537109375,177.441650390625],"r":[0.9958841800689697,-2.3383108782581985e-8,-0.0906352624297142,1.6063085084283557e-8,1,-8.149297059389937e-8,0.0906352624297142,7.970167814619344e-8,0.9958841800689697]}},{"t":3.9287545680999756,"j":false,"c":{"p":[401.6863708496094,295.3507995605469,175.58775329589844],"r":[0.9958842992782593,7.02643443428741e-10,-0.09063398092985153,-1.947024985682333e-9,1,-1.3641331619851371e-8,0.09063398092985153,1.3761654038546567e-8,0.9958842992782593]}},{"t":3.9897007942199707,"j":false,"c":{"p":[401.8619079589844,294.8135070800781,173.65869140625],"r":[0.9958842992782593,2.6429022526031076e-8,-0.09063398092985153,-2.1184009213470745e-8,1,5.883224929448261e-8,0.09063398092985153,-5.6670121040269805e-8,0.9958842992782593]}},{"t":4.057269334793091,"j":false,"c":{"p":[402.0494689941406,293.3955993652344,171.597412109375],"r":[0.9958842396736145,3.3909216767824546e-8,-0.09063400328159332,-2.625915307419291e-8,1,8.559856468082216e-8,0.09063400328159332,-8.286629338272178e-8,0.9958842396736145]}},{"t":4.1233439445495605,"j":false,"c":{"p":[402.2382507324219,291.1056823730469,169.472900390625],"r":[0.9975331425666809,-4.4871342197438935e-8,-0.0701974630355835,3.677318005657071e-8,1,-1.1665492394286048e-7,0.0701974630355835,1.1378576658671591e-7,0.9975331425666809]}},{"t":4.189791440963745,"j":false,"c":{"p":[402.3583984375,287.94378662109375,167.3430938720703],"r":[0.9991199374198914,-2.6449098911029978e-8,-0.04194469749927521,2.1196420618707634e-8,1,-1.2567340945679462e-7,0.04194469749927521,1.2467373267099902e-7,0.9991199374198914]}},{"t":4.257646322250366,"j":false,"c":{"p":[402.4463806152344,283.9098815917969,165.21168518066406],"r":[0.9996100664138794,2.493666251268678e-8,-0.02792399376630783,-2.4427086131595388e-8,1,1.8589824790637977e-8,0.02792399376630783,-1.7900472215615082e-8,0.9996100664138794]}},{"t":4.32570481300354,"j":false,"c":{"p":[402.4872131347656,283.57354736328125,162.945556640625],"r":[0.9999024868011475,1.6392892376870805e-8,-0.013964165933430195,-1.5775086126268434e-8,1,4.435231915067561e-8,0.013964165933430195,-4.412770948647449e-8,0.9999024868011475]}},{"t":4.394225835800171,"j":false,"c":{"p":[402.5200500488281,283.48284912109375,160.82089233398438],"r":[0.9997806549072266,-5.7045593138127515e-8,-0.02094459719955921,5.5701615764292e-8,1,-6.475163161212549e-8,0.02094459719955921,6.357078063956578e-8,0.9997806549072266]}},{"t":4.432018518447876,"j":true,"c":{"p":[402.54669189453125,283.3775329589844,159.782470703125],"r":[0.9975638389587402,-5.18174694263962e-8,-0.06975908577442169,4.750206272774449e-8,1,-6.352041737045511e-8,0.06975908577442169,6.005197406011575e-8,0.9975638389587402]}},{"t":4.440695524215698,"j":true,"c":{"p":[402.55389404296875,283.81707763671875,159.52432250976562],"r":[0.9975638389587402,-3.8183557649063005e-8,-0.06975910812616348,3.4846397767296367e-8,1,-4.905523098841513e-8,0.06975910812616348,4.650487284152405e-8,0.9975638389587402]}},{"t":4.447870969772339,"j":true,"c":{"p":[402.5672302246094,284.24298095703125,159.26193237304688],"r":[0.9959520101547241,-2.633118079131691e-8,-0.08988639712333679,2.2828860579693355e-8,1,-3.9991927991422926e-8,0.08988639712333679,3.777804025162368e-8,0.9959520101547241]}},{"t":4.462604761123657,"j":false,"c":{"p":[402.6138916015625,285.053955078125,158.73155212402344],"r":[0.9945775866508484,-7.002735280536854e-9,-0.10399716347455978,7.572526494747933e-10,1,-6.009383923810674e-8,0.10399716347455978,5.968923488808286e-8,0.9945775866508484]}},{"t":4.521860837936401,"j":true,"c":{"p":[402.8169860839844,287.46307373046875,156.8759765625],"r":[0.9937679767608643,2.6009475462274168e-8,-0.11146844923496246,-3.838926332377923e-8,1,-1.0891464086171254e-7,0.11146844923496246,1.1251507459064669e-7,0.9937679767608643]}},{"t":4.528406143188477,"j":false,"c":{"p":[402.861572265625,287.8924560546875,156.47845458984375],"r":[0.9937677979469299,2.6380355677702028e-8,-0.11146977543830872,-3.678170656939983e-8,1,-9.125452749003671e-8,0.11146977543830872,9.478586093791819e-8,0.9937677979469299]}},{"t":4.595792770385742,"j":false,"c":{"p":[403.0845031738281,289.57952880859375,154.4908447265625],"r":[0.9937677383422852,2.8232312487830313e-8,-0.11147068440914154,-2.8759727044302963e-8,1,-3.1234803632429475e-9,0.11147068440914154,6.3098806180050815e-9,0.9937677383422852]}},{"t":4.662850856781006,"j":false,"c":{"p":[403.3222961425781,290.5343322753906,152.3707275390625],"r":[0.9937677383422852,3.020128858111093e-8,-0.11147070676088333,-2.023123002459215e-8,1,9.057219330088628e-8,0.11147070676088333,-8.775253235171476e-8,0.9937677383422852]}},{"t":4.723767518997192,"j":false,"c":{"p":[403.54522705078125,290.63751220703125,150.38311767578125],"r":[0.9937677383422852,2.921932029664731e-8,-0.11147069185972214,-1.1372777386498001e-8,1,1.6073660447091243e-7,0.11147069185972214,-1.5846711676203995e-7,0.9937677383422852]}},{"t":4.786638021469116,"j":false,"c":{"p":[403.7681579589844,289.9742736816406,148.3955078125],"r":[0.9937677383422852,-1.1200800287269885e-8,-0.11147069185972214,9.888908358846038e-9,1,-1.2321823561478595e-8,0.11147069185972214,1.114270720137256e-8,0.9937677383422852]}},{"t":4.853758811950684,"j":false,"c":{"p":[404.02081298828125,288.2961120605469,146.14288330078125],"r":[0.9937677383422852,-3.2417435846809894e-8,-0.11147069931030273,1.9315125499019814e-8,1,-1.1862029936082763e-7,0.11147069931030273,1.1572795699521521e-7,0.9937677383422852]}},{"t":4.919962167739868,"j":false,"c":{"p":[404.2437438964844,285.9978942871094,144.1552734375],"r":[0.9937677383422852,5.910142930609652e-10,-0.11147069185972214,-3.2391347382088043e-9,1,-2.3575104535211722e-8,0.11147069185972214,2.378924612855826e-8,0.9937677383422852]}},{"t":4.986648082733154,"j":false,"c":{"p":[404.4815368652344,282.70172119140625,142.03515625],"r":[0.9937677383422852,3.568366579997928e-8,-0.11147046089172363,-2.721753666889981e-8,1,7.747123476065099e-8,0.11147046089172363,-7.395446033342523e-8,0.9937677383422852]}},{"t":5.053859233856201,"j":false,"c":{"p":[404.7193298339844,278.53350830078125,139.9150390625],"r":[0.9937676787376404,5.73297356254443e-8,-0.11147096753120422,-4.1515825444093934e-8,1,1.4418687044326362e-7,0.11147096753120422,-1.3866043957477814e-7,0.9937676787376404]}},{"t":5.114405393600464,"j":true,"c":{"p":[404.9273986816406,274.1710205078125,138.0599365234375],"r":[0.9937676787376404,-5.2959308050049e-9,-0.11147131025791168,4.714995061050331e-9,1,-5.475140785193844e-9,0.11147131025791168,4.915431173202478e-9,0.9937676787376404]}},{"t":5.120738983154297,"j":false,"c":{"p":[404.9571228027344,273.4933166503906,137.794921875],"r":[0.9937676787376404,-1.4227195421767647e-8,-0.11147106438875198,1.1308139313825905e-8,1,-2.6818900877856322e-8,0.11147106438875198,2.5391225122461947e-8,0.9937676787376404]}},{"t":5.179746389389038,"j":true,"c":{"p":[405.1714782714844,268.3678283691406,135.94058227539062],"r":[0.9921172857284546,-5.649139467323039e-8,-0.12531279027462006,4.0659887901028924e-8,1,-1.2889361755696882e-7,0.12531279027462006,1.2278238159524335e-7,0.9921172857284546]}},{"t":5.186645746231079,"j":false,"c":{"p":[405.2048645019531,268.0838317871094,135.676025390625],"r":[0.9921170473098755,-5.068247332928877e-8,-0.12531451880931854,3.6202269626528505e-8,1,-1.1782820052985699e-7,0.12531451880931854,1.1236269870096294e-7,0.9921170473098755]}},{"t":5.250771760940552,"j":false,"c":{"p":[405.49322509765625,270.70794677734375,133.5623779296875],"r":[0.9882281422615051,-6.361306148505719e-9,-0.15298746526241302,1.9481247726105266e-9,1,-2.8996586465268592e-8,0.15298746526241302,2.8357204584494866e-8,0.9882281422615051]}},{"t":5.317480564117432,"j":false,"c":{"p":[405.8234558105469,271.22509765625,131.454833984375],"r":[0.9871359467506409,4.000283837513052e-8,-0.1598832607269287,-3.079631838431851e-8,1,6.006060004892788e-8,0.1598832607269287,-5.4364161172770764e-8,0.9871359467506409]}},{"t":5.3837666511535645,"j":false,"c":{"p":[406.1723327636719,271.2708740234375,129.35018920898438],"r":[0.9859956502914429,2.887500727410952e-8,-0.16677112877368927,-2.0683247115016457e-8,1,5.085661669568253e-8,0.16677112877368927,-4.669503539389552e-8,0.9859956502914429]}},{"t":5.44604754447937,"j":false,"c":{"p":[406.50604248046875,271.2748107910156,127.37814331054688],"r":[0.9859956502914429,-6.132707852657404e-8,-0.16677112877368927,4.624824967436325e-8,1,-9.429994207721393e-8,0.16677112877368927,8.52664570061279e-8,0.9859956502914429]}},{"t":5.507745981216431,"j":false,"c":{"p":[406.8175048828125,271.2751770019531,125.53756713867188],"r":[0.9859956502914429,-5.099876965175554e-9,-0.1667710840702057,3.155854244596412e-9,1,-1.192184218012926e-8,0.1667710840702057,1.1228579843702846e-8,0.9859956502914429]}},{"t":5.569697141647339,"j":false,"c":{"p":[407.1512145996094,271.2751770019531,123.56552124023438],"r":[0.9859956502914429,5.49573044850149e-8,-0.1667710840702057,-4.287182875373219e-8,1,7.606753626987484e-8,0.1667710840702057,-6.785247563811936e-8,0.9859956502914429]}},{"t":5.6315248012542725,"j":false,"c":{"p":[407.48492431640625,271.2751770019531,121.59347534179688],"r":[0.9859956502914429,7.2207742007890374e-9,-0.1667710840702057,-5.372830180760957e-9,1,1.1531898103100957e-8,0.1667710840702057,-1.047436803958135e-8,0.9859956502914429]}},{"t":5.6992809772491455,"j":false,"c":{"p":[407.8631286621094,271.2751770019531,119.35848999023438],"r":[0.9859956502914429,-4.8657149420705537e-8,-0.1667710840702057,3.804892401149118e-8,1,-6.680460273855715e-8,0.1667710840702057,5.9523582507381434e-8,0.9859956502914429]}},{"t":5.759455919265747,"j":false,"c":{"p":[408.1745910644531,271.2751770019531,117.51791381835938],"r":[0.9859956502914429,2.1723069565382502e-8,-0.1667710840702057,-1.7279036867989817e-8,1,2.8098483539906738e-8,0.1667710840702057,-2.482333982811724e-8,0.9859956502914429]}},{"t":5.820167303085327,"j":false,"c":{"p":[408.48736572265625,271.2751770019531,115.67757415771484],"r":[0.9809548258781433,5.970954930489825e-8,-0.19423599541187286,-4.5664997117000894e-8,1,7.678416125145304e-8,0.19423599541187286,-6.645201011679092e-8,0.9809548258781433]}},{"t":5.880237579345703,"j":false,"c":{"p":[409.07281494140625,271.2751770019531,113.77140808105469],"r":[0.9106826782226562,-3.277767390841291e-8,-0.4131065607070923,8.30974400400919e-9,1,-6.102574445776554e-8,0.4131065607070923,5.214227627448054e-8,0.9106826782226562]}},{"t":5.940381765365601,"j":false,"c":{"p":[409.85565185546875,271.2751770019531,112.07684326171875],"r":[0.9048261642456055,-2.829937884030187e-8,-0.42578113079071045,1.2649457481472837e-8,1,-3.9583291311373614e-8,0.42578113079071045,3.04300975528804e-8,0.9048261642456055]}},{"t":6.006594896316528,"j":false,"c":{"p":[410.76385498046875,271.2751770019531,110.14654541015625],"r":[0.9048261642456055,3.846792751005523e-8,-0.42578113079071045,-3.6824590043949e-9,1,8.25211330379716e-8,0.42578113079071045,-7.309935767807474e-8,0.9048261642456055]}},{"t":6.071637153625488,"j":false,"c":{"p":[411.67205810546875,271.2751770019531,108.21624755859375],"r":[0.9048261642456055,6.7835306261088135e-9,-0.42578113079071045,-3.5800884479186834e-9,1,8.32393176608548e-9,0.42578113079071045,-6.0073768182178355e-9,0.9048261642456055]}},{"t":6.13666558265686,"j":false,"c":{"p":[412.57977294921875,271.2751770019531,106.43609619140625],"r":[0.8329201340675354,-4.815990095607958e-8,-0.5533932447433472,-2.0581654158746687e-9,1,-9.012432400368198e-8,0.5533932447433472,7.620533182262079e-8,0.8329201340675354]}},{"t":6.204371690750122,"j":false,"c":{"p":[413.8562927246094,271.2751770019531,104.72825622558594],"r":[0.7793369293212891,1.6808250791200408e-8,-0.6266050934791565,7.349777675358382e-9,1,3.5965562972251064e-8,0.6266050934791565,-3.263469849912326e-8,0.7793369293212891]}},{"t":6.27088475227356,"j":false,"c":{"p":[415.2312927246094,271.2751770019531,103.0978012084961],"r":[0.724170446395874,4.240045470282894e-8,-0.6896210312843323,8.891590574933161e-9,1,7.082075370590246e-8,0.6896210312843323,-5.741812358905918e-8,0.724170446395874]}},{"t":6.3387274742126465,"j":false,"c":{"p":[416.7665710449219,271.2751770019531,101.61824035644531],"r":[0.6481181979179382,-4.962888056070369e-8,-0.7615397572517395,-2.965133738541681e-8,1,-9.040427784157146e-8,0.7615397572517395,8.117333294421769e-8,0.6481181979179382]}},{"t":6.399405479431152,"j":false,"c":{"p":[418.3937683105469,271.2751770019531,100.46437072753906],"r":[0.4067347049713135,-1.669812377258495e-8,-0.9135463237762451,6.908453809018056e-9,1,-1.5202530789792945e-8,0.9135463237762451,-1.2779602376333798e-10,0.4067347049713135]}}]}