{"d":[{"t":0.06534171104431153,"c":{"r":[0.1769116073846817,-5.734101193866081e-8,-0.9842267632484436,4.5959431815845168e-9,1,-5.7433855005228909e-8,0.9842267632484436,5.637265321212226e-9,0.1769116073846817],"p":[347.0881042480469,293.8752136230469,280.7949523925781]},"j":false},{"t":0.13164591789245606,"c":{"r":[0.22297504544258119,-0.000005154712653165916,-0.9748241305351257,3.695884061016841e-7,1,-0.000005203301043366082,0.9748241305351257,7.999226454558084e-7,0.22297504544258119],"p":[347.4480895996094,293.8752136230469,280.65240478515627]},"j":false},{"t":0.19832396507263184,"c":{"r":[0.298799067735672,-0.0000029070317850710127,-0.9543160200119019,1.9497763048548223e-7,1,-0.0000029851457838958597,0.9543160200119019,7.05888510310615e-7,0.298799067735672],"p":[349.2652893066406,293.8752136230469,279.8791198730469]},"j":false},{"t":0.261885404586792,"c":{"r":[0.3757219910621643,-0.000005223363586992491,-0.9267324209213257,3.9090613768166806e-7,1,-0.0000054778397498012058,0.9267324209213257,0.0000016958795185928466,0.3757219910621643],"p":[351.14691162109377,293.8752136230469,278.8786926269531]},"j":false},{"t":0.32197999954223635,"c":{"r":[0.4485599398612976,-0.000004079842256032862,-0.8937527537345886,3.051032138046139e-7,1,-0.000004411718236951856,0.8937527537345886,0.0000017062330925909919,0.4485599398612976],"p":[352.7016906738281,293.8752136230469,277.8458251953125]},"j":false},{"t":0.3904690742492676,"c":{"r":[0.50110924243927,-0.0000011843631000374444,-0.865384042263031,8.022742292723706e-8,1,-0.000001322141770287999,0.865384042263031,5.931099167355569e-7,0.50110924243927],"p":[354.5796203613281,293.8752136230469,276.5765686035156]},"j":false},{"t":0.4525172710418701,"c":{"r":[0.5386547446250916,-0.0000014332857745102957,-0.8425266146659851,1.033733738609044e-7,1,-0.0000016350858231817256,0.8425266146659851,7.936519068607595e-7,0.5386547446250916],"p":[356.0809326171875,293.8752136230469,275.4676513671875]},"j":false},{"t":0.514362096786499,"c":{"r":[0.5709964632987976,-9.056023486664344e-7,-0.8209524750709534,6.358528992223e-8,1,-0.0000010588863688099082,0.8209524750709534,5.524198627426813e-7,0.5709964632987976],"p":[357.65899658203127,293.8752136230469,274.23931884765627]},"j":false},{"t":0.5738275051116943,"c":{"r":[0.6078171730041504,-0.0000013513922567653936,-0.7940769791603088,1.0254981930302165e-7,1,-0.000001623344701329188,0.7940769791603088,9.052643008544692e-7,0.6078171730041504],"p":[359.0587158203125,293.8752136230469,273.00445556640627]},"j":true},{"t":0.579110860824585,"c":{"r":[0.6125213503837586,-0.00000177995650574303,-0.7904540300369263,1.299108447483377e-7,1,-0.0000021511475551960759,0.7904540300369263,0.0000012149351960033528,0.6125213503837586],"p":[359.25689697265627,294.31475830078127,272.82598876953127]},"j":false},{"t":0.5812311172485352,"c":{"r":[0.6125213503837586,-0.00000177995650574303,-0.7904540300369263,1.299108447483377e-7,1,-0.0000021511475551960759,0.7904540300369263,0.0000012149351960033528,0.6125213503837586],"p":[359.25689697265627,294.31475830078127,272.82598876953127]},"j":true},{"t":0.5893051624298096,"c":{"r":[0.6169683337211609,-0.000001982220055651851,-0.7869879603385925,1.4795935499023472e-7,1,-0.0000024027481231314597,0.7869879603385925,0.0000013659772548635374,0.6169683337211609],"p":[359.45416259765627,294.74066162109377,272.64654541015627]},"j":true},{"t":0.640453577041626,"c":{"r":[0.645751953125,-0.000001436109528185625,-0.7635473012924194,1.1723447101985585e-7,1,-0.0000017816907984524733,0.7635473012924194,0.000001061016178027785,0.645751953125],"p":[360.70562744140627,297.177001953125,271.44732666015627]},"j":false},{"t":0.7010180950164795,"c":{"r":[0.6727068424224854,-0.0000011065876606153325,-0.7399091124534607,9.06001105249743e-8,1,-0.0000014132010619505309,0.7399091124534607,8.836342431095545e-7,0.6727068424224854],"p":[362.0162353515625,299.1569519042969,270.1183166503906]},"j":false},{"t":0.7658531665802002,"c":{"r":[0.7055616974830627,-0.000001509708454250358,-0.7086484432220459,1.3110117436099245e-7,1,-0.000001999875166802667,0.7086484432220459,0.000001318130671279505,0.7055616974830627],"p":[363.4385986328125,300.60223388671877,268.5290222167969]},"j":false},{"t":0.8353986740112305,"c":{"r":[0.7448894381523132,-0.0000019728940969798716,-0.6671879291534424,1.9009320340046544e-7,1,-0.0000027447974844108104,0.6671879291534424,0.000001917742793011712,0.7448894381523132],"p":[364.741943359375,301.175537109375,266.8403625488281]},"j":false},{"t":0.9034006595611572,"c":{"r":[0.7792244553565979,-0.000001388821488035319,-0.6267449855804443,1.365325204005785e-7,1,-0.000002046178224190953,0.6267449855804443,0.0000015088610325619812,0.7792244553565979],"p":[366.05133056640627,300.8292236328125,264.9902648925781]},"j":false},{"t":0.9674575328826904,"c":{"r":[0.8014250993728638,-7.526793410761456e-7,-0.5980951189994812,7.329596485305956e-8,1,-0.0000011602470522120712,0.5980951189994812,8.860131401888793e-7,0.8014250993728638],"p":[367.1657409667969,299.7061462402344,263.3294677734375]},"j":false},{"t":1.0294432640075684,"c":{"r":[0.8332175612449646,-0.0000027179271455679556,-0.5529452562332153,3.1252014309757217e-7,1,-0.000004444435944606084,0.5529452562332153,0.0000035303758068039316,0.8332175612449646],"p":[368.1400146484375,297.8166809082031,261.5855712890625]},"j":false},{"t":1.0961999893188477,"c":{"r":[0.8764258623123169,-0.0000030804330890532585,-0.481536865234375,4.315517401209945e-7,1,-0.000005611636424873723,0.481536865234375,0.000004710375378635945,0.8764258623123169],"p":[368.9621276855469,294.95648193359377,259.6172180175781]},"j":false},{"t":1.1571457386016846,"c":{"r":[0.8993915319442749,-9.890487717711949e-7,-0.437144011259079,1.3209030669258937e-7,1,-0.0000019907579371647445,0.437144011259079,0.0000017327282648693654,0.8993915319442749],"p":[369.7116394042969,291.4831237792969,257.7628479003906]},"j":false},{"t":1.2241132259368897,"c":{"r":[0.9108443260192871,-5.45311529265291e-8,-0.4127500355243683,5.009880510442599e-9,1,-1.210609923418815e-7,0.4127500355243683,1.0819989171295674e-7,0.9108443260192871],"p":[370.5263977050781,288.5812683105469,255.7914581298828]},"j":false},{"t":1.234614610671997,"c":{"r":[0.9106904864311218,-4.934419095548037e-8,-0.4130893349647522,6.553315667900961e-9,1,-1.050042754968672e-7,0.4130893349647522,9.291929359278584e-8,0.9106904864311218],"p":[370.584228515625,288.61480712890627,255.6713409423828]},"j":true},{"t":1.2452616691589356,"c":{"r":[0.910228431224823,-4.313030288471964e-8,-0.41410645842552187,1.229133328450871e-8,1,-7.713567384826092e-8,0.41410645842552187,6.512116357271225e-8,0.910228431224823],"p":[370.7577209472656,289.2690124511719,255.3109893798828]},"j":true},{"t":1.2512829303741456,"c":{"r":[0.9090616703033447,-7.103913901573833e-8,-0.4166615307331085,1.783454450787758e-8,1,-1.315850681748998e-7,0.4166615307331085,1.1218797624223953e-7,0.9090616703033447],"p":[370.8799133300781,289.6881103515625,255.07408142089845]},"j":true},{"t":1.2854094505310059,"c":{"r":[0.8944892287254334,-0.0000015010178913144046,-0.4470895528793335,1.201792798610768e-7,1,-0.000003116867446806282,0.4470895528793335,0.0000027342734938429204,0.8944892287254334],"p":[371.5127258300781,291.40545654296877,254.05532836914063]},"j":false},{"t":1.3261651992797852,"c":{"r":[0.8752721548080444,-0.0000024150297122105259,-0.4836307466030121,1.4835505623977952e-7,1,-0.000004725048711406998,0.4836307466030121,0.0000040639542930875909,0.8752721548080444],"p":[372.2038269042969,292.8468933105469,253.07447814941407]},"j":true},{"t":1.3539602756500245,"c":{"r":[0.859070897102356,-0.000002583205969131086,-0.5118565559387207,1.494864250162209e-7,1,-0.000004795848326466512,0.5118565559387207,0.000004043457920488436,0.859070897102356],"p":[372.7705993652344,293.7772521972656,252.33303833007813]},"j":false},{"t":1.4290351867675782,"c":{"r":[0.8195330500602722,-0.0000017473568050263567,-0.5730319023132324,1.0144922413246604e-7,1,-0.000002904228949773824,0.5730319023132324,0.000002321977945030085,0.8195330500602722],"p":[374.2937316894531,295.4031982421875,250.47842407226563]},"j":false},{"t":1.495941400527954,"c":{"r":[0.7983344793319702,-5.460879037855193e-7,-0.6022143363952637,3.7429916943665378e-8,1,-8.571803959966928e-7,0.6022143363952637,6.617758572247112e-7,0.7983344793319702],"p":[375.6534729003906,295.9219970703125,248.83457946777345]},"j":false},{"t":1.5578227043151856,"c":{"r":[0.7867259383201599,-1.8871141094223277e-7,-0.617302417755127,1.3621951566733515e-8,1,-2.8834273280153868e-7,0.617302417755127,2.184378615766036e-7,0.7867259383201599],"p":[376.9283142089844,295.6164245605469,247.29348754882813]},"j":false},{"t":1.618086576461792,"c":{"r":[0.7802774906158447,-7.912345267868659e-8,-0.6254334449768066,6.367575355881172e-9,1,-1.1856573678414861e-7,0.6254334449768066,8.853168509403986e-8,0.7802774906158447],"p":[378.1181640625,294.6302490234375,245.8551483154297]},"j":false},{"t":1.6786189079284669,"c":{"r":[0.7761759757995606,-6.927885465302097e-8,-0.6305163502693176,5.189942697825245e-9,1,-1.0348747991884011e-7,0.6305163502693176,7.705215665509968e-8,0.7761759757995606],"p":[379.39300537109377,293.80535888671877,244.3140869140625]},"j":false},{"t":1.7434048652648926,"c":{"r":[0.7737915515899658,-6.890044801366457e-8,-0.6334403157234192,5.829837501636348e-9,1,-1.0165025798869465e-7,0.6334403157234192,7.496326048794799e-8,0.7737915515899658],"p":[380.6678771972656,293.8674621582031,242.77301025390626]},"j":false},{"t":1.810657024383545,"c":{"r":[0.7723425030708313,-2.0103206210819736e-8,-0.6352063417434692,1.5292725974447308e-9,1,-2.9788877142777893e-8,0.6352063417434692,2.203581139781363e-8,0.7723425030708313],"p":[382.0277099609375,293.8746032714844,241.12921142578126]},"j":false},{"t":1.872145652770996,"c":{"r":[0.7800431847572327,-3.8426205151154138e-7,-0.6257257461547852,3.2784257086859728e-8,1,-5.732366616939544e-7,0.6257257461547852,4.2663538124543268e-7,0.7800431847572327],"p":[383.2505187988281,293.87518310546877,239.54852294921876]},"j":false},{"t":1.9358949661254883,"c":{"r":[0.82895827293396,-0.000002757110223683412,-0.5593104958534241,3.1673883427174589e-7,1,-0.000004460039690457052,0.5593104958534241,0.0000035200314414396418,0.82895827293396],"p":[384.2479553222656,293.87518310546877,237.66372680664063]},"j":false},{"t":2.003960371017456,"c":{"r":[0.858755886554718,-7.385991693809046e-7,-0.5123850107192993,7.903599197334188e-8,1,-0.0000013090284483041615,0.5123850107192993,0.0000010836390629265225,0.858755886554718],"p":[385.2099304199219,293.87518310546877,235.75949096679688]},"j":false},{"t":2.0683064460754396,"c":{"r":[0.8735723495483398,-2.3774909152507463e-7,-0.4866943061351776,2.5352408172807374e-8,1,-4.429924729265622e-7,0.4866943061351776,3.746471008980734e-7,0.8735723495483398],"p":[386.11181640625,293.87518310546877,233.97422790527345]},"j":false},{"t":2.135723829269409,"c":{"r":[0.8844977617263794,-1.8538959523084487e-7,-0.4665444493293762,2.0384932852834937e-8,1,-3.5872074022336167e-7,0.4665444493293762,3.077772134929546e-7,0.8844977617263794],"p":[387.1153869628906,293.87518310546877,231.94204711914063]},"j":false},{"t":2.197326898574829,"c":{"r":[0.9039762020111084,-6.959726874811167e-7,-0.427582710981369,9.05675321405397e-8,1,-0.0000014362175306814607,0.427582710981369,0.000001259581381418684,0.9039762020111084],"p":[387.8580627441406,293.87518310546877,230.08526611328126]},"j":false},{"t":2.2649974822998049,"c":{"r":[0.9224322438240051,-8.540669682588486e-7,-0.3861590027809143,1.2120609937937844e-7,1,-0.0000019221681668568637,0.3861590027809143,0.0000017262651681448916,0.9224322438240051],"p":[388.5682373046875,293.87518310546877,228.07479858398438]},"j":false},{"t":2.331376552581787,"c":{"r":[0.942894458770752,-5.970159122625773e-7,-0.3330916464328766,9.430394953824362e-8,1,-0.0000015253978062901297,0.3330916464328766,0.0000014068773452891037,0.942894458770752],"p":[389.13092041015627,293.87518310546877,226.01699829101563]},"j":false},{"t":2.3974266052246095,"c":{"r":[0.953396737575531,-1.6814480829907553e-7,-0.3017195463180542,2.7115691025869638e-8,1,-4.7160614258245916e-7,0.3017195463180542,4.414464171986765e-7,0.953396737575531],"p":[389.6888122558594,293.87518310546877,223.9580078125]},"j":false},{"t":2.4645676612854006,"c":{"r":[0.9614786505699158,-1.9891541569450056e-7,-0.2748796045780182,3.52039180029351e-8,1,-6.005087129778985e-7,0.2748796045780182,5.676994305758853e-7,0.9614786505699158],"p":[390.2017822265625,293.87518310546877,221.8875274658203]},"j":false},{"t":2.526081085205078,"c":{"r":[0.9716089367866516,-4.1720912236087317e-7,-0.23659268021583558,8.765672987465223e-8,1,-0.000001403429223501007,0.23659268021583558,0.0000013428453939923202,0.9716089367866516],"p":[390.5321044921875,293.87518310546877,220.05052185058595]},"j":false},{"t":2.5922908782958986,"c":{"r":[0.9795599579811096,-1.2307373253861443e-7,-0.20115235447883607,2.7377078382073706e-8,1,-4.785240435012383e-7,0.20115235447883607,4.6323603442033347e-7,0.9795599579811096],"p":[390.8943176269531,293.87518310546877,217.81292724609376]},"j":false},{"t":2.6541547775268556,"c":{"r":[0.9828097224235535,-4.094945182941956e-8,-0.1846213936805725,9.509248499739443e-9,1,-1.7118098583068787e-7,0.1846213936805725,1.664827209424402e-7,0.9828097224235535],"p":[391.1925964355469,293.87518310546877,215.97021484375]},"j":false},{"t":2.719724655151367,"c":{"r":[0.9848030209541321,-2.7739808672322398e-8,-0.17367511987686158,6.60796439788669e-9,1,-1.222527714617172e-7,0.17367511987686158,1.1924726095458028e-7,0.9848030209541321],"p":[391.533447265625,293.87518310546877,213.8642578125]},"j":false},{"t":2.779913902282715,"c":{"r":[0.9847639203071594,-2.0678358580994428e-8,-0.1738966703414917,4.391097263578558e-9,1,-9.404529066614487e-8,0.1738966703414917,9.184881122337174e-8,0.9847639203071594],"p":[391.85986328125,293.87518310546877,212.02655029296876]},"j":false},{"t":2.8475308418273927,"c":{"r":[0.9805482625961304,-9.451876792354597e-8,-0.19627806544303895,1.8457313899489237e-8,1,-3.893480595706933e-7,0.19627806544303895,3.781517818879365e-7,0.9805482625961304],"p":[392.36456298828127,293.87518310546877,209.81700134277345]},"j":false},{"t":2.915386199951172,"c":{"r":[0.9729355573654175,-2.144011830296222e-7,-0.23107655346393586,3.509107315835536e-8,1,-7.800870776009106e-7,0.23107655346393586,7.508657517973916e-7,0.9729355573654175],"p":[392.9515075683594,293.87518310546877,207.76609802246095]},"j":false},{"t":2.980842113494873,"c":{"r":[0.967503011226654,-7.554655923058817e-8,-0.25285956263542178,1.2346299094190272e-8,1,-2.5152885996249099e-7,0.25285956263542178,2.402330494533089e-7,0.967503011226654],"p":[393.5163269042969,293.87518310546877,205.8473663330078]},"j":false},{"t":2.9841299057006838,"c":{"r":[0.967503011226654,-7.554655923058817e-8,-0.25285956263542178,1.2346299094190272e-8,1,-2.5152885996249099e-7,0.25285956263542178,2.402330494533089e-7,0.967503011226654],"p":[393.5163269042969,293.87518310546877,205.8473663330078]},"j":true},{"t":2.992541790008545,"c":{"r":[0.9666336178779602,-1.1634961083473172e-7,-0.25616297125816347,1.9250851579499796e-8,1,-3.8155823745000819e-7,0.25616297125816347,3.638956513896119e-7,0.9666336178779602],"p":[393.6293029785156,294.5293884277344,205.463623046875]},"j":true},{"t":2.999868869781494,"c":{"r":[0.9661126136779785,-1.2775842606060906e-7,-0.25812098383903506,2.073959670667591e-8,1,-4.173300567344995e-7,0.25812098383903506,3.9783449778951765e-7,0.9661126136779785],"p":[393.70458984375,294.948486328125,205.20779418945313]},"j":true},{"t":3.0478105545043947,"c":{"r":[0.9640361666679382,-6.016784226403615e-8,-0.2657710015773773,9.892979768721944e-9,1,-1.9050479238558183e-7,0.2657710015773773,1.8102424803601026e-7,0.9640361666679382],"p":[394.15155029296877,297.1769714355469,203.67144775390626]},"j":false},{"t":3.115572214126587,"c":{"r":[0.9628181457519531,-4.442746970312328e-8,-0.270150363445282,8.096717962757794e-9,1,-1.3559782985339553e-7,0.270150363445282,1.283687112163534e-7,0.9628181457519531],"p":[394.7394104003906,299.38525390625,201.62066650390626]},"j":false},{"t":3.1814017295837404,"c":{"r":[0.9621642827987671,-4.3993811260634177e-8,-0.27247005701065066,7.525889245130202e-9,1,-1.3488700290054113e-7,0.27247005701065066,1.2773287494383113e-7,0.9621642827987671],"p":[395.2905578613281,300.66357421875,199.69805908203126]},"j":false},{"t":3.2470619678497316,"c":{"r":[0.9617472887039185,-2.4775287599254626e-8,-0.27393820881843569,3.898345202202336e-9,1,-7.6754773203902e-8,0.27393820881843569,7.275079383362027e-8,0.9617472887039185],"p":[395.9151916503906,301.18585205078127,197.51910400390626]},"j":false},{"t":3.314249277114868,"c":{"r":[0.9619306921958923,2.2694187862271066e-8,-0.2732934355735779,-4.109971030175075e-9,1,6.857347045752249e-8,0.2732934355735779,-6.48396962787956e-8,0.9619306921958923],"p":[396.49652099609377,300.7781677246094,195.4665069580078]},"j":false},{"t":3.3812453746795656,"c":{"r":[0.9624794721603394,3.298217166047834e-8,-0.2713544964790344,-6.26172669271341e-9,1,9.933642530768339e-8,0.2713544964790344,-9.391012412152122e-8,0.9624794721603394],"p":[397.0338439941406,299.60400390625,193.5400848388672]},"j":false},{"t":3.4483208656311037,"c":{"r":[0.9641656279563904,-3.804579051802648e-8,-0.26530107855796816,6.518790840459587e-9,1,-1.1971529545462546e-7,0.26530107855796816,1.136959255632064e-7,0.9641656279563904],"p":[397.61553955078127,297.8803405761719,191.36346435546876]},"j":false},{"t":3.5153393745422365,"c":{"r":[0.9671863913536072,-4.629342953421656e-8,-0.25406786799430849,8.26490165195537e-9,1,-1.5074604675646698e-7,0.25406786799430849,1.4369967971106235e-7,0.9671863913536072],"p":[398.1042785644531,297.49517822265627,189.38223266601563]},"j":false},{"t":3.5820200443267824,"c":{"r":[0.9730567932128906,-1.7246416916805175e-7,-0.23056557774543763,3.511908985842638e-8,1,-5.997916332489694e-7,0.23056557774543763,5.755340453106328e-7,0.9730567932128906],"p":[398.5234069824219,296.40179443359377,187.33200073242188]},"j":false},{"t":3.645474672317505,"c":{"r":[0.9812924265861511,-2.8391505679792319e-7,-0.1925230622291565,6.886477876832942e-8,1,-0.0000011237020771659446,0.1925230622291565,0.000001089422312361421,0.9812924265861511],"p":[398.7998046875,296.3874816894531,185.3627166748047]},"j":false},{"t":3.7095770835876467,"c":{"r":[0.9877820611000061,-2.1772315506041196e-7,-0.15584169328212739,6.111052641699644e-8,1,-0.0000010097379572471255,0.15584169328212739,9.87877456282149e-7,0.9877820611000061],"p":[399.0080871582031,295.3100891113281,183.38449096679688]},"j":false},{"t":3.7731988430023195,"c":{"r":[0.9924066066741943,-1.0587341137124895e-7,-0.12300070375204086,3.412653981627045e-8,1,-5.854113283021434e-7,0.12300070375204086,5.767684569946141e-7,0.9924066066741943],"p":[399.1622009277344,295.4061584472656,181.39048767089845]},"j":false},{"t":3.8388495445251467,"c":{"r":[0.9947311878204346,-2.86795902582071e-8,-0.1025175005197525,1.0113373249964753e-8,1,-1.816226671280674e-7,0.1025175005197525,1.7962894105494343e-7,0.9947311878204346],"p":[399.3258361816406,295.43218994140627,179.26353454589845]},"j":false},{"t":3.9063074588775636,"c":{"r":[0.9958929419517517,-1.844391661620648e-8,-0.09053854644298554,6.905098715037639e-9,1,-1.277596908266787e-7,0.09053854644298554,1.2660980530654343e-7,0.9958929419517517],"p":[399.4996643066406,295.43450927734377,177.00364685058595]},"j":false},{"t":3.972256660461426,"c":{"r":[0.9964063763618469,-1.5538285325078506e-8,-0.08470132201910019,5.9752025549641989e-9,1,-1.1315709969039745e-7,0.08470132201910019,1.1224435070289474e-7,0.9964063763618469],"p":[399.6433410644531,295.17230224609377,175.13633728027345]},"j":false},{"t":4.039045333862305,"c":{"r":[0.9967862963676453,-1.4162862882471927e-8,-0.08010687679052353,5.654866352955423e-9,1,-1.0643493197903808e-7,0.08010687679052353,1.0563988439571404e-7,0.9967862963676453],"p":[399.7611999511719,293.92291259765627,173.60325622558595]},"j":false},{"t":4.106066465377808,"c":{"r":[0.9970645904541016,-9.589449234681524e-9,-0.07656536251306534,3.907975720807144e-9,1,-7.4354055357162e-8,0.07656536251306534,7.383658129356263e-8,0.9970645904541016],"p":[399.89031982421877,291.6400146484375,171.92408752441407]},"j":false},{"t":4.174256324768066,"c":{"r":[0.9970606565475464,1.8283876634939134e-9,-0.07661586254835129,-9.949880919180032e-10,1,1.0915809589562287e-8,0.07661586254835129,-1.0807492678566178e-8,0.9970606565475464],"p":[400.03668212890627,288.80816650390627,170.02142333984376]},"j":false},{"t":4.235546112060547,"c":{"r":[0.9970571994781494,1.3960587352812582e-8,-0.07666134089231491,-6.198593638373495e-9,1,1.0148837503720643e-7,0.07666134089231491,-1.007145229436901e-7,0.9970571994781494],"p":[400.20025634765627,284.94281005859377,167.89447021484376]},"j":false},{"t":4.29595422744751,"c":{"r":[0.9970554113388062,8.692070951887843e-10,-0.07668410241603852,-3.098188372518962e-10,1,7.306605986912018e-9,0.07668410241603852,-7.261332868324644e-9,0.9970554113388062],"p":[400.3433837890625,283.4534912109375,166.03338623046876]},"j":false},{"t":4.356726169586182,"c":{"r":[0.9970543384552002,-1.0656494353611379e-8,-0.07669848203659058,4.779436846291674e-9,1,-7.680903024720465e-8,0.07669848203659058,7.621619602105057e-8,0.9970543384552002],"p":[400.4967346191406,283.6163330078125,164.03936767578126]},"j":false},{"t":4.424981117248535,"c":{"r":[0.9970536828041077,3.896842404316203e-9,-0.07670718431472779,-1.8566864712354914e-9,1,2.6667990482565075e-8,0.07670718431472779,-2.6446995704532129e-8,0.9970536828041077],"p":[400.6603088378906,283.6330871582031,161.91241455078126]},"j":false},{"t":4.4278340339660648,"c":{"r":[0.9970536828041077,3.896842404316203e-9,-0.07670718431472779,-1.8566864712354914e-9,1,2.6667990482565075e-8,0.07670718431472779,-2.6446995704532129e-8,0.9970536828041077],"p":[400.6603088378906,283.6330871582031,161.91241455078126]},"j":true},{"t":4.436334848403931,"c":{"r":[0.9970536231994629,5.712520234624208e-9,-0.07670800387859345,-2.6845066170011479e-9,1,3.9577656707479039e-8,0.07670800387859345,-3.925512359614913e-8,0.9970536231994629],"p":[400.6807556152344,284.0726318359375,161.64654541015626]},"j":true},{"t":4.445188283920288,"c":{"r":[0.9970535635948181,7.527423129261024e-9,-0.07670874893665314,-3.5119578356557214e-9,1,5.2481794909908788e-8,0.07670874893665314,-5.205776432148923e-8,0.9970535635948181],"p":[400.7012023925781,284.49853515625,161.38067626953126]},"j":true},{"t":4.4931676387786869,"c":{"r":[0.9970532655715942,1.8400633905457654e-8,-0.07671207934617996,-8.469069001648677e-9,1,1.2979077723684896e-7,0.07671207934617996,-1.2875862864802912e-7,0.9970532655715942],"p":[400.8238830566406,286.7679138183594,159.78546142578126]},"j":false},{"t":4.5137224197387699,"c":{"r":[0.9970532059669495,2.2922957754190066e-8,-0.07671309262514115,-1.0530740723879717e-8,1,1.6194432816973859e-7,0.07671309262514115,-1.606592689995523e-7,0.9970532059669495],"p":[400.875,287.5686950683594,159.12078857421876]},"j":true},{"t":4.554415464401245,"c":{"r":[0.9970530867576599,1.1781946973599134e-8,-0.07671462744474411,-5.395889512982421e-9,1,8.345161006673152e-8,0.07671462744474411,-8.279173613345847e-8,0.9970530867576599],"p":[400.97723388671877,288.9148254394531,157.79144287109376]},"j":false},{"t":4.616408348083496,"c":{"r":[0.9970529675483704,-1.2437094909500957e-8,-0.0767161101102829,5.749125620013729e-9,1,-8.739900181353733e-8,0.0767161101102829,8.670038909031064e-8,0.9970529675483704],"p":[401.1305847167969,290.2953186035156,155.79742431640626]},"j":false},{"t":4.6781556606292729,"c":{"r":[0.9970529079437256,-1.4270717940689792e-8,-0.07671692222356796,6.574829125582937e-9,1,-1.0056796639901222e-7,0.07671692222356796,9.976718473581059e-8,0.9970529079437256],"p":[401.2737121582031,290.892333984375,153.93634033203126]},"j":false},{"t":4.740108251571655,"c":{"r":[0.9970528483390808,1.3537732046486895e-9,-0.07671745866537094,-6.509459637982218e-10,1,9.186249982917616e-9,0.07671745866537094,-9.109237808502258e-9,0.9970528483390808],"p":[401.4372863769531,290.75714111328127,151.80938720703126]},"j":false},{"t":4.804269790649414,"c":{"r":[0.9970528483390808,1.5953320442463338e-8,-0.07671774923801422,-7.402662483002587e-9,1,1.1174043379469367e-7,0.07671774923801422,-1.1084320306053996e-7,0.9970528483390808],"p":[401.59063720703127,289.83843994140627,149.81536865234376]},"j":false},{"t":4.8670735359191898,"c":{"r":[0.9970528483390808,1.5229669969585303e-8,-0.07671789824962616,-7.055045436743512e-9,1,1.0682535389605619e-7,0.07671789824962616,-1.059692777971577e-7,0.9970528483390808],"p":[401.7439880371094,288.1533508300781,147.82135009765626]},"j":false},{"t":4.933355808258057,"c":{"r":[0.9971783757209778,-1.3778582719226052e-8,-0.07506874948740006,6.328409352107656e-9,1,-9.948254131586509e-8,0.07506874948740006,9.87267654295465e-8,0.9971783757209778],"p":[401.8998107910156,285.51116943359377,145.69375610351563]},"j":false},{"t":4.993806838989258,"c":{"r":[0.9973357319831848,-2.0069716555326523e-8,-0.072948157787323,9.112550714007739e-9,1,-1.5053765878292325e-7,0.072948157787323,1.494718446792831e-7,0.9973357319831848],"p":[402.0301513671875,282.48394775390627,143.83160400390626]},"j":false},{"t":5.0573742389678959,"c":{"r":[0.9974383115768433,-2.3773565338558457e-9,-0.07153194397687912,5.440877193230165e-10,1,-2.564815915206964e-8,0.07153194397687912,2.5543537063299483e-8,0.9974383115768433],"p":[402.1790771484375,278.20672607421877,141.70343017578126]},"j":false},{"t":5.119852781295776,"c":{"r":[0.9974918961524963,1.0696659558107058e-8,-0.07078074663877487,-6.211851477644359e-9,1,6.358208537449173e-8,0.07078074663877487,-6.298293442341674e-8,0.9974918961524963],"p":[402.3186950683594,273.4049072265625,139.70826721191407]},"j":false},{"t":5.1227405071258549,"c":{"r":[0.9974918961524963,1.0696659558107058e-8,-0.07078074663877487,-6.211851477644359e-9,1,6.358208537449173e-8,0.07078074663877487,-6.298293442341674e-8,0.9974918961524963],"p":[402.3186950683594,273.4049072265625,139.70826721191407]},"j":true},{"t":5.18813419342041,"c":{"r":[0.9970418810844421,-1.391178106047164e-8,-0.0768602043390274,2.9612012841795378e-9,1,-1.4258795033583738e-7,0.0768602043390274,1.419385569079168e-7,0.9970418810844421],"p":[402.4990539550781,267.4382019042969,137.58285522460938]},"j":false},{"t":5.190253019332886,"c":{"r":[0.9970418810844421,-1.391178106047164e-8,-0.0768602043390274,2.9612012841795378e-9,1,-1.4258795033583738e-7,0.0768602043390274,1.419385569079168e-7,0.9970418810844421],"p":[402.4990539550781,267.4382019042969,137.58285522460938]},"j":true},{"t":5.235072374343872,"c":{"r":[0.9999255537986755,-0.007314010988920927,0.009765629656612873,0.008070509880781174,0.9967767596244812,-0.07981792837381363,-0.009150364436209202,0.07989079505205155,0.9967616200447083],"p":[402.6354675292969,266.68475341796877,136.8970947265625]},"j":true},{"t":5.244976758956909,"c":{"r":[0.9998119473457336,-0.004828866105526686,0.01878119632601738,0.005828603636473417,0.9985483884811401,-0.05354562774300575,-0.01849536970257759,0.05364502593874931,0.9983887672424316],"p":[402.6405334472656,267.1275634765625,136.8678741455078]},"j":true},{"t":5.250478267669678,"c":{"r":[0.9996073246002197,-0.0023983509745448829,0.027918223291635515,0.0031607747077941896,0.9996223449707031,-0.027297159656882287,-0.027842212468385698,0.027374684810638429,0.9992374181747437],"p":[402.6455383300781,267.5703430175781,136.83863830566407]},"j":false},{"t":5.3126044273376469,"c":{"r":[0.996417760848999,0.010224182158708573,0.08394677191972733,-0.020467422902584077,0.9923087358474731,0.12208401411771774,-0.08205290883779526,-0.12336485832929611,0.9889633059501648],"p":[402.67962646484377,270.886474609375,136.65350341796876]},"j":false},{"t":5.375520467758179,"c":{"r":[0.9993509650230408,-0.00022861802426632494,-0.03602156415581703,0.00015634619921911508,0.9999979734420776,-0.0020091538317501547,0.03602194786071777,0.0020022180397063495,0.9993489980697632],"p":[402.76763916015627,273.72662353515627,136.35899353027345]},"j":false},{"t":5.4433252811431889,"c":{"r":[0.9930909872055054,0.000002973109758386272,-0.11734694242477417,-1.7228467186214403e-7,1,0.00002387804488535039,0.11734694242477417,-0.000023692853574175389,0.9930909872055054],"p":[403.0025939941406,275.9043884277344,135.3214111328125]},"j":false},{"t":5.505220651626587,"c":{"r":[0.9865913391113281,-4.315827482059831e-7,-0.16321013867855073,6.37984243212486e-8,1,-0.0000022586818886338735,0.16321013867855073,0.000002217983592345263,0.9865913391113281],"p":[403.3536071777344,277.1540832519531,133.7882080078125]},"j":false},{"t":5.567702293395996,"c":{"r":[0.9816123247146606,-1.4654624180820975e-7,-0.19088539481163026,2.8313456468254118e-8,1,-6.221188186827931e-7,0.19088539481163026,6.052748631191207e-7,0.9816123247146606],"p":[403.8051452636719,277.6373596191406,131.8610076904297]},"j":false},{"t":5.63427472114563,"c":{"r":[0.9733980894088745,-4.718215791399416e-7,-0.22912028431892396,7.093250076195545e-8,1,-0.000001757923882905743,0.22912028431892396,0.0000016949077235040023,0.9733980894088745],"p":[404.3959045410156,277.3081359863281,129.8118133544922]},"j":false},{"t":5.700216054916382,"c":{"r":[0.9631460905075073,-4.292792539217771e-7,-0.2689788043498993,5.704804095785221e-8,1,-0.0000013916845773565,0.2689788043498993,0.0000013250507890916197,0.9631460905075073],"p":[405.074951171875,276.1069030761719,127.78956604003906]},"j":false},{"t":5.763728857040405,"c":{"r":[0.9529826641082764,-4.235337769387115e-7,-0.30302488803863528,5.156518412263722e-8,1,-0.0000012355191074675532,0.30302488803863528,0.0000011618027428994538,0.9529826641082764],"p":[405.7741394042969,274.1888122558594,125.91592407226563]},"j":false},{"t":5.8282248973846439,"c":{"r":[0.9382262825965881,-6.357444135574042e-7,-0.34602227807044985,8.02023123469553e-8,1,-0.0000016198279126911075,0.34602227807044985,0.000001492013325332664,0.9382262825965881],"p":[406.62591552734377,271.2980651855469,123.96049499511719]},"j":false},{"t":5.8918304443359379,"c":{"r":[0.9207743406295776,-6.337023137348297e-7,-0.39009562134742739,6.289118203994804e-8,1,-0.0000014760322528672987,0.39009562134742739,0.000001334558987764467,0.9207743406295776],"p":[407.5255126953125,271.18731689453127,122.1743392944336]},"j":false},{"t":5.894752264022827,"c":{"r":[0.9207743406295776,-6.337023137348297e-7,-0.39009562134742739,6.289118203994804e-8,1,-0.0000014760322528672987,0.39009562134742739,0.000001334558987764467,0.9207743406295776],"p":[407.5255126953125,271.18731689453127,122.1743392944336]},"j":true},{"t":5.901959419250488,"c":{"r":[0.9184824228286743,-8.770023782744829e-7,-0.395461767911911,9.041420412359003e-8,1,-0.000002007674538617721,0.395461767911911,0.0000018082583892464755,0.9184824228286743],"p":[407.64886474609377,271.6268615722656,121.93790435791016]},"j":true},{"t":5.9120094776153568,"c":{"r":[0.9163380265235901,-9.963956699721166e-7,-0.40040552616119387,9.90251507460016e-8,1,-0.0000022618446564592888,0.40040552616119387,0.0000020329641756688945,0.9163380265235901],"p":[407.7723388671875,272.0527648925781,121.70154571533203]},"j":true},{"t":5.953490972518921,"c":{"r":[0.9068085551261902,-4.4267929411034859e-7,-0.4215427041053772,4.018508548142563e-8,1,-9.636962658987614e-7,0.4215427041053772,8.569482474740653e-7,0.9068085551261902],"p":[408.45172119140627,274.1517639160156,120.40172576904297]},"j":false},{"t":6.014553785324097,"c":{"r":[0.8983431458473206,-1.4795730862715573e-7,-0.43929436802864077,1.4530355585407051e-8,1,-3.070926197779045e-7,0.43929436802864077,2.694914655876346e-7,0.8983431458473206],"p":[409.378173828125,276.3497619628906,118.6292495727539]},"j":false},{"t":6.077064037322998,"c":{"r":[0.8932961225509644,-8.748865809593554e-8,-0.4494686424732208,8.864243561390595e-9,1,-1.7703183630146669e-7,0.4494686424732208,1.541576466479455e-7,0.8932961225509644],"p":[410.3046569824219,277.7813720703125,116.85678100585938]},"j":false},{"t":6.14220929145813,"c":{"r":[0.8903263211250305,-8.092031578144088e-8,-0.4553229808807373,8.307780241523233e-9,1,-1.6147586734405196e-7,0.4553229808807373,1.3998349857047288e-7,0.8903263211250305],"p":[411.23114013671877,278.4465637207031,115.08432006835938]},"j":false},{"t":6.202298879623413,"c":{"r":[0.8886860609054565,-7.446718086612236e-8,-0.45851612091064455,7.816169933505535e-9,1,-1.4725993935371663e-7,0.45851612091064455,1.2728402509765147e-7,0.8886860609054565],"p":[412.09588623046877,278.3759460449219,113.43001556396485]},"j":false},{"t":6.262662172317505,"c":{"r":[0.8876407146453857,-4.3919943237824557e-8,-0.4605366289615631,4.712962908826057e-9,1,-8.628309444702609e-8,0.4605366289615631,7.441789762197004e-8,0.8876407146453857],"p":[413.0223693847656,277.5594482421875,111.65755462646485]},"j":false},{"t":6.325258731842041,"c":{"r":[0.8870347738265991,-2.6551175480449275e-8,-0.4617025554180145,3.144185134473787e-9,1,-5.146640802422553e-8,0.4617025554180145,4.4200817228556846e-8,0.8870347738265991],"p":[413.9488830566406,275.9765319824219,109.88509368896485]},"j":false},{"t":6.3873515129089359,"c":{"r":[0.8866841793060303,-2.2491958517889544e-8,-0.46237555146217348,3.001058068718976e-9,1,-4.288930810503189e-8,0.46237555146217348,3.6641655043467838e-8,0.8866841793060303],"p":[414.8753967285156,273.6272277832031,108.11263275146485]},"j":false},{"t":6.448060750961304,"c":{"r":[0.8864812850952148,-2.2884274031298447e-8,-0.4627643823623657,3.330750342200872e-9,1,-4.3070784272458698e-8,0.4627643823623657,3.664009540216284e-8,0.8864812850952148],"p":[415.8019104003906,271.0120849609375,106.34017181396485]},"j":false},{"t":6.5083770751953129,"c":{"r":[0.8863703012466431,-2.4607592408187885e-8,-0.46297696232795718,3.778890977912397e-9,1,-4.5916095814391159e-8,0.46297696232795718,3.894912481428037e-8,0.8863703012466431],"p":[416.6666564941406,271.2275695800781,104.68587493896485]},"j":false},{"t":6.56922459602356,"c":{"r":[0.8863001465797424,-2.6938762331951694e-8,-0.4631112217903137,4.308755574555789e-9,1,-4.992302038431262e-8,0.4631112217903137,4.225134730972968e-8,0.8863001465797424],"p":[417.5931701660156,271.2703857421875,102.91341400146485]},"j":false},{"t":6.630688905715942,"c":{"r":[0.8862595558166504,-2.9440460735941089e-8,-0.4631890058517456,4.857601876295803e-9,1,-5.426589666512882e-8,0.4631890058517456,4.5843677298762489e-8,0.8862595558166504],"p":[418.5196838378906,271.2748107910156,101.14095306396485]},"j":false},{"t":6.692157506942749,"c":{"r":[0.8862372040748596,-3.182229590947827e-8,-0.4632316827774048,5.37477662376773e-9,1,-5.841346961688032e-8,0.4632316827774048,4.9278423119858419e-8,0.8862372040748596],"p":[419.3844299316406,271.2751770019531,99.48665618896485]},"j":false},{"t":6.754015684127808,"c":{"r":[0.8862289190292358,-3.455429009591171e-8,-0.4632475674152374,5.966581451133379e-9,1,-6.31768699577151e-8,0.4632475674152374,5.3225164720061e-8,0.8862289190292358],"p":[420.1774597167969,271.2752380371094,97.96967315673828]},"j":false}],"v":1}