{"d":[{"t":0.06804251670837403,"c":{"r":[0.8862289190292358,1.9136257023433246e-8,-0.4632475674152374,-1.9632697689786484e-9,1,3.755302913077685e-8,0.4632475674152374,-3.237110135501098e-8,0.8862289190292358],"p":[420.1774597167969,271.2752380371094,97.96967315673828]},"j":false},{"t":0.12879443168640138,"c":{"r":[0.6779304146766663,-0.00007364217162830755,-0.7351260781288147,-0.0000045650836000277199,1,-0.0001043861557263881,0.7351260781288147,0.00007412246486637741,0.6779304146766663],"p":[421.0710754394531,271.2752380371094,97.84375762939453]},"j":false},{"t":0.19748973846435548,"c":{"r":[0.4586265981197357,-0.00002723951001826208,-0.8886290788650513,4.107822064725042e-7,1,-0.000030441400667768904,0.8886290788650513,0.000013596202734333929,0.4586265981197357],"p":[423.17608642578127,271.2752380371094,97.54792022705078]},"j":false},{"t":0.26653385162353518,"c":{"r":[0.31455689668655398,-0.000008437516953563318,-0.9492385983467102,2.81736419083245e-7,1,-0.000008795358553470578,0.9492385983467102,0.00000249920594797004,0.31455689668655398],"p":[425.420654296875,271.2752380371094,97.23248291015625]},"j":false},{"t":0.3268132209777832,"c":{"r":[0.24128645658493043,-0.0000029053671823930928,-0.9704539179801941,1.1957824597175205e-7,1,-0.000002964091891044518,0.9704539179801941,5.991500415802875e-7,0.24128645658493043],"p":[427.40130615234377,271.2752380371094,96.95413970947266]},"j":false},{"t":0.3903341293334961,"c":{"r":[0.19838574528694154,-9.692917046777439e-7,-0.9801239967346191,4.469335124213103e-8,1,-9.799016424949514e-7,0.9801239967346191,1.5059349323109928e-7,0.19838574528694154],"p":[429.3819885253906,271.2752380371094,96.67581176757813]},"j":false},{"t":0.4519321918487549,"c":{"r":[0.17344361543655396,-3.2375251635130555e-7,-0.9848437905311585,1.5795405872154334e-8,1,-3.259531240473734e-7,0.9848437905311585,4.097847750017536e-8,0.17344361543655396],"p":[431.3627014160156,271.2752380371094,96.39745330810547]},"j":false},{"t":0.5162274837493897,"c":{"r":[0.1589893251657486,-1.4871292819407246e-7,-0.9872803092002869,7.564980641916464e-9,1,-1.4941063852802473e-7,0.9872803092002869,1.6285939707927356e-8,0.1589893251657486],"p":[433.3434143066406,271.2752380371094,96.11908721923828]},"j":false},{"t":0.5803940296173096,"c":{"r":[0.15020623803138734,-1.117266208439105e-7,-0.9886546730995178,5.7581597268097088e-9,1,-1.1213390394004819e-7,0.9886546730995178,1.1150380174740349e-8,0.15020623803138734],"p":[435.4562072753906,271.2752380371094,95.82218933105469]},"j":false},{"t":0.64359450340271,"c":{"r":[0.1455317735671997,-9.648472598655644e-8,-0.989353597164154,5.07628250545622e-9,1,-9.677629009274824e-8,0.989353597164154,9.061786876429779e-9,0.1455317735671997],"p":[437.43695068359377,271.2752380371094,95.54385375976563]},"j":false},{"t":0.7075552940368652,"c":{"r":[0.1423192024230957,-8.15852203572831e-8,-0.9898208379745483,4.278145837588454e-9,1,-8.180910526789376e-8,0.9898208379745483,7.4084089973780468e-9,0.1423192024230957],"p":[439.4176940917969,270.9653015136719,95.2655258178711]},"j":false},{"t":0.772132158279419,"c":{"r":[0.16699588298797608,-0.00000660319892631378,-0.9859575629234314,4.343304169651674e-7,1,-0.000006623679837503005,0.9859575629234314,6.7789596869261e-7,0.16699588298797608],"p":[441.52667236328127,269.7935791015625,94.96229553222656]},"j":false},{"t":0.835843563079834,"c":{"r":[0.4591355621814728,-0.00008238470036303625,-0.8883662223815918,0.000013284749002195895,1,-0.00008587133925175294,0.8883662223815918,0.000027624864742392675,0.4591355621814728],"p":[443.3186950683594,267.9031677246094,94.36393737792969]},"j":false},{"t":0.8985879421234131,"c":{"r":[0.6180663704872131,-0.00002405419400020037,-0.7861259579658508,0.000002962287226182525,1,-0.000028269392714719289,0.7861259579658508,0.00001514362793386681,0.6180663704872131],"p":[444.8271484375,265.246337890625,93.28382873535156]},"j":false},{"t":0.961937665939331,"c":{"r":[0.7040369510650635,-0.000006747186489519663,-0.7101633548736572,7.16007377832284e-7,1,-0.000008791063009994105,0.7101633548736572,0.000005680751200998202,0.7040369510650635],"p":[446.1585388183594,261.5676574707031,91.66049194335938]},"j":false},{"t":1.0249872207641602,"c":{"r":[0.745897650718689,-0.000002087443590426119,-0.6660605669021606,2.0102039854918986e-7,1,-0.0000029088989776937525,0.6660605669021606,0.000002035849092862918,0.745897650718689],"p":[447.3621826171875,257.3269348144531,90.06333923339844]},"j":false},{"t":1.0924835205078126,"c":{"r":[0.7698975205421448,-6.173252131702611e-7,-0.6381675601005554,5.561050286928548e-8,1,-9.002508249977836e-7,0.6381675601005554,6.57612076793157e-7,0.7698975205421448],"p":[448.6459655761719,251.95872497558595,88.35965728759766]},"j":false},{"t":1.1587512493133546,"c":{"r":[0.7821937203407288,-2.0142149992352643e-7,-0.6230352520942688,1.743893562888843e-8,1,-3.0139685236463267e-7,0.6230352520942688,2.2488566742140393e-7,0.7821937203407288],"p":[449.8494873046875,246.1340789794922,86.7624282836914]},"j":false},{"t":1.2203946113586426,"c":{"r":[0.7892091870307922,-9.342424078795375e-8,-0.6141244173049927,7.759832776343956e-9,1,-1.4215378030257853e-7,0.6141244173049927,1.0742356693071997e-7,0.7892091870307922],"p":[451.052978515625,239.5430450439453,85.16519165039063]},"j":false},{"t":1.2809021472930909,"c":{"r":[0.793214738368988,-7.261896683985469e-8,-0.6089420318603516,5.643818745681983e-9,1,-1.1190261517413092e-7,0.6089420318603516,8.532605022537609e-8,0.793214738368988],"p":[452.2564697265625,238.7733154296875,83.56794738769531]},"j":false},{"t":1.3466463088989258,"c":{"r":[0.7956184148788452,-5.176449136001793e-8,-0.6057981252670288,4.606058201517271e-9,1,-7.939910062759736e-8,0.6057981252670288,6.038104061190097e-8,0.7956184148788452],"p":[453.5401611328125,238.98045349121095,81.86421966552735]},"j":false},{"t":1.412381887435913,"c":{"r":[0.7969544529914856,-5.393622615201821e-8,-0.6040393710136414,4.5913521873330868e-9,1,-8.323485189976054e-8,0.6040393710136414,6.356103199323116e-8,0.7969544529914856],"p":[454.8238525390625,238.99893188476563,80.16048431396485]},"j":false},{"t":1.4797441959381104,"c":{"r":[0.7976985573768616,3.856716546124517e-8,-0.6030564308166504,-3.865347597553637e-9,1,5.883990539246042e-8,0.6030564308166504,-4.460548197471326e-8,0.7976985573768616],"p":[456.1075439453125,239.00057983398438,78.45674896240235]},"j":false},{"t":1.541548490524292,"c":{"r":[0.7980943322181702,3.086619670966684e-8,-0.6025325059890747,-2.972158741343378e-9,1,4.729061586772332e-8,0.6025325059890747,-3.5951547516788199e-8,0.7980943322181702],"p":[457.3110046386719,239.00067138671876,76.8594970703125]},"j":false},{"t":1.6045246124267579,"c":{"r":[0.7983229756355286,-7.31229263806199e-8,-0.6022295355796814,7.312302319206765e-9,1,-1.1172708269668874e-7,0.6022295355796814,8.479061364141671e-8,0.7983229756355286],"p":[458.51446533203127,239.00067138671876,75.26224517822266]},"j":false},{"t":1.671511173248291,"c":{"r":[0.7984619140625,3.2483093992397018e-9,-0.6020453572273254,-4.0274994450584247e-10,1,4.861309577108841e-9,0.6020453572273254,-3.6390968016775106e-9,0.7984619140625],"p":[459.79815673828127,239.00067138671876,73.55850982666016]},"j":false},{"t":1.7376646995544434,"c":{"r":[0.7985391616821289,7.885014241537647e-8,-0.6019428968429565,-8.085772051913409e-9,1,1.202661223942414e-7,0.6019428968429565,-9.117003685332748e-8,0.7985391616821289],"p":[461.08184814453127,239.00067138671876,71.85478210449219]},"j":false},{"t":1.8049755096435547,"c":{"r":[0.7985822558403015,-3.0392250494060138e-8,-0.6018857359886169,3.158440842199184e-9,1,-4.63044322884798e-8,0.6018857359886169,3.507687651449487e-8,0.7985822558403015],"p":[462.36553955078127,239.00067138671876,70.15104675292969]},"j":false},{"t":1.8725793361663819,"c":{"r":[0.5968552231788635,-0.00005671646795235574,-0.8023489713668823,-0.0000019830893052130706,1,-0.00007216322410386056,0.8023489713668823,0.00004466212340048514,0.5968552231788635],"p":[464.1617431640625,239.00067138671876,69.31730651855469]},"j":false},{"t":1.9408230781555176,"c":{"r":[0.4065534770488739,-0.000019108238120679745,-0.9136269688606262,4.228980969855911e-7,1,-0.000020726518414448948,0.9136269688606262,0.000008040066859393847,0.4065534770488739],"p":[466.2743835449219,239.00067138671876,69.02039337158203]},"j":false},{"t":2.0098040103912355,"c":{"r":[0.2850845158100128,-0.000005881954166397918,-0.9585024118423462,2.1396422766883917e-7,1,-0.000006072970336390426,0.9585024118423462,0.0000015262245369740413,0.2850845158100128],"p":[468.5190124511719,239.00067138671876,68.70494079589844]},"j":false},{"t":2.0703017711639406,"c":{"r":[0.22410529851913453,-0.000001966291165445,-0.9745649099349976,8.507179671823906e-8,1,-0.0000019980466277047528,0.9745649099349976,3.6486483168118868e-7,0.22410529851913453],"p":[470.4996643066406,239.00067138671876,68.42659759521485]},"j":false},{"t":2.1318702697753908,"c":{"r":[0.18839526176452638,-6.598305049010378e-7,-0.9820932745933533,3.117039781841413e-8,1,-6.658819415861217e-7,0.9820932745933533,9.483675711408068e-8,0.18839526176452638],"p":[472.4803466796875,239.00067138671876,68.14826965332031]},"j":false},{"t":2.197838544845581,"c":{"r":[0.1676216423511505,-2.2360333673532296e-7,-0.9858514070510864,1.1030239832621192e-8,1,-2.249369686069258e-7,0.9858514070510864,2.683012745308133e-8,0.1676216423511505],"p":[474.4610900878906,239.00067138671876,67.86988830566406]},"j":false},{"t":2.2604668140411379,"c":{"r":[0.15561731159687043,-1.343508841955554e-7,-0.9878174066543579,6.8577925560475709e-9,1,-1.349274612039153e-7,0.9878174066543579,1.422279982676855e-8,0.15561731159687043],"p":[476.4418029785156,239.00067138671876,67.59153747558594]},"j":false},{"t":2.3254714012145998,"c":{"r":[0.367953896522522,-0.00007820749306119978,-0.9298440217971802,0.000010702638974180445,1,-0.00007987298158695921,0.9298440217971802,0.00001943779170687776,0.367953896522522],"p":[478.1971740722656,239.00067138671876,66.6882095336914]},"j":false},{"t":2.390817642211914,"c":{"r":[0.5810373425483704,-0.0000217444212466944,-0.8138768672943115,0.0000021732162167609205,1,-0.000025165601982735099,0.8138768672943115,0.00001285342477785889,0.5810373425483704],"p":[479.48114013671877,239.00067138671876,64.98471069335938]},"j":false},{"t":2.457509756088257,"c":{"r":[0.6809599995613098,-0.0000065567001001909379,-0.7323206067085266,6.09329163125949e-7,1,-0.000008386724402953405,0.7323206067085266,0.000005264799710857915,0.6809599995613098],"p":[480.6848449707031,239.00067138671876,63.38741683959961]},"j":false},{"t":2.5272138118743898,"c":{"r":[0.7385116815567017,-0.0000017323086467513349,-0.6742407083511353,1.524367689853534e-7,1,-0.0000024023058813327227,0.6742407083511353,0.0000016713518107280834,0.7385116815567017],"p":[482.04901123046877,239.00067138671876,61.57716369628906]},"j":false},{"t":2.5955164432525636,"c":{"r":[0.7661086320877075,-5.105170544084103e-7,-0.6427111625671387,4.348732218772966e-8,1,-7.424813475154224e-7,0.6427111625671387,5.408715537669195e-7,0.7661086320877075],"p":[483.33282470703127,239.00067138671876,59.8734016418457]},"j":false},{"t":2.662545919418335,"c":{"r":[0.7815089225769043,-1.4195151720741706e-7,-0.6238940954208374,1.1887878237359928e-8,1,-2.1263390692638496e-7,0.6238940954208374,1.5875851033797518e-7,0.7815089225769043],"p":[484.6968078613281,239.00067138671876,58.06315231323242]},"j":false},{"t":2.7317190170288088,"c":{"r":[0.7891991138458252,-8.740491352909885e-8,-0.6141374707221985,7.2186354671543999e-9,1,-1.3304509138833965e-7,0.6141374707221985,1.0056583477080494e-7,0.7891991138458252],"p":[485.98052978515627,239.00067138671876,56.359371185302737]},"j":false},{"t":2.7970080375671388,"c":{"r":[0.7934163808822632,-7.688654335424872e-8,-0.6086792945861816,6.241089867131677e-9,1,-1.1818170975175235e-7,0.6086792945861816,8.996848066544772e-8,0.7934163808822632],"p":[487.2642517089844,239.00067138671876,54.65559387207031]},"j":false},{"t":2.86136531829834,"c":{"r":[0.13595521450042725,-0.000005861033969267737,-0.990714967250824,2.9182066896282779e-7,1,-0.0000058759173953149,0.990714967250824,5.097504640616535e-7,0.13595521450042725],"p":[488.4678039550781,239.00067138671876,53.058319091796878]},"j":false},{"t":2.9298763275146486,"c":{"r":[0.14608417451381684,3.01228979537882e-8,-0.9892721772193909,-1.9715886701021647e-9,1,3.0158414432435168e-8,0.9892721772193909,-2.4552291311152887e-9,0.14608417451381684],"p":[489.75042724609377,239.00067138671876,51.353755950927737]},"j":false},{"t":2.9921655654907228,"c":{"r":[0.15298758447170258,-7.169047222532754e-8,-0.9882280826568604,4.089748539826132e-9,1,-7.19113231184565e-8,0.9882280826568604,6.959935294759134e-9,0.15298758447170258],"p":[491.0224304199219,239.00067138671876,49.641109466552737]},"j":false},{"t":3.0579440593719484,"c":{"r":[0.2079133838415146,-4.729592006924577e-8,-0.9781472682952881,3.137174298117884e-9,1,-4.768572381408376e-8,0.9781472682952881,6.845881639350182e-9,0.2079133838415146],"p":[492.1872863769531,239.00067138671876,48.0155029296875]},"j":false},{"t":3.120530605316162,"c":{"r":[0.4694731533527374,-2.0330462646711568e-8,-0.8829467296600342,-2.2229855733968408e-9,1,-2.4207682969290546e-8,0.8829467296600342,1.3327634995619065e-8,0.4694731533527374],"p":[493.58154296875,239.00067138671876,46.72543716430664]},"j":false},{"t":3.184011220932007,"c":{"r":[0.5358282327651978,6.17334450225826e-9,-0.8443269729614258,-1.2696730777861376e-8,1,-7.460645989887382e-10,0.8443269729614258,1.1119954734795101e-8,0.5358282327651978],"p":[495.4125061035156,239.00067138671876,45.632808685302737]},"j":false},{"t":3.245305299758911,"c":{"r":[0.5821244716644287,2.8895783543703147e-8,-0.8130996823310852,-2.26158949345745e-8,1,1.934635918132699e-8,0.8130996823310852,7.1269874446500129e-9,0.5821244716644287],"p":[496.9712219238281,239.00067138671876,44.60627365112305]},"j":false},{"t":3.30609130859375,"c":{"r":[0.582124650478363,5.26209049667159e-8,-0.8130995631217957,-3.382979230082128e-8,1,4.049657675864182e-8,0.8130995631217957,3.932932646222298e-9,0.582124650478363],"p":[498.59771728515627,239.00067138671876,43.44255828857422]},"j":false},{"t":3.372663736343384,"c":{"r":[0.582124650478363,7.784400679611281e-8,-0.8130995631217957,-4.5751715305186738e-8,1,6.298220966982626e-8,0.8130995631217957,5.372026157246523e-10,0.582124650478363],"p":[500.33209228515627,239.00067138671876,42.20067596435547]},"j":false},{"t":3.4377498626708986,"c":{"r":[0.5821240544319153,1.0298101216221767e-7,-0.8130999803543091,-5.7632927763506817e-8,1,8.539109330740757e-8,0.8130999803543091,-2.8468774004863919e-9,0.5821240544319153],"p":[502.06646728515627,239.00067138671876,40.95879364013672]},"j":false},{"t":3.50479793548584,"c":{"r":[0.6320304274559021,1.2750788869198005e-7,-0.7749435305595398,-7.007867708352933e-8,1,1.0738335021187595e-7,0.7749435305595398,-1.3562529765920317e-8,0.6320304274559021],"p":[503.77740478515627,239.00067138671876,39.685420989990237]},"j":false},{"t":3.571403741836548,"c":{"r":[0.6427893042564392,-2.0168785752616715e-8,-0.7660430073738098,1.11754046017154e-8,1,-1.695120843692166e-8,0.7660430073738098,2.3352151323763339e-9,0.6427893042564392],"p":[505.41632080078127,239.00067138671876,38.31980895996094]},"j":false},{"t":3.5815439224243166,"c":{"r":[0.642789363861084,-5.1497398345645709e-8,-0.766042947769165,2.8411944796857825e-8,1,-4.338464520969865e-8,0.766042947769165,6.122419016207914e-9,0.642789363861084],"p":[505.62060546875,239.00067138671876,38.148399353027347]},"j":true},{"t":3.5907211303710939,"c":{"r":[0.6427893042564392,-8.281261898446246e-8,-0.7660430073738098,4.5641115775652e-8,1,-6.980678790569073e-8,0.7660430073738098,9.907997977620653e-9,0.6427893042564392],"p":[505.82489013671877,239.44020080566407,37.97698974609375]},"j":true},{"t":3.5994832515716554,"c":{"r":[0.6427890062332153,-1.1411447076170589e-7,-0.7660432457923889,6.28629166499195e-8,1,-9.621764718303894e-8,0.7660432457923889,1.3691930256243268e-8,0.6427890062332153],"p":[506.0291748046875,239.86611938476563,37.805580139160159]},"j":true},{"t":3.638742446899414,"c":{"r":[0.6427891850471497,-1.1051245962789835e-7,-0.7660431265830994,6.08195875884121e-8,1,-9.323011340711673e-8,0.7660431265830994,1.3336883597503402e-8,0.6427891850471497],"p":[507.05059814453127,241.7913055419922,36.94853210449219]},"j":false},{"t":3.7045254707336427,"c":{"r":[0.6268504858016968,-9.0638771155227e-8,-0.7791395783424377,4.306415846144773e-8,1,-8.168495924110175e-8,0.7791395783424377,1.765126533825878e-8,0.6268504858016968],"p":[508.6900939941406,244.16311645507813,35.58357238769531]},"j":false},{"t":3.7067174911499025,"c":{"r":[0.6268504858016968,-9.0638771155227e-8,-0.7791395783424377,4.306415846144773e-8,1,-8.168495924110175e-8,0.7791395783424377,1.765126533825878e-8,0.6268504858016968],"p":[508.6900939941406,244.16311645507813,35.58357238769531]},"j":true},{"t":3.772047519683838,"c":{"r":[0.5653606057167053,-1.3809058430069855e-7,-0.8248438835144043,1.524804060792917e-9,1,-1.6636909094813746e-7,0.8248438835144043,9.280080348617048e-8,0.5653606057167053],"p":[510.3975524902344,245.6629180908203,34.30567932128906]},"j":false},{"t":3.8390588760375978,"c":{"r":[0.4207565188407898,-2.0630969288504276e-7,-0.9071735739707947,9.014118340644473e-9,1,-2.232394678003402e-7,0.9071735739707947,8.575209164973785e-8,0.4207565188407898],"p":[512.215087890625,246.2907257080078,33.1937255859375]},"j":false},{"t":3.905217409133911,"c":{"r":[0.2825082540512085,-1.1880529626751013e-7,-0.959264874458313,6.571542865430047e-9,1,-1.2191500786684629e-7,0.959264874458313,2.8138146035416868e-8,0.2825082540512085],"p":[514.1932373046875,246.1072235107422,32.46241760253906]},"j":false},{"t":3.9710142612457277,"c":{"r":[0.2554469108581543,8.77670558452337e-8,-0.9668231010437012,-3.915595847558961e-9,1,8.974426890517862e-8,0.9668231010437012,-1.913920932850033e-8,0.2554469108581543],"p":[515.227783203125,246.11598205566407,32.159210205078128]},"j":false},{"t":4.024935483932495,"c":{"r":[0.24869133532047273,-4.227688066293922e-8,-0.968582808971405,2.3932327231079855e-9,1,-4.3033704599793057e-8,0.968582808971405,8.384064997812857e-9,0.24869133532047273],"p":[515.9026489257813,246.9557342529297,31.984973907470704]},"j":true},{"t":4.031072616577148,"c":{"r":[0.24869133532047273,-6.394035523271669e-8,-0.968582808971405,3.4431271167534307e-9,1,-6.513028694143941e-8,0.968582808971405,1.2862384934919647e-8,0.24869133532047273],"p":[516.0305786132813,247.395263671875,31.952136993408204]},"j":false},{"t":4.032773494720459,"c":{"r":[0.24869133532047273,-6.394035523271669e-8,-0.968582808971405,3.4431271167534307e-9,1,-6.513028694143941e-8,0.968582808971405,1.2862384934919647e-8,0.24869133532047273],"p":[516.0305786132813,247.395263671875,31.952136993408204]},"j":true},{"t":4.040274620056152,"c":{"r":[0.24869133532047273,-8.559457143064719e-8,-0.968582808971405,4.492571648029298e-9,1,-8.721743682826855e-8,0.968582808971405,1.73387917357104e-8,0.24869133532047273],"p":[516.1657104492188,247.82118225097657,31.91744613647461]},"j":true},{"t":4.096850395202637,"c":{"r":[0.24869133532047273,-9.646490184422874e-8,-0.968582808971405,4.7804267211404298e-9,1,-9.836645631366992e-8,0.968582808971405,1.9832645747897005e-8,0.24869133532047273],"p":[517.3807983398438,250.4210662841797,31.6054630279541]},"j":false},{"t":4.163186311721802,"c":{"r":[0.24869133532047273,1.1332153881937757e-8,-0.968582808971405,-9.20475751176042e-10,1,1.1463386684340549e-8,0.968582808971405,-1.9592880651231327e-9,0.24869133532047273],"p":[519.310546875,252.5748748779297,31.1099853515625]},"j":false},{"t":4.231873035430908,"c":{"r":[0.26170727610588076,1.1599085780744645e-7,-0.9651473164558411,-6.604355284878238e-9,1,1.1838861269097834e-7,0.9651473164558411,-2.4608985071949975e-8,0.26170727610588076],"p":[521.376953125,253.856689453125,30.579439163208009]},"j":false},{"t":4.295663118362427,"c":{"r":[0.30858129262924197,2.0693917690550735e-8,-0.9511979818344116,-2.0094437225282037e-9,1,2.1103746306039285e-8,0.9511979818344116,-4.600842373747582e-9,0.30858129262924197],"p":[523.42431640625,254.26649475097657,29.98046112060547]},"j":false},{"t":4.3621909618377689,"c":{"r":[0.34202131628990176,-9.09728186115899e-8,-0.9396921992301941,7.405783986058623e-9,1,-9.411579782181434e-8,0.9396921992301941,2.5230452393998349e-8,0.34202131628990176],"p":[525.16162109375,255.02606201171876,29.392982482910158]},"j":false},{"t":4.392408132553101,"c":{"r":[0.38786715269088747,-0.0013182283146306873,-0.9217143654823303,0.00047121942043304443,0.9999991059303284,-0.0012318964581936598,0.9217151999473572,0.00004348245420260355,0.38786742091178896],"p":[525.768310546875,255.3976287841797,29.365589141845704]},"j":true},{"t":4.398169755935669,"c":{"r":[0.3856925666332245,-0.00119678711052984,-0.9226266145706177,0.0004334821423981339,0.9999992847442627,-0.0011159394634887577,0.9226272702217102,0.000030467363103525714,0.3856928050518036],"p":[525.8677368164063,255.6190948486328,29.367244720458986]},"j":true},{"t":4.423834323883057,"c":{"r":[0.39868929982185366,-0.000343985331710428,-0.9170860052108765,0.00013577271602116525,0.9999999403953552,-0.0003160600026603788,0.9170860648155212,0.0000014944889699108899,0.398689329624176],"p":[526.5697021484375,257.13531494140627,29.36519432067871]},"j":true},{"t":4.429519176483154,"c":{"r":[0.3943746089935303,-0.0002476825611665845,-0.9189497232437134,0.00009860414866125211,0.9999999403953552,-0.00022721110144630075,0.9189497232437134,-0.000001005959802569123,0.39437463879585268],"p":[526.6730346679688,257.3397521972656,29.357746124267579]},"j":false},{"t":4.495765447616577,"c":{"r":[0.47990521788597109,0.000002053580146821332,-0.8773203492164612,-7.580972578580258e-7,1,0.0000019260526187281359,0.8773203492164612,-2.5922861368599117e-7,0.47990521788597109],"p":[528.5715942382813,260.2940673828125,28.87948226928711]},"j":false},{"t":4.507129192352295,"c":{"r":[0.4866698682308197,6.422097840186325e-7,-0.8735859394073486,-2.093133559810667e-7,1,6.185347842802003e-7,0.8735859394073486,-1.1816903366934639e-7,0.4866698682308197],"p":[528.8065795898438,260.576904296875,28.778059005737306]},"j":true},{"t":4.562509775161743,"c":{"r":[0.6411455869674683,-1.5388292240459124e-7,-0.7674192786216736,-8.659991834747416e-9,1,-2.0775506470727124e-7,0.7674192786216736,1.3984708857606166e-7,0.6411455869674683],"p":[530.37646484375,262.17535400390627,27.811607360839845]},"j":false},{"t":4.6289963722229,"c":{"r":[0.803926944732666,-1.7079329950320244e-7,-0.5947280526161194,1.5178621026734619e-8,1,-2.6666103281058897e-7,0.5947280526161194,2.053488543651838e-7,0.803926944732666],"p":[531.8861083984375,263.1846618652344,26.314102172851564]},"j":false},{"t":4.695607423782349,"c":{"r":[0.8131000399589539,-5.988598417161484e-8,-0.5821239948272705,1.209510935851199e-9,1,-1.0118553461779811e-7,0.5821239948272705,8.156987973961805e-8,0.8131000399589539],"p":[533.137451171875,263.2106628417969,24.586374282836915]},"j":false},{"t":4.762584209442139,"c":{"r":[0.8131020069122315,2.36871215975043e-8,-0.5821211934089661,-1.07857447417814e-8,1,2.562561185470713e-8,0.5821211934089661,-1.4557625327427104e-8,0.8131020069122315],"p":[534.379638671875,261.9659423828125,22.851755142211915]},"j":false},{"t":4.829219579696655,"c":{"r":[0.8131020069122315,5.64288669124835e-8,-0.5821211934089661,-1.1895981977261272e-8,1,8.032041876049334e-8,0.5821211934089661,-5.838379024680762e-8,0.8131020069122315],"p":[535.621826171875,260.5205078125,21.117136001586915]},"j":false},{"t":4.896061420440674,"c":{"r":[0.8048942685127258,-6.23849985004199e-8,-0.593418300151825,1.8495649456440334e-8,1,-8.004127494132263e-8,0.593418300151825,5.3449102921376837e-8,0.8048942685127258],"p":[536.8705444335938,260.6700744628906,19.38736343383789]},"j":false},{"t":4.962167024612427,"c":{"r":[0.804894208908081,-7.175284366667256e-9,-0.5934183597564697,-8.413395674589097e-11,1,-1.220556011816143e-8,0.5934183597564697,9.874110418195415e-9,0.804894208908081],"p":[538.1361694335938,260.6861572265625,17.67021369934082]},"j":false},{"t":5.029672622680664,"c":{"r":[0.7965309023857117,8.85143833784241e-8,-0.604597806930542,-2.9149726188393289e-8,1,1.0799861627219798e-7,0.604597806930542,-6.840037514166397e-8,0.7965309023857117],"p":[539.4044189453125,260.6876220703125,15.95500373840332]},"j":false},{"t":5.09679651260376,"c":{"r":[0.7965312004089356,-2.5695642946743648e-8,-0.6045974493026733,1.0181040011048026e-8,1,-2.9087333430766195e-8,0.6045974493026733,1.7013539022059377e-8,0.7965312004089356],"p":[540.6939697265625,260.6876525878906,14.25539493560791]},"j":false},{"t":5.1624696254730229,"c":{"r":[0.7660456895828247,-4.0566821013499069e-8,-0.6427860856056213,1.2637853430419455e-8,1,-4.8049649592485369e-8,0.6427860856056213,2.8684791431032864e-8,0.7660456895828247],"p":[542.0217895507813,260.6876525878906,12.585988998413086]},"j":false},{"t":5.228567361831665,"c":{"r":[0.7660456895828247,5.535946101531408e-8,-0.6427860856056213,-2.0984138870971948e-8,1,6.111621075888252e-8,0.6427860856056213,-3.3329499160572598e-8,0.7660456895828247],"p":[543.3071899414063,260.6876525878906,11.053882598876954]},"j":false},{"t":5.296669006347656,"c":{"r":[0.7660456895828247,1.5728589985997133e-8,-0.6427860856056213,-5.1743676010573839e-9,1,1.8302802828884525e-8,0.6427860856056213,-1.0694772178965195e-8,0.7660456895828247],"p":[544.7639770507813,260.6876525878906,9.317511558532715]},"j":false},{"t":5.363219499588013,"c":{"r":[0.7660456895828247,-8.698400932871664e-8,-0.6427860856056213,3.299551565305592e-8,1,-9.600073269666609e-8,0.6427860856056213,5.23318881562318e-8,0.7660456895828247],"p":[546.1350708007813,260.6876525878906,7.683279514312744]},"j":false},{"t":5.429593801498413,"c":{"r":[0.7660456895828247,3.2728401322401626e-8,-0.6427860856056213,-1.3040782675943774e-8,1,3.537500958827877e-8,0.6427860856056213,-1.8716441729793588e-8,0.7660456895828247],"p":[547.5061645507813,260.6876525878906,6.049047946929932]},"j":false},{"t":5.495610952377319,"c":{"r":[0.7660456895828247,4.538149411814629e-8,-0.6427860856056213,-1.7519925066267207e-8,1,4.972172007455811e-8,0.6427860856056213,-2.6827546406593684e-8,0.7660456895828247],"p":[548.8772583007813,260.6876525878906,4.414816379547119]},"j":false},{"t":5.55567741394043,"c":{"r":[0.7660451531410217,-6.338493108160037e-8,-0.6427867412567139,2.5078481513673979e-8,1,-6.872213731412558e-8,0.6427867412567139,3.652414548582783e-8,0.7660451531410217],"p":[550.0769653320313,260.6876525878906,2.984863758087158]},"j":false},{"t":5.6203696727752689,"c":{"r":[0.7660451531410217,-1.5398283537138014e-8,-0.6427867412567139,5.945627545855814e-9,1,-1.6869769581262518e-8,0.6427867412567139,9.10123532094076e-9,0.7660451531410217],"p":[551.4480590820313,260.6876525878906,1.3506338596343995]},"j":false},{"t":5.687621593475342,"c":{"r":[0.7660451531410217,9.46868823348268e-8,-0.6427867412567139,-3.7581596501468087e-8,1,1.0251872595290479e-7,0.6427867412567139,-5.43770255490017e-8,0.7660451531410217],"p":[552.8191528320313,260.6876525878906,-0.28359583020210268]},"j":false},{"t":5.754699945449829,"c":{"r":[0.7660451531410217,-3.126413616882928e-8,-0.6427867412567139,1.2521044645552593e-8,1,-3.371639323290765e-8,0.6427867412567139,1.7779919758709185e-8,0.7660451531410217],"p":[554.1902465820313,260.6876525878906,-1.9178253412246705]},"j":false},{"t":5.8218607902526859,"c":{"r":[0.7705144882202148,-4.69562202454199e-8,-0.6374224424362183,1.8581882699209019e-8,1,-5.120405077718715e-8,0.6374224424362183,2.7608955122104818e-8,0.7705144882202148],"p":[555.560302734375,260.6876525878906,-3.5529398918151857]},"j":false},{"t":5.888106346130371,"c":{"r":[0.7922910451889038,7.757075337622155e-8,-0.6101433038711548,-3.476957743941966e-8,1,8.19858669842688e-8,0.6101433038711548,-4.374224360503831e-8,0.7922910451889038],"p":[556.8959350585938,260.6876525878906,-5.216338157653809]},"j":false},{"t":5.954959154129028,"c":{"r":[0.7965309023857117,1.6359390231368565e-10,-0.6045978665351868,6.347983250165612e-10,1,1.106901681424688e-9,0.6045978665351868,-1.2654790548793927e-9,0.7965309023857117],"p":[558.1911010742188,260.6876525878906,-6.91152286529541]},"j":false},{"t":6.021469354629517,"c":{"r":[0.8048945665359497,-8.423975117466398e-8,-0.5934178233146668,3.9715384758665098e-8,1,-8.808810036953219e-8,0.5934178233146668,4.733382041877121e-8,0.8048945665359497],"p":[559.3930053710938,260.6876525878906,-8.5101957321167]},"j":false},{"t":6.08735466003418,"c":{"r":[0.8090178966522217,4.4836834689476748e-8,-0.5877839922904968,-2.1661749727286407e-8,1,4.646620510584398e-8,0.5877839922904968,-2.4859561520429453e-8,0.8090178966522217],"p":[560.7326049804688,260.6876525878906,-10.338566780090332]},"j":false},{"t":6.154364347457886,"c":{"r":[0.8131011724472046,3.823205574349231e-8,-0.5821223855018616,-1.858110998398388e-8,1,3.9723143885339599e-8,0.5821223855018616,-2.148245670241522e-8,0.8131011724472046],"p":[561.98095703125,260.6876525878906,-12.068503379821778]},"j":false},{"t":6.221424102783203,"c":{"r":[0.804893970489502,-9.520093158243981e-8,-0.5934186577796936,4.463784719632713e-8,1,-9.988259108695274e-8,0.5934186577796936,5.3905964136902187e-8,0.804893970489502],"p":[563.2311401367188,260.6876525878906,-13.797185897827149]},"j":false},{"t":6.287741661071777,"c":{"r":[0.7569959759712219,1.128410076489672e-8,-0.6534194946289063,-2.7209150488261004e-9,1,1.4117085278542163e-8,0.6534194946289063,-8.908678239549772e-9,0.7569959759712219],"p":[564.5364379882813,260.6876525878906,-15.484134674072266]},"j":false},{"t":6.3538196086883549,"c":{"r":[0.6845475435256958,7.406829638512136e-8,-0.7289682030677795,-2.4273349552572655e-8,1,7.881281050003963e-8,0.7289682030677795,-3.6256619040386798e-8,0.6845475435256958],"p":[565.9860229492188,260.6876525878906,-17.048126220703126]},"j":false},{"t":6.421562433242798,"c":{"r":[0.5990253686904907,-6.10778201348694e-8,-0.8007300496101379,1.0581257647857001e-8,1,-6.83618424091037e-8,0.8007300496101379,3.247774671422121e-8,0.5990253686904907],"p":[567.6051025390625,260.6876525878906,-18.434925079345704]},"j":false},{"t":6.488067150115967,"c":{"r":[0.518028736114502,-1.960670381606633e-8,-0.8553631901741028,2.8688378339580824e-9,1,-2.118464337286241e-8,0.8553631901741028,8.520355976315841e-9,0.518028736114502],"p":[569.3836059570313,260.6876525878906,-19.610694885253908]},"j":false},{"t":6.51507830619812,"c":{"r":[0.518028736114502,2.7963142912312834e-8,-0.8553631901741028,-4.413871934616509e-9,1,3.001839488092628e-8,0.8553631901741028,-1.1774926811369824e-8,0.518028736114502],"p":[570.0679321289063,260.6876525878906,-20.025188446044923]},"j":true},{"t":6.5242156982421879,"c":{"r":[0.518028736114502,4.3806203109397759e-8,-0.8553631901741028,-6.839369515176941e-9,1,4.7071480935301227e-8,0.8553631901741028,-1.8534235479705786e-8,0.518028736114502],"p":[570.2960815429688,261.127197265625,-20.163330078125]},"j":true},{"t":6.531590938568115,"c":{"r":[0.518028736114502,5.964249538692457e-8,-0.8553631901741028,-9.263830591521583e-9,1,6.411728037392095e-8,0.8553631901741028,-2.5290653127285624e-8,0.518028736114502],"p":[570.5242309570313,261.5531005859375,-20.301471710205079]},"j":true},{"t":6.554228782653809,"c":{"r":[0.518028736114502,1.071107647021563e-7,-0.8553632497787476,-1.6531009450204693e-8,1,1.1521097320610352e-7,0.8553632497787476,-4.5542577709056789e-8,0.518028736114502],"p":[571.2086791992188,262.7491149902344,-20.715896606445314]},"j":false},{"t":6.621340036392212,"c":{"r":[0.5180287957191467,5.737849662068584e-8,-0.8553631901741028,-8.790534522518101e-9,1,6.17570918848287e-8,0.8553631901741028,-2.4472852189205697e-8,0.5180287957191467],"p":[573.0338745117188,265.3388977050781,-21.821029663085939]},"j":false},{"t":6.689608335494995,"c":{"r":[0.5297992825508118,-8.616670754690858e-8,-0.8481230735778809,1.316332554068822e-8,1,-9.337417594679209e-8,0.8481230735778809,3.830545125538265e-8,0.5297992825508118],"p":[574.8527221679688,267.05670166015627,-22.93638801574707]},"j":false},{"t":6.7538862228393559,"c":{"r":[0.5356155633926392,-7.067516349934522e-8,-0.8444619178771973,1.0438164110837534e-8,1,-7.70719452702906e-8,0.8444619178771973,3.2466299870748119e-8,0.5356155633926392],"p":[576.6622924804688,267.9024963378906,-24.066816329956056]},"j":false},{"t":6.8213183879852299,"c":{"r":[0.5358280539512634,9.7126742204523e-9,-0.8443270921707153,-4.070091819130539e-9,1,8.920482130747587e-9,0.8443270921707153,-1.3433559820086317e-9,0.5358280539512634],"p":[578.463623046875,267.87628173828127,-25.209442138671876]},"j":false},{"t":6.888294219970703,"c":{"r":[0.535828173160553,8.955221630913002e-8,-0.8443270325660706,-1.850098740874273e-8,1,9.432229575168094e-8,0.8443270325660706,-3.491965827606691e-8,0.535828173160553],"p":[580.264404296875,266.97808837890627,-26.3525390625]},"j":false},{"t":6.955169677734375,"c":{"r":[0.5531707406044006,1.4763354272417929e-7,-0.8330678939819336,-3.238350032574999e-8,1,1.557135220764394e-7,0.8330678939819336,-5.915851275517525e-8,0.5531707406044006],"p":[582.0559692382813,265.2079162597656,-27.510360717773439]},"j":false},{"t":7.021841526031494,"c":{"r":[0.5533931851387024,1.795374942048511e-7,-0.8329201340675354,-4.5274830995367668e-8,1,1.8547120816947427e-7,0.8329201340675354,-6.492818727110716e-8,0.5533931851387024],"p":[583.8335571289063,262.56573486328127,-28.690465927124025]},"j":false},{"t":7.088775396347046,"c":{"r":[0.5591546297073364,-5.515838807923501e-8,-0.8290634155273438,1.0873693057078527e-8,1,-5.919729773040672e-8,0.8290634155273438,2.408546073695561e-8,0.5591546297073364],"p":[585.6090087890625,259.0515441894531,-29.873674392700197]},"j":false},{"t":7.154293060302734,"c":{"r":[0.5591946244239807,-1.0234843017542517e-7,-0.8290364146232605,2.4200007331387498e-8,1,-1.0713149833918578e-7,0.8290364146232605,3.9844668009436648e-8,0.5591946244239807],"p":[587.3775634765625,254.66531372070313,-31.066598892211915]},"j":false},{"t":7.2202370166778568,"c":{"r":[0.5591946244239807,-8.361227799014159e-8,-0.8290364146232605,2.27223946325239e-8,1,-8.552824937169135e-8,0.8290364146232605,2.898924478245135e-8,0.5591946244239807],"p":[589.1461181640625,249.40711975097657,-32.2595329284668]},"j":false},{"t":7.287630319595337,"c":{"r":[0.5591946244239807,-6.4940046229367e-8,-0.8290364146232605,2.124983389251156e-8,1,-6.399869789674995e-8,0.8290364146232605,1.8170842608355998e-8,0.5591946244239807],"p":[590.9146728515625,244.24159240722657,-33.45246505737305]},"j":false},{"t":7.354144811630249,"c":{"r":[0.5877864956855774,-4.587938562394811e-8,-0.8090160489082336,1.94645632944912e-8,1,-4.2568224500882937e-8,0.8090160489082336,9.273882994875749e-9,0.5877864956855774],"p":[592.6718139648438,244.45254516601563,-34.66204071044922]},"j":false},{"t":7.421256065368652,"c":{"r":[0.6896205544471741,-2.6278776488197765e-8,-0.7241708636283875,1.5503328398835948e-8,1,-2.152442668545973e-8,0.7241708636283875,3.6166274419713319e-9,0.6896205544471741],"p":[594.3162231445313,244.48526000976563,-36.017616271972659]},"j":false},{"t":7.4890851974487309,"c":{"r":[0.6946591138839722,-7.771247645393942e-9,-0.7193390727043152,1.0367567249147669e-8,1,-7.914520705476491e-10,0.7193390727043152,-6.908007055272947e-9,0.6946591138839722],"p":[595.8524169921875,244.4880828857422,-37.497703552246097]},"j":false},{"t":7.553753852844238,"c":{"r":[0.6946591138839722,1.0647329240498493e-8,-0.7193390727043152,5.249315204736149e-9,1,1.9870759260243177e-8,0.7193390727043152,-1.757944190217131e-8,0.6946591138839722],"p":[597.3865966796875,244.48825073242188,-38.979637145996097]},"j":false},{"t":7.620564222335815,"c":{"r":[0.6946596503257752,2.9003034640595616e-8,-0.719338595867157,1.4851163354645537e-10,1,4.0462449391043268e-8,0.719338595867157,-2.821446010159434e-8,0.6946596503257752],"p":[598.9207763671875,244.48825073242188,-40.461570739746097]},"j":false},{"t":7.687841415405273,"c":{"r":[0.7289688587188721,4.556800448085596e-8,-0.6845468282699585,-5.344687359354339e-9,1,6.087515203034855e-8,0.6845468282699585,-4.0717402782775028e-8,0.7289688587188721],"p":[600.4365234375,244.48825073242188,-41.96246337890625]},"j":false},{"t":7.754482984542847,"c":{"r":[0.7660443186759949,6.136973951242908e-8,-0.642787754535675,-1.2364190560276711e-8,1,8.073927659779656e-8,0.642787754535675,-5.3902315499954059e-8,0.7660443186759949],"p":[601.83544921875,244.48825073242188,-43.57234573364258]},"j":false},{"t":7.8208537101745609,"c":{"r":[0.7660443186759949,7.953821068440448e-8,-0.642787754535675,-1.951573835867748e-8,1,1.0048151466435229e-7,0.642787754535675,-6.442881783641497e-8,0.7660443186759949],"p":[603.20654296875,244.48825073242188,-45.20656204223633]},"j":false},{"t":7.886576414108276,"c":{"r":[0.7660443186759949,9.764471542439424e-8,-0.642787754535675,-2.6642902994922225e-8,1,1.2015641459584004e-7,0.642787754535675,-7.491940579029688e-8,0.7660443186759949],"p":[604.57763671875,244.48825073242188,-46.84077835083008]},"j":false},{"t":7.954334735870361,"c":{"r":[0.7836943864822388,5.8430575933243747e-8,-0.6211466193199158,-1.732801457876576e-8,1,7.220631914606202e-8,0.6211466193199158,-4.582444645961914e-8,0.7836943864822388],"p":[605.9428100585938,244.48825073242188,-48.47996139526367]},"j":false},{"t":7.957735776901245,"c":{"r":[0.7836943864822388,5.8430575933243747e-8,-0.6211466193199158,-1.732801457876576e-8,1,7.220631914606202e-8,0.6211466193199158,-4.582444645961914e-8,0.7836943864822388],"p":[605.9428100585938,244.48825073242188,-48.47996139526367]},"j":true},{"t":7.965594053268433,"c":{"r":[0.7880112528800964,3.284661431735003e-8,-0.6156608462333679,-9.665992450891281e-9,1,4.097987371665113e-8,0.6156608462333679,-2.6341629322246264e-8,0.7880112528800964],"p":[606.1102905273438,244.9277801513672,-48.68745040893555]},"j":true},{"t":7.973726034164429,"c":{"r":[0.7921380400657654,6.998262414015244e-9,-0.6103419661521912,-1.7529828699736072e-9,1,9.19100795471195e-9,0.6103419661521912,-6.210627567782012e-9,0.7921380400657654],"p":[606.2753295898438,245.35369873046876,-48.896907806396487]},"j":true},{"t":8.020505905151368,"c":{"r":[0.8324971199035645,-9.58119983351935e-8,-0.5540293455123901,2.001297083609188e-8,1,-1.4286472094227066e-7,0.5540293455123901,1.0784670223529247e-7,0.8324971199035645],"p":[607.218994140625,247.623046875,-50.188560485839847]},"j":false},{"t":8.087369918823243,"c":{"r":[0.8405641913414002,-6.03245595698354e-8,-0.5417119264602661,-1.8327586115418626e-9,1,-1.1420296885944481e-7,0.5417119264602661,9.69877547163378e-8,0.8405641913414002],"p":[608.3834228515625,249.88584899902345,-51.975921630859378]},"j":false},{"t":8.148831129074097,"c":{"r":[0.844326913356781,4.3207091238173237e-8,-0.5358283519744873,-1.827832285528075e-8,1,5.1834160075259209e-8,0.5358283519744873,-3.397093450985267e-8,0.844326913356781],"p":[609.3858032226563,251.15049743652345,-53.55068588256836]},"j":false},{"t":8.212188959121704,"c":{"r":[0.8443276286125183,6.474346037066425e-8,-0.5358272194862366,-1.3857536451666875e-8,1,9.899303421434525e-8,0.5358272194862366,-7.615730623911077e-8,0.8443276286125183],"p":[610.5293579101563,251.77830505371095,-55.35189437866211]},"j":false},{"t":8.280330419540406,"c":{"r":[0.8367941975593567,-1.6445552475374826e-8,-0.5475175976753235,1.3612860172429464e-8,1,-9.23146714626455e-9,0.5475175976753235,2.715571933986638e-10,0.8367941975593567],"p":[611.68115234375,251.53411865234376,-57.14767074584961]},"j":false},{"t":8.345861673355103,"c":{"r":[0.8367646932601929,-1.1282607914608889e-7,-0.5475625991821289,4.1616434742763889e-8,1,-1.4245478041630123e-7,0.5475625991821289,9.641352960443328e-8,0.8367646932601929],"p":[612.84912109375,250.4179229736328,-58.932769775390628]},"j":false},{"t":8.412671566009522,"c":{"r":[0.8367646932601929,-2.234257401312334e-8,-0.5475625991821289,4.6040260492929978e-9,1,-3.376798929366487e-8,0.5475625991821289,2.5734868458471284e-8,0.8367646932601929],"p":[614.01708984375,248.4297332763672,-60.717864990234378]},"j":false},{"t":8.47962737083435,"c":{"r":[0.8367646932601929,9.44346680853414e-8,-0.5475625991821289,-4.154057364758046e-8,1,1.089829382294738e-7,0.5475625991821289,-6.844700