{"v":1,"d":[{"t":0,"j":false,"c":{"p":[420.3011779785156,271.2751770019531,99.89024353027344],"r":[0.13225427269935608,6.209688052649653e-8,-0.9912158250808716,8.665480777381163e-8,1,7.420921832590466e-8,0.9912158250808716,-9.570810277637065e-8,0.13225427269935608]}},{"t":0.062029123306274414,"j":false,"c":{"p":[422.2885437011719,271.2751770019531,99.67096710205078],"r":[0.07671680301427841,-7.663075507480244e-9,-0.9970529079437256,-1.8581957306196273e-8,1,-9.115487920041687e-9,0.9970529079437256,1.9226506609015814e-8,0.07671680301427841]}},{"t":0.1262834072113037,"j":false,"c":{"p":[424.2839660644531,271.2751770019531,99.5376968383789],"r":[0.06278841942548752,-3.497311595879182e-8,-0.9980268478393555,-5.3285933887536885e-8,1,-3.8394613710579506e-8,0.9980268478393555,5.559152782552701e-8,0.06278841942548752]}},{"t":0.19150471687316895,"j":false,"c":{"p":[426.4128723144531,271.2751770019531,99.4037857055664],"r":[0.06278818100690842,2.5686533788871202e-8,-0.9980268478393555,4.889852434075692e-8,1,2.8813635921665082e-8,0.9980268478393555,-5.061119878746467e-8,0.06278818100690842]}},{"t":0.20298361778259277,"j":true,"c":{"p":[426.6789855957031,271.2751770019531,99.38704681396484],"r":[0.06278818100690842,3.325441255697115e-8,-0.9980268478393555,6.164701460420474e-8,1,3.7198514490910384e-8,0.9980268478393555,-6.3861001819987e-8,0.06278818100690842]}},{"t":0.21477627754211426,"j":true,"c":{"p":[426.9450988769531,271.7147216796875,99.37030792236328],"r":[0.06278818100690842,4.0819056579266544e-8,-0.9980268478393555,7.43900514521556e-8,1,4.557980659569694e-8,0.9980268478393555,-7.710514182690531e-8,0.06278818100690842]}},{"t":0.22391366958618164,"j":true,"c":{"p":[427.3442687988281,272.3484802246094,99.3451919555664],"r":[0.09540610015392303,3.00212676940248e-9,-0.9954384565353394,9.554876356787645e-8,1,1.2173591912301163e-8,0.9954384565353394,-9.627434849335259e-8,0.09540610015392303]}},{"t":0.2569577693939209,"j":false,"c":{"p":[428.5369567871094,274.0658264160156,99.21472930908203],"r":[0.13849730789661407,-1.4544811222094722e-7,-0.990362823009491,2.0681584445014778e-8,1,-1.4397123493381514e-7,0.990362823009491,-5.426440963240964e-10,0.13849730789661407]}},{"t":0.2934305667877197,"j":true,"c":{"p":[429.5877685546875,275.3607177734375,99.0336685180664],"r":[0.22698740661144257,-1.6953538306552218e-7,-0.9738976955413818,-8.520503053111028e-11,1,-1.7409911379218102e-7,0.9738976955413818,3.960128935887042e-8,0.22698740661144257]}},{"t":0.3228168487548828,"j":false,"c":{"p":[430.61944580078125,276.4376220703125,98.76415252685547],"r":[0.28841277956962585,-1.7378690131408803e-7,-0.9575061798095703,9.479028229009145e-9,1,-1.7864431356429122e-7,0.9575061798095703,4.244707341172216e-8,0.28841277956962585]}},{"t":0.3835103511810303,"j":false,"c":{"p":[432.4921569824219,277.8692321777344,98.0662612915039],"r":[0.3998558521270752,-1.5511083972796769e-7,-0.9165780544281006,8.561802822271147e-9,1,-1.654931196526377e-7,0.9165780544281006,5.832583127585167e-8,0.3998558521270752]}},{"t":0.44800472259521484,"j":false,"c":{"p":[434.30401611328125,278.534423828125,97.22012329101562],"r":[0.438343346118927,-1.111733212155741e-7,-0.8988075852394104,5.233573130425384e-9,1,-1.2113740410768514e-7,0.8988075852394104,4.8395801144351935e-8,0.438343346118927]}},{"t":0.5157010555267334,"j":false,"c":{"p":[436.3312072753906,278.36181640625,96.20648193359375],"r":[0.47485989332199097,-9.703487791057341e-8,-0.8800613880157471,5.0611461688276904e-9,1,-1.075283364571078e-7,0.8800613880157471,4.660677532797308e-8,0.47485989332199097]}},{"t":0.5822153091430664,"j":false,"c":{"p":[438.0849304199219,277.39202880859375,95.2448501586914],"r":[0.4817515015602112,-8.602928858181258e-8,-0.8763078451156616,6.008175290617146e-9,1,-9.486944207992565e-8,0.8763078451156616,4.0438486337279755e-8,0.4817515015602112]}},{"t":0.6485226154327393,"j":false,"c":{"p":[439.953857421875,275.5128479003906,94.21592712402344],"r":[0.48773422837257385,-4.519341700870427e-8,-0.8729921579360962,5.214459974922647e-9,1,-4.885513149588405e-8,0.8729921579360962,1.9276138019108657e-8,0.48773422837257385]}},{"t":0.7160587310791016,"j":false,"c":{"p":[441.9325866699219,272.5607604980469,93.11017608642578],"r":[0.48785796761512756,-1.6400854008224997e-8,-0.8729230165481567,4.9399950796669145e-9,1,-1.6027572158350267e-8,0.8729230165481567,3.5069434023426993e-9,0.48785796761512756]}},{"t":0.7791714668273926,"j":false,"c":{"p":[443.5621032714844,269.3904724121094,92.19950103759766],"r":[0.48785796761512756,7.2035981624196666e-9,-0.8729230165481567,4.718608614950881e-9,1,1.0889401380609343e-8,0.8729230165481567,-9.431463610098945e-9,0.48785796761512756]}},{"t":0.8459179401397705,"j":false,"c":{"p":[445.5408020019531,264.6432800292969,91.09368133544922],"r":[0.48785796761512756,3.57713432208584e-8,-0.8729230165481567,4.450680712864141e-9,1,4.3466194199481833e-8,0.8729230165481567,-2.5090431066132624e-8,0.48785796761512756]}},{"t":0.909797191619873,"j":false,"c":{"p":[447.2867126464844,259.6370544433594,90.11795806884766],"r":[0.48785796761512756,6.089211268545114e-8,-0.8729230165481567,4.215088278414214e-9,1,7.211228592041152e-8,0.8729230165481567,-3.886000143893398e-8,0.48785796761512756]}},{"t":0.9732444286346436,"j":false,"c":{"p":[449.0326232910156,253.86444091796875,89.1422348022461],"r":[0.48785796761512756,8.593245581778319e-8,-0.8729230165481567,3.9802672269217965e-9,1,1.0066667499586401e-7,0.8729230165481567,-5.258550572762033e-8,0.48785796761512756]}},{"t":1.035830020904541,"j":false,"c":{"p":[450.7785339355469,247.325439453125,88.16651153564453],"r":[0.48785796761512756,1.1089264972952151e-7,-0.8729230165481567,3.746191357123507e-9,1,1.2912965985378833e-7,0.8729230165481567,-6.626707005352728e-8,0.48785796761512756]}},{"t":1.0968890190124512,"j":false,"c":{"p":[452.5244445800781,240.02003479003906,87.19078826904297],"r":[0.48785775899887085,1.3577295021605096e-7,-0.8729231357574463,3.512861557197766e-9,1,1.5750153181670612e-7,0.8729231357574463,-7.990480099806518e-8,0.48785775899887085]}},{"t":1.1593351364135742,"j":false,"c":{"p":[454.2718811035156,238.83111572265625,86.21784973144531],"r":[0.4817517399787903,-7.716441530192242e-8,-0.8763077259063721,-3.0586257970810493e-9,1,-8.973778165000112e-8,0.8763077259063721,4.5911630053296903e-8,0.4817517399787903]}},{"t":1.22381591796875,"j":false,"c":{"p":[456.024658203125,238.98304748535156,85.25435638427734],"r":[0.4817516505718231,-7.998130513442447e-8,-0.8763077855110168,-2.6367690253437104e-9,1,-9.272035583762772e-8,0.8763077855110168,4.697880839898971e-8,0.4817516505718231]}},{"t":1.2900409698486328,"j":false,"c":{"p":[457.894287109375,238.99916076660156,84.22664642333984],"r":[0.48175156116485596,-8.297605091911464e-8,-0.8763078451156616,-2.1882768930225893e-9,1,-9.589125227194017e-8,0.8763078451156616,4.8113363959600974e-8,0.48175156116485596]}},{"t":1.3579001426696777,"j":false,"c":{"p":[459.8807678222656,239.00059509277344,83.13470458984375],"r":[0.4817518889904022,-8.614675550688844e-8,-0.8763076663017273,-1.713421071691812e-9,1,-9.9248474327851e-8,0.8763076663017273,4.9314621719531715e-8,0.4817518889904022]}},{"t":1.4230523109436035,"j":false,"c":{"p":[461.633544921875,239.00067138671875,82.17122650146484],"r":[0.48175176978111267,-8.893489678030164e-8,-0.8763077259063721,-1.2958649708849634e-9,1,-1.0220060886467763e-7,0.8763077259063721,5.0370900339657965e-8,0.48175176978111267]}},{"t":1.4893441200256348,"j":false,"c":{"p":[463.503173828125,239.00067138671875,81.14351654052734],"r":[0.48175159096717834,-9.189907501649941e-8,-0.8763078451156616,-8.519401295536966e-10,1,-1.053391258665215e-7,0.8763078451156616,5.1493852737394263e-8,0.48175159096717834]}},{"t":1.5569565296173096,"j":false,"c":{"p":[465.372802734375,239.00067138671875,80.11580657958984],"r":[0.4817519187927246,-9.485311380785788e-8,-0.8763076663017273,-4.095303263174088e-10,1,-1.0846694209476482e-7,0.8763076663017273,5.261302860049e-8,0.4817519187927246]}},{"t":1.6251850128173828,"j":false,"c":{"p":[467.3592834472656,239.00067138671875,79.02386474609375],"r":[0.4817517101764679,-9.798077371669933e-8,-0.8763077855110168,5.887768050882869e-11,1,-1.1177854730703984e-7,0.8763077855110168,5.379790835036147e-8,0.4817517101764679]}},{"t":1.6862397193908691,"j":false,"c":{"p":[469.11566162109375,239.00067138671875,78.06724548339844],"r":[0.47562217712402344,-1.0110566961429868e-7,-0.8796496987342834,4.545002429967582e-10,1,-1.1469281702147782e-7,0.8796496987342834,5.415064663338853e-8,0.47562217712402344]}},{"t":1.7569420337677002,"j":false,"c":{"p":[470.99212646484375,239.00067138671875,77.05259704589844],"r":[0.47562238574028015,-1.0402959560451563e-7,-0.8796495795249939,8.70778338324385e-10,1,-1.1779172126580306e-7,0.8796495795249939,5.525840052200692e-8,0.47562238574028015]}},{"t":1.8264973163604736,"j":false,"c":{"p":[472.9858703613281,239.00067138671875,75.97453308105469],"r":[0.4756220579147339,-1.0712538056623089e-7,-0.8796497583389282,1.3115141195285673e-9,1,-1.2107273050787626e-7,0.8796497583389282,5.6431186834515756e-8,0.4756220579147339]}},{"t":1.8906984329223633,"j":false,"c":{"p":[474.8623352050781,239.00067138671875,74.95988464355469],"r":[0.4756220579147339,-1.1002877897681174e-7,-0.8796497583389282,1.724862142005179e-9,1,-1.241498637227778e-7,0.8796497583389282,5.753113541118182e-8,0.4756220579147339]}},{"t":1.953606128692627,"j":false,"c":{"p":[476.62152099609375,239.00067138671875,74.00865173339844],"r":[0.4756222665309906,-1.1274170219621737e-7,-0.8796496391296387,2.1110941883506484e-9,1,-1.2702514595730463e-7,0.8796496391296387,5.855896034745456e-8,0.4756222665309906]}},{"t":2.015780210494995,"j":false,"c":{"p":[478.3807067871094,239.00067138671875,73.05741882324219],"r":[0.4756222665309906,-1.154459638996741e-7,-0.8796496391296387,2.4960884470459632e-9,1,-1.2989123376883072e-7,0.8796496391296387,5.958347770729233e-8,0.4756222665309906]}},{"t":2.078479766845703,"j":false,"c":{"p":[480.139892578125,239.00067138671875,72.10618591308594],"r":[0.4756222665309906,-1.181415640871819e-7,-0.8796496391296387,2.8798456952472407e-9,1,-1.3274814136821078e-7,0.8796496391296387,6.060471235969089e-8,0.4756222665309906]}},{"t":2.1421754360198975,"j":false,"c":{"p":[481.8990783691406,239.00067138671875,71.15495300292969],"r":[0.4756222665309906,-1.2082854539130494e-7,-0.8796496391296387,3.262377257229332e-9,1,-1.3559591138800897e-7,0.8796496391296387,6.162268562093232e-8,0.4756222665309906]}},{"t":2.2067155838012695,"j":false,"c":{"p":[483.64312744140625,239.00067138671875,70.1764144897461],"r":[0.5120406746864319,-1.2079985367563495e-7,-0.8589612245559692,3.7069054492633313e-9,1,-1.3842506518813025e-7,0.8589612245559692,6.769517568727679e-8,0.5120406746864319]}},{"t":2.2728803157806396,"j":false,"c":{"p":[485.469482421875,239.00067138671875,69.0739974975586],"r":[0.5239840745925903,-1.226837156309557e-7,-0.8517280220985413,4.2618215623235756e-9,1,-1.4141907911380258e-7,0.8517280220985413,7.047143668614808e-8,0.5239840745925903]}},{"t":2.3411707878112793,"j":false,"c":{"p":[487.3948669433594,239.00067138671875,67.87808227539062],"r":[0.5299175977706909,6.967064081209173e-8,-0.8480491638183594,-2.2648107833589393e-9,1,8.073881474501832e-8,0.8480491638183594,-4.0864247097260886e-8,0.5299175977706909]}},{"t":2.406825065612793,"j":false,"c":{"p":[489.0793762207031,239.00067138671875,66.80001068115234],"r":[0.5533896088600159,6.089214821258793e-8,-0.8329225182533264,-2.9695104153404372e-9,1,7.113369093758592e-8,0.8329225182533264,-3.6891275811967716e-8,0.5533896088600159]}},{"t":2.473520040512085,"j":false,"c":{"p":[490.8519287109375,239.00067138671875,65.61305236816406],"r":[0.5649652481079102,3.5063028036574906e-8,-0.8251146674156189,-2.638322005310556e-9,1,4.068824210889943e-8,0.8251146674156189,-2.0810524858916324e-8,0.5649652481079102]}},{"t":2.5392963886260986,"j":false,"c":{"p":[492.6075439453125,239.00067138671875,64.40106964111328],"r":[0.5764303803443909,9.547335366733023e-9,-0.8171463012695312,-1.8846673111028167e-9,1,1.0354273882740017e-8,0.8171463012695312,-4.428468702855071e-9,0.5764303803443909]}},{"t":2.606154441833496,"j":false,"c":{"p":[494.35076904296875,239.00067138671875,63.17139434814453],"r":[0.5764303803443909,-1.5720061696811172e-8,-0.8171463012695312,-8.960275299507714e-10,1,-1.986983200197301e-8,0.8171463012695312,1.2185760844829474e-8,0.5764303803443909]}},{"t":2.666226387023926,"j":false,"c":{"p":[495.87603759765625,239.00067138671875,62.095375061035156],"r":[0.5764304399490356,-3.775834045427473e-8,-0.8171461820602417,-3.3734699061982454e-11,1,-4.623136717896159e-8,0.8171461820602417,2.667673548728544e-8,0.5764304399490356]}},{"t":2.7316372394561768,"j":false,"c":{"p":[497.61151123046875,239.00067138671875,60.85482406616211],"r":[0.5990219116210938,-6.180422928991902e-8,-0.8007326126098633,1.2496037538056726e-9,1,-7.624978337616994e-8,0.8007326126098633,4.467469238988997e-8,0.5990219116210938]}},{"t":2.7982497215270996,"j":false,"c":{"p":[499.32000732421875,239.00067138671875,59.57744216918945],"r":[0.5990216732025146,-8.682456353881207e-8,-0.8007328510284424,3.0638407366723186e-9,1,-1.0613933909553452e-7,0.8007328510284424,6.112644257427746e-8,0.5990216732025146]}},{"t":2.8660476207733154,"j":false,"c":{"p":[501.1299133300781,239.00067138671875,58.21311569213867],"r":[0.6101436614990234,-1.1230865482048102e-7,-0.7922908067703247,5.16638021252902e-9,1,-1.3777317064977979e-7,0.7922908067703247,7.996815298838555e-8,0.6101436614990234]}},{"t":2.9304585456848145,"j":false,"c":{"p":[502.7146911621094,239.00067138671875,56.99285125732422],"r":[0.6101435422897339,7.852839445376958e-8,-0.7922908663749695,-3.0257318872628503e-9,1,9.678549162117633e-8,0.7922908663749695,-5.6655782287862166e-8,0.6101435422897339]}},{"t":2.994961738586426,"j":false,"c":{"p":[504.2994689941406,239.00067138671875,55.77256774902344],"r":[0.615659773349762,4.628655503324808e-8,-0.7880120873451233,-2.2440593827610655e-9,1,5.6985140162169046e-8,0.7880120873451233,-3.3315110670173453e-8,0.615659773349762]}},{"t":3.0568156242370605,"j":false,"c":{"p":[505.8684387207031,239.00067138671875,54.5323371887207],"r":[0.6266019940376282,1.4063934905550468e-8,-0.7793394327163696,-8.927243944079066e-10,1,1.7328202872590737e-8,0.7793394327163696,-1.0162151120596263e-8,0.6266019940376282]}},{"t":3.122596263885498,"j":false,"c":{"p":[507.5290222167969,239.00067138671875,53.19313430786133],"r":[0.6320277452468872,-1.9796690509110704e-8,-0.7749457955360413,8.898853876004864e-10,1,-2.4820135280378963e-8,0.7749457955360413,1.4997400654692683e-8,0.6320277452468872]}},{"t":3.1891283988952637,"j":false,"c":{"p":[509.1823425292969,239.00067138671875,51.84481430053711],"r":[0.6320277452468872,-5.358065280347546e-8,-0.7749457955360413,2.8498816639910274e-9,1,-6.681686670617637e-8,0.7749457955360413,4.0021610914209305e-8,0.6320277452468872]}},{"t":3.256624460220337,"j":false,"c":{"p":[510.8356628417969,239.00067138671875,50.49648666381836],"r":[0.6320276856422424,-8.724949651650604e-8,-0.7749457955360413,4.8032680055598576e-9,1,-1.0867044153428651e-7,0.7749457955360413,6.496045301673803e-8,0.6320276856422424]}},{"t":3.3228402137756348,"j":false,"c":{"p":[512.489013671875,239.00067138671875,49.14815902709961],"r":[0.6320279240608215,-3.668653647537212e-8,-0.7749456167221069,2.058283099515279e-9,1,-4.566210165535267e-8,0.7749456167221069,2.726466519220594e-8,0.6320279240608215]}},{"t":3.3512532711029053,"j":true,"c":{"p":[513.1090087890625,239.00067138671875,48.64253616333008],"r":[0.6320280432701111,3.47694033564494e-8,-0.7749454975128174,-1.899164825402977e-9,1,4.3317982090229634e-8,0.7749454975128174,-2.59064307783774e-8,0.6320280432701111]}},{"t":3.3591253757476807,"j":true,"c":{"p":[513.315673828125,239.44020080566406,48.473995208740234],"r":[0.632027804851532,5.8567703575818086e-8,-0.7749456763267517,-3.2171927344393225e-9,1,7.295265902484971e-8,0.7749456763267517,-4.3614960532067926e-8,0.632027804851532]}},{"t":3.3678455352783203,"j":true,"c":{"p":[513.6256713867188,240.07395935058594,48.22118377685547],"r":[0.632027804851532,9.42460687269886e-8,-0.7749456763267517,-5.193183660878731e-9,1,1.17380913877696e-7,0.7749456763267517,-7.016356562417059e-8,0.632027804851532]}},{"t":3.389691114425659,"j":false,"c":{"p":[514.142333984375,241.06210327148438,47.79983139038086],"r":[0.632027804851532,9.701249581439697e-8,-0.7749457359313965,-5.355601739864824e-9,1,1.2081827094334585e-7,0.7749457359313965,-7.221020581482662e-8,0.632027804851532]}},{"t":3.4420242309570312,"j":true,"c":{"p":[515.38232421875,243.08621215820312,46.7885856628418],"r":[0.632027804851532,6.969533927758675e-8,-0.7749457359313965,-3.870214815293593e-9,1,8.677931617739887e-8,0.7749457359313965,-5.1847731441512224e-8,0.632027804851532]}},{"t":3.456418037414551,"j":false,"c":{"p":[515.795654296875,243.65191650390625,46.45150375366211],"r":[0.6320277452468872,6.060517421246914e-8,-0.7749457359313965,-3.37592487298366e-9,1,7.545236968553581e-8,0.7749457359313965,-4.507183604118836e-8,0.6320277452468872]}},{"t":3.5233938694000244,"j":false,"c":{"p":[517.448974609375,245.36972045898438,45.10317611694336],"r":[0.632027804851532,2.4322005742760666e-8,-0.7749457359313965,-1.402928995197783e-9,1,3.024123529371536e-8,0.7749457359313965,-1.8026106829438504e-8,0.632027804851532]}},{"t":3.590304374694824,"j":false,"c":{"p":[519.102294921875,246.2155303955078,43.75484848022461],"r":[0.632027804851532,-1.1837443025797256e-8,-0.7749457359313965,5.634108735108612e-10,1,-1.4815684679092556e-8,0.7749457359313965,8.92731222279508e-9,0.632027804851532]}},{"t":3.6562283039093018,"j":false,"c":{"p":[520.667236328125,246.2297821044922,42.351314544677734],"r":[0.7514675855636597,-1.7681612973774463e-7,-0.6597700119018555,1.4124982072871717e-8,1,-2.519084887353529e-7,0.6597700119018555,1.799818107883766e-7,0.7514675855636597]}},{"t":3.7278199195861816,"j":false,"c":{"p":[521.70703125,246.2280731201172,40.924922943115234],"r":[0.8329198956489563,2.1461238119968584e-8,-0.5533936023712158,4.919473717279743e-9,1,4.6185508750795634e-8,0.5533936023712158,-4.1191235311544006e-8,0.8329198956489563]}},{"t":3.7653136253356934,"j":true,"c":{"p":[522.2173461914062,246.31820678710938,40.15687561035156],"r":[0.8329200744628906,-5.332631758392381e-8,-0.5533932447433472,3.8351785747181566e-8,1,-3.8638610533325846e-8,0.5533932447433472,1.0959255725140338e-8,0.8329200744628906]}},{"t":3.7764625549316406,"j":true,"c":{"p":[522.3307495117188,246.7577362060547,39.98619842529297],"r":[0.8329200744628906,-6.992624435042671e-8,-0.5533933043479919,4.577245604764357e-8,1,-5.7466266412120603e-8,0.5533933043479919,2.2534635490956134e-8,0.8329200744628906]}},{"t":3.7880828380584717,"j":true,"c":{"p":[522.509033203125,247.39149475097656,39.717777252197266],"r":[0.8329200744628906,-9.4812840245595e-8,-0.5533933043479919,5.689752313742247e-8,1,-8.569266896074623e-8,0.5533933043479919,3.988843744195947e-8,0.8329200744628906]}},{"t":3.797463893890381,"j":false,"c":{"p":[522.69970703125,247.99459838867188,39.430747985839844],"r":[0.8329201340675354,-1.1968349156177283e-7,-0.5533932447433472,6.801546703627537e-8,1,-1.1390100240760148e-7,0.5533932447433472,5.723113361000287e-8,0.8329201340675354]}},{"t":3.866097927093506,"j":false,"c":{"p":[523.9293823242188,250.8331298828125,37.58010482788086],"r":[0.8365240097045898,-3.229720135777825e-8,-0.5479302406311035,9.660610089667898e-9,1,-4.419516841380755e-8,0.5479302406311035,3.1676979261874294e-8,0.8365240097045898]}},{"t":3.9321236610412598,"j":false,"c":{"p":[524.9915161132812,252.5202178955078,35.885807037353516],"r":[0.8756573796272278,-5.0965784481604715e-8,-0.4829328954219818,-2.358808437463722e-8,1,-1.4830396821707836e-7,0.4829328954219818,1.4125492953098728e-7,0.8756573796272278]}},{"t":3.9963369369506836,"j":false,"c":{"p":[525.9837036132812,253.47503662109375,33.997352600097656],"r":[0.8894137144088745,-8.647382543358617e-8,-0.4571031630039215,3.796088066110315e-8,1,-1.1531511034945652e-7,0.4571031630039215,8.52108001936358e-8,0.8894137144088745]}},{"t":4.05786657333374,"j":false,"c":{"p":[526.823486328125,253.69058227539062,32.36390686035156],"r":[0.8894152641296387,-9.290983626897287e-8,-0.4571000933647156,8.192963463216074e-8,1,-4.384241947263945e-8,0.4571000933647156,1.5440762002327801e-9,0.8894152641296387]}},{"t":4.118194580078125,"j":false,"c":{"p":[527.51025390625,254.93544006347656,31.027385711669922],"r":[0.8894152641296387,-8.752294178293596e-8,-0.45710012316703796,1.1230635976744452e-7,1,2.7048884021496633e-8,0.45710012316703796,-7.539293989111684e-8,0.8894152641296387]}},{"t":4.156177282333374,"j":true,"c":{"p":[527.9200439453125,255.72964477539062,30.229829788208008],"r":[0.8894152641296387,1.8600525564238524e-8,-0.45710015296936035,-8.712111032593839e-9,1,2.374062013643652e-8,0.45710015296936035,-1.7132961716015416e-8,0.8894152641296387]}},{"t":4.165732145309448,"j":true,"c":{"p":[527.965576171875,255.95111083984375,30.141212463378906],"r":[0.8894152045249939,3.037944651396174e-8,-0.45710015296936035,-2.2144263311929535e-8,1,2.3373432966877772e-8,0.45710015296936035,-1.0666539651538187e-8,0.8894152045249939]}},{"t":4.179607629776001,"j":false,"c":{"p":[528.1973876953125,257.0243835449219,29.691919326782227],"r":[0.8697410225868225,8.801946904668512e-8,-0.49350839853286743,-8.916031646322153e-8,1,2.1221689294748103e-8,0.49350839853286743,2.5543993587007208e-8,0.8697410225868225]}},{"t":4.181499719619751,"j":true,"c":{"p":[528.1973876953125,257.0243835449219,29.691919326782227],"r":[0.8697410225868225,8.801946904668512e-8,-0.49350839853286743,-8.916031646322153e-8,1,2.1221689294748103e-8,0.49350839853286743,2.5543993587007208e-8,0.8697410225868225]}},{"t":4.2224037647247314,"j":true,"c":{"p":[528.7096557617188,258.7417297363281,28.77895736694336],"r":[0.8094763159751892,-3.8733418250558316e-8,-0.5871525406837463,-5.274647207897942e-8,1,-1.3868702808395028e-7,0.5871525406837463,1.4323408947802818e-7,0.8094763159751892]}},{"t":4.243495225906372,"j":false,"c":{"p":[529.1524658203125,259.73333740234375,28.138580322265625],"r":[0.7967234253883362,-1.001943061851307e-7,-0.6043440699577332,1.5838079292507246e-8,1,-1.449104019002334e-7,0.6043440699577332,1.0588185972437714e-7,0.7967234253883362]}},{"t":4.307434558868408,"j":false,"c":{"p":[530.3611450195312,261.6758728027344,26.545448303222656],"r":[0.7965290546417236,-1.3405652055098471e-7,-0.6046002507209778,1.2959499429143762e-7,1,-5.09929520831065e-8,0.6046002507209778,-3.773579493326906e-8,0.7965290546417236]}},{"t":4.373598098754883,"j":false,"c":{"p":[531.712646484375,262.9031677246094,24.89577293395996],"r":[0.7297707796096802,-1.2686092532021576e-7,-0.6836919188499451,4.0720042449038374e-8,1,-1.4208829668405087e-7,0.6836919188499451,7.585192207670843e-8,0.7297707796096802]}},{"t":4.440462112426758,"j":false,"c":{"p":[533.2996826171875,263.2517395019531,23.27776336669922],"r":[0.685483455657959,-6.34940064969669e-8,-0.7280882000923157,-5.659499890953157e-8,1,-1.4048977448055666e-7,0.7280882000923157,1.375095735056675e-7,0.685483455657959]}},{"t":4.507321834564209,"j":false,"c":{"p":[534.7699584960938,262.32366943359375,21.922012329101562],"r":[0.6743012070655823,9.257763444736611e-9,-0.7384564280509949,5.882164799686507e-8,1,6.624800619192683e-8,0.7384564280509949,-8.810833662664663e-8,0.6743012070655823]}},{"t":4.573904037475586,"j":false,"c":{"p":[536.359375,260.54461669921875,20.49924087524414],"r":[0.6534186601638794,6.031962840324923e-8,-0.756996750831604,2.8522890715976246e-8,1,1.0430297692209933e-7,0.756996750831604,-8.974524945415396e-8,0.6534186601638794]}},{"t":4.63955020904541,"j":false,"c":{"p":[537.98193359375,260.6573181152344,19.113981246948242],"r":[0.648118257522583,6.902168792066732e-8,-0.7615396976470947,-2.776356367029109e-10,1,9.039811033062506e-8,0.7615396976470947,-5.8377235490070234e-8,0.648118257522583]}},{"t":4.705123662948608,"j":false,"c":{"p":[539.60693359375,260.6850891113281,17.731321334838867],"r":[0.6481178998947144,-5.295046534570247e-8,-0.7615399956703186,-1.3986321434344973e-8,1,-8.143400265225864e-8,0.7615399956703186,6.342997949104756e-8,0.6481178998947144]}},{"t":4.773090124130249,"j":false,"c":{"p":[541.23193359375,260.6875305175781,16.348661422729492],"r":[0.6534194350242615,-4.114868445981301e-8,-0.7569960951805115,9.29671539751098e-9,1,-4.63331737421413e-8,0.7569960951805115,2.3237419100041734e-8,0.6534194350242615]}},{"t":4.8339338302612305,"j":false,"c":{"p":[542.7394409179688,260.6876525878906,15.034241676330566],"r":[0.669129490852356,-3.023263062118531e-8,-0.7431458830833435,3.052854324891996e-8,1,-1.3194020986873056e-8,0.7431458830833435,-1.3858652003762018e-8,0.669129490852356]}},{"t":4.894684314727783,"j":false,"c":{"p":[544.109619140625,260.6876525878906,13.766837120056152],"r":[0.7046327590942383,-2.1613113077023627e-8,-0.7095721960067749,4.914041795700541e-8,1,1.8338987217703107e-8,0.7095721960067749,-4.77909267715404e-8,0.7046327590942383]}},{"t":4.961446285247803,"j":false,"c":{"p":[545.5942993164062,260.6876525878906,12.235086441040039],"r":[0.7289671897888184,-1.2124498738330658e-8,-0.6845486164093018,6.853695566633178e-8,1,5.527246926817497e-8,0.6845486164093018,-8.720869004719134e-8,0.7289671897888184]}},{"t":5.025493144989014,"j":false,"c":{"p":[547.0391845703125,260.6876525878906,10.665586471557617],"r":[0.7384536266326904,-1.9382897509245822e-9,-0.6743042469024658,8.707622356496358e-8,1,9.248564225572409e-8,0.6743042469024658,-1.270122282903685e-7,0.7384536266326904]}},{"t":5.089241027832031,"j":false,"c":{"p":[548.3877563476562,260.6876525878906,9.18868350982666],"r":[0.7384535670280457,4.898931482699709e-9,-0.6743043065071106,-3.328160147475501e-8,1,-2.918265096241157e-8,0.6743043065071106,4.399196029680752e-8,0.7384535670280457]}},{"t":5.154218673706055,"j":false,"c":{"p":[549.8096313476562,260.6876525878906,7.598484992980957],"r":[0.747796356678009,-5.968989191806884e-10,-0.6639281511306763,-3.7113444761871506e-8,1,-4.2700701641251726e-8,0.6639281511306763,5.657209101173066e-8,0.747796356678009]}},{"t":5.22046422958374,"j":false,"c":{"p":[551.2222900390625,260.6876525878906,6.000179290771484],"r":[0.7615369558334351,-1.0860239818555328e-8,-0.6481215357780457,1.1756793760753226e-8,1,-2.942359689228624e-9,0.6481215357780457,-5.379115375347965e-9,0.7615369558334351]}},{"t":5.281442642211914,"j":false,"c":{"p":[552.3890991210938,260.6876525878906,4.544243335723877],"r":[0.8171440958976746,-2.2720996639691293e-8,-0.5764334201812744,5.205226116800077e-8,1,3.437205364775764e-8,0.5764334201812744,-5.809158665215364e-8,0.8171440958976746]}},{"t":5.348273515701294,"j":false,"c":{"p":[553.5733032226562,260.6876525878906,2.7701001167297363],"r":[0.8443264365196228,-3.6852661366992834e-8,-0.5358291864395142,9.459795080601907e-8,1,8.028470688259404e-8,0.5358291864395142,-1.1847483705196282e-7,0.8443264365196228]}},{"t":5.414931774139404,"j":false,"c":{"p":[554.7168579101562,260.6876525878906,0.968913197517395],"r":[0.8443264365196228,2.1376887815449663e-8,-0.5358291268348694,-4.8490790049982024e-8,1,-3.651381774716356e-8,0.5358291268348694,5.681235748511426e-8,0.8443264365196228]}},{"t":5.481108903884888,"j":false,"c":{"p":[555.8604125976562,260.6876525878906,-0.8323172926902771],"r":[0.8443264365196228,1.241596514489629e-8,-0.5358291864395142,-3.3689573797346384e-8,1,-2.9914446031398256e-8,0.5358291864395142,4.3309416497550046e-8,0.8443264365196228]}},{"t":5.547972202301025,"j":false,"c":{"p":[556.99951171875,260.6876525878906,-2.636227607727051],"r":[0.8480473160743713,-1.4124728942022102e-8,-0.5299205183982849,2.32531611743525e-8,1,1.0558285801209877e-8,0.5299205183982849,-2.127625364778396e-8,0.8480473160743713]}},{"t":5.615191459655762,"j":false,"c":{"p":[558.1168212890625,260.6876525878906,-4.453620910644531],"r":[0.8553628921508789,-4.122762931046964e-8,-0.5180292725563049,7.946879065912071e-8,1,5.163226646232033e-8,0.5180292725563049,-8.533148587730466e-8,0.8553628921508789]}},{"t":5.681737661361694,"j":false,"c":{"p":[559.2146606445312,260.6876525878906,-6.282896041870117],"r":[0.8589587807655334,-9.275163748156956e-9,-0.5120447874069214,1.9247204718908506e-8,1,1.4173353157787005e-8,0.5120447874069214,-2.2029755797348116e-8,0.8589587807655334]}},{"t":5.747488737106323,"j":false,"c":{"p":[560.3074340820312,260.6876525878906,-8.115339279174805],"r":[0.8589587807655334,3.301230222518825e-8,-0.5120447874069214,-6.29854710609834e-8,1,-4.1187064425685094e-8,0.5120447874069214,6.762937232451804e-8,0.8589587807655334]}},{"t":5.813879728317261,"j":false,"c":{"p":[561.4002075195312,260.6876525878906,-9.947782516479492],"r":[0.8589587807655334,-6.7950964854901486e-9,-0.5120447874069214,1.0642138725813766e-8,1,4.581750978616128e-9,0.5120447874069214,-9.384786281430024e-9,0.8589587807655334]}},{"t":5.879185438156128,"j":false,"c":{"p":[562.4929809570312,260.6876525878906,-11.78022575378418],"r":[0.8589587807655334,-4.646657458806658e-8,-0.5120447874069214,8.401849527217564e-8,1,5.0194525869073914e-8,0.5120447874069214,-8.61362536852539e-8,0.8589587807655334]}},{"t":5.940328598022461,"j":false,"c":{"p":[563.4491577148438,260.6876525878906,-13.383613586425781],"r":[0.8589587807655334,-7.5056956205799e-9,-0.5120447874069214,1.4061313002855513e-8,1,8.929673889213063e-9,0.5120447874069214,-1.4870242814879475e-8,0.8589587807655334]}},{"t":6.00920295715332,"j":false,"c":{"p":[564.6102294921875,260.6876525878906,-15.330584526062012],"r":[0.8589587807655334,3.060030806523173e-8,-0.5120447874069214,-5.5270689358621894e-8,1,-3.295597394981087e-8,0.5120447874069214,5.660889002001568e-8,0.8589587807655334]}},{"t":6.070367336273193,"j":false,"c":{"p":[565.6459350585938,260.6876525878906,-17.041608810424805],"r":[0.8443270921707153,-1.0014549189918398e-8,-0.5358281135559082,1.706123953226779e-8,1,8.194265710415038e-9,0.5358281135559082,-1.606053245950534e-8,0.8443270921707153]}},{"t":6.131894826889038,"j":false,"c":{"p":[566.697265625,260.6876525878906,-18.58311653137207],"r":[0.7836921811103821,-4.204725811973731e-8,-0.6211493611335754,8.678011909069028e-8,1,4.179613810606497e-8,0.6211493611335754,-8.665872286428566e-8,0.7836921811103821]}},{"t":6.198700666427612,"j":false,"c":{"p":[568.1142578125,260.6876525878906,-20.174556732177734],"r":[0.6691295504570007,3.1505729136682703e-9,-0.7431458234786987,2.1028623287122628e-9,1,6.1329288314482255e-9,0.7431458234786987,-5.66645708133251e-9,0.6691295504570007]}},{"t":6.266651630401611,"j":false,"c":{"p":[569.9214477539062,260.6876525878906,-21.534778594970703],"r":[0.5180253386497498,1.7797457729784583e-8,-0.8553652763366699,-5.9388256090642244e-8,1,-1.5159795196950654e-8,0.8553652763366699,5.865181051945001e-8,0.5180253386497498]}},{"t":6.270032644271851,"j":true,"c":{"p":[569.9214477539062,260.6876525878906,-21.534778594970703],"r":[0.5180253386497498,1.7797457729784583e-8,-0.8553652763366699,-5.9388256090642244e-8,1,-1.5159795196950654e-8,0.8553652763366699,5.865181051945001e-8,0.5180253386497498]}},{"t":6.275395631790161,"j":true,"c":{"p":[570.034912109375,260.90911865234375,-21.604764938354492],"r":[0.512040913105011,1.5204365766408046e-8,-0.8589610457420349,-5.3531998389644286e-8,1,-1.4210432830452646e-8,0.8589610457420349,5.325822627355592e-8,0.512040913105011]}},{"t":6.293086767196655,"j":true,"c":{"p":[570.4910888671875,261.7609558105469,-21.8809757232666],"r":[0.5002148747444153,5.24552046243798e-9,-0.8659012913703918,-3.0045242738196976e-8,1,-1.1298697977224492e-8,0.8659012913703918,3.166799089626693e-8,0.5002148747444153]}},{"t":6.330900192260742,"j":false,"c":{"p":[571.6494140625,263.652099609375,-22.54115104675293],"r":[0.4879879951477051,-4.5021533168210226e-8,-0.8728503584861755,3.0140469675643544e-8,1,-3.4729144005041235e-8,0.8728503584861755,-9.360715758077731e-9,0.4879879951477051]}},{"t":6.359063148498535,"j":true,"c":{"p":[572.3477783203125,264.6232604980469,-22.93150520324707],"r":[0.4878629148006439,-8.200515111411733e-8,-0.8729202747344971,6.65323867110601e-8,1,-5.675943981486853e-8,0.8729202747344971,-3.038663720644763e-8,0.4878629148006439]}},{"t":6.397969484329224,"j":false,"c":{"p":[573.51171875,265.9693908691406,-23.581987380981445],"r":[0.4878578186035156,-1.4360105637933884e-7,-0.8729231357574463,1.2707964458513743e-7,1,-9.348390506147553e-8,0.8729231357574463,-6.532390983693404e-8,0.4878578186035156]}},{"t":6.465696811676025,"j":false,"c":{"p":[575.3740234375,267.4146728515625,-24.622758865356445],"r":[0.48785778880119324,-1.68458331728516e-8,-0.8729231357574463,1.9565275621857836e-8,1,-8.363578274384054e-9,0.8729231357574463,-1.2998744303160947e-8,0.48785778880119324]}},{"t":6.531689167022705,"j":false,"c":{"p":[577.2319946289062,267.98797607421875,-25.671052932739258],"r":[0.5058539509773254,1.221968659592676e-7,-0.862619161605835,-1.1607752981035446e-7,1,7.358818976399562e-8,0.862619161605835,6.290581922030469e-8,0.5058539509773254]}},{"t":6.597625732421875,"j":false,"c":{"p":[579.0659790039062,267.68927001953125,-26.760746002197266],"r":[0.518018364906311,8.896523517876176e-9,-0.855369508266449,-4.997761848812843e-8,1,-1.986603415105037e-8,0.855369508266449,5.304029926378462e-8,0.518018364906311]}},{"t":6.664916038513184,"j":false,"c":{"p":[580.8911743164062,266.5185852050781,-27.865875244140625],"r":[0.518025279045105,-1.3308816448898142e-7,-0.8553653359413147,5.786065315760425e-8,1,-1.205506947599133e-7,0.8553653359413147,1.2956308914624515e-8,0.518025279045105]}},{"t":6.7287757396698,"j":false,"c":{"p":[582.591064453125,264.6291198730469,-28.91990089416504],"r":[0.552807629108429,-9.632174169382779e-8,-0.8333088755607605,5.631565613839484e-8,1,-7.823031467069086e-8,0.8333088755607605,-3.6820189119879387e-9,0.552807629108429]}},{"t":6.800240516662598,"j":false,"c":{"p":[584.5344848632812,261.35009765625,-30.324901580810547],"r":[0.651765763759613,-1.5385856499960937e-7,-0.7584202885627747,9.679024692843541e-9,1,-1.9454925848094717e-7,0.7584202885627747,1.1945978428684612e-7,0.651765763759613]}},{"t":6.869752407073975,"j":false,"c":{"p":[586.1216430664062,257.5089111328125,-31.749971389770508],"r":[0.6742974519729614,-6.652819450891911e-8,-0.7384598851203918,3.645696855514302e-9,1,-8.676153129272279e-8,0.7384598851203918,5.581087592076983e-8,0.6742974519729614]}},{"t":6.938323736190796,"j":false,"c":{"p":[587.7802734375,252.47215270996094,-33.2946662902832],"r":[0.6845433115959167,-3.861016839579179e-9,-0.7289721965789795,2.1674664840709568e-10,1,-5.092984700638681e-9,0.7289721965789795,3.328366249277792e-9,0.6845433115959167]}},{"t":7.001701831817627,"j":false,"c":{"p":[589.2337646484375,247.2104949951172,-34.66807174682617],"r":[0.708975076675415,9.637854958555181e-9,-0.7052335143089294,-2.088712397485537e-10,1,1.3456210368190114e-8,0.7052335143089294,-9.392815414344113e-9,0.708975076675415]}},{"t":7.06212043762207,"j":false,"c":{"p":[590.5897216796875,244.3129119873047,-36.13740921020508],"r":[0.7660409212112427,-5.537200209460025e-8,-0.6427918076515198,7.243544875024099e-9,1,-7.751055619564795e-8,0.6427918076515198,5.4720167952382326e-8,0.7660409212112427]}},{"t":7.124192953109741,"j":false,"c":{"p":[591.7086791992188,244.4656524658203,-37.629878997802734],"r":[0.8329194784164429,-2.2298782820229235e-9,-0.5533941388130188,-3.0062949907261327e-9,1,-8.554264852023152e-9,0.5533941388130188,8.788680005977767e-9,0.8329194784164429]}},{"t":7.185200214385986,"j":false,"c":{"p":[592.8161010742188,244.48609924316406,-39.295318603515625],"r":[0.8329194784164429,4.962464927871224e-8,-0.5533941388130188,-1.6598589169802835e-8,1,6.469053204227748e-8,0.5533941388130188,-4.4696442103031586e-8,0.8329194784164429]}},{"t":7.245993137359619,"j":false,"c":{"p":[593.9229736328125,244.48814392089844,-40.961177825927734],"r":[0.8329194784164429,6.384457407193622e-8,-0.5533941388130188,-1.9017097230289437e-8,1,8.674623330762188e-8,0.5533941388130188,-6.172868438625301e-8,0.8329194784164429]}},{"t":7.309760332107544,"j":false,"c":{"p":[595.0298461914062,244.48828125,-42.627037048339844],"r":[0.8329194784164429,-7.161590076520952e-8,-0.5533941388130188,2.3022055373189687e-8,1,-9.476135431896182e-8,0.5533941388130188,6.618831349669563e-8,0.8329194784164429]}},{"t":7.373902320861816,"j":false,"c":{"p":[596.13671875,244.48828125,-44.29289627075195],"r":[0.8329194784164429,-1.7132190777147116e-8,-0.5533941388130188,4.760030147821226e-9,1,-2.379401564667205e-8,0.5533941388130188,1.7184326850383513e-8,0.8329194784164429]}},{"t":7.440194606781006,"j":false,"c":{"p":[597.3911743164062,244.48828125,-46.180870056152344],"r":[0.8329194784164429,5.971882899302727e-8,-0.5533941388130188,-2.072814275777546e-8,1,7.671557966659748e-8,0.5533941388130188,-5.242706890840054e-8,0.8329194784164429]}},{"t":7.508603572845459,"j":false,"c":{"p":[598.5474243164062,244.48828125,-47.97344970703125],"r":[0.8517261147499084,1.4513023671725023e-8,-0.5239872336387634,-4.727936264714572e-9,1,2.0012160817373115e-8,0.5239872336387634,-1.456750187145417e-8,0.8517261147499084]}},{"t":7.5734899044036865,"j":false,"c":{"p":[599.5742797851562,244.48828125,-49.689815521240234],"r":[0.85895836353302,-6.825754184092148e-8,-0.5120453834533691,2.6723522950078404e-8,1,-8.847486299146112e-8,0.5120453834533691,6.231256577393651e-8,0.85895836353302]}},{"t":7.628684759140015,"j":true,"c":{"p":[600.3938598632812,244.48828125,-51.06415939331055],"r":[0.85895836353302,-2.5021917871015376e-9,-0.5120453834533691,3.2920394188451496e-10,1,-4.3344190459038145e-9,0.5120453834533691,3.5545182353047267e-9,0.85895836353302]}},{"t":7.635064125061035,"j":true,"c":{"p":[600.5304565429688,244.9278106689453,-51.293216705322266],"r":[0.85895836353302,8.440641074969335e-9,-0.5120453834533691,-4.063267944331983e-9,1,9.668016609509777e-9,0.5120453834533691,-6.223845883113199e-9,0.85895836353302]}},{"t":7.641073703765869,"j":false,"c":{"p":[600.6670532226562,245.35372924804688,-51.522274017333984],"r":[0.8589584231376648,1.9378795457214437e-8,-0.5120453834533691,-8.453860722568152e-9,1,2.366446594237459e-8,0.5120453834533691,-1.599803134411104e-8,0.8589584231376648]}},{"t":7.642648220062256,"j":true,"c":{"p":[600.6670532226562,245.35372924804688,-51.522274017333984],"r":[0.8589584231376648,1.9378795457214437e-8,-0.5120453834533691,-8.453860722568152e-9,1,2.366446594237459e-8,0.5120453834533691,-1.599803134411104e-8,0.8589584231376648]}},{"t":7.712305784225464,"j":false,"c":{"p":[601.8522338867188,248.57382202148438,-53.60896301269531],"r":[0.8796077966690063,3.2681484185559384e-8,-0.47569963335990906,-4.1277608886503e-8,1,-7.623764730624316e-9,0.47569963335990906,2.634166662573989e-8,0.8796077966690063]}},{"t":7.714667081832886,"j":true,"c":{"p":[601.8522338867188,248.57382202148438,-53.60896301269531],"r":[0.8796077966690063,3.2681484185559384e-8,-0.47569963335990906,-4.1277608886503e-8,1,-7.623764730624316e-9,0.47569963335990906,2.634166662573989e-8,0.8796077966690063]}},{"t":7.781676530838013,"j":false,"c":{"p":[602.8668823242188,250.50962829589844,-55.48554611206055],"r":[0.8796472549438477,-1.6552052173324228e-8,-0.4756266474723816,-5.8072522790553194e-8,1,-1.4220269406450825e-7,0.4756266474723816,1.5270904896169668e-7,0.8796472549438477]}},{"t":7.849947929382324,"j":false,"c":{"p":[603.8815307617188,251.5734405517578,-57.36213684082031],"r":[0.8796472549438477,-2.4511454199682703e-8,-0.4756266176700592,1.555982898082675e-8,1,-2.2757962625519212e-8,0.4756266176700592,1.2618310840650793e-8,0.8796472549438477]}},{"t":7.910914659500122,"j":false,"c":{"p":[604.832763671875,251.77880859375,-59.121437072753906],"r":[0.8796472549438477,-3.194871922573839e-8,-0.4756266176700592,8.436196452521472e-8,1,8.885132274372154e-8,0.4756266176700592,-1.18282621031085e-7,0.8796472549438477]}},{"t":7.97972559928894,"j":false,"c":{"p":[605.9108276367188,251.08505249023438,-61.11531066894531],"r":[0.8796472549438477,-2.0643038389778212e-9,-0.4756266176700592,2.763862383403648e-8,1,4.677605147662689e-8,0.4756266176700592,-5.4292094375796296e-8,0.8796472549438477]}},{"t":8.041699409484863,"j":false,"c":{"p":[606.862060546875,249.65541076660156,-62.874610900878906],"r":[0.879647254943