{"d":[{"t":0.0649561882019043,"c":{"r":[0.9809548854827881,1.7557223230824094e-8,0.19423575699329377,-3.5947006482572876e-10,1,-8.857586664134942e-8,-0.19423575699329377,8.681910657060144e-8,0.9809548854827881],"p":[618.1405029296875,210.1092071533203,-88.66032409667969]},"j":false},{"t":0.13177752494812013,"c":{"r":[0.9809548854827881,1.9146273455561415e-9,0.19423575699329377,-2.5302829276263596e-10,1,-8.57935766873652e-9,-0.19423575699329377,8.36681568472386e-9,0.9809548854827881],"p":[617.74560546875,210.20396423339845,-90.65579986572266]},"j":false},{"t":0.19903206825256349,"c":{"r":[0.9719605445861816,-2.4162455147802576e-8,0.23514389991760255,-8.628061043403079e-10,1,1.0632241753683047e-7,-0.23514389991760255,-1.0354408175317076e-7,0.9719605445861816],"p":[617.3284301757813,210.3424072265625,-92.74305725097656]},"j":false},{"t":0.2653987407684326,"c":{"r":[0.9297758340835571,3.505567391925979e-9,0.36812624335289,6.40700248411008e-9,1,-2.5704887107735887e-8,-0.36812624335289,2.6258369700826735e-8,0.9297758340835571],"p":[616.709716796875,210.45327758789063,-94.7813949584961]},"j":false},{"t":0.332597017288208,"c":{"r":[0.8763061761856079,1.739640786979635e-8,0.4817545413970947,8.271732632181284e-9,1,-5.115671086741713e-8,-0.4817545413970947,4.881388804278686e-8,0.8763061761856079],"p":[615.8153686523438,210.43646240234376,-96.71549987792969]},"j":false},{"t":0.39260077476501467,"c":{"r":[0.8329213261604309,-1.4361871691903616e-8,0.5533913969993591,-1.878911959352081e-8,1,5.423237681156934e-8,-0.5533913969993591,-5.55690391479402e-8,0.8329213261604309],"p":[614.7947387695313,210.31100463867188,-98.42998504638672]},"j":false},{"t":0.4531059265136719,"c":{"r":[0.7922895550727844,-2.396281395533606e-8,0.6101453304290772,-2.062219728315995e-8,1,6.605240798762679e-8,-0.6101453304290772,-6.491516302276068e-8,0.7922895550727844],"p":[613.7388305664063,210.14724731445313,-99.96026611328125]},"j":false},{"t":0.5222647190093994,"c":{"r":[0.679440438747406,3.0598453548691398e-8,0.733730673789978,5.8866827856718376e-8,1,-9.621371788171018e-8,-0.733730673789978,1.0856388854563193e-7,0.679440438747406],"p":[612.237548828125,209.8584442138672,-101.62548065185547]},"j":false},{"t":0.5919022560119629,"c":{"r":[0.6266041398048401,1.9000863382689915e-11,0.7793377041816711,-5.9570077759474319e-9,1,4.765180694477067e-9,-0.7793377041816711,-7.62840279833199e-9,0.6266041398048401],"p":[610.6321411132813,209.4732208251953,-102.97543334960938]},"j":false},{"t":0.6588339805603027,"c":{"r":[0.5934187769889832,-3.078823951341292e-8,0.8048939108848572,-5.756001897339047e-8,1,8.068819568052277e-8,-0.8048939108848572,-9.421160029887688e-8,0.5934187769889832],"p":[608.877685546875,209.03712463378907,-104.3421859741211]},"j":false},{"t":0.7236027717590332,"c":{"r":[0.5934187769889832,1.6753279652448329e-8,0.8048939108848572,3.055575703569957e-8,1,-4.3341909616856358e-8,-0.8048939108848572,5.031404626265612e-8,0.5934187769889832],"p":[607.3003540039063,208.63592529296876,-105.50497436523438]},"j":false},{"t":0.7919971942901611,"c":{"r":[0.512042224407196,1.369316837696033e-8,0.8589602708816528,1.2911491431566447e-8,1,-2.363834283869437e-8,-0.8589602708816528,2.3194289155981097e-8,0.512042224407196],"p":[605.4843139648438,208.3125,-106.7750473022461]},"j":false},{"t":0.7952234745025635,"c":{"r":[0.512042224407196,1.369316837696033e-8,0.8589602708816528,1.2911491431566447e-8,1,-2.363834283869437e-8,-0.8589602708816528,2.3194289155981097e-8,0.512042224407196],"p":[605.4843139648438,208.3125,-106.7750473022461]},"j":true},{"t":0.8027009963989258,"c":{"r":[0.49394121766090395,8.858194178174017e-9,0.8694953322410584,2.5880728671268118e-9,1,-1.1657970588885292e-8,-0.8694953322410584,8.008669283299242e-9,0.49394121766090395],"p":[605.2632446289063,208.7520294189453,-106.91156768798828]},"j":true},{"t":0.8100464344024658,"c":{"r":[0.48807790875434878,4.133099196224066e-9,0.8728000521659851,-7.782178457205191e-9,1,-3.835811668295719e-10,-0.8728000521659851,-6.6050684921492579e-9,0.48807790875434878],"p":[605.0357055664063,209.17794799804688,-107.04519653320313]},"j":true},{"t":0.8568496704101563,"c":{"r":[0.4878605902194977,-1.5084035354107074e-8,0.8729215860366821,-6.431343280155488e-8,1,5.322359797332865e-8,-0.8729215860366821,-8.210628266169806e-8,0.4878605902194977],"p":[603.75634765625,211.27691650390626,-107.76151275634766]},"j":false},{"t":0.9231178760528565,"c":{"r":[0.4818786680698395,-2.5921071511447736e-8,0.8762379288673401,-9.399296629908349e-8,1,8.12727591892326e-8,-0.8762379288673401,-1.215238114582462e-7,0.4818786680698395],"p":[601.8933715820313,213.59422302246095,-108.80105590820313]},"j":false},{"t":0.9416489601135254,"c":{"r":[0.48176875710487368,-1.3452007507908093e-8,0.8762983679771423,-6.213183212366857e-8,1,4.9509601751651647e-8,-0.8762983679771423,-7.829819992366538e-8,0.48176875710487368],"p":[601.4260864257813,214.0373077392578,-109.05805969238281]},"j":true},{"t":0.990300178527832,"c":{"r":[0.48175331950187685,2.4042254409550879e-8,0.8763068914413452,3.328130304680599e-8,1,-4.573241696448349e-8,-0.8763068914413452,5.119638046835462e-8,0.48175331950187685],"p":[600.0242309570313,215.03953552246095,-109.82884216308594]},"j":false},{"t":1.0573887825012208,"c":{"r":[0.4817531108856201,3.046764618375164e-8,0.8763070106506348,6.898908821995065e-8,1,-7.26952507079659e-8,-0.8763070106506348,9.547677848331659e-8,0.4817531108856201],"p":[598.0382690429688,215.61972045898438,-110.9207763671875]},"j":false},{"t":1.1236615180969239,"c":{"r":[0.4817531108856201,-9.996612426732554e-9,0.8763070106506348,2.231683948750174e-9,1,1.0180783327484733e-8,-0.8763070106506348,-2.9489841679719577e-9,0.4817531108856201],"p":[596.2859497070313,215.31414794921876,-111.88426208496094]},"j":false},{"t":1.1897878646850587,"c":{"r":[0.46961164474487307,-4.5115569946574399e-8,0.8828731179237366,-6.856929246623622e-8,1,8.757375269397017e-8,-0.8828731179237366,-1.0166363040298165e-7,0.46961164474487307],"p":[594.4136352539063,214.14346313476563,-112.9063491821289]},"j":false},{"t":1.2567493915557862,"c":{"r":[0.43237659335136416,1.4565674888444846e-8,0.9016931056976318,-1.3373032459185198e-7,1,4.79721862234328e-8,-0.9016931056976318,-1.4132577064174257e-7,0.43237659335136416],"p":[592.5133666992188,212.10076904296876,-113.87566375732422]},"j":false},{"t":1.3250036239624024,"c":{"r":[0.41950634121894839,9.001135481412348e-8,0.9077523946762085,-6.672309638133811e-8,1,-6.832324572769721e-8,-0.9077523946762085,-3.1906019160032886e-8,0.41950634121894839],"p":[590.462646484375,208.97494506835938,-114.84141540527344]},"j":false},{"t":1.3852953910827637,"c":{"r":[0.40058204531669619,6.94685553526142e-8,0.9162608981132507,6.803708885172455e-8,1,-1.0556271234918313e-7,-0.9162608981132507,1.046262525505881e-7,0.40058204531669619],"p":[588.7603759765625,205.66159057617188,-115.60761260986328]},"j":false},{"t":1.4486570358276368,"c":{"r":[0.4003484547138214,-2.3070390042789769e-8,0.916363000869751,1.0195472555096785e-7,1,-1.9366806824905326e-8,-0.916363000869751,1.0118100846057132e-7,0.4003484547138214],"p":[586.9276733398438,201.37069702148438,-116.4088363647461]},"j":false},{"t":1.5102005004882813,"c":{"r":[0.3939421772956848,-9.055506211552711e-8,0.9191352128982544,1.365761619354089e-7,1,3.9985355471117148e-8,-0.9191352128982544,1.097800392813042e-7,0.3939421772956848],"p":[585.090576171875,196.31341552734376,-117.19982147216797]},"j":false},{"t":1.5757019519805909,"c":{"r":[0.3939419686794281,-1.022978466380664e-7,0.919135332107544,1.1272862820987939e-7,1,6.298235888380077e-8,-0.919135332107544,7.88014702379769e-8,0.3939419686794281],"p":[583.129638671875,190.07423400878907,-118.04027557373047]},"j":false},{"t":1.639171838760376,"c":{"r":[0.3939419984817505,4.452918389574734e-8,0.9191352725028992,-8.061783063340045e-8,1,-1.3893966865907715e-8,-0.9191352725028992,-6.862527612838676e-8,0.3939419984817505],"p":[581.291259765625,183.4330596923828,-118.82820129394531]},"j":false},{"t":1.701857328414917,"c":{"r":[0.3875155448913574,6.575236000117002e-8,0.9218631982803345,-8.84938202716512e-8,1,-3.4126141912338429e-8,-0.9218631982803345,-6.83547867197376e-8,0.3875155448913574],"p":[579.484619140625,180.7588653564453,-119.59815979003906]},"j":false},{"t":1.7044498920440674,"c":{"r":[0.3875155448913574,6.575236000117002e-8,0.9218631982803345,-8.84938202716512e-8,1,-3.4126141912338429e-8,-0.9218631982803345,-6.83547867197376e-8,0.3875155448913574],"p":[579.484619140625,180.7588653564453,-119.59815979003906]},"j":true},{"t":1.7141437530517579,"c":{"r":[0.3875155448913574,6.10759087749102e-8,0.9218631982803345,-7.662661971608031e-8,1,-3.4041821805885777e-8,-0.9218631982803345,-5.744752584746493e-8,0.3875155448913574],"p":[579.12646484375,180.6546630859375,-119.74869537353516]},"j":true},{"t":1.723670482635498,"c":{"r":[0.3875155448913574,5.7959940846785688e-8,0.9218631982803345,-6.871938040831083e-8,1,-3.39856427444829e-8,-0.9218631982803345,-5.017989934685829e-8,0.3875155448913574],"p":[578.8876953125,181.0941925048828,-119.84905242919922]},"j":true},{"t":1.7342932224273682,"c":{"r":[0.38751551508903506,5.3288481183244588e-8,0.9218631982803345,-5.686484172429118e-8,1,-3.390142211401326e-8,-0.9218631982803345,-3.928427716459737e-8,0.38751551508903506],"p":[578.5209350585938,181.7279510498047,-120.00321197509766]},"j":true},{"t":1.7650001049041749,"c":{"r":[0.38751551508903506,4.2400053246183236e-8,0.9218631982803345,-2.9233795828531585e-8,1,-3.3705116919691139e-8,-0.9218631982803345,-1.3888305616660546e-8,0.38751551508903506],"p":[577.6605834960938,183.08750915527345,-120.36483764648438]},"j":false},{"t":1.828273057937622,"c":{"r":[0.3999618887901306,2.5244023760251367e-8,0.9165318012237549,3.023039596428134e-8,1,-4.07351201658912e-8,-0.9165318012237549,4.3999616394785338e-8,0.3999618887901306],"p":[575.8172607421875,185.43881225585938,-121.14112091064453]},"j":false},{"t":1.8935537338256837,"c":{"r":[0.41309991478919985,7.137239066423717e-8,0.9106857180595398,6.327551460572067e-8,1,-1.0707481123972684e-7,-0.9106857180595398,1.0185669907514239e-7,0.41309991478919985],"p":[573.8701171875,187.1021270751953,-122.01231384277344]},"j":false},{"t":1.957021951675415,"c":{"r":[0.42574313282966616,4.4873470272932539e-8,0.9048440456390381,-2.324930248320811e-9,1,-4.8498577598365958e-8,-0.9048440456390381,1.854423636871161e-8,0.42574313282966616],"p":[572.0535278320313,187.86952209472657,-122.84854888916016]},"j":false},{"t":2.020188808441162,"c":{"r":[0.4257791340351105,5.291944304985918e-8,0.9048271179199219,-6.955253439855369e-8,1,-2.575676916194425e-8,-0.9048271179199219,-5.196632457682426e-8,0.4257791340351105],"p":[570.1228637695313,187.84332275390626,-123.75687408447266]},"j":false},{"t":2.0847814083099367,"c":{"r":[0.4257791340351105,6.044052014431145e-8,0.9048271179199219,-1.3237065843441088e-7,1,-4.508989182028245e-9,-0.9048271179199219,-1.1785272846509543e-7,0.4257791340351105],"p":[568.3128662109375,187.0268096923828,-124.60842895507813]},"j":false},{"t":2.148548126220703,"c":{"r":[0.4318593442440033,5.167214212065119e-8,0.9019409418106079,-1.4223780908650952e-7,1,1.0815104367623008e-8,-0.9019409418106079,-1.329607215438955e-7,0.4318593442440033],"p":[566.5028686523438,185.44390869140626,-125.4599838256836]},"j":false},{"t":2.213033437728882,"c":{"r":[0.43836894631385805,-6.938601249117937e-9,0.8987951278686523,7.333651552698939e-8,1,-2.8048493305732337e-8,-0.8987951278686523,7.821009262443113e-8,0.43836894631385805],"p":[564.5831298828125,182.91070556640626,-126.38997650146485]},"j":false},{"t":2.2778899669647219,"c":{"r":[0.43837103247642519,-2.2281520628553154e-8,0.8987941145896912,6.393956653027999e-8,1,-6.394940132992133e-9,-0.8987941145896912,6.027186572055143e-8,0.43837103247642519],"p":[562.7859497070313,181.6250762939453,-127.26670837402344]},"j":false},{"t":2.3435440063476564,"c":{"r":[0.4383711516857147,-2.9299863868459398e-8,0.8987940549850464,-2.251172581679839e-9,1,3.369705581235394e-8,-0.8987940549850464,-1.6795157264937189e-8,0.4383711516857147],"p":[560.8689575195313,181.73233032226563,-128.20191955566407]},"j":false},{"t":2.4071576595306398,"c":{"r":[0.43208494782447817,-3.597440922931128e-8,0.9018328785896301,-6.435975308249908e-8,1,7.072628704918316e-8,-0.9018328785896301,-8.8601510128683e-8,0.43208494782447817],"p":[559.0668334960938,181.74224853515626,-129.0691680908203]},"j":false},{"t":2.4690258502960207,"c":{"r":[0.43208494782447817,-3.144380311681516e-9,0.9018328785896301,-2.190226489062752e-8,1,1.3980438140492879e-8,-0.9018328785896301,-2.5792919799982884e-8,0.43208494782447817],"p":[557.2632446289063,181.7432861328125,-129.9334259033203]},"j":false},{"t":2.4942688941955568,"c":{"r":[0.43208494782447817,2.3727778852844496e-8,0.9018328785896301,3.1547664036679637e-8,1,-4.142568954534909e-8,-0.9018328785896301,4.635014150267125e-8,0.43208494782447817],"p":[556.5418090820313,181.74334716796876,-130.2791290283203]},"j":true},{"t":2.5031349658966066,"c":{"r":[0.43208494782447817,3.267750514623913e-8,0.9018328785896301,4.9349072384075046e-8,1,-5.987860873801765e-8,-0.9018328785896301,7.037726135195044e-8,0.43208494782447817],"p":[556.3013305664063,182.18287658691407,-130.3943634033203]},"j":true},{"t":2.514225959777832,"c":{"r":[0.4320850074291229,4.162340516700169e-8,0.9018328785896301,6.71428637133431e-8,1,-7.832363735360559e-8,-0.9018328785896301,9.439411030598422e-8,0.4320850074291229],"p":[556.0608520507813,182.60879516601563,-130.5095977783203]},"j":true},{"t":2.53275728225708,"c":{"r":[0.43208491802215578,5.0693497399834089e-8,0.9018329381942749,8.790000549652177e-8,1,-9.83261543296976e-8,-0.9018329381942749,1.2175637209566049e-7,0.43208491802215578],"p":[555.4596557617188,183.6139678955078,-130.7976837158203]},"j":false},{"t":2.6005005836486818,"c":{"r":[0.43208491802215578,1.6027261295903373e-8,0.9018329381942749,4.063662473186014e-8,1,-3.7241637329543667e-8,-0.9018329381942749,5.2738997169399229e-8,0.43208491802215578],"p":[553.5358276367188,186.25827026367188,-131.7195587158203]},"j":false},{"t":2.665966272354126,"c":{"r":[0.42600569128990176,-1.8016217850913564e-8,0.9047204852104187,-6.479919711921411e-9,1,2.2964773194189548e-8,-0.9047204852104187,-1.564563945066766e-8,0.42600569128990176],"p":[551.6119995117188,188.03057861328126,-132.6414337158203]},"j":false},{"t":2.7310259342193605,"c":{"r":[0.42577916383743288,-3.722912467196693e-8,0.9048271179199219,-5.2943544659456168e-8,1,6.605834812489775e-8,-0.9048271179199219,-7.603102147868413e-8,0.42577916383743288],"p":[549.6817016601563,188.93089294433595,-133.5503387451172]},"j":false},{"t":2.791168689727783,"c":{"r":[0.4257790446281433,-5.4924207404383199e-8,0.9048271775245667,-9.635125763907127e-8,1,1.0604075129094781e-7,-0.9048271775245667,-1.3233116646915733e-7,0.4257790446281433],"p":[547.8717041015625,188.98297119140626,-134.40200805664063]},"j":false},{"t":2.8554539680480959,"c":{"r":[0.41945168375968935,-2.8353058567631707e-8,0.9077776670455933,-5.5207127758194477e-8,1,5.674272784972345e-8,-0.9077776670455933,-7.391663103817337e-8,0.41945168375968935],"p":[546.1111450195313,188.5594940185547,-135.2288360595703]},"j":false},{"t":2.919201374053955,"c":{"r":[0.4003487825393677,3.862428243905924e-8,0.9163628220558167,6.596157220428722e-8,1,-7.096743104284542e-8,-0.9163628220558167,8.885645996770109e-8,0.4003487825393677],"p":[544.3880004882813,188.24485778808595,-136.01834106445313]},"j":false},{"t":2.9862685203552248,"c":{"r":[0.36162427067756655,4.755654714472257e-8,0.9323239326477051,8.767040782231561e-8,1,-8.50136885333086e-8,-0.9323239326477051,1.1248023668031237e-7,0.36162427067756655],"p":[542.6383666992188,189.49520874023438,-136.74559020996095]},"j":false},{"t":3.0475831031799318,"c":{"r":[0.3551068603992462,2.1329796595637164e-8,0.9348257184028626,4.361280758757857e-8,1,-3.9383813543736326e-8,-0.9348257184028626,5.475583719771748e-8,0.3551068603992462],"p":[541.4505004882813,191.1435546875,-137.21160888671876]},"j":false},{"t":3.1124391555786135,"c":{"r":[0.3551070988178253,-3.2371048064305799e-8,0.934825599193573,-6.199656610306192e-8,1,5.8178194706215439e-8,-0.934825599193573,-7.861546436060962e-8,0.3551070988178253],"p":[540.8719482421875,192.25823974609376,-137.43409729003907]},"j":false},{"t":3.177471399307251,"c":{"r":[0.3551066517829895,-1.3570829793252415e-8,0.9348257780075073,-2.974628898755327e-8,1,2.581650626609644e-8,-0.9348257780075073,-3.697521222534306e-8,0.3551066517829895],"p":[540.3033447265625,193.6977081298828,-137.650146484375]},"j":false},{"t":3.2405948638916017,"c":{"r":[0.35510721802711489,3.996202480038846e-9,0.934825599193573,3.883697807793851e-10,1,-4.42233893949151e-9,-0.934825599193573,1.933462501213512e-9,0.35510721802711489],"p":[539.8875122070313,194.3047332763672,-137.80809020996095]},"j":false},{"t":3.3025431632995607,"c":{"r":[0.35510677099227908,2.1507077008209309e-8,0.9348257780075073,3.0426665631466679e-8,1,-3.456450770045194e-8,-0.9348257780075073,4.071772252700612e-8,0.35510677099227908],"p":[538.441650390625,195.67617797851563,-138.35733032226563]},"j":false},{"t":3.3664047718048097,"c":{"r":[0.368124783039093,3.812055027196948e-8,0.9297763705253601,6.015807940684681e-8,1,-6.481798209279077e-8,-0.9297763705253601,7.979467397944973e-8,0.368124783039093],"p":[538.19091796875,197.07662963867188,-138.45257568359376]},"j":false},{"t":3.430828094482422,"c":{"r":[0.368124783039093,5.6677528448290107e-8,0.9297763705253601,9.154172886383094e-8,1,-9.72021965139902e-8,-0.9297763705253601,1.2089587642094558e-7,0.368124783039093],"p":[538.1348876953125,198.4954833984375,-138.4747314453125]},"j":false},{"t":3.4934914112091066,"c":{"r":[0.37460654973983767,-3.567988571262504e-8,0.9271838665008545,-5.810205649936506e-8,1,6.195674728814993e-8,-0.9271838665008545,-7.70806920513678e-8,0.37460654973983767],"p":[537.2312622070313,199.12017822265626,-138.83750915527345]},"j":false},{"t":3.5549659729003908,"c":{"r":[0.37460610270500185,-2.045236335845857e-8,0.9271840453147888,-3.3614160344086488e-8,1,3.563956241237065e-8,-0.9271840453147888,-4.4517310726632789e-8,0.37460610270500185],"p":[537.1140747070313,200.49595642089845,-138.8848419189453]},"j":false},{"t":3.619943618774414,"c":{"r":[0.37460610270500185,2.3176174313022104e-9,0.9271840453147888,3.1793045973671498e-9,1,-3.784150770513861e-9,-0.9271840453147888,4.365366734759846e-9,0.37460610270500185],"p":[535.8809814453125,201.4694366455078,-139.383056640625]},"j":false},{"t":3.682046413421631,"c":{"r":[0.37441346049308779,-0.00004302734669181518,0.9272618889808655,0.00003875694528687745,1,0.00003075315180467442,-0.9272618889808655,0.000024423443392151968,0.37441346049308779],"p":[535.6430053710938,202.8690948486328,-139.47930908203126]},"j":false},{"t":3.743952512741089,"c":{"r":[0.3681238889694214,-5.220701382313564e-7,0.9297767281532288,4.590505966461933e-7,1,3.797499061874987e-7,-0.9297767281532288,2.870195601190062e-7,0.3681238889694214],"p":[535.64306640625,204.2691650390625,-139.47927856445313]},"j":false},{"t":3.8113951683044435,"c":{"r":[0.35510650277137759,7.790205813762441e-8,0.9348258376121521,-7.205178320646155e-8,1,-5.5963365497291309e-8,-0.9348258376121521,-4.748291360101575e-8,0.35510650277137759],"p":[535.64306640625,205.8559112548828,-139.47927856445313]},"j":false},{"t":3.8744659423828127,"c":{"r":[0.3420197069644928,9.256012845071382e-8,0.9396927952766419,-9.374910092674327e-8,1,-6.437858246499673e-8,-0.9396927952766419,-6.607660907320678e-8,0.3420197069644928],"p":[535.64306640625,207.1626434326172,-139.47927856445313]},"j":false},{"t":3.937171697616577,"c":{"r":[0.34201955795288088,1.0908180314572746e-7,0.9396928548812866,-1.1685209244660655e-7,1,-7.355180287049734e-8,-0.9396928548812866,-8.464891720905143e-8,0.34201955795288088],"p":[535.64306640625,208.56271362304688,-139.47927856445313]},"j":false},{"t":4.0011513233184818,"c":{"r":[0.3420202136039734,-7.749142838520129e-8,0.9396926164627075,8.01293964514116e-8,1,5.3299942237572398e-8,-0.9396926164627075,5.706734285126913e-8,0.3420202136039734],"p":[535.64306640625,210.05612182617188,-139.47927856445313]},"j":false},{"t":4.067196846008301,"c":{"r":[0.3616243600845337,-4.052715851798894e-8,0.9323238730430603,4.344048676330203e-8,1,2.6619526138915718e-8,-0.9323238730430603,3.087433597670497e-8,0.3616243600845337],"p":[535.64306640625,211.54953002929688,-139.47927856445313]},"j":false},{"t":4.13665771484375,"c":{"r":[0.45533686876296999,1.4538110804096505e-7,0.8903192281723023,1.1924128351381569e-8,1,-1.6938935232246878e-7,-0.8903192281723023,8.774549797863074e-8,0.45533686876296999],"p":[535.4015502929688,212.68521118164063,-139.57716369628907]},"j":false},{"t":4.197134494781494,"c":{"r":[0.666582465171814,3.292254007192241e-7,0.7454312443733215,2.1136228767204558e-8,1,-4.605581409578008e-7,-0.7454312443733215,3.227555964713247e-7,0.666582465171814],"p":[534.673583984375,212.96115112304688,-139.9431610107422]},"j":false},{"t":4.2603466510772709,"c":{"r":[0.8763054013252258,-4.0856434679881207e-8,0.48175594210624697,2.5634989686551536e-9,1,8.014436758685406e-8,-0.48175594210624697,-6.89959662736328e-8,0.8763054013252258],"p":[533.5174560546875,214.25820922851563,-141.31068420410157]},"j":false},{"t":4.3259596824646,"c":{"r":[0.9245460033416748,4.8370008443043847e-8,0.38107046484947207,-1.951725714377517e-8,1,-7.957952874448893e-8,-0.38107046484947207,6.613748837480671e-8,0.9245460033416748],"p":[532.5611572265625,214.74603271484376,-143.21664428710938]},"j":false},{"t":4.336320877075195,"c":{"r":[0.9348252415657044,4.371875661490776e-8,0.3551080822944641,-1.6986351880632357e-8,1,-7.839722115932091e-8,-0.3551080822944641,6.725571211063652e-8,0.9348252415657044],"p":[532.4580078125,214.7586669921875,-143.46253967285157]},"j":true},{"t":4.345447778701782,"c":{"r":[0.9348252415657044,4.0934146738891289e-8,0.3551080822944641,-1.4456527530626318e-8,1,-7.721541805949528e-8,-0.3551080822944641,6.704929234047086e-8,0.9348252415657044],"p":[532.3555908203125,215.1981964111328,-143.70872497558595]},"j":true},{"t":4.352929353713989,"c":{"r":[0.9505136609077454,4.286427568445106e-8,0.3106828033924103,-1.0097046754253825e-8,1,-1.0707672259968604e-7,-0.3106828033924103,9.864090344535725e-8,0.9505136609077454],"p":[532.2587280273438,215.62411499023438,-143.95713806152345]},"j":true},{"t":4.392902374267578,"c":{"r":[0.9666838645935059,2.8328782875064463e-8,0.25597333908081057,9.762542774183203e-9,1,-1.4753909738374205e-7,-0.25597333908081057,1.4512261259369553e-7,0.9666838645935059],"p":[531.8692016601563,217.54930114746095,-145.23165893554688]},"j":false},{"t":4.443250894546509,"c":{"r":[0.9685829877853394,1.7177741895579858e-8,0.2486906349658966,2.3678042637698128e-8,1,-1.612923199445504e-7,-0.2486906349658966,1.6211350839512307e-7,0.9685829877853394],"p":[531.5015258789063,219.27359008789063,-146.6514892578125]},"j":true},{"t":4.458312511444092,"c":{"r":[0.9668510556221008,1.5882593018545778e-8,0.2553410828113556,2.8931424367328874e-8,1,-1.7175054267681845e-7,-0.2553410828113556,1.7344457603485353e-7,0.9668510556221008],"p":[531.368408203125,219.7984161376953,-147.16793823242188]},"j":false},{"t":4.523528575897217,"c":{"r":[0.9735302925109863,-1.5433506694861877e-9,0.2285579890012741,9.127539613018599e-9,1,-3.212570121036151e-8,-0.2285579890012741,3.336151266353227e-8,0.9735302925109863],"p":[530.8396606445313,221.35272216796876,-149.23460388183595]},"j":false},{"t":4.589852333068848,"c":{"r":[0.978062629699707,5.697664562376303e-10,0.20831115543842317,-8.761196212958567e-9,1,3.840040108116227e-8,-0.20831115543842317,-3.938305326300906e-8,0.978062629699707],"p":[530.3585815429688,222.0350341796875,-151.31295776367188]},"j":false},{"t":4.6561126708984379,"c":{"r":[0.9822859764099121,2.4869031278740296e-8,0.1873878538608551,-1.8317987127147718e-8,1,-3.669143211482151e-8,-0.1873878538608551,3.260890935052885e-8,0.9822859764099121],"p":[529.9437866210938,221.8453369140625,-153.40550231933595]},"j":false},{"t":4.723406553268433,"c":{"r":[0.9781902432441711,5.155828119995931e-8,0.20771090686321259,-2.256852837945189e-8,1,-1.4193750530466787e-7,-0.20771090686321259,1.3415416333373288e-7,0.9781902432441711],"p":[529.5347900390625,220.7836456298828,-155.49913024902345]},"j":false},{"t":4.790696382522583,"c":{"r":[0.9736119508743286,8.98939678251054e-9,0.22820991277694703,1.1945896716269999e-8,1,-9.035569092930018e-8,-0.22820991277694703,9.069755435575644e-8,0.9736119508743286],"p":[529.0692749023438,218.84996032714845,-157.58099365234376]},"j":false},{"t":4.8566107749938969,"c":{"r":[0.9719613194465637,-2.7931120527568966e-8,0.2351408451795578,4.811462872567063e-8,1,-8.009853047497018e-8,-0.2351408451795578,8.916638449818493e-8,0.9719613194465637],"p":[528.5716552734375,216.0442657470703,-159.65548706054688]},"j":false},{"t":4.9233481884002689,"c":{"r":[0.9766066074371338,-6.381227279916857e-8,0.21503378450870515,8.535696593980902e-8,1,-9.090621233553975e-8,-0.21503378450870515,1.0713424103414582e-7,0.9766066074371338],"p":[528.0796508789063,212.36656188964845,-161.73133850097657]},"j":false},{"t":4.990250110626221,"c":{"r":[0.9881328344345093,-1.657366688334605e-8,0.15360194444656373,3.781375923495034e-8,1,-1.3535864695768397e-7,-0.15360194444656373,1.3956058353414847e-7,0.9881328344345093],"p":[527.6622924804688,207.81686401367188,-163.82305908203126]},"j":false},{"t":5.058528661727905,"c":{"r":[0.993768036365509,6.095037008435611e-8,0.11146798729896546,-6.99054325536963e-8,1,7.642920962780409e-8,-0.11146798729896546,-8.37451210600193e-8,0.993768036365509],"p":[527.3961181640625,205.5911865234375,-165.98236083984376]},"j":false},{"t":5.123753786087036,"c":{"r":[0.9937677383422852,-1.9463579192802173e-8,0.11147059500217438,8.431834785938009e-9,1,9.943693868308401e-8,-0.11147059500217438,-9.787731869437266e-8,0.9937677383422852],"p":[527.1837158203125,205.07569885253907,-167.87762451171876]},"j":false},{"t":5.189797639846802,"c":{"r":[0.9859958291053772,-4.094667005460906e-8,0.16676999628543855,3.528058911683729e-8,1,3.693805439297648e-8,-0.16676999628543855,-3.0537023576471259e-8,0.9859958291053772],"p":[526.9269409179688,204.21714782714845,-169.89088439941407]},"j":false},{"t":5.256685256958008,"c":{"r":[0.965016782283783,3.228013412126529e-8,0.2621880769729614,-1.1339019501122039e-8,1,-8.138351859088289e-8,-0.2621880769729614,7.556351278026341e-8,0.965016782283783],"p":[526.5279541015625,203.42991638183595,-171.83108520507813]},"j":false},{"t":5.323376178741455,"c":{"r":[0.8589602112770081,4.121778829357936e-8,0.5120423436164856,-4.7485244181189049e-8,1,-8.394884232210131e-10,-0.5120423436164856,-2.3593369036234436e-8,0.8589602112770081],"p":[525.8925170898438,202.3202362060547,-173.44859313964845]},"j":false},{"t":5.378402948379517,"c":{"r":[0.8211484551429749,3.8836404314679388e-8,0.5707145929336548,-8.787331040593927e-8,1,5.838405670033353e-8,-0.5707145929336548,-9.809256340531647e-8,0.8211484551429749],"p":[525.317626953125,202.0297088623047,-174.32386779785157]},"j":true},{"t":5.384282827377319,"c":{"r":[0.8251133561134338,3.950567872834654e-8,0.564967155456543,-9.408234546981476e-8,1,6.747811909235679e-8,-0.564967155456543,-1.0883054102350798e-7,0.8251133561134338],"p":[525.221923828125,202.46923828125,-174.4616241455078]},"j":false},{"t":5.386205196380615,"c":{"r":[0.8251133561134338,3.950567872834654e-8,0.564967155456543,-9.408234546981476e-8,1,6.747811909235679e-8,-0.564967155456543,-1.0883054102350798e-7,0.8251133561134338],"p":[525.221923828125,202.46923828125,-174.4616241455078]},"j":true},{"t":5.394170761108398,"c":{"r":[0.8251133561134338,3.9490995362712059e-8,0.564967155456543,-1.002887231038585e-7,1,7.656829836832913e-8,-0.564967155456543,-1.1983736669662904e-7,0.8251133561134338],"p":[525.1220703125,202.89515686035157,-174.60556030273438]},"j":true},{"t":5.452530860900879,"c":{"r":[0.8290104866027832,2.8146020625285929e-8,0.5592330694198608,-9.268507739079723e-8,1,8.706724941021094e-8,-0.5592330694198608,-1.2401221738400637e-7,0.8290104866027832],"p":[524.2696533203125,205.4950408935547,-175.84503173828126]},"j":false},{"t":5.454657554626465,"c":{"r":[0.8290104866027832,2.8146020625285929e-8,0.5592330694198608,-9.268507739079723e-8,1,8.706724941021094e-8,-0.5592330694198608,-1.2401221738400637e-7,0.8290104866027832],"p":[524.2696533203125,205.4950408935547,-175.84503173828126]},"j":true},{"t":5.514367580413818,"c":{"r":[0.8405598998069763,5.885911313896486e-9,0.541718602180481,5.168536532096368e-8,1,-9.106307174988615e-8,-0.541718602180481,1.0454289167682873e-7,0.8405598998069763],"p":[523.1796264648438,207.53977966308595,-177.5028076171875]},"j":false},{"t":5.581844091415405,"c":{"r":[0.8442513346672058,-7.0787069539335338e-9,0.5359475016593933,6.602893876106464e-8,1,-9.080424945295818e-8,-0.5359475016593933,1.1204965488786911e-7,0.8442513346672058],"p":[522.0255126953125,208.8760986328125,-179.29676818847657]},"j":false},{"t":5.6497461795806889,"c":{"r":[0.8479964137077332,-1.2782953362489025e-8,0.5300019979476929,7.188391748513823e-8,1,-9.089465891065629e-8,-0.5300019979476929,1.1517696663077004e-7,0.8479964137077332],"p":[520.8819580078125,209.3404083251953,-181.09799194335938]},"j":false},{"t":5.7103211879730229,"c":{"r":[0.858822762966156,-6.853198453171672e-9,0.5122727751731873,7.87724445672211e-8,1,-1.1868358740230178e-7,-0.5122727751731873,1.4228115219339089e-7,0.858822762966156],"p":[519.8333129882813,208.98373413085938,-182.80104064941407]},"j":false},{"t":5.770474672317505,"c":{"r":[0.8827070593833923,4.5812047488880128e-8,0.4699237048625946,2.571624513336701e-8,1,-1.457937912618945e-7,-0.4699237048625946,1.4077787113819796e-7,0.8827070593833923],"p":[518.8342895507813,207.8606719970703,-184.53330993652345]},"j":false},{"t":5.832072973251343,"c":{"r":[0.889293909072876,6.694163090514849e-8,0.4573361277580261,-4.001176634460535e-8,1,-6.856972589730504e-8,-0.4573361277580261,4.267981523753406e-8,0.889293909072876],"p":[517.9617309570313,206.12100219726563,-186.1835174560547]},"j":false},{"t":5.893097162246704,"c":{"r":[0.9077643752098084,9.57773238496884e-8,0.41948044300079348,-5.283237314301914e-8,1,-1.139933374361135e-7,-0.41948044300079348,8.131694073654217e-8,0.9077643752098084],"p":[517.0891723632813,203.51620483398438,-187.98275756835938]},"j":false},{"t":5.958790302276611,"c":{"r":[0.9077779054641724,3.045286334213415e-8,0.41945120692253115,2.5665228164939437e-8,1,-1.2814646765946237e-7,-0.41945120692253115,1.2709384122899793e-7,0.9077779054641724],"p":[516.1946411132813,199.89300537109376,-189.91928100585938]},"j":false},{"t":6.028047323226929,"c":{"r":[0.9161993265151978,-2.62440718046264e-8,0.4007228910923004,8.3995274735571e-8,1,-1.2655215186896386e-7,-0.4007228910923004,1.4960582461753803e-7,0.9161993265151978],"p":[515.3057861328125,195.39781188964845,-191.8584747314453]},"j":false},{"t":6.096745491027832,"c":{"r":[0.9163628816604614,-3.702259165905275e-9,0.4003486931324005,1.4236897216690637e-9,1,5.988885831698099e-9,-0.4003486931324005,-4.918020657385114e-9,0.9163628816604614],"p":[514.4508056640625,190.03062438964845,-193.81307983398438]},"j":false},{"t":6.157323122024536,"c":{"r":[0.9163629412651062,1.1525513876620153e-8,0.4003484845161438,-4.896087446581987e-8,1,8.327849343459093e-8,-0.4003484845161438,-9.59147428147844e-8,0.9163629412651062],"p":[513.6497192382813,186.78335571289063,-195.64573669433595]},"j":false},{"t":6.217645168304443,"c":{"r":[0.9191346764564514,2.2380290953805117e-9,0.3939434885978699,7.617100727941306e-9,1,-2.3453035069564977e-8,-0.3939434885978699,2.4557204270081457e-8,0.9191346764564514],"p":[512.8486328125,187.06661987304688,-197.4783935546875]},"j":false},{"t":6.279276132583618,"c":{"r":[0.9191349148750305,-4.327290969996511e-9,0.3939428925514221,3.968900230688632e-8,1,-8.161654818650277e-8,-0.3939428925514221,9.065181671985556e-8,0.9191349148750305],"p":[512.0599365234375,187.0994415283203,-199.3164825439453]},"j":false},{"t":6.340083599090576,"c":{"r":[0.9191349148750305,-6.204448066426949e-10,0.3939428925514221,-1.8744319874031136e-8,1,4.530860309159834e-8,-0.3939428925514221,-4.902891248548258e-8,0.9191349148750305],"p":[511.3246154785156,187.1027374267578,-201.0323028564453]},"j":false},{"t":6.412140369415283,"c":{"r":[0.9191349148750305,1.3684231525701307e-9,0.3939428925514221,-1.2004844229807077e-8,1,2.453565706161953e-8,-0.3939428925514221,-2.728080339409189e-8,0.9191349148750305],"p":[510.4317626953125,187.10313415527345,-203.1157989501953]},"j":false},{"t":6.480201959609985,"c":{"r":[0.9191349148750305,1.9904977666129754e-9,0.3939428925514221,3.688413485747333e-8,1,-9.110963361536051e-8,-0.3939428925514221,9.827228808489963e-8,0.9191349148750305],"p":[509.5389099121094,187.10313415527345,-205.1992950439453]},"j":false},{"t":6.547828674316406,"c":{"r":[0.9191349148750305,-9.371382558853725e-10,0.3939428925514221,-4.566380162884798e-9,1,1.3032999568451942e-8,-0.3939428925514221,-1.3777978757900656e-8,0.9191349148750305],"p":[508.6985778808594,187.10313415527345,-207.1602325439453]},"j":false},{"t":6.608529567718506,"c":{"r":[0.9191349148750305,-2.222685591135587e-9,0.3939428925514221,-3.104146983901046e-8,1,7.806711721514148e-8,-0.3939428925514221,-8.398277628884898e-8,0.9191349148750305],"p":[507.9632873535156,187.10313415527345,-208.8760528564453]},"j":false},{"t":6.67063045501709,"c":{"r":[0.9191355109214783,1.948784245087154e-9,0.39394158124923708,1.6607478059427195e-8,1,-4.369507422552488e-8,-0.39394158124923708,4.670406994478071e-8,0.9191355109214783],"p":[507.1229553222656,187.10313415527345,-210.8369903564453]},"j":false},{"t":6.731327533721924,"c":{"r":[0.9191349148750305,2.44109688019023e-9,0.3939428925514221,2.5664222746968336e-8,1,-6.607551483739371e-8,-0.3939428925514221,7.084255315703558e-8,0.9191349148750305],"p":[506.3876647949219,187.10313415527345,-212.5528106689453]},"j":false},{"t":6.791645288467407,"c":{"r":[0.9135452508926392,-2.7876947417126986e-9,0.4067370593547821,-2.8521922601498774e-8,1,7.091500719980104e-8,-0.4067370593547821,-7.638499255335774e-8,0.9135452508926392],"p":[505.58795166015627,187.10313415527345,-214.38597106933595]},"j":false},{"t":6.858663558959961,"c":{"r":[0.904827356338501,-1.897639823056352e-9,0.42577865719795229,-8.472651025215328e-9,1,2.246220098811591e-8,-0.42577865719795229,-2.39318875827621e-8,0.904827356338501],"p":[504.7564697265625,187.10313415527345,-216.20489501953126]},"j":false},{"t":6.918920516967773,"c":{"r":[0.8957119584083557,4.084845350860178e-9,0.4446347653865814,4.105568152112937e-8,1,-9.189319882807468e-8,-0.4446347653865814,1.0056461974272679e-7,0.8957119584083557],"p":[503.88922119140627,187.10313415527345,-218.00704956054688]},"j":false},{"t":6.986491918563843,"c":{"r":[0.8957119584083557,-7.556397729757691e-10,0.4446347653865814,-9.870886330531903e-9,1,2.158425616016757e-8,-0.4446347653865814,-2.3722215303223494e-8,0.8957119584083557],"p":[502.88177490234377,187.10313415527345,-220.03759765625]},"j":false},{"t":7.0481390953063969,"c":{"r":[0.8763071894645691,-5.480201181740085e-9,0.48175275325775149,-3.471138754207459e-8,1,7.451548356129934e-8,-0.48175275325775149,-8.202075463259462e-8,0.8763071894645691],"p":[502.03179931640627,187.10313415527345,-221.69937133789063]},"j":false},{"t":7.11552095413208,"c":{"r":[0.8405662178993225,4.3346770617347378e-9,0.5417088270187378,2.7991424289552925e-8,1,-5.1435975478852927e-8,-0.5417088270187378,5.839854466671568e-8,0.8405662178993225],"p":[500.9531555175781,187.10313415527345,-223.53945922851563]},"j":false},{"t":7.1766135692596439,"c":{"r":[0.829037606716156,3.544642357411476e-9,0.5591928958892822,2.174893509732101e-8,1,-3.858297858982951e-8,-0.5591928958892822,4.41485887847648e-8,0.829037606716156],"p":[499.8491516113281,187.10313415527345,-225.2070770263672]},"j":false},{"t":7.242129325866699,"c":{"r":[0.829037606716156,-1.1370326014059629e-8,0.5591928958892822,-4.9903704280040986e-8,1,9.43187501434295e-8,-0.5591928958892822,-1.0609958422946875e-7,0.829037606716156],"p":[498.6562805175781,187.10313415527345,-226.9756317138672]},"j":false}],"v":1}