{"v":1,"d":[{"t":0,"j":false,"c":{"p":[498.48638916015625,187.10316467285156,-227.13983154296875],"r":[0.7431484460830688,2.6587130719235574e-8,0.669126570224762,-4.056411384567582e-8,1,5.317420725958755e-9,-0.669126570224762,-3.109416013558075e-8,0.7431484460830688]}},{"t":0.06815361976623535,"j":false,"c":{"p":[497.9026794433594,187.10316467285156,-227.7881317138672],"r":[0.7431484460830688,4.611911297303095e-9,0.669126570224762,-2.1149823226096487e-8,1,1.6597081042846185e-8,-0.669126570224762,-2.6486004500725358e-8,0.7431484460830688]}},{"t":0.12960243225097656,"j":false,"c":{"p":[496.5660095214844,187.10316467285156,-229.27285766601562],"r":[0.7431478500366211,-1.5921749252356676e-8,0.6691272258758545,-3.009122950814458e-9,1,2.713680125054907e-8,-0.6691272258758545,-2.218014216737174e-8,0.7431478500366211]}},{"t":0.19529247283935547,"j":false,"c":{"p":[495.1387634277344,187.10316467285156,-230.85830688476562],"r":[0.7431478500366211,-3.775187806809299e-8,0.6691272258758545,1.6276972658602062e-8,1,3.834200512642383e-8,-0.6691272258758545,-1.7602413748818435e-8,0.7431478500366211]}},{"t":0.25818753242492676,"j":false,"c":{"p":[493.80072021484375,187.10316467285156,-232.34466552734375],"r":[0.7431484460830688,-5.814995063246897e-8,0.669126570224762,3.429791561870843e-8,1,4.8812147213084245e-8,-0.669126570224762,-1.3325025527421985e-8,0.7431484460830688]}},{"t":0.30028724670410156,"j":true,"c":{"p":[492.90625,187.10316467285156,-233.33343505859375],"r":[0.7384589314460754,-7.179591676731434e-8,0.6742984652519226,4.625049854212193e-8,1,5.582367990086823e-8,-0.6742984652519226,-1.0036855790929167e-8,0.7384589314460754]}},{"t":0.3087780475616455,"j":true,"c":{"p":[492.81634521484375,187.3246307373047,-233.43191528320312],"r":[0.7384589314460754,-7.315056649304097e-8,0.6742984652519226,4.744239845422271e-8,1,5.652734813565985e-8,-0.6742984652519226,-9.752788798778056e-9,0.7384589314460754]}},{"t":0.3233463764190674,"j":false,"c":{"p":[492.36480712890625,188.38088989257812,-233.9224090576172],"r":[0.7243479490280151,-7.968944970571101e-8,0.6894345879554749,5.338481656735894e-8,1,5.949841153096713e-8,-0.6894345879554749,-6.292214305148036e-9,0.7243479490280151]}},{"t":0.32941651344299316,"j":true,"c":{"p":[492.36480712890625,188.38088989257812,-233.9224090576172],"r":[0.7243479490280151,-7.968944970571101e-8,0.6894345879554749,5.338481656735894e-8,1,5.949841153096713e-8,-0.6894345879554749,-6.292214305148036e-9,0.7243479490280151]}},{"t":0.38869524002075195,"j":false,"c":{"p":[490.86029052734375,191.18870544433594,-235.43453979492188],"r":[0.6996744871139526,2.3037690866090088e-8,0.7144617438316345,8.368159143401499e-8,1,-1.1419444945204305e-7,-0.7144617438316345,1.3968623591154028e-7,0.6996744871139526]}},{"t":0.39011693000793457,"j":true,"c":{"p":[490.86029052734375,191.18870544433594,-235.43453979492188],"r":[0.6996744871139526,2.3037690866090088e-8,0.7144617438316345,8.368159143401499e-8,1,-1.1419444945204305e-7,-0.7144617438316345,1.3968623591154028e-7,0.6996744871139526]}},{"t":0.4553225040435791,"j":false,"c":{"p":[489.33587646484375,193.12451171875,-236.92721557617188],"r":[0.6996671557426453,8.21478209900306e-8,0.7144689559936523,-1.1893402707130463e-8,1,-1.0333044997423713e-7,-0.7144689559936523,6.379945460821546e-8,0.6996671557426453]}},{"t":0.5222842693328857,"j":false,"c":{"p":[487.8017578125,194.18832397460938,-238.40960693359375],"r":[0.6745985746383667,1.4403862280687463e-7,0.7381847500801086,-8.347674196329535e-8,1,-1.1883926731570682e-7,-0.7381847500801086,1.8547542168789732e-8,0.6745985746383667]}},{"t":0.5896615982055664,"j":false,"c":{"p":[486.1852111816406,194.380126953125,-239.80116271972656],"r":[0.6321994662284851,8.736441969858788e-8,0.7748056650161743,2.6562387844819568e-8,1,-1.3443002444546437e-7,-0.7748056650161743,1.0556728113897407e-7,0.6321994662284851]}},{"t":0.6552913188934326,"j":false,"c":{"p":[484.6352844238281,193.7679901123047,-241.06533813476562],"r":[0.6320326924324036,-4.168677136817678e-8,0.7749416828155518,8.894121350522255e-8,1,-1.8745909713402398e-8,-0.7749416828155518,8.077228841329998e-8,0.6320326924324036]}},{"t":0.7154154777526855,"j":false,"c":{"p":[483.0531311035156,192.3894500732422,-242.28811645507812],"r":[0.5879479646682739,4.456498459148861e-8,0.8088987469673157,7.400614521202442e-8,1,-1.0888476253967383e-7,-0.8088987469673157,1.238820459548151e-7,0.5879479646682739]}},{"t":0.7787761688232422,"j":false,"c":{"p":[481.4350280761719,190.2445068359375,-243.46372985839844],"r":[0.5877892971038818,1.4228638178792608e-7,0.8090140223503113,-9.309128046197657e-8,1,-1.0824079055282709e-7,-0.8090140223503113,-1.1689374801449048e-8,0.5877892971038818]}},{"t":0.8464434146881104,"j":false,"c":{"p":[479.7089538574219,187.11180114746094,-244.71763610839844],"r":[0.5877892374992371,3.3062366178171487e-9,0.809014081954956,-8.270355067452329e-8,1,5.6001521642201624e-8,-0.809014081954956,-9.982542792386084e-8,0.5877892374992371]}},{"t":0.9133453369140625,"j":false,"c":{"p":[477.875,182.82786560058594,-246.04991149902344],"r":[0.5877892374992371,-5.987938322959963e-8,0.809014081954956,-1.3616815230932389e-8,1,8.390855299467148e-8,-0.809014081954956,-6.033673827232633e-8,0.5877892374992371]}},{"t":0.9811301231384277,"j":false,"c":{"p":[476.1551513671875,179.02296447753906,-247.28982543945312],"r":[0.5821322798728943,-4.111693741037925e-8,0.8130940794944763,1.0069980049820515e-7,1,-2.1527233329265982e-8,-0.8130940794944763,9.441011172839353e-8,0.5821322798728943]}},{"t":1.0491833686828613,"j":false,"c":{"p":[474.4705810546875,178.50115966796875,-248.49566650390625],"r":[0.5821272134780884,4.820057242227449e-8,0.8130977153778076,-1.5076448534045994e-8,1,-4.8486374026879275e-8,-0.8130977153778076,1.596661292069257e-8,0.5821272134780884]}},{"t":1.1284840106964111,"j":false,"c":{"p":[472.68072509765625,178.34230041503906,-249.77684020996094],"r":[0.5821270942687988,3.157201788894781e-8,0.8130977749824524,-4.598662783905638e-8,1,-5.9057536638817965e-9,-0.8130977749824524,-3.395372516479256e-8,0.5821270942687988]}},{"t":1.1888203620910645,"j":false,"c":{"p":[470.890869140625,178.82675170898438,-251.05801391601562],"r":[0.5821266174316406,-1.20884777743413e-7,0.813098132610321,6.533545615639014e-8,1,1.0189577182018184e-7,-0.813098132610321,-6.1921032745715365e-9,0.5821266174316406]}},{"t":1.256279468536377,"j":false,"c":{"p":[469.206298828125,179.33265686035156,-252.26382446289062],"r":[0.5821266174316406,3.03984073468655e-8,0.813098132610321,-6.088236581547335e-10,1,-3.695001993264668e-8,-0.813098132610321,2.1014557205489837e-8,0.5821266174316406]}},{"t":1.3219573497772217,"j":false,"c":{"p":[467.521728515625,179.84222412109375,-253.46963500976562],"r":[0.5821266174316406,4.694652488979045e-8,0.813098132610321,-2.0103614772892797e-8,1,-4.33449187653423e-8,-0.813098132610321,8.886019919884802e-9,0.5821266174316406]}},{"t":1.388491153717041,"j":false,"c":{"p":[465.837158203125,180.3519287109375,-254.67544555664062],"r":[0.5821266174316406,-7.055167117187011e-8,0.813098132610321,6.613723790849235e-9,1,8.203394230577032e-8,-0.813098132610321,-4.237653783434325e-8,0.5821266174316406]}},{"t":1.456120491027832,"j":false,"c":{"p":[464.152587890625,180.8619842529297,-255.88125610351562],"r":[0.5821269750595093,-1.0980167886032177e-8,0.8130978941917419,5.658910229300318e-9,1,9.452691962508197e-9,-0.8130978941917419,-9.014187729583512e-10,0.5821269750595093]}},{"t":1.5223658084869385,"j":false,"c":{"p":[462.4607238769531,181.37429809570312,-257.092529296875],"r":[0.5821267366409302,6.849386835483529e-8,0.8130980730056763,-4.246442752986468e-9,1,-8.119795325001178e-8,-0.8130980730056763,4.381472251679952e-8,0.5821267366409302]}},{"t":1.5886642932891846,"j":false,"c":{"p":[460.7305603027344,181.69398498535156,-258.3311767578125],"r":[0.5821267366409302,-3.217916599851378e-8,0.8130980730056763,-3.4509664015303088e-9,1,4.2046671921980305e-8,-0.8130980730056763,-2.728246428773673e-8,0.5821267366409302]}},{"t":1.6547963619232178,"j":false,"c":{"p":[459.1045837402344,181.73831176757812,-259.4952697753906],"r":[0.5821267366409302,-5.553850712658459e-8,0.8130980730056763,-1.015888595468084e-9,1,6.903211868802828e-8,-0.8130980730056763,-4.101146089396934e-8,0.5821267366409302]}},{"t":1.7156949043273926,"j":false,"c":{"p":[457.4786071777344,181.7428741455078,-260.65936279296875],"r":[0.5821267366409302,6.236988525643028e-8,0.8130980730056763,4.789403540428339e-9,1,-8.01353792212467e-8,-0.8130980730056763,5.054320340036611e-8,0.5821267366409302]}},{"t":1.7768440246582031,"j":false,"c":{"p":[455.9610290527344,181.74334716796875,-261.745849609375],"r":[0.5821267366409302,2.1447648990147172e-8,0.8130980730056763,4.795994712480933e-10,1,-2.6721053814071638e-8,-0.8130980730056763,1.5945001763384425e-8,0.5821267366409302]}},{"t":1.8461172580718994,"j":false,"c":{"p":[454.1182556152344,181.74334716796875,-263.0651550292969],"r":[0.5821267366409302,-7.787280509319316e-8,0.8130980730056763,-7.946671765068913e-9,1,1.014622696970946e-7,-0.8130980730056763,-6.55253202808126e-8,0.5821267366409302]}},{"t":1.9074821472167969,"j":false,"c":{"p":[452.4922790527344,181.74334716796875,-264.229248046875],"r":[0.5821267366409302,2.8067628221606356e-9,0.8130980730056763,8.499839165843071e-10,1,-4.060471070488347e-9,-0.8130980730056763,3.054829056381436e-9,0.5821267366409302]}},{"t":1.9710524082183838,"j":false,"c":{"p":[450.8663024902344,181.74334716796875,-265.3933410644531],"r":[0.5821267366409302,5.690885629405784e-8,0.8130980730056763,6.177900413462112e-9,1,-7.441313698564045e-8,-0.8130980730056763,4.834111422269416e-8,0.5821267366409302]}},{"t":2.031604051589966,"j":false,"c":{"p":[449.2403259277344,181.74334716796875,-266.55743408203125],"r":[0.5821267366409302,-2.5456026619963268e-8,0.8130980730056763,-3.4585143637855253e-9,1,3.378352886329594e-8,-0.8130980730056763,-2.247840491520492e-8,0.5821267366409302]}},{"t":2.0929906368255615,"j":false,"c":{"p":[447.71392822265625,181.74334716796875,-267.63165283203125],"r":[0.5591967701911926,-7.658586298475711e-8,0.8290349245071411,-1.0099655334272484e-8,1,9.919190802065714e-8,-0.8290349245071411,-6.384076556287255e-8,0.5591967701911926]}},{"t":2.1549010276794434,"j":false,"c":{"p":[446.0502624511719,181.74334716796875,-268.74176025390625],"r":[0.5533954501152039,4.3978197084015846e-8,0.832918643951416,5.573321804064335e-9,1,-5.650305467952421e-8,-0.832918643951416,3.59106557823452e-8,0.5533954501152039]}},{"t":2.2085485458374023,"j":true,"c":{"p":[444.6065673828125,181.88690185546875,-269.7010498046875],"r":[0.5533954501152039,3.99095476666389e-8,0.832918643951416,5.165565752918155e-9,1,-5.1347328167139494e-8,-0.832918643951416,3.271787463177134e-8,0.5533954501152039]}},{"t":2.2161593437194824,"j":true,"c":{"p":[444.4955139160156,182.10836791992188,-269.77484130859375],"r":[0.5533954501152039,3.4375055690816225e-8,0.832918643951416,4.463632574669418e-9,1,-4.4236266205643915e-8,-0.832918643951416,2.819799149733626e-8,0.5533954501152039]}},{"t":2.2224464416503906,"j":false,"c":{"p":[444.2734069824219,182.5478973388672,-269.92242431640625],"r":[0.5533954501152039,2.3309620900135997e-8,0.832918643951416,3.0602185230321766e-9,1,-3.001869686158898e-8,-0.832918643951416,1.916112424282801e-8,0.5533954501152039]}},{"t":2.232410192489624,"j":true,"c":{"p":[443.94024658203125,183.18165588378906,-270.143798828125],"r":[0.5533954501152039,6.720331846565841e-9,0.832918643951416,9.5622709750387e-10,1,-8.703735510096067e-9,-0.832918643951416,5.613066900167496e-9,0.5533954501152039]}},{"t":2.288567543029785,"j":false,"c":{"p":[442.4965515136719,185.57369995117188,-271.10308837890625],"r":[0.5533954501152039,-6.504384941763419e-8,0.832918643951416,-8.145441654505703e-9,1,8.350335178874957e-8,-0.832918643951416,-5.299486716126012e-8,0.5533954501152039]}},{"t":2.323824405670166,"j":true,"c":{"p":[441.6081237792969,186.75961303710938,-271.69342041015625],"r":[0.5533954501152039,-1.091074537384884e-7,0.832918643951416,-1.373389135750358e-8,1,1.4011899907018233e-7,-0.832918643951416,-8.898042835880915e-8,0.5533954501152039]}},{"t":2.34883975982666,"j":false,"c":{"p":[440.83074951171875,187.61843872070312,-272.2099609375],"r":[0.5533954501152039,-1.0659272220436833e-7,0.832918643951416,-1.3441996848939652e-8,1,1.36905882186511e-7,-0.832918643951416,-8.695918296552918e-8,0.5533954501152039]}},{"t":2.4145727157592773,"j":false,"c":{"p":[439.05389404296875,188.9547576904297,-273.390625],"r":[0.5533954501152039,2.3906496338099714e-8,0.832918643951416,2.9648004051807675e-9,1,-3.0671905904000596e-8,-0.832918643951416,1.9443131549223835e-8,0.5533954501152039]}},{"t":2.480741262435913,"j":false,"c":{"p":[437.27703857421875,189.4190673828125,-274.5712890625],"r":[0.5533954501152039,9.825755142855996e-8,0.832918643951416,1.2326498044501477e-8,1,-1.2615754485523212e-7,-0.832918643951416,8.008198193465432e-8,0.5533954501152039]}},{"t":2.5473434925079346,"j":false,"c":{"p":[435.50018310546875,189.01136779785156,-275.751953125],"r":[0.5533954501152039,5.531717306439532e-9,0.832918643951416,7.253784239935612e-10,1,-7.123310830081664e-9,-0.832918643951416,4.546189202869755e-9,0.5533954501152039]}},{"t":2.614244222640991,"j":false,"c":{"p":[433.72332763671875,187.73167419433594,-276.9326171875],"r":[0.5533954501152039,-8.687769081916485e-8,0.832918643951416,-1.0835994324054354e-8,1,1.1150462597697697e-7,-0.832918643951416,-7.073165164683815e-8,0.5533954501152039]}},{"t":2.680455207824707,"j":false,"c":{"p":[431.94647216796875,185.57998657226562,-278.11328125],"r":[0.5533954501152039,-6.753063530595682e-8,0.832918643951416,-8.438572507429853e-9,1,8.668374107401178e-8,-0.832918643951416,-5.499903465988609e-8,0.5533954501152039]}},{"t":2.747293472290039,"j":false,"c":{"p":[430.16961669921875,182.55628967285156,-279.2939453125],"r":[0.5533954501152039,6.300120958258049e-8,0.832918643951416,7.846082006324195e-9,1,-8.085206815167112e-8,-0.832918643951416,5.1278313151215116e-8,0.5533954501152039]}},{"t":2.8142755031585693,"j":false,"c":{"p":[428.39276123046875,178.66058349609375,-280.474609375],"r":[0.5533954501152039,6.896935644817859e-8,0.832918643951416,8.60127524759946e-9,1,-8.851916533103577e-8,-0.832918643951416,5.615026665850564e-8,0.5533954501152039]}},{"t":2.880730390548706,"j":false,"c":{"p":[426.6319274902344,174.94793701171875,-281.6615295410156],"r":[0.5707175731658936,-2.186562575445805e-8,0.8211464285850525,-1.4453677144032895e-9,1,2.7632736987470707e-8,-0.8211464285850525,-1.6957347526158628e-8,0.5707175731658936]}},{"t":2.9471614360809326,"j":false,"c":{"p":[424.9913330078125,175.29136657714844,-282.80157470703125],"r":[0.5707175731658936,-7.855524586375395e-8,0.8211464285850525,-7.148282854529953e-9,1,1.0063357080980495e-7,-0.8211464285850525,-6.330313340185967e-8,0.5707175731658936]}},{"t":3.003619909286499,"j":true,"c":{"p":[423.5762023925781,175.34043884277344,-283.80255126953125],"r":[0.599027156829834,2.9382347221940108e-8,0.8007286787033081,1.8717088989816943e-10,1,-3.6834531869089915e-8,-0.8007286787033081,2.2214759809457973e-8,0.599027156829834]}},{"t":3.0105082988739014,"j":false,"c":{"p":[423.25238037109375,176.00143432617188,-284.0373840332031],"r":[0.599027156829834,5.412903902879407e-8,0.8007286787033081,1.2473272414936787e-9,1,-6.853285583474644e-8,-0.8007286787033081,4.205181269867353e-8,0.599027156829834]}},{"t":3.0121309757232666,"j":true,"c":{"p":[423.25238037109375,176.00143432617188,-284.0373840332031],"r":[0.599027156829834,5.412903902879407e-8,0.8007286787033081,1.2473272414936787e-9,1,-6.853285583474644e-8,-0.8007286787033081,4.205181269867353e-8,0.599027156829834]}},{"t":3.021449089050293,"j":true,"c":{"p":[423.0382385253906,176.42735290527344,-284.1962890625],"r":[0.599027156829834,7.061802875796275e-8,0.8007286787033081,1.9537207407438473e-9,1,-8.965378128777957e-8,-0.8007286787033081,5.526945301426167e-8,0.599027156829834]}},{"t":3.073091983795166,"j":false,"c":{"p":[421.6549377441406,178.86367797851562,-285.2406921386719],"r":[0.6045975685119629,8.476184376604579e-8,0.796531081199646,2.956209499416218e-9,1,-1.0865760202705133e-7,-0.796531081199646,6.804883412314666e-8,0.6045975685119629]}},{"t":3.1443028450012207,"j":false,"c":{"p":[419.8495178222656,181.18104553222656,-286.6113586425781],"r":[0.6046029925346375,-4.126937458437396e-9,0.7965269684791565,4.967387057241979e-10,1,4.804115771861461e-9,-0.7965269684791565,-2.508917074095507e-9,0.6046029925346375]}},{"t":3.2156951427459717,"j":false,"c":{"p":[418.0440979003906,182.51402282714844,-287.9820251464844],"r":[0.6046029925346375,-9.269271572520665e-8,0.7965269684791565,-1.9540191686928665e-9,1,1.178542916591141e-7,-0.7965269684791565,-7.281148839410889e-8,0.6046029925346375]}},{"t":3.285601854324341,"j":false,"c":{"p":[416.2386779785156,182.86257934570312,-289.3526916503906],"r":[0.6046029925346375,-5.6683393978573804e-8,0.7965269684791565,-1.4344847532044014e-9,1,7.225202836025346e-8,-0.7965269684791565,-4.482639681668843e-8,0.6046029925346375]}},{"t":3.3536510467529297,"j":false,"c":{"p":[414.5394592285156,182.2913818359375,-290.6427307128906],"r":[0.6046029925346375,8.086156100262087e-8,0.7965269684791565,1.526206161450716e-9,1,-1.0267613248515772e-7,-0.7965269684791565,6.3293960295141e-8,0.6046029925346375]}},{"t":3.422028064727783,"j":false,"c":{"p":[412.732666015625,180.72903442382812,-292.01153564453125],"r":[0.5991650819778442,5.818612436314652e-8,0.8006255030632019,1.091430390509629e-9,1,-7.349262176603588e-8,-0.8006255030632019,4.4908041729740944e-8,0.5991650819778442]}},{"t":3.490424871444702,"j":false,"c":{"p":[411.024658203125,178.35934448242188,-293.2893981933594],"r":[0.5990272760391235,-1.9818454433107036e-8,0.8007286190986633,-4.843855871961011e-10,1,2.511289487472368e-8,-0.8007286190986633,-1.543117100766267e-8,0.5990272760391235]}},{"t":3.556685209274292,"j":false,"c":{"p":[409.3245849609375,177.32557678222656,-294.56121826171875],"r":[0.5990272760391235,-9.755675023370713e-8,0.8007286190986633,-2.0520882770824755e-9,1,1.233701425462641e-7,-0.8007286190986633,-7.554525183195437e-8,0.5990272760391235]}},{"t":3.617898941040039,"j":false,"c":{"p":[408.1121826171875,177.26434326171875,-295.4682312011719],"r":[0.5990272760391235,2.86490227097147e-8,0.8007286190986633,6.369167970809997e-10,1,-3.6255169533205844e-8,-0.8007286190986633,2.222783379579596e-8,0.5990272760391235]}},{"t":3.6805739402770996,"j":false,"c":{"p":[407.2983093261719,178.42503356933594,-296.0770568847656],"r":[0.5990272760391235,3.947472038134947e-8,0.8007286190986633,8.385613314842999e-10,1,-4.992583413354623e-8,-0.8007286190986633,3.057839492726089e-8,0.5990272760391235]}},{"t":3.742900848388672,"j":false,"c":{"p":[406.4972229003906,180.09906005859375,-296.67626953125],"r":[0.5990272760391235,-3.225289546548993e-8,0.8007286190986633,-7.377360389249077e-10,1,4.083133831045416e-8,-0.8007286190986633,-2.5049811114286058e-8,0.5990272760391235]}},{"t":3.803241014480591,"j":false,"c":{"p":[405.558349609375,181.8278350830078,-297.3785705566406],"r":[0.5990272760391235,-8.973727005923138e-8,0.8007286190986633,-1.9974037979153536e-9,1,1.1356377882520974e-7,-0.8007286190986633,-6.962717691294529e-8,0.5990272760391235]}},{"t":3.8702640533447266,"j":false,"c":{"p":[403.9463195800781,183.1664276123047,-298.5845031738281],"r":[0.5990272760391235,5.8063424290821786e-8,0.8007286190986633,1.3065885040575154e-9,1,-7.349070330064933e-8,-0.8007286190986633,4.506915729507455e-8,0.5990272760391235]}},{"t":3.935558557510376,"j":false,"c":{"p":[402.227783203125,183.3740997314453,-299.8479919433594],"r":[0.5649707317352295,2.1783892023563567e-8,0.825110912322998,-1.06374919983665e-9,1,-2.567279722143212e-8,-0.825110912322998,1.3626667794142122e-8,0.5649707317352295]}},{"t":4.001727342605591,"j":false,"c":{"p":[400.5531005859375,183.39219665527344,-300.94049072265625],"r":[0.5000038743019104,-5.491315135941477e-8,0.8660231828689575,-1.0067010336456406e-8,1,6.922066120296222e-8,-0.8660231828689575,-4.33288640522278e-8,0.5000038743019104]}},{"t":4.066832780838013,"j":false,"c":{"p":[398.6904602050781,183.39410400390625,-301.98016357421875],"r":[0.4756278395652771,-3.564715100878857e-8,0.8796465992927551,-7.0204029256615286e-9,1,4.4320355385707444e-8,-0.8796465992927551,-2.7255468992848364e-8,0.4756278395652771]}},{"t":4.130584001541138,"j":false,"c":{"p":[396.9312744140625,183.18714904785156,-302.931396484375],"r":[0.4756278395652771,7.65798162660758e-8,0.8796465992927551,1.2884228794973751e-8,1,-9.402402412206357e-8,-0.8796465992927551,5.60540129868059e-8,0.4756278395652771]}},{"t":4.197372913360596,"j":false,"c":{"p":[394.9375305175781,181.78265380859375,-304.00946044921875],"r":[0.4756278395652771,-9.165848524617104e-9,0.8796465992927551,-6.23839979674301e-10,1,1.0757233326330606e-8,-0.8796465992927551,-5.665198532511795e-9,0.4756278395652771]}},{"t":4.26417088508606,"j":false,"c":{"p":[393.0674133300781,180.23654174804688,-305.0357971191406],"r":[0.4939455986022949,-8.882420843292493e-8,0.8694928288459778,-1.2306072605383633e-8,1,1.0914723702626361e-7,-0.8694928288459778,-6.461284129954947e-8,0.4939455986022949]}},{"t":4.330199718475342,"j":false,"c":{"p":[391.34039306640625,180.3358917236328,-306.044189453125],"r":[0.523989200592041,2.054539471885164e-8,0.8517249226570129,-2.533906695578736e-10,1,-2.3966212125969832e-8,-0.8517249226570129,1.234221791435175e-8,0.523989200592041]}},{"t":4.397126913070679,"j":false,"c":{"p":[389.4134521484375,180.34934997558594,-307.2375793457031],"r":[0.5358301401138306,3.8076748865023546e-8,0.8443257808685303,4.574135736845619e-9,1,-4.800008213123874e-8,-0.8443257808685303,2.9581952887269836e-8,0.5358301401138306]}},{"t":4.464417934417725,"j":false,"c":{"p":[387.619140625,180.35035705566406,-308.39141845703125],"r":[0.5475666522979736,-5.8027030291896153e-8,0.8367620706558228,2.198448312284995e-9,1,6.790847351112461e-8,-0.8367620706558228,-3.534483639100472e-8,0.5475666522979736]}},{"t":4.53041672706604,"j":false,"c":{"p":[385.95098876953125,180.35040283203125,-309.4945983886719],"r":[0.553395688533783,-3.073974497169729e-8,0.8329184651374817,-2.1530918714596226e-10,1,3.7049119328003144e-8,-0.8329184651374817,-2.0682158208273904e-8,0.553395688533783]}},{"t":4.597013711929321,"j":false,"c":{"p":[384.0630798339844,180.35040283203125,-310.7490539550781],"r":[0.559196412563324,8.397114470426459e-8,0.8290351629257202,-3.2371532121544533e-9,1,-9.91042838904832e-8,-0.8290351629257202,5.27350465517884e-8,0.559196412563324]}},{"t":4.663386344909668,"j":false,"c":{"p":[382.29425048828125,180.35040283203125,-311.9415283203125],"r":[0.559196412563324,-2.5763245758980702e-8,0.8290351629257202,1.2555738670982919e-9,1,3.022927330675884e-8,-0.8290351629257202,-1.5863188096432168e-8,0.559196412563324]}},{"t":4.725704193115234,"j":false,"c":{"p":[380.74676513671875,180.35040283203125,-312.98529052734375],"r":[0.5591963529586792,-7.612539576484778e-8,0.829035222530365,3.2443376873914076e-9,1,8.96357263968639e-8,-0.829035222530365,-4.7434301819748725e-8,0.5591963529586792]}},{"t":4.791972398757935,"j":false,"c":{"p":[378.99176025390625,180.35040283203125,-314.19781494140625],"r":[0.5821262001991272,5.6647017743216566e-8,0.8130984306335449,-5.209657150118119e-9,1,-6.59383161405458e-8,-0.8130984306335449,3.414845650695497e-8,0.5821262001991272]}},{"t":4.8597047328948975,"j":false,"c":{"p":[377.26611328125,180.35040283203125,-315.4518737792969],"r":[0.5990272760391235,1.898471246875033e-8,0.8007286190986633,1.91361287926739e-10,1,-2.385245601033148e-8,-0.8007286190986633,1.4441500439943411e-8,0.5990272760391235]}},{"t":4.926310062408447,"j":false,"c":{"p":[375.5580139160156,180.35040283203125,-316.72967529296875],"r":[0.5990272760391235,-9.398518585612692e-8,0.8007286190986633,1.3283687927412302e-8,1,1.0743701750470791e-7,-0.8007286190986633,-5.372107381163005e-8,0.5990272760391235]}},{"t":4.993860483169556,"j":false,"c":{"p":[373.7432556152344,180.35040283203125,-318.0873718261719],"r":[0.5990272760391235,2.9455492267516092e-8,0.8007286190986633,-5.664955171624797e-9,1,-3.254789149309545e-8,-0.8007286190986633,1.496098356312814e-8,0.5990272760391235]}},{"t":5.057751893997192,"j":false,"c":{"p":[372.1419982910156,180.35040283203125,-319.28533935546875],"r":[0.5990272760391235,5.6261864500584124e-8,0.8007286190986633,-8.848547672357654e-9,1,-6.36437107459642e-8,-0.8007286190986633,3.10390326774268e-8,0.5990272760391235]}},{"t":5.122928142547607,"j":false,"c":{"p":[370.4339904785156,180.35040283203125,-320.56317138671875],"r":[0.5990272760391235,-6.717473155504194e-8,0.8007286190986633,1.2181866182459089e-8,1,7.477871832861638e-8,-0.8007286190986633,-3.504012369148768e-8,0.5990272760391235]}},{"t":5.187164306640625,"j":false,"c":{"p":[368.8327331542969,180.35040283203125,-321.7611389160156],"r":[0.5990272760391235,-2.219992722984898e-8,0.8007286190986633,3.6244891532533074e-9,1,2.501316664904607e-8,-0.8007286190986633,-1.208133681984691e-8,0.5990272760391235]}},{"t":5.248223066329956,"j":false,"c":{"p":[367.2314758300781,180.35040283203125,-322.9591064453125],"r":[0.5990272760391235,1.026596123665513e-7,0.8007286190986633,-1.8987222460964404e-8,1,-1.1400335608868772e-7,-0.8007286190986633,5.308750772314852e-8,0.5990272760391235]}},{"t":5.318521022796631,"j":false,"c":{"p":[365.5489807128906,180.35040283203125,-324.2699279785156],"r":[0.6586928963661194,-2.0582819004744124e-8,0.7524119019508362,8.073058666013821e-9,1,2.0288291935344205e-8,-0.7524119019508362,-7.2894885683183475e-9,0.6586928963661194]}},{"t":5.384571313858032,"j":false,"c":{"p":[363.9101257324219,180.35040283203125,-325.83441162109375],"r":[0.7193425893783569,-5.3703971047980303e-8,0.6946555376052856,1.823371142961605e-8,1,5.842850825388268e-8,-0.6946555376052856,-2.9363965481365994e-8,0.7193425893783569]}},{"t":5.4526450634002686,"j":false,"c":{"p":[362.4532470703125,180.35040283203125,-327.39263916015625],"r":[0.7384583353996277,7.468094764817579e-8,0.6742990612983704,-2.9540965229557514e-8,1,-7.840166915684676e-8,-0.6742990612983704,3.797692471607661e-8,0.7384583353996277]}},{"t":5.516046762466431,"j":false,"c":{"p":[361.1132507324219,180.35040283203125,-328.8773193359375],"r":[0.7478011250495911,1.5355920979231996e-8,0.6639227867126465,-5.6620428345866e-9,1,-1.675170580028862e-8,-0.6639227867126465,8.767785608654322e-9,0.7478011250495911]}},{"t":5.580282211303711,"j":false,"c":{"p":[359.80596923828125,180.35040283203125,-330.3907470703125],"r":[0.7836958169937134,-9.111482057733156e-8,0.6211447715759277,4.03609377030989e-8,1,9.576531567745405e-8,-0.6211447715759277,-4.99808905374266e-8,0.7836958169937134]}},{"t":5.646999835968018,"j":false,"c":{"p":[358.4757995605469,180.35040283203125,-332.2237548828125],"r":[0.8625160455703735,3.2211826095362994e-8,0.5060296654701233,-1.9589506905504095e-8,1,-3.026612915846272e-8,-0.5060296654701233,1.619214984316386e-8,0.8625160455703735]}},{"t":5.713364601135254,"j":false,"c":{"p":[357.46405029296875,180.3163604736328,-334.1012878417969],"r":[0.8925876617431641,5.230478805628991e-8,0.4508739411830902,-3.2866214638715974e-8,1,-5.094286592566277e-8,-0.4508739411830902,3.065245479660916e-8,0.8925876617431641]}},{"t":5.780113697052002,"j":false,"c":{"p":[356.5498962402344,179.70330810546875,-335.8801574707031],"r":[0.8925876617431641,-6.98642068641675e-8,0.4508739411830902,4.259491603875176e-8,1,7.062842399818692e-8,-0.4508739411830902,-4.383711882383068e-8,0.8925876617431641]}},{"t":5.847301006317139,"j":false,"c":{"p":[355.58258056640625,178.2046356201172,-337.7816467285156],"r":[0.8925876617431641,-7.068011953492714e-9,0.4508739113807678,4.688574861688721e-9,1,6.39435526750276e-9,-0.4508739113807678,-3.593566333393028e-9,0.8925876617431641]}},{"t":5.9137654304504395,"j":false,"c":{"p":[354.5364074707031,175.6568603515625,-339.79241943359375],"r":[0.8829574584960938,9.236917009047829e-8,0.46945303678512573,-4.232853001440162e-8,1,-1.1714671188656212e-7,-0.46945303678512573,8.356430214462307e-8,0.8829574584960938]}},{"t":5.979889392852783,"j":false,"c":{"p":[353.5975341796875,172.59130859375,-341.5584716796875],"r":[0.8829495310783386,3.697516604006523e-8,0.4694679379463196,-1.0423581109364477e-8,1,-5.9155627951668066e-8,-0.4694679379463196,4.7337895381360795e-8,0.8829495310783386]}},{"t":6.046337127685547,"j":false,"c":{"p":[352.5334777832031,168.19052124023438,-343.55999755859375],"r":[0.8829495310783386,-2.5592431285303974e-8,0.4694679379463196,2.5612500564875518e-8,1,6.343108260864483e-9,-0.4694679379463196,6.423603426952695e-9,0.8829495310783386]}},{"t":6.114225149154663,"j":false,"c":{"p":[351.5320129394531,163.14935302734375,-345.44378662109375],"r":[0.8829495310783386,-8.427240061337216e-8,0.4694679379463196,5.940948355487308e-8,1,6.777209904385018e-8,-0.4694679379463196,-3.194849540477662e-8,0.8829495310783386]}},{"t":6.1780266761779785,"j":false,"c":{"p":[350.5931396484375,157.63131713867188,-347.2098388671875],"r":[0.8829495310783386,-1.3910305085573782e-7,0.4694679379463196,9.098943110075197e-8,1,1.2517142522483482e-7,-0.4694679379463196,-6.780342687306984e-8,0.8829495310783386]}},{"t":6.243527173995972,"j":false,"c":{"p":[349.5916748046875,150.90065002441406,-349.0936279296875],"r":[0.8829495310783386,-4.261112707126813e-8,0.4694679379463196,2.59856811624104e-8,1,4.189228164364067e-8,-0.4694679379463196,-2.4789324370999566e-8,0.8829495310783386]}},{"t":6.3076090812683105,"j":false,"c":{"p":[348.6696472167969,145.96517944335938,-350.827880859375],"r":[0.8829494118690491,1.0068780653682552e-7,0.4694681167602539,-6.745412406417017e-8,1,-8.76081358569536e-8,-0.4694681167602539,4.5685993654842605e-8,0.8829494118690491]}},{"t":6.367668628692627,"j":false,"c":{"p":[347.8467712402344,145.57960510253906,-352.3753662109375],"r":[0.8829494118690491,2.9332179352081766e-8,0.4694681167602539,-1.7123866768997686e-8,1,-3.0273987761120225e-8,-0.4694681167602539,1.869129029330452e-8,0.8829494118690491]}},{"t":6.4348859786987305,"j":false,"c":{"p":[346.8475646972656,145.8632354736328,-354.25445556640625],"r":[0.8829498291015625,-5.7027580879775996e-8,0.4694673717021942,4.378950890782107e-8,1,3.9115906957931657e-8,-0.4694673717021942,-1.397963789173673e-8,0.8829498291015625]}},{"t":6.503123044967651,"j":false,"c":{"p":[345.91705322265625,146.56887817382812,-356.0285339355469],"r":[0.8925879001617432,-8.642354032417643e-8,0.45087337493896484,6.37839292494391e-8,1,6.540810915112161e-8,-0.45087337493896484,-2.9624011688156315e-8,0.8925879001617432]}},{"t":6.571388006210327,"j":false,"c":{"p":[344.95623779296875,147.34344482421875,-357.92913818359375],"r":[0.8925878405570984,9.839944681289126e-8,0.45087358355522156,-7.47899093767046e-8,1,-7.018127945457309e-8,-0.45087358355522156,2.892216244276824e-8,0.8925878405570984]}},{"t":6.638956785202026,"j":false,"c":{"p":[344.05242919921875,148.0728302001953,-359.71820068359375],"r":[0.8925878405570984,7.0420718145669525e-9,0.45087358355522156,-4.143296816749853e-9,1,-7.416303571261551e-9,-0.45087358355522156,4.7515991141722225e-9,0.8925878405570984]}},{"t":6.705226898193359,"j":false,"c":{"p":[343.2051086425781,148.75778198242188,-361.39544677734375],"r":[0.8925877213478088,-7.83223796929633e-8,0.45087382197380066,6.186895973314677e-8,1,5.123142088336863e-8,-0.45087382197380066,-1.7833441390280313e-8,0.8925877213478088]}},{"t":6.771822214126587,"j":false,"c":{"p":[342.3108215332031,149.48764038085938,-363.1898193359375],"r":[0.8957134485244751,-2.99669267178615e-8,0.4446317255496979,2.3345810618025098e-8,1,2.0366901054558184e-8,-0.4446317255496979,-7.862619000320592e-9,0.8957134485244751]}},{"t":6.838516473770142,"j":false,"c":{"p":[341.3634948730469,150.26109313964844,-365.09796142578125],"r":[0.8957134485244751,7.726857376155749e-8,0.4446317255496979,-6.105753413976345e-8,1,-5.078026532601143e-8,-0.4446317255496979,1.8336448803779604e-8,0.8957134485244751]}},{"t":6.905174255371094,"j":false,"c":{"p":[340.5276184082031,150.9442138671875,-366.7816162109375],"r":[0.8957134485244751,-2.1316965970186175e-8,0.4446317255496979,1.7226508219891912e-8,1,1.3240062379793471e-8,-0.4446317255496979,-4.199850245356629e-9,0.8957134485244751]}},{"t":6.972282886505127,"j":false,"c":{"p":[339.5802917480469,151.71807861328125,-368.68975830078125],"r":[0.8957134485244751,-9.815190793460715e-8,0.4446317255496979,7.816628055934416e-8,1,6.328230028884718e-8,-0.4446317255496979,-2.1927601068227887e-8,0.8957134485244751]}},{"t":7.0377891063690186,"j":false,"c":{"p":[338.7444152832031,152.40142822265625,-370.3734130859375],"r":[0.8957134485244751,6.231859828176312e-8,0.4446317255496979,-4.980345735816627e-8,1,-3.982839658078774e-8,-0.4446317255496979,1.3530634390690466e-8,0.8957134485244751]}},{"t":7.098666429519653,"j":false,"c":{"p":[337.9085388183594,153.0843048095703,-372.05706787109375],"r":[0.8957134485244751,3.316356256277686e-8,0.4446317255496979,-2.6411084874666813e-8,1,-2.1381287851340858e-8,-0.4446317255496979,7.408300639610843e-9,0.8957134485244751]}},{"t":7.161026954650879,"j":false,"c":{"p":[337.0726623535156,153.76641845703125,-373.74072265625],"r":[0.8957134485244751,-6.455588419385094e-8,0.4446317255496979,5.171025563299736e-8,1,4.1018914487267466e-8,-0.4446317255496979,-1.374917424357136e-8,0.8957134485244751]}},{"t":7.222206354141235,"j":false,"c":{"p":[336.2367858886719,154.44918823242188,-375.42437744140625],"r":[0.8957134485244751,-5.607341080349215e-8,0.4446317255496979,4.485511695406785e-8,1,3.575111406917131e-8,-0.4446317255496979,-1.2078746003396645e-8,0.8957134485244751]}},{"t":7.290511846542358,"j":false,"c":{"p":[335.3451843261719,155.17811584472656,-377.22027587890625],"r":[0.8957134485244751,1.0395994110012907e-7,0.4446317255496979,-8.325515210572121e-8,1,-6.609329261664243e-8,-0.4446317255496979,2.2182771175494054e-8,0.8957134485244751]}},{"t":7.357603549957275,"j":false,"c":{"p":[334.4535827636719,155.90789794921875,-379.01617431640625],"r":[0.8957134485244751,-7.855376793486357e-9,0.4446317255496979,6.325130197382123e-9,1,4.925137631062171e-9,-0.4446317255496979,-1.5991585833319277e-9,0.8957134485244751]}},{"t":7.425277948379517,"j":false,"c":{"p":[333.5062561035156,156.68153381347656,-380.92431640625],"r":[0.8987960815429688,-1.0870739686197339e-7,0.43836700916290283,8.73018066727127e-8,1,6.898528681631433e-8,-0.43836700916290283,-2.373347385287161e-8,0.8987960815429688]}},{"t":7.493787527084351,"j":false,"c":{"p":[332.7164001464844,157.3530731201172,-382.7977294921875],"r":[0.9466506838798523,5.9372027294557483e-8,0.3222615718841553,-5.3599677585225436e-8,1,-2.6785246021177045e-8,-0.3222615718841553,8.083154590110553e-9,0.9466506838798523]}},{"t":7.560287237167358,"j":false,"c":{"p":[332.18896484375,157.2130126953125,-384.66497802734375],"r":[0.9795761704444885,2.856185155053481e-8,0.2010735720396042,-2.597878534515985e-8,1,-1.5485152715655204e-8,-0.2010735720396042,9.94523841058026e-9,0.9795761704444885]}},{"t":7.6030051708221436,"j":true,"c":{"p":[331.9250183105469,156.67886352539062,-385.6927490234375],"r":[0.9809558987617493,-3.716620966542905e-8,0.19423054158687592,3.525349967503644e-8,1,1.3304177315376364e-8,-0.19423054158687592,-6.203504376856017e-9,0.9809558987617493]}},{"t":7.610872268676758,"j":true,"c":{"p":[331.8663635253906,157.12179565429688,-385.921142578125],"r":[0.9822880625724792,-5.1715062454604777e-8,0.18737711012363434,4.892302385428593e-8,1,1.952512818093055e-8,-0.18737711012363434,-1.0012245255097696e-8,0.9822880625724792]}},{"t":7.618575811386108,"j":true,"c":{"p":[331.8096008300781,157.5545196533203,-386.1567687988281],"r":[0.9858712553977966,-6.542812513998797e-8,0.16750499606132507,6.299697474787536e-8,1,1.9827600894473107e-8,-0.16750499606132507,-8.995153955027035e-9,0.9858712553977966]}},{"t":7.623494386672974,"j":false,"c":{"p":[331.756591796875,157.97361755371094,-386.40155029296875],"r":[0.9870287775993347,-7.761600073763475e-8,0.1605435460805893,7.778997712648561e-8,1,5.201405528509895e-9,-0.1605435460805893,7.354742148635296e-9,0.9870287775993347]}},{"t":7.689267635345459,"j":false,"c":{"p":[331.42034912109375,160.83592224121094,-388.4965515136719],"r":[0.9882289171218872,-4.615970183863283e-8,0.1529822051525116,6.114552064673262e-8,1,-9.325312078090064e-8,-0.1529822051525116,1.015096131595783e-7,0.9882289171218872]}},{"t":7.7545857429504395,"j":false,"c":{"p":[331.11456298828125,162.72738647460938,-390.4731750488281],"r":[0.988228976726532,5.044495665629256e-8,0.15298186242580414,-3.229687095540612e-8,1,-1.2111405567338807e-7,-0.15298186242580414,1.1474759276097757e-7,0.988228976726532]}},{"t":7.82236909866333,"j":false,"c":{"p":[330.76800537109375,163.94454956054688,-392.7133483886719],"r":[0.988228976726532,9.088175545457489e-8,0.15298186242580414,-7.856699113517607e-8,1,-8.65434017782718e-8,-0.15298186242580414,7.350537600814278e-8,0.988228976726532]}},{"t":7.888746023178101,"j":false,"c":{"p":[330.44183349609375,164.19085693359375,-394.8217468261719],"r":[0.988228976726532,-2.605318272230761e-8,0.15298186242580414,1.16890435108985e-8,1,9.479379770027663e-8,-0.15298186242580414,-9.188976690666095e-8,0.988228976726532]}},{"t":7.955624341964722,"j":false,"c":{"p":[330.11566162109375,163.56515502929688,-396.9301452636719],"r":[0.988228976726532,-4.872132919331307e-8,0.15298186242580414,3.794600544893001e-8,1,7.335500384897387e-8,-0.15298186242580414,-6.668649632501911e-8,0.988228976726532]}},{"t":8.02177882194519,"j":false,"c":{"p":[329.8742370605469,162.0674591064453,-399.0487365722656],"r":[0.9993422627449036,-9.419042434899438e-9,0.03626308962702751,1.488311252018093e-8,1,-1.504086100112545e-7,-0.03626308962702751,1.5084938809195592e-7,0.9993422627449036]}},{"t":8.08867883682251,"j":false,"c":{"p":[329.95501708984375,159.69776916503906,-401.1775817871094],"r":[0.992225706577301,-3.038928042542466e-8,-0.12445122003555298,8.825472797013845e-9,1,-1.7382245687258546e-7,0.12445122003555298,1.7137277552592423e-7,0.992225706577301]}},{"t":8.155169010162354,"j":false,"c":{"p":[330.24078369140625,156.45606994628906,-403.2917175292969],"r":[0.9902682304382324,-1.1092817331359583e-8,-0.13917182385921478,5.204773501077398e-9,1,-4.2671683075923283e-8,0.13917182385921478,4.1532054240178695e-8,0.9902682304382324]}},{"t":8.218153238296509,"j":false,"c":{"p":[330.51910400390625,152.62503051757812,-405.2724609375],"r":[0.9902673959732056,2.2548256595200655e-8,-0.13917770981788635,-2.339180404931085e-9,1,1.4536696824052342e-7,0.13917770981788635,-1.436266217069715e-7,0.9902673959732056]}},{"t":8.242130517959595,"j":true,"c":{"p":[330.61187744140625,151.17770385742188,-405.9327087402344],"r":[0.9902675151824951,1.9292198061293675e-8,-0.139177143573761,-2.7878634956124415e-9,1,1.1878003647325386e-7,0.139177143573761,-1.1723600579216509e-7,0.9902675151824951]}},{"t":8.282552480697632,"j":false,"c":{"p":[330.79742431640625,148.75314331054688,-407.2532043457031],"r":[0.9902674555778503,1.2790692949238291e-8,-0.13917750120162964,-3.6837968231395735e-9,1,6.569128885303144e-8,0.13917750120162964,-6.453924328297944e-8,0.9902674555778503]}},{"t":8.28441309928894,"j":true,"c":{"p":[330.79742431640625,148.75314331054688,-407.2532043457031],"r":[0.9902674555778503,1.2790692949238291e-8,-0.13917750120162964,-3.6837968231395735e-9,1,6.569128885303144e-8,0.13917750120162964,-6.453924328297944e-8,0.9902674555778503]}},{"t":8.327365159988403,"j":true,"c":{"p":[330.98297119140625,150.53814697265625,-408.5736999511719],"r":[0.9902675151824951,6.303021660158947e-9,-0.13917717337608337,-4.5778225654657945e-9,1,1.2715827502063348e-8,0.13917717337608337,-1.1954941925296225e-8,0.9902675151824951]}},{"t":8.337403059005737,"j":true,"c":{"p":[331.03863525390625,151.1923370361328,-408.9698486328125],"r":[0.9902675151824951,4.359425265221262e-9,-0.13917717337608337,-4.845655432461626e-9,1,-3.1547549017574283e-9,0.13917717337608337,3.798455772141551e-9,0.9902675151824951]}},{"t":8.34698748588562,"j":false,"c":{"p":[331.07574462890625,151.61143493652344,-409.23394775390625],"r":[0.9902674555778503,3.0643854120881997e-9,-0.13917730748653412,-5.0241171223319725e-9,1,-1.3729495762504484e-8,0.13917730748653412,1.4295116201878955e-8,0.990267455