{"d":[{"t":0.06690192222595215,"c":{"r":[0.8110814094543457,0.000002101203563142917,0.5849332213401794,2.843718220901792e-7,1,-0.000003986526735388907,-0.5849332213401794,0.000003399736442588619,0.8110814094543457],"p":[498.48638916015627,187.10316467285157,-227.13983154296876]},"j":false},{"t":0.1333765983581543,"c":{"r":[0.7652778625488281,0.0000016929594721659669,0.643700122833252,1.8360867670708104e-7,1,-0.0000028483311780291844,-0.643700122833252,0.000002297953642482753,0.7652778625488281],"p":[497.1672058105469,187.10316467285157,-228.41375732421876]},"j":false},{"t":0.20069098472595216,"c":{"r":[0.7350448966026306,5.649986292155518e-7,0.6780183911323547,5.2870095856860647e-8,1,-8.906255857255019e-7,-0.6780183911323547,6.904966767251608e-7,0.7350448966026306],"p":[495.6325988769531,187.10316467285157,-229.89569091796876]},"j":false},{"t":0.2662961483001709,"c":{"r":[0.7174602746963501,1.8107994037563913e-7,0.6965994238853455,1.5514922679926714e-8,1,-2.7592798801379106e-7,-0.6965994238853455,2.0877506301530958e-7,0.7174602746963501],"p":[494.0979919433594,187.10316467285157,-231.377685546875]},"j":false},{"t":0.3328433036804199,"c":{"r":[0.7074377536773682,9.123635180685597e-8,0.7067756652832031,7.437562565826283e-9,1,-1.3653266250912567e-7,-0.7067756652832031,1.0184504617427592e-7,0.7074377536773682],"p":[492.5633544921875,187.09295654296876,-232.85964965820313]},"j":false},{"t":0.33568739891052248,"c":{"r":[0.7074377536773682,9.123635180685597e-8,0.7067756652832031,7.437562565826283e-9,1,-1.3653266250912567e-7,-0.7067756652832031,1.0184504617427592e-7,0.7074377536773682],"p":[492.5633544921875,187.09295654296876,-232.85964965820313]},"j":true},{"t":0.3430821895599365,"c":{"r":[0.7064444422721863,1.1853613557377685e-7,0.7077684998512268,9.605920503474863e-9,1,-1.770666244738095e-7,-0.7077684998512268,1.3188650882511866e-7,0.7064444422721863],"p":[492.37152099609377,187.53248596191407,-233.04490661621095]},"j":true},{"t":0.3513050079345703,"c":{"r":[0.7055656909942627,1.2168517571353733e-7,0.7086445093154907,9.93392035297802e-9,1,-1.8160615411488835e-7,-0.7086445093154907,1.3517468744339568e-7,0.7055656909942627],"p":[492.1796875,187.95840454101563,-233.2301483154297]},"j":true},{"t":0.3989531993865967,"c":{"r":[0.7016953229904175,1.1262320498417466e-7,0.7124770879745483,9.117124832869195e-9,1,-1.6705189409549349e-7,-0.7124770879745483,1.2371528157473222e-7,0.7016953229904175],"p":[491.0286865234375,190.22775268554688,-234.34161376953126]},"j":false},{"t":0.4657771587371826,"c":{"r":[0.6985876560211182,9.179033355621869e-8,0.715524435043335,7.011201841322645e-9,1,-1.3512924113001646e-7,-0.715524435043335,9.941630452203754e-8,0.6985876560211182],"p":[489.4940185546875,192.4905548095703,-235.8235626220703]},"j":false},{"t":0.5327293872833252,"c":{"r":[0.696850061416626,1.1143418277015371e-7,0.7172167897224426,8.15353740080127e-9,1,-1.6329228458289436e-7,-0.7172167897224426,1.1963810209181248e-7,0.696850061416626],"p":[487.9593505859375,193.88137817382813,-237.3054962158203]},"j":false},{"t":0.5999054908752441,"c":{"r":[0.6958759427070618,8.161910258763783e-9,0.7181620001792908,4.888498494892701e-10,1,-1.1838678481979059e-8,-0.7181620001792908,8.589324806962395e-9,0.6958759427070618],"p":[486.4247131347656,194.40017700195313,-238.7874298095703]},"j":false},{"t":0.6653199195861816,"c":{"r":[0.6953366994857788,-7.622522701922208e-8,0.7186841368675232,-5.972141448040702e-9,1,1.1184033610334154e-7,-0.7186841368675232,-8.205876866895778e-8,0.6953366994857788],"p":[484.8900451660156,194.04698181152345,-240.2693634033203]},"j":false},{"t":0.7320137023925781,"c":{"r":[0.6950352787971497,-5.798501945264434e-8,0.7189756035804749,-4.5037205076425838e-9,1,8.500325066052028e-8,-0.7189756035804749,-6.231832827552353e-8,0.6950352787971497],"p":[483.3553771972656,192.82179260253907,-241.75131225585938]},"j":false},{"t":0.7999343872070313,"c":{"r":[0.6948678493499756,5.849432227478246e-8,0.7191374897956848,4.6972021827684788e-9,1,-8.587823430161734e-8,-0.7191374897956848,6.305195654476847e-8,0.6948678493499756],"p":[481.8207092285156,190.724609375,-243.23324584960938]},"j":false},{"t":0.8654301166534424,"c":{"r":[0.694656491279602,5.611422793094789e-8,0.7193416357040405,4.452345159222659e-9,1,-8.230731651792667e-8,-0.7193416357040405,6.03780705432655e-8,0.694656491279602],"p":[480.2860412597656,187.75540161132813,-244.71517944335938]},"j":false},{"t":0.9322223663330078,"c":{"r":[0.6896531581878662,-1.4150272065194259e-8,0.7241398692131043,-1.5339142178660837e-9,1,2.100166263119263e-8,-0.7241398692131043,-1.559463136402428e-8,0.6896531581878662],"p":[478.7491760253906,183.91419982910157,-246.19480895996095]},"j":false},{"t":0.9987828731536865,"c":{"r":[0.6846492290496826,-7.411725988504259e-8,0.7288727164268494,-7.303628812849183e-9,1,1.0854801502091505e-7,-0.7288727164268494,-7.964072779031994e-8,0.6846492290496826],"p":[477.20330810546877,179.20101928710938,-247.6649932861328]},"j":false},{"t":1.0658531188964844,"c":{"r":[0.6101440191268921,1.8565700088402083e-8,0.7922905087471008,5.6612070586936628e-9,1,-2.7792648182867198e-8,-0.7922905087471008,2.1442838615826078e-8,0.6101440191268921],"p":[475.6528015136719,178.85385131835938,-249.04273986816407]},"j":false},{"t":1.132185935974121,"c":{"r":[0.4878583550453186,3.9169339771660819e-8,0.8729228377342224,1.1250846476684729e-8,1,-5.11593469809668e-8,-0.8729228377342224,3.477963517184435e-8,0.4878583550453186],"p":[473.93292236328127,178.19659423828126,-250.19236755371095]},"j":false},{"t":1.1922481060028077,"c":{"r":[0.46946990489959719,-1.7879873581705398e-8,0.8829484581947327,-3.3485731965043898e-9,1,2.2030649304838336e-8,-0.8829484581947327,-1.3299344736594776e-8,0.46946990489959719],"p":[472.3383483886719,178.5428009033203,-251.05517578125]},"j":false},{"t":1.258357048034668,"c":{"r":[0.46946990489959719,-8.762535230744106e-8,0.8829484581947327,-2.1283231177449126e-8,1,1.1055819726379923e-7,-0.8829484581947327,-7.069574081697283e-8,0.46946990489959719],"p":[470.3944091796875,179.06935119628907,-252.08888244628907]},"j":false},{"t":1.3257627487182618,"c":{"r":[0.5060322880744934,2.752402927796993e-8,0.8625145554542542,3.5760785443983424e-9,1,-3.4009445926130869e-8,-0.8625145554542542,2.0294296021461379e-8,0.5060322880744934],"p":[468.57122802734377,179.57540893554688,-253.0733642578125]},"j":false},{"t":1.3928368091583253,"c":{"r":[0.5180255174636841,4.301114486793267e-8,0.8553651571273804,7.4467614297191179e-9,1,-5.4793858339508009e-8,-0.8553651571273804,3.4754318534169218e-8,0.5180255174636841],"p":[466.9070129394531,180.05177307128907,-254.07447814941407]},"j":false},{"t":1.459235668182373,"c":{"r":[0.5180255174636841,-3.716058571967551e-8,0.8553651571273804,-4.0316310290222649e-9,1,4.588575208686052e-8,-0.8553651571273804,-2.7218508336090964e-8,0.5180255174636841],"p":[465.0242919921875,180.592529296875,-255.2147979736328]},"j":false},{"t":1.5244317054748536,"c":{"r":[0.5180255174636841,-7.98638737364854e-8,0.8553651571273804,-1.0458776067423515e-8,1,9.970219849719797e-8,-0.8553651571273804,-6.059435264660351e-8,0.5180255174636841],"p":[463.3630676269531,181.06968688964845,-256.220947265625]},"j":false},{"t":1.59035062789917,"c":{"r":[0.5180255174636841,6.711960054417432e-8,0.8553651571273804,8.084441560640699e-9,1,-8.336503753980651e-8,-0.8553651571273804,5.0100364745730988e-8,0.5180255174636841],"p":[461.5666198730469,181.55274963378907,-257.3089904785156]},"j":false},{"t":1.6584539413452149,"c":{"r":[0.5239840745925903,1.4711436513437093e-8,0.851728081703186,2.508970586845294e-9,1,-1.881597810893254e-8,-0.851728081703186,1.1996233340028084e-8,0.5239840745925903],"p":[459.74462890625,181.72509765625,-258.4183044433594]},"j":false},{"t":1.7250893115997315,"c":{"r":[0.5475616455078125,-6.491389115126367e-8,0.8367653489112854,-5.0069326462676148e-9,1,8.085360292398036e-8,-0.8367653489112854,-4.846195977847856e-8,0.5475616455078125],"p":[457.9359436035156,181.7417755126953,-259.5492858886719]},"j":false},{"t":1.7913806438446046,"c":{"r":[0.5591914057731628,-7.908449894955539e-9,0.8290386199951172,-9.738415629456654e-11,1,9.604988804312598e-9,-0.8290386199951172,-5.451762596919707e-9,0.5591914057731628],"p":[456.0515441894531,181.74327087402345,-260.8087463378906]},"j":false},{"t":1.8580260276794434,"c":{"r":[0.5591914057731628,5.434335648146771e-8,0.8290386199951172,4.367596506682503e-9,1,-6.849582234735863e-8,-0.8290386199951172,4.19231795945052e-8,0.5591914057731628],"p":[454.2829895019531,181.74334716796876,-262.0016174316406]},"j":false},{"t":1.9245235919952393,"c":{"r":[0.564965546131134,-1.7383614547838989e-8,0.8251144886016846,-2.072204186021054e-9,1,2.2486986495096063e-8,-0.8251144886016846,-1.4414178295396596e-8,0.564965546131134],"p":[452.6249694824219,181.74334716796876,-263.11993408203127]},"j":false},{"t":1.9908695220947266,"c":{"r":[0.6045976281166077,-9.152108049192975e-8,0.7965310215950012,-5.883550535656923e-9,1,1.1936542421153718e-7,-0.7965310215950012,-7.685448366601122e-8,0.6045976281166077],"p":[450.885986328125,181.74334716796876,-264.35504150390627]},"j":false},{"t":2.0585711002349855,"c":{"r":[0.6481187343597412,4.657866981006009e-8,0.7615393400192261,8.484837277222823e-10,1,-6.188595591538615e-8,-0.7615393400192261,4.075560156024949e-8,0.6481187343597412],"p":[449.1070861816406,181.74334716796876,-265.7593688964844]},"j":false},{"t":2.111091375350952,"c":{"r":[0.6743008494377136,4.293573496738645e-8,0.7384567260742188,-6.423990783765987e-10,1,-5.755592979994617e-8,-0.7384567260742188,3.833562800537038e-8,0.6743008494377136],"p":[447.9093322753906,181.74334716796876,-266.8199462890625]},"j":true},{"t":2.1182188987731935,"c":{"r":[0.6743008494377136,3.833716277767962e-8,0.7384567260742188,-8.101493920165126e-10,1,-5.1175483406495917e-8,-0.7384567260742188,3.390941216707688e-8,0.6743008494377136],"p":[447.81085205078127,181.96481323242188,-266.90985107421877]},"j":true},{"t":2.1246750354766847,"c":{"r":[0.6743008494377136,2.914296892697621e-8,0.7384567260742188,-1.1455406623284148e-9,1,-3.841867624032602e-8,-0.7384567260742188,2.505981377964872e-8,0.6743008494377136],"p":[447.6138916015625,182.3975372314453,-267.08966064453127]},"j":false},{"t":2.135017156600952,"c":{"r":[0.6743008494377136,1.5359038485485145e-8,0.7384567260742188,-1.6483593379135187e-9,1,-1.9293681319254575e-8,-0.7384567260742188,1.1792503862295689e-8,0.6743008494377136],"p":[447.31854248046877,183.0210723876953,-267.359375]},"j":true},{"t":2.1905369758605959,"c":{"r":[0.6743008494377136,-4.426933841727987e-8,0.7384567260742188,-3.8235210553239089e-9,1,6.343979208622841e-8,-0.7384567260742188,-4.560100919093202e-8,0.6743008494377136],"p":[446.0386962890625,185.36883544921876,-268.52813720703127]},"j":false},{"t":2.2266619205474855,"c":{"r":[0.6692347526550293,-7.952242242481589e-8,0.7430510520935059,-5.165250005489952e-9,1,1.1167360014496808e-7,-0.7430510520935059,-7.857389761056766e-8,0.6692347526550293],"p":[445.2501525878906,186.52749633789063,-269.2463684082031]},"j":true},{"t":2.257966995239258,"c":{"r":[0.6535768508911133,-9.347800045134136e-8,0.7568601965904236,-5.455231377737846e-9,1,1.2821841721688544e-7,-0.7568601965904236,-8.792943617663696e-8,0.6535768508911133],"p":[444.451171875,187.46815490722657,-269.9530334472656]},"j":false},{"t":2.325127363204956,"c":{"r":[0.6534192562103272,-8.312979815627841e-8,0.756996214389801,-4.133479336587698e-9,1,1.1338325833776253e-7,-0.756996214389801,-7.721583017428202e-8,0.6534192562103272],"p":[442.8364562988281,188.69546508789063,-271.34710693359377]},"j":false},{"t":2.3913681507110597,"c":{"r":[0.6534192562103272,-7.273499136317696e-8,0.756996214389801,-2.8261215589964196e-9,1,9.852312388147766e-8,-0.756996214389801,-6.651627160181306e-8,0.6534192562103272],"p":[441.2217102050781,189.05076599121095,-272.74114990234377]},"j":false},{"t":2.4585113525390627,"c":{"r":[0.6322853565216065,-3.244046808958956e-8,0.7747355699539185,1.0899108282558246e-9,1,4.098344419389832e-8,-0.7747355699539185,-2.5068837672392875e-8,0.6322853565216065],"p":[439.6025085449219,188.53407287597657,-274.1300048828125]},"j":false},{"t":2.5198934078216554,"c":{"r":[0.5884033441543579,1.2385504533085624e-7,0.8085675835609436,1.0445643461309828e-8,1,-1.607797628366825e-7,-0.8085675835609436,1.0304935926797043e-7,0.5884033441543579],"p":[438.0229797363281,187.25772094726563,-275.3565368652344]},"j":false},{"t":2.586287498474121,"c":{"r":[0.5067163705825806,1.401966613912009e-7,0.862112820148468,8.674652995921406e-9,1,-1.6771848265761947e-7,-0.862112820148468,9.246423360309564e-8,0.5067163705825806],"p":[436.25360107421877,185.05152893066407,-276.5465087890625]},"j":false},{"t":2.648411989212036,"c":{"r":[0.487857848405838,-6.939505681202718e-8,0.8729230761528015,-6.0326916795361289e-9,1,8.286887975827995e-8,-0.8729230761528015,-4.5694307004851e-8,0.487857848405838],"p":[435.2034912109375,182.19126892089845,-277.15325927734377]},"j":false},{"t":2.7158563137054445,"c":{"r":[0.49999767541885378,-5.260016777697274e-8,0.866026759147644,-3.570819639975298e-9,1,6.279894648741902e-8,-0.866026759147644,-3.4491755229737467e-8,0.49999767541885378],"p":[434.3029479980469,178.76388549804688,-277.658447265625]},"j":false},{"t":2.7837750911712648,"c":{"r":[0.5060327649116516,-1.8422317893396213e-8,0.8625142574310303,-1.022184697996309e-10,1,2.1418825824071065e-8,-0.8625142574310303,-1.0926792803900298e-8,0.5060327649116516],"p":[433.18365478515627,177.14207458496095,-278.30615234375]},"j":false},{"t":2.849438190460205,"c":{"r":[0.5060327649116516,1.1522343079661823e-8,0.8625142574310303,2.7684243786296749e-9,1,-1.4983237761612146e-8,-0.8625142574310303,9.969815195631782e-9,0.5060327649116516],"p":[431.5799255371094,176.11390686035157,-279.24700927734377]},"j":false},{"t":2.9176559448242189,"c":{"r":[0.5060315132141113,4.33577724834322e-8,0.8625149726867676,5.820300241765608e-9,1,-5.3683738343579537e-8,-0.8625149726867676,3.2185759835101638e-8,0.5060315132141113],"p":[429.7581481933594,175.8175506591797,-280.31585693359377]},"j":false},{"t":2.985769271850586,"c":{"r":[0.5060318112373352,7.706385929395765e-8,0.8625147938728333,9.051528415682242e-9,1,-9.465833983313132e-8,-0.8625147938728333,5.570721128833611e-8,0.5060318112373352],"p":[427.822509765625,175.5000457763672,-281.4515075683594]},"j":false},{"t":3.0536468029022219,"c":{"r":[0.4939398169517517,1.0956053131394583e-7,0.8694961071014404,1.2416993655506304e-8,1,-1.330584211700625e-7,-0.8694961071014404,7.651937750097204e-8,0.4939398169517517],"p":[425.984619140625,175.3209228515625,-282.5137939453125]},"j":false},{"t":3.120191812515259,"c":{"r":[0.4939398169517517,-7.42542738407792e-8,0.8694961071014404,-8.42350811325332e-9,1,9.018439328656314e-8,-0.8694961071014404,-5.186986840044483e-8,0.4939398169517517],"p":[424.1296691894531,175.344482421875,-283.5675048828125]},"j":false},{"t":3.1888015270233156,"c":{"r":[0.4939398169517517,-3.363921408094939e-8,0.8694961071014404,-3.8088749931830538e-9,1,4.0851901417227057e-8,-0.8694961071014404,-2.3490182243790515e-8,0.4939398169517517],"p":[422.15875244140627,175.34915161132813,-284.68707275390627]},"j":false},{"t":3.256399631500244,"c":{"r":[0.49393990635871889,1.9159747566277475e-8,0.8694960474967957,2.1869941413399376e-9,1,-2.3277841876279127e-8,-0.8694960474967957,1.3399438003602882e-8,0.49393990635871889],"p":[420.30377197265627,175.3509521484375,-285.74078369140627]},"j":false},{"t":3.323146104812622,"c":{"r":[0.49393990635871889,7.177857952456179e-8,0.8694960474967957,8.16236145340099e-9,1,-8.718877353430799e-8,-0.8694960474967957,5.0163155407290108e-8,0.49393990635871889],"p":[418.44879150390627,175.3525390625,-286.79449462890627]},"j":false},{"t":3.391315221786499,"c":{"r":[0.49393990635871889,5.189063045918374e-8,0.8694960474967957,5.897080157524215e-9,1,-6.302896338183928e-8,-0.8694960474967957,3.626000832923637e-8,0.49393990635871889],"p":[416.59381103515627,175.35409545898438,-287.84820556640627]},"j":false},{"t":3.460235595703125,"c":{"r":[0.4939403235912323,-6.47803872766417e-8,0.8694958090782166,-7.365027698824633e-9,1,7.868729312576761e-8,-0.8694958090782166,-4.5270688531218187e-8,0.4939403235912323],"p":[414.6228942871094,175.35572814941407,-288.9677734375]},"j":false},{"t":3.527630567550659,"c":{"r":[0.49999773502349856,-9.083622742878106e-9,0.8660266995429993,-1.285477391199663e-9,1,1.1231014340751244e-8,-0.8660266995429993,-6.728739343486723e-9,0.49999773502349856],"p":[412.7767028808594,175.46926879882813,-290.0223693847656]},"j":false},{"t":3.588718891143799,"c":{"r":[0.50603187084198,3.935016934519808e-8,0.8625147938728333,3.4593379272251924e-9,1,-4.7652175538814848e-8,-0.8625147938728333,2.7097248889162985e-8,0.50603187084198],"p":[411.17626953125,175.69276428222657,-290.95648193359377]},"j":true},{"t":3.5953292846679689,"c":{"r":[0.50603187084198,4.6255582475396298e-8,0.8625147938728333,4.127624908534244e-9,1,-5.6050392771567206e-8,-0.8625147938728333,3.192342035163165e-8,0.50603187084198],"p":[410.94793701171877,176.13229370117188,-291.0904541015625]},"j":false},{"t":3.5970358848571779,"c":{"r":[0.50603187084198,4.6255582475396298e-8,0.8625147938728333,4.127624908534244e-9,1,-5.6050392771567206e-8,-0.8625147938728333,3.192342035163165e-8,0.50603187084198],"p":[410.94793701171877,176.13229370117188,-291.0904541015625]},"j":true},{"t":3.6033082008361818,"c":{"r":[0.50603187084198,5.31580468532411e-8,0.8625147938728333,4.795624786169128e-9,1,-6.444502531621765e-8,-0.8625147938728333,3.674753301652345e-8,0.50603187084198],"p":[410.7183532714844,176.55821228027345,-291.22515869140627]},"j":true},{"t":3.660965919494629,"c":{"r":[0.5118255019187927,1.0145693352114904e-7,0.8590894341468811,9.469938611061935e-9,1,-1.2374019320304797e-7,-0.8590894341468811,7.146891078946283e-8,0.5118255019187927],"p":[409.1085205078125,179.15809631347657,-292.1697692871094]},"j":false},{"t":3.7211668491363527,"c":{"r":[0.5237680673599243,7.605605389926495e-8,0.8518608808517456,6.694490295444666e-9,1,-9.339836282151737e-8,-0.8518608808517456,5.462185725946256e-8,0.5237680673599243],"p":[407.3943786621094,181.2028350830078,-293.2000427246094]},"j":false},{"t":3.783306121826172,"c":{"r":[0.5415958166122437,-1.918555270208344e-8,0.840639054775238,-8.571904852594514e-10,1,2.3374841617851417e-8,-0.840639054775238,-1.3380303975907282e-8,0.5415958166122437],"p":[405.7001647949219,182.48118591308595,-294.26275634765627]},"j":false},{"t":3.8441429138183595,"c":{"r":[0.5591840744018555,-4.221996263709116e-8,0.8290435075759888,-1.4915829682493609e-9,1,5.1932172340229957e-8,-0.8290435075759888,-3.0276233076165229e-8,0.5591840744018555],"p":[404.1455383300781,182.98281860351563,-295.2958984375]},"j":false},{"t":3.906297206878662,"c":{"r":[0.5764305591583252,-4.65751490708044e-8,0.8171461820602417,-5.4440302266201e-10,1,5.738136366062463e-8,-0.8171461820602417,-3.352122490696274e-8,0.5764305591583252],"p":[402.4929504394531,183.2224578857422,-296.4221496582031]},"j":false},{"t":3.973787784576416,"c":{"r":[0.576431155204773,-5.1921002608423808e-8,0.8171457052230835,5.356529664268805e-10,1,6.316160749975097e-8,-0.8171457052230835,-3.597061137838864e-8,0.576431155204773],"p":[400.7497253417969,183.3787841796875,-297.651611328125]},"j":false},{"t":4.019899368286133,"c":{"r":[0.576431155204773,-5.5585704927807458e-8,0.8171457052230835,1.2760495993191512e-9,1,6.712407696340961e-8,-0.8171457052230835,-3.7649691364549656e-8,0.576431155204773],"p":[399.5513000488281,183.39134216308595,-298.49688720703127]},"j":true},{"t":4.029773712158203,"c":{"r":[0.576431155204773,-5.625108911999632e-8,0.8171457052230835,1.4104807322112834e-9,1,6.784352279964878e-8,-0.8171457052230835,-3.79545532780412e-8,0.576431155204773],"p":[399.3334045410156,183.83087158203126,-298.65057373046877]},"j":true},{"t":4.035184860229492,"c":{"r":[0.576431155204773,-5.6916192647804567e-8,0.8171457052230835,1.544852690216203e-9,1,6.856267020793894e-8,-0.8171457052230835,-3.8259287293840319e-8,0.576431155204773],"p":[399.1155090332031,184.2567901611328,-298.80426025390627]},"j":false},{"t":4.0366902351379398,"c":{"r":[0.576431155204773,-5.6916192647804567e-8,0.8171457052230835,1.544852690216203e-9,1,6.856267020793894e-8,-0.8171457052230835,-3.8259287293840319e-8,0.576431155204773],"p":[399.1155090332031,184.2567901611328,-298.80426025390627]},"j":true},{"t":4.097776174545288,"c":{"r":[0.5764302611351013,-6.189544166090855e-8,0.8171463012695313,2.5508275491858969e-9,1,7.394644541136586e-8,-0.8171463012695313,-4.054057001212641e-8,0.5764302611351013],"p":[397.4812927246094,187.01683044433595,-299.9569091796875]},"j":false},{"t":4.158205032348633,"c":{"r":[0.5764304995536804,-6.652831530118419e-8,0.8171461820602417,3.4868405940358117e-9,1,7.895575748761985e-8,-0.8171461820602417,-4.266324538093613e-8,0.5764304995536804],"p":[395.9560241699219,188.9014129638672,-301.03271484375]},"j":false},{"t":4.22615909576416,"c":{"r":[0.5764308571815491,-7.213532171590487e-8,0.8171459436416626,4.619663762639448e-9,1,8.50183639045099e-8,-0.8171459436416626,-4.5232265932781959e-8,0.5764308571815491],"p":[394.1039123535156,190.29229736328126,-302.33905029296877]},"j":false},{"t":4.286628484725952,"c":{"r":[0.5764308571815491,-7.67376135968334e-8,0.8171459436416626,5.5494955297774599e-9,1,8.99945931109869e-8,-0.8171459436416626,-4.734090808256042e-8,0.5764308571815491],"p":[392.5786437988281,190.6985626220703,-303.41485595703127]},"j":false},{"t":4.354117155075073,"c":{"r":[0.57643061876297,-8.230763626215776e-8,0.8171461224555969,6.674854446941936e-9,1,9.601716044471687e-8,-0.8171461224555969,-4.989289692503007e-8,0.57643061876297],"p":[390.7265319824219,190.29434204101563,-304.72119140625]},"j":false},{"t":4.4218785762786869,"c":{"r":[0.57643061876297,-8.753156066632073e-8,0.8171461224555969,7.73029196210473e-9,1,1.0166552044665878e-7,-0.8171461224555969,-5.22863388141559e-8,0.57643061876297],"p":[388.9833679199219,189.0146484375,-305.95068359375]},"j":false},{"t":4.489835739135742,"c":{"r":[0.57643061876297,-9.27376717640982e-8,0.8171461224555969,8.782129690132479e-9,1,1.0729462474046159e-7,-0.8171461224555969,-5.467162011996152e-8,0.57643061876297],"p":[387.2402038574219,186.8629608154297,-307.18017578125]},"j":false},{"t":4.549929618835449,"c":{"r":[0.57643061876297,-9.727845196039198e-8,0.8171461224555969,9.699540726160194e-9,1,1.1220434004144409e-7,-0.8171461224555969,-5.6752071486698699e-8,0.57643061876297],"p":[385.7149353027344,184.26490783691407,-308.2559814453125]},"j":false},{"t":4.61777400970459,"c":{"r":[0.57643061876297,-1.0277402395786339e-7,0.8171461224555969,1.080985434498416e-8,1,1.1814643130492186e-7,-0.8171461224555969,-5.9269986252274978e-8,0.57643061876297],"p":[383.8628234863281,180.21258544921876,-309.56231689453127]},"j":false},{"t":4.6791603565216068,"c":{"r":[0.57643061876297,-1.0760651747432348e-7,0.8171461224555969,1.1786204900943176e-8,1,1.2337156363173563e-7,-0.8171461224555969,-6.148409426032231e-8,0.57643061876297],"p":[382.2286071777344,180.26707458496095,-310.7149658203125]},"j":false},{"t":4.739512205123901,"c":{"r":[0.57643061876297,-1.1210290296048697e-7,0.8171461224555969,1.269464533493192e-8,1,1.2823328177091754e-7,-0.8171461224555969,-6.354420634124836e-8,0.57643061876297],"p":[380.7033386230469,180.3404541015625,-311.790771484375]},"j":false},{"t":4.800878524780273,"c":{"r":[0.57643061876297,-1.1658586629437196e-7,0.8171461224555969,1.3600381265632678e-8,1,1.330804764165805e-7,-0.8171461224555969,-6.559815801665536e-8,0.57643061876297],"p":[379.1780700683594,180.3492431640625,-312.8665771484375]},"j":false},{"t":4.862066984176636,"c":{"r":[0.57643061876297,-1.2137418536894985e-7,0.8171461224555969,1.4567816286614743e-8,1,1.3825783184984176e-7,-0.8171461224555969,-6.779200845130618e-8,0.57643061876297],"p":[377.5438537597656,180.35032653808595,-314.01922607421877]},"j":false},{"t":4.924337387084961,"c":{"r":[0.57643061876297,-1.9867645306703708e-8,0.8171461224555969,2.522342334998484e-9,1,2.25341469928253e-8,-0.8171461224555969,-1.0928249416508607e-8,0.57643061876297],"p":[375.9096374511719,180.35040283203126,-315.171875]},"j":false},{"t":4.986847400665283,"c":{"r":[0.57643061876297,7.153954584282474e-8,0.8171461224555969,-8.631882764120747e-9,1,-8.145894980771118e-8,-0.8171461224555969,3.9901923543084197e-8,0.57643061876297],"p":[374.2754211425781,180.35040283203126,-316.32452392578127]},"j":false},{"t":5.049242258071899,"c":{"r":[0.57643061876297,4.817552579083895e-8,0.8171461224555969,-6.037259581148646e-9,1,-5.46970291281923e-8,-0.8171461224555969,2.6595717628197236e-8,0.57643061876297],"p":[372.6412048339844,180.35040283203126,-317.4771728515625]},"j":false},{"t":5.112151622772217,"c":{"r":[0.5821205973625183,2.4780147711567225e-8,0.8131024837493897,-3.426163130981763e-9,1,-2.8023167786273008e-8,-0.8131024837493897,1.3527041708982779e-8,0.5821205973625183],"p":[371.0069885253906,180.35040283203126,-318.62982177734377]},"j":false},{"t":5.173896789550781,"c":{"r":[0.5934169888496399,1.4611376553119726e-9,0.8048952221870422,-4.649467477690905e-10,1,-1.4725275443439046e-9,-0.8048952221870422,4.995894253845279e-10,0.5934169888496399],"p":[369.3863220214844,180.35040283203126,-319.8017578125]},"j":false},{"t":5.239382743835449,"c":{"r":[0.6211464405059815,-2.301280943584061e-8,0.7836945056915283,3.4077594079917618e-9,1,2.6663567354034968e-8,-0.7836945056915283,-1.3891337857785402e-8,0.6211464405059815],"p":[367.6852111816406,180.35040283203126,-321.0890197753906]},"j":false},{"t":5.306151628494263,"c":{"r":[0.6266018748283386,-4.7437882955136959e-8,0.7793394923210144,7.756387532253939e-9,1,5.463307672926021e-8,-0.7793394923210144,-2.8188329892486764e-8,0.6266018748283386],"p":[366.0138244628906,180.35040283203126,-322.4147644042969]},"j":false},{"t":5.367608070373535,"c":{"r":[0.6320278644561768,-6.869287005883962e-8,0.7749456167221069,1.1847076208937324e-8,1,7.897997278405455e-8,-0.7749456167221069,-4.073670467619195e-8,0.6320278644561768],"p":[364.5656433105469,180.35040283203126,-323.5924987792969]},"j":false},{"t":5.427870273590088,"c":{"r":[0.6320278644561768,-9.160698510868315e-8,0.7749456167221069,1.6216374021382763e-8,1,1.0498514768642053e-7,-0.7749456167221069,-5.378673151312796e-8,0.6320278644561768],"p":[363.0156555175781,180.35040283203126,-324.85638427734377]},"j":false},{"t":5.490535020828247,"c":{"r":[0.6320278644561768,-1.1444767977764059e-7,0.7749456167221069,2.057166703650637e-8,1,1.3090701145301865e-7,-0.7749456167221069,-6.679495356820553e-8,0.6320278644561768],"p":[361.4656677246094,180.35040283203126,-326.1202697753906]},"j":false},{"t":5.553674697875977,"c":{"r":[0.6586880683898926,4.3854306852608718e-8,0.7524161338806152,-9.740570128258242e-9,1,-4.975745326873948e-8,-0.7524161338806152,2.5445677565016923e-8,0.6586880683898926],"p":[359.92657470703127,180.35040283203126,-327.3973083496094]},"j":false},{"t":5.618136167526245,"c":{"r":[0.7477959990501404,4.9441680971540339e-8,0.6639285683631897,-1.1961772905522139e-8,1,-6.099558902405988e-8,-0.6639285683631897,3.767049605585271e-8,0.7477959990501404],"p":[358.39251708984377,180.35040283203126,-328.87701416015627]},"j":false},{"t":5.67891526222229,"c":{"r":[0.7793363928794861,1.42544651637877e-8,0.6266058087348938,-9.668804645812657e-10,1,-2.1546146200535078e-8,-0.6266058087348938,1.618584200002715e-8,0.7793363928794861],"p":[357.09979248046877,180.35040283203126,-330.4028015136719]},"j":false},{"t":5.739423990249634,"c":{"r":[0.7965288162231445,-1.740300525909788e-8,0.6046005487442017,1.0658006921460128e-8,1,1.4742950860124893e-8,-0.6046005487442017,-5.299348515563906e-9,0.7965288162231445],"p":[355.9527893066406,180.35040283203126,-331.8753356933594]},"j":false},{"t":5.799501180648804,"c":{"r":[0.8007298707962036,-4.850581802884335e-8,0.599025547504425,2.255491082792105e-8,1,5.0824922936953956e-8,-0.599025547504425,-2.7186066731132997e-8,0.8007298707962036],"p":[354.82513427734377,180.35040283203126,-333.3630065917969]},"j":false},{"t":5.860750436782837,"c":{"r":[0.8367629647254944,-7.93947876331913e-8,0.5475653409957886,3.6751039544924427e-8,1,8.88348381522519e-8,-0.5475653409957886,-5.421010484951694e-8,0.8367629647254944],"p":[353.6639099121094,180.35040283203126,-334.99102783203127]},"j":false},{"t":5.926628112792969,"c":{"r":[0.8862021565437317,-8.122390227072174e-8,0.4632987976074219,4.155759469881559e-8,1,9.582470994473624e-8,-0.4632987976074219,-6.56664767006987e-8,0.8862021565437317],"p":[352.5809326171875,180.35040283203126,-336.82769775390627]},"j":false},{"t":5.990392446517944,"c":{"r":[0.88941490650177,7.402649515597659e-8,0.45710083842277529,-3.7000067010239948e-8,1,-8.995407796419386e-8,-0.45710083842277529,6.309372935220381e-8,0.88941490650177],"p":[351.65386962890627,180.12564086914063,-338.5998840332031]},"j":false},{"t":6.058536767959595,"c":{"r":[0.8957105278968811,2.6742947412117247e-8,0.44463759660720827,-1.4616984955750923e-8,1,-3.069996878934944e-8,-0.44463759660720827,2.099902296492928e-8,0.8957105278968811],"p":[350.60986328125,178.9676055908203,-340.61175537109377]},"j":false},{"t":6.1240150928497318,"c":{"r":[0.8957105278968811,-1.4163699546543285e-8,0.44463759660720827,5.2154098817425169e-9,1,2.1348176559854438e-8,-0.44463759660720827,-1.680281869198552e-8,0.8957105278968811],"p":[349.72039794921877,177.12831115722657,-342.4029846191406]},"j":false},{"t":6.19031548500061,"c":{"r":[0.8957105278968811,-5.765302191207411e-8,0.44463759660720827,2.6299920463657146e-8,1,7.66824612696837e-8,-0.44463759660720827,-5.6991360963820628e-8,0.8957105278968811],"p":[348.77166748046877,174.3216552734375,-344.3136291503906]},"j":false},{"t":6.258266448974609,"c":{"r":[0.8957105278968811,-1.0099375913341646e-7,0.44463759660720827,4.731237268629229e-8,1,1.3182773273001659e-7,-0.44463759660720827,-9.704262993182056e-8,0.8957105278968811],"p":[347.82293701171877,170.64297485351563,-346.2242736816406]},"j":false},{"t":6.324564695358276,"c":{"r":[0.8957105278968811,-9.338668149894147e-8,0.44463759660720827,4.4197527415690277e-8,1,1.2099401658360876e-7,-0.44463759660720827,-8.872373769008846e-8,0.8957105278968811],"p":[346.87420654296877,166.09230041503907,-348.1349182128906]},"j":false},{"t":6.391509056091309,"c":{"r":[0.8987177610397339,7.829750359178434e-8,0.43852755427360537,-3.5743926929399097e-8,1,-1.0529281979643201e-7,-0.43852755427360537,7.895383191680594e-8,0.8987177610397339],"p":[345.867431640625,160.30177307128907,-350.1656188964844]},"j":false},{"t":6.457742214202881,"c":{"r":[0.9018285870552063,7.386531564179677e-8,0.432094007730484,-2.7461611651347085e-8,1,-1.1363187013557763e-7,-0.432094007730484,9.061047023806168e-8,0.9018285870552063],"p":[344.93841552734377,153.95262145996095,-352.08599853515627]},"j":false},{"t":6.523798704147339,"c":{"r":[0.907764732837677,6.721131740050623e-8,0.419479638338089,-1.33059687712489e-8,1,-1.3143099408807758e-7,-0.419479638338089,1.1372684127763932e-7,0.907764732837677],"p":[344.0972595214844,148.35520935058595,-353.8793029785156]},"j":false},{"t":6.5906689167022709,"c":{"r":[0.9106825590133667,-5.292185178973341e-8,0.41310688853263857,2.0274464773706314e-8,1,8.341243784570907e-8,-0.41310688853263857,-6.758672554951772e-8,0.9106825590133667],"p":[343.26239013671877,147.95713806152345,-355.70556640625]},"j":false},{"t":6.657712697982788,"c":{"r":[0.9106825590133667,-2.3588873077073914e-8,0.41310688853263857,-9.090698749325554e-10,1,5.9105158101147029e-8,-0.41310688853263857,-5.420157833668782e-8,0.9106825590133667],"p":[342.3809509277344,148.04473876953126,-357.6484680175781]},"j":false},{"t":6.724313259124756,"c":{"r":[0.9372811913490295,5.6689759553307798e-9,0.3485742509365082,-2.036229496127362e-8,1,3.848884233548233e-8,-0.3485742509365082,-4.3172640573629909e-8,0.9372811913490295],"p":[341.6507873535156,148.66696166992188,-359.38592529296877]},"j":false},{"t":6.791078805923462,"c":{"r":[0.9702951908111572,3.721069674611499e-8,0.24192394316196443,-4.298561151472313e-8,1,1.8592766437564025e-8,-0.24192394316196443,-2.8439721688755527e-8,0.9702951908111572],"p":[341.0333557128906,149.3636474609375,-361.3080749511719]},"j":false},{"t":6.857144594192505,"c":{"r":[0.9871357679367065,6.6338039061975e-8,0.15988418459892274,-6.737725044558829e-8,1,1.0786402881990398e-9,-0.15988418459892274,-1.1837321345353758e-8,0.9871357679367065],"p":[340.6125183105469,150.03277587890626,-363.29522705078127]},"j":false},{"t":6.924062013626099,"c":{"r":[0.9892719388008118,9.372128317863826e-8,0.1460857391357422,-9.249058763316498e-8,1,-1.5216683024732448e-8,-0.1460857391357422,1.5418810672684913e-9,0.9892719388008118],"p":[340.30810546875,150.66844177246095,-365.3121337890625]},"j":false},{"t":6.98976993560791,"c":{"r":[0.9892719388008118,1.2086371725672508e-7,0.1460857391357422,-1.1753247264323363e-7,1,-3.143456339671502e-8,-0.1460857391357422,1.3927513364819788e-8,0.9892719388008118],"p":[340.01025390625,151.29293823242188,-367.3306884765625]},"j":false},{"t":7.057196855545044,"c":{"r":[0.9882280230522156,2.730950576790292e-8,0.15298797190189362,-2.6049558954355235e-8,1,-1.024002749261399e-8,-0.15298797190189362,6.134213137443112e-9,0.9882280230522156],"p":[339.7076416015625,151.91734313964845,-369.3481140136719]},"j":false},{"t":7.123765468597412,"c":{"r":[0.9882280230522156,-7.512490185490606e-8,0.15298797190189362,7.279568592366559e-8,1,2.0826249169658696e-8,-0.15298797190189362,-9.444219628562678e-9,0.9882280230522156],"p":[339.3956298828125,152.5432891845703,-371.3632507324219]},"j":false},{"t":7.1916704177856449,"c":{"r":[0.9871357679367065,-3.1612167106231939e-8,0.15988418459892274,2.980965518872836e-8,1,1.367234414573204e-8,-0.15988418459892274,-8.730367540010775e-9,0.9871357679367065],"p":[339.0798034667969,153.16937255859376,-373.3775634765625]},"j":false},{"t":7.2573347091674809,"c":{"r":[0.9871357679367065,1.4524628610956825e-8,0.15988418459892274,-1.567584462236482e-8,1,5.939037706070849e-9,-0.15988418459892274,-8.368956194715338e-9,0.9871357679367065],"p":[338.7337646484375,153.8368682861328,-375.5155334472656]},"j":false},{"t":7.323980093002319,"c":{"r":[0.9859957098960877,5.5036082358128627e-8,0.1667705923318863,-5.563121519003289e-8,1,-1.1029569479958923e-9,-0.1667705923318863,-8.190140121655532e-9,0.9859957098960877],"p":[338.41925048828127,154.4286346435547,-377.3997802734375]},"j":false},{"t":7.390167474746704,"c":{"r":[0.9835711121559143,9.804876555108422e-8,0.18052104115486146,-9.80552030682702e-8,1,-8.888171088017316e-9,-0.18052104115486146,-8.958878972009643e-9,0.9835711121559143],"p":[338.07171630859377,155.06103515625,-379.40673828125]},"j":false},{"t":7.45084810256958,"c":{"r":[0.9766718745231628,1.204173685209753e-7,0.21473704278469087,-1.199871917378914e-7,1,-1.50381627150864e-8,-0.21473704278469087,-1.107834624036741e-8,0.9766718745231628],"p":[337.7018127441406,155.65737915039063,-381.27716064453127]},"j":false},{"t":7.518388271331787,"c":{"r":[0.9766718745231628,-1.023615965323188e-7,0.21473704278469087,1.0256771076910809e-7,1,1.0182668930269756e-8,-0.21473704278469087,1.2079961031474795e-8,0.9766718745231628],"p":[337.2885437011719,156.20901489257813,-383.15972900390627]},"j":false},{"t":7.522045850753784,"c":{"r":[0.9766718745231628,-1.023615965323188e-7,0.21473704278469087,1.0256771076910809e-7,1,1.0182668930269756e-8,-0.21473704278469087,1.2079961031474795e-8,0.9766718745231628],"p":[337.2885437011719,156.20901489257813,-383.15972900390627]},"j":true},{"t":7.531172513961792,"c":{"r":[0.9766718745231628,-1.4683176630114759e-7,0.21473704278469087,1.4699314476729342e-7,1,1.521714843022437e-8,-0.21473704278469087,1.670271387865796e-8,0.9766718745231628],"p":[337.205322265625,156.8632049560547,-383.5382995605469]},"j":true},{"t":7.5377418994903568,"c":{"r":[0.9766718745231628,-1.3862494085969957e-7,0.21473707258701325,1.3874091564503034e-7,1,1.453207598700601e-8,-0.21473707258701325,1.5599749048078594e-8,0.9766718745231628],"p":[337.1485290527344,157.2823028564453,-383.7965087890625]},"j":true},{"t":7.582822799682617,"c":{"r":[0.9751662015914917,-9.009996659870012e-8,0.22147439420223237,9.446667803558739e-8,1,-9.124065059040732e-9,-0.22147439420223237,2.981942870405874e-8,0.9751662015914917],"p":[336.82965087890627,159.34381103515626,-385.22772216796877]},"j":false},{"t":7.644522190093994,"c":{"r":[0.9720216393470764,-1.8220756459186306e-8,0.23489129543304444,3.6091730493126309e-8,1,-7.178292804610465e-8,-0.23489129543304444,7.825219938695227e-8,0.9720216393470764],"p":[336.3807067871094,161.49073791503907,-387.1766357421875]},"j":false},{"t":7.710169315338135,"c":{"r":[0.9719603061676025,6.219474357749277e-8,0.23514503240585328,-2.3938490301134153e-8,1,-1.6554668036405929e-7,-0.23514503240585328,1.5527578511864704e-7,0.9719603061676025],"p":[335.8797302246094,162.93605041503907,-389.2504577636719]},"j":false},{"t":7.774991035461426,"c":{"r":[0.9703067541122437,2.798483578203559e-8,0.24187764525413514,-2.4866892545105658e-8,1,-1.594327159182285e-8,-0.24187764525413514,9.455118465950818e-9,0.9703067541122437],"p":[335.406494140625,163.4990692138672,-391.1937561035156]},"j":false},{"t":7.840994358062744,"c":{"r":[0.957391083240509,3.752066990436731e-10,0.288794606924057,-1.9937042239348558e-8,1,6.479462655306634e-8,-0.288794606924057,-6.779151107139114e-8,0.957391083240509],"p":[334.8601379394531,163.2548828125,-393.2557373046875]},"j":false},{"t":7.907922744750977,"c":{"r":[0.944510281085968,3.72980402119083e-8,0.32848188281059267,3.226651834609129e-9,1,-1.2282457362289279e-7,-0.32848188281059267,1.1706896430041525e-7,0.944510281085968],"p":[334.2059631347656,162.13868713378907,-395.2861633300781]},"j":false},{"t":7.973646640777588,"c":{"r":[0.8898767828941345,6.723515610929098e-8,0.4562010169029236,9.605166439996538e-9,1,-1.6611662090326718e-7,-0.4562010169029236,1.522052031077692e-7,0.8898767828941345],"p":[333.39923095703127,160.15049743652345,-397.25885009765627]},"j":false},{"t":8.040336608886719,"c":{"r":[0.8796708583831787,3.8976150307235e-8,0.475583016872406,2.6965942812040568e-9,1,-8.694226494299073e-8,-0.475583016872406,7.776303334594559e-8,0.8796708583831787],"p":[332.4036560058594,157.29029846191407,-399.14556884765627]},"j":false},{"t":8.107399463653565,"c":{"r":[0.8695204854011536,1.8176480764964255e-8,0.49389690160751345,-4.189293800749283e-9,1,-2.942679699913242e-8,-0.49389690160751345,2.351812256051744e-8,0.8695204854011536],"p":[331.3692321777344,153.55810546875,-401.01129150390627]},"j":false},{"t":8.174263000488282,"c":{"r":[0.8660240173339844,1.700407814553273e-8,0.500002384185791,-9.535196632270982e-9,1,-1.7492652659711895e-8,-0.500002384185791,1.0381437043349706e-8,0.8660240173339844],"p":[330.2378845214844,148.63719177246095,-402.9755859375]},"j":false},{"t":8.2401442527771,"c":{"r":[0.8824604153633118,2.5515296542266698e-8,0.47038665413856509,-1.307802577343864e-8,1,-2.9708447257803529e-8,-0.47038665413856509,2.0064801375951903e-8,0.8824604153633118],"p":[329.2401123046875,143.47772216796876,-404.7091369628906]},"j":false},{"t":8.308225393295288,"c":{"r":[0.9950386881828308,0.014950055629014969,0.09835901856422425,-0.006377259269356728,0.996196448802948,-0.08690176904201508,-0.0992840901017189,0.08584336191415787,0.9913493990898132],"p":[328.4988098144531,139.8888702392578,-406.30938720703127]},"j":false},{"t":8.311421871185303,"c":{"r":[0.9950386881828308,0.014950055629014969,0.09835901856422425,-0.006377259269356728,0.996196448802948,-0.08690176904201508,-0.0992840901017189,0.08584336191415787,0.9913493990898132],"p":[328.4988098144531,139.8888702392578,-406.30938720703127]},"j":true},{"t":8.318312168121338,"c":{"r":[0.9998258352279663,0.010779324918985367,0.015236370265483857,-0.009383713826537133,0.9959986805915833,-0.08887381106615067,-0.01613340526819229,0.08871535956859589,0.9959263801574707],"p":[328.469970703125,139.99441528320313,-406.3924865722656]},"j":true},{"t":8.32740068435669,"c":{"r":[0.9999451041221619,0.009685229510068894,-0.0039958348497748379,-0.009960013441741467,0.9970803260803223,-0.07570777088403702,0.0032509213779121639,0.0757434144616127,0.9971220