{"d":[{"t":0.06536078453063965,"c":{"r":[0.8729853630065918,-0.0000035147540984326044,-0.4877464473247528,3.7474603686860066e-7,1,-0.0000065353756326658189,0.4877464473247528,0.000005522505944099976,0.8729853630065918],"p":[343.2913513183594,151.22467041015626,-426.06805419921877]},"j":false},{"t":0.13068938255310059,"c":{"r":[0.982768177986145,-0.000015288729628082366,-0.1848423033952713,0.000005861688805453014,1,-0.000051546903705457228,0.1848423033952713,0.00004957516648573801,0.982768177986145],"p":[342.95233154296877,151.22467041015626,-427.4294738769531]},"j":false},{"t":0.20122981071472169,"c":{"r":[0.9999908208847046,-0.0000014434435797738843,-0.004280503839254379,0.0000013718976106247283,1,-0.00001671716381679289,0.004280503839254379,0.000016711137504898944,0.9999908208847046],"p":[342.46856689453127,151.22467041015626,-429.36993408203127]},"j":false},{"t":0.26443028450012209,"c":{"r":[0.9937828779220581,2.10057919503015e-7,0.11133543401956558,3.188550863342243e-7,1,-0.00000473282125312835,-0.11133543401956558,0.000004738896677736193,0.9937828779220581],"p":[341.9200744628906,151.22467041015626,-431.5692138671875]},"j":false},{"t":0.33630943298339846,"c":{"r":[0.9850652813911438,1.527476740648126e-7,0.1721813976764679,8.257486427964977e-8,1,-0.0000013595505379271345,-0.1721813976764679,0.0000013534638583223569,0.9850652813911438],"p":[341.37188720703127,151.22467041015626,-433.76849365234377]},"j":false},{"t":0.39754557609558108,"c":{"r":[0.9791215062141419,6.232296101416068e-8,0.20327582955360413,2.4145993648971854e-8,1,-4.228974148645648e-7,-0.20327582955360413,4.189762421447085e-7,0.9791215062141419],"p":[340.8558654785156,151.22467041015626,-435.8383483886719]},"j":false},{"t":0.4634888172149658,"c":{"r":[0.8652263879776001,0.00002829377626767382,0.5013813972473145,0.000009711304301163182,1,-0.00007319029828067869,-0.5013813972473145,0.00006819524423917755,0.8652263879776001],"p":[339.5915222167969,151.22467041015626,-437.201416015625]},"j":false},{"t":0.5310153961181641,"c":{"r":[0.9372687935829163,4.358683725058654e-8,0.34860754013061526,-7.023479042800318e-7,1,0.0000017633064999245108,-0.34860754013061526,-0.0000018975358671013965,0.9372687935829163],"p":[337.634521484375,151.22467041015626,-438.3429870605469]},"j":false},{"t":0.5964715480804443,"c":{"r":[0.7384538650512695,4.598499714347781e-8,0.6743039488792419,2.1394411575670348e-8,1,-9.162600633771945e-8,-0.6743039488792419,8.208792223740602e-8,0.7384538650512695],"p":[336.1379699707031,151.22467041015626,-439.5457763671875]},"j":false},{"t":0.6646437644958496,"c":{"r":[0.6794393658638,3.457949304674912e-8,0.7337316274642944,-6.946346786662616e-8,1,1.7195285195725775e-8,-0.7337316274642944,-6.265069885103003e-8,0.6794393658638],"p":[334.5552978515625,151.22467041015626,-441.16741943359377]},"j":false},{"t":0.7302811145782471,"c":{"r":[0.4878574311733246,-7.448299044199303e-8,0.8729233145713806,-5.727953666934127e-9,1,8.852715183138571e-8,-0.8729233145713806,-4.818869214773258e-8,0.4878574311733246],"p":[332.96759033203127,151.22467041015626,-442.3719482421875]},"j":false},{"t":0.7970118522644043,"c":{"r":[0.523984432220459,1.556143125469589e-8,0.8517278432846069,6.074112235410212e-8,1,-5.5638469831365e-8,-0.8517278432846069,8.088859715371655e-8,0.523984432220459],"p":[331.1184387207031,151.22467041015626,-443.4355773925781]},"j":false},{"t":0.8633019924163818,"c":{"r":[0.5475618839263916,2.341267979488748e-8,0.8367651700973511,-1.1693320089989357e-8,1,-2.0328121408397238e-8,-0.8367651700973511,1.3463409276326388e-9,0.5475618839263916],"p":[329.30322265625,151.22467041015626,-444.55609130859377]},"j":false},{"t":0.9188342094421387,"c":{"r":[0.6845452785491943,2.126461495777221e-8,0.7289702892303467,-8.097312331756257e-8,1,4.686769017325787e-8,-0.7289702892303467,-9.111005994100197e-8,0.6845452785491943],"p":[328.0284729003906,151.22467041015626,-445.51904296875]},"j":true},{"t":0.9248013496398926,"c":{"r":[0.7144713997840881,2.3115836356168985e-8,0.6996646523475647,-9.640164222446401e-8,1,6.540329877680051e-8,-0.6996646523475647,-1.1417760958920553e-7,0.7144713997840881],"p":[327.7294616699219,151.8788604736328,-445.7846374511719]},"j":false},{"t":0.9268858432769775,"c":{"r":[0.7144713997840881,2.3115836356168985e-8,0.6996646523475647,-9.640164222446401e-8,1,6.540329877680051e-8,-0.6996646523475647,-1.1417760958920553e-7,0.7144713997840881],"p":[327.7294616699219,151.8788604736328,-445.7846374511719]},"j":true},{"t":0.9327027797698975,"c":{"r":[0.7473455667495728,3.152460337219054e-8,0.6644355058670044,-1.0098728608909369e-7,1,6.614305902985507e-8,-0.6644355058670044,-1.1653126108512879e-7,0.7473455667495728],"p":[327.6315002441406,152.09011840820313,-445.8749694824219]},"j":true},{"t":0.9880752563476563,"c":{"r":[0.8624661564826965,9.973675219043798e-8,0.5061147809028626,1.1279211342696272e-8,1,-2.1628432023135248e-7,-0.5061147809028626,1.922464889503317e-7,0.8624661564826965],"p":[326.4560852050781,154.69000244140626,-447.3111267089844]},"j":false},{"t":1.0071203708648682,"c":{"r":[0.8625071048736572,2.8143771757527249e-9,0.5060449838638306,2.3527285009095068e-8,1,-4.566160782815132e-8,-0.5060449838638306,5.12893265636194e-8,0.8625071048736572],"p":[326.18359375,155.31021118164063,-447.7692565917969]},"j":true},{"t":1.0550227165222169,"c":{"r":[0.8445748090744019,-5.872458785916024e-8,0.5354375839233398,5.7695479505071038e-9,1,1.0057525656748112e-7,-0.5354375839233398,-8.185409683392209e-8,0.8445748090744019],"p":[325.2923278808594,156.94947814941407,-449.2557678222656]},"j":false},{"t":1.1218414306640626,"c":{"r":[0.8009429574012756,7.791356892994372e-8,0.5987406969070435,8.979141319365169e-10,1,-1.3133022491729208e-7,-0.5987406969070435,1.0572563269306556e-7,0.8009429574012756],"p":[324.17510986328127,158.12562561035157,-450.91412353515627]},"j":false},{"t":1.1883835792541505,"c":{"r":[0.8005805611610413,8.197494594242016e-8,0.5992251038551331,1.996854415153848e-8,1,-1.6348008102795576e-7,-0.5992251038551331,1.4284464100455808e-7,0.8005805611610413],"p":[322.89019775390627,158.53543090820313,-452.6170654296875]},"j":false},{"t":1.2553799152374268,"c":{"r":[0.8475732803344727,6.979303890375377e-8,0.530678391456604,1.3967482281884714e-8,1,-1.5382482843051549e-7,-0.530678391456604,1.3779005314518145e-7,0.8475732803344727],"p":[321.65106201171877,158.0732421875,-454.3528137207031]},"j":false},{"t":1.3218119144439698,"c":{"r":[0.879645049571991,4.2251070198062737e-8,0.4756307303905487,-7.382240374553817e-10,1,-8.74663754757421e-8,-0.4756307303905487,7.658824330292191e-8,0.879645049571991],"p":[320.543701171875,156.626708984375,-456.329833984375]},"j":false},{"t":1.3890101909637452,"c":{"r":[0.8796473741531372,-3.694936301368301e-10,0.47562646865844729,-1.3683309596501659e-8,1,2.608345539556467e-8,-0.47562646865844729,-2.945238541940398e-8,0.8796473741531372],"p":[319.59246826171877,154.53285217285157,-458.0890197753906]},"j":false},{"t":1.4548108577728272,"c":{"r":[0.9218622446060181,-1.9976267751076194e-8,0.3875178098678589,-1.1024383184121689e-8,1,7.777508415074408e-8,-0.3875178098678589,-7.597005691195591e-8,0.9218622446060181],"p":[318.6567077636719,152.9845428466797,-460.00518798828127]},"j":false},{"t":1.5217781066894532,"c":{"r":[0.9420568346977234,1.1536959831914828e-8,0.3354533314704895,1.6392572632639714e-8,1,-8.042756860504596e-8,-0.3354533314704895,8.126627903948247e-8,0.9420568346977234],"p":[317.8974304199219,153.09828186035157,-461.99835205078127]},"j":false},{"t":1.5888886451721192,"c":{"r":[0.9420565962791443,3.954055305399606e-9,0.33545392751693728,-1.9666411554819519e-10,1,-1.1234885910482717e-8,-0.33545392751693728,1.0517926973818703e-8,0.9420565962791443],"p":[317.1816101074219,153.1092529296875,-464.00811767578127]},"j":false},{"t":1.6556246280670167,"c":{"r":[0.9271829724311829,-1.5879098924642677e-8,0.37460872530937197,-3.0196183331554496e-8,1,1.1712617720149865e-7,-0.37460872530937197,-1.1990914572379553e-7,0.9271829724311829],"p":[316.4001159667969,153.0019073486328,-466.1330871582031]},"j":false},{"t":1.7218658924102784,"c":{"r":[0.8957108855247498,2.9743614238242346e-9,0.44463688135147097,1.1375614228370523e-8,1,-2.9605331519633183e-8,-0.44463688135147097,3.157583705615252e-8,0.8957108855247498],"p":[315.622314453125,152.74693298339845,-467.9410705566406]},"j":false},{"t":1.7888894081115723,"c":{"r":[0.8796469569206238,6.02922156645036e-9,0.4756271541118622,1.4793418934289093e-8,1,-4.003599585189477e-8,-0.4756271541118622,4.225369565347137e-8,0.8796469569206238],"p":[314.8197326660156,152.17227172851563,-469.5116271972656]},"j":false},{"t":1.854907512664795,"c":{"r":[0.8367629647254944,-1.3731188630572433e-8,0.5475652813911438,-3.264124615043329e-8,1,7.495759035691663e-8,-0.5475652813911438,-8.059495115730897e-8,0.8367629647254944],"p":[314.31787109375,150.5299072265625,-470.4726257324219]},"j":false},{"t":1.9220924377441407,"c":{"r":[0.805417001247406,-2.5021364979949114e-9,0.5927085876464844,-7.79007010009991e-8,1,1.1007886513425547e-7,-0.5927085876464844,-1.3483180794082728e-7,0.805417001247406],"p":[313.66864013671877,148.19821166992188,-471.58270263671877]},"j":false},{"t":1.9885737895965577,"c":{"r":[0.7144821882247925,3.7379926709490977e-8,0.6996536254882813,4.656335406139078e-8,1,-1.0097655689378371e-7,-0.6996536254882813,1.047241724450032e-7,0.7144821882247925],"p":[312.48974609375,145.91812133789063,-473.106201171875]},"j":false},{"t":2.0568511486053469,"c":{"r":[0.5475614070892334,-9.564983116661097e-8,0.836765468120575,4.560860844549097e-8,1,8.44637071395482e-8,-0.836765468120575,-8.085359937126669e-9,0.5475614070892334],"p":[310.7170715332031,145.1395263671875,-474.48162841796877]},"j":false},{"t":2.1214449405670168,"c":{"r":[0.3681226670742035,-3.929560232762697e-9,0.929777204990387,-8.74292211960892e-8,1,3.8841818650325879e-8,-0.929777204990387,-9.558824842770264e-8,0.3681226670742035],"p":[308.9805908203125,145.07827758789063,-475.4676818847656]},"j":false},{"t":2.1888134479522707,"c":{"r":[0.07671669125556946,2.7091529020140116e-8,0.9970529079437256,4.193954961095869e-9,1,-2.7494301946262568e-8,-0.9970529079437256,6.290866938485351e-9,0.07671669125556946],"p":[306.939453125,145.10728454589845,-476.0555725097656]},"j":false},{"t":2.2571136951446535,"c":{"r":[-0.1873829960823059,2.045775282510931e-8,0.9822869300842285,6.059235602151603e-8,1,-9.267940193069535e-9,-0.9822869300842285,5.778242240239706e-8,-0.1873829960823059],"p":[304.8188171386719,145.10986328125,-475.907958984375]},"j":false},{"t":2.3237204551696779,"c":{"r":[-0.24193067848682404,-6.61732855178343e-8,0.9702935218811035,-5.084379495201574e-8,1,5.552197634983713e-8,-0.9702935218811035,-3.5900935557720007e-8,-0.24193067848682404],"p":[302.61151123046877,145.11004638671876,-475.3952941894531]},"j":false},{"t":2.3843963146209719,"c":{"r":[-0.17365394532680512,-2.4747290439108839e-8,0.9848067164421082,-3.4112989766299509e-8,1,1.9113837623763176e-8,-0.9848067164421082,-3.027551187528843e-8,-0.17365394532680512],"p":[300.85479736328127,144.57156372070313,-474.9815979003906]},"j":false},{"t":2.4037909507751467,"c":{"r":[-0.12533308565616609,1.1075927730530566e-8,0.9921147227287293,-8.072092327893188e-9,1,-1.218370027089577e-8,-0.9921147227287293,-9.535462197618472e-9,-0.12533308565616609],"p":[300.37628173828127,144.2937469482422,-474.8866271972656]},"j":true},{"t":2.4116036891937258,"c":{"r":[-0.11840837448835373,2.844139856961192e-8,0.9929649829864502,4.610886783495971e-9,1,-2.8093065651546568e-8,-0.9929649829864502,1.2519949521561103e-9,-0.11840837448835373],"p":[300.1370849609375,144.73667907714845,-474.8392639160156]},"j":true},{"t":2.419646739959717,"c":{"r":[-0.07150818407535553,7.657293821239364e-8,0.9974400401115418,1.822009210172837e-8,1,-7.546323388396559e-8,-0.9974400401115418,1.2777210400827244e-8,-0.07150818407535553],"p":[299.8915710449219,145.16940307617188,-474.7958068847656]},"j":true},{"t":2.4514763355255129,"c":{"r":[0.012785190716385842,1.7516447314847029e-7,0.9999182820320129,1.159778939552325e-8,1,-1.7532708795897634e-7,-0.9999182820320129,1.3838431733859125e-8,0.012785190716385842],"p":[298.85650634765627,146.76405334472657,-474.70379638671877]},"j":false},{"t":2.5014960765838625,"c":{"r":[0.020935509353876115,7.669347468208798e-8,0.9997808337211609,-5.70007463451816e-9,1,-7.659092915446308e-8,-0.9997808337211609,-4.0953551661004898e-9,0.020935509353876115],"p":[297.2575988769531,148.74728393554688,-474.7302551269531]},"j":true},{"t":2.5149848461151125,"c":{"r":[0.02766796387732029,3.586999852700501e-8,0.9996171593666077,-1.1291845680716506e-8,1,-3.5571193990335817e-8,-0.9996171593666077,-1.0303340403083894e-8,0.02766796387732029],"p":[296.7243957519531,149.2993621826172,-474.7413635253906]},"j":false},{"t":2.5806665420532228,"c":{"r":[0.027918579056859018,-1.0328149357974326e-7,0.999610185623169,-3.0954854679521307e-8,1,1.0418632001574224e-7,-0.999610185623169,-3.3851520697680829e-8,0.027918579056859018],"p":[294.7253112792969,150.88426208496095,-474.7966613769531]},"j":false},{"t":2.6467950344085695,"c":{"r":[0.027918661013245584,-7.48506252534753e-8,0.999610185623169,-1.2760683176793464e-8,1,7.523621547989024e-8,-0.999610185623169,-1.4856203378599276e-8,0.027918661013245584],"p":[292.5929870605469,151.73007202148438,-474.8562316894531]},"j":false},{"t":2.7136950492858888,"c":{"r":[0.02791869081556797,5.893593169048472e-8,0.999610185623169,2.8780570815456487e-8,1,-5.97627476395246e-8,-0.999610185623169,3.043784957412754e-8,0.02791869081556797],"p":[290.4606628417969,151.70387268066407,-474.9158020019531]},"j":false},{"t":2.7811124324798586,"c":{"r":[0.021191181614995004,1.1054222426309934e-7,0.9997754693031311,3.9843602195333008e-8,1,-1.1141158040572918e-7,-0.9997754693031311,4.2195598126681946e-8,0.021191181614995004],"p":[288.3283386230469,150.80567932128907,-474.9753723144531]},"j":false},{"t":2.847604274749756,"c":{"r":[-0.02079835720360279,1.3394038944625209e-7,0.9997836947441101,-4.640819284418285e-9,1,-1.3406591392595147e-7,-0.9997836947441101,-7.428166526324276e-9,-0.02079835720360279],"p":[286.0619201660156,148.89590454101563,-474.9700012207031]},"j":false},{"t":2.9142978191375734,"c":{"r":[-0.048580508679151538,4.848728352158105e-8,0.9988192915916443,-2.7906063237992386e-8,1,-4.9901892396064798e-8,-0.9988192915916443,-3.029737172255409e-8,-0.048580508679151538],"p":[284.0630187988281,146.39329528808595,-474.9084167480469]},"j":false},{"t":2.9801759719848635,"c":{"r":[-0.04885101690888405,-3.516218205490418e-9,0.9988060593605042,-5.181060203085508e-8,1,9.863954097966144e-10,-0.9988060593605042,-5.1700556724654237e-8,-0.04885101690888405],"p":[281.9321594238281,142.8791046142578,-474.8049011230469]},"j":false},{"t":3.0477123260498049,"c":{"r":[-0.17920619249343873,9.641591702802543e-8,0.9838115572929382,-5.8467445995802339e-8,1,-1.0865256427905479e-7,-0.9838115572929382,-7.69921584264921e-8,-0.17920619249343873],"p":[279.8039855957031,138.49290466308595,-474.66229248046877]},"j":false},{"t":3.10783052444458,"c":{"r":[-0.4194251596927643,-4.272145659456328e-8,0.9077898859977722,3.075361121318565e-8,1,6.127000773403779e-8,-0.9077898859977722,5.3616002304579527e-8,-0.4194251596927643],"p":[277.9383850097656,136.85641479492188,-474.15911865234377]},"j":false},{"t":3.169936180114746,"c":{"r":[-0.4939449727535248,-5.399929747795795e-8,0.8694931864738464,-4.3002838623351639e-8,1,3.7675125241776189e-8,-0.8694931864738464,-1.878123612186755e-8,-0.4939449727535248],"p":[276.1531982421875,137.23001098632813,-473.2705383300781]},"j":false},{"t":3.173358678817749,"c":{"r":[-0.4939449727535248,-5.399929747795795e-8,0.8694931864738464,-4.3002838623351639e-8,1,3.7675125241776189e-8,-0.8694931864738464,-1.878123612186755e-8,-0.4939449727535248],"p":[276.1531982421875,137.23001098632813,-473.2705383300781]},"j":true},{"t":3.1815435886383058,"c":{"r":[-0.4999992251396179,-4.972497080757421e-8,0.8660258650779724,-5.338842967717028e-8,1,2.659366060697721e-8,-0.8660258650779724,-3.2938949345862059e-8,-0.4999992251396179],"p":[275.91943359375,137.66954040527345,-473.1450500488281]},"j":true},{"t":3.1902334690093996,"c":{"r":[-0.5626958012580872,1.758963463771579e-8,0.8266640305519104,-5.891732968166252e-8,1,-6.138185426607379e-8,-0.8266640305519104,-8.324414579874429e-8,-0.5626958012580872],"p":[275.68768310546877,138.095458984375,-473.0138854980469]},"j":true},{"t":3.2341837882995607,"c":{"r":[-0.6583401560783386,2.0978949066829956e-7,0.7527205348014832,1.7118273021310416e-8,1,-2.637364673319098e-7,-0.7527205348014832,-1.607430277772437e-7,-0.6583401560783386],"p":[274.5060119628906,140.19442749023438,-472.15240478515627]},"j":false},{"t":3.3024001121520998,"c":{"r":[-0.6534239649772644,-9.422080893273233e-8,0.7569921612739563,1.165702467886831e-8,1,1.345295146393255e-7,-0.7569921612739563,9.67290887388117e-8,-0.6534239649772644],"p":[272.79522705078127,142.6276092529297,-470.66558837890627]},"j":false},{"t":3.3629374504089357,"c":{"r":[-0.6375725865364075,-5.926754198526396e-8,0.7703903317451477,-1.9964232933489258e-8,1,6.040949784846816e-8,-0.7703903317451477,2.313518798757741e-8,-0.6375725865364075],"p":[271.3724060058594,143.8922576904297,-469.4573974609375]},"j":false},{"t":3.429600477218628,"c":{"r":[-0.5997050404548645,5.521454937706949e-8,0.8002211451530457,-4.847020917964073e-8,1,-1.0532386340855737e-7,-0.8002211451530457,-1.0195013544489484e-7,-0.5997050404548645],"p":[269.7163391113281,144.5200653076172,-468.1128234863281]},"j":false},{"t":3.496744394302368,"c":{"r":[-0.5013463497161865,1.6849033102062095e-7,0.8652467131614685,2.4284993571654924e-8,1,-1.8065961171487289e-7,-0.8652467131614685,-6.956052800433099e-8,-0.5013463497161865],"p":[267.96209716796877,144.27587890625,-466.90045166015627]},"j":false},{"t":3.564270496368408,"c":{"r":[-0.4195168614387512,1.0440287212531985e-7,0.9077475666999817,8.428293618578664e-10,1,-1.1462359594816007e-7,-0.9077475666999817,-4.7321453422455309e-8,-0.4195168614387512],"p":[266.0586853027344,143.15968322753907,-465.9400939941406]},"j":false},{"t":3.631196975708008,"c":{"r":[-0.40058037638664248,-1.4232323763962995e-8,0.916261613368988,-1.7200486368551539e-8,1,8.013155472497147e-9,-0.916261613368988,-1.2550232852959198e-8,-0.40058037638664248],"p":[263.9964294433594,141.01828002929688,-464.9996032714844]},"j":false},{"t":3.6967897415161135,"c":{"r":[-0.37523314356803896,-5.2868525557414617e-8,0.9269304871559143,-2.784746477857425e-8,1,4.5763123068809367e-8,-0.9269304871559143,-8.640823168093448e-9,-0.37523314356803896],"p":[262.16180419921877,138.31129455566407,-464.2030944824219]},"j":false},{"t":3.7630820274353029,"c":{"r":[-0.16107170283794404,3.220942517145886e-7,0.986942708492279,1.273806393697896e-8,1,-3.2427669793833049e-7,-0.986942708492279,-3.9660058348545138e-8,-0.16107170283794404],"p":[260.1424560546875,134.5791015625,-463.52587890625]},"j":false},{"t":3.8306894302368166,"c":{"r":[0.17293408513069154,0.1092965230345726,0.9788503646850586,-0.012413810938596726,0.9939868450164795,-0.1087934821844101,-0.9848551750183106,0.006662837695330381,0.1732509881258011],"p":[259.41070556640627,133.76480102539063,-463.36920166015627]},"j":false},{"t":3.8974785804748537,"c":{"r":[0.18505465984344483,0.050836678594350818,0.9814124703407288,-0.005450824275612831,0.9986988306045532,-0.05070429667830467,-0.9827131032943726,0.004033559467643499,0.18509097397327424],"p":[259.0987548828125,132.928466796875,-463.5499572753906]},"j":false},{"t":3.9643337726593019,"c":{"r":[0.17051635682582856,0.020255064591765405,0.9851466417312622,0.00010751072113635018,0.9997882843017578,-0.02057471312582493,-0.9853548407554627,0.003614238929003477,0.17047807574272157],"p":[258.9798889160156,132.63377380371095,-464.0032653808594]},"j":false},{"t":4.031124114990234,"c":{"r":[0.3144732713699341,0.0034416557755321266,0.9492601156234741,0.004293231759220362,0.9999780654907227,-0.005047812592238188,-0.9492565989494324,0.0056627956219017509,0.3144516050815582],"p":[259.09552001953127,132.6461944580078,-464.51318359375]},"j":false},{"t":4.058892726898193,"c":{"r":[0.5068706274032593,0.001100962981581688,0.8620214462280273,-0.0006327591836452484,0.9999994039535523,-0.0009051227825693786,-0.8620219230651856,-0.0000866718401084654,0.5068709850311279],"p":[258.86944580078127,132.64793395996095,-464.8021545410156]},"j":true},{"t":4.065046310424805,"c":{"r":[0.5294123888015747,-0.0002774703607428819,0.8483645915985107,-0.0003625438257586211,0.9999997615814209,0.0005533063667826355,-0.848364531993866,-0.0006004965398460627,0.5294122099876404],"p":[258.7275390625,133.09088134765626,-464.90045166015627]},"j":true},{"t":4.097034692764282,"c":{"r":[0.561857283115387,-0.005649140104651451,0.8272148966789246,0.0006755790673196316,0.9999794960021973,0.006370103918015957,-0.8272339105606079,-0.003020239993929863,0.5618495345115662],"p":[258.1468200683594,134.8626251220703,-465.2728576660156]},"j":false},{"t":4.124884128570557,"c":{"r":[0.5746300220489502,-0.008561162278056145,0.8183685541152954,0.001305461279116571,0.9999536275863648,0.00954412017017603,-0.8184122443199158,-0.004415989387780428,0.5746145248413086],"p":[257.70843505859377,136.18807983398438,-465.55035400390627]},"j":true},{"t":4.149217844009399,"c":{"r":[0.6146957874298096,-0.0013133223401382566,0.788763165473938,0.0001857936877058819,0.9999988079071045,0.0015202461509034038,-0.788764238357544,-0.0007879416807554662,0.6146953105926514],"p":[257.1441345214844,137.6192169189453,-465.925537109375]},"j":true},{"t":4.163759469985962,"c":{"r":[0.6259200572967529,-0.00019723102741409093,0.7798871994018555,0.0000015605603493895615,0.9999999403953552,0.0002516443782951683,-0.7798871994018555,-0.00015629221161361784,0.6259200572967529],"p":[256.8752136230469,138.18145751953126,-466.1144104003906]},"j":false},{"t":4.230458736419678,"c":{"r":[0.6586681604385376,-2.52563893354818e-7,0.7524335384368897,5.246363343758276e-7,1,-1.2359544143691893e-7,-0.7524335384368897,4.761623415561189e-7,0.6586681604385376],"p":[255.19386291503907,140.78842163085938,-467.49688720703127]},"j":false},{"t":4.297827243804932,"c":{"r":[0.6432062387466431,1.3990582026224274e-8,0.765692949295044,-6.295838961278832e-9,1,-1.2983087493978474e-8,-0.765692949295044,3.530123082740033e-9,0.6432062387466431],"p":[253.5820770263672,142.34278869628907,-468.8945007324219]},"j":false},{"t":4.364070415496826,"c":{"r":[0.4843197464942932,2.718351197472657e-7,0.8748911023139954,1.9270341766741695e-8,1,-3.213750119357428e-7,-0.8748911023139954,1.7250771122689913e-7,0.4843197464942932],"p":[251.86988830566407,143.02516174316407,-470.1617126464844]},"j":false},{"t":4.430616617202759,"c":{"r":[0.4447207450866699,6.096334459471109e-8,0.8956692814826965,-2.706711077493651e-9,1,-6.672063079804502e-8,-0.8956692814826965,2.7247731182455938e-8,0.4447207450866699],"p":[250.09414672851563,142.8729248046875,-471.0810546875]},"j":false},{"t":4.497088670730591,"c":{"r":[0.42578834295272829,-3.8032233362628179e-8,0.9048227667808533,-2.2776294628101824e-8,1,5.2750785073385489e-8,-0.9048227667808533,-4.306917844587588e-8,0.42578834295272829],"p":[248.17066955566407,141.8657989501953,-472.0035095214844]},"j":false},{"t":4.565934419631958,"c":{"r":[0.425777405500412,-1.1343129102669991e-7,0.9048279523849487,-4.279388932104666e-8,1,1.4549944182817854e-7,-0.9048279523849487,-1.0067148537018511e-7,0.425777405500412],"p":[246.11961364746095,139.84027099609376,-472.9684753417969]},"j":false},{"t":4.631000518798828,"c":{"r":[0.32971540093421938,7.40011714128741e-8,0.9440803527832031,-2.3583298869311876e-8,1,-7.014804737082159e-8,-0.9440803527832031,8.643618043535639e-10,0.32971540093421938],"p":[244.286865234375,137.23553466796876,-473.76654052734377]},"j":false},{"t":4.696974515914917,"c":{"r":[0.12820526957511903,1.9138938966989373e-7,0.9917476773262024,1.1631101415332524e-8,1,-1.944855227975495e-7,-0.9917476773262024,3.6469188557930468e-8,0.12820526957511903],"p":[242.09507751464845,133.35699462890626,-474.3260498046875]},"j":false},{"t":4.763024091720581,"c":{"r":[0.07673093676567078,9.794245414695979e-8,0.9970518350601196,1.0920551130055856e-9,1,-9.83161001499866e-8,-0.9970518350601196,8.632722092727363e-9,0.07673093676567078],"p":[239.9728240966797,129.26747131347657,-474.53857421875]},"j":false},{"t":4.8301122188568119,"c":{"r":[0.06278800219297409,-7.853699912629964e-8,0.9980269074440002,-1.1400588917354071e-8,1,7.940950297324889e-8,-0.9980269074440002,-1.636405855265366e-8,0.06278800219297409],"p":[237.99862670898438,128.57310485839845,-474.6737060546875]},"j":false},{"t":4.897035121917725,"c":{"r":[0.06278800219297409,-1.8898809628353775e-8,0.9980269074440002,3.2202285282778577e-9,1,1.873358002058012e-8,-0.9980269074440002,2.037630508766597e-9,0.06278800219297409],"p":[235.7408447265625,126.75999450683594,-474.8156433105469]},"j":false},{"t":4.962814092636108,"c":{"r":[0.06278800219297409,6.39676684954793e-8,0.9980269074440002,1.9517504057375846e-8,1,-6.532201979325692e-8,-0.9980269074440002,2.3580433605729924e-8,0.06278800219297409],"p":[233.74581909179688,126.28043365478516,-474.9410095214844]},"j":false},{"t":5.02997612953186,"c":{"r":[0.06278812140226364,5.15411393564591e-8,0.9980269074440002,1.2018024797555427e-8,1,-5.239911615717574e-8,-0.9980269074440002,1.52843533385294e-8,0.06278812140226364],"p":[231.7250518798828,125.57959747314453,-475.0680847167969]},"j":false},{"t":5.041483640670776,"c":{"r":[0.06278812140226364,2.905245821693825e-8,0.9980269074440002,5.9114668715665179e-9,1,-2.948179833595077e-8,-0.9980269074440002,7.750909247761229e-9,0.06278812140226364],"p":[231.48240661621095,125.43038940429688,-475.0833435058594]},"j":true},{"t":5.048815011978149,"c":{"r":[0.06278812140226364,6.57336940435016e-9,0.9980269074440002,-1.92481849903281e-10,1,-6.574255806413021e-9,-0.9980269074440002,2.2068311067435787e-10,0.06278812140226364],"p":[231.23976135253907,125.86992645263672,-475.0986022949219]},"j":true},{"t":5.056859970092773,"c":{"r":[0.06278812140226364,-1.5896128857662007e-8,0.9980269074440002,-6.293822796266113e-9,1,1.632351498415119e-8,-0.9980269074440002,-7.306327542977442e-9,0.06278812140226364],"p":[230.9896697998047,126.29583740234375,-475.11431884765627]},"j":true},{"t":5.0977559089660648,"c":{"r":[0.06278820335865021,-1.393071045185934e-7,0.9980268478393555,-3.9804657347985997e-8,1,1.420867192791775e-7,-0.9980268478393555,-4.864748959221288e-8,0.06278820335865021],"p":[229.53311157226563,128.39483642578126,-475.2059020996094]},"j":false},{"t":5.158437490463257,"c":{"r":[0.0627879649400711,-6.161009480365465e-8,0.9980269074440002,-1.630716006673083e-8,1,6.275781316844587e-8,-0.9980269074440002,-2.021542044872149e-8,0.0627879649400711],"p":[227.67010498046876,130.47019958496095,-475.3229675292969]},"j":true},{"t":5.162662029266357,"c":{"r":[0.0627879723906517,-5.606919017964174e-8,0.9980269074440002,-1.4631456934921517e-8,1,5.7100535855170168e-8,-0.9980269074440002,-1.8187813921599628e-8,0.0627879723906517],"p":[227.5370330810547,130.5928955078125,-475.3313293457031]},"j":false},{"t":5.230320453643799,"c":{"r":[0.06278809905052185,3.242465140829154e-8,0.9980269074440002,1.213115741194315e-8,1,-3.325195407910542e-8,-0.9980269074440002,1.41950478038666e-8,0.06278809905052185],"p":[225.4078826904297,132.0926971435547,-475.4651184082031]},"j":false},{"t":5.297571182250977,"c":{"r":[0.06278809905052185,1.20616775234339e-7,0.9980269074440002,3.880236221220912e-8,1,-1.232963739994375e-7,-0.9980269074440002,4.646734552693488e-8,0.06278809905052185],"p":[223.2787322998047,132.7205047607422,-475.5989074707031]},"j":false},{"t":5.3637917041778568,"c":{"r":[0.062788225710392,6.492324189366627e-8,0.9980268478393555,2.0144371504215998e-8,1,-6.631892546238305e-8,-0.9980268478393555,2.4268672405014514e-8,0.062788225710392],"p":[221.01651000976563,132.43209838867188,-475.7410583496094]},"j":false},{"t":5.431102752685547,"c":{"r":[0.062788225710392,-1.1180726744441927e-7,0.9980268478393555,-3.6520631851999499e-8,1,1.1432591406901338e-7,-0.9980268478393555,-4.3626894097315019e-8,0.062788225710392],"p":[218.88735961914063,131.26141357421876,-475.8748474121094]},"j":false},{"t":5.497127294540405,"c":{"r":[0.0627882182598114,-6.645198880050884e-8,0.9980268478393555,-2.1221085333422708e-8,1,6.791843532027997e-8,-0.9980268478393555,-2.5443691598070474e-8,0.0627882182598114],"p":[216.8912811279297,129.37193298339845,-476.0002746582031]},"j":false},{"t":5.564632892608643,"c":{"r":[0.06958228349685669,2.5030972850004219e-8,0.9975762367248535,7.948022684445278e-9,1,-2.5646174961480029e-8,-0.9975762367248535,9.713278181777696e-9,0.06958228349685669],"p":[214.6292266845703,126.30404663085938,-476.1446838378906]},"j":false},{"t":5.629837274551392,"c":{"r":[0.10422495752573013,1.2832659024297755e-7,0.9945537447929382,2.518178732202614e-8,1,-1.3166825851840259e-7,-0.9945537447929382,3.87677587809776e-8,0.10422495752573013],"p":[212.6367645263672,122.7795639038086,-476.3172912597656]},"j":false},{"t":5.695980072021484,"c":{"r":[0.12522205710411073,1.0161240737716071e-7,0.9921287298202515,5.491920251898819e-9,1,-1.0311173781474281e-7,-0.9921287298202515,1.8360555742447106e-8,0.12522205710411073],"p":[210.51646423339845,118.17536926269531,-476.552490234375]},"j":false},{"t":5.764654159545898,"c":{"r":[0.1386794000864029,1.237558393540894e-7,0.9903373122215271,-1.2604465915444507e-8,1,-1.2319827646933846e-7,-0.9903373122215271,4.60239046873312e-9,0.1386794000864029],"p":[208.26817321777345,112.32796478271485,-476.8401184082031]},"j":false},{"t":5.8303282260894779,"c":{"r":[0.1528935581445694,1.1592338466925867e-7,0.9882426857948303,-1.442829233866405e-8,1,-1.1507031416613245e-7,-0.9882426857948303,3.334856168990541e-9,0.1528935581445694],"p":[206.2890167236328,106.35099029541016,-477.1279296875]},"j":false},{"t":5.897080898284912,"c":{"r":[0.22629773616790772,8.258822958850942e-8,0.9740581512451172,1.973923779985398e-8,1,-8.937369244677029e-8,-0.9740581512451172,3.9452231703762666e-8,0.22629773616790772],"p":[204.0563201904297,98.65058898925781,-477.5167236328125]},"j":false},{"t":5.964229345321655,"c":{"r":[0.2689167857170105,-9.134464740157e-9,0.963163435459137,-2.347399430391306e-8,1,1.6037793315604177e-8,-0.963163435459137,-2.692212319743703e-8,0.2689167857170105],"p":[201.990966796875,95.4299087524414,-478.0499572753906]},"j":false},{"t":6.0308473110198979,"c":{"r":[0.30901479721069338,-5.822726834026071e-8,0.9510572552680969,-5.2945736683795989e-9,1,6.294402510320652e-8,-0.9510572552680969,-2.448607716587503e-8,0.30901479721069338],"p":[199.9443359375,95.33917999267578,-478.6512756347656]},"j":false},{"t":6.097510576248169,"c":{"r":[0.6045969724655151,-3.569406104020345e-8,0.7965315580368042,3.187354025158129e-8,1,2.061866410940638e-8,-0.7965315580368042,1.2922297898398938e-8,0.6045969724655151],"p":[198.13670349121095,95.3724365234375,-479.4869384765625]},"j":false},{"t":6.163794994354248,"c":{"r":[0.7046328186988831,-1.7849664857294557e-8,0.7095720767974854,5.877537390119869e-8,1,-3.321071062600822e-8,-0.7095720767974854,6.51067253443216e-8,0.7046328186988831],"p":[196.5366668701172,95.3770523071289,-480.89447021484377]},"j":false},{"t":6.229522228240967,"c":{"r":[0.7615366578102112,-3.5135299114585907e-9,0.6481218934059143,8.046940536132752e-8,1,-8.912964233331877e-8,-0.6481218934059143,1.2002946903066914e-7,0.7615366578102112],"p":[195.0880126953125,95.37745666503906,-482.45916748046877]},"j":false},{"t":6.295782089233398,"c":{"r":[0.7615366578102112,8.452803790248709e-9,0.6481218934059143,-3.0257751859608109e-8,1,2.2510553421284386e-8,-0.6481218934059143,-3.6753320387106217e-8,0.7615366578102112],"p":[193.7052459716797,95.37747192382813,-484.08355712890627]},"j":false},{"t":6.364123821258545,"c":{"r":[0.8090155720710754,5.451093354480463e-9,0.5877872109413147,-3.6327019614645908e-8,1,4.072567705293295e-8,-0.5877872109413147,-5.430026561725754e-8,0.8090155720710754],"p":[192.3357391357422,95.37747192382813,-485.7189025878906]},"j":false},{"t":6.429492473602295,"c":{"r":[0.9245450496673584,-5.7234710304499e-9,0.3810727000236511,1.4127716774225974e-8,1,-1.9256795269484429e-8,-0.3810727000236511,2.318746261664728e-8,0.9245450496673584],"p":[191.26406860351563,95.37747192382813,-487.5564880371094]},"j":false},{"t":6.496819496154785,"c":{"r":[0.9593132138252258,-2.8435692911443767e-8,0.2823440730571747,5.638534972263187e-8,1,-9.08661519360976e-8,-0.2823440730571747,1.0308917097745507e-7,0.9593132138252258],"p":[190.51339721679688,95.37747192382813,-489.6938171386719]},"j":false},{"t":6.5640363693237309,"c":{"r":[0.9882280230522156,2.80503176242064e-9,0.15298815071582795,-6.482871572899285e-9,1,2.354119388314757e-8,-0.15298815071582795,-2.4255870201272957e-8,0.9882280230522156],"p":[190.0367889404297,95.37747192382813,-491.7711181640625]},"j":false},{"t":6.630293369293213,"c":{"r":[0.9882280230522156,1.849663178177252e-8,0.15298816561698914,-2.722674885546894e-8,1,5.4968989360304479e-8,-0.15298816561698914,-5.8487263032702688e-8,0.9882280230522156],"p":[189.72967529296876,95.37747192382813,-493.74749755859377]},"j":false},{"t":6.697183847427368,"c":{"r":[0.9882280230522156,-3.138483473108522e-9,0.15298816561698914,9.12270703423701e-9,1,-3.8413634939615807e-8,-0.15298816561698914,3.9357097136871747e-8,0.9882280230522156],"p":[189.40325927734376,95.37747192382813,-495.85589599609377]},"j":false},{"t":6.762826919555664,"c":{"r":[0.9871358275413513,-1.7956828912701895e-8,0.1598837524652481,3.395724945676193e-8,1,-9.734314687648293e-8,-0.1598837524652481,1.0152012208664019e-7,0.9871358275413513],"p":[189.06639099121095,95.37747192382813,-497.9625549316406]},"j":false},{"t":6.829230070114136,"c":{"r":[0.9871358275413513,1.1519476039723031e-8,0.1598837524652481,-2.4777897067451705e-8,1,8.093176262491397e-8,-0.1598837524652481,-8.385222827200778e-8,0.9871358275413513],"p":[188.72532653808595,95.37747192382813,-500.0685119628906]},"j":false},{"t":6.897099494934082,"c":{"r":[0.9859956502914429,3.369539314235226e-9,0.16677109897136689,-5.53681855919308e-9,1,1.2530586346315431e-8,-0.16677109897136689,-1.3278484090051279e-8,0.9859956502914429],"p":[188.36294555664063,95.37747192382813,-502.30609130859377]},"j":false},{"t":6.964300870895386,"c":{"r":[0.9809547662734985,-7.94543808524395e-9,0.19423644244670869,2.4586141122995288e-8,1,-8.326168199346285e-8,-0.19423644244670869,8.645147175911916e-8,0.9809547662734985],"p":[187.9891815185547,95.37747192382813,-504.4063720703125]},"j":false},{"t":7.029414892196655,"c":{"r":[0.9631619453430176,-8.769165255051448e-11,0.2689220607280731,5.794239310574767e-9,1,-2.042636104704343e-8,-0.2689220607280731,2.123209164039963e-8,0.9631619453430176],"p":[187.54440307617188,95.37747192382813,-506.355712890625]},"j":false},{"t":7.095834493637085,"c":{"r":[0.9573188424110413,4.029295119778453e-9,0.2890338897705078,-2.5317785201650623e-8,1,6.991532330857808e-8,-0.2890338897705078,-7.424895898111572e-8,0.9573188424110413],"p":[186.95465087890626,95.37747192382813,-508.4057922363281]},"j":false},{"t":7.1637561321258549,"c":{"r":[0.9573188424110413,-1.0865180977148726e-9,0.2890338897705078,7.446360417162623e-9,1,-2.0904202813198937e-8,-0.2890338897705078,2.216423844458859e-8,0.9573188424110413],"p":[186.33798217773438,95.37747192382813,-510.4482727050781]},"j":false},{"t":7.229094505310059,"c":{"r":[0.9531899094581604,-5.28814281253176e-9,0.3023722767829895,4.080836646380703e-8,1,-1.1115430709196517e-7,-0.3023722767829895,1.1829047963374251e-7,0.9531899094581604],"p":[185.70941162109376,95.37747192382813,-512.4869995117188]},"j":false},{"t":7.2893288135528568,"c":{"r":[0.9510559439659119,1.7885705139164543e-9,0.3090188205242157,-1.3440755175508912e-8,1,3.557822125799248e-8,-0.3090188205242157,-3.7990325552073048e-8,0.9510559439659119],"p":[185.09954833984376,95.37747192382813,-514.3917236328125]},"j":false},{"t":7.332551956176758,"c":{"r":[0.9443755149841309,2.7310846917316668e-9,0.3288690745830536,-3.1688561108467186e-8,1,8.269191908993889e-8,-0.3288690745830536,-8.851361599226948e-8,0.9443755149841309],"p":[184.72093200683595,95.37747192382813,-515.530517578125]},"j":true},{"t":7.340867280960083,"c":{"r":[0.9420567750930786,1.7219576875504572e-9,0.33545351028442385,-2.708734214706965e-8,1,7.09363803252927e-8,-0.33545351028442385,-7.591263795347914e-8,0.9420567750930786],"p":[184.6350860595703,95.81700897216797,-515.782958984375]},"j":true},{"t":7.349376440048218,"c":{"r":[0.9398410320281982,1.1481834372162326e-9,0.3416120707988739,-1.994535736571379e-8,1,5.151246895707118e-8,-0.3416120707988739,-5.522710466721037e-8,0.9398410320281982],"p":[184.50192260742188,96.45076751708985,-516.1600952148438]},"j":true},{"t":7.355104684829712,"c":{"r":[0.9397289752960205,1.4534916603636817e-9,0.34192028641700747,-1.7506858185356579e-8,1,4.386463814398667e-8,-0.34192028641700747,-4.720682156289513e-8,0.9397289752960205],"p":[184.45668029785157,96.65521240234375,-516.2855224609375]},"j":false},{"t":7.408411502838135,"c":{"r":[0.9298484921455383,2.2084845952008437e-8,0.36794260144233706,1.6661561019759575e-8,1,-1.0212890799721208e-7,-0.36794260144233706,1.0109491199727927e-7,0.9298484921455383],"p":[183.89161682128907,98.84281921386719,-517.7824096679688]},"j":true},{"t":7.4215967655181889,"c":{"r":[0.9272447228431702,2.7907802291338159e-8,0.3744559586048126,2.3091102363537176e-8,1,-1.3170814838758816e-7,-0.3744559586048126,1.3077229255031853e-7,0.9272447228431702],"p":[183.694091796875,99.46302032470703,-518.2777709960938]},"j":false},{"t":7.488884210586548,"c":{"r":[0.9164822101593018,3.894162148299074e-8,0.4000754654407501,2.4325560232796307e-8,1,-1.5306004286230746e-7,-0.4000754654407501,1.5000885866811587e-7,0.9164822101593018],"p":[182.87246704101563,101.39883422851563,-520.24658203125]},"j":false},{"t":7.555416822433472,"c":{"r":[0.9135453104972839,1.2794743042832124e-8,0.40673696994781496,3.2636526814400215e-9,1,-3.878732002249308e-8,-0.40673696994781496,3.676142412700756e-8,0.9135453104972839],"p":[181.95669555664063,102.50017547607422,-522.3201904296875]},"j":false},{"t":7.621494770050049,"c":{"r":[0.9163216352462769,-3.308391427481183e-8,0.4004431366920471,-2.6635841976485609e-8,1,1.4356822930494673e-7,-0.4004431366920471,-1.4222081290427014e-7,0.9163216352462769],"p":[181.14532470703126,102.65444946289063,-524.1484375]},"j":false},{"t":7.688897132873535,"c":{"r":[0.9163616895675659,-1.1488296536299459e-8,0.40035146474838259,-7.578901950466843e-9,1,4.604282466402765e-8,-0.40035146474838259,-4.5226105527262919e-8,0.9163616895675659],"p":[180.29129028320313,101.97425079345703,-526.103515625]},"j":false},{"t":7.755062103271484,"c":{"r":[0.9107928276062012,1.7420742182139294e-8,0.41286370158195498,1.5529039387729428e-8,1,-7.645253674581909e-8,-0.41286370158195498,7.604380414250045e-8,0.9107928276062012],"p":[179.4326629638672,100.42205810546875,-528.0565795898438]},"j":false},{"t":7.822086572647095,"c":{"r":[0.9019117951393127,2.681262323278588e-8,0.4319203197956085,1.3587660774305732e-8,1,-9.045069759849867e-8,-0.4319203197956085,8.744734003585109e-8,0.9019117951393127],"p":[178.4788055419922,97.81739807128906,-530.1127319335938]},"j":false},{"t":7.887819766998291,"c":{"r":[0.8894293904304504,3.380759139304246e-8,0.45707258582115176,-5.265389013686672e-9,1,-6.371941907445944e-8,-0.45707258582115176,5.42672573544678e-8,0.8894293904304504],"p":[177.59274291992188,94.70166778564453,-531.9056396484375]},"j":false},{"t":7.955415964126587,"c":{"r":[0.8862025737762451,4.9248008338054208e-8,0.463297963142395,-2.4142142507344034e-8,1,-6.01193690386026e-8,-0.463297963142395,4.2092931806791969e-8,0.8862025737762451],"p":[176.6136474609375,94.417724609375,-533.801025390625]},"j":false},{"t":8.021426916122437,"c":{"r":[0.8862025737762451,6.429880983205294e-8,0.463297963142395,-4.2966021851498229e-8,1,-5.659902768684333e-8,-0.463297963142395,3.025213501928192e-8,0.8862025737762451],"p":[175.6253662109375,94.47030639648438,-535.691650390625]},"j":false},{"t":8.08849573135376,"c":{"r":[0.8862025737762451,7.929821776997415e-8,0.463297963142395,-6.172564326334396e-8,1