{"v":1,"d":[{"t":0,"j":false,"c":{"p":[343.3896179199219,151.22463989257812,-428.40020751953125],"r":[0.7901840209960938,2.2991402204297628e-7,0.6128696799278259,3.549627436427727e-8,1,-4.2090942997674574e-7,-0.6128696799278259,3.5435047607279557e-7,0.7901840209960938]}},{"t":0.06903862953186035,"j":false,"c":{"p":[341.88702392578125,151.22463989257812,-429.89984130859375],"r":[0.6534219980239868,-5.9034970689708643e-8,0.75699383020401,-1.3473243853923123e-8,1,8.96159022545362e-8,-0.75699383020401,-6.875616520574113e-8,0.6534219980239868]}},{"t":0.14091992378234863,"j":false,"c":{"p":[340.1713562011719,151.22463989257812,-431.3810119628906],"r":[0.6586928367614746,-1.741888411288528e-8,0.752411961555481,1.1835126656478678e-8,1,1.2789763914611285e-8,-0.752411961555481,4.803651365570261e-10,0.6586928367614746]}},{"t":0.21378564834594727,"j":false,"c":{"p":[338.4251403808594,151.22463989257812,-433.0237731933594],"r":[0.7705159187316895,3.5528810116147724e-8,0.6374207735061646,3.506309131928731e-10,1,-5.61622393036032e-8,-0.6374207735061646,4.349739768372274e-8,0.7705159187316895]}},{"t":0.27953267097473145,"j":false,"c":{"p":[337.34039306640625,151.22463989257812,-434.694091796875],"r":[0.9218648672103882,-2.2407504740584727e-9,0.3875114321708679,-7.0218217906869995e-9,1,2.248687636097202e-8,-0.3875114321708679,-2.3450898112287177e-8,0.9218648672103882]}},{"t":0.3438906669616699,"j":false,"c":{"p":[336.51495361328125,151.22463989257812,-436.6609802246094],"r":[0.9048290252685547,-3.9735141399432905e-8,0.42577508091926575,-6.3087002288853e-9,1,1.0673108619130289e-7,-0.42577508091926575,-9.925947352940057e-8,0.9048290252685547]}},{"t":0.41251206398010254,"j":false,"c":{"p":[335.551513671875,151.22463989257812,-438.56353759765625],"r":[0.8589619994163513,4.87277551641796e-9,0.512039303779602,6.953499109840777e-9,1,-2.118112263360672e-8,-0.512039303779602,2.1754244627913977e-8,0.8589619994163513]}},{"t":0.4811372756958008,"j":false,"c":{"p":[334.305908203125,151.22463989257812,-440.4556579589844],"r":[0.7965326905250549,2.2837721047608284e-8,0.6045954823493958,8.104236393080555e-9,1,-4.8450594647420075e-8,-0.6045954823493958,4.349226756517055e-8,0.7965326905250549]}},{"t":0.5476694107055664,"j":false,"c":{"p":[332.9728088378906,151.8573455810547,-442.1209411621094],"r":[0.7749470472335815,-1.3703869150560877e-8,0.632026195526123,-1.8071739660285857e-8,1,4.384076390806513e-8,-0.632026195526123,-4.539608156051145e-8,0.7749470472335815]}},{"t":0.6108713150024414,"j":false,"c":{"p":[331.70782470703125,152.40098571777344,-443.6700439453125],"r":[0.7660471200942993,-3.7476745262665645e-8,0.6427844166755676,-3.1948548695481804e-8,1,9.637887643521026e-8,-0.6427844166755676,-9.436678993779424e-8,0.7660471200942993]}},{"t":0.6758632659912109,"j":false,"c":{"p":[330.38018798828125,152.4620819091797,-445.1643371582031],"r":[0.6743052005767822,2.6708661948759982e-8,0.7384527921676636,3.291803452043496e-8,1,-6.622693149438419e-8,-0.7384527921676636,6.896557636082434e-8,0.6743052005767822]}},{"t":0.6857054233551025,"j":true,"c":{"p":[330.1848449707031,152.46389770507812,-445.3457946777344],"r":[0.6639294028282166,3.604560561143444e-8,0.7477952241897583,4.363316818967178e-8,1,-8.694217967786244e-8,-0.7477952241897583,9.035214532104874e-8,0.6639294028282166]}},{"t":0.6951050758361816,"j":true,"c":{"p":[329.8907775878906,153.1180877685547,-445.61688232421875],"r":[0.6639294028282166,4.860390845351503e-8,0.7477952241897583,5.969727112642431e-8,1,-1.1799845367477246e-7,-0.7477952241897583,1.229839767802332e-7,0.6639294028282166]}},{"t":0.7031986713409424,"j":true,"c":{"p":[329.79168701171875,153.329345703125,-445.7060852050781],"r":[0.6587656736373901,5.372759659394433e-8,0.7523481845855713,6.511526606800544e-8,1,-1.2842896524034586e-7,-0.7523481845855713,1.3359394301915017e-7,0.6587656736373901]}},{"t":0.7416281700134277,"j":false,"c":{"p":[328.78021240234375,155.25453186035156,-446.5747375488281],"r":[0.6481326222419739,6.81588474549244e-8,0.7615274786949158,4.3586318554389436e-8,1,-1.265989340026863e-7,-0.7615274786949158,1.1524507925742e-7,0.6481326222419739]}},{"t":0.808678388595581,"j":false,"c":{"p":[327.0541687011719,157.74562072753906,-448.0439758300781],"r":[0.6481232643127441,1.0078020551418376e-7,0.7615354657173157,8.144882102101292e-9,1,-1.3927005682035087e-7,-0.7615354657173157,9.64667847824785e-8,0.6481232643127441]}},{"t":0.8752985000610352,"j":false,"c":{"p":[325.42864990234375,159.19093322753906,-449.4254455566406],"r":[0.6736553907394409,1.2634033907943376e-7,0.7390456199645996,-1.498523971577015e-8,1,-1.5729131064290414e-7,-0.7390456199645996,9.488536534263403e-8,0.6736553907394409]}},{"t":0.9412689208984375,"j":false,"c":{"p":[323.9903259277344,159.7642364501953,-450.9932861328125],"r":[0.8393310308456421,1.8383069289029663e-7,0.5436207056045532,1.642548674851696e-8,1,-3.635202290297457e-7,-0.5436207056045532,3.1404303513227205e-7,0.8393310308456421]}},{"t":1.0082929134368896,"j":false,"c":{"p":[322.990478515625,159.509765625,-452.7237243652344],"r":[0.8985658288002014,4.997784586180387e-8,0.43883875012397766,1.7678331687420723e-8,1,-1.500847162105856e-7,-0.43883875012397766,1.4261892999911652e-7,0.8985658288002014]}},{"t":1.0750532150268555,"j":false,"c":{"p":[322.2249755859375,158.39356994628906,-454.70916748046875],"r":[0.9765094518661499,4.355799987365572e-8,0.21547451615333557,1.2160016993334466e-8,1,-2.5725719865477004e-7,-0.21547451615333557,2.5383425850122876e-7,0.9765094518661499]}},{"t":1.142615556716919,"j":false,"c":{"p":[321.7356262207031,156.25216674804688,-456.9222412109375],"r":[0.9766732454299927,-8.618197711030007e-9,0.21473084390163422,-2.508273588830434e-9,1,5.154342019864089e-8,-0.21473084390163422,-5.0879680912885306e-8,0.9766732454299927]}},{"t":1.2092928886413574,"j":false,"c":{"p":[321.2907409667969,153.838134765625,-458.94696044921875],"r":[0.9781127572059631,-1.8491554953925515e-8,0.2080756425857544,-5.562247551438304e-9,1,1.1501615659881281e-7,-0.2080756425857544,-1.1365613517000384e-7,0.9781127572059631]}},{"t":1.2754278182983398,"j":false,"c":{"p":[320.7908935546875,153.29388427734375,-460.9693298339844],"r":[0.9510578513145447,-2.5519778290572503e-8,0.30901288986206055,-3.298075368363129e-9,1,9.273541934362584e-8,-0.30901288986206055,-8.921589511601269e-8,0.9510578513145447]}},{"t":1.3417699337005615,"j":false,"c":{"p":[320.0782775878906,152.8307342529297,-462.9666748046875],"r":[0.9323252439498901,-2.6595367685899873e-8,0.36162081360816956,1.0571301611861372e-9,1,7.081942499098659e-8,-0.36162081360816956,-6.564445698131749e-8,0.9323252439498901]}},{"t":1.402702808380127,"j":false,"c":{"p":[319.3382263183594,153.06304931640625,-464.67938232421875],"r":[0.9018344283103943,-2.8040581412369647e-8,0.4320817291736603,6.170556510198821e-9,1,5.2017384177815984e-8,-0.4320817291736603,-4.4244885089028685e-8,0.9018344283103943]}},{"t":1.4667606353759766,"j":false,"c":{"p":[318.4745178222656,153.10540771484375,-466.48321533203125],"r":[0.9018344283103943,-2.4789466479546718e-8,0.4320817291736603,1.2123418713372303e-8,1,3.2068349753444636e-8,-0.4320817291736603,-2.36820358878731e-8,0.9018344283103943]}},{"t":1.5307176113128662,"j":false,"c":{"p":[317.514404296875,153.10989379882812,-468.3876647949219],"r":[0.8443300724029541,-2.237423224471513e-8,0.5358234643936157,1.9400545170356054e-8,1,1.1186086723569133e-8,-0.5358234643936157,9.505177755997352e-10,0.8443300724029541]}},{"t":1.5938167572021484,"j":false,"c":{"p":[316.31842041015625,152.56430053710938,-469.9329528808594],"r":[0.7289716005325317,-1.7607627356142075e-8,0.6845439672470093,3.0194431843710845e-8,1,-6.432391064237208e-9,-0.6845439672470093,2.5358446009704494e-8,0.7289716005325317]}},{"t":1.6623785495758057,"j":false,"c":{"p":[315.04473876953125,151.00559997558594,-471.29071044921875],"r":[0.6794443726539612,-1.146602013335496e-8,0.733726978302002,4.306378897922514e-8,1,-2.4250748964504965e-8,-0.733726978302002,4.807409936802287e-8,0.6794443726539612]}},{"t":1.7229506969451904,"j":false,"c":{"p":[313.8462219238281,148.7523651123047,-472.5586242675781],"r":[0.6109417676925659,4.856777646722321e-9,0.7916755080223083,5.6874398524087155e-8,1,-5.0025196429714924e-8,-0.7916755080223083,7.55885523062716e-8,0.6109417676925659]}},{"t":1.7834007740020752,"j":false,"c":{"p":[312.41351318359375,146.28713989257812,-473.614013671875],"r":[0.4635232090950012,6.538043351156375e-8,0.886084794998169,-1.9689432306790877e-9,1,-7.275576763277058e-8,-0.886084794998169,3.197933651222229e-8,0.4635232090950012]}},{"t":1.8462119102478027,"j":false,"c":{"p":[310.6416015625,145.28672790527344,-474.5406188964844],"r":[0.4632999002933502,-4.9035257632112916e-8,0.8862015604972839,1.1158207691153166e-8,1,4.9498517284973786e-8,-0.8862015604972839,-1.3044236801817988e-8,0.4632999002933502]}},{"t":1.9080116748809814,"j":false,"c":{"p":[308.869140625,145.07933044433594,-475.4671325683594],"r":[0.46329981088638306,2.785780139902272e-8,0.8862016201019287,6.031639543380152e-8,1,-6.296803434224785e-8,-0.8862016201019287,8.262556860927361e-8,0.46329981088638306]}},{"t":1.9749979972839355,"j":false,"c":{"p":[307.11639404296875,145.1096954345703,-475.9188537597656],"r":[0.35140925645828247,0.008683781139552593,0.9361816644668579,0.013317025266587734,0.9998094439506531,-0.014272712171077728,-0.936127245426178,0.01748271845281124,0.35122665762901306]}},{"t":2.0424585342407227,"j":false,"c":{"p":[304.9806823730469,145.10916137695312,-476.1998291015625],"r":[0.02372751384973526,0.001132966484874487,0.9997178316116333,0.003967119846493006,0.9999913573265076,-0.0012274328619241714,-0.9997106194496155,0.003995124716311693,0.02372281439602375]}},{"t":2.107736349105835,"j":false,"c":{"p":[302.8501892089844,145.10995483398438,-476.1822814941406],"r":[-0.020937085151672363,-0.000026927793442155235,0.9997807741165161,-0.00007601254765177146,1,0.0000253418675129069,-0.9997807741165161,-0.00007546529377577826,-0.020937087014317513]}},{"t":2.175454616546631,"j":false,"c":{"p":[300.8189697265625,144.54539489746094,-476.1180725097656],"r":[-0.027917366474866867,-2.322221632766741e-7,0.9996102452278137,-7.962178187881364e-7,1,2.1007573991482786e-7,-0.9996102452278137,-7.900427476670302e-7,-0.027917366474866867]}},{"t":2.2410659790039062,"j":false,"c":{"p":[299.4620361328125,143.19183349609375,-476.0706481933594],"r":[0.00000449642539024353,3.2772263125480094e-8,1,8.716174448863967e-8,1,-3.277265747669844e-8,-1,8.716189370261418e-8,0.00000449642539024353]}},{"t":2.261106252670288,"j":true,"c":{"p":[299.1094970703125,142.70144653320312,-476.0583190917969],"r":[0.013966311700642109,4.365005068507344e-8,0.9999024868011475,9.761922115103516e-8,1,-4.501782058241588e-8,-0.9999024868011475,9.823843072354066e-8,0.013966311700642109]}},{"t":2.2693698406219482,"j":true,"c":{"p":[298.9332275390625,143.14437866210938,-476.0521545410156],"r":[0.013966073282063007,4.9732239659761035e-8,0.9999024868011475,1.0280187723310519e-7,1,-5.1172971637925e-8,-0.9999024868011475,1.035065366750132e-7,0.013966073282063007]}},{"t":2.277568817138672,"j":true,"c":{"p":[298.65399169921875,143.78836059570312,-476.0445556640625],"r":[0.020510205999016762,5.998177243782266e-8,0.9997896552085876,1.1063195870519849e-7,1,-6.226395754538316e-8,-0.9997896552085876,1.1188573267872925e-7,0.020510205999016762]}},{"t":2.3081040382385254,"j":false,"c":{"p":[297.91644287109375,145.1717529296875,-476.03863525390625],"r":[0.02786598540842533,1.0247502757465554e-7,0.9996116757392883,1.2959934281298047e-7,1,-1.0612765777295863e-7,-0.9996116757392883,1.3250637209694105e-7,0.02786598540842533]}},{"t":2.375436305999756,"j":false,"c":{"p":[295.72943115234375,147.83656311035156,-476.11602783203125],"r":[0.048846710473299026,7.00588387303469e-8,0.9988062977790833,-2.2796639242983474e-8,1,-6.902769200678449e-8,-0.9988062977790833,-1.939765148506467e-8,0.048846710473299026]}},{"t":2.441315174102783,"j":false,"c":{"p":[293.74462890625,149.3690185546875,-476.16595458984375],"r":[0.07625892758369446,-0.00002214922642451711,0.9970880746841431,0.000044914828322362155,1,0.000018778751837089658,-0.9970880746841431,0.00004335199264460243,0.07625892758369446]}},{"t":2.507948160171509,"j":false,"c":{"p":[291.65570068359375,150.1551055908203,-476.1593017578125],"r":[0.07671743631362915,-0.000006008962827763753,0.9970528483390808,0.0000159458359121345,1,0.000004799784619535785,-0.9970528483390808,0.000015530615200987086,0.07671743631362915]}},{"t":2.575899600982666,"j":false,"c":{"p":[289.4334716796875,150.03350830078125,-476.1588134765625],"r":[0.07672364264726639,-2.0441176218355395e-7,0.9970523715019226,0.000018845485101337545,1,-0.0000012451527027224074,-0.9970523715019226,0.000018885468307416886,0.07672364264726639]}},{"t":2.6413254737854004,"j":false,"c":{"p":[287.4650573730469,149.1109161376953,-476.1729431152344],"r":[0.04239078611135483,0.000002339917273275205,0.9991011023521423,0.00001721125590847805,1,-0.0000030722776500624605,-0.9991011023521423,0.000017326019587926567,0.04239078611135483]}},{"t":2.708676338195801,"j":false,"c":{"p":[285.2231750488281,147.14007568359375,-476.1793518066406],"r":[0.034908227622509,-9.229685105083263e-8,0.9993905425071716,0.000007966901648615021,1,-1.8592689343677193e-7,-0.9993905425071716,0.000007968536010594107,0.034908227622509]}},{"t":2.7755560874938965,"j":false,"c":{"p":[283.1161193847656,144.3859100341797,-476.1772155761719],"r":[0.034903787076473236,-1.36480451828902e-7,0.9993906617164612,0.000013950975699117407,1,-3.5067509429609345e-7,-0.9993906617164612,0.000013954714631836396,0.034903787076473236]}},{"t":2.842683792114258,"j":false,"c":{"p":[280.9998474121094,140.76385498046875,-476.19561767578125],"r":[0.03153610974550247,0.0002785665856208652,0.9995025992393494,0.0005050344625487924,0.9999998211860657,-0.00029463990358635783,-0.9995024800300598,0.0005140750436112285,0.03153596445918083]}},{"t":2.906846046447754,"j":false,"c":{"p":[279.00396728515625,136.6345672607422,-476.21038818359375],"r":[0.0000017351003407384269,0.0002230786340078339,1,0.0003441050066612661,0.9999999403953552,-0.00022307923063635826,-0.9999999403953552,0.000344105385011062,0.000001658337623666739]}},{"t":2.9763925075531006,"j":false,"c":{"p":[276.7999572753906,137.07960510253906,-476.204833984375],"r":[-0.006784940138459206,0.000011042637197533622,0.9999769926071167,0.000019481520212139003,1,-0.000010910707715083845,-0.9999769926071167,0.00001940704351000022,-0.006784940138459206]}},{"t":3.045975923538208,"j":false,"c":{"p":[274.66748046875,137.32382202148438,-475.980224609375],"r":[-0.06278662383556366,0.000002269851165692671,0.998026967048645,0.00003917778667528182,1,1.903654975876634e-7,-0.998026967048645,0.00003911244129994884,-0.06278662383556366]}},{"t":3.045975923538208,"j":false,"c":{"p":[274.38665771484375,137.34805297851562,-475.9684753417969],"r":[-0.04187111184000969,-1.3362332074162708e-10,0.9991230368614197,-4.171330836300058e-9,1,-4.107096260308474e-11,-0.9991230368614197,-4.169392386899062e-9,-0.04187111184000969]}},{"t":3.111079454421997,"j":false,"c":{"p":[272.45635986328125,136.83323669433594,-475.8876037597656],"r":[-0.04186753183603287,-5.266761249345109e-9,0.9991231560707092,-8.195351597350964e-8,1,1.837180962915852e-9,-0.9991231560707092,-8.180473543006883e-8,-0.04186753183603287]}},{"t":3.173738718032837,"j":false,"c":{"p":[270.46600341796875,135.66587829589844,-475.8041076660156],"r":[-0.041874680668115616,-4.255771735017788e-9,0.9991228580474854,-6.532543750381592e-8,1,1.521624493072693e-9,-0.9991228580474854,-6.520442497048862e-8,-0.041874680668115616]}},{"t":3.2393147945404053,"j":false,"c":{"p":[268.33465576171875,135.7275848388672,-475.7147521972656],"r":[-0.041869085282087326,5.707984751524009e-9,0.9991230964660645,8.855624145098773e-8,1,-2.0019714774832664e-9,-0.9991230964660645,8.839477061428624e-8,-0.041869085282087326]}},{"t":3.2851734161376953,"j":true,"c":{"p":[267.03155517578125,135.41326904296875,-475.66015625],"r":[-0.04187266156077385,2.500796014714979e-9,0.9991229772567749,3.838761486463227e-8,1,-8.941886675550847e-10,-0.9991229772567749,3.83165037476374e-8,-0.04187266156077385]}},{"t":3.2914133071899414,"j":true,"c":{"p":[266.77496337890625,135.856201171875,-475.6494140625],"r":[-0.04187087342143059,1.860046006108007e-9,0.9991230368614197,2.8366745397079285e-8,1,-6.728957391288759e-10,-0.9991230368614197,2.8313694500070596e-8,-0.04187087342143059]}},{"t":3.3065924644470215,"j":false,"c":{"p":[266.25531005859375,136.70802307128906,-475.62762451171875],"r":[-0.041867695748806,5.794723034746596e-10,0.9991231560707092,8.337857515527958e-9,1,-2.3058759068828039e-10,-0.9991231560707092,8.320892419533266e-9,-0.041867695748806]}},{"t":3.308753252029419,"j":true,"c":{"p":[266.25531005859375,136.70802307128906,-475.62762451171875],"r":[-0.041867695748806,5.794723034746596e-10,0.9991231560707092,8.337857515527958e-9,1,-2.3058759068828039e-10,-0.9991231560707092,8.320892419533266e-9,-0.041867695748806]}},{"t":3.3726043701171875,"j":false,"c":{"p":[264.12445068359375,139.57032775878906,-475.5382995605469],"r":[-0.04188027232885361,-4.532238584431525e-9,0.9991226196289062,-7.160672765849085e-8,1,1.534675497794069e-9,-0.9991226196289062,-7.147963287934544e-8,-0.04188027232885361]}},{"t":3.4393317699432373,"j":false,"c":{"p":[261.99310302734375,141.56063842773438,-475.4489440917969],"r":[-0.04187409579753876,-9.625532371160261e-9,0.9991229176521301,-1.5127855590435502e-7,1,3.2937688132506082e-9,-0.9991229176521301,-1.5100793859801342e-7,-0.04187409579753876]}},{"t":3.5063393115997314,"j":false,"c":{"p":[259.86175537109375,142.678955078125,-475.3595886230469],"r":[-0.04187318682670593,-2.5519868440682103e-9,0.9991229176521301,-3.995026887082531e-8,1,8.799133643933033e-10,-0.9991229176521301,-3.987838681496214e-8,-0.04187318682670593]}},{"t":3.5730748176574707,"j":false,"c":{"p":[257.73040771484375,142.92526245117188,-475.2702331542969],"r":[-0.04187585413455963,8.882863333781188e-9,0.9991227984428406,1.3980231017285405e-7,1,-3.0311810839123154e-9,-0.9991227984428406,1.395527533532004e-7,-0.04187585413455963]}},{"t":3.63431715965271,"j":false,"c":{"p":[255.7322540283203,142.3642120361328,-475.18646240234375],"r":[-0.04187355935573578,3.736014608790583e-9,0.9991229176521301,5.86670125812816e-8,1,-1.2805408955429698e-9,-0.9991229176521301,5.856193752151739e-8,-0.04187355935573578]}},{"t":3.6981217861175537,"j":false,"c":{"p":[253.73411560058594,141.03677368164062,-475.1026916503906],"r":[-0.04187208041548729,-1.394219628636506e-9,0.9991229772567749,-2.220861183843681e-8,1,4.6470635672868355e-10,-0.9991229772567749,-2.2169675872873995e-8,-0.04187208041548729]}},{"t":3.767620086669922,"j":false,"c":{"p":[251.4695587158203,138.6058349609375,-475.00775146484375],"r":[-0.0418706052005291,-7.18848358616242e-9,0.9991230368614197,-1.1355475493246558e-7,1,2.4360131689604714e-9,-0.9991230368614197,-1.1335317395833044e-7,-0.0418706052005291]}},{"t":3.834320306777954,"j":false,"c":{"p":[249.3382110595703,135.4186248779297,-474.91839599609375],"r":[-0.04187086597084999,-8.146769481243155e-9,0.9991230368614197,-1.2858205877819273e-7,1,2.765352391520537e-9,-0.9991230368614197,-1.2835350560180814e-7,-0.04187086597084999]}},{"t":3.9052674770355225,"j":false,"c":{"p":[247.2068634033203,131.35943603515625,-474.82904052734375],"r":[-0.04187096282839775,4.303288392293325e-9,0.9991230368614197,6.800859608802057e-8,1,-1.456981202352381e-9,-0.9991230368614197,6.78879459314885e-8,-0.04187096282839775]}},{"t":3.9721410274505615,"j":false,"c":{"p":[244.9423065185547,126.09109497070312,-474.7341003417969],"r":[-0.041870977729558945,5.38505418035129e-9,0.9991230368614197,8.503518245106534e-8,1,-1.8261491208093616e-9,-0.9991230368614197,8.488414948715217e-8,-0.041870977729558945]}},{"t":4.041414022445679,"j":false,"c":{"p":[242.8916015625,127.38087463378906,-474.64813232421875],"r":[-0.04187115281820297,1.987176256879053e-10,0.9991230368614197,3.058567177305349e-9,1,-7.071391389112947e-11,-0.9991230368614197,3.0529239136711794e-9,-0.04187115281820297]}},{"t":4.110828876495361,"j":false,"c":{"p":[240.62698364257812,127.90934753417969,-474.5577087402344],"r":[-0.013958889991044998,-3.525561842465663e-9,0.9999025464057922,-8.371589643729749e-8,1,2.3572104268509975e-9,-0.9999025464057922,-8.367483417259791e-8,-0.013958889991044998]}},{"t":4.1800267696380615,"j":false,"c":{"p":[238.50794982910156,127.59441375732422,-474.55975341796875],"r":[0.013965574093163013,-1.1607544925240632e-9,0.9999024868011475,-4.0123079969589526e-8,1,1.7212642422492763e-9,-0.9999024868011475,-4.014320609257993e-8,0.013965574093163013]}},{"t":4.242721319198608,"j":false,"c":{"p":[236.38943481445312,126.25096893310547,-474.58929443359375],"r":[0.013965574093163013,2.067147342188491e-9,0.9999024868011475,7.633035892240514e-8,1,-3.1334501660040814e-9,-0.9999024868011475,7.636667476162984e-8,0.013965574093163013]}},{"t":4.309032201766968,"j":false,"c":{"p":[234.3903045654297,126.31810760498047,-474.63916015625],"r":[0.07672291249036789,-1.5254667529163157e-9,0.9970524311065674,5.6344706678146395e-9,1,1.0964054109052768e-9,-0.9970524311065674,5.533743685504078e-9,0.07672291249036789]}},{"t":4.373704433441162,"j":false,"c":{"p":[232.34768676757812,125.91748809814453,-474.9689025878906],"r":[0.25544941425323486,5.823983517672104e-10,0.9668224453926086,-6.777867156415596e-8,1,1.7305787025634345e-8,-0.9668224453926086,-6.995069412596422e-8,0.25544941425323486]}},{"t":4.4006969928741455,"j":true,"c":{"p":[231.76849365234375,125.5056381225586,-475.1199645996094],"r":[0.25544893741607666,-1.4449320906440022e-10,0.9668225646018982,-9.482461393872654e-8,1,2.520352815338356e-8,-0.9668225646018982,-9.811678580717853e-8,0.25544893741607666]}},{"t":4.409351348876953,"j":true,"c":{"p":[231.58999633789062,125.94517517089844,-475.1669616699219],"r":[0.255448579788208,-3.866066633495535e-10,0.966822624206543,-1.0383223525423091e-7,1,2.7833857885184443e-8,-0.966822624206543,-1.0749747758609374e-7,0.255448579788208]}},{"t":4.417670488357544,"j":true,"c":{"p":[231.40428161621094,126.37108612060547,-475.21588134765625],"r":[0.2554492652416229,-6.285049702903223e-10,0.9668224453926086,-1.1283601253353481e-7,1,3.0463070288533345e-8,-0.9668224453926086,-1.1687416190397926e-7,0.2554492652416229]}},{"t":4.4397828578948975,"j":false,"c":{"p":[230.789794921875,127.56708526611328,-475.3786926269531],"r":[0.2621465027332306,4.007609355483055e-9,0.9650281071662903,-1.395319202401879e-7,1,3.375051704779253e-8,-0.9650281071662903,-1.4349980403949303e-7,0.2621465027332306]}},{"t":4.50663948059082,"j":false,"c":{"p":[228.80636596679688,130.15692138671875,-475.9057312011719],"r":[0.25544965267181396,1.4360148625769398e-8,0.9668223857879639,-8.81367654415044e-8,1,8.434182241501276e-9,-0.9668223857879639,-8.736710555012905e-8,0.25544965267181396]}},{"t":4.574032306671143,"j":false,"c":{"p":[226.82366943359375,131.80166625976562,-476.0536193847656],"r":[0.2555108666419983,0.00004214416185277514,0.966806173324585,0.000014896559150656685,1,-0.00004752803215524182,-0.966806173324585,0.000026546014851192012,0.2555108666419983]}},{"t":4.641049861907959,"j":false,"c":{"p":[224.8028106689453,132.5176239013672,-476.4021301269531],"r":[0.2554489076137543,-5.496447101904778e-7,0.9668225646018982,-1.771842192965778e-7,1,6.153209710646479e-7,-0.9668225646018982,-3.284887668542069e-7,0.2554489076137543]}},{"t":4.706321716308594,"j":false,"c":{"p":[222.7403106689453,132.36158752441406,-476.947021484375],"r":[0.25544869899749756,1.182138618105455e-7,0.966822624206543,1.885794986833389e-8,1,-1.272530170126629e-7,-0.966822624206543,5.0738911738790193e-8,0.25544869899749756]}},{"t":4.772880792617798,"j":false,"c":{"p":[220.6778106689453,131.3335418701172,-477.491943359375],"r":[0.25544869899749756,9.588418947714672e-8,0.966822624206543,-3.891440769621113e-8,1,-8.889278291235314e-8,-0.966822624206543,-1.491578238699276e-8,0.25544869899749756]}},{"t":4.840235710144043,"j":false,"c":{"p":[218.6153106689453,129.43348693847656,-478.036865234375],"r":[0.25544869899749756,7.363072285215821e-8,0.966822624206543,-9.648979215626241e-8,1,-5.0663409467688325e-8,-0.966822624206543,-8.034660936573346e-8,0.25544869899749756]}},{"t":4.907379388809204,"j":false,"c":{"p":[216.5528106689453,126.66145324707031,-478.581787109375],"r":[0.25544869899749756,5.145316706034464e-8,0.966822624206543,-1.538688678692779e-7,1,-1.2564417950500228e-8,-0.966822624206543,-1.4555433835994336e-7,0.25544869899749756]}},{"t":4.972878932952881,"j":false,"c":{"p":[214.4903106689453,123.01740264892578,-479.126708984375],"r":[0.25544869899749756,5.9232756477456405e-9,0.966822624206543,-7.251558997722896e-8,1,1.3033144341534353e-8,-0.966822624206543,-7.343901131662278e-8,0.25544869899749756]}},{"t":5.04210901260376,"j":false,"c":{"p":[212.2989044189453,118.19015502929688,-479.7056884765625],"r":[0.25544947385787964,-5.338957720368853e-8,0.9668223857879639,1.2602043852893985e-7,1,2.1925146143075835e-8,-0.9668223857879639,1.1623860984855128e-7,0.25544947385787964]}},{"t":5.106714248657227,"j":false,"c":{"p":[210.3671875,113.11331939697266,-480.22357177734375],"r":[0.28127321600914,1.3437631452006826e-8,0.9596277475357056,7.379731670198453e-8,1,-3.5633444639415757e-8,-0.9596277475357056,8.084068525704424e-8,0.28127321600914]}},{"t":5.1697375774383545,"j":false,"c":{"p":[208.45677185058594,107.27007293701172,-480.81475830078125],"r":[0.32159772515296936,1.3740024940034345e-7,0.9468764066696167,-7.673064850166611e-9,1,-1.4250288415951218e-7,-0.9468764066696167,3.85631544475018e-8,0.32159772515296936]}},{"t":5.232081413269043,"j":false,"c":{"p":[206.5765838623047,100.6604232788086,-481.4959716796875],"r":[0.36738157272338867,1.507277431755938e-7,0.9300702810287476,-2.5679771198383605e-8,1,-1.5191697855243547e-7,-0.9300702810287476,3.192750597236227e-8,0.36738157272338867]}},{"t":5.2936201095581055,"j":false,"c":{"p":[204.75137329101562,94.66783905029297,-482.31072998046875],"r":[0.4810228943824768,1.033865615340801e-7,0.8767080307006836,7.81929454518604e-9,1,-1.2221607903484255e-7,-0.8767080307006836,6.564396670682981e-8,0.4810228943824768]}},{"t":5.2965381145477295,"j":true,"c":{"p":[204.75137329101562,94.66783905029297,-482.31072998046875],"r":[0.4810228943824768,1.033865615340801e-7,0.8767080307006836,7.81929454518604e-9,1,-1.2221607903484255e-7,-0.8767080307006836,6.564396670682981e-8,0.4810228943824768]}},{"t":5.344285488128662,"j":true,"c":{"p":[203.50352478027344,95.85779571533203,-483.0792541503906],"r":[0.587786853313446,-7.382259070709551e-8,0.8090158104896545,1.0409361372865078e-8,1,8.368699866423412e-8,-0.8090158104896545,-4.076878212799784e-8,0.587786853313446]}},{"t":5.353065490722656,"j":true,"c":{"p":[203.17430114746094,96.51199340820312,-483.306396484375],"r":[0.599025309085846,-8.097441650534165e-8,0.8007301092147827,9.207246520759327e-9,1,9.423779800954435e-8,-0.8007301092147827,-4.907830231104526e-8,0.599025309085846]}},{"t":5.359441518783569,"j":false,"c":{"p":[202.95867919921875,96.93109130859375,-483.46319580078125],"r":[0.6203647255897522,-7.713801863928893e-8,0.7843134999275208,9.04048658156853e-9,1,9.12002988684435e-8,-0.7843134999275208,-4.948687148953468e-8,0.6203647255897522]}},{"t":5.3612964153289795,"j":true,"c":{"p":[202.95867919921875,96.93109130859375,-483.46319580078125],"r":[0.6203647255897522,-7.713801863928893e-8,0.7843134999275208,9.04048658156853e-9,1,9.12002988684435e-8,-0.7843134999275208,-4.948687148953468e-8,0.6203647255897522]}},{"t":5.425954580307007,"j":false,"c":{"p":[201.44090270996094,99.64005279541016,-484.764404296875],"r":[0.6690976619720459,1.1378756425983738e-7,0.7431744933128357,1.8564711989910165e-9,1,-1.5478158843507117e-7,-0.7431744933128357,1.0494368041236157e-7,0.6690976619720459]}},{"t":5.4928038120269775,"j":false,"c":{"p":[199.8751678466797,101.68486785888672,-486.2129211425781],"r":[0.7138547301292419,7.112644340168117e-8,0.700293779373169,-6.1090741354519196e-9,1,-9.533920319881872e-8,-0.700293779373169,6.3780191794649e-8,0.7138547301292419]}},{"t":5.558806896209717,"j":false,"c":{"p":[198.43870544433594,102.85767364501953,-487.78759765625],"r":[0.8236919641494751,1.353540142190468e-7,0.5670375227928162,1.150627060297893e-8,1,-2.55418058259238e-7,-0.5670375227928162,2.169102941707024e-7,0.8236919641494751]}},{"t":5.623629331588745,"j":false,"c":{"p":[197.30760192871094,103.15848541259766,-489.5949401855469],"r":[0.8589560389518738,7.005404256688053e-8,0.5120493769645691,1.0331306476984992e-8,1,-1.5414173049066449e-7,-0.5120493769645691,1.376911171746542e-7,0.8589560389518738]}},{"t":5.690917730331421,"j":false,"c":{"p":[196.2403106689453,102.58728790283203,-491.4419250488281],"r":[0.8762214183807373,4.182334478741723e-8,0.48190876841545105,1.5333794678440427e-8,1,-1.146672303775631e-7,-0.48190876841545105,1.078633715678734e-7,0.8762214183807373]}},{"t":5.756221294403076,"j":false,"c":{"p":[195.21241760253906,101.14409637451172,-493.3114929199219],"r":[0.8763083219528198,6.37397192804201e-8,0.4817506670951843,2.6284819654165403e-8,1,-1.801208213692007e-7,-0.4817506670951843,1.7050410860974807e-7,0.8763083219528198]}},{"t":5.823208570480347,"j":false,"c":{"p":[194.2344207763672,98.82889556884766,-495.2071228027344],"r":[0.8957036137580872,6.708481947725886e-8,0.44465163350105286,1.0460127874978298e-8,1,-1.7194132340137003e-7,-0.44465163350105286,1.5865957436744793e-7,0.8957036137580872]}},{"t":5.8890252113342285,"j":false,"c":{"p":[193.30282592773438,95.6417007446289,-497.1260986328125],"r":[0.9048250913619995,1.4321928532012862e-8,0.4257834851741791,-4.893819571805125e-9,1,-2.3236875534848878e-8,-0.4257834851741791,1.8941600288258087e-8,0.9048250913619995]}},{"t":5.957013845443726,"j":false,"c":{"p":[192.39456176757812,95.28071594238281,-499.0562744140625],"r":[0.9048285484313965,-2.9682309943268592e-8,0.42577609419822693,-1.5758594429371442e-8,1,1.0320244570038994e-7,-0.42577609419822693,-1.0009015483092298e-7,0.9048285484313965]}},{"t":6.022632837295532,"j":false,"c":{"p":[191.52694702148438,95.368896484375,-501.0049133300781],"r":[0.92718505859375,5.562244442813835e-9,0.3746036887168884,6.287549592087771e-9,1,-3.041071749976254e-8,-0.3746036887168884,3.055169983667838e-8,0.92718505859375]}},{"t":6.089562892913818,"j":false,"c":{"p":[190.8148956298828,95.37673950195312,-503.0152587890625],"r":[0.9488770961761475,1.3463249182166237e-8,0.31564581394195557,5.9228639770481095e-9,1,-6.045801370646586e-8,-0.31564581394195557,5.92367506158098e-8,0.9488770961761475]}},{"t":6.156443119049072,"j":false,"c":{"p":[190.1415557861328,95.37743377685547,-505.0396728515625],"r":[0.9488770365715027,-1.2157904016874e-8,0.3156459331512451,-1.4887015176157092e-8,1,8.327004508146274e-8,-0.3156459331512451,-8.371205950652438e-8,0.9488770365715027]}},{"t":6.224808216094971,"j":false,"c":{"p":[189.47830200195312,95.37747192382812,-507.0672607421875],"r":[0.9510574340820312,-3.0182825128122204e-9,0.309014230966568,4.804899811361452e-10,1,8.288644437470793e-9,-0.309014230966568,-7.73449837510043e-9,0.9510574340820312]}},{"t":6.296480894088745,"j":false,"c":{"p":[188.77792358398438,95.37747192382812,-509.2228698730469],"r":[0.9510575532913208,9.549225410410145e-9,0.3090137839317322,1.5550659426821767e-8,1,-7.876282381857891e-8,-0.3090137839317322,7.971334525791463e-8,0.9510575532913208]}},{"t":6.364262104034424,"j":false,"c":{"p":[188.07754516601562,95.37747192382812,-511.37847900390625],"r":[0.9510573744773865,-5.066707498002643e-9,0.3090142607688904,-1.4163928696575567e-8,1,5.99888707597529e-8,-0.3090142607688904,-6.142971642475459e-8,0.9510573744773865]}},{"t":6.431558847427368,"j":false,"c":{"p":[187.3977813720703,95.37747192382812,-513.4005126953125],"r":[0.9443773031234741,-3.917249191687233e-9,0.3288639783859253,-6.911251126950901e-9,1,3.175804863531084e-8,-0.3288639783859253,-3.226444178494603e-8,0.9443773031234741]}},{"t":6.4997804164886475,"j":false,"c":{"p":[186.6961669921875,95.37747192382812,-515.4151611328125],"r":[0.9443774223327637,1.0159363128536825e-8,0.3288637101650238,2.469334781096677e-8,1,-1.0180266940551519e-7,-0.3288637101650238,1.042608843704329e-7,0.9443774223327637]}},{"t":6.510590314865112,"j":true,"c":{"p":[186.60845947265625,95.37747192382812,-515.6669921875],"r":[0.9443774223327637,8.659249317588547e-9,0.3288637101650238,2.0826346869284862e-8,1,-8.613653790234821e-8,-0.3288637101650238,8.819442598451133e-8,0.9443774223327637]}},{"t":6.51813268661499,"j":true,"c":{"p":[186.520751953125,95.81700897216797,-515.9188232421875],"r":[0.9443774223327637,7.159776771459292e-9,0.3288637101650238,1.6960996163106756e-8,1,-7.047709260632473e-8,-0.3288637101650238,7.213483144141719e-8,0.9443774223327637]}},{"t":6.526648759841919,"j":true,"c":{"p":[186.38919067382812,96.45076751708984,-516.2965698242188],"r":[0.9443774223327637,4.911765660864376e-9,0.3288637101650238,1.1166067181989092e-8,1,-4.7000462188862e-8,-0.3288637101650238,4.805828979215221e-8,0.9443774223327637]}},{"t":6.566366672515869,"j":false,"c":{"p":[185.9815216064453,98.16812133789062,-517.425048828125],"r":[0.9324125647544861,9.196409855860566e-9,0.3613956570625305,-5.653080670242616e-9,1,-1.0861798571681902e-8,-0.3613956570625305,8.084678704278758e-9,0.9324125647544861]}},{"t":6.633530616760254,"j":false,"c":{"p":[185.13265991210938,100.65921020507812,-519.5266723632812],"r":[0.9193382263183594,8.056430544911564e-8,0.3934682607650757,-2.582316405153051e-8,1,-1.4441847895341198e-7,-0.3934682607650757,1.226088244266066e-7,0.9193382263183594]}},{"t":6.699673414230347,"j":false,"c":{"p":[184.30633544921875,102.03973388671875,-521.3475952148438],"r":[0.8959203362464905,5.86292046023118e-8,0.4442148208618164,4.815022158766169e-9,1,-1.416951391775001e-7,-0.4442148208618164,1.290864588554541e-7,0.8959203362464905]}},{"t":6.764067649841309,"j":false,"c":{"p":[183.35841369628906,102.66754150390625,-523.2589721679688],"r":[0.8957130908966064,1.0987094789527418e-8,0.44463256001472473,3.802057690904803e-8,1,-1.0130302285915604e-7,-0.44463256001472473,1.0764362912141223e-7,0.8957130908966064]}},{"t":6.831690549850464,"j":false,"c":{"p":[182.39259338378906,102.42334747314453,-525.1611328125],"r":[0.8863238096237183,-2.3213091893126148e-8,0.463066041469574,7.209821006881612e-8,1,-8.786925320691807e-8,-0.463066041469574,1.1126684285045485e-7,0.8863238096237183]}},{"t":6.898631811141968,"j":false,"c":{"p":[181.39537048339844,101.30715942382812,-527.047119140625],"r":[0.8829492926597595,-3.937780235219179e-8,0.4694683849811554,1.085374989884258e-7,1,-1.202536878963656e-7,-0.4694683849811554,1.571328311911202e-7,0.8829492926597595]}},{"t":6.965318441390991,"j":false,"c":{"p":[180.37130737304688,99.31896209716797,-528.9185180664062],"r":[0.8695313334465027,1.0830887298141079e-8,0.4938777983188629,3.1242059606029216e-8,1,-7.693570580613596e-8,-0.4938777983188629,8.232776593786184e-8,0.8695313334465027]}},{"t":7.030445575714111,"j":false,"c":{"p":[179.30836486816406,96.45877075195312,-530.7681884765625],"r":[0.8626421093940735,1.1493365548176371e-7,0.505814790725708,-1.122115591556394e-7,1,-3.585352104096273e-8,-0.505814790725708,-2.582950919816085e-8,0.8626421093940735]}},{"t":7.094688892364502,"j":false,"c":{"p":[178.2967529296875,94.28194427490234,-532.4933471679688],"r":[0.8625150918960571,-1.627837242779151e-8,0.5060312747955322,-1.5998204982992092e-9,1,3.489555311375625e-8,-0.5060312747955322,-3.090750055889657e-8,0.8625150918960571]}},{"t":7.163621664047241,"j":false,"c":{"p":[177.193603515625,94.45535278320312,-534.3191528320312],"r":[0.848049521446228,-5.494413102269391e-8,0.5299170017242432,4.7404121517047315e-8,1,2.7821508652436933e-8,-0.5299170017242432,1.526231807602585e-9,0.848049521446228]}},{"t":7.234076976776123,"j":false,"c":{"p":[175.96212768554688,94.47390747070312,-536.2220458984375],"r":[0.8329232335090637,5.411585846104572e-8,0.5533885955810547,-1.2684459704814799e-8,1,-7.869818574590681e-8,-0.5533885955810547,5.85301123123827e-8,0.8329232335090637]}},{"t":7.304140567779541,"j":false,"c":{"p":[174.69827270507812,94.47531127929688,-538.1036376953125],"r":[0.8290391564369202,9.714641535651936e-9,0.559190571308136,-1.0869037225802458e-8,1,-1.2585757991345758e-9,-0.559190571308136,-5.034454630958862e-9,0.8290391564369202]}},{"t":7.367098808288574,"j":false,"c":{"p":[173.56643676757812,94.47540283203125,-539.7523193359375],"r":[0.7880129218101501,-5.8716778994494234e-8,0.615658700466156,9.64431468020166e-9,1,8.302804133109021e-8,-0.615658700466156,-5.948956172119324e-8,0.7880129218101501]}},{"t":7.433288097381592,"j":false,"c":{"p":[172.0818328857422,94.47540283203125,-541.2706909179688],"r":[0.5120456218719482,1.8364344711585545e-8,0.8589582443237305,2.7816771108746252e-8,1,-3.796203174033508e-8,-0.8589582443237305,4.333173819759395e-8,0.5120456218719482]}},{"t":7.49908447265625,"j":false,"c":{"p":[170.10574340820312,94.47540283203125,-542.0364990234375],"r":[0.2079138606786728,4.2866833638299795e-8,0.9781471490859985,3.243601298663634e-8,1,-5.0719087596462487e-8,-0.9781471490859985,4.2272393585562895e-8,0.2079138606786728]}}]}