{"v":1,"name":"macro1_macro2_merged","d":[{"t":0.06668424606323242,"c":{"r":[0.8251127600669861,-2.8320775058432446e-8,0.5649681091308594,2.1851995768429333e-8,1,1.8214150188100575e-8,-0.5649681091308594,-2.6830473398575805e-9,0.8251127600669861],"p":[170.44534301757812,94.47541046142578,-544.6986083984375]},"j":false},{"t":0.13318991661071777,"c":{"r":[0.7493863701820374,0.00004216061279294081,0.662132978439331,0.000008059184438025113,1,-0.00007279512647073716,-0.662132978439331,0.00005988792690914124,0.7493863701820374],"p":[170.26722717285156,94.47541046142578,-544.6887817382812]},"j":false},{"t":0.20030570030212402,"c":{"r":[0.4189230501651764,0.00005454111669678241,0.9080217480659485,0.000006826583557995036,1,-0.00006321536784525961,-0.9080217480659485,0.0000326810622937046,0.4189230501651764],"p":[168.20266723632812,94.47541046142578,-544.5735473632812]},"j":false},{"t":0.2677171230316162,"c":{"r":[0.2145155966281891,0.00001914011409098748,0.9767205715179443,0.0000017146586515082163,1,-0.000019972892914665863,-0.9767205715179443,0.000005959239388175774,0.2145155966281891],"p":[166.0725860595703,94.47541046142578,-544.4541015625]},"j":false},{"t":0.33490920066833496,"c":{"r":[0.09583274275064468,0.0000060657880567305256,0.9953974485397339,4.2939956301779603e-7,1,-0.000006135176136012888,-0.9953974485397339,0.0000010153740959140123,0.09583274275064468],"p":[163.94264221191406,94.47541046142578,-544.3353881835938]},"j":false},{"t":0.3751850128173828,"c":{"r":[0.053394071757793427,0.0000031811068765819073,0.9985735416412354,2.0838685088619968e-7,1,-0.0000031967936138244113,-0.9985735416412354,3.7877944691899756e-7,0.053394071757793427],"p":[162.76284790039062,94.38151550292969,-544.2694702148438]},"j":true},{"t":0.3807857036590576,"c":{"r":[0.04508492350578308,0.000003987835953012109,0.9989831447601318,2.44758098233433e-7,1,-0.0000040029412957665045,-0.9989831447601318,4.24981493551968e-7,0.04508492350578308],"p":[162.5087127685547,94.82105255126953,-544.2551879882812]},"j":true},{"t":0.3869814872741699,"c":{"r":[0.04126108065247536,0.000004299625288695097,0.999148428440094,2.6509121653361944e-7,1,-0.000004314237230573781,-0.999148428440094,4.428755460139655e-7,0.04126108065247536],"p":[162.37918090820312,95.03571319580078,-544.2479248046875]},"j":true},{"t":0.40159153938293457,"c":{"r":[0.027845829725265503,0.000003760946583497571,0.9996122121810913,2.510812180389621e-7,1,-0.000003769399654629524,-0.9996122121810913,3.559459287316713e-7,0.027845829725265503],"p":[161.8488006591797,95.86029052734375,-544.21826171875]},"j":false},{"t":0.46660733222961426,"c":{"r":[-0.009161258116364479,9.021035793921328e-7,0.9999580383300781,5.545084746927387e-8,1,-9.016334274747351e-7,-0.9999580383300781,4.71884256114663e-8,-0.009161258116364479],"p":[159.71875,98.61360168457031,-544.0992431640625]},"j":false},{"t":0.532987117767334,"c":{"r":[-0.028856342658400536,3.082184036884428e-7,0.9995835423469543,1.7872672231078468e-8,1,-3.078308452586498e-7,-0.9995835423469543,8.982356192177576e-9,-0.028856342658400536],"p":[157.72174072265625,100.40287780761719,-543.9876098632812]},"j":false},{"t":0.5930013656616211,"c":{"r":[-0.0402623787522316,1.7859066758774134e-7,0.9991891384124756,9.817829216274276e-9,1,-1.7833998811056517e-7,-0.9991891384124756,2.6294766364287625e-9,-0.0402623787522316],"p":[155.7247314453125,101.42574310302734,-543.8759155273438]},"j":false},{"t":0.6584138870239258,"c":{"r":[-0.04714176058769226,1.6180736395199347e-7,0.9988881945610046,8.62571347681751e-9,1,-1.6158037396962754e-7,-0.9988881945610046,9.989397087295515e-10,-0.04714176058769226],"p":[153.5946044921875,101.67205047607422,-543.7568359375]},"j":false},{"t":0.7244389057159424,"c":{"r":[-0.05079749971628189,1.583262871918123e-7,0.998708963394165,8.256773043058274e-9,1,-1.58110992742877e-7,-0.998708963394165,2.1447037201749453e-10,-0.05079749971628189],"p":[151.5976104736328,101.11100769042969,-543.6451416015625]},"j":false},{"t":0.7914643287658691,"c":{"r":[-0.053123194724321365,6.5277930616503e-8,0.998587965965271,3.1724662896692735e-9,1,-6.52014620072805e-8,-0.998587965965271,-2.957234179756796e-10,-0.053123194724321365],"p":[149.3343505859375,99.54866027832031,-543.5185546875]},"j":false},{"t":0.8594543933868408,"c":{"r":[-0.05431625619530678,1.743547528576528e-8,0.9985237717628479,1.94828903010702e-10,1,-1.7450652478601114e-8,-0.9985237717628479,-7.533128565384573e-10,-0.05431625619530678],"p":[147.20420837402344,97.17896270751953,-543.3994140625]},"j":false},{"t":0.927769660949707,"c":{"r":[-0.05498924478888512,-8.995393763200354e-9,0.9984869360923767,-1.7152070874715264e-9,1,8.914564197937125e-9,-0.9984869360923767,-1.2224067313937326e-9,-0.05498924478888512],"p":[145.07408142089844,93.93727111816406,-543.2802734375]},"j":false},{"t":0.9921736717224121,"c":{"r":[-0.05536287650465965,-2.8637042959189785e-8,0.9984663128852844,-3.2824687412613685e-9,1,2.8499023585482064e-8,-0.9984663128852844,-1.6996465346252876e-9,-0.05536287650465965],"p":[142.94395446777344,89.82357788085938,-543.1611328125]},"j":false},{"t":1.055208683013916,"c":{"r":[-0.05582418292760849,-4.515523954751188e-8,0.9984406232833862,-4.649787666011207e-9,1,4.496578753787617e-8,-0.9984406232833862,-2.132358511985899e-9,-0.05582418292760849],"p":[140.94696044921875,85.17504119873047,-543.0494384765625]},"j":false},{"t":1.118605375289917,"c":{"r":[-0.05582248046994209,-6.14448296687442e-8,0.998440682888031,-6.000116403725997e-9,1,6.120531992337419e-8,-0.998440682888031,-2.5741275777591e-9,-0.05582248046994209],"p":[138.94996643066406,79.76009368896484,-542.937744140625]},"j":false},{"t":1.1827278137207031,"c":{"r":[-0.05582254007458687,-7.876290197827984e-8,0.998440682888031,-7.4356427681721016e-9,1,7.847018679285611e-8,-0.998440682888031,-3.043643115319128e-9,-0.05582254007458687],"p":[136.81983947753906,73.139404296875,-542.818603515625]},"j":false},{"t":1.2494618892669678,"c":{"r":[-0.05582248046994209,-9.602182871049081e-8,0.998440682888031,-8.866237521942821e-9,1,9.56760857206973e-8,-0.998440682888031,-3.5115361729509686e-9,-0.05582248046994209],"p":[134.68971252441406,65.64671325683594,-542.699462890625]},"j":false},{"t":1.3170719146728516,"c":{"r":[-0.055822305381298065,-1.1322183723905255e-7,0.9984407424926758,-1.0291911323179193e-8,1,1.128232440805732e-7,-0.9984407424926758,-3.977809637234486e-9,-0.055822305381298065],"p":[132.55958557128906,57.28203582763672,-542.580322265625]},"j":false},{"t":1.3833951950073242,"c":{"r":[-0.06278958171606064,-1.0810384054593669e-7,0.9980267882347107,-1.057847498486808e-8,1,1.0765204194740363e-7,-0.9980267882347107,-3.798174663671716e-9,-0.06278958171606064],"p":[130.43023681640625,50.54948806762695,-542.4525756835938]},"j":false},{"t":1.4279844760894775,"c":{"r":[-0.0836792141199112,-9.802322153973364e-8,0.9964927434921265,-1.036555108413495e-8,1,9.749778939749376e-8,-0.9964927434921265,-2.170657653621788e-9,-0.0836792141199112],"p":[129.10536193847656,50.909515380859375,-542.3614501953125]},"j":true},{"t":1.4351012706756592,"c":{"r":[-0.10452987253665924,-9.703403236471786e-8,0.9945217370986938,-1.031173368915006e-8,1,9.648471177570173e-8,-0.9945217370986938,-1.6970896909995759e-10,-0.10452987253665924],"p":[128.97332763671875,51.13098907470703,-542.3504638671875]},"j":true},{"t":1.4513049125671387,"c":{"r":[-0.1112222969532013,-9.134130607435509e-8,0.9937955737113953,-9.97349136611092e-9,1,9.079536766876117e-8,-0.9937955737113953,1.8685802904983007e-10,-0.1112222969532013],"p":[128.31231689453125,52.187259674072266,-542.2911376953125]},"j":false},{"t":1.45369291305542,"c":{"r":[-0.1112222969532013,-9.134130607435509e-8,0.9937955737113953,-9.97349136611092e-9,1,9.079536766876117e-8,-0.9937955737113953,1.8685802904983007e-10,-0.1112222969532013],"p":[128.31231689453125,52.187259674072266,-542.2911376953125]},"j":true},{"t":1.502992868423462,"c":{"r":[-0.19277960062026978,1.0365434377490601e-7,0.9812420606613159,4.774084683134561e-9,1,-1.0469791078548951e-7,-0.9812420606613159,-1.5499090011417138e-8,-0.19277960062026978],"p":[126.72725677490234,54.3748664855957,-542.075927734375]},"j":true},{"t":1.5164463520050049,"c":{"r":[-0.24726474285125732,1.903029414052071e-7,0.9689479470252991,1.175533093089598e-8,1,-1.9340177459525876e-7,-0.9689479470252991,-3.643113899443051e-8,-0.24726474285125732],"p":[126.2052230834961,54.99506759643555,-541.9676513671875]},"j":false},{"t":1.583108901977539,"c":{"r":[-0.40525421500205994,1.720192557286282e-7,0.9142040014266968,9.216992502558696e-9,1,-1.8407710911105823e-7,-0.9142040014266968,-6.617181469437128e-8,-0.40525421500205994],"p":[124.1826171875,56.930870056152344,-541.2957153320312]},"j":false},{"t":1.650989294052124,"c":{"r":[-0.6197578310966492,1.7351491976569378e-7,0.7847931385040283,1.0335017286422499e-8,1,-2.1293473650985106e-7,-0.7847931385040283,-1.2385712011564465e-7,-0.6197578310966492],"p":[122.33881378173828,57.99467468261719,-540.2359619140625]},"j":false},{"t":1.7168991565704346,"c":{"r":[-0.6374239921569824,1.1102785180128194e-7,0.7705132365226746,7.866724160976446e-9,1,-1.3758804584540485e-7,-0.7705132365226746,-8.16405076875526e-8,-0.6374239921569824],"p":[120.68870544433594,58.186485290527344,-538.8843383789062]},"j":false},{"t":1.7836995124816895,"c":{"r":[-0.6374247670173645,5.795207513870082e-8,0.770512580871582,6.436156940736737e-9,1,-6.98879034644051e-8,-0.770512580871582,-3.95891426308026e-8,-0.6374247670173645],"p":[119.04490661621094,57.50629425048828,-537.5249633789062]},"j":false},{"t":1.8446755409240723,"c":{"r":[-0.6268233060836792,2.362848228187886e-8,0.7791614532470703,5.79046899318314e-9,1,-2.5667185710176454e-8,-0.7791614532470703,-1.1577079739311102e-8,-0.6268233060836792],"p":[117.91278839111328,56.53282928466797,-536.5927734375]},"j":false},{"t":1.9087681770324707,"c":{"r":[-0.559597373008728,1.2418372818956414e-7,0.8287646174430847,4.788359042606771e-9,1,-1.4660878377981135e-7,-0.8287646174430847,-7.807346946719917e-8,-0.559597373008728],"p":[115.88619232177734,53.880619049072266,-535.07421875]},"j":false},{"t":1.975104570388794,"c":{"r":[-0.5120527148246765,1.068643982193862e-7,0.8589540123939514,5.0940016649292374e-9,1,-1.2137553540014778e-7,-0.8589540123939514,-5.7775153550210234e-8,-0.5120527148246765],"p":[114.20011138916016,50.91817092895508,-533.9989624023438]},"j":false},{"t":2.041975736618042,"c":{"r":[-0.5060343146324158,4.806829423387171e-8,0.8625133633613586,6.432601562522677e-9,1,-5.195650132350238e-8,-0.8625133633613586,-2.074356686421197e-8,-0.5060343146324158],"p":[112.24687957763672,49.71142578125,-532.8495483398438]},"j":false},{"t":2.107943058013916,"c":{"r":[-0.5060350894927979,-3.986244667686378e-9,0.8625128865242004,7.608537799796977e-9,1,9.085582064471964e-9,-0.8625128865242004,1.1160085300332412e-8,-0.5060350894927979],"p":[110.52202606201172,49.78001022338867,-531.837890625]},"j":false},{"t":2.175241470336914,"c":{"r":[-0.5060356855392456,-6.278003894522044e-8,0.8625125288963318,8.936758000288592e-9,1,7.80305811076687e-8,-0.8625125288963318,4.719432666888679e-8,-0.5060356855392456],"p":[108.56719207763672,49.75252151489258,-530.6913452148438]},"j":false},{"t":2.2355427742004395,"c":{"r":[-0.5060356855392456,-9.652787724689915e-8,0.8625125288963318,8.785445260173219e-9,1,1.1706917035780862e-7,-0.8625125288963318,6.681873543357142e-8,-0.5060356855392456],"p":[106.95732879638672,49.7295036315918,-529.7471313476562]},"j":false},{"t":2.300600290298462,"c":{"r":[-0.5060356855392456,8.024289144259455e-8,0.8625125288963318,-9.800776190616034e-9,1,-9.878399254148462e-8,-0.8625125288963318,-5.844151829137445e-8,-0.5060356855392456],"p":[105.11748504638672,49.70319747924805,-528.6680297851562]},"j":false},{"t":2.3660528659820557,"c":{"r":[-0.5060356855392456,3.052246810852921e-8,0.8625125288963318,-2.090670969678854e-9,1,-3.661445191482926e-8,-0.8625125288963318,-2.0331448524757434e-8,-0.5060356855392456],"p":[103.39263153076172,49.67853546142578,-527.6563720703125]},"j":false},{"t":2.4332377910614014,"c":{"r":[-0.5060355067253113,-2.2337276917028248e-8,0.8625126481056213,6.106276817519074e-9,1,2.9480460739250702e-8,-0.8625126481056213,2.0184900861863753e-8,-0.5060355067253113],"p":[101.55403137207031,49.682987213134766,-526.5778198242188]},"j":false},{"t":2.4457948207855225,"c":{"r":[-0.5060355067253113,-3.2228378188392526e-8,0.8625126481056213,7.640093890870503e-9,1,4.184812496532686e-8,-0.8625126481056213,2.7766313692723088e-8,-0.5060355067253113],"p":[101.21026611328125,49.700592041015625,-526.3761596679688]},"j":true},{"t":2.4544761180877686,"c":{"r":[-0.5060355067253113,-3.8818924963379686e-8,0.8625126481056213,8.662093264888426e-9,1,5.00888326371296e-8,-0.8625126481056213,3.281789062725693e-8,-0.5060355067253113],"p":[100.98110961914062,50.140132904052734,-526.2417602539062]},"j":true},{"t":2.4609811305999756,"c":{"r":[-0.5118300914764404,-4.4618044370281496e-8,0.8590866923332214,9.672753265022038e-9,1,5.7699473643424426e-8,-0.8590866923332214,3.7842060152115664e-8,-0.5118300914764404],"p":[100.7513198852539,50.56604766845703,-526.10693359375]},"j":true},{"t":2.5014262199401855,"c":{"r":[-0.5120435953140259,-6.804165764151549e-8,0.8589594960212708,1.5043303491779625e-8,1,8.818167884783179e-8,-0.8589594960212708,5.8074448361367104e-8,-0.5120435953140259],"p":[99.60580444335938,52.49123764038086,-525.4246215820312]},"j":false},{"t":2.569737195968628,"c":{"r":[-0.5180272459983826,-9.068110529142359e-8,0.8553640842437744,2.413531419165338e-8,1,1.2063149767982395e-7,-0.8553640842437744,8.313488564226645e-8,-0.5180272459983826],"p":[97.7797622680664,54.86304473876953,-524.3212890625]},"j":false},{"t":2.637268304824829,"c":{"r":[-0.38875579833984375,1.7308762778611708e-7,0.921340823173523,2.904226548139377e-8,1,-1.756106655648182e-7,-0.921340823173523,-4.151183929934632e-8,-0.38875579833984375],"p":[95.93571472167969,56.36285400390625,-523.25]},"j":false},{"t":2.698047399520874,"c":{"r":[-0.174115851521492,2.6644266881703516e-7,0.9847251772880554,1.334390642426797e-8,1,-2.682162403289112e-7,-0.9847251772880554,-3.356061739623328e-8,-0.174115851521492],"p":[94.04376983642578,56.97697067260742,-522.6299438476562]},"j":false},{"t":2.7613565921783447,"c":{"r":[-0.17364941537380219,-1.2605221400008304e-7,0.984807550907135,-4.654655771929583e-9,1,1.2717605102352536e-7,-0.984807550907135,1.7500106253010017e-8,-0.17364941537380219],"p":[92.07433319091797,56.82468032836914,-522.2818603515625]},"j":false},{"t":2.8265843391418457,"c":{"r":[-0.200642928481102,-9.315597537806752e-8,0.9796644449234009,-9.987617843876251e-9,1,9.304413595145888e-8,-0.9796644449234009,8.884134317099779e-9,-0.200642928481102],"p":[89.97547149658203,55.81748580932617,-521.9002685546875]},"j":false},{"t":2.892272710800171,"c":{"r":[-0.22808916866779327,8.502316006797628e-8,0.9736402630805969,-4.409418163930923e-9,1,-8.83579929222833e-8,-0.9736402630805969,-2.444668822931817e-8,-0.22808916866779327],"p":[87.89070892333984,53.938289642333984,-521.4480590820312]},"j":false},{"t":2.959749221801758,"c":{"r":[-0.22835150361061096,9.282388191422797e-8,0.9735787510871887,5.37012478929455e-9,1,-9.408340417849104e-8,-0.9735787510871887,-1.6255848223067915e-8,-0.22835150361061096],"p":[85.8148193359375,52.56958770751953,-520.9617919921875]},"j":false},{"t":3.0249016284942627,"c":{"r":[-0.2957095205783844,4.922420870911992e-8,0.9552779197692871,1.3456292080604726e-8,1,-4.736324044074536e-8,-0.9552779197692871,-1.151262307708123e-9,-0.2957095205783844],"p":[83.75223541259766,51.90335464477539,-520.4317016601562]},"j":false},{"t":3.091500997543335,"c":{"r":[-0.30901890993118286,6.353945369852454e-9,0.9510558843612671,1.9190450117889668e-8,1,-4.4553982725403785e-10,-0.9510558843612671,1.8113510691364354e-8,-0.30901890993118286],"p":[81.7220230102539,51.02513885498047,-519.7808227539062]},"j":false},{"t":3.158637762069702,"c":{"r":[-0.31565120816230774,-3.350384503164605e-8,0.9488753080368042,2.4369848361516233e-8,1,4.3415841588512194e-8,-0.9488753080368042,3.682820803874165e-8,-0.31565120816230774],"p":[79.82061004638672,51.11167526245117,-519.16064453125]},"j":false},{"t":3.2257773876190186,"c":{"r":[-0.400350958108902,-7.421812853181109e-8,0.9163618683815002,2.784725872118088e-8,1,9.315839832879647e-8,-0.9163618683815002,6.281422315623786e-8,-0.400350958108902],"p":[77.69213104248047,51.12183380126953,-518.3834228515625]},"j":false},{"t":3.2928388118743896,"c":{"r":[-0.5000014305114746,-6.800092933190172e-8,0.8660246133804321,1.7024758491857028e-8,1,8.835007037077958e-8,-0.8660246133804321,5.891902077337363e-8,-0.5000014305114746],"p":[75.7767562866211,51.12259292602539,-517.4467163085938]},"j":false},{"t":3.3034403324127197,"c":{"r":[-0.5060352087020874,-4.6042863743878115e-8,0.8625128269195557,1.0863204558120287e-8,1,5.975566352844908e-8,-0.8625128269195557,3.960812477998843e-8,-0.5060352087020874],"p":[75.5452651977539,51.12261199951172,-517.3143310546875]},"j":true},{"t":3.3150737285614014,"c":{"r":[-0.5060352087020874,-2.450698843858845e-8,0.8625128269195557,4.704284073397957e-9,1,3.117347446845997e-8,-0.8625128269195557,1.9832381070727934e-8,-0.5060352087020874],"p":[75.31401824951172,51.56215286254883,-517.1815185546875]},"j":true},{"t":3.322988510131836,"c":{"r":[-0.5175995826721191,-4.729068803221992e-10,0.8556229472160339,-9.179967896955077e-10,1,-2.627166496502187e-12,-0.8556229472160339,-7.868189433324346e-10,-0.5175995826721191],"p":[75.08369445800781,51.988067626953125,-517.047119140625]},"j":true},{"t":3.353729724884033,"c":{"r":[-0.5640692114830017,1.2015438244361576e-7,0.8257275223731995,-3.1936260302956043e-9,1,-1.476949762491131e-7,-0.8257275223731995,-8.594726352839643e-8,-0.5640692114830017],"p":[74.06633758544922,53.73606491088867,-516.4110107421875]},"j":false},{"t":3.4169139862060547,"c":{"r":[-0.6372370719909668,1.196469980868642e-7,0.7706678509712219,1.1347741413203494e-8,1,-1.45868014556072e-7,-0.7706678509712219,-8.420716568480202e-8,-0.6372370719909668],"p":[72.58183288574219,55.906768798828125,-515.2810668945312]},"j":false},{"t":3.4188241958618164,"c":{"r":[-0.6372370719909668,1.196469980868642e-7,0.7706678509712219,1.1347741413203494e-8,1,-1.45868014556072e-7,-0.7706678509712219,-8.420716568480202e-8,-0.6372370719909668],"p":[72.58183288574219,55.906768798828125,-515.2810668945312]},"j":true},{"t":3.4863994121551514,"c":{"r":[-0.7087326049804688,1.2978505026239873e-7,0.705477237701416,1.2044695907320602e-8,1,-1.718674553785604e-7,-0.705477237701416,-1.1331081140042443e-7,-0.7087326049804688],"p":[70.87422943115234,57.645084381103516,-513.791748046875]},"j":false},{"t":3.5475547313690186,"c":{"r":[-0.7790645956993103,1.1925791909561667e-7,0.6269437074661255,8.80048833806768e-9,1,-1.7928526574451098e-7,-0.6269437074661255,-1.3415738919775322e-7,-0.7790645956993103],"p":[69.53573608398438,58.36138916015625,-512.3076782226562]},"j":false},{"t":3.6153838634490967,"c":{"r":[-0.7836909294128418,-2.303761070798771e-10,0.6211509704589844,2.44864184484328e-10,1,6.798249740924689e-10,-0.6211509704589844,6.848702716055755e-10,-0.7836909294128418],"p":[68.20423126220703,58.280696868896484,-510.6408996582031]},"j":false},{"t":3.681363344192505,"c":{"r":[-0.7836945056915283,-7.77559421294427e-8,0.6211464405059814,-5.858012741555285e-9,1,1.1779033570746833e-7,-0.6211464405059814,8.867295520076368e-8,-0.7836945056915283],"p":[66.87915802001953,57.3280029296875,-508.9690246582031]},"j":false},{"t":3.7424240112304688,"c":{"r":[-0.8084545731544495,-7.737096296978052e-9,0.588558554649353,3.598840947471871e-10,1,1.3640183205154699e-8,-0.588558554649353,1.1239281505481813e-8,-0.8084545731544495],"p":[65.64446258544922,55.64289855957031,-507.3957214355469]},"j":false},{"t":3.806763172149658,"c":{"r":[-0.9156318306922913,1.2669069349158235e-7,0.40201786160469055,1.6610623987389772e-8,1,-2.7730476404030924e-7,-0.40201786160469055,-2.472313269663573e-7,-0.9156318306922913],"p":[64.6050796508789,53.19138717651367,-505.6917724609375]},"j":false},{"t":3.8683955669403076,"c":{"r":[-0.9271828532218933,-3.116735669550508e-8,0.374609112739563,-6.790427775626995e-9,1,6.639290717203039e-8,-0.374609112739563,5.901461008761544e-8,-0.9271828532218933],"p":[63.833526611328125,51.658443450927734,-503.852783203125]},"j":false},{"t":3.887972831726074,"c":{"r":[-0.9297769665718079,-4.8916962924749896e-8,0.36812329292297363,-8.722003563832459e-9,1,1.1085264617349821e-7,-0.36812329292297363,9.985746629581627e-8,-0.9297769665718079],"p":[63.63328170776367,51.50322723388672,-503.358642578125]},"j":true},{"t":3.8948099613189697,"c":{"r":[-0.9297770857810974,-4.233975303691295e-8,0.36812296509742737,-6.971419885815067e-9,1,9.740735151808622e-8,-0.36812296509742737,8.800078887816198e-8,-0.9297770857810974],"p":[63.534732818603516,51.3958854675293,-503.111083984375]},"j":true},{"t":3.9039080142974854,"c":{"r":[-0.9297771453857422,-3.576538176730537e-8,0.3681228756904602,-5.221587606740741e-9,1,8.396780515340652e-8,-0.3681228756904602,7.614916341935896e-8,-0.9297771453857422],"p":[63.436397552490234,51.83883285522461,-502.86346435546875]},"j":true},{"t":3.9194748401641846,"c":{"r":[-0.9297771453857422,-2.2625092910288913e-8,0.3681228458881378,-1.72417102817235e-9,1,5.710593597996194e-8,-0.3681228458881378,5.2461089694588736e-8,-0.9297771453857422],"p":[63.23985290527344,52.6906623840332,-502.36798095703125]},"j":true},{"t":3.9342379570007324,"c":{"r":[-0.9297770857810974,-9.496056385671636e-9,0.3681230843067169,1.7702395105345659e-9,1,3.026701023145506e-8,-0.3681230843067169,2.879323623972141e-8,-0.9297770857810974],"p":[63.043514251708984,53.48798751831055,-501.87213134765625]},"j":false},{"t":3.9780514240264893,"c":{"r":[-0.9246960878372192,2.5174216489176615e-8,0.38070613145828247,1.0434713537676998e-8,1,-4.078021476061622e-8,-0.38070613145828247,-3.37367467295735e-8,-0.9246960878372192],"p":[62.551395416259766,55.24286651611328,-500.63299560546875]},"j":true},{"t":4.001958131790161,"c":{"r":[-0.9165483713150024,6.25250322627835e-8,0.39992380142211914,1.6256468171604865e-8,1,-1.1908566932561371e-7,-0.39992380142211914,-1.0264643179880295e-7,-0.9165483713150024],"p":[62.242916107177734,56.13228988647461,-499.8948974609375]},"j":false},{"t":4.07158899307251,"c":{"r":[-0.9106845259666443,7.934974632917147e-8,0.41310253739356995,5.174209505298677e-9,1,-1.806758973543765e-7,-0.41310253739356995,-1.624012639922512e-7,-0.9106845259666443],"p":[61.314964294433594,57.986412048339844,-497.82684326171875]},"j":false},{"t":4.138221740722656,"c":{"r":[-0.9106840491294861,-1.8937571510946327e-8,0.4131036400794983,-7.797484435911883e-9,1,2.8652683781160704e-8,-0.4131036400794983,2.2872372440474464e-8,-0.9106840491294861],"p":[60.433677673339844,58.83222198486328,-495.88397216796875]},"j":false},{"t":4.2056756019592285,"c":{"r":[-0.9106839299201965,-5.4064091870031916e-8,0.41310378909111023,-9.216125640421069e-9,1,1.1055603010845516e-7,-0.41310378909111023,9.687438762284728e-8,-0.9106839299201965],"p":[59.552391052246094,58.8060302734375,-493.94110107421875]},"j":false},{"t":4.2721662521362305,"c":{"r":[-0.9106839299201965,-8.432996523310976e-9,0.41310378909111023,4.14173628726644e-9,1,2.954417333000947e-8,-0.41310378909111023,2.8616371494649684e-8,-0.9106839299201965],"p":[58.671104431152344,57.9078369140625,-491.99822998046875]},"j":false},{"t":4.338238477706909,"c":{"r":[-0.9106842279434204,3.420471372805878e-8,0.4131031334400177,1.662333737328936e-8,1,-4.6153367350143526e-8,-0.4131031334400177,-3.516399260661274e-8,-0.9106842279434204],"p":[57.84489822387695,56.273826599121094,-490.1767883300781]},"j":false},{"t":4.4062840938568115,"c":{"r":[-0.9106842279434204,8.236256832105937e-8,0.4131031334400177,3.072091914191333e-8,1,-1.316511770710349e-7,-0.4131031334400177,-1.0720173548861567e-7,-0.9106842279434204],"p":[56.908531188964844,53.495445251464844,-488.11248779296875]},"j":false},{"t":4.466464281082153,"c":{"r":[-0.9077925086021423,5.605751240977952e-8,0.419419527053833,1.8273585311590068e-8,1,-9.410359780304134e-8,-0.419419527053833,-7.776224464350889e-8,-0.9077925086021423],"p":[56.0777473449707,50.22643280029297,-486.2931823730469]},"j":false},{"t":4.526606798171997,"c":{"r":[-0.9019455313682556,-3.8604873964231956e-8,0.4318498373031616,-1.8467298801283505e-8,1,5.0824091601953114e-8,-0.4318498373031616,3.786546187711792e-8,-0.9019455313682556],"p":[55.28936767578125,46.48388671875,-484.6012268066406]},"j":false},{"t":4.59412693977356,"c":{"r":[-0.8957345485687256,-1.0232513858454695e-7,0.4445892572402954,-4.49246400080483e-8,1,1.3964482548090018e-7,-0.4445892572402954,1.0511168824223205e-7,-0.8957345485687256],"p":[54.35735321044922,41.38919448852539,-482.68231201171875]},"j":false},{"t":4.655971050262451,"c":{"r":[-0.8862714767456055,2.3545982941186594e-8,0.46316611766815186,1.913908809214604e-9,1,-4.717473700566188e-8,-0.46316611766815186,-4.0923165300910114e-8,-0.8862714767456055],"p":[53.449581146240234,35.82097244262695,-480.9002380371094]},"j":false},{"t":4.720622301101685,"c":{"r":[-0.8694955706596375,5.108832112910022e-8,0.49394071102142334,1.7570743082728768e-8,1,-7.249987277191394e-8,-0.49394071102142334,-5.435941119458221e-8,-0.8694955706596375],"p":[52.43207931518555,35.07489776611328,-479.0252685546875]},"j":false},{"t":4.78426194190979,"c":{"r":[-0.8625144958496094,2.4474845261579503e-8,0.5060323476791382,1.963984352926218e-8,1,-1.4890737531914056e-8,-0.5060323476791382,-2.9050806205077606e-9,-0.8625144958496094],"p":[51.50100326538086,35.202293395996094,-477.4073486328125]},"j":false},{"t":4.8520190715789795,"c":{"r":[-0.8517277836799622,-8.759166725269552e-9,0.5239844918251038,2.341362659308288e-8,1,5.4774908164745284e-8,-0.5239844918251038,5.892169241406009e-8,-0.8517277836799622],"p":[50.335784912109375,35.21842575073242,-475.4632263183594]},"j":false},{"t":4.917925834655762,"c":{"r":[-0.8517275452613831,-3.950695059984355e-8,0.5239848494529724,2.7489694076621163e-8,1,1.2008109706584946e-7,-0.5239848494529724,1.1668056743019406e-7,-0.8517275452613831],"p":[49.21841812133789,35.219635009765625,-473.6460266113281]},"j":false},{"t":4.984236001968384,"c":{"r":[-0.8517278432846069,1.4663084968447038e-8,0.523984432220459,-1.749906175518845e-8,1,-5.642824874030339e-8,-0.523984432220459,-5.723074636421188e-8,-0.8517278432846069],"p":[48.10055923461914,35.21973419189453,-471.8291320800781]},"j":false},{"t":5.0505287647247314,"c":{"r":[-0.8367652893066406,1.7899543180988076e-8,0.547561764717102,-7.796709056151485e-9,1,-4.460420655050257e-8,-0.547561764717102,-4.159243260914991e-8,-0.8367652893066406],"p":[46.96176528930664,35.21973419189453,-470.025390625]},"j":false},{"t":5.1181933879852295,"c":{"r":[-0.8367648720741272,3.9022909348318535e-9,0.5475623607635498,1.6556347404161897e-8,1,1.817414840843412e-8,-0.5475623607635498,2.427312217889721e-8,-0.8367648720741272],"p":[45.79362869262695,35.21973419189453,-468.240234375]},"j":false},{"t":5.183844804763794,"c":{"r":[-0.8367648720741272,-1.0047119580747221e-8,0.5475623607635498,4.082635740587648e-8,1,8.073816815112878e-8,-0.5475623607635498,8.991383992906776e-8,-0.8367648720741272],"p":[44.6254768371582,35.21973419189453,-466.455078125]},"j":false},{"t":5.250026226043701,"c":{"r":[-0.8367648720741272,-8.12036304864705e-9,0.5475623607635498,2.046021485568872e-8,1,4.609658077470158e-8,-0.5475623607635498,4.9775241706129236e-8,-0.8367648720741272],"p":[43.45732498168945,35.21973419189453,-464.669921875]},"j":false},{"t":5.317481994628906,"c":{"r":[-0.8367648720741272,9.58676693585403e-9,0.5475623607635498,-3.465864040208544e-8,1,-7.04721543343112e-8,-0.5475623607635498,-7.794638889890848e-8,-0.8367648720741272],"p":[42.2891731262207,35.21973419189453,-462.884765625]},"j":false},{"t":5.383163690567017,"c":{"r":[-0.8171454668045044,6.350280745692771e-9,0.5764315128326416,-4.015288102010572e-9,1,-1.6708586514369017e-8,-0.5764315128326416,-1.596788301583274e-8,-0.8171454668045044],"p":[41.16698455810547,35.21973419189453,-461.2294616699219]},"j":false},{"t":5.44946026802063,"c":{"r":[-0.8171453475952148,8.472093582234663e-10,0.5764316916465759,2.9281331137553934e-8,1,4.003925369033823e-8,-0.5764316916465759,4.959657573522236e-8,-0.8171453475952148],"p":[39.93728256225586,35.21973419189453,-459.48626708984375]},"j":false},{"t":5.516470432281494,"c":{"r":[-0.836764931678772,-1.878367239527279e-9,0.547562301158905,6.361593563042334e-8,1,1.0064599109682604e-7,-0.547562301158905,1.1905072483386903e-7,-0.836764931678772],"p":[38.649600982666016,35.21973419189453,-457.6210632324219]},"j":false},{"t":5.553395986557007,"c":{"r":[-0.8517274856567383,-4.696242283941388e-10,0.523984968662262,3.283442140400439e-8,1,5.426797500263092e-8,-0.523984968662262,6.34262704579669e-8,-0.8517274856567383],"p":[38.0738410949707,35.21973419189453,-456.72314453125]},"j":true},{"t":5.56113338470459,"c":{"r":[-0.8517274856567383,-6.362051996333662e-10,0.523984968662262,2.5583917206972728e-8,1,4.280033039094633e-8,-0.523984968662262,4.9859806949825725e-8,-0.8517274856567383],"p":[38.00306701660156,35.44120788574219,-456.6101379394531]},"j":true},{"t":5.576614856719971,"c":{"r":[-0.8588321208953857,-7.057572304347559e-10,0.5122570991516113,-1.0055082988458253e-8,1,-1.5480257076205817e-8,-0.5122570991516113,-1.8445730276539507e-8,-0.8588321208953857],"p":[37.651729583740234,36.49747848510742,-456.0435791015625]},"j":true},{"t":5.583220481872559,"c":{"r":[-0.8588881492614746,3.1530902888654566e-11,0.5121631622314453,-2.4120772934566048e-8,1,-4.051165447549465e-8,-0.5121631622314453,-4.7148752457815135e-8,-0.8588881492614746],"p":[37.514652252197266,36.896141052246094,-455.8148498535156]},"j":false},{"t":5.650676965713501,"c":{"r":[-0.8827299475669861,3.515646085361368e-8,0.469880610704422,-3.458347208606938e-8,1,-1.3978939250591793e-7,-0.469880610704422,-1.3964638867491885e-7,-0.8827299475669861],"p":[36.456478118896484,39.594947814941406,-453.9627380371094]},"j":false},{"t":5.718032360076904,"c":{"r":[-0.8955575227737427,8.734377843211405e-8,0.444945752620697,4.871922243410154e-8,1,-9.824324109786176e-8,-0.444945752620697,-6.630506277360837e-8,-0.8955575227737427],"p":[35.4677734375,41.421749114990234,-452.0724182128906]},"j":false},{"t":5.779681921005249,"c":{"r":[-0.9293268322944641,7.489384756809159e-8,0.36925816535949707,2.0324986138575696e-8,1,-1.5166973810210038e-7,-0.36925816535949707,-1.3344559590677818e-7,-0.9293268322944641],"p":[34.64220428466797,42.342430114746094,-450.25146484375]},"j":false},{"t":5.840681552886963,"c":{"r":[-0.93968665599823,1.9258170169678124e-8,0.34203651547431946,-2.810655885809865e-8,1,-1.3352237715480442e-7,-0.34203651547431946,-1.3508265794826002e-7,-0.93968665599823],"p":[33.98933410644531,42.602569580078125,-448.5084228515625]},"j":false},{"t":5.902288436889648,"c":{"r":[-0.9396931529045105,-3.842042062274231e-8,0.34201863408088684,-8.149604546758837e-9,1,8.994332745260181e-8,-0.34201863408088684,8.173181242909777e-8,-0.9396931529045105],"p":[33.305931091308594,43.27924346923828,-446.6306457519531]},"j":false},{"t":5.959578037261963,"c":{"r":[-0.9396931529045105,-9.555100710656461e-9,0.34201863408088684,2.8441236921139534e-8,1,1.0607941192120052e-7,-0.34201863408088684,1.0940953387716945e-7,-0.9396931529045105],"p":[32.71311950683594,43.36429214477539,-445.0016784667969]},"j":true},{"t":5.965040922164917,"c":{"r":[-0.9396931529045105,-5.121396196017258e-9,0.34201863408088684,3.4061578446653584e-8,1,1.0855791288122418e-7,-0.34201863408088684,1.1366082475205985e-7,-0.9396931529045105],"p":[32.621917724609375,43.8038330078125,-444.7510681152344]},"j":false},{"t":5.967463493347168,"c":{"r":[-0.9396931529045105,-5.121396196017258e-9,0.34201863408088684,3.4061578446653584e-8,1,1.0855791288122418e-7,-0.34201863408088684,1.1366082475205985e-7,-0.9396931529045105],"p":[32.621917724609375,43.8038330078125,-444.7510681152344]},"j":true},{"t":5.9768431186676025,"c":{"r":[-0.9396930932998657,-6.896137549894377e-10,0.34201887249946594,3.9679520114077604e-8,1,1.1103535513257157e-7,-0.34201887249946594,1.1791029663754671e-7,-0.9396930932998657],"p":[32.53071594238281,44.2297477722168,-444.5004577636719]},"j":true},{"t":6.028016805648804,"c":{"r":[-0.9349321722984314,2.8376694771736766e-8,0.35482656955718994,7.641045129958002e-8,1,1.2136038662902138e-7,-0.35482656955718994,1.405761906880798e-7,-0.9349321722984314],"p":[31.934911727905273,46.66607666015625,-442.87261962890625]},"j":false},{"t":6.038640022277832,"c":{"r":[-0.9348822236061096,3.4663720782646124e-8,0.35495805740356445,8.226395920019058e-8,1,1.1900953467147701e-7,-0.35495805740356445,1.4046015905933018e-7,-0.9348822236061096],"p":[31.840673446655273,46.989803314208984,-442.6231689453125]},"j":true},{"t":6.092570543289185,"c":{"r":[-0.9272130727767944,1.0066745659287335e-7,0.3745342493057251,1.2568719398586836e-7,1,4.237624295910791e-8,-0.3745342493057251,8.636596504629779e-8,-0.9272130727767944],"p":[31.15601921081543,48.87438201904297,-440.8865966796875]},"j":false},{"t":6.1531593799591064,"c":{"r":[-0.929724931716919,1.493246202244336e-7,0.36825472116470337,1.3964050538106676e-7,1,-5.2945289041872456e-8,-0.36825472116470337,2.1987205389706332e-9,-0.929724931716919],"p":[30.458040237426758,50.091339111328125,-439.1553039550781]},"j":false},{"t":6.218007802963257,"c":{"r":[-0.9348202347755432,-1.7875875002459907e-8,0.3551212549209595,-5.551083859245409e-8,1,-9.578920412423031e-8,-0.3551212549209595,-1.0925876381406852e-7,-0.9348202347755432],"p":[29.688941955566406,50.66464614868164,-437.1654968261719]},"j":false},{"t":6.281154155731201,"c":{"r":[-0.946649432182312,5.049756168773456e-9,0.3222652077674866,2.9064999296224414e-8,1,6.970845589648889e-8,-0.3222652077674866,7.535610535569504e-8,-0.946649432182312],"p":[29.05656623840332,50.58305740356445,-435.4295654296875]},"j":false},{"t":6.348769426345825,"c":{"r":[-0.9466496706008911,1.5779550111005847e-8,0.32226455211639404,9.623519758861221e-9,1,-2.0695573255125055e-8,-0.32226455211639404,-1.6490137255686932e-8,-0.9466496706008911],"p":[28.32623863220215,52.88648986816406,-433.2859191894531]},"j":false},{"t":6.41298246383667,"c":{"r":[-0.9573198556900024,-6.677651764874781e-9,0.2890305519104004,-2.263517195899567e-8,1,-5.186803875290025e-8,-0.2890305519104004,-5.6196558517740414e-8,-0.9573198556900024],"p":[27.657875061035156,53.363616943359375,-431.2600402832031]},"j":false},{"t":6.459608554840088,"c":{"r":[-0.9719613194465637,-2.1543490547060173e-8,0.23514091968536377,-1.8803701706815446e-8,1,1.3893879824422584e-8,-0.23514091968536377,9.082793184234106e-9,-0.9719613194465637],"p":[27.286855697631836,53.39979934692383,-429.97955322265625]},"j":true},{"t":6.468910217285156,"c":{"r":[-0.9719613194465637,-2.4267574616487764e-8,0.23514091968536377,-1.8423900627340117e-8,1,2.7048702833099014e-8,-0.23514091968536377,2.1958078022521477e-8,-0.9719613194465637],"p":[27.21970558166504,53.83934020996094,-429.72149658203125]},"j":true},{"t":6.485616445541382,"c":{"r":[-0.97476726770401,-2.2822527867560893e-8,0.2232234627008438,-1.634882984546948e-8,1,3.084901223360248e-8,-0.2232234627008438,2.642116747608725e-8,-0.97476726770401],"p":[27.061626434326172,54.878578186035156,-429.0738525390625]},"j":false},{"t":6.487931728363037,"c":{"r":[-0.97476726770401,-2.2822527867560893e-8,0.2232234627008438,-1.634882984546948e-8,1,3.084901223360248e-8,-0.2232234627008438,2.642116747608725e-8,-0.97476726770401],"p":[27.061626434326172,54.878578186035156,-429.0738525390625]},"j":true},{"t":6.553942918777466,"c":{"r":[-0.9880977869033813,3.34889556086182e-8,0.15382687747478485,9.788255539433521e-9,1,-1.5483121273973666e-7,-0.15382687747478485,-1.514826948323389e-7,-0.9880977869033813],"p":[26.64019775390625,57.63188552856445,-426.9828796386719]},"j":false},{"t":6.617493391036987,"c":{"r":[-0.9970219135284424,2.25884608795468e-8,0.07711879909038544,8.817352181722526e-9,1,-1.7891056813823525e-7,-0.07711879909038544,-1.7769777116427576e-7,-0.9970219135284424],"p":[26.39386749267578,59.513187408447266,-424.8646240234375]},"j":false},{"t":6.678011655807495,"c":{"r":[-0.9980080127716064,-1.7663157603209356e-9,0.06308768689632416,-2.578849134238226e-9,1,-1.2798000881275584e-8,-0.06308768689632416,-1.2935200466301922e-8,-0.9980080127716064],"p":[26.253250122070312,60.44401931762695,-423.0033264160156]},"j":false},{"t":6.74565863609314,"c":{"r":[-0.9980267882347107,-2.4415545141209805e-8,0.06278945505619049,-1.555231321503925e-8,1,1.416467227954854e-7,-0.06278945505619049,1.4039069640148227e-7,-0.9980267882347107],"p":[26.11874008178711,60.69032669067383,-420.8744201660156]},"j":false},{"t":6.807745456695557,"c":{"r":[-0.9929657578468323,2.1186975729392543e-8,0.11840201914310455,8.503034720774849e-9,1,-1.0763122304524586e-7,-0.11840201914310455,-1.0586734333628556e-7,-0.9929657578468323],"p":[25.9610652923584,59.92802810668945,-418.880859375]},"j":false},{"t":6.873237609863281,"c":{"r":[-0.9257904887199402,0.009860522113740444,0.3779083490371704,-0.01716318540275097,0.9975326657295227,-0.06807392835617065,-0.37764716148376465,-0.06950830668210983,-0.9233369827270508],"p":[25.548067092895508,59.65960693359375,-417.03253173828125]},"j":false},{"t":6.9413487911224365,"c":{"r":[-0.055822934955358505,1.4613249277317664e-7,0.998440682888031,-1.1000352628798282e-7,1,-1.5251102070124034e-7,-0.998440682888031,-1.1834561064461013e-7,-0.055822934955358505],"p":[25.32475471496582,59.696720123291016,-417.17437744140625]},"j":true},{"t":6.949460506439209,"c":{"r":[-0.04885067045688629,2.1222790280717163e-7,0.9988061189651489,-1.2901610091375915e-7,1,-2.1879164080473856e-7,-0.9988061189651489,-1.3955019539935165e-7,-0.04885067045688629],"p":[25.256032943725586,60.13966751098633,-417.1705322265625]},"j":true},{"t":6.964608669281006,"c":{"r":[-0.035150378942489624,2.4796349862299394e-7,0.9993820190429688,-1.2490922074448463e-7,1,-2.525101479022851e-7,-0.9993820190429688,-1.3370785723054723e-7,-0.035150378942489624],"p":[25.11114501953125,60.99149703979492,-417.1625671386719]},"j":true},{"t":6.99373722076416,"c":{"r":[0.006622585002332926,1.1271165334392208e-7,0.9999780654907227,-3.6418366100576804e-9,1,-1.1269000310676347e-7,-0.9999780654907227,-2.8954576514195196e-9,0.006622585002332926],"p":[24.766376495361328,62.35104751586914,-417.1466979980469]},"j":false},{"t":7.054466724395752,"c":{"r":[0.055797457695007324,1.183860049991381e-7,0.9984421133995056,5.5182631797379145e-8,1,-1.216545797433355e-7,-0.9984421133995056,6.188467693846178e-8,0.055797457695007324],"p":[23.619312286376953,64.70233154296875,-417.1383056640625]},"j":true},{"t":7.060389995574951,"c":{"r":[0.05581530183553696,1.2004461780179554e-7,0.9984411001205444,5.117561485690203e-8,1,-1.2309288877077051e-7,-0.9984411001205444,5.7966303756984416e-8,0.05581530183553696],"p":[23.523160934448242,64.83183288574219,-417.1403503417969]},"j":false},{"t":7.127017259597778,"c":{"r":[-0.11653302609920502,2.0120218380270671e-7,0.9931868314743042,1.1175128378226873e-8,1,-2.0127120592405845e-7,-0.9931868314743042,-1.235575197711114e-8,-0.11653302609920502],"p":[21.6636905670166,66.44063568115234,-417.1678771972656]},"j":false},{"t":7.19455099105835,"c":{"r":[-0.14593714475631714,4.833590878661198e-7,0.9892938733100891,-0.000035469474823912606,1,-0.000005720921762986109,-0.9892938733100891,-0.000035924629628425464,-0.14593714475631714],"p":[19.582813262939453,67.1685562133789,-417.16241455078125]},"j":false},{"t":7.261514663696289,"c":{"r":[-0.041700057685375214,0.00005925321238464676,0.9991301894187927,-0.00008152217924362049,1,-0.00006270723679335788,-0.9991301894187927,-0.00008406616689171642,-0.041700053960084915],"p":[17.38658332824707,66.66978454589844,-417.10748291015625]},"j":false},{"t":7.327635049819946,"c":{"r":[0.11838965862989426,-0.0000017668198779574595,0.9929671883583069,0.000007574994469905505,1,8.761808203416876e-7,-0.9929671883583069,0.000007417990673275199,0.11838965862989426],"p":[15.259868621826172,66.67970275878906,-417.2232971191406]},"j":false},{"t":7.327635049819946,"c":{"r":[0.5060334205627441,5.7488865223831453e-8,0.8625138401985168,-8.673863050034925e-8,1,-1.5