{"v":1,"d":[{"t":0,"j":false,"c":{"p":[167.86972045898438,94.47540283203125,-542.4030151367188],"r":[0.1391768604516983,-6.937292340580825e-8,0.9902675151824951,-6.337182867355295e-8,1,7.896130682638614e-8,-0.9902675151824951,-7.374465127440999e-8,0.1391768604516983]}},{"t":0.06437110900878906,"j":false,"c":{"p":[165.8892059326172,94.47540283203125,-542.6813354492188],"r":[0.1391768604516983,8.454808519964274e-10,0.9902675151824951,4.743241355242844e-9,1,-1.520427894696752e-9,-0.9902675151824951,4.908686346283275e-9,0.1391768604516983]}},{"t":0.13258123397827148,"j":false,"c":{"p":[163.77438354492188,94.47540283203125,-542.9605102539062],"r":[0.09063562005758286,7.845763860814259e-8,0.995884120464325,7.848183969372258e-8,1,-8.592454747713418e-8,-0.995884120464325,8.594663825078896e-8,0.09063562005758286]}},{"t":0.1947474479675293,"j":true,"c":{"p":[161.78012084960938,93.73001098632812,-543.1100463867188],"r":[0.06279250979423523,-1.922317593994194e-8,0.9980266094207764,-2.0811203427228975e-8,1,2.0570556813481744e-8,-0.9980266094207764,-2.2061811932871933e-8,0.06279250979423523]}},{"t":0.20137262344360352,"j":false,"c":{"p":[161.51397705078125,94.17295837402344,-543.1267700195312],"r":[0.06279250979423523,-3.409245863394972e-8,0.9980266094207764,-3.5737055981144294e-8,1,3.6408327019898934e-8,-0.9980266094207764,-3.795270231421455e-8,0.06279250979423523]}},{"t":0.20278239250183105,"j":true,"c":{"p":[161.51397705078125,94.17295837402344,-543.1267700195312],"r":[0.06279250979423523,-3.409245863394972e-8,0.9980266094207764,-3.5737055981144294e-8,1,3.6408327019898934e-8,-0.9980266094207764,-3.795270231421455e-8,0.06279250979423523]}},{"t":0.21050810813903809,"j":true,"c":{"p":[161.24783325195312,94.60568237304688,-543.1434936523438],"r":[0.06279254704713821,-4.89553890758998e-8,0.9980266094207764,-5.065652786129249e-8,1,5.223933285947169e-8,-0.9980266094207764,-5.3836803459716975e-8,0.06279254704713821]}},{"t":0.26886820793151855,"j":false,"c":{"p":[159.38592529296875,97.25326538085938,-543.2747192382812],"r":[0.11057952791452408,-1.663059467915673e-9,0.9938672780990601,-6.889050041536393e-8,1,9.33820754056569e-9,-0.9938672780990601,-6.950062925170641e-8,0.11057952791452408]}},{"t":0.33378005027770996,"j":false,"c":{"p":[157.27011108398438,99.4615707397461,-543.546630859375],"r":[0.13225910067558289,1.3251299435523833e-7,0.991215169429779,4.633267280951259e-8,1,-1.398696554133494e-7,-0.991215169429779,6.442468247769284e-8,0.13225910067558289]}},{"t":0.3961620330810547,"j":false,"c":{"p":[155.28842163085938,100.73990631103516,-543.816162109375],"r":[0.13249079883098602,-1.656552583995108e-8,0.9911842346191406,6.488795634140843e-8,1,8.039341636845165e-9,-0.9911842346191406,6.325078061308886e-8,0.13249079883098602]}},{"t":0.4640223979949951,"j":false,"c":{"p":[153.16786193847656,101.25872039794922,-544.043212890625],"r":[0.049765218049287796,8.181513777572036e-8,0.9987609386444092,8.096115067246501e-8,1,-8.595068123895544e-8,-0.9987609386444092,8.513818983146848e-8,0.049765218049287796]}},{"t":0.5302019119262695,"j":false,"c":{"p":[151.0356903076172,100.90552520751953,-544.0572509765625],"r":[-0.04158119484782219,1.576588459784034e-7,0.9991351366043091,-8.71373906363715e-9,1,-1.5815795961771073e-7,-0.9991351366043091,-1.528260007432891e-8,-0.04158119484782219]}},{"t":0.5970594882965088,"j":false,"c":{"p":[148.90548706054688,99.68033599853516,-543.9422607421875],"r":[-0.06956291198730469,1.54847612066078e-7,0.9975775480270386,-1.1519639464552256e-8,1,-1.5602691405547375e-7,-0.9975775480270386,-2.234541973678006e-8,-0.06956291198730469]}},{"t":0.6636593341827393,"j":false,"c":{"p":[146.78054809570312,97.58313751220703,-543.7550048828125],"r":[-0.09757169336080551,5.940793101899544e-8,0.9952284693717957,8.08846589706036e-9,1,-5.889976506523453e-8,-0.9952284693717957,2.302921631169852e-9,-0.09757169336080551]}},{"t":0.7305948734283447,"j":false,"c":{"p":[144.65750122070312,94.61394500732422,-543.5469970703125],"r":[-0.09758003801107407,8.734059697701468e-9,0.9952276945114136,2.943725441184597e-8,1,-5.889678522663644e-9,-0.9952276945114136,2.8722055844809802e-8,-0.09758003801107407]}},{"t":0.7964253425598145,"j":false,"c":{"p":[142.53445434570312,90.77274322509766,-543.3389892578125],"r":[-0.09758003801107407,-4.17668566399243e-8,0.9952276945114136,5.0713374832866975e-8,1,4.693947985856539e-8,-0.9952276945114136,5.505171074560167e-8,-0.09758003801107407]}},{"t":0.8628706932067871,"j":false,"c":{"p":[140.41140747070312,86.05955505371094,-543.1309814453125],"r":[-0.09758003801107407,-9.209548323951822e-8,0.9952276945114136,7.19168866680775e-8,1,9.958839797263863e-8,-0.9952276945114136,8.129151751745667e-8,-0.09758003801107407]}},{"t":0.9304800033569336,"j":false,"c":{"p":[138.28836059570312,80.474365234375,-542.9229736328125],"r":[-0.09758003801107407,-1.422523894234473e-7,0.9952276945114136,9.304805104193292e-8,1,1.520576944358254e-7,-0.9952276945114136,1.0744179235189222e-7,-0.09758003801107407]}},{"t":0.9968278408050537,"j":false,"c":{"p":[136.16925048828125,74.01717376708984,-542.6785888671875],"r":[-0.1321006715297699,8.047160093838102e-8,0.9912363290786743,5.565140348551267e-9,1,-8.044140287211121e-8,-0.9912363290786743,-5.109994205554358e-9,-0.1321006715297699]}},{"t":1.063774585723877,"j":false,"c":{"p":[134.05760192871094,66.68798828125,-542.3755493164062],"r":[-0.1527336984872818,1.0764706104282595e-7,0.9882673621177673,-3.13413224262149e-8,1,-1.137687419827671e-7,-0.9882673621177673,-4.834992850533126e-8,-0.1527336984872818]}},{"t":1.1301021575927734,"j":false,"c":{"p":[131.974365234375,58.48679733276367,-541.925537109375],"r":[-0.30755487084388733,1.7240161298559542e-7,0.9515303373336792,1.0591689303396379e-8,1,-1.777600573404925e-7,-0.9515303373336792,-4.459265667833279e-8,-0.30755487084388733]}},{"t":1.1831285953521729,"j":true,"c":{"p":[130.47755432128906,51.76365661621094,-541.3628540039062],"r":[-0.393535852432251,1.5383935192403442e-7,0.9193092584609985,7.985612171523826e-9,1,-1.6392385759900208e-7,-0.9193092584609985,-5.716866624538852e-8,-0.393535852432251]}},{"t":1.1921684741973877,"j":true,"c":{"p":[130.23263549804688,50.5954475402832,-541.258056640625],"r":[-0.40020984411239624,9.685511770385347e-8,0.9164235591888428,4.58441196116155e-9,1,-1.0368611214062184e-7,-0.9164235591888428,-3.729493869286671e-8,-0.40020984411239624]}},{"t":1.1982536315917969,"j":false,"c":{"p":[129.9886932373047,50.18595504760742,-541.1520385742188],"r":[-0.41305607557296753,4.0032212211826845e-8,0.91070556640625,3.7259495488939365e-10,1,-4.378836848673018e-8,-0.91070556640625,-1.7747726843708733e-8,-0.41305607557296753]}},{"t":1.2407054901123047,"j":true,"c":{"p":[128.79063415527344,50.694461822509766,-540.5865478515625],"r":[-0.45087456703186035,-9.36549469088277e-8,0.8925873041152954,-1.0224753488330407e-8,1,9.976039905268408e-8,-0.8925873041152954,3.585294194863309e-8,-0.45087456703186035]}},{"t":1.2491793632507324,"j":true,"c":{"p":[128.55429077148438,50.75368118286133,-540.4677734375],"r":[-0.45709580183029175,-7.706050553224486e-8,0.8894174695014954,-7.506861798844966e-9,1,8.278356489199723e-8,-0.8894174695014954,3.116328528562917e-8,-0.45709580183029175]}},{"t":1.2572696208953857,"j":true,"c":{"p":[128.31805419921875,51.19322204589844,-540.3487548828125],"r":[-0.463294118642807,-6.050620982023247e-8,0.8862046003341675,-4.671728337513059e-9,1,6.583336187304667e-8,-0.8862046003341675,2.6360103433376025e-8,-0.463294118642807]}},{"t":1.2642483711242676,"j":false,"c":{"p":[128.08175659179688,51.619136810302734,-540.2263793945312],"r":[-0.46329426765441895,-4.4178332103683715e-8,0.8862044811248779,-1.8378002453189879e-9,1,4.8890395731859826e-8,-0.8862044811248779,2.1021973495294333e-8,-0.46329426765441895]}},{"t":1.2658579349517822,"j":true,"c":{"p":[128.08175659179688,51.619136810302734,-540.2263793945312],"r":[-0.46329426765441895,-4.4178332103683715e-8,0.8862044811248779,-1.8378002453189879e-9,1,4.8890395731859826e-8,-0.8862044811248779,2.1021973495294333e-8,-0.46329426765441895]}},{"t":1.3305108547210693,"j":false,"c":{"p":[126.19115447998047,54.53594207763672,-539.23828125],"r":[-0.4632936418056488,8.619367264373068e-8,0.8862048387527466,2.078986227616042e-8,1,-8.639295856482931e-8,-0.8862048387527466,-2.160123102612488e-8,-0.4632936418056488]}},{"t":1.3964157104492188,"j":false,"c":{"p":[124.30052947998047,56.580745697021484,-538.25],"r":[-0.46329405903816223,9.56993631007208e-8,0.8862046003341675,1.889941714239285e-8,1,-9.810756296246836e-8,-0.8862046003341675,-2.870390147791113e-8,-0.46329405903816223]}},{"t":1.4636049270629883,"j":false,"c":{"p":[122.40990447998047,57.7535514831543,-537.26171875],"r":[-0.46329405903816223,-4.939064268683069e-8,0.8862046003341675,-1.4354866628707441e-8,1,4.8228276483541777e-8,-0.8862046003341675,9.622524999031157e-9,-0.46329405903816223]}},{"t":1.5300605297088623,"j":false,"c":{"p":[120.51927947998047,58.05435562133789,-536.2734375],"r":[-0.4692481756210327,-1.2332073140441935e-7,0.8830663561820984,-3.0251083416033e-8,1,1.235756172945912e-7,-0.8830663561820984,3.12739203423007e-8,-0.4692481756210327]}},{"t":1.5966973304748535,"j":false,"c":{"p":[118.64347839355469,57.4831657409668,-535.25732421875],"r":[-0.4877186119556427,5.3617810635842034e-8,0.8730009198188782,1.010141392754349e-8,1,-5.577447126370316e-8,-0.8730009198188782,-1.838370344842133e-8,-0.4877186119556427]}},{"t":1.663964033126831,"j":false,"c":{"p":[116.7812271118164,56.039974212646484,-534.2164306640625],"r":[-0.4878579378128052,9.389444954877035e-8,0.8729230761528015,1.951577033310059e-8,1,-9.665631495181515e-8,-0.8729230761528015,-3.0118783911348146e-8,-0.4878579378128052]}},{"t":1.7256276607513428,"j":false,"c":{"p":[115.03543090820312,53.89502716064453,-533.240478515625],"r":[-0.48785722255706787,3.653436664308174e-8,0.8729234337806702,8.967231401868503e-9,1,-3.684130334136171e-8,-0.8729234337806702,-1.0145590145782535e-8,-0.48785722255706787]}},{"t":1.7954926490783691,"j":false,"c":{"p":[113.13887786865234,50.762332916259766,-532.2661743164062],"r":[-0.3941275477409363,1.125400928003728e-7,0.9190557599067688,3.783542812385576e-9,1,-1.20829341199169e-7,-0.9190557599067688,-4.414488330439781e-8,-0.3941275477409363]}},{"t":1.8555054664611816,"j":false,"c":{"p":[111.26691436767578,49.95167922973633,-531.5764770507812],"r":[-0.2957051992416382,9.720012883462914e-8,0.9552792310714722,-7.2931434225154135e-9,1,-1.040080661596221e-7,-0.9552792310714722,-3.772271384150372e-8,-0.2957051992416382]}},{"t":1.920947790145874,"j":false,"c":{"p":[109.23422241210938,49.808372497558594,-530.9474487304688],"r":[-0.28902876377105713,7.681617120169904e-8,0.9573203921318054,-1.851419639820051e-8,1,-8.583052135691105e-8,-0.9573203921318054,-4.253150720501253e-8,-0.28902876377105713]}},{"t":1.9828970432281494,"j":false,"c":{"p":[107.32490539550781,49.66196823120117,-530.3702392578125],"r":[-0.2890298068523407,5.7496624350505954e-8,0.9573200941085815,-2.8902656268314786e-8,1,-6.878613589833549e-8,-0.9573200941085815,-4.755033700121203e-8,-0.2890298068523407]}},{"t":2.044065475463867,"j":false,"c":{"p":[105.54275512695312,49.52519607543945,-529.8319091796875],"r":[-0.28902846574783325,3.952096250259274e-8,0.957320511341095,-3.856855457229358e-8,1,-5.2927283888948295e-8,-0.957320511341095,-5.221995991178119e-8,-0.28902846574783325]}},{"t":2.1045334339141846,"j":false,"c":{"p":[103.63330841064453,49.37865447998047,-529.255126953125],"r":[-0.2890287935733795,2.0320833016285178e-8,0.9573203921318054,-4.889281868258877e-8,1,-3.598822928552181e-8,-0.9573203921318054,-5.7207728332286933e-8,-0.2890287935733795]}},{"t":2.168170690536499,"j":false,"c":{"p":[101.72290802001953,49.28916931152344,-528.6729125976562],"r":[-0.2957053780555725,7.685349578956391e-10,0.9552791714668274,-5.925459944933209e-8,1,-1.914669489622156e-8,-0.9552791714668274,-6.22664657612404e-8,-0.2957053780555725]}},{"t":2.2370097637176514,"j":false,"c":{"p":[99.561279296875,49.35826873779297,-528.00341796875],"r":[-0.2957051396369934,-2.0847958026593005e-8,0.9552792906761169,-7.101105126139373e-8,1,-1.5741459524765133e-10,-0.9552792906761169,-6.788193473994397e-8,-0.2957051396369934]}},{"t":2.299687623977661,"j":false,"c":{"p":[97.78223419189453,49.467708587646484,-527.4509887695312],"r":[-0.31564605236053467,-4.0083129704271414e-8,0.9488770365715027,-8.072260015978827e-8,1,1.539015137552724e-8,-0.9488770365715027,-7.173797911264046e-8,-0.31564605236053467]}},{"t":2.367098569869995,"j":false,"c":{"p":[95.66525268554688,49.62432861328125,-526.6614990234375],"r":[-0.3746044337749481,-6.606614277870904e-8,0.9271847009658813,-9.364984521198494e-8,1,3.3417826728054933e-8,-0.9271847009658813,-7.431223991716251e-8,-0.3746044337749481]}},{"t":2.435103178024292,"j":false,"c":{"p":[93.6971435546875,49.794673919677734,-525.8572998046875],"r":[-0.39393994212150574,-8.781802307566977e-8,0.9191361665725708,-1.0616089696213749e-7,1,5.0043730936977227e-8,-0.9191361665725708,-7.786209721416526e-8,-0.39393994212150574]}},{"t":2.5038700103759766,"j":false,"c":{"p":[91.64566040039062,49.990665435791016,-524.9161376953125],"r":[-0.4257761240005493,-1.1182672210452438e-7,0.9048285484313965,-1.201815251761218e-7,1,6.703623256498759e-8,-0.9048285484313965,-8.020124653285166e-8,-0.4257761240005493]}},{"t":2.5143892765045166,"j":true,"c":{"p":[91.5255355834961,50.00279998779297,-524.859619140625],"r":[-0.42577633261680603,-1.130786273506601e-7,0.9048284292221069,-1.2100881008336728e-7,1,6.803050922599141e-8,-0.9048284292221069,-8.052642641587227e-8,-0.42577633261680603]}},{"t":2.5227577686309814,"j":true,"c":{"p":[91.1651611328125,50.65700149536133,-524.6900634765625],"r":[-0.4257761240005493,-1.168326448919288e-7,0.9048285484313965,-1.2348957056929066e-7,1,7.101205312665115e-8,-0.9048285484313965,-8.150165342613036e-8,-0.4257761240005493]}},{"t":2.5305726528167725,"j":true,"c":{"p":[90.92414855957031,51.07610321044922,-524.5765991210938],"r":[-0.4257763624191284,-1.1933401822261658e-7,0.9048284292221069,-1.2514254876805353e-7,1,7.299868798327225e-8,-0.9048284292221069,-8.215141633627354e-8,-0.4257763624191284]}},{"t":2.571263551712036,"j":false,"c":{"p":[89.7177505493164,52.96723175048828,-524.0089721679688],"r":[-0.4257761836051941,-1.3182474845052639e-7,0.9048285484313965,-1.3339679583168618e-7,1,8.291910091884347e-8,-0.9048285484313965,-8.539624474224183e-8,-0.4257761836051941]}},{"t":2.607656240463257,"j":true,"c":{"p":[88.75260162353516,54.234886169433594,-523.5548706054688],"r":[-0.4257761836051941,-1.4179811103076645e-7,0.9048285484313965,-1.3998750603150256e-7,1,9.084016738825085e-8,-0.9048285484313965,-8.79871109304986e-8,-0.4257761836051941]}},{"t":2.6395907402038574,"j":false,"c":{"p":[87.7874526977539,55.28453826904297,-523.1007690429688],"r":[-0.4257763922214508,-1.5175450585047656e-7,0.9048284292221069,-1.465669612343845e-7,1,9.874772644025143e-8,-0.9048284292221069,-9.057350780494744e-8,-0.4257763922214508]}},{"t":2.707029342651367,"j":false,"c":{"p":[85.8571548461914,56.7298469543457,-522.1925659179688],"r":[-0.42577651143074036,-1.563101079682383e-7,0.9048283696174622,-1.4555975269558985e-7,1,1.0425645058376176e-7,-0.9048283696174622,-8.731664991046273e-8,-0.42577651143074036]}},{"t":2.772064447402954,"j":false,"c":{"p":[83.9268569946289,57.30315399169922,-521.2843627929688],"r":[-0.425777405500412,6.835036003849382e-8,0.9048279523849487,6.706800093070342e-8,1,-4.397998409899628e-8,-0.9048279523849487,4.195931779804596e-8,-0.425777405500412]}},{"t":2.8386974334716797,"j":false,"c":{"p":[81.99539947509766,57.004459381103516,-520.378662109375],"r":[-0.40722259879112244,1.0252242077513074e-7,0.9133289456367493,8.755377223224059e-8,1,-7.321409611904528e-8,-0.9133289456367493,5.0150955388517104e-8,-0.40722259879112244]}},{"t":2.905106544494629,"j":false,"c":{"p":[80.0397720336914,55.833763122558594,-519.5262451171875],"r":[-0.3939453661441803,9.900237074589313e-8,0.9191338419914246,2.6015648302291083e-8,1,-9.656223909360051e-8,-0.9191338419914246,-1.4128382908040749e-8,-0.3939453661441803]}},{"t":2.9718422889709473,"j":false,"c":{"p":[78.0789566040039,53.79106903076172,-518.6854248046875],"r":[-0.3939395844936371,-4.488436644578542e-8,0.9191363453865051,-9.116819654764186e-8,1,9.75873160058427e-9,-0.9191363453865051,-7.995164708063385e-8,-0.3939395844936371]}},{"t":3.023411989212036,"j":true,"c":{"p":[76.62691497802734,51.686798095703125,-518.0147094726562],"r":[-0.48780858516693115,1.0411167039592328e-8,0.8729506134986877,-5.8098287070151855e-8,1,-4.439198519889942e-8,-0.8729506134986877,-7.237172638951961e-8,-0.48780858516693115]}},{"t":3.0382673740386963,"j":false,"c":{"p":[76.16294860839844,50.975433349609375,-517.7518920898438],"r":[-0.5417000651359558,7.591236794723955e-8,0.8405718803405762,-3.505063128628194e-9,1,-9.256920208144948e-8,-0.8405718803405762,-5.30909964879811e-8,-0.5417000651359558]}},{"t":3.0569536685943604,"j":true,"c":{"p":[75.71686553955078,50.92080307006836,-517.4598999023438],"r":[-0.5990211367607117,1.0146924722675976e-7,0.800733208656311,3.5995419978007703e-8,1,-9.979257953318665e-8,-0.800733208656311,-3.095513889661561e-8,-0.5990211367607117]}},{"t":3.066206932067871,"j":true,"c":{"p":[75.4970474243164,51.36034393310547,-517.3090209960938],"r":[-0.6266011595726013,9.458723582156381e-8,0.7793400883674622,4.64403946409675e-8,1,-8.402958684428086e-8,-0.7793400883674622,-1.6460177221233607e-8,-0.6266011595726013]}},{"t":3.0742273330688477,"j":true,"c":{"p":[75.28167724609375,51.786258697509766,-517.152099609375],"r":[-0.6775994896888733,1.360536288075309e-7,0.7354310750961304,5.8837084537799456e-8,1,-1.3078812344247126e-7,-0.7354310750961304,-4.535134934258167e-8,-0.6775994896888733]}},{"t":3.1047210693359375,"j":false,"c":{"p":[74.48482513427734,53.35365676879883,-516.44921875],"r":[-0.7652217149734497,2.585294396340032e-7,0.6437668800354004,3.27442926106869e-8,1,-3.626666966738412e-7,-0.6437668800354004,-2.564407282079628e-7,-0.7652217149734497]}},{"t":3.1710915565490723,"j":false,"c":{"p":[73.09860229492188,55.8344612121582,-514.8301391601562],"r":[-0.7660428881645203,-9.826604951967965e-8,0.6427894830703735,-2.048897407291861e-8,1,1.2845669061789522e-7,-0.6427894830703735,8.523323913323111e-8,-0.7660428881645203]}},{"t":3.2383692264556885,"j":false,"c":{"p":[71.72484588623047,57.44327163696289,-513.1983032226562],"r":[-0.7615678310394287,-3.523128100368922e-8,0.6480851769447327,3.5551679378187373e-9,1,5.8539807668012145e-8,-0.6480851769447327,4.68860861246867e-8,-0.7615678310394287]}},{"t":3.310425043106079,"j":false,"c":{"p":[70.24983215332031,58.19717788696289,-511.47711181640625],"r":[-0.7570016980171204,1.1112177134009471e-7,0.6534128785133362,3.051138364185135e-8,1,-1.3471513682361547e-7,-0.6534128785133362,-8.204305856907013e-8,-0.7570016980171204]}},{"t":3.3743629455566406,"j":false,"c":{"p":[68.86599731445312,58.007484436035156,-509.8537292480469],"r":[-0.774505078792572,6.878293135059721e-8,0.6325677037239075,3.915093138573411e-9,1,-1.0394250438139352e-7,-0.6325677037239075,-7.802744050877664e-8,-0.774505078792572]}},{"t":3.434621810913086,"j":false,"c":{"p":[67.68571472167969,57.126190185546875,-508.407470703125],"r":[-0.7749426364898682,8.054881561747607e-8,0.6320316195487976,-9.329537142832578e-9,1,-1.388833510418408e-7,-0.6320316195487976,-1.1352319262414312e-7,-0.7749426364898682]}},{"t":3.500368118286133,"j":false,"c":{"p":[66.33840942382812,55.30149459838867,-506.7532958984375],"r":[-0.7792473435401917,-3.045112251243154e-8,0.6267164945602417,-7.508001331757441e-9,1,3.9253045258647035e-8,-0.6267164945602417,2.5882442855618137e-8,-0.7792473435401917]}},{"t":3.560622215270996,"j":false,"c":{"p":[65.19805145263672,52.98957443237305,-505.2757263183594],"r":[-0.8088057637214661,-4.4824247424912755e-8,0.5880758762359619,-2.725879744147619e-9,1,7.247285793710034e-8,-0.5880758762359619,5.701344107933437e-8,-0.8088057637214661]}},{"t":3.6217658519744873,"j":false,"c":{"p":[64.06692504882812,51.669769287109375,-503.6710205078125],"r":[-0.8211475610733032,6.999365353976827e-8,0.5707159638404846,1.2906608226614935e-8,1,-1.0407177342131035e-7,-0.5707159638404846,-7.809227042798739e-8,-0.8211475610733032]}},{"t":3.6436009407043457,"j":true,"c":{"p":[63.76612091064453,51.60786056518555,-503.23583984375],"r":[-0.829036295413971,6.05515708684834e-8,0.5591947436332703,9.727386007796213e-9,1,-9.386213406514798e-8,-0.5591947436332703,-7.237561305828422e-8,-0.829036295413971]}},{"t":3.654249668121338,"j":true,"c":{"p":[63.540958404541016,52.262062072753906,-502.90771484375],"r":[-0.829036295413971,5.428012173069874e-8,0.559194803237915,7.318050609939064e-9,1,-8.621894664884167e-8,-0.559194803237915,-6.738642355230695e-8,-0.829036295413971]}},{"t":3.662964344024658,"j":true,"c":{"p":[63.39158248901367,52.6811637878418,-502.6872253417969],"r":[-0.836488664150238,5.064766384066388e-8,0.5479841828346252,5.7324509583622785e-9,1,-8.36749194377262e-8,-0.5479841828346252,-6.685182540877577e-8,-0.836488664150238]}},{"t":3.6862330436706543,"j":false,"c":{"p":[62.95256042480469,53.856712341308594,-502.0185241699219],"r":[-0.8367449045181274,5.2940077210905656e-8,0.5475929379463196,1.989201026120213e-9,1,-9.363821362740055e-8,-0.5475929379463196,-7.726202255753378e-8,-0.8367449045181274]}},{"t":3.7218570709228516,"j":true,"c":{"p":[62.36848449707031,55.233367919921875,-501.1259460449219],"r":[-0.8367626667022705,5.701303606997499e-8,0.547565758228302,-2.8634234983115903e-9,1,-1.0849662857026487e-7,-0.547565758228302,-9.235384368366795e-8,-0.8367626667022705]}},{"t":3.7489066123962402,"j":false,"c":{"p":[61.857418060302734,56.25910568237305,-500.3449401855469],"r":[-0.8367628455162048,6.057551615867851e-8,0.5475654602050781,-7.101113919105728e-9,1,-1.21478564096833e-7,-0.5475654602050781,-1.0553706886184955e-7,-0.8367628455162048]}},{"t":3.813568115234375,"j":false,"c":{"p":[60.689266204833984,57.97691345214844,-498.5597839355469],"r":[-0.8367627263069153,6.869848334645212e-8,0.5475656390190125,-1.6763443966283376e-8,1,-1.5107870865449513e-7,-0.5475656390190125,-1.3559611033997498e-7,-0.8367627263069153]}},{"t":3.876981019973755,"j":false,"c":{"p":[59.607200622558594,58.795406341552734,-496.8778991699219],"r":[-0.8583129644393921,7.952368719088554e-8,0.51312655210495,-6.684214959307155e-9,1,-1.661594524193788e-7,-0.51312655210495,-1.4604665921069682e-7,-0.8583129644393921]}},{"t":3.938821792602539,"j":false,"c":{"p":[58.64066696166992,58.84749221801758,-495.12738037109375],"r":[-0.8861237168312073,6.719137246591345e-8,0.46344873309135437,1.5512521045479843e-8,1,-1.1532097232702654e-7,-0.46344873309135437,-9.499939324086881e-8,-0.8861237168312073]}},{"t":4.0057947635650635,"j":false,"c":{"p":[57.652244567871094,58.05830001831055,-493.2367858886719],"r":[-0.8862023949623108,-4.129542485742377e-9,0.4632982909679413,1.6180150552713712e-8,1,3.9862939615886717e-8,-0.4632982909679413,4.282286880652464e-8,-0.8862023949623108]}},{"t":4.0715086460113525,"j":false,"c":{"p":[56.67780685424805,56.3971061706543,-491.3389892578125],"r":[-0.8925814032554626,-5.931590152385979e-8,0.4508862793445587,1.7044291311663073e-8,1,1.6529516244645492e-7,-0.4508862793445587,1.552244270897063e-7,-0.8925814032554626]}},{"t":4.140199661254883,"j":false,"c":{"p":[55.7159538269043,53.86391067504883,-489.4346923828125],"r":[-0.892584502696991,-6.086221748802245e-9,0.45088011026382446,-4.448033052995015e-9,1,4.6929904407022605e-9,-0.45088011026382446,2.183361047514154e-9,-0.892584502696991]}},{"t":4.204558372497559,"j":false,"c":{"p":[54.75410079956055,50.45871353149414,-487.5303955078125],"r":[-0.8925846219062805,4.2415713608079386e-8,0.45087990164756775,-2.193271342321168e-8,1,-1.3749230731718853e-7,-0.45087990164756775,-1.3261254139251832e-7,-0.8925846219062805]}},{"t":4.264624357223511,"j":false,"c":{"p":[53.912479400634766,46.76385498046875,-485.8641357421875],"r":[-0.8925846219062805,1.6842051309140516e-8,0.45087990164756775,-3.8552809833447554e-9,1,-4.4985849712020354e-8,-0.45087990164756775,-4.1891944135841186e-8,-0.8925846219062805]}},{"t":4.329676628112793,"j":false,"c":{"p":[52.950626373291016,41.72365951538086,-483.9598388671875],"r":[-0.8925847411155701,-1.2291497597516354e-8,0.45087969303131104,1.6738558983320218e-8,1,6.03976602064904e-8,-0.45087969303131104,6.145710784721814e-8,-0.8925847411155701]}},{"t":4.39745306968689,"j":false,"c":{"p":[51.988773345947266,35.81147384643555,-482.0555419921875],"r":[-0.8925846219062805,-3.075339805036492e-8,0.45087990164756775,2.7692742321505648e-8,1,1.2302946572617657e-7,-0.45087990164756775,1.2230030677073955e-7,-0.8925846219062805]}},{"t":4.461831569671631,"j":false,"c":{"p":[51.07672882080078,35.04998779296875,-480.27557373046875],"r":[-0.8894151449203491,2.0412150192328227e-8,0.4571003019809723,-2.629966822098595e-8,1,-9.58290229391423e-8,-0.4571003019809723,-9.725336980181964e-8,-0.8894151449203491]}},{"t":4.526271104812622,"j":false,"c":{"p":[50.10157012939453,35.20459747314453,-478.37811279296875],"r":[-0.8894152641296387,1.304052599238048e-8,0.4571000933647156,-8.722408573191842e-9,1,-4.550068766207005e-8,-0.4571000933647156,-4.44560228629598e-8,-0.8894152641296387]}},{"t":4.592622995376587,"j":false,"c":{"p":[49.117008209228516,35.218414306640625,-476.48553466796875],"r":[-0.886202335357666,5.9581779510153865e-9,0.4632984697818756,9.100834752473475e-9,1,4.5478310006785705e-9,-0.4632984697818756,8.246701099778875e-9,-0.886202335357666]}},{"t":4.658182621002197,"j":false,"c":{"p":[48.128665924072266,35.21963119506836,-474.59490966796875],"r":[-0.8829464912414551,-1.741127242382845e-9,0.46947357058525085,2.695029266419624e-8,1,5.439452976929715e-8,-0.46947357058525085,6.067990909741638e-8,-0.8829464912414551]}},{"t":4.721567153930664,"j":false,"c":{"p":[47.184959411621094,35.21973419189453,-472.83154296875],"r":[-0.879647433757782,-9.142701706821299e-9,0.47562626004219055,4.410743770222325e-8,1,1.0079699563902977e-7,-0.47562626004219055,1.0964447483274853e-7,-0.879647433757782]}},{"t":4.7854084968566895,"j":false,"c":{"p":[46.228492736816406,35.21973419189453,-471.07513427734375],"r":[-0.8763055205345154,-2.496686857256236e-9,0.4817558228969574,6.943499553102583e-9,1,1.7812579855558397e-8,-0.4817558228969574,1.8954333214082908e-8,-0.8763055205345154]}},{"t":4.849577188491821,"j":false,"c":{"p":[45.18708419799805,35.21973419189453,-469.2132263183594],"r":[-0.8694936633110046,6.490503690059768e-9,0.49394407868385315,-2.8245612071486903e-8,1,-6.286113318765274e-8,-0.49394407868385315,-6.860911128114822e-8,-0.8694936633110046]}},{"t":4.910670280456543,"j":false,"c":{"p":[44.2558479309082,35.21973419189453,-467.5953674316406],"r":[-0.8660241365432739,2.8632951565299436e-9,0.5000022053718567,-9.447881588187101e-9,1,-2.2090679507869027e-8,-0.5000022053718567,-2.3855022845964413e-8,-0.8660241365432739]}},{"t":4.973314046859741,"j":false,"c":{"p":[43.24394989013672,35.21973419189453,-465.8702392578125],"r":[-0.8589587807655334,-1.3230809781106245e-9,0.5120447874069214,1.1115023568208926e-8,1,2.1229448421422603e-8,-0.5120447874069214,2.3926610026592243e-8,-0.8589587807655334]}},{"t":5.033459663391113,"j":false,"c":{"p":[42.21987533569336,35.21973419189453,-464.1522521972656],"r":[-0.8589586615562439,-5.694789528831734e-9,0.5120449662208557,3.1733105032571984e-8,1,6.435414690031394e-8,-0.5120449662208557,7.15263297479396e-8,-0.8589586615562439]}},{"t":5.096327304840088,"j":false,"c":{"p":[41.19580078125,35.21973419189453,-462.43426513671875],"r":[-0.8589586615562439,-1.0052538357285812e-8,0.5120449662208557,5.2285244578342827e-8,1,1.0734097344311522e-7,-0.5120449662208557,1.1897385121528714e-7,-0.8589586615562439]}},{"t":5.161710023880005,"j":false,"c":{"p":[40.10345458984375,35.21973419189453,-460.60174560546875],"r":[-0.8589586615562439,3.0940718875882567e-9,0.5120449662208557,-1.6818319181766128e-8,1,-3.425541450496894e-8,-0.5120449662208557,-3.803572212746076e-8,-0.8589586615562439]}},{"t":5.223376035690308,"j":false,"c":{"p":[39.14765167236328,35.21973419189453,-458.998291015625],"r":[-0.8589586615562439,5.24940046986444e-9,0.5120449662208557,-2.7215092401888796e-8,1,-5.590532481392074e-8,-0.5120449662208557,-6.195571700118307e-8,-0.8589586615562439]}},{"t":5.284354209899902,"j":false,"c":{"p":[38.12710189819336,35.21973419189453,-457.2782287597656],"r":[-0.862512469291687,1.1005181210776982e-9,0.5060358643531799,-5.787890167141541e-9,1,-1.2039947705488885e-8,-0.5060358643531799,-1.3313484537036402e-8,-0.862512469291687]}},{"t":5.337989091873169,"j":true,"c":{"p":[37.31745147705078,35.21973419189453,-455.8983459472656],"r":[-0.862512469291687,-2.008607724590661e-9,0.5060358643531799,1.1174125624791031e-8,1,2.301502988188986e-8,-0.5060358643531799,2.5505258349767246e-8,-0.862512469291687]}},{"t":5.34488320350647,"j":false,"c":{"p":[37.18251037597656,35.65927505493164,-455.6683654785156],"r":[-0.862512469291687,-2.5260231684143264e-9,0.5060358643531799,1.399690496839412e-8,1,2.884880068165785e-8,-0.5060358643531799,3.196538500560564e-8,-0.862512469291687]}},{"t":5.346358060836792,"j":true,"c":{"p":[37.18251037597656,35.65927505493164,-455.6683654785156],"r":[-0.862512469291687,-2.5260231684143264e-9,0.5060358643531799,1.399690496839412e-8,1,2.884880068165785e-8,-0.5060358643531799,3.196538500560564e-8,-0.862512469291687]}},{"t":5.355942249298096,"j":true,"c":{"p":[36.980098724365234,36.29303741455078,-455.3233947753906],"r":[-0.862512469291687,-3.3017322209616395e-9,0.5060358643531799,1.8228814013809824e-8,1,3.759478772735747e-8,-0.5060358643531799,4.1650405790960576e-8,-0.862512469291687]}},{"t":5.412549257278442,"j":false,"c":{"p":[36.104183197021484,38.68508529663086,-453.8277893066406],"r":[-0.8659533262252808,-4.750161153310728e-9,0.5001248121261597,3.661334702087515e-8,1,7.289302317303736e-8,-0.5001248121261597,8.143319973896723e-8,-0.8659533262252808]}},{"t":5.4416890144348145,"j":true,"c":{"p":[35.637447357177734,39.73466873168945,-453.0195007324219],"r":[-0.8660225868225098,-2.3734438858724616e-9,0.5000048875808716,4.6704631273541963e-8,1,8.564059328364237e-8,-0.5000048875808716,9.7519233577259e-8,-0.8660225868225098]}},{"t":5.476966619491577,"j":false,"c":{"p":[35.04020690917969,40.838890075683594,-451.9786376953125],"r":[-0.8694648146629333,6.7308869589055575e-9,0.4939948618412018,6.01350222950714e-8,1,9.221633945344365e-8,-0.4939948618412018,1.0988525644961555e-7,-0.8694648146629333]}},{"t":5.541890621185303,"j":false,"c":{"p":[34.01139831542969,42.120697021484375,-450.1098327636719],"r":[-0.8828527927398682,6.037291910843123e-8,0.4696497619152069,8.789557881527799e-8,1,3.6678269310641554e-8,-0.4696497619152069,7.366165277744585e-8,-0.8828527927398682]}},{"t":5.605926275253296,"j":false,"c":{"p":[33.110897064208984,42.53043746948242,-448.32427978515625],"r":[-0.9018009305000305,1.1313053249750737e-7,0.4321517050266266,7.253748179891772e-8,1,-1.1041532133049259e-7,-0.4321517050266266,-6.822544662554719e-8,-0.9018009305000305]}},{"t":5.669061660766602,"j":false,"c":{"p":[32.26591491699219,43.213844299316406,-446.5116271972656],"r":[-0.9077761173248291,-8.799083417443399e-8,0.41945505142211914,-9.915428478279864e-8,1,-4.813519804969246e-9,-0.41945505142211914,-4.596036617954269e-8,-0.9077761173248291]}},{"t":5.73111891746521,"j":false,"c":{"p":[31.427003860473633,43.36113357543945,-444.6961364746094],"r":[-0.9077762365341187,-6.613475989070139e-8,0.41945478320121765,-2.700443957337484e-8,1,9.922588617428119e-8,-0.41945478320121765,7.87477603125808e-8,-0.9077762365341187]}},{"t":5.760276556015015,"j":true,"c":{"p":[31.094112396240234,43.361629486083984,-443.97247314453125],"r":[-0.9106825590133667,-3.628877465189362e-8,0.41310685873031616,2.705054791274364e-10,1,8.84398758671523e-8,-0.41310685873031616,8.065239853749517e-8,-0.9106825590133667]}},{"t":5.769259691238403,"j":true,"c":{"p":[30.930971145629883,44.015830993652344,-443.61376953125],"r":[-0.9106825590133667,-1.1488693552053064e-8,0.41310685873031616,1.3183383273940308e-8,1,5.687286730449159e-8,-0.41310685873031616,5.7239272877041e-8,-0.9106825590133667]}},{"t":5.777257919311523,"j":true,"c":{"p":[30.821168899536133,44.434932708740234,-443.37188720703125],"r":[-0.9106825590133667,5.035865946467766e-9,0.41310685873031616,2.178737368296879e-8,1,3.583943453122629e-8,-0.41310685873031616,4.1638859471504475e-8,-0.9106825590133667]}},{"t":5.792596340179443,"j":false,"c":{"p":[30.600902557373047,45.23225784301758,-442.8863220214844],"r":[-0.9106825590133667,3.8063813434519034e-8,0.41310685873031616,3.898433220683728e-8,1,-6.200482793872197e-9,-0.41310685873031616,1.0458022892123608e-8,-0.9106825590133667]}},{"t":5.8526506423950195,"j":false,"c":{"p":[29.847454071044922,47.593711853027344,-441.17840576171875],"r":[-0.9163606762886047,9.677738432856131e-8,0.4003537595272064,5.862607821427446e-8,1,-1.0754177282024102e-7,-0.4003537595272064,-7.507588151156597e-8,-0.9163606762886047]}},{"t":5.914287090301514,"j":false,"c":{"p":[29.046741485595703,49.38298034667969,-439.34552001953125],"r":[-0.9190356135368347,2.381016450669904e-8,0.3941745460033417,-4.825045696321695e-9,1,-7.165494508853953e-8,-0.3941745460033417,-6.775535155156831e-8,-0.9190356135368347]}},{"t":5.982781887054443,"j":false,"c":{"p":[28.240299224853516,50.44678497314453,-437.37054443359375],"r":[-0.9322531819343567,-6.517115735960033e-9,0.36180660128593445,-5.930487034788712e-8,1,-1.3479586868925253e-7,-0.36180660128593445,-1.4712077245349064e-7,-0.9322531819343567]}},{"t":6.051105499267578,"j":false,"c":{"p":[27.448623657226562,51.30035400390625,-435.2522888183594],"r":[-0.9420539736747742,3.2179510611740625e-8,0.3354613780975342,6.671497798649284e-10,1,-9.405261636175055e-8,-0.3354613780975342,-8.83788402461505e-8,-0.9420539736747742]}},{"t":6.116508483886719,"j":false,"c":{"p":[26.816959381103516,53.16463088989258,-433.3570251464844],"r":[-0.963161826133728,7.615371799829518e-8,0.2689225673675537,5.472690745023101e-8,1,-8.717324817553163e-8,-0.2689225673675537,-6.924464202029412e-8,-0.963161826133728]}},{"t":6.183588981628418,"j":false,"c":{"p":[26.219106674194336,53.39138412475586,-431.17071533203125],"r":[-0.9650158286094666,1.1450724457517936e-7,0.26219162344932556,1.0031378394614876e-7,1,-6.751877634769698e-8,-0.26219162344932556,-3.885525146074542e-8,-0.9650158286094666]}},{"t":6.219882011413574,"j":true,"c":{"p":[25.939428329467773,53.40443420410156,-430.14141845703125],"r":[-0.9650158286094666,5.283036674796904e-9,0.26219162344932556,8.303560505851237e-9,1,1.041234831689053e-8,-0.26219162344932556,1.2225204848448357e-8,-0.9650158286094666]}},{"t":6.227893829345703,"j":true,"c":{"p":[25.869508743286133,53.84397506713867,-429.88409423828125],"r":[-0.9650158286094666,-2.1993868060121713e-8,0.26219162344932556,-1.4674442105899743e-8,1,2.987432878853724e-8,-0.26219162344932556,2.498168250042454e-8,-0.9650158286094666]}},{"t":6.235307931900024,"j":true,"c":{"p":[25.799589157104492,54.26988983154297,-429.62677001953125],"r":[-0.9650158286094666,-4.925912477915517e-8,0.26219162344932556,-3.764263212246988e-8,1,4.932799413381872e-8,-0.26219162344932556,3.7732711177795863e-8,-0.9650158286094666]}},{"t":6.250611066818237,"j":false,"c":{"p":[25.65974998474121,55.080841064453125,-429.11212158203125],"r":[-0.9650158286094666,-1.0375471504175948e-7,0.26219162344932556,-8.35496010154202e-8,1,8.821040609063857e-8,-0.26219162344932556,6.32184296023297e-8,-0.9650158286094666]}},{"t":6.316436767578125,"j":false,"c":{"p":[25.100393295288086,57.77964782714844,-427.05352783203125],"r":[-0.9650158286094666,-8.369624282522636e-8,0.26219162344932556,-7.166200788333299e-8,1,5.546046821791606e-8,-0.26219162344932556,3.473105181228675e-8,-0.9650158286094666]}},{"t":6.3826775550842285,"j":false,"c":{"p":[24.59324836730957,59.517822265625,-425.1192321777344],"r":[-0.9807009696960449,-2.6142714659727062e-8,0.19551372528076172,-3.8939475643928745e-8,1,-6.160829002510582e-8,-0.19551372528076172,-6.803251295650625e-8,-0.9807009696960449]}},{"t":6.44743275642395,"j":false,"c":{"p":[24.262483596801758,60.527130126953125,-423.0122375488281],"r":[-0.990266740322113,3.9748169200493066e-8,0.13918235898017883,2.6744071845996586e-8,1,-9.530231892540542e-8,-0.13918235898017883,-9.065242068118096e-8,-0.990266740322113]}},{"t":6.513653755187988,"j":false,"c":{"p":[23.965578079223633,60.6644401550293,-420.8994445800781],"r":[-0.9902676939964294,5.307504125084961e-8,0.13917581737041473,5.8722076090589326e-8,1,3.646852064775885e-8,-0.13917581737041473,4.4286288414241426e-8,-0.9902676939964294]}},{"t":6.581854820251465,"j":false,"c":{"p":[23.661022186279297,59.73217010498047,-418.787841796875],"r":[-0.9871358275413513,9.041452031510744e-10,0.15988384187221527,8.79921380203541e-9,1,4.8672049501874426e-8,-0.15988384187221527,4.945277609635923e-8,-0.9871358275413513]}},{"t":6.647127866744995,"j":false,"c":{"p":[23.36740493774414,59.659934997558594,-416.9698791503906],"r":[-0.9898000955581665,0.01363870408385992,0.14180873334407806,0.002886490197852254,0.9971224665641785,-0.07575280964374542,-0.14243383705615997,-0.07457081228494644,-0.986991286277771]}},{"t":6.711127758026123,"j":false,"c":{"p":[23.35004234313965,59.693092346191406,-416.85113525390625],"r":[-0.9952547550201416,0.002332801464945078,0.09727556258440018,-0.00014422318781726062,0.9996761083602905,-0.025449199602007866,-0.09730342030525208,-0.025342466309666634,-0.9949320554733276]}},{"t":6.716165781021118,"j":true,"c":{"p":[23.35004234313965,59.693092346191406,-416.85113525390625],"r":[-0.9952547550201416,0.002332801464945078,0.09727556258440018,-0.00014422318781726062,0.9996761083602905,-0.025449199602007866,-0.09730342030525208,-0.025342466309666634,-0.9949320554733276]}},{"t":6.728477716445923,"j":true,"c":{"p":[23.34632110595703,60.35747146606445,-416.7879638671875],"r":[-0.995179295539856,0.0025321380235254765,0.09803936630487442,0.0016348649514839053,0.9999560713768005,-0.009231426753103733,-0.09805843234062195,-0.009026643820106983,-0.9951397180557251]}},{"t":6.777028799057007,"j":false,"c":{"p":[23.34526252746582,63.01100158691406,-417.0450439453125],"r":[-0.8439698815345764,0.017063753679394722,0.5361190438270569,0.015356886200606823,0.9998528361320496,-0.007648472674190998,-0.5361706614494324,0.0017780388006940484,-0.8441077470779419]}},{"t":6.788014650344849,"j":true,"c":{"p":[23.3288631439209,63.649967193603516,-417.10638427734375],"r":[-0.7820823788642883,0.013205171562731266,0.6230351328849792,0.011512601748108864,0.9999110102653503,-0.006741502787917852,-0.6230686902999878,0.001900344854220748,-0.7821648120880127]}},{"t":6.837538957595825,"j":false,"c":{"p":[23.104511260986328,65.82485961914062,-417.1975402832031],"r":[-0.2618826627731323,-0.0002605147019494325,0.9650996923446655,0.0002829843433573842,0.9999998807907104,0.0003467241476755589,-0.9650996923446655,0.0003639091446530074,-0.26188257336616516]}},{"t":6.898052453994751,"j":false,"c":{"p":[22.38584327697754,67.82359313964844,-417.1220703125],"r":[-0.04771415889263153,-0.00023128523025661707,0.9988610148429871,-0.00005253275958239101,1,0.00022903954959474504,-0.9988610148429871,-0.00004154449561610818,-0.047714170068502426]}},{"t":6.963808298110962,"j":false,"c":{"p":[21.05504608154297,69.09298706054688,-417.12799072265625],"r":[-0.048681676387786865,0.0000034844340461859247,0.9988143444061279,-0.000024636785383336246,1,-0.000004689353772846516,-0.9988143444061279,-0.00002483585922163911,-0.048681676387786865]}},{"t":7.030024766921997,"j":false,"c":{"p":[19.17095947265625,69.49038696289062,-417.1142883300781],"r":[-0.048846837133169174,-4.942396358842416e-8,0.9988062977790833,3.482826969047892e-7,1,6.651587369788103e-8,-0.9988062977790833,3.5111602869619674e-7,-0.048846837133169174]}},{"t":7.091494798660278,"j":true,"c":{"p":[17.332775115966797,69.122802734375,-417.1092224121094],"r":[-0.048846859484910965,5.719816797977728e-8,0.9988062977790833,-0.00000951958372752415,1,-5.228240524957073e-7,-0.9988062977790833,-0.000009533758202451281,-0.048846859484910965]}},{"t":7.09947657585144,"j":false,"c":{"p":[17.073158264160156,69.01579284667969,-417.1231384277344],"r":[-0