{"v":1,"d":[{"t":0,"j":true,"c":{"p":[-571.256103515625,6.390612602233887,72.48407745361328],"r":[-0.027921808883547783,7.868263196542102e-8,-0.9996101260185242,-8.476971657955801e-8,1,8.108116844596225e-8,0.9996101260185242,8.700060050159664e-8,-0.027921808883547783]}},{"t":0.0074918270111083984,"j":true,"c":{"p":[-570.989501953125,6.830151081085205,72.49152374267578],"r":[-0.027921808883547783,9.07535167016249e-8,-0.9996101260185242,-9.77469980512069e-8,1,9.351925456257959e-8,0.9996101260185242,1.0032011488192438e-7,-0.027921808883547783]}},{"t":0.015493154525756836,"j":true,"c":{"p":[-570.722900390625,7.256064414978027,72.49897003173828],"r":[-0.027921799570322037,1.0281925000299452e-7,-0.9996101260185242,-1.1071873728951687e-7,1,1.0595202581953345e-7,0.9996101260185242,1.1363393781493869e-7,-0.027921799570322037]}},{"t":0.047293663024902344,"j":false,"c":{"p":[-569.656494140625,8.823469161987305,72.52875518798828],"r":[-0.02792173996567726,6.73524453986829e-8,-0.9996101260185242,-7.248014810556924e-8,1,6.940327779147992e-8,0.9996101260185242,7.438974591877923e-8,-0.02792173996567726]}},{"t":0.09911775588989258,"j":true,"c":{"p":[-568.056884765625,10.765825271606445,72.57343292236328],"r":[-0.027921762317419052,-3.6423868365886847e-9,-0.9996101260185242,4.031420086647586e-9,1,-3.756415623001885e-9,0.9996101260185242,-4.134733888605524e-9,-0.027921762317419052]}},{"t":0.11344408988952637,"j":false,"c":{"p":[-567.523681640625,11.304276466369629,72.58832550048828],"r":[-0.027921732515096664,-2.7266931823533014e-8,-0.9996101260185242,2.9491731723396697e-8,1,-2.810134880348869e-8,0.9996101260185242,-3.026487149782042e-8,-0.027921732515096664]}},{"t":0.180556058883667,"j":false,"c":{"p":[-565.390869140625,12.91308307647705,72.64789581298828],"r":[-0.027921726927161217,-9.759913410789522e-8,-0.9996101260185242,1.0527079297162345e-7,1,-1.0057769372906478e-7,0.9996101260185242,-1.0803805139403266e-7,-0.027921726927161217]}},{"t":0.2465524673461914,"j":false,"c":{"p":[-563.258056640625,13.649889945983887,72.70746612548828],"r":[-0.02792171947658062,-2.2663097787312125e-10,-0.9996101260185242,1.8487808506328918e-10,1,-2.318834985137741e-10,0.9996101260185242,-1.9128058859063657e-10,-0.02792171947658062]}},{"t":0.3135337829589844,"j":false,"c":{"p":[-561.1510620117188,13.565267562866211,72.75665283203125],"r":[-0.007035072427242994,7.17800361371701e-8,-0.9999752640724182,-9.029231051727038e-8,1,7.241703769977903e-8,0.9999752640724182,9.079953144919273e-8,-0.007035072427242994]}},{"t":0.38048648834228516,"j":false,"c":{"p":[-559.4235229492188,13.562973976135254,72.73802185058594],"r":[0.04187572002410889,-4.709802681190922e-8,-0.9991227984428406,3.410208648801927e-8,1,-4.5710073948157515e-8,0.9991227984428406,-3.215802735212492e-8,0.04187572002410889]}},{"t":0.441387414932251,"j":true,"c":{"p":[-558.16162109375,13.947737693786621,72.67277526855469],"r":[0.05582144483923912,-3.147866678432365e-8,-0.9984407424926758,3.5170838685871786e-8,1,-2.956147504562523e-8,0.9984407424926758,-3.3465834547996565e-8,0.05582144483923912]}},{"t":0.44782495498657227,"j":false,"c":{"p":[-557.995849609375,14.387276649475098,72.66351318359375],"r":[0.05582132562994957,-1.954941808435251e-8,-0.9984408020973206,2.6526414842464874e-8,1,-1.8096894649488604e-8,0.9984408020973206,-2.547486133153143e-8,0.05582132562994957]}},{"t":0.44948291778564453,"j":true,"c":{"p":[-557.995849609375,14.387276649475098,72.66351318359375],"r":[0.05582132562994957,-1.954941808435251e-8,-0.9984408020973206,2.6526414842464874e-8,1,-1.8096894649488604e-8,0.9984408020973206,-2.547486133153143e-8,0.05582132562994957]}},{"t":0.4571805000305176,"j":true,"c":{"p":[-557.8226928710938,14.813189506530762,72.6538314819336],"r":[0.05582132935523987,-7.62526308761835e-9,-0.9984408020973206,1.7885682268570235e-8,1,-6.637209448712156e-9,0.9984408020973206,-1.7487295167484262e-8,0.05582132935523987]}},{"t":0.5136232376098633,"j":false,"c":{"p":[-556.3331298828125,17.413082122802734,72.56608581542969],"r":[0.06278981268405914,6.206366975902711e-8,-0.9980267882347107,-4.2378278664045865e-8,1,5.952019321853186e-8,0.9980267882347107,3.855739194591479e-8,0.06278981268405914]}},{"t":0.5314788818359375,"j":true,"c":{"p":[-555.8189697265625,18.033283233642578,72.53402709960938],"r":[0.06279037147760391,8.143871355059673e-8,-0.9980267286300659,-5.95387383839352e-8,1,7.785388334013987e-8,0.9980267286300659,5.4532780069393993e-8,0.06279037147760391]}},{"t":0.5808300971984863,"j":false,"c":{"p":[-554.2229614257812,19.5668888092041,72.43363189697266],"r":[0.06279050558805466,1.3946450394541898e-7,-0.9980267286300659,-1.1093222695990335e-7,1,1.3276098798087332e-7,0.9980267286300659,1.0237720005079609e-7,0.06279050558805466]}},{"t":0.6469063758850098,"j":false,"c":{"p":[-552.1941528320312,20.968538284301758,72.3060073852539],"r":[0.06279047578573227,-8.936638096201932e-9,-0.9980267286300659,3.0464395450735537e-9,1,-8.762642167425838e-9,0.9980267286300659,-2.4902175876917454e-9,0.06279047578573227]}},{"t":0.7134134769439697,"j":false,"c":{"p":[-551.4603881835938,22.069351196289062,72.25984191894531],"r":[0.06279047578573227,-5.73232838974036e-8,-0.9980267286300659,4.299143085972901e-8,1,-5.473183151138983e-8,0.9980267286300659,-3.946995974501988e-8,0.06279047578573227]}},{"t":0.7799346446990967,"j":false,"c":{"p":[-551.2881469726562,23.548847198486328,72.24900817871094],"r":[0.06279047578573227,3.54354021681047e-8,-0.9980267286300659,-2.0850082549372928e-8,1,3.419368965751346e-8,0.9980267286300659,1.8661900469396642e-8,0.06279047578573227]}},{"t":0.8461849689483643,"j":false,"c":{"p":[-550.5081176757812,24.869831085205078,72.1999282836914],"r":[0.06279059499502182,5.797080149250178e-8,-0.9980267286300659,-3.85093095189859e-8,1,5.566261762623981e-8,0.9980267286300659,3.493823186317968e-8,0.06279059499502182]}},{"t":0.9128501415252686,"j":false,"c":{"p":[-548.4308471679688,26.494380950927734,72.0779800415039],"r":[0.048849619925022125,-9.134151213174846e-8,-0.9988061189651489,5.6646989321507135e-8,1,-8.868019563124108e-8,0.9988061189651489,-5.2247365545099456e-8,0.048849619925022125]}},{"t":0.9798746109008789,"j":false,"c":{"p":[-546.321044921875,27.71460723876953,71.98052215576172],"r":[0.034899353981018066,1.4328234154703523e-9,-0.9993908405303955,5.095620037032234e-10,1,1.4514909274510046e-9,0.9993908405303955,-5.599077312901102e-10,0.034899353981018066]}},{"t":1.0479166507720947,"j":false,"c":{"p":[-544.6744995117188,29.804248809814453,71.91936492919922],"r":[0.157510906457901,0.02328651212155819,-0.9872426390647888,0.00044056822662241757,0.9997201561927795,0.023651115596294403,0.9875171780586243,-0.004160256590694189,0.15745657682418823]}},{"t":1.1132214069366455,"j":false,"c":{"p":[-543.8058471679688,30.621910095214844,71.82152557373047],"r":[0.15299540758132935,-0.00026173112564720213,-0.9882268905639648,-7.052350525782458e-8,0.9999999403953552,-0.0002648601366672665,0.9882268905639648,0.000040592076402390376,0.15299539268016815]}},{"t":1.179389238357544,"j":false,"c":{"p":[-541.8712768554688,32.580753326416016,71.40765380859375],"r":[0.3420200049877167,-0.0000040379518395639025,-0.9396926760673523,0.0000013634553397423588,1,-0.0000038008415685908403,0.9396926760673523,1.8734846563006613e-8,0.3420200049877167]}},{"t":1.2425830364227295,"j":false,"c":{"p":[-539.9727783203125,33.10219955444336,70.45584106445312],"r":[0.6101455092430115,1.0655421789351749e-7,-0.7922893762588501,6.203497715517869e-10,1,1.3496675421720283e-7,0.7922893762588501,-8.284085595278157e-8,0.6101455092430115]}},{"t":1.245962142944336,"j":true,"c":{"p":[-539.9727783203125,33.10219955444336,70.45584106445312],"r":[0.6101455092430115,1.0655421789351749e-7,-0.7922893762588501,6.203497715517869e-10,1,1.3496675421720283e-7,0.7922893762588501,-8.284085595278157e-8,0.6101455092430115]}},{"t":1.2550849914550781,"j":true,"c":{"p":[-539.75439453125,33.54174041748047,70.30281066894531],"r":[0.6266033053398132,4.157599065024442e-8,-0.7793383598327637,4.9321080552999774e-8,1,9.300291736735744e-8,0.7793383598327637,-9.671374812114664e-8,0.6266033053398132]}},{"t":1.2617006301879883,"j":true,"c":{"p":[-539.54052734375,33.967655181884766,70.14381408691406],"r":[0.6626135110855103,-3.383705404758075e-8,-0.7489615082740784,8.439692322781411e-8,1,2.948814170622427e-8,0.7489615082740784,-8.274928831042416e-8,0.6626135110855103]}},{"t":1.3051905632019043,"j":false,"c":{"p":[-538.4371948242188,36.066627502441406,69.17878723144531],"r":[0.6691225171089172,-8.652486371829582e-8,-0.7431520819664001,-4.731868674667794e-9,1,-1.2069004640125058e-7,0.7431520819664001,8.427293352042398e-8,0.6691225171089172]}},{"t":1.37225341796875,"j":false,"c":{"p":[-536.8699951171875,38.383934020996094,67.73189544677734],"r":[0.7039915323257446,-4.0640873777419984e-8,-0.7102083563804626,-7.428509007922912e-8,1,-1.3085869454698695e-7,0.7102083563804626,1.448813122806314e-7,0.7039915323257446]}},{"t":1.4386754035949707,"j":false,"c":{"p":[-535.5682983398438,39.82924270629883,66.06170654296875],"r":[0.9883298277854919,-5.447258217827766e-7,-0.15232904255390167,1.9474771306704497e-7,1,-0.000002312433935003355,0.15232904255390167,0.000002255781737403595,0.9883298277854919]}},{"t":1.5044662952423096,"j":false,"c":{"p":[-534.8372192382812,40.402549743652344,64.13151550292969],"r":[0.9998080730438232,1.174206243348408e-8,0.01959024928510189,-1.194394183556824e-8,1,1.0188074384132051e-8,-0.01959024928510189,-1.0420103890851351e-8,0.9998080730438232]}},{"t":1.5649735927581787,"j":false,"c":{"p":[-534.7048950195312,40.188880920410156,62.33937072753906],"r":[0.8815826177597046,4.999243969905365e-7,0.47202974557876587,9.778468523791162e-8,1,-0.0000012417218613336445,-0.47202974557876587,0.0000011408377531552105,0.8815826177597046]}},{"t":1.6260097026824951,"j":false,"c":{"p":[-535.1362915039062,39.766258239746094,60.5453987121582],"r":[0.6271538734436035,2.802269420953962e-7,0.778895378112793,2.7425864246310994e-8,1,-3.818576885805669e-7,-0.778895378112793,2.608454110486491e-7,0.6271538734436035]}},{"t":1.689077615737915,"j":false,"c":{"p":[-536.6069946289062,40.96607971191406,59.30918502807617],"r":[0.5990239381790161,5.83377754992398e-8,0.8007311224937439,7.69874830552908e-9,1,-7.861503803496817e-8,-0.8007311224937439,5.325691887492212e-8,0.5990239381790161]}},{"t":1.707817792892456,"j":true,"c":{"p":[-537.0339965820312,41.05529022216797,58.98971176147461],"r":[0.5990234613418579,7.969595117174322e-8,0.8007314801216125,9.084133445469433e-9,1,-1.0632473390614905e-7,-0.8007314801216125,7.096496545955233e-8,0.5990234613418579]}},{"t":1.716240644454956,"j":true,"c":{"p":[-537.1407470703125,41.276763916015625,58.90984344482422],"r":[0.5990233421325684,8.503264581349868e-8,0.8007315397262573,9.430302760904397e-9,1,-1.1324846127536148e-7,-0.8007315397262573,7.538961455111348e-8,0.5990233421325684]}},{"t":1.7332780361175537,"j":true,"c":{"p":[-537.6728515625,42.33303451538086,58.50830078125],"r":[0.6154640316963196,1.1048568637761491e-7,0.7881649732589722,1.0649896076131427e-8,1,-1.484972358412051e-7,-0.7881649732589722,9.978858628301168e-8,0.6154640316963196]}},{"t":1.756448745727539,"j":false,"c":{"p":[-538.29248046875,43.48814392089844,58.00247573852539],"r":[0.673001766204834,1.1882354300496445e-7,0.7396408915519714,9.430777048180516e-9,1,-1.69231412883164e-7,-0.7396408915519714,1.208684210496358e-7,0.673001766204834]}},{"t":1.7825369834899902,"j":true,"c":{"p":[-538.7772827148438,44.35707473754883,57.54555130004883],"r":[0.7508540749549866,1.473321873390887e-7,0.6604681611061096,1.078213163197006e-8,1,-2.3533003457032464e-7,-0.6604681611061096,1.8381976474302064e-7,0.7508540749549866]}},{"t":1.8213675022125244,"j":false,"c":{"p":[-538.8704833984375,45.53939437866211,56.72146987915039],"r":[0.761366605758667,-0.000551010831259191,0.6483213305473328,0.0034924207720905542,0.9999886155128479,-0.003251486923545599,-0.6483121514320374,0.004739784635603428,0.7613598704338074]}},{"t":1.887598991394043,"j":false,"c":{"p":[-538.8536376953125,46.62826919555664,55.17953109741211],"r":[0.7962486743927002,4.326441569446615e-7,0.6049695014953613,-0.00002121838042512536,1,0.00002721205419220496,-0.6049695014953613,-0.00003450403528404422,0.7962486743927002]}},{"t":1.954664707183838,"j":false,"c":{"p":[-538.84521484375,46.873844146728516,53.28749084472656],"r":[0.8350145220756531,0.00013831212709192187,0.5502278804779053,0.0006130608380772173,0.9999991059303284,-0.0011817406630143523,-0.5502275824546814,0.0013240937842056155,0.8350136876106262]}},{"t":2.021070957183838,"j":false,"c":{"p":[-538.8423461914062,47.08414077758789,51.941062927246094],"r":[0.8789530396461487,-0.0004970749723725021,0.4769080579280853,0.001075892010703683,0.9999989867210388,-0.0009406091412529349,-0.4769071042537689,0.0013398528099060059,0.87895268201828]}},{"t":2.087850570678711,"j":false,"c":{"p":[-539.2000732421875,49.90370559692383,50.56911849975586],"r":[-0.32738691568374634,0.004883169196546078,0.9448777437210083,0.0032940527889877558,0.999986469745636,-0.00402663042768836,-0.9448845982551575,0.0017942111007869244,-0.3273985683917999]}},{"t":2.133845090866089,"j":false,"c":{"p":[-539.3280029296875,50.94338607788086,51.09393310546875],"r":[0.08857155591249466,0.004858675878494978,0.9960579872131348,0.02503073215484619,0.9996614456176758,-0.007102038245648146,-0.9957552552223206,0.025561098009347916,0.08841995894908905]}},{"t":2.185225248336792,"j":true,"c":{"p":[-539.1405639648438,53.59189987182617,51.456199645996094],"r":[0.4192880690097809,-0.01043978426605463,0.9077932238578796,0.05613149330019951,0.9983189105987549,-0.014444959349930286,-0.9061163067817688,0.05701238662004471,0.41916921734809875]}},{"t":2.2002556324005127,"j":false,"c":{"p":[-539.1166381835938,54.41878128051758,51.512939453125],"r":[0.5199083089828491,-0.007050200365483761,0.8541929721832275,0.021313030272722244,0.999761700630188,-0.004720598924905062,-0.8539561629295349,0.02065971866250038,0.5199347138404846]}},{"t":2.2665486335754395,"j":false,"c":{"p":[-539.3215942382812,57.029502868652344,51.59764862060547],"r":[0.5934074521064758,0.00014075973012950271,0.8049022555351257,-0.00037823832826688886,0.9999999403953552,0.00010397500591352582,-0.8049021363258362,-0.0003661444061435759,0.5934074521064758]}},{"t":2.3329858779907227,"j":false,"c":{"p":[-540.0012817382812,58.96928787231445,51.290897369384766],"r":[0.5934187173843384,-0.000001917788040373125,0.8048939108848572,0.000004986789008398773,1,-0.0000012939170801473665,-0.8048939108848572,0.000004781670668307925,0.5934187173843384]}},{"t":2.401644229888916,"j":false,"c":{"p":[-541.2476806640625,60.07486343383789,50.507667541503906],"r":[0.5246117115020752,1.299148806310768e-7,0.8513416051864624,-1.079747491417038e-7,1,-8.606424017898462e-8,-0.8513416051864624,-4.677309206613245e-8,0.5246117115020752]}},{"t":2.466318368911743,"j":false,"c":{"p":[-542.531005859375,60.0914306640625,50.47311019897461],"r":[0.500773012638092,0.0000944085986702703,0.8655786514282227,-0.000013552180462284014,1,-0.00010122943058377132,-0.8655786514282227,0.0000389624728995841,0.500773012638092]}},{"t":2.533700466156006,"j":false,"c":{"p":[-544.07763671875,59.23796463012695,50.46373748779297],"r":[0.5810056924819946,-0.0000016500885067216586,0.8138995170593262,0.000011322770660626702,1,-0.000006055422090867069,-0.8138995170593262,0.000012733831681543961,0.5810056924819946]}},{"t":2.5996906757354736,"j":false,"c":{"p":[-545.7864990234375,57.518310546875,50.410091400146484],"r":[0.621136486530304,0.000008612732926849276,0.7837024331092834,0.00002563451744208578,1,-0.000031306866731029004,-0.7837024331092834,0.00003953566920245066,0.621136486530304]}},{"t":2.6670920848846436,"j":false,"c":{"p":[-547.488037109375,54.927486419677734,49.8489875793457],"r":[0.6264937520027161,-7.05001568235275e-8,0.7794263958930969,-2.7821329240396153e-7,1,3.140758906283736e-7,-0.7794263958930969,-4.13613378213995e-7,0.6264937520027161]}},{"t":2.7113189697265625,"j":true,"c":{"p":[-548.52880859375,53.159183502197266,49.04228591918945],"r":[0.6266037225723267,-2.78652034779725e-8,0.7793380618095398,-4.117329766017974e-8,1,6.885913705900748e-8,-0.7793380618095398,-7.523530598518846e-8,0.6266037225723267]}},{"t":2.7274975776672363,"j":true,"c":{"p":[-548.9443359375,53.23092269897461,48.70810317993164],"r":[0.6374239325523376,-5.281569670501085e-8,0.7705132961273193,-1.4194252173638233e-7,1,1.859711602492098e-7,-0.7705132961273193,-2.2791105891428742e-7,0.6374239325523376]}},{"t":2.733790636062622,"j":false,"c":{"p":[-549.152099609375,53.67046356201172,48.541011810302734],"r":[0.6481204032897949,-3.469681786327783e-8,0.7615379095077515,-1.1008910405507777e-7,1,1.3925480857324146e-7,-0.7615379095077515,-1.7409089991815563e-7,0.6481204032897949]}},{"t":2.735807180404663,"j":true,"c":{"p":[-549.152099609375,53.67046356201172,48.541011810302734],"r":[0.6481204032897949,-3.469681786327783e-8,0.7615379095077515,-1.1008910405507777e-7,1,1.3925480857324146e-7,-0.7615379095077515,-1.7409089991815563e-7,0.6481204032897949]}},{"t":2.7446744441986084,"j":true,"c":{"p":[-549.3563842773438,54.096378326416016,48.36965560913086],"r":[0.6583130359649658,-1.5525042584840776e-8,0.7527442574501038,-7.881774877205316e-8,1,8.955471031413254e-8,-0.7527442574501038,-1.1828463897245456e-7,0.6583130359649658]}},{"t":2.801468849182129,"j":false,"c":{"p":[-550.7327880859375,56.8564338684082,46.926612854003906],"r":[0.8380787968635559,2.6010715714619437e-7,0.545549213886261,2.0900566610748683e-8,1,-5.088880357106973e-7,-0.545549213886261,4.3789057713183865e-7,0.8380787968635559]}},{"t":2.8670053482055664,"j":false,"c":{"p":[-551.6685180664062,58.85007858276367,45.17271041870117],"r":[0.9696804285049438,7.047652417213612e-8,0.24437643587589264,2.0043913195877394e-8,1,-3.679271003420581e-7,-0.24437643587589264,3.6166994732411695e-7,0.9696804285049438]}},{"t":2.9335076808929443,"j":false,"c":{"p":[-552.0823364257812,60.07732009887695,43.22947311401367],"r":[0.9999902844429016,-1.5458615720831403e-8,-0.004413450602442026,1.422712525567249e-8,1,-2.790626183468703e-7,0.004413450602442026,2.789971063066332e-7,0.9999902844429016]}},{"t":3.0009989738464355,"j":false,"c":{"p":[-551.9254150390625,60.5416259765625,41.11387634277344],"r":[0.9424949884414673,-1.9572044607230055e-7,-0.334220290184021,2.9161252967924156e-8,1,-5.033689376432449e-7,0.334220290184021,4.646764182325569e-7,0.9424949884414673]}},{"t":3.0667052268981934,"j":false,"c":{"p":[-551.209716796875,59.77340316772461,39.10896682739258],"r":[0.9323239326477051,2.4231137984997986e-8,-0.36162427067756653,-3.800250336638555e-9,1,5.720875506654011e-8,0.36162427067756653,-5.1962828706564324e-8,0.9323239326477051]}},{"t":3.134880304336548,"j":false,"c":{"p":[-550.3870849609375,59.317535400390625,36.99686050415039],"r":[0.9297761917114258,-3.591487285348194e-8,-0.36812537908554077,4.7384558499175e-9,1,-8.559358377624449e-8,0.36812537908554077,7.78385285116201e-8,0.9297761917114258]}},{"t":3.1731836795806885,"j":true,"c":{"p":[-549.9454345703125,59.350765228271484,35.881126403808594],"r":[0.9271839261054993,-3.713756413503688e-8,-0.3746064305305481,5.474079856071512e-9,1,-8.558872366393189e-8,0.3746064305305481,7.730586304433018e-8,0.9271839261054993]}},{"t":3.182124376296997,"j":true,"c":{"p":[-549.8472900390625,59.790306091308594,35.63318634033203],"r":[0.9271839261054993,-3.7288842236193886e-8,-0.3746064305305481,5.637363909016813e-9,1,-8.558841102512815e-8,0.3746064305305481,7.724440109768693e-8,0.9271839261054993]}},{"t":3.1900787353515625,"j":true,"c":{"p":[-549.7478637695312,60.21622085571289,35.38576126098633],"r":[0.9220566153526306,-3.961422834208861e-8,-0.387054979801178,5.976325656575909e-9,1,-8.811078089365765e-8,0.387054979801178,7.892996478631176e-8,0.9220566153526306]}},{"t":3.196378707885742,"j":false,"c":{"p":[-549.6455078125,60.628509521484375,35.13954162597656],"r":[0.9193449020385742,-4.474263803899703e-8,-0.39345258474349976,6.670934471486589e-9,1,-9.813062717967114e-8,0.39345258474349976,8.759119651813307e-8,0.9193449020385742]}},{"t":3.257795810699463,"j":false,"c":{"p":[-548.8642578125,63.133026123046875,33.44463348388672],"r":[0.8897022604942322,-8.003381424259715e-8,-0.45654118061065674,8.00724908600614e-9,1,-1.597002636799516e-7,0.45654118061065674,1.3843003898728057e-7,0.8897022604942322]}},{"t":3.3199665546417236,"j":false,"c":{"p":[-547.902099609375,65.07555389404297,31.691688537597656],"r":[0.86262446641922,-8.282281527272062e-8,-0.5058448314666748,7.471863128216683e-9,1,-1.509897913365421e-7,0.5058448314666748,1.2646789571135741e-7,0.86262446641922]}},{"t":3.3814916610717773,"j":false,"c":{"p":[-546.8713989257812,66.25170135498047,29.977998733520508],"r":[0.8296828269958496,-9.51247827174484e-8,-0.5582350492477417,8.447253563304002e-9,1,-1.5784792140038917e-7,0.5582350492477417,1.2624815326489625e-7,0.8296828269958496]}},{"t":3.442308187484741,"j":false,"c":{"p":[-545.652587890625,66.66144561767578,28.395668029785156],"r":[0.7205192446708679,-1.4324490393846645e-7,-0.6934349536895752,1.022812146089791e-8,1,-1.9594534705902333e-7,0.6934349536895752,1.3408985921614658e-7,0.7205192446708679]}},{"t":3.5052108764648438,"j":false,"c":{"p":[-544.1458740234375,67.33153533935547,27.08791732788086],"r":[0.5180284380912781,8.536778750567464e-8,-0.8553633689880371,9.750442231393208e-9,1,1.0570803965492814e-7,0.8553633689880371,-6.309994660114171e-8,0.5180284380912781]}},{"t":3.5714497566223145,"j":false,"c":{"p":[-542.174560546875,67.56988525390625,26.3156795501709],"r":[0.1873805820941925,2.1928441285012923e-8,-0.9822874069213867,-3.5846817070250836e-8,1,1.5485737137055366e-8,0.9822874069213867,3.23101474464238e-8,0.1873805820941925]}},{"t":3.6402885913848877,"j":false,"c":{"p":[-540.092041015625,67.59304809570312,25.85567855834961],"r":[0.25544485449790955,-4.613863424651754e-8,-0.9668236374855042,-8.84045974203218e-8,1,-7.107928468030877e-8,0.9668236374855042,1.0362849423017906e-7,0.25544485449790955]}},{"t":3.701220989227295,"j":false,"c":{"p":[-538.158447265625,67.59505462646484,25.344886779785156],"r":[0.25544485449790955,-2.3068322807517916e-9,-0.9668236374855042,3.106905310801267e-8,1,5.822776039110522e-9,0.9668236374855042,-3.152569405528993e-8,0.25544485449790955]}},{"t":3.7295634746551514,"j":true,"c":{"p":[-537.3865356445312,67.5951919555664,25.13479995727539],"r":[0.2890312075614929,2.0013429136156446e-8,-0.9573196768760681,8.810913953993804e-8,1,4.750734916569854e-8,0.9573196768760681,-9.807971679265393e-8,0.2890312075614929]}},{"t":3.7384955883026123,"j":true,"c":{"p":[-537.1300659179688,68.03472900390625,25.06183624267578],"r":[0.29570719599723816,2.7437746297209742e-8,-0.9552786350250244,1.0681250728339364e-7,1,6.178613176643921e-8,0.9552786350250244,-1.2030631069137598e-7,0.29570719599723816]}},{"t":3.7466981410980225,"j":true,"c":{"p":[-536.8748779296875,68.46063995361328,24.984498977661133],"r":[0.3149356245994568,2.7540304259332515e-8,-0.9491130113601685,1.255556014712056e-7,1,7.067887253242588e-8,0.9491130113601685,-1.4142575821551873e-7,0.3149356245994568]}},{"t":3.763482093811035,"j":false,"c":{"p":[-536.2431030273438,69.4658203125,24.771604537963867],"r":[0.3345493674278259,-2.8228523518691873e-8,-0.9423782229423523,1.4091293110141123e-7,1,2.0070293871299327e-8,0.9423782229423523,-1.395077902088815e-7,0.3345493674278259]}},{"t":3.8278939723968506,"j":false,"c":{"p":[-534.3751220703125,71.97040557861328,24.058286666870117],"r":[0.39950886368751526,-1.36584390020289e-7,-0.9167293310165405,-1.3492467143549902e-9,1,-1.495789661021263e-7,0.9167293310165405,6.099502058987127e-8,0.39950886368751526]}},{"t":3.88950777053833,"j":false,"c":{"p":[-532.6060180664062,73.70858764648438,23.132429122924805],"r":[0.5584430694580078,-2.1749842460394575e-7,-0.829542875289917,1.4996443198356246e-8,1,-2.520951909446012e-7,0.829542875289917,1.2834061635658145e-7,0.5584430694580078]}},{"t":3.9513466358184814,"j":false,"c":{"p":[-530.9449462890625,74.68035888671875,22.018810272216797],"r":[0.542077898979187,-6.013570441609772e-8,-0.8403282761573792,1.2238941415887439e-8,1,-6.366707339111599e-8,0.8403282761573792,2.4227785999642037e-8,0.542077898979187]}},{"t":4.016537666320801,"j":false,"c":{"p":[-529.25537109375,74.94342803955078,20.948833465576172],"r":[0.5299481749534607,6.674760744118657e-9,-0.8480300307273865,1.898459345284209e-8,1,1.9734692102701956e-8,0.8480300307273865,-2.6557870569376973e-8,0.5299481749534607]}},{"t":4.083111763000488,"j":false,"c":{"p":[-527.3362426757812,75.21172332763672,19.742263793945312],"r":[0.5417076349258423,5.975496009114067e-8,-0.8405669331550598,2.7879201169866974e-8,1,8.905576720508179e-8,0.8405669331550598,-7.167652427142457e-8,0.5417076349258423]}},{"t":4.1513831615448,"j":false,"c":{"p":[-525.6549682617188,75.23542022705078,18.659406661987305],"r":[0.5239855647087097,3.601998699309661e-8,-0.8517271280288696,1.0001023120764785e-8,1,4.8443190792113455e-8,0.8517271280288696,-3.390167790939813e-8,0.5239855647087097]}},{"t":4.173275709152222,"j":true,"c":{"p":[-525.31494140625,75.23641204833984,18.448749542236328],"r":[0.5060329437255859,1.0133772043730005e-8,-0.8625141382217407,-2.5023105809651724e-9,1,1.0281014262147892e-8,0.8625141382217407,-3.044253515938067e-9,0.5060329437255859]}},{"t":4.184216499328613,"j":true,"c":{"p":[-524.86083984375,76.10186004638672,18.168895721435547],"r":[0.444634348154068,-2.510314978110273e-8,-0.8957121968269348,-2.2667144605748035e-8,1,-3.9277953334249105e-8,0.8957121968269348,3.7767563298984896e-8,0.444634348154068]}},{"t":4.195403099060059,"j":true,"c":{"p":[-524.5131225585938,76.7151870727539,17.972030639648438],"r":[0.4387630522251129,-5.362623411997447e-8,-0.8986027836799622,-3.7907458505515024e-8,1,-7.818652392188596e-8,0.8986027836799622,6.836910415586317e-8,0.4387630522251129]}},{"t":4.218177795410156,"j":false,"c":{"p":[-523.669189453125,78.02706146240234,17.574434280395508],"r":[0.40712952613830566,-1.2192573706215626e-7,-0.9133704304695129,-2.1872008204582016e-8,1,-1.4323923380743508e-7,0.9133704304695129,7.829416404092626e-8,0.40712952613830566]}},{"t":4.281560182571411,"j":false,"c":{"p":[-521.8368530273438,80.27617645263672,16.772680282592773],"r":[0.38142311573028564,-1.1051135828665792e-7,-0.9244005680084229,3.476855781059385e-8,1,-1.0520312088146966e-7,0.9244005680084229,7.986826311423556e-9,0.38142311573028564]}},{"t":4.349872827529907,"j":false,"c":{"p":[-519.834716796875,81.83048248291016,16.037534713745117],"r":[0.31603842973709106,-1.1160535251519832e-7,-0.948746383190155,-8.942219187346723e-10,1,-1.1793242293833828e-7,0.948746383190155,3.811956617028045e-8,0.31603842973709106]}},{"t":4.4149181842803955,"j":false,"c":{"p":[-517.778076171875,82.51278686523438,15.479696273803711],"r":[0.14951159060001373,-2.621261785407114e-7,-0.9887599945068359,1.2306307084486434e-8,1,-2.632451412409864e-7,0.9887599945068359,2.7190212747996156e-8,0.14951159060001373]}},{"t":4.4807751178741455,"j":false,"c":{"p":[-515.6571044921875,82.97669219970703,15.26092529296875],"r":[0.07677942514419556,-8.298815856733199e-8,-0.9970480799674988,4.810845055658319e-9,1,-8.286338726293252e-8,0.9970480799674988,1.5655592378038818e-9,0.07677942514419556]}},{"t":4.547979354858398,"j":false,"c":{"p":[-513.5301513671875,84.87161254882812,15.097257614135742],"r":[0.07671850919723511,9.720459104300971e-8,-0.997052788734436,-4.81866324619773e-9,1,9.712114490412205e-8,0.997052788734436,-2.6465281077747704e-9,0.07671850919723511]}},{"t":4.61415696144104,"j":false,"c":{"p":[-511.4031982421875,85.06221008300781,14.933591842651367],"r":[0.07671862840652466,1.3144240540441388e-7,-0.997052788734436,-7.841554960918984e-9,1,1.3122757991368417e-7,0.997052788734436,-2.249155306444095e-9,0.07671862840652466]}},{"t":4.681563138961792,"j":false,"c":{"p":[-509.276123046875,85.0789794921875,14.7713041305542],"r":[0.06279012560844421,-7.746778862838255e-8,-0.9980267286300659,3.4655780467574004e-9,1,-7.740291607660765e-8,0.9980267286300659,1.401399440936757e-9,0.06279012560844421]}},{"t":4.741709470748901,"j":false,"c":{"p":[-507.2786560058594,85.08043670654297,14.672632217407227],"r":[0.02094205468893051,-5.914648681937251e-8,-0.9997807145118713,2.3791550951557383e-9,1,-5.910962741495496e-8,0.9997807145118713,-1.1407563782483976e-9,0.02094205468893051]}},{"t":4.81140398979187,"j":false,"c":{"p":[-505.1456604003906,85.08073425292969,14.683028221130371],"r":[-0.02094276249408722,-2.0857783056271728e-8,-0.9997806549072266,2.4625090855323606e-9,1,-2.0913940801392528e-8,0.9997806549072266,-2.899964712810288e-9,-0.02094276249408722]}},{"t":4.8779826164245605,"j":false,"c":{"p":[-502.8795471191406,85.08087921142578,14.730498313903809],"r":[-0.02094288170337677,1.958247253242007e-8,-0.9997806549072266,2.886410443991849e-9,1,1.9526304129158234e-8,0.9997806549072266,-2.476840288423432e-9,-0.02094288170337677]}},{"t":4.942569971084595,"j":false,"c":{"p":[-500.7467346191406,85.08087921142578,14.775176048278809],"r":[-0.02094276249408722,5.750984399810477e-8,-0.9997806549072266,3.283971761192106e-9,1,5.7453672042129256e-8,0.9997806549072266,-2.0800128286424524e-9,-0.02094276249408722]}},{"t":5.012033700942993,"j":false,"c":{"p":[-498.7472229003906,84.95751190185547,14.817061424255371],"r":[-0.02094276249408722,9.294911507140569e-8,-0.9997806549072266,3.6554486104733996e-9,1,9.289293245728913e-8,0.9997806549072266,-1.709212216205458e-9,-0.02094276249408722]}},{"t":5.0787928104400635,"j":false,"c":{"p":[-496.6144104003906,83.77143859863281,14.861739158630371],"r":[-0.02094276249408722,1.3062593495760666e-7,-0.9997806549072266,4.050379143194505e-9,1,1.3056974523806275e-7,0.9997806549072266,-1.314999442669773e-9,-0.02094276249408722]}},{"t":5.1468141078948975,"j":false,"c":{"p":[-494.3486328125,83.46158599853516,14.919818878173828],"r":[-0.02792215719819069,-9.0464851609795e-8,-0.9996101260185242,-4.617680904317467e-9,1,-9.037115233923032e-8,0.9996101260185242,2.0925232657731385e-9,-0.02792215719819069]}},{"t":5.216771841049194,"j":false,"c":{"p":[-492.0830383300781,83.49720001220703,14.983112335205078],"r":[-0.02792215719819069,-4.067639380878063e-8,-0.9996101260185242,-5.69910396652773e-10,1,-4.067634051807545e-8,0.9996101260185242,-5.660829027753778e-10,-0.02792215719819069]}},{"t":5.283021688461304,"j":false,"c":{"p":[-490.083984375,84.64703369140625,15.038959503173828],"r":[-0.02792203798890114,1.9887666624640588e-8,-0.9996101260185242,3.760988409595711e-9,1,1.9790368455119278e-8,0.9996101260185242,-3.206934495736391e-9,-0.02792203798890114]}},{"t":5.349396228790283,"j":false,"c":{"p":[-487.95257568359375,85.0423583984375,15.126138687133789],"r":[-0.055822014808654785,8.437950071993328e-8,-0.9984407424926758,9.541907708410236e-9,1,8.39777953842713e-8,0.9984407424926758,-4.839219247543269e-9,-0.055822014808654785]}},{"t":5.352324962615967,"j":true,"c":{"p":[-487.95257568359375,85.0423583984375,15.126138687133789],"r":[-0.055822014808654785,8.437950071993328e-8,-0.9984407424926758,9.541907708410236e-9,1,8.39777953842713e-8,0.9984407424926758,-4.839219247543269e-9,-0.055822014808654785]}},{"t":5.361764669418335,"j":true,"c":{"p":[-487.55322265625,85.6965560913086,15.1480712890625],"r":[-0.055821895599365234,9.64278044079947e-8,-0.9984407424926758,1.073900612880152e-8,1,9.597798822369441e-8,0.9984407424926758,-5.36458744093693e-9,-0.055821895599365234]}},{"t":5.370880603790283,"j":true,"c":{"p":[-487.2869873046875,86.11565399169922,15.162890434265137],"r":[-0.06254098564386368,1.0386357018887793e-7,-0.9980424046516418,1.1600594262972663e-8,1,1.0334036204540098e-7,0.9980424046516418,-5.114877410505869e-9,-0.06254098564386368]}},{"t":5.418294429779053,"j":false,"c":{"p":[-485.6902160644531,88.3441390991211,15.262787818908691],"r":[-0.06279031187295914,1.39161372203489e-7,-0.9980267286300659,1.7386575734690268e-8,1,1.383426564416368e-7,0.9980267286300659,-8.665688611131372e-9,-0.06279031187295914]}},{"t":5.433427333831787,"j":true,"c":{"p":[-485.4241027832031,88.66786193847656,15.279532432556152],"r":[-0.06279069185256958,1.4498542100227496e-7,-0.9980267286300659,1.8356317355028295e-8,1,1.4411719462259498e-7,0.9980267286300659,-9.270876510925063e-9,-0.06279069185256958]}},{"t":5.47972559928894,"j":false,"c":{"p":[-483.8274230957031,90.3240966796875,15.380000114440918],"r":[-0.06279093027114868,1.798774889039123e-7,-0.9980267286300659,2.416625655143889e-8,1,1.787127246188902e-7,0.9980267286300659,-1.2897030998715309e-8,-0.06279093027114868]}},{"t":5.545909643173218,"j":false,"c":{"p":[-481.5654602050781,91.83078002929688,15.522329330444336],"r":[-0.06279093027114868,-3.037711238107477e-8,-0.9980267286300659,-3.3216800421342896e-9,1,-3.022818972908681e-8,0.9980267286300659,1.4170693507509213e-9,-0.06279093027114868]}},{"t":5.61290979385376,"j":false,"c":{"p":[-481.0700378417969,92.49242401123047,15.758228302001953],"r":[-0.06515281647443771,-0.0026936205103993416,-0.9978716373443604,-0.00007590915629407391,0.9999963641166687,-0.0026943995617330074,0.9978752732276917,-0.00009980011964216828,-0.06515278667211533]}},{"t":5.679712772369385,"j":false,"c":{"p":[-481.1529235839844,93.46714782714844,15.946468353271484],"r":[-0.06975788623094559,0.00001751688978401944,-0.9975639581680298,0.000021567517251241952,1,0.000016051488273660652,0.9975639581680298,-0.000020395260435179807,-0.06975788623094559]}},{"t":5.746572017669678,"j":false,"c":{"p":[-480.6640625,94.22296142578125,16.049781799316406],"r":[-0.11771179735660553,-2.1927640148078353e-7,-0.9930477738380432,-2.954016622425115e-7,1,-1.8579582672373363e-7,0.9930477738380432,2.7147760306434066e-7,-0.11771179735660553]}},{"t":5.812544584274292,"j":false,"c":{"p":[-479.4165344238281,95.53235626220703,16.22014045715332],"r":[-0.12533237040042877,3.8912641997512765e-8,-0.992114782333374,9.86638539757223e-8,1,2.6757858151427172e-8,0.992114782333374,-9.453223981381598e-8,-0.12533237040042877]}},{"t":5.881471157073975,"j":false,"c":{"p":[-477.1668395996094,95.83705139160156,16.484952926635742],"r":[-0.09758342057466507,-6.788207684849112e-8,-0.9952273368835449,-2.2639630614662565e-8,1,-6.598775570409998e-8,0.9952273368835449,1.6092268850798064e-8,-0.09758342057466507]}},{"t":5.884216070175171,"j":true,"c":{"p":[-477.1668395996094,95.83705139160156,16.484952926635742],"r":[-0.09758342057466507,-6.788207684849112e-8,-0.9952273368835449,-2.2639630614662565e-8,1,-6.598775570409998e-8,0.9952273368835449,1.6092268850798064e-8,-0.09758342057466507]}},{"t":5.8961381912231445,"j":true,"c":{"p":[-476.7687683105469,96.49806213378906,16.52440071105957],"r":[-0.09758342057466507,-7.096571863485224e-8,-0.9952273368835449,-5.807762093468227e-8,1,-6.561144516581408e-8,0.9952273368835449,5.139784775565204e-8,-0.09758342057466507]}},{"t":5.904593467712402,"j":true,"c":{"p":[-476.5033874511719,96.9239730834961,16.550495147705078],"r":[-0.09758331626653671,-7.3020380852995e-8,-0.9952273368835449,-8.16903309441841e-8,1,-6.536070884521905e-8,0.9952273368835449,7.492234033179557e-8,-0.09758331626653671]}},{"t":5.943819046020508,"j":false,"c":{"p":[-475.1764831542969,98.84917449951172,16.680622100830078],"r":[-0.0910680890083313,-4.8209383152197915e-8,-0.9958446621894836,-1.1405048638835069e-7,1,-3.7980846911978006e-8,0.9958446621894836,1.1011773182190154e-7,-0.0910680890083313]}},{"t":6.010986566543579,"j":false,"c":{"p":[-473.052001953125,101.22097778320312,16.874530792236328],"r":[-0.09063315391540527,1.7983419198230877e-8,-0.995884358882904,-2.7819837100651057e-8,1,2.058955850259281e-8,0.995884358882904,2.9571436854780586e-8,-0.09063315391540527]}},{"t":6.0805511474609375,"j":false,"c":{"p":[-470.7958679199219,102.78556823730469,17.091835021972656],"r":[-0.11074001342058182,4.972836720185114e-8,-0.9938493967056274,6.581854705700607e-8,1,4.27022648352704e-8,0.9938493967056274,-6.068487579113935e-8,-0.11074001342058182]}},{"t":6.145820379257202,"j":false,"c":{"p":[-468.8082275390625,103.34859466552734,17.314220428466797],"r":[-0.11146912723779678,-1.1016711098932319e-8,-0.9937679171562195,1.5308931722302077e-7,1,-2.8257547413090833e-8,0.9937679171562195,-1.552850932284855e-7,-0.11146912723779678]}},{"t":6.21640157699585,"j":false,"c":{"p":[-466.43011474609375,103.01256561279297,17.635133743286133],"r":[-0.15958212316036224,-1.322268303738383e-7,-0.9871846437454224,-2.2459161197474486e-9,1,-1.3358030059862358e-7,0.9871846437454224,-1.9099894998930722e-8,-0.15958212316036224]}},{"t":6.28713059425354,"j":false,"c":{"p":[-464.3282165527344,101.7873764038086,17.99970054626465],"r":[-0.19355130195617676,-1.208485969073081e-7,-0.9810901284217834,-9.641792786396763e-8,1,-1.0415635642857524e-7,0.9810901284217834,7.443508565074808e-8,-0.19355130195617676]}},{"t":6.357658386230469,"j":false,"c":{"p":[-462.0576171875,101.38427734375,18.472795486450195],"r":[-0.22153937816619873,-2.852122094054721e-8,-0.9751514196395874,2.7773408461939653e-8,1,-3.5557683020215336e-8,0.9751514196395874,-3.496070632991177e-8,-0.22153937816619873]}},{"t":6.417677164077759,"j":false,"c":{"p":[-460.2421875,103.42000579833984,18.903966903686523],"r":[-0.2554459571838379,7.021921533123532e-8,-0.9668233394622803,5.2176847731288944e-8,1,5.8843067307634556e-8,0.9668233394622803,-3.5414572607805894e-8,-0.2554459571838379]}},{"t":6.487510919570923,"j":false,"c":{"p":[-458.2212219238281,103.69635772705078,19.576414108276367],"r":[-0.44463545083999634,5.968792748944907e-8,-0.8957116603851318,-3.833597972402458e-8,1,8.566759390760126e-8,0.8957116603851318,7.242883270919265e-8,-0.44463545083999634]}},{"t":6.550468444824219,"j":false,"c":{"p":[-456.4112243652344,103.72057342529297,20.696130752563477],"r":[-0.6374242305755615,-1.371890778756324e-8,-0.7705130577087402,-2.5219094368367223e-8,1,3.058161279767546e-9,0.7705130577087402,2.138098587067816e-8,-0.6374242305755615]}},{"t":6.579178333282471,"j":true,"c":{"p":[-455.7982177734375,103.72198486328125,21.2098445892334],"r":[-0.6743031144142151,-4.748813964283727e-8,-0.7384546995162964,2.789376063461191e-9,1,-6.685451126031694e-8,0.7384546995162964,-4.714003054573368e-8,-0.6743031144142151]}},{"t":6.5922040939331055,"j":true,"c":{"p":[-455.496826171875,104.37618255615234,21.472829818725586],"r":[-0.6743027567863464,-6.419792697442972e-8,-0.7384549975395203,1.6414325898495008e-8,1,-1.0192382404738964e-7,0.7384549975395203,-8.084875702252248e-8,-0.6743027567863464]}},{"t":6.604279518127441,"j":true,"c":{"p":[-455.2002868652344,104.99972534179688,21.74127960205078],"r":[-0.6934000849723816,-8.600874679132176e-8,-0.7205527424812317,2.6599796143500498e-8,1,-1.4496238520678162e-7,0.7205527424812317,-1.1968349156177283e-7,-0.6934000849723816]}},{"t":6.613784074783325,"j":false,"c":{"p":[-454.9111022949219,105.59261322021484,22.01753807067871],"r":[-0.7080562710762024,-1.0310187548157046e-7,-0.7061560153961182,2.2765188845141893e-8,1,-1.688308373104519e-7,0.7061560153961182,-1.3561751188717608e-7,-0.7080562710762024]}},{"t":6.682169198989868,"j":false,"c":{"p":[-453.53448486328125,108.23692321777344,23.6403751373291],"r":[-0.9249869585037231,-7.858964181650663e-7,-0.3799988031387329,7.84443798806933e-8,1,-0.000002259102984680794,0.3799988031387329,-0.00000211944961847621,-0.9249869585037231]}},{"t":6.744093179702759,"j":false,"c":{"p":[-452.7035827636719,109.92401123046875,25.409269332885742],"r":[-0.9806785583496094,7.682772888983891e-7,0.19562606513500214,1.5960372934387124e-7,1,-0.0000031271767966245534,-0.19562606513500214,-0.0000030355326998687815,-0.9806785583496094]}},{"t":6.814230680465698,"j":false,"c":{"p":[-452.42462158203125,110.90953826904297,27.532047271728516],"r":[-0.9795751571655273,-3.717607910402876e-8,0.2010784149169922,-1.1076841666124437e-8,1,1.30921463892264e-7,-0.2010784149169922,1.2602009746842668e-7,-0.9795751571655273]}},{"t":6.882368564605713,"j":false,"c":{"p":[-452.7516174316406,110.9378433227539,29.60826301574707],"r":[-0.9795750379562378,-2.322069292404194e-8,0.2010788470506668,-1.1949189193671828e-8,1,5.726890961454956e-8,-0.2010788470506668,5.3696464163977e-8,-0.9795750379562378]}},{"t":6.9523375034332275,"j":false,"c":{"p":[-453.2062683105469,110.01246643066406,