{"v":1,"d":[{"t":0,"j":false,"c":{"p":[-571.6640014648438,6.387810230255127,71.50633239746094],"r":[0.05582096800208092,-5.2304141462400366e-8,-0.9984408020973206,1.936502069810331e-9,1,-5.22775565059419e-8,0.9984408020973206,9.847012094610363e-10,0.05582096800208092]}},{"t":0.01945781707763672,"j":true,"c":{"p":[-571.1315307617188,6.3912177085876465,71.47654724121094],"r":[0.05582096800208092,-1.385390469010872e-8,-0.9984408020973206,8.474643764522227e-10,1,-1.3828159062256873e-8,0.9984408020973206,-7.424175857417836e-11,0.05582096800208092]}},{"t":0.026567697525024414,"j":true,"c":{"p":[-570.8652954101562,6.830756187438965,71.46165466308594],"r":[0.05582096800208092,5.3588928849990225e-9,-0.9984408020973206,3.0329422306962783e-10,1,5.384217960369142e-9,0.9984408020973206,-6.033735733268486e-10,0.05582096800208092]}},{"t":0.035330772399902344,"j":true,"c":{"p":[-570.5990600585938,7.256669521331787,71.44676208496094],"r":[0.05582096800208092,2.4563481915151897e-8,-0.9984408020973206,-2.406435328783374e-10,1,2.4588386438040288e-8,0.9984408020973206,-1.1322791593215698e-9,0.05582096800208092]}},{"t":0.06830835342407227,"j":false,"c":{"p":[-569.4010009765625,9.00467300415039,71.37974548339844],"r":[0.05582096800208092,1.1088261686609258e-7,-0.9984408020973206,-2.6854902746009657e-9,1,1.1090563134530385e-7,0.9984408020973206,-3.509556867342667e-9,0.05582096800208092]}},{"t":0.13437461853027344,"j":false,"c":{"p":[-567.2711181640625,11.43097972869873,71.26060485839844],"r":[0.05582107976078987,6.866439150599035e-8,-0.9984408020973206,-1.92379756569494e-9,1,6.86640646563319e-8,0.9984408020973206,-1.912104252710378e-9,0.05582107976078987]}},{"t":0.20038700103759766,"j":false,"c":{"p":[-565.1403198242188,12.985285758972168,71.158447265625],"r":[0.034965403378009796,-9.252025989781032e-8,-0.9993885159492493,1.1524198262335972e-9,1,-9.253654553731394e-8,0.9993885159492493,2.0838624159580377e-9,0.034965403378009796]}},{"t":0.2668800354003906,"j":false,"c":{"p":[-563.140869140625,13.650496482849121,71.13016510009766],"r":[0.006993358489125967,-1.3685851740774524e-7,-0.9999755620956421,2.707431168147423e-9,1,-1.3684294231097738e-7,0.9999755620956421,-1.7503732907542258e-9,0.006993358489125967]}},{"t":0.3334057331085205,"j":false,"c":{"p":[-561.0545043945312,13.593559265136719,71.1156005859375],"r":[0.006980814039707184,-9.409596657405928e-8,-0.9999756217002869,3.1240010578414967e-9,1,-9.407644796510795e-8,0.9999756217002869,-2.4671946707854886e-9,0.006980814039707184]}},{"t":0.3996109962463379,"j":false,"c":{"p":[-559.3306274414062,13.592806816101074,71.10357666015625],"r":[0.006980814039707184,9.069197659528072e-8,-0.9999756217002869,-2.137757526554651e-9,1,9.067925788031062e-8,0.9999756217002869,1.504690372300388e-9,0.006980814039707184]}},{"t":0.40278124809265137,"j":true,"c":{"p":[-559.3306274414062,13.592806816101074,71.10357666015625],"r":[0.006980814039707184,9.069197659528072e-8,-0.9999756217002869,-2.137757526554651e-9,1,9.067925788031062e-8,0.9999756217002869,1.504690372300388e-9,0.006980814039707184]}},{"t":0.41130590438842773,"j":true,"c":{"p":[-559.0361938476562,14.247005462646484,71.10151672363281],"r":[0.006980814039707184,8.9453344287449e-8,-0.9999756217002869,-2.363331308430361e-9,1,8.943901974589608e-8,0.9999756217002869,1.738916455273909e-9,0.006980814039707184]}},{"t":0.4187486171722412,"j":true,"c":{"p":[-558.935546875,14.458258628845215,71.10081481933594],"r":[0.006980694830417633,8.904063975023746e-8,-0.9999756217002869,-2.438490298573015e-9,1,8.902578940706007e-8,0.9999756217002869,1.816969130707946e-9,0.006980694830417633]}},{"t":0.46697187423706055,"j":false,"c":{"p":[-557.4019165039062,16.894582748413086,71.0901107788086],"r":[0.006980694830417633,8.368354542653833e-8,-0.9999756217002869,-3.4140974491947418e-9,1,8.366174597540521e-8,0.9999756217002869,2.829997125530781e-9,0.006980694830417633]}},{"t":0.5016262531280518,"j":true,"c":{"p":[-556.3359985351562,18.10773468017578,71.0826644897461],"r":[0.006980694830417633,8.039425836159353e-8,-0.9999756217002869,-4.013124499380183e-9,1,8.036819565404585e-8,0.9999756217002869,3.4520009073446545e-9,0.006980694830417633]}},{"t":0.5330507755279541,"j":false,"c":{"p":[-555.4028930664062,18.990415573120117,71.0761489868164],"r":[0.006980694830417633,7.752073116762404e-8,-0.9999756217002869,-4.536433451107769e-9,1,7.749095232156833e-8,0.9999756217002869,3.995382247268253e-9,0.006980694830417633]}},{"t":0.5991189479827881,"j":false,"c":{"p":[-553.2700805664062,20.381221771240234,71.0612564086914],"r":[0.006980694830417633,7.09688094957528e-8,-0.9999756217002869,-5.7296314359689404e-9,1,7.093053966400475e-8,0.9999756217002869,5.234347622007363e-9,0.006980694830417633]}},{"t":0.6671924591064453,"j":false,"c":{"p":[-551.5442504882812,21.615352630615234,71.04920196533203],"r":[0.006980694830417633,6.403189445336466e-8,-0.9999756217002869,-6.992939116656771e-9,1,6.398463625600925e-8,0.9999756217002869,6.546111652738773e-9,0.006980694830417633]}},{"t":0.732818603515625,"j":false,"c":{"p":[-550.7261962890625,22.660751342773438,71.04349517822266],"r":[0.006980694830417633,5.793196322656513e-8,-0.9999756217002869,-8.103814508331197e-9,1,5.7876803793988074e-8,0.9999756217002869,7.699596515919893e-9,0.006980694830417633]}},{"t":0.7995114326477051,"j":false,"c":{"p":[-550.3616333007812,24.26878547668457,71.03993225097656],"r":[0.013961791060864925,5.150467075054621e-8,-0.9999025464057922,-9.26783538801601e-9,1,5.138028313922405e-8,0.9999025464057922,8.549571717253457e-9,0.013961791060864925]}},{"t":0.8664908409118652,"j":false,"c":{"p":[-548.3960571289062,26.514408111572266,71.00826263427734],"r":[0.027921123430132866,4.5168203399725826e-8,-0.9996101260185242,-1.0371339342896135e-8,1,4.489612592806225e-8,0.9996101260185242,9.113745313982236e-9,0.027921123430132866]}},{"t":0.9337143898010254,"j":false,"c":{"p":[-546.2940063476562,27.75464630126953,70.91993713378906],"r":[0.07671843469142914,3.915612722948936e-8,-0.997052788734436,-1.1273178834869668e-8,1,3.8404451174756105e-8,0.997052788734436,8.293625342048472e-9,0.07671843469142914]}},{"t":0.9949443340301514,"j":false,"c":{"p":[-544.4823608398438,29.594846725463867,70.72008514404297],"r":[0.15139533579349518,-0.01261103991419077,-0.9883928298950195,0.0009409604244865477,0.9999200105667114,-0.012613986618816853,0.9884728193283081,0.000979660195298493,0.15139509737491608]}},{"t":1.0576653480529785,"j":false,"c":{"p":[-542.6752319335938,31.686914443969727,70.39619445800781],"r":[0.21483030915260315,-0.00014048782759346068,-0.9766513705253601,0.00007123581599444151,1,-0.00012817698006983846,0.9766513705253601,-0.000042036255763377994,0.21483032405376434]}},{"t":1.1200499534606934,"j":false,"c":{"p":[-540.88818359375,32.955833435058594,69.8687744140625],"r":[0.34201979637145996,0.00001925615106301848,-0.9396927356719971,-0.00000551683979210793,1,0.000018484002794139087,0.9396927356719971,-0.0000011377601367712487,0.34201979637145996]}},{"t":1.1678171157836914,"j":true,"c":{"p":[-539.5411376953125,33.05872344970703,69.48055267333984],"r":[0.3920934200286865,-0.007523067761212587,-0.9198946356773376,-0.012985879555344582,0.999821662902832,-0.013711792416870594,0.9198337197303772,0.01732194423675537,0.3919258117675781]}},{"t":1.1751089096069336,"j":true,"c":{"p":[-539.3043823242188,33.501670837402344,69.43437194824219],"r":[0.3790765702724457,-0.0091046541929245,-0.9253205060958862,-0.01426298264414072,0.9997753500938416,-0.015680372714996338,0.9252553582191467,0.019141891971230507,0.37886154651641846]}},{"t":1.1818866729736328,"j":false,"c":{"p":[-539.067626953125,33.944610595703125,69.38821411132812],"r":[0.3790942132472992,-0.01055977400392294,-0.9252978563308716,-0.015493030659854412,0.9997223019599915,-0.017756616696715355,0.9252283573150635,0.021067097783088684,0.378825306892395]}},{"t":1.229496955871582,"j":true,"c":{"p":[-537.760986328125,36.37086868286133,69.11994934082031],"r":[0.4539068937301636,-0.013686827383935452,-0.8909440040588379,-0.016068987548351288,0.9995936751365662,-0.02354254573583603,0.8909041881561279,0.02500269003212452,0.4535025358200073]}},{"t":1.24395751953125,"j":false,"c":{"p":[-537.27734375,37.19598388671875,68.9640121459961],"r":[0.5349041819572449,-0.003720470704138279,-0.8449045419692993,-0.006208001170307398,0.9999459981918335,-0.008333432488143444,0.8448899388313293,0.009702756069600582,0.534852147102356]}},{"t":1.2816669940948486,"j":true,"c":{"p":[-536.3461303710938,38.682071685791016,68.55595397949219],"r":[0.6720091104507446,0.0004008556716144085,-0.7405427694320679,0.000001800360905690468,0.9999998807907104,0.000542933470569551,0.7405428886413574,-0.0003661894879769534,0.6720089912414551]}},{"t":1.306539535522461,"j":false,"c":{"p":[-535.5847778320312,39.803489685058594,68.08743286132812],"r":[0.7639245986938477,0.00003589343759813346,-0.6453054547309875,0.00009566685184836388,1,0.00016887459787540138,0.6453054547309875,-0.00019074180454481393,0.7639245986938477]}},{"t":1.3679983615875244,"j":false,"c":{"p":[-534.204345703125,41.644508361816406,66.76490020751953],"r":[0.9711084365844727,-4.349428373018327e-9,-0.2386387586593628,-0.0000010849629461517907,1,-0.000004433337380760349,0.2386387586593628,0.00000456416546512628,0.9711084365844727]}},{"t":1.4328162670135498,"j":false,"c":{"p":[-533.2885131835938,42.719120025634766,65.14421081542969],"r":[0.9675724506378174,1.7418216202713666e-7,0.2525937259197235,6.566274635133595e-8,1,-9.410986763214169e-7,-0.2525937259197235,9.27167093323078e-7,0.9675724506378174]}},{"t":1.4990813732147217,"j":false,"c":{"p":[-532.9095458984375,43.02062225341797,63.30099868774414],"r":[0.8014736771583557,2.643299694682355e-7,0.5980300307273865,2.1511116443662104e-8,1,-4.708301162281714e-7,-0.5980300307273865,3.9022225450935366e-7,0.8014736771583557]}},{"t":1.5690629482269287,"j":false,"c":{"p":[-533.1639404296875,42.45012283325195,61.49665069580078],"r":[0.8007313013076782,-6.567378108002231e-8,0.599023699760437,-5.575041761574084e-9,1,1.1708699787504884e-7,-0.599023699760437,-9.709480508490742e-8,0.8007313013076782]}},{"t":1.6275007724761963,"j":true,"c":{"p":[-533.880126953125,42.04607009887695,60.10617446899414],"r":[0.8007321953773499,-7.747247821043857e-8,0.5990225076675415,5.056665752789513e-9,1,1.225720893671678e-7,-0.5990225076675415,-9.511836651654448e-8,0.8007321953773499]}},{"t":1.634004831314087,"j":false,"c":{"p":[-534.0195922851562,41.98417663574219,59.91938781738281],"r":[0.8007321357727051,-7.904280607817782e-8,0.599022626876831,6.471649438566374e-9,1,1.2330210097388772e-7,-0.599022626876831,-9.485529517405666e-8,0.8007321357727051]}},{"t":1.6363773345947266,"j":true,"c":{"p":[-534.0195922851562,41.98417663574219,59.91938781738281],"r":[0.8007321357727051,-7.904280607817782e-8,0.599022626876831,6.471649438566374e-9,1,1.2330210097388772e-7,-0.599022626876831,-9.485529517405666e-8,0.8007321357727051]}},{"t":1.6436641216278076,"j":true,"c":{"p":[-534.0919189453125,42.205650329589844,59.82257080078125],"r":[0.8007315397262573,-7.982780658721822e-8,0.5990234017372131,7.178912575511731e-9,1,1.2366699309040996e-7,-0.5990234017372131,-9.472372397567597e-8,0.8007315397262573]}},{"t":1.6602959632873535,"j":true,"c":{"p":[-534.4616088867188,43.26192092895508,59.325965881347656],"r":[0.8087604641914368,-8.14095244550117e-8,0.5881381630897522,1.0778152592649803e-8,1,1.2359780043880164e-7,-0.5881381630897522,-9.362197772588843e-8,0.8087604641914368]}},{"t":1.699242115020752,"j":false,"c":{"p":[-535.1482543945312,44.9486083984375,58.34716796875],"r":[0.8440804481506348,-7.3036385828118e-9,0.5362164974212646,2.2122847553873726e-8,1,-2.1203794275947985e-8,-0.5362164974212646,2.9760345299223445e-8,0.8440804481506348]}},{"t":1.7656612396240234,"j":false,"c":{"p":[-536.1793823242188,47.26591491699219,56.48301315307617],"r":[0.9213923215866089,6.449585043810657e-8,0.38863372802734375,8.350879987517601e-9,1,-1.8575404681087093e-7,-0.38863372802734375,1.7439778332573042e-7,0.9213923215866089]}},{"t":1.8330285549163818,"j":false,"c":{"p":[-536.9901733398438,48.71122360229492,54.509822845458984],"r":[0.9322571158409119,1.311720776442371e-8,0.36179640889167786,5.392760904499028e-9,1,-5.0151541586274107e-8,-0.36179640889167786,4.870521408406603e-8,0.9322571158409119]}},{"t":1.8987748622894287,"j":false,"c":{"p":[-537.7286987304688,49.28453063964844,52.508487701416016],"r":[0.9419734477996826,2.9102938725600325e-8,0.33568739891052246,1.656859893728324e-8,1,-1.3318974367848568e-7,-0.33568739891052246,1.310230715034777e-7,0.9419734477996826]}},{"t":1.9664926528930664,"j":false,"c":{"p":[-538.5453491210938,49.11225509643555,50.407711029052734],"r":[0.8894169926643372,-2.966312351304623e-8,0.45709675550460815,-2.665650811195519e-8,1,1.1676274880301207e-7,-0.45709675550460815,-1.1603537330984182e-7,0.8894169926643372]}},{"t":2.032571792602539,"j":false,"c":{"p":[-539.175048828125,49.83476257324219,48.952335357666016],"r":[0.20833607017993927,0.0004900760832242668,0.9780572056770325,-0.0000038018490613467293,0.9999998807907104,-0.0005002610851079226,-0.978057324886322,0.00010050401033367962,0.20833604037761688]}},{"t":2.035632371902466,"j":true,"c":{"p":[-539.175048828125,49.83476257324219,48.952335357666016],"r":[0.20833607017993927,0.0004900760832242668,0.9780572056770325,-0.0000038018490613467293,0.9999998807907104,-0.0005002610851079226,-0.978057324886322,0.00010050401033367962,0.20833604037761688]}},{"t":2.0441176891326904,"j":true,"c":{"p":[-539.3117065429688,50.277706146240234,48.7957878112793],"r":[0.07071062177419662,-0.0000994047150015831,0.9974968433380127,-0.0010066532995551825,0.999999463558197,0.00017101380217354745,-0.9974963665008545,-0.0010162258986383677,0.07071048021316528]}},{"t":2.106097459793091,"j":false,"c":{"p":[-539.7906494140625,53.80794906616211,47.55067443847656],"r":[-0.14515893161296844,-0.027968723326921463,0.9890129566192627,-0.08052349835634232,0.9966183304786682,0.01636524125933647,-0.986126184463501,-0.0772632285952568,-0.14692020416259766]}},{"t":2.166473150253296,"j":false,"c":{"p":[-540.2205200195312,56.97765350341797,46.77547836303711],"r":[-0.37971097230911255,-0.035573724657297134,0.924420952796936,-0.02609279379248619,0.9992746710777283,0.027736498042941093,-0.9247371554374695,-0.013588872738182545,-0.3803637623786926]}},{"t":2.2268974781036377,"j":false,"c":{"p":[-541.366943359375,55.74266815185547,47.080810546875],"r":[-0.4003123641014099,-0.002429769840091467,0.9163755178451538,-0.0034738671965897083,0.9999933242797852,0.0011339474003762007,-0.9163721799850464,-0.002729433588683605,-0.4003181457519531]}},{"t":2.288408041000366,"j":false,"c":{"p":[-543.1968383789062,53.73116683959961,47.883811950683594],"r":[-0.381072461605072,0.00011032362090190873,0.924545168876648,0.00014608331548515707,1,-0.00005911586413276382,-0.924545168876648,0.00011253319098614156,-0.3810724914073944]}},{"t":2.3582518100738525,"j":false,"c":{"p":[-545.2162475585938,53.46381378173828,48.55521011352539],"r":[-0.18051762878894806,2.2242635111524578e-7,0.9835717678070068,1.6623654630620877e-7,1,-1.956315998086211e-7,-0.9835717678070068,1.281906207850625e-7,-0.18051762878894806]}},{"t":2.4246349334716797,"j":false,"c":{"p":[-547.466064453125,53.51213836669922,48.593658447265625],"r":[0.2283581644296646,-3.438345430595291e-8,0.9735772013664246,-6.980533129308242e-8,1,5.1689863056481045e-8,-0.9735772013664246,-7.976468197057329e-8,0.2283581644296646]}},{"t":2.491344451904297,"j":false,"c":{"p":[-549.3764038085938,53.515716552734375,48.008968353271484],"r":[0.3746083378791809,-2.3923847791706976e-8,0.9271831512451172,-7.150926251142664e-8,1,5.4694496043339313e-8,-0.9271831512451172,-8.679119645194078e-8,0.3746083378791809]}},{"t":2.5032899379730225,"j":true,"c":{"p":[-549.7479858398438,53.515865325927734,47.86089324951172],"r":[0.39394411444664,-1.0763616664632991e-8,0.9191343784332275,-3.9357981762577765e-8,1,2.857956538093731e-8,-0.9191343784332275,-4.743402470808178e-8,0.39394411444664]}},{"t":2.510122299194336,"j":true,"c":{"p":[-549.8717041015625,53.73733901977539,47.81111145019531],"r":[0.43837326765060425,-4.656136809444433e-9,0.8987930417060852,-2.908331175888179e-8,1,1.936539639757484e-8,-0.8987930417060852,-3.4629149325837716e-8,0.43837326765060425]}},{"t":2.526231527328491,"j":true,"c":{"p":[-550.48388671875,54.793609619140625,47.548702239990234],"r":[0.5097880363464355,5.738506203556426e-8,0.8603000044822693,1.7167874233336988e-8,1,-7.68767094427858e-8,-0.8603000044822693,5.396035263061094e-8,0.5097880363464355]}},{"t":2.557551145553589,"j":false,"c":{"p":[-551.293701171875,56.12931823730469,47.09231948852539],"r":[0.6767569780349731,3.73754744487087e-7,0.7362064719200134,1.9714429200234918e-8,1,-5.257990096652065e-7,-0.7362064719200134,3.7035201216895075e-7,0.6767569780349731]}},{"t":2.5677738189697266,"j":true,"c":{"p":[-551.5128173828125,56.48029708862305,46.943267822265625],"r":[0.7167667746543884,4.283103010038758e-7,0.6973130106925964,2.0399502531631697e-8,1,-6.351982619889895e-7,-0.6973130106925964,4.695138215993211e-7,0.7167667746543884]}},{"t":2.623788833618164,"j":false,"c":{"p":[-552.8607788085938,58.555625915527344,45.6937370300293],"r":[0.8848785758018494,1.4822785487922374e-7,0.4658217430114746,2.6584128676176988e-8,1,-3.6870665098831523e-7,-0.4658217430114746,3.3864409942907514e-7,0.8848785758018494]}},{"t":2.691227436065674,"j":false,"c":{"p":[-553.9337158203125,60.10993576049805,43.90138244628906],"r":[0.9777142405509949,4.6072695880639e-8,0.20994028449058533,1.543131844528034e-8,1,-2.913214984801016e-7,-0.20994028449058533,2.880688043660484e-7,0.9777142405509949]}},{"t":2.7578320503234863,"j":false,"c":{"p":[-554.4325561523438,60.80593490600586,41.74485778808594],"r":[0.9743937253952026,-2.3291669037917018e-7,-0.2248484343290329,3.309920870719907e-8,1,-8.924457688408438e-7,0.2248484343290329,8.621512392892328e-7,0.9743937253952026]}},{"t":2.8246078491210938,"j":false,"c":{"p":[-554.01025390625,60.299964904785156,39.85792541503906],"r":[0.8987993001937866,6.640167526938967e-8,-0.4383603632450104,-5.403981706564309e-9,1,1.4039721918379655e-7,0.4383603632450104,-1.2382004399569269e-7,0.8987993001937866]}},{"t":2.892016649246216,"j":false,"c":{"p":[-552.95166015625,59.245479583740234,38.008583068847656],"r":[0.8090172410011292,-3.885519106461288e-8,-0.5877849459648132,-2.2162977231232617e-8,1,-9.660917754672482e-8,0.5877849459648132,9.118555510667647e-8,0.8090172410011292]}},{"t":2.9574055671691895,"j":false,"c":{"p":[-551.5750732421875,59.35000991821289,36.384132385253906],"r":[0.6996629238128662,-4.3786066328266315e-8,-0.7144730687141418,-9.899674413560433e-10,1,-6.225386783853537e-8,0.7144730687141418,4.426402711033006e-8,0.6996629238128662]}},{"t":2.9945363998413086,"j":true,"c":{"p":[-550.7144165039062,59.35926818847656,35.54800033569336],"r":[0.6946583390235901,3.464188225166254e-8,-0.7193398475646973,1.7409426789072313e-8,1,6.496996718396986e-8,0.7193398475646973,-5.7655224594554966e-8,0.6946583390235901]}},{"t":3.0015997886657715,"j":true,"c":{"p":[-550.6185302734375,59.58074188232422,35.45537567138672],"r":[0.6946582198143005,4.338098946732316e-8,-0.7193399667739868,1.9451613653131972e-8,1,7.909085297796992e-8,0.7193399667739868,-6.893343851288591e-8,0.6946582198143005]}},{"t":3.0186803340911865,"j":true,"c":{"p":[-550.2349853515625,60.43257141113281,35.08488464355469],"r":[0.6946582794189453,7.831867065988263e-8,-0.719339907169342,2.7616046338607703e-8,1,1.355442407202645e-7,0.719339907169342,-1.1402225652545894e-7,0.6946582794189453]}},{"t":3.0255930423736572,"j":false,"c":{"p":[-550.043212890625,60.83804702758789,34.89964294433594],"r":[0.6898002028465271,7.508229771246988e-8,-0.7239997982978821,2.5316571949929312e-8,1,1.2782555813828367e-7,0.7239997982978821,-1.065032861902182e-7,0.6898002028465271]}},{"t":3.091780662536621,"j":false,"c":{"p":[-548.4321899414062,63.59135437011719,33.50307083129883],"r":[0.6105833649635315,-1.0979302089708654e-7,-0.7919520139694214,4.314600232646626e-9,1,-1.3530946318951464e-7,0.7919520139694214,7.920074551748257e-8,0.6105833649635315]}},{"t":3.1530683040618896,"j":false,"c":{"p":[-546.6920776367188,65.47264099121094,32.271339416503906],"r":[0.49665918946266174,-1.8092478626385855e-7,-0.867945671081543,8.747221613703005e-9,1,-2.0344637619018613e-7,0.867945671081543,9.34513977313145e-8,0.49665918946266174]}},{"t":3.2175967693328857,"j":false,"c":{"p":[-544.8690185546875,66.44441223144531,31.46919822692871],"r":[0.13630793988704681,-8.32354828617099e-7,-0.9906665086746216,3.191810904468184e-8,1,-8.358051104551123e-7,0.9906665086746216,8.230666992403712e-8,0.13630793988704681]}},{"t":3.28196382522583,"j":false,"c":{"p":[-542.9129028320312,66.78439331054688,31.230398178100586],"r":[-0.23973439633846283,-6.642774224019377e-7,-0.9708384871482849,3.213389021539115e-8,1,-6.921655995029141e-7,0.9708384871482849,-1.9713272081389732e-7,-0.23973439633846283]}},{"t":3.347024440765381,"j":false,"c":{"p":[-540.8898315429688,67.51116943359375,31.89441680908203],"r":[-0.37460651993751526,-3.194026021446916e-8,-0.9271838665008545,-5.789125179234134e-9,1,-3.210972110423427e-8,0.9271838665008545,-6.660927365231828e-9,-0.37460651993751526]}},{"t":3.4153988361358643,"j":false,"c":{"p":[-538.9161376953125,67.58786010742188,32.704559326171875],"r":[-0.381070613861084,-1.0869648292555212e-7,-0.92454594373703,2.201564264225908e-9,1,-1.1847484415739018e-7,0.92454594373703,-4.7182727058725504e-8,-0.381070613861084]}},{"t":3.482677459716797,"j":false,"c":{"p":[-536.9434814453125,67.5946273803711,33.517486572265625],"r":[-0.381070613861084,9.407432344232802e-8,-0.92454594373703,4.07008915459528e-9,1,1.0007434525505232e-7,0.92454594373703,3.437240891912552e-8,-0.381070613861084]}},{"t":3.5487940311431885,"j":false,"c":{"p":[-534.9708251953125,67.59522247314453,34.330413818359375],"r":[-0.381070613861084,2.930610598639305e-8,-0.92454594373703,-2.745224048084083e-9,1,3.2829337470730025e-8,0.92454594373703,1.504838031962663e-8,-0.381070613861084]}},{"t":3.616586208343506,"j":false,"c":{"p":[-533.0025634765625,67.59525299072266,35.15349197387695],"r":[-0.39394238591194153,-3.5333862058450904e-8,-0.9191351532936096,-1.0062885635875318e-8,1,-3.4129545412042717e-8,0.9191351532936096,-4.195922276295505e-9,-0.39394238591194153]}},{"t":3.6818313598632812,"j":false,"c":{"p":[-531.0416259765625,67.59525299072266,35.99388122558594],"r":[-0.39394238591194153,-9.96606814851475e-8,-0.9191351532936096,-1.7763539972293074e-8,1,-1.0081527790362088e-7,0.9191351532936096,-2.3388317060835107e-8,-0.39394238591194153]}},{"t":3.7491683959960938,"j":false,"c":{"p":[-529.0806884765625,67.59525299072266,36.83427429199219],"r":[-0.39394238591194153,-9.16044040621955e-9,-0.9191351532936096,-5.552209803028063e-10,1,-9.72840119572993e-9,0.9191351532936096,-3.3221065898203506e-9,-0.39394238591194153]}},{"t":3.8154969215393066,"j":false,"c":{"p":[-527.1197509765625,67.59525299072266,37.67466735839844],"r":[-0.39394238591194153,6.399492491482306e-8,-0.9191351532936096,1.1130660837466166e-8,1,6.485453951654563e-8,0.9191351532936096,1.5318370572003914e-8,-0.39394238591194153]}},{"t":3.8822288513183594,"j":false,"c":{"p":[-525.1588134765625,67.59525299072266,38.51506042480469],"r":[-0.39394238591194153,5.378951103973684e-11,-0.9191351532936096,-1.9648145332951117e-9,1,9.006436707537091e-10,0.9191351532936096,2.1607318156924293e-9,-0.39394238591194153]}},{"t":3.9313766956329346,"j":true,"c":{"p":[-523.8106689453125,67.59525299072266,39.092830657958984],"r":[-0.39394238591194153,-4.377912432573794e-8,-0.9191351532936096,-1.094201262930028e-8,1,-4.294102140534051e-8,0.9191351532936096,-6.859100398770579e-9,-0.39394238591194153]}},{"t":3.941413164138794,"j":true,"c":{"p":[-523.4429931640625,68.24945068359375,39.250404357910156],"r":[-0.39394238591194153,-5.571568451046005e-8,-0.9191351532936096,-1.338667843242547e-8,1,-5.4879965460941094e-8,0.9191351532936096,-9.315378690644138e-9,-0.39394238591194153]}},{"t":3.948115825653076,"j":false,"c":{"p":[-523.1978759765625,68.66854858398438,39.35545349121094],"r":[-0.39394238591194153,-6.366914107047705e-8,-0.9191351532936096,-1.5015583443300784e-8,1,-6.28350136366862e-8,0.9191351532936096,-1.095202328826872e-8,-0.39394238591194153]}},{"t":3.9495553970336914,"j":true,"c":{"p":[-523.1978759765625,68.66854858398438,39.35545349121094],"r":[-0.39394238591194153,-6.366914107047705e-8,-0.9191351532936096,-1.5015583443300784e-8,1,-6.28350136366862e-8,0.9191351532936096,-1.095202328826872e-8,-0.39394238591194153]}},{"t":4.005768060684204,"j":true,"c":{"p":[-521.4820556640625,71.22075653076172,40.090797424316406],"r":[-0.39394238591194153,-1.192483125578292e-7,-0.9191351532936096,-2.6398458530252356e-8,1,-1.1842527669614356e-7,0.9191351532936096,-2.238898666462319e-8,-0.39394238591194153]}},{"t":4.0138630867004395,"j":false,"c":{"p":[-521.2369384765625,71.5308609008789,40.19584655761719],"r":[-0.39394238591194153,-1.2717462993805384e-7,-0.9191351532936096,-2.8021807096934026e-8,1,-1.263531856920963e-7,0.9191351532936096,-2.4020048172701536e-8,-0.39394238591194153]}},{"t":4.0830090045928955,"j":false,"c":{"p":[-519.2760009765625,73.52117156982422,41.03623962402344],"r":[-0.3877471089363098,-1.3981009772123798e-7,-0.9217658042907715,-3.0119913674298004e-8,1,-1.3900621809170843e-7,0.9217658042907715,-2.6135754893630292e-8,-0.3877471089363098]}},{"t":4.149358034133911,"j":false,"c":{"p":[-517.2745361328125,74.63948059082031,41.767024993896484],"r":[-0.2236308753490448,-2.961660356959328e-7,-0.9746739268302917,1.826499484991473e-8,1,-3.080524209053692e-7,0.9746739268302917,-8.669244522252484e-8,-0.2236308753490448]}},{"t":4.213843107223511,"j":false,"c":{"p":[-515.3187255859375,74.89594268798828,42.184242248535156],"r":[-0.20108287036418915,-4.3784467607110855e-8,-0.9795742630958557,-3.861856112674644e-10,1,-4.461817226797393e-8,0.9795742630958557,-8.593652900401594e-9,-0.20108287036418915]}},{"t":4.277240037918091,"j":false,"c":{"p":[-513.2288818359375,73.87785339355469,42.613197326660156],"r":[-0.20107869803905487,1.0122236915321992e-7,-0.9795750975608826,-8.655884897734722e-9,1,1.0510974135513607e-7,0.9795750975608826,2.9614419361223554e-8,-0.20107869803905487]}},{"t":4.341031789779663,"j":false,"c":{"p":[-511.2696533203125,73.19730377197266,43.015342712402344],"r":[-0.20107845962047577,6.423407228339784e-8,-0.9795751571655273,1.5529657559909538e-9,1,6.525462481477007e-8,0.9795751571655273,1.1600052474136646e-8,-0.20107845962047577]}},{"t":4.403884172439575,"j":false,"c":{"p":[-509.3104248046875,73.25311279296875,43.41748809814453],"r":[-0.20107845962047577,2.7364013277519916e-8,-0.9795751571655273,1.172914565472638e-8,1,2.5526917468710053e-8,0.9795751571655273,-6.356666304441205e-9,-0.20107845962047577]}},{"t":4.469080686569214,"j":false,"c":{"p":[-507.2205810546875,73.25934600830078,43.84644317626953],"r":[-0.20107845962047577,-1.1834134561183873e-8,-0.9795751571655273,2.2547849809484433e-8,1,-1.6709305938888974e-8,0.9795751571655273,-2.544719457375777e-8,-0.20107845962047577]}},{"t":4.53471302986145,"j":false,"c":{"p":[-505.1299133300781,73.32919311523438,44.27138900756836],"r":[-0.1942349523305893,-5.1150220059525964e-8,-0.9809550642967224,3.345794752362963e-8,1,-5.8768161892430726e-8,0.9809550642967224,-4.423557342647655e-8,-0.1942349523305893]}},{"t":4.598477840423584,"j":false,"c":{"p":[-503.1679382324219,74.36701965332031,44.65986251831055],"r":[-0.1942351907491684,-8.76522108228528e-8,-0.9809550046920776,4.3806767990872686e-8,1,-9.802796796520852e-8,0.9809550046920776,-6.201295121854855e-8,-0.1942351907491684]}},{"t":4.661451816558838,"j":false,"c":{"p":[-501.2059631347656,74.80415344238281,45.04833221435547],"r":[-0.1942349523305893,-5.100919509004598e-8,-0.9809550642967224,2.1904387637050604e-8,1,-5.633672373051013e-8,0.9809550642967224,-3.2429781526843726e-8,-0.1942349523305893]}},{"t":4.723951101303101,"j":false,"c":{"p":[-499.2439880371094,74.85116577148438,45.43680191040039],"r":[-0.1942349523305893,7.087543707484656e-8,-0.9809550642967224,-3.462111308749627e-8,1,7.910664834298586e-8,0.9809550642967224,4.9327031348411765e-8,-0.1942349523305893]}},{"t":4.7864768505096436,"j":false,"c":{"p":[-497.1512145996094,74.8560562133789,45.85116958618164],"r":[-0.1942349523305893,2.3396827586452673e-8,-0.9809550642967224,-7.920760936031002e-9,1,2.5419426563644265e-8,0.9809550642967224,1.2707251251242724e-8,-0.1942349523305893]}},{"t":4.848086595535278,"j":false,"c":{"p":[-495.3200378417969,74.85647583007812,46.213741302490234],"r":[-0.1942349523305893,-1.801418036961877e-8,-0.9809550642967224,1.5367328742854625e-8,1,-2.1406743044849463e-8,0.9809550642967224,-1.923259596026128e-8,-0.1942349523305893]}},{"t":4.910959243774414,"j":false,"c":{"p":[-493.3654479980469,74.85650634765625,46.635257720947266],"r":[-0.30237066745758057,-5.7193329183746755e-8,-0.9531904458999634,3.849003959999209e-8,1,-7.221179032512737e-8,0.9531904458999634,-5.852306372844396e-8,-0.30237066745758057]}},{"t":4.973219394683838,"j":false,"c":{"p":[-491.5204162597656,74.85650634765625,47.39601135253906],"r":[-0.5060344934463501,-7.227472309523364e-8,-0.8625132441520691,4.4548148281364774e-8,1,-1.0993178989338048e-7,0.8625132441520691,-9.405264478345998e-8,-0.5060344934463501]}},{"t":5.041362524032593,"j":false,"c":{"p":[-489.8179626464844,74.85650634765625,48.67095184326172],"r":[-0.7144733667373657,6.21718641014013e-8,-0.6996626257896423,-1.620986900263688e-8,1,1.0541278072651039e-7,0.6996626257896423,8.665606543445392e-8,-0.7144733667373657]}},{"t":5.108399868011475,"j":false,"c":{"p":[-488.4073486328125,74.85650634765625,50.26939392089844],"r":[-0.7749446034431458,1.4272180770547038e-8,-0.6320291757583618,-5.60571056240633e-9,1,2.9454804817419245e-8,0.6320291757583618,2.6368814687316444e-8,-0.7749446034431458]}},{"t":5.172628879547119,"j":true,"c":{"p":[-487.2276611328125,74.59085083007812,51.71592712402344],"r":[-0.866025447845459,-2.0686471202679968e-8,-0.49999988079071045,-2.3586861352953292e-9,1,-3.728758812826527e-8,0.49999988079071045,-3.1112655562992586e-8,-0.866025447845459]}},{"t":5.178106307983398,"j":false,"c":{"p":[-486.9748840332031,75.25186157226562,52.025901794433594],"r":[-0.8987941145896912,-2.6156470767091378e-8,-0.4383709728717804,-3.979780949237011e-9,1,-5.150766924089112e-8,0.4383709728717804,-4.455016977544801e-8,-0.8987941145896912]}},{"t":5.18135404586792,"j":true,"c":{"p":[-486.9748840332031,75.25186157226562,52.025901794433594],"r":[-0.8987941145896912,-2.6156470767091378e-8,-0.4383709728717804,-3.979780949237011e-9,1,-5.150766924089112e-8,0.4383709728717804,-4.455016977544801e-8,-0.8987941145896912]}},{"t":5.190435409545898,"j":true,"c":{"p":[-486.8126220703125,75.67777252197266,52.236572265625],"r":[-0.9102694988250732,-3.37138708061957e-8,-0.4140162467956543,-4.725553726103726e-9,1,-7.104152643933048e-8,0.4140162467956543,-6.271047681138953e-8,-0.9102694988250732]}},{"t":5.241340637207031,"j":false,"c":{"p":[-485.9683837890625,78.11410522460938,53.724952697753906],"r":[-0.9830324649810791,-4.629458061344849e-8,-0.18343152105808258,1.3576463508968573e-8,1,-3.251387283853546e-7,0.18343152105808258,-3.221122710783675e-7,-0.9830324649810791]}},{"t":5.285731554031372,"j":true,"c":{"p":[-485.58294677734375,79.59648895263672,54.97608184814453],"r":[-0.9998756647109985,1.0812750694810802e-8,-0.01576959900557995,1.5743903958309602e-8,1,-3.1257587806976517e-7,0.01576959900557995,-3.127852892248484e-7,-0.9998756647109985]}},{"t":5.307910680770874,"j":false,"c":{"p":[-485.4674987792969,80.3224105834961,55.75449752807617],"r":[-0.9999011754989624,1.185754072707823e-8,-0.01405937410891056,1.4802004066893915e-8,1,-2.0932651523253298e-7,0.01405937410891056,-2.0951394219537178e-7,-0.9999011754989624]}},{"t":5.375218868255615,"j":false,"c":{"p":[-485.4140319824219,81.71328735351562,58.01642990112305],"r":[-0.9999025464057922,1.3579347424297339e-8,-0.013962105847895145,1.2845794650218068e-8,1,5.2628493563133816e-8,0.013962105847895145,5.2444008247221063e-8,-0.9999025464057922]}},{"t":5.439010381698608,"j":false,"c":{"p":[-485.3879699707031,82.11956024169922,59.88290786743164],"r":[-0.9999025464057922,3.609927246017719e-9,-0.013962171971797943,2.0885100315837235e-9,1,1.0898166635797679e-7,0.013962171971797943,1.0894188307020158e-7,-0.9999025464057922]}},{"t":5.505192756652832,"j":false,"c":{"p":[-485.3258056640625,81.76636505126953,62.01481246948242],"r":[-0.9939633011817932,-1.0400843741820154e-8,-0.10971304774284363,1.3043020830050267e-10,1,-9.598208094985239e-8,0.10971304774284363,-9.541697920667502e-8,-0.9939633011817932]}},{"t":5.566499471664429,"j":false,"c":{"p":[-485.21185302734375,80.66593170166016,63.94651794433594],"r":[-0.9810637831687927,-0.0003135775914415717,-0.19368477165699005,-0.00029215647373348475,0.9999999403953552,-0.00013916130410507321,0.19368480145931244,-0.00007993985491339117,-0.9810637831687927]}},{"t":5.632732391357422,"j":false,"c":{"p":[-485.30181884765625,78.5216064453125,66.09064483642578],"r":[-0.9650365114212036,-0.00008639758743811399,-0.26211559772491455,-0.00008318264735862613,1,-0.000023361055355053395,0.26211559772491455,-7.408024771393684e-7,-0.9650365114212036]}},{"t":5.699335098266602,"j":false,"c":{"p":[-485.2969665527344,75.81766510009766,67.94734191894531],"r":[-0.9573963284492493,-0.0011588666820898652,-0.28877487778663635,-0.0010188596788793802,0.9999992847442627,-0.0006351427873596549,0.28877541422843933,-0.000313862256007269,-0.9573968052864075]}},{"t":5.752519130706787,"j":true,"c":{"p":[-485.2149658203125,73.10664367675781,69.41671752929688],"r":[-0.9224876761436462,0.00003475039920886047,-0.3860265612602234,0.00002818324719555676,1,0.0000226712400035467,0.3860265612602234,0.00001003445686365012,-0.9224876761436462]}},{"t":5.765645503997803,"j":false,"c":{"p":[-485.1130065917969,72.09396362304688,69.9090805053711],"r":[-0.8935866951942444,0.000016511958165210672,-0.44889068603515625,0.000013804499758407474,1,0.000009303915248892736,0.44889068603515625,0.0000021171433672861895,-0.8935866951942444]}},{"t":5.833160638809204,"j":false,"c":{"p":[-484.2515869140625,67.18209075927734,71.9023666381836],"r":[-0.6247652173042297,-9.884183782560285e-7,-0.780812680721283,-6.458459012037565e-8,1,-0.0000012142070318077458,0.780812680721283,-7.081658282004355e-7,-0.6247652173042297]}},{"t":5.871636629104614,"j":true,"c":{"p":[-483.64385986328125,65.21701049804688,72.71875],"r":[-0.4890189468860626,-0.0006499057053588331,-0.8722729086875916,-0.0005895119393244386,0.9999997615814209,-0.00041457550833001733,0.8722729682922363,0.00031148004927672446,-0.4890191853046417]}},{"t":5.881133079528809,"j":true,"c":{"p":[-483.93927001953125,65.8934555053711,72.72653198242188],"r":[-0.4700196087360382,-0.0012225559912621975,-0.882655143737793,-0.0010207523591816425,0.9999991059303284,-0.0008415306219831109,0.8826553821563721,0.0005054363864473999,-0.47002044320106506]}},{"t":5.891218185424805,"j":true,"c":{"p":[-484.12860107421875,66.327392578125,72.7335433959961],"r":[-0.45171818137168884,-0.0011174657847732306,-0.8921599984169006,-0.0009229140123352408,0.9999992847442627,-0.000785249168984592,0.892160177230835,0.0004686756292358041,-0.45171889662742615]}},{"t":5.898730993270874,"j":false,"c":{"p":[-484.30816650390625,66.7477035522461,72.74304962158203],"r":[-0.42712831497192383,-0.0007759055588394403,-0.9041906595230103,-0.000645267020445317,0.9999996423721313,-0.0005533052026294172,0.9041907787322998,0.00034711213083937764,-0.4271286725997925]}},{"t":5.96526575088501,"j":false,"c":{"p":[-485.3962707519531,69.61967468261719,72.89096069335938],"r":[-0.21569837629795074,0.00001015962061501341,-0.9764600396156311,0.000007495496447518235,1,0.00000874880061019212,0.9764600396156311,-0.0000054319507398759015,-0.21569837629795074]}},{"t":5.986695289611816,"j":true,"c":{"p":[-485.5700378417969,70.201416015625,72.94054412841797],"r":[-0.21486599743366241,0.0000024755506728979526,-0.9766435623168945,0.0000023117220280255424,1,0.000002026164338531089,0.9766435623168945,-0.000001822374656512693,-0.21486599743366241]}},{"t":6.030876159667969,"j":false,"c":{"p":[-485.8540344238281,71.61964416503906,73.11145782470703],"r":[-0.21473635733127594,-1.6562705695832847e-7,-0.9766720533370972,-1.5822517696051364e-7,1,-1.3479484550771303e-7,0.9766720533370972,1.2558875539525616e-7,-0.21473635733127594]}},{"t":6.094685792922974,"j":false,"c":{"p":[-485.7084655761719,72.7026596069336,73.37191009521484],"r":[-0.21473585069179535,1.2323444309458864e-7,-0.9766721725463867,-3.42335870762156e-9,1,1.2693057271917496e-7,0.9766721725463867,3.060004161170582e-8,-0.21473585069179535]}},{"t":6.1572816371917725,"j":false,"c":{"p":[-485.0067138671875,73.01927185058594,73.68435668945312],"r":[-0.21473585069179535,7.002755353369139e-8,-0.9766721725463867,9.207327167359836e-8,1,5.145648884763432e-8,0.9766721725463867,-7.887584985155627e-8,-0.21473585069179535]}},{"t":6.219497442245483,"j":false,"c":{"p":[-483.748779296875,72.56947326660156,74.04881286621094],"r":[-0.21473585069179535,-9.496284292254131e-8,-0.9766721725463867,7.488603159799823e-8,1,-1.1369583319265075e-7,0.9766721725463867,-9.755367358366129e-8,-0.21473585069179535]}},{"t":6.280829668045044,"j":false,"c":{"p":[-481.95050048828125,71.353271484375,74.45013427734375],"r":[-0.16765719652175903,-1.2495161172410008e-7,-0.9858453273773193,-1.1321525938967625e-8,1,-1.2482026079396746e-7,0.9858453273773193,-9.765741992850963e-9,-0.16765719652175903]}},{"t":6.349015235900879,"j":false,"c":{"p":[-479.8446960449219,69.21123504638672,74.79175567626953],"r":[-0.15299305319786072,6.281868536461843e-8,-0.9882272481918335,8.599540635145786e-9,1,6.223569926078198e-8,0.9882272481918335,1.0233287550676096e-9,-0.15299305319786072]}},{"t":6.417378187179565,"j":false,"c":{"p":[-477.6045227050781,67.90055084228516,75.1385726928711],"r":[-0.15298636257648468,5.988243234611446e-9,-0.9882283210754395,2.557855482976379e-9,1,5.663596258642656e-9,0.9882283210754395,-1.6612921038827722e-9,-0.15298636257648468]}},{"t":6.484943389892578,"j":false,"c":{"p":[-475.521728515625,67.95881652832031,75.5846939086914],"r":[-0.3551071286201477,-9.705969716833351e-8,-0.934825599193573,-2.0710711368110424e-8,1,-9.595925831717977e-8,0.934825599193573,-1.4714915508307058e-8,-0.3551071286201477]}},{"t":6.5471882820129395,"j":false,"c":{"p":[-473.74560546875,67.96412658691406,76.49018859863281],"r":[-0.5707141757011414,3.796359493435375e-8,-0.8211488127708435,1.5589222357448307e-8,1,3.539748760772454e-8,0.8211488127708435,7.4007764361283535e-9,-0.5707141757011414]}},{"t":6.614766359329224,"j":false,"c":{"p":[-472.00018310546875,67.96467590332031,77.71668243408203],"r":[-0.5764324069023132,5.3452982484714084e-8,-0.8171448707580566,1.9974159215507825e-8,1,5.1324107630534854e-8,0.8171448707580566,1.3263098175286814e-8,-0.5764324069023132]}},{"t":6.681363344192505,"j":false,"c":{"p":[-470.25701904296875,67.96470642089844,78.94641876220703],"r":[-0.5764324069023132,-9.183620619523936e-8,-0.8171448707580566,-3.675467041830416e-8,1,-8.645911719895594e-8,0.8171448707580566,-1.9803948703156493e-8,-0.5764324069023132]}},{"t":6.74839186668396,"j":false,"c":{"p":[-468.5189514160156,67.96470642089844,80.18318939208984],"r":[-0.6266041994094849,3.42386230478553e-9,-0.7793376445770264,3.4137610516182804e-9,1,1.6485603993032782e-9,0.7793376445770264,-1.6274777081548564e-9,-0.6266041994094849]}},{"t":6.811161994934082,"j":false,"c":{"p":[-467.16925048828125,67.96470642089844,81.64017486572266],"r":[-0.8443276882171631,1.0291364560544025e-7,-0.5358272194862366,6.873555946640408e-8,1,8.375519655601238e-8,0.5358272194862366,3.3886443873143435e-8,-0.8443276882171631]}},{"t":6.876248836517334,"j":false,"c":{"p":[-466.1062316894531,67.96470642089844,83.33419799804688],"r":[-0.8480480909347534,-3.0673181328211285e-8,-0.5299192070960999,-1.608182209622555e-8,1,-3.2146452610959386e-8,0.5299192070960999,-1.8739671148182424e-8,-0.8480480909347534]}},{"t":6.939858675003052,"j":false,"c":{"p":[-464.9758605957031,67.96470642089844,85.14340209960938],"r":[-0.8480479717254639,-4.42036522940