{"v":1,"d":[{"t":0,"j":false,"c":{"p":[-27.45987892150879,117.57036590576172,-397.34051513671875],"r":[0.4131064713001251,-1.0332237110333153e-7,0.910682737827301,7.071112406720204e-8,1,8.137976692523807e-8,-0.910682737827301,3.077688859320915e-8,0.4131064713001251]}},{"t":0.06630158424377441,"j":false,"c":{"p":[-29.273149490356445,117.57036590576172,-398.18426513671875],"r":[0.42578086256980896,1.6547410552902875e-8,0.904826283454895,-1.2938086157987527e-8,1,-1.2199711463267704e-8,-0.904826283454895,-6.512317352047603e-9,0.42578086256980896]}},{"t":0.13234710693359375,"j":false,"c":{"p":[-31.3240909576416,117.57036590576172,-399.14923095703125],"r":[0.4257810711860657,6.741309022118003e-8,0.9048262238502502,-4.755281324264615e-8,1,-5.212713816149517e-8,-0.9048262238502502,-2.0832283453842138e-8,0.4257810711860657]}},{"t":0.20015573501586914,"j":false,"c":{"p":[-33.255348205566406,117.57036590576172,-400.055419921875],"r":[0.4194541573524475,-7.628046461150007e-8,0.9077765345573425,5.522636925547886e-8,1,5.851168793924444e-8,-0.9077765345573425,2.5590232155536796e-8,0.4194541573524475]}},{"t":0.20015573501586914,"j":false,"c":{"p":[-33.25947952270508,117.57038116455078,-400.0572814941406],"r":[0.45087888836860657,-8.410109586520775e-8,0.8925851583480835,4.90250045004359e-8,1,6.94575277293552e-8,-0.8925851583480835,1.2442056274153401e-8,0.45087888836860657]}},{"t":0.2643299102783203,"j":false,"c":{"p":[-34.5507926940918,117.57038116455078,-400.70953369140625],"r":[0.45087888836860657,-1.8359465059347713e-8,0.8925851583480835,1.1229232654841326e-8,1,1.4896552436027832e-8,-0.8925851583480835,3.306505513833713e-9,0.45087888836860657]}},{"t":0.33002758026123047,"j":false,"c":{"p":[-36.335941314697266,117.57038116455078,-401.611328125],"r":[0.450878769159317,7.626369580293613e-8,0.8925852179527283,-4.353319482675033e-8,1,-6.3451089715727e-8,-0.8925852179527283,-1.0248335513551865e-8,0.450878769159317]}},{"t":0.3876049518585205,"j":true,"c":{"p":[-38.00659942626953,117.57038116455078,-402.4439697265625],"r":[0.432086706161499,4.34889244615988e-8,0.9018320441246033,-2.5526405877940306e-8,1,-3.599262399234249e-8,-0.9018320441246033,-7.468596407989025e-9,0.432086706161499]}},{"t":0.39447593688964844,"j":false,"c":{"p":[-38.24623107910156,118.00991821289062,-402.56097412109375],"r":[0.432086706161499,2.1636008540326657e-8,0.9018320441246033,-1.3270560650369134e-8,1,-1.763296708645612e-8,-0.9018320441246033,-4.348845727975004e-9,0.432086706161499]}},{"t":0.3970928192138672,"j":true,"c":{"p":[-38.24623107910156,118.00991821289062,-402.56097412109375],"r":[0.432086706161499,2.1636008540326657e-8,0.9018320441246033,-1.3270560650369134e-8,1,-1.763296708645612e-8,-0.9018320441246033,-4.348845727975004e-9,0.432086706161499]}},{"t":0.4050025939941406,"j":true,"c":{"p":[-38.48649978637695,118.43582916259766,-402.6766662597656],"r":[0.4260071814060211,3.1875146966342527e-10,0.9047197699546814,-1.1171634728412982e-9,1,1.7372031591023074e-10,-0.9047197699546814,-1.0847259757085226e-9,0.4260071814060211]}},{"t":0.4585690498352051,"j":false,"c":{"p":[-40.17523956298828,121.03572845458984,-403.4719543457031],"r":[0.42578089237213135,-1.390170325521467e-7,0.904826283454895,8.435419829311286e-8,1,1.1394521237662047e-7,-0.904826283454895,2.781020391751099e-8,0.42578089237213135]}},{"t":0.5210990905761719,"j":false,"c":{"p":[-41.86425018310547,122.9679946899414,-404.2666320800781],"r":[0.4257804751396179,-5.6166761908116314e-8,0.9048265218734741,3.466157494358413e-8,1,4.5764064537934246e-8,-0.9048265218734741,1.187726716977977e-8,0.4257804751396179]}},{"t":0.5874419212341309,"j":false,"c":{"p":[-43.915191650390625,124.41677856445312,-405.2315979003906],"r":[0.4257804751396179,6.475720226717385e-8,0.9048265218734741,-3.8059457807548824e-8,1,-5.3659153564922235e-8,-0.9048265218734741,-1.1590185700072198e-8,0.4257804751396179]}},{"t":0.6545000076293945,"j":false,"c":{"p":[-45.72484588623047,124.87761688232422,-406.0830383300781],"r":[0.42578092217445374,1.539036560416207e-7,0.904826283454895,-9.174700466019203e-8,1,-1.2691886297488963e-7,-0.904826283454895,-2.897547268787548e-8,0.42578092217445374]}},{"t":0.7221391201019287,"j":false,"c":{"p":[-47.775787353515625,125.76636505126953,-407.0480041503906],"r":[0.42578092217445374,-1.761611478912073e-8,0.904826283454895,1.0099129532648021e-8,1,1.471674604403006e-8,-0.904826283454895,2.871848314711656e-9,0.42578092217445374]}},{"t":0.7881958484649658,"j":false,"c":{"p":[-48.997657775878906,125.92737579345703,-407.6229553222656],"r":[0.42578092217445374,-5.7216787752167875e-8,0.904826283454895,3.392046465933163e-8,1,4.727327507225709e-8,-0.904826283454895,1.0564068730900544e-8,0.42578092217445374]}},{"t":0.8330397605895996,"j":true,"c":{"p":[-49.016300201416016,125.93954467773438,-407.6316833496094],"r":[0.41310563683509827,1.5470316583332533e-8,0.9106830954551697,-8.488917124793716e-9,1,-1.3136838283855923e-8,-0.9106830954551697,-2.3038111418571816e-9,0.41310563683509827]}},{"t":0.839536190032959,"j":true,"c":{"p":[-49.016300201416016,126.37908172607422,-407.6316833496094],"r":[0.4003501534461975,2.994933367972408e-8,0.9163622260093689,-1.6679825520782288e-8,1,-2.5395593183930032e-8,-0.9163622260093689,-5.117632984052989e-9,0.4003501534461975]}},{"t":0.8485503196716309,"j":true,"c":{"p":[-49.018577575683594,126.59374237060547,-407.6326904296875],"r":[0.39403223991394043,3.726968955675147e-8,0.9190966486930847,-2.0728387895019296e-8,1,-3.1663738297993405e-8,-0.9190966486930847,-6.574857103203158e-9,0.39403223991394043]}},{"t":0.8547136783599854,"j":false,"c":{"p":[-49.03909683227539,127.21728515625,-407.6415710449219],"r":[0.3819805383682251,6.851088585335674e-8,0.9241703748703003,-3.21097495259437e-8,1,-6.086062143140225e-8,-0.9241703748703003,-6.427307130962845e-9,0.3819805383682251]}},{"t":0.9216151237487793,"j":false,"c":{"p":[-49.502872467041016,130.02513122558594,-407.81793212890625],"r":[0.30908986926078796,1.1457584037088964e-7,0.951032817363739,2.2514701214504385e-8,1,-1.2779254632278025e-7,-0.951032817363739,6.091160287269304e-8,0.30908986926078796]}},{"t":0.9888324737548828,"j":false,"c":{"p":[-50.57367706298828,131.9609375,-408.18218994140625],"r":[0.2566467821598053,8.977854548675168e-8,0.9665052890777588,7.40204271210132e-8,1,-1.12545322394908e-7,-0.9665052890777588,1.004255238967744e-7,0.2566467821598053]}},{"t":1.0542361736297607,"j":false,"c":{"p":[-52.1822395324707,133.01348876953125,-408.6044616699219],"r":[-0.00020267667423468083,0.0004021459899377078,0.9999998807907104,0.005623800680041313,0.999984085559845,-0.0004009998228866607,-0.9999841451644897,0.005623718723654747,-0.000204935044166632]}},{"t":1.1213257312774658,"j":false,"c":{"p":[-51.8557243347168,134.12599182128906,-409.11016845703125],"r":[0.11838226765394211,-0.0012589115649461746,0.9929673075675964,-0.000026597965188557282,0.9999991655349731,0.001270997803658247,-0.9929680824279785,-0.00017687451327219605,0.11838213354349136]}},{"t":1.1884160041809082,"j":false,"c":{"p":[-51.810340881347656,135.71273803710938,-409.1834716796875],"r":[0.0069830045104026794,8.040375973905611e-7,0.9999756217002869,-0.0000015667803836549865,1,-7.931161007945775e-7,-0.9999756217002869,-0.0000015612039305779035,0.0069830045104026794]}},{"t":1.2544670104980469,"j":false,"c":{"p":[-52.108123779296875,136.7039794921875,-409.1824645996094],"r":[-0.006979126483201981,-5.071596476113882e-8,0.9999756217002869,2.6659536800366368e-8,1,5.0903263826285183e-8,-0.9999756217002869,2.701414736350216e-8,-0.006979126483201981]}},{"t":1.316983938217163,"j":false,"c":{"p":[-52.982845306396484,137.28485107421875,-409.1771240234375],"r":[-0.006979442201554775,1.1888245410318632e-7,0.9999756217002869,-2.0156157631845417e-8,1,-1.1902603347380136e-7,-0.9999756217002869,-2.0986401949585343e-8,-0.006979442201554775]}},{"t":1.3820455074310303,"j":false,"c":{"p":[-55.00785446166992,139.3633575439453,-409.1369323730469],"r":[-0.0418744795024395,8.91190623519833e-8,0.9991228580474854,-5.5335963367042496e-8,1,-9.15164974912841e-8,-0.9991228580474854,-5.911963185667446e-8,-0.0418744795024395]}},{"t":1.4437446594238281,"j":false,"c":{"p":[-57.00310516357422,138.9770965576172,-409.0027160644531],"r":[-0.08367593586444855,5.973728889330232e-8,0.9964930415153503,-8.943270302097517e-8,1,-6.745722203049809e-8,-0.9964930415153503,-9.476361384486154e-8,-0.08367593586444855]}},{"t":1.5045058727264404,"j":false,"c":{"p":[-58.86322784423828,138.36404418945312,-408.84637451171875],"r":[-0.08367593586444855,3.505203238773902e-8,0.9964930415153503,-1.213668525679168e-7,1,-4.5366615353259476e-8,-0.9964930415153503,-1.2473731203499483e-7,-0.08367593586444855]}},{"t":1.5682356357574463,"j":false,"c":{"p":[-60.987762451171875,138.44921875,-408.6536560058594],"r":[-0.11146701127290726,-2.1950533835024544e-8,0.9937681555747986,2.891836992091612e-8,1,2.5331843289677636e-8,-0.9937681555747986,3.1561818047975976e-8,-0.11146701127290726]}},{"t":1.6301636695861816,"j":false,"c":{"p":[-62.97404098510742,138.45738220214844,-408.419921875],"r":[-0.11840280145406723,-1.4005912873926718e-8,0.9929656386375427,6.406622787835659e-8,1,2.174449242886567e-8,-0.9929656386375427,6.619017511866332e-8,-0.11840280145406723]}},{"t":1.698728322982788,"j":false,"c":{"p":[-65.09235382080078,138.45822143554688,-408.16748046875],"r":[-0.11840280145406723,2.1591121779351852e-8,0.9929656386375427,3.053497010796491e-8,1,-1.810303906779609e-8,-0.9929656386375427,2.817672495325496e-8,-0.11840280145406723]}},{"t":1.767047643661499,"j":false,"c":{"p":[-67.21063995361328,138.458251953125,-407.9150390625],"r":[-0.11840280145406723,5.706672112637534e-8,0.9929656386375427,-2.881770377882731e-9,1,-5.781461709375435e-8,-0.9929656386375427,-9.706911718865285e-9,-0.11840280145406723]}},{"t":1.8339693546295166,"j":false,"c":{"p":[-69.32892608642578,138.458251953125,-407.66259765625],"r":[-0.11840280145406723,9.242129550557365e-8,0.9929656386375427,-3.618436394958735e-8,1,-9.739071060721471e-8,-0.9929656386375427,-4.7461163887874136e-8,-0.11840280145406723]}},{"t":1.894134283065796,"j":false,"c":{"p":[-71.3148193359375,138.458251953125,-407.4259338378906],"r":[-0.11840280145406723,5.1353719499047656e-8,0.9929656386375427,-2.8399412599355855e-8,1,-5.510391076768428e-8,-0.9929656386375427,-3.472409915161734e-8,-0.11840280145406723]}},{"t":1.9544239044189453,"j":false,"c":{"p":[-73.16831970214844,138.458251953125,-407.2050476074219],"r":[-0.11840280145406723,-7.744981900259518e-8,0.9929656386375427,3.1743287109975427e-8,1,8.178361099453468e-8,-0.9929656386375427,4.120339980318022e-8,-0.11840280145406723]}},{"t":2.021498918533325,"j":false,"c":{"p":[-75.28660583496094,138.458251953125,-406.9526062011719],"r":[-0.11840280145406723,-2.53641179170927e-8,0.9929656386375427,1.8219864728052926e-8,1,2.771636786746967e-8,-0.9929656386375427,2.1373395497903402e-8,-0.11840280145406723]}},{"t":2.089205026626587,"j":false,"c":{"p":[-77.53728485107422,138.458251953125,-406.68438720703125],"r":[-0.11840280145406723,2.9782254884480608e-8,0.9929656386375427,3.901836187480967e-9,1,-2.952797650834782e-8,-0.9929656386375427,3.7819422593621255e-10,-0.11840280145406723]}},{"t":2.1516096591949463,"j":false,"c":{"p":[-79.38996887207031,138.458251953125,-406.45660400390625],"r":[-0.12533117830753326,7.501399323928126e-8,0.9921149611473083,-7.61608198729391e-9,1,-7.657229872393145e-8,-0.9921149611473083,-1.7152924414176596e-8,-0.12533117830753326]}},{"t":2.2199153900146484,"j":false,"c":{"p":[-81.63652038574219,138.458251953125,-406.15557861328125],"r":[-0.14608162641525269,1.1255055198944319e-7,0.9892725348472595,-1.8082493724591586e-8,1,-1.1644119268794384e-7,-0.9892725348472595,-3.489843436454976e-8,-0.14608162641525269]}},{"t":2.2875869274139404,"j":false,"c":{"p":[-83.74515533447266,138.458251953125,-405.8317565917969],"r":[-0.15987978875637054,-1.0211155654360482e-7,0.9871364831924438,1.2263475568374815e-8,1,1.0542841266669711e-7,-0.9871364831924438,2.8961597564602926e-8,-0.15987978875637054]}},{"t":2.3551619052886963,"j":false,"c":{"p":[-85.84342956542969,138.458251953125,-405.4482116699219],"r":[-0.19423238933086395,-2.7695129745097802e-8,0.9809555411338806,7.287658920773765e-9,1,2.9675788937311154e-8,-0.9809555411338806,1.2912868996295401e-8,-0.19423238933086395]}},{"t":2.4153659343719482,"j":false,"c":{"p":[-87.80255126953125,138.458251953125,-405.0461730957031],"r":[-0.20791010558605194,4.109043061362172e-8,0.9781479239463806,3.882631993690211e-9,1,-4.118312801892898e-8,-0.9781479239463806,-4.764600269879793e-9,-0.20791010558605194]}},{"t":2.479987859725952,"j":false,"c":{"p":[-89.75775146484375,138.458251953125,-404.6255187988281],"r":[-0.21473334729671478,1.0948203055249905e-7,0.9766727089881897,1.146228667536775e-9,1,-1.1184493331484191e-7,-0.9766727089881897,-2.2897346241279593e-8,-0.21473334729671478]}},{"t":2.5425353050231934,"j":false,"c":{"p":[-91.70890045166016,138.458251953125,-404.1863098144531],"r":[-0.2283492535352707,-1.3931438225256443e-8,0.9735792875289917,-2.705102364330969e-9,1,1.3675033549986892e-8,-0.9735792875289917,4.890521321243568e-10,-0.2283492535352707]}},{"t":2.6092872619628906,"j":false,"c":{"p":[-93.78592681884766,138.458251953125,-403.69903564453125],"r":[-0.22834935784339905,-5.7583317669696044e-8,0.9735792279243469,-1.3007240839968404e-9,1,5.884091791585888e-8,-0.9735792279243469,1.21699281763199e-8,-0.22834935784339905]}},{"t":2.6759121417999268,"j":false,"c":{"p":[-95.86295318603516,138.458251953125,-403.21173095703125],"r":[-0.22834935784339905,2.4202165604947368e-8,0.9735792279243469,5.384837464816883e-9,1,-2.35959642935768e-8,-0.9735792279243469,-1.4555752436695713e-10,-0.22834935784339905]}},{"t":2.7386159896850586,"j":false,"c":{"p":[-97.81016540527344,138.458251953125,-402.7548828125],"r":[-0.2283497154712677,1.0062243660513559e-7,0.9735791683197021,1.1631831497993517e-8,1,-1.0062490929385604e-7,-0.9735791683197021,-1.1653160214564195e-8,-0.2283497154712677]}},{"t":2.800529956817627,"j":false,"c":{"p":[-99.89176940917969,138.458251953125,-402.2882080078125],"r":[-0.18738003075122833,-9.547489021599631e-9,0.9822874665260315,2.6477325540397167e-11,1,9.72469926807662e-9,-0.9822874665260315,1.848222797029564e-9,-0.18738003075122833]}},{"t":2.865438222885132,"j":false,"c":{"p":[-101.869384765625,138.458251953125,-401.99456787109375],"r":[-0.10452744364738464,-6.670785523965606e-8,0.994521975517273,-2.618700589707146e-9,1,6.680005526504829e-8,-0.994521975517273,4.378084117462322e-9,-0.10452744364738464]}},{"t":2.931342601776123,"j":false,"c":{"p":[-103.9909896850586,138.458251953125,-401.77081298828125],"r":[-0.10452744364738464,2.8867891188610884e-8,0.994521975517273,-9.499523390132936e-11,1,-2.9036884896527226e-8,-0.994521975517273,-3.1296263358626675e-9,-0.10452744364738464]}},{"t":2.9973363876342773,"j":false,"c":{"p":[-106.1126937866211,138.458251953125,-401.54766845703125],"r":[-0.10452744364738464,1.2411729244377057e-7,0.994521975517273,2.420097899857865e-9,1,-1.2454660236471682e-7,-0.994521975517273,-1.0611697298656964e-8,-0.10452744364738464]}},{"t":3.064626932144165,"j":false,"c":{"p":[-108.10179138183594,138.47006225585938,-401.3384704589844],"r":[-0.10452744364738464,-4.9890701347976574e-8,0.994521975517273,-6.142576447487613e-10,1,5.010094739077431e-8,-0.994521975517273,4.626031557819488e-9,-0.10452744364738464]}},{"t":3.1323018074035645,"j":false,"c":{"p":[-110.3561019897461,139.27090454101562,-401.10137939453125],"r":[-0.10452744364738464,-3.1661127053439486e-8,0.994521975517273,-6.688774534246988e-10,1,3.176522156422834e-8,-0.994521975517273,2.655124342609838e-9,-0.10452744364738464]}},{"t":3.1438772678375244,"j":true,"c":{"p":[-110.6213150024414,139.35202026367188,-401.073486328125],"r":[-0.10452744364738464,-1.8995372386143572e-8,0.994521975517273,-5.100031508220582e-10,1,1.9046400012712184e-8,-0.994521975517273,1.4836620820801727e-9,-0.10452744364738464]}},{"t":3.1519322395324707,"j":true,"c":{"p":[-110.88652801513672,139.7915496826172,-401.04559326171875],"r":[-0.10452744364738464,-6.33503161040494e-9,0.994521975517273,-3.5119662733507084e-10,1,6.333014113124591e-9,-0.994521975517273,3.127010317349743e-10,-0.10452744364738464]}},{"t":3.161195755004883,"j":true,"c":{"p":[-111.15174102783203,140.21746826171875,-401.0177001953125],"r":[-0.10452742874622345,6.319897938311669e-9,0.994521975517273,-1.9245785520816128e-10,1,-6.374936578623647e-9,-0.994521975517273,-8.577593080261181e-10,-0.10452742874622345]}},{"t":3.200044631958008,"j":false,"c":{"p":[-112.4778060913086,142.1426544189453,-400.87823486328125],"r":[-0.10452740639448166,6.951350428607839e-8,0.9945220351219177,6.00214489221429e-10,1,-6.983331246601665e-8,-0.9945220351219177,-6.702568722261049e-9,-0.10452740639448166]}},{"t":3.2679293155670166,"j":false,"c":{"p":[-114.73211669921875,144.6337432861328,-400.6411437988281],"r":[-0.10452746599912643,1.5922503848742053e-7,0.994521975517273,1.7490885406701295e-9,1,-1.599182439804281e-7,-0.994521975517273,-1.4976341944361593e-8,-0.10452746599912643]}},{"t":3.3296635150909424,"j":false,"c":{"p":[-116.58860778808594,145.94607543945312,-400.4458923339844],"r":[-0.10452746599912643,3.823987793083461e-9,0.994521975517273,1.295249046906477e-10,1,-3.831437389578696e-9,-0.994521975517273,-2.71675099083879e-10,-0.10452746599912643]}},{"t":3.397897958755493,"j":false,"c":{"p":[-118.71031188964844,146.62838745117188,-400.2227478027344],"r":[-0.10452743619680405,-1.3776839580259548e-7,0.994521975517273,-1.3616849869890757e-9,1,1.3838413792655047e-7,-0.994521975517273,1.3110713403818863e-8,-0.10452743619680405]}},{"t":3.4618728160858154,"j":false,"c":{"p":[-120.83201599121094,146.43869018554688,-399.9996032714844],"r":[-0.10452740639448166,-3.121576597209241e-8,0.9945220351219177,-3.7550371145833594e-10,1,3.1348239559747526e-8,-0.9945220351219177,2.9033035975345456e-9,-0.10452740639448166]}},{"t":3.523139715194702,"j":false,"c":{"p":[-122.68933868408203,145.55740356445312,-399.8131103515625],"r":[-0.07694653421640396,8.61375113458962e-8,0.9970352053642273,8.073279267328815e-10,1,-8.63313402987842e-8,-0.9970352053642273,-5.837963445998184e-9,-0.07694653421640396]}},{"t":3.583224296569824,"j":false,"c":{"p":[-124.68339538574219,143.87229919433594,-399.65899658203125],"r":[-0.07671776413917542,9.875468265363452e-8,0.9970528483390808,1.5926263641219407e-9,1,-9.89240476201303e-8,-0.9970528483390808,-6.001298569202618e-9,-0.07671776413917542]}},{"t":3.647202730178833,"j":false,"c":{"p":[-126.67752838134766,141.42079162597656,-399.5056457519531],"r":[-0.07671721279621124,5.970834848767481e-8,0.9970529079437256,1.685550032881622e-9,1,-5.975514483225197e-8,-0.9970529079437256,-2.9036655302405734e-9,-0.07671721279621124]}},{"t":3.7100353240966797,"j":false,"c":{"p":[-128.67234802246094,138.20286560058594,-399.36187744140625],"r":[-0.06975563615560532,2.461669978970349e-8,0.9975641369819641,2.217810379789853e-9,1,-2.4521728647641794e-8,-0.9975641369819641,5.018793158839685e-10,-0.06975563615560532]}},{"t":3.7708511352539062,"j":false,"c":{"p":[-130.66751098632812,134.2185516357422,-399.2222595214844],"r":[-0.06975527852773666,-8.985145072415435e-9,0.9975641369819641,2.869356974244397e-9,1,9.207726137105965e-9,-0.9975641369819641,3.504655232688947e-9,-0.06975527852773666]}},{"t":3.835508346557617,"j":false,"c":{"p":[-132.7967529296875,129.1238555908203,-399.0909118652344],"r":[-0.0558261014521122,-1.915259062457153e-8,0.9984405040740967,5.221226118123923e-9,1,1.9474441614875104e-8,-0.9984405040740967,6.300266086611828e-9,-0.0558261014521122]}},{"t":3.9013442993164062,"j":false,"c":{"p":[-134.92739868164062,123.15715789794922,-398.9824523925781],"r":[-0.048849236220121384,-6.375306393913149e-10,0.9988061785697937,9.151461810574801e-9,1,1.0858689503123742e-9,-0.9988061785697937,9.19358100759382e-9,-0.048849236220121384]}},{"t":3.9548041820526123,"j":true,"c":{"p":[-136.52554321289062,118.10989379882812,-398.9044494628906],"r":[-0.04212387278676033,1.6855796758363795e-8,0.9991123676300049,1.2270833238403611e-8,1,-1.6353418175185652e-8,-0.9991123676300049,1.157107210048025e-8,-0.04212387278676033]}},{"t":3.962331771850586,"j":true,"c":{"p":[-136.6587371826172,117.66714477539062,-398.8985290527344],"r":[-0.034987956285476685,1.9083202573710878e-8,0.9993877410888672,1.2553035055873352e-8,1,-1.865541854328967e-8,-0.9993877410888672,1.1892634432797422e-8,-0.034987956285476685]}},{"t":3.9686460494995117,"j":false,"c":{"p":[-137.0584716796875,116.31846618652344,-398.88385009765625],"r":[-0.0349988117814064,2.6510678097224627e-8,0.9993873834609985,1.3423336220341753e-8,1,-2.6056840241039936e-8,-0.9993873834609985,1.2503154067644573e-8,-0.0349988117814064]}},{"t":4.010403156280518,"j":true,"c":{"p":[-138.2577667236328,116.17375946044922,-398.84197998046875],"r":[-0.03489892557263374,4.9056584572326756e-8,0.9993908405303955,1.6039580330584613e-8,1,-4.852638113561625e-8,-0.9993908405303955,1.4336291265237833e-8,-0.03489892557263374]}},{"t":4.018874645233154,"j":true,"c":{"p":[-138.52427673339844,116.61670684814453,-398.83270263671875],"r":[-0.03489884361624718,5.4062141430222255e-8,0.9993908405303955,1.6620175458115227e-8,1,-5.351471443759692e-8,-0.9993908405303955,1.4742449039317762e-8,-0.03489884361624718]}},{"t":4.033000946044922,"j":false,"c":{"p":[-139.0572967529297,117.4685287475586,-398.81414794921875],"r":[-0.034898631274700165,6.406683894510934e-8,0.9993908405303955,1.7780619643303908e-8,1,-6.348499681507747e-8,-0.9993908405303955,1.5554249443994195e-8,-0.034898631274700165]}},{"t":4.034586668014526,"j":true,"c":{"p":[-139.0572967529297,117.4685287475586,-398.81414794921875],"r":[-0.034898631274700165,6.406683894510934e-8,0.9993908405303955,1.7780619643303908e-8,1,-6.348499681507747e-8,-0.9993908405303955,1.5554249443994195e-8,-0.034898631274700165]}},{"t":4.050567626953125,"j":true,"c":{"p":[-139.59031677246094,118.26586151123047,-398.79559326171875],"r":[-0.03489850461483002,7.406299573631259e-8,0.9993908405303955,1.894005130509413e-8,1,-7.344675623244257e-8,-0.9993908405303955,1.636533220050751e-8,-0.03489850461483002]}},{"t":4.098086357116699,"j":false,"c":{"p":[-141.1893768310547,120.33084106445312,-398.73992919921875],"r":[-0.03489852324128151,1.040002075569646e-7,0.9993908405303955,2.2412375955127573e-8,1,-1.0328096067269144e-7,-0.9993908405303955,1.8794370504338076e-8,-0.03489852324128151]}},{"t":4.164193868637085,"j":false,"c":{"p":[-143.18820190429688,122.22230529785156,-398.67034912109375],"r":[-0.034898482263088226,1.4131387615634594e-7,0.9993908405303955,2.6740240244294e-8,1,-1.404662413051483e-7,-0.9993908405303955,2.1821893625428856e-8,-0.034898482263088226]}},{"t":4.230903387069702,"j":false,"c":{"p":[-145.4535369873047,123.43946075439453,-398.59149169921875],"r":[-0.03489852324128151,1.8345825480992062e-7,0.9993908405303955,3.162836392789359e-8,1,-1.8246561239720904e-7,-0.9993908405303955,2.524131659242812e-8,-0.03489852324128151]}},{"t":4.297930002212524,"j":false,"c":{"p":[-147.5856170654297,123.6857681274414,-398.51727294921875],"r":[-0.034898463636636734,-2.007455535135705e-8,0.9993908405303955,-4.539014941684627e-9,1,1.9928290129200832e-8,-0.9993908405303955,-3.8407836910892e-9,-0.034898463636636734]}},{"t":4.364129543304443,"j":false,"c":{"p":[-149.7176971435547,123.06007385253906,-398.44305419921875],"r":[-0.03489852324128151,-1.1172317471164206e-7,0.9993908405303955,-1.999579168909804e-8,1,1.1109302278100586e-7,-0.9993908405303955,-1.6106628919487775e-8,-0.03489852324128151]}},{"t":4.424264907836914,"j":false,"c":{"p":[-151.58338928222656,121.79727935791016,-398.38214111328125],"r":[-0.027937479317188263,-6.241236860660138e-8,0.999609649181366,-1.0479387135831075e-8,1,6.214385450675763e-8,-0.999609649181366,-8.739154289116868e-9,-0.027937479317188263]}},{"t":4.492768049240112,"j":false,"c":{"p":[-153.71624755859375,119.53658294677734,-398.339111328125],"r":[-0.01396824698895216,2.657476194656283e-8,0.9999024271965027,1.255776482800286e-9,1,-2.6559812127402438e-8,-0.9999024271965027,8.846599564016344e-10,-0.01396824698895216]}},{"t":4.556057453155518,"j":false,"c":{"p":[-155.84930419921875,116.40388488769531,-398.309326171875],"r":[-0.013960281386971474,1.3737574988681445e-7,0.9999025464057922,1.3900328887928026e-8,1,-1.3719505886911065e-7,-0.9999025464057922,1.1983692260741918e-8,-0.013960281386971474]}},{"t":4.622551918029785,"j":false,"c":{"p":[-157.8490447998047,115.76148986816406,-398.2814025878906],"r":[-0.01396081130951643,-3.339355103548769e-8,0.9999025464057922,-2.5837940675899063e-9,1,3.336073106652293e-8,-0.9999025464057922,-2.1177994913301745e-9,-0.01396081130951643]}},{"t":4.685528993606571,"j":false,"c":{"p":[-159.84878540039062,116.41142272949219,-398.25347900390625],"r":[-0.01396081130951643,-6.020403020556842e-8,0.9999025464057922,-6.037091271338113e-9,1,6.012560760382257e-8,-0.9999025464057922,-5.197100527709608e-9,-0.01396081130951643]}},{"t":4.747152805328373,"j":false,"c":{"p":[-161.84852600097656,116.48197937011719,-398.2255554199219],"r":[-0.01396081130951643,5.695183435960871e-9,0.9999025464057922,-8.307970977838863e-10,1,-5.707338157634467e-9,-0.9999025464057922,-9.103952036682017e-10,-0.01396081130951643]}},{"t":4.813145637512211,"j":false,"c":{"p":[-163.98159790039062,116.48932647705078,-398.19635009765625],"r":[-0.006980193313211203,7.57341993562477e-8,0.9999756217002869,4.612706661077937e-9,1,-7.570384497057603e-8,-0.9999756217002869,4.084166782547527e-9,-0.006980193313211203]}},{"t":4.879426479339603,"j":false,"c":{"p":[-166.11489868164062,116.4899673461914,-398.19866943359375],"r":[0.013963652774691582,7.593240525238798e-8,0.9999024868011475,4.86377116359904e-9,1,-7.600772988780591e-8,-0.9999024868011475,5.924642554333559e-9,0.013963652774691582]}},{"t":4.946865320205692,"j":false,"c":{"p":[-168.38128662109375,116.49000549316406,-398.2297668457031],"r":[0.013963652774691582,-8.998373601798448e-8,0.9999024868011475,-4.648028628650991e-9,1,9.005742640511016e-8,-0.9999024868011475,-5.905106181813835e-9,0.013963652774691582]}},{"t":5.014386415481571,"j":false,"c":{"p":[-170.3810272216797,116.47034454345703,-398.2576904296875],"r":[0.013963652774691582,-1.0551786111534511e-8,0.9999024868011475,-1.3160811329626654e-9,1,1.0571193698183379e-8,-0.9999024868011475,-1.463565268977618e-9,0.013963652774691582]}},{"t":5.08088040351868,"j":false,"c":{"p":[-172.5140838623047,115.48639678955078,-398.2874755859375],"r":[0.013963652774691582,7.38953929158015e-8,0.9999024868011475,2.226245410241745e-9,1,-7.39336840638316e-8,-0.9999024868011475,3.2584126508083955e-9,0.013963652774691582]}},{"t":5.146569013595585,"j":false,"c":{"p":[-174.78045654296875,114.506103515625,-398.3191223144531],"r":[0.013963652774691582,4.0409901203020127e-8,0.9999024868011475,1.5641962169965495e-9,1,-4.043568679890086e-8,-0.9999024868011475,2.128673681767168e-9,0.013963652774691582]}},{"t":5.2139105796814,"j":false,"c":{"p":[-176.91351318359375,114.59346008300781,-398.3489074707031],"r":[0.013963652774691582,-8.355748093435977e-8,0.9999024868011475,-2.6726871826809884e-9,1,8.360295566944842e-8,-0.9999024868011475,-3.839829343377232e-9,0.013963652774691582]}},{"t":5.240236282348636,"j":true,"c":{"p":[-177.58009338378906,114.59830474853516,-398.35821533203125],"r":[0.013963652774691582,-5.437947692144007e-8,0.9999024868011475,-1.8323663697472625e-9,1,5.4410367766877243e-8,-0.9999024868011475,-2.591955094999321e-9,0.013963652774691582]}},{"t":5.247697353363041,"j":true,"c":{"p":[-177.8467254638672,115.037841796875,-398.3619384765625],"r":[0.013963652774691582,-4.271700149161006e-8,0.9999024868011475,-1.4964892658397844e-9,1,4.2742065886614e-8,-0.9999024868011475,-2.0931787414468772e-9,0.013963652774691582]}},{"t":5.255407094955448,"j":true,"c":{"p":[-178.1133575439453,115.46375274658203,-398.36566162109375],"r":[0.013963652774691582,-3.105951407178509e-8,0.9999024868011475,-1.1607557137693902e-9,1,3.107875201635579e-8,-0.9999024868011475,-1.5946154396928591e-9,0.013963652774691582]}},{"t":5.279218673706058,"j":false,"c":{"p":[-179.04656982421875,116.84716033935547,-398.3786926269531],"r":[0.013963652774691582,9.702476155837303e-9,0.9999024868011475,1.3182665029032314e-11,1,-9.703605918787161e-9,-0.9999024868011475,1.486791662008713e-10,0.013963652774691582]}},{"t":5.3238055706024205,"j":true,"c":{"p":[-180.37973022460938,118.5339126586914,-398.3973083496094],"r":[0.013963652774691582,6.782818928741108e-8,0.9999024868011475,1.6871944952256968e-9,1,-6.785836603739881e-8,-0.9999024868011475,2.6345805537175693e-9,0.013963652774691582]}},{"t":5.346133708953861,"j":false,"c":{"p":[-181.0463104248047,119.24955749511719,-398.4066162109375],"r":[0.013963754288852215,9.684448087909914e-8,0.9999024868011475,2.5228568123480954e-9,1,-9.688915980632373e-8,-0.9999024868011475,3.875546994436263e-9,0.013963754288852215]}},{"t":5.41371321678162,"j":false,"c":{"p":[-183.31268310546875,121.0457763671875,-398.4382629394531],"r":[0.013963580131530762,1.2587786102358223e-7,0.9999024868011475,3.4514382463157744e-9,1,-1.259383282103954e-7,-0.9999024868011475,5.209651821047601e-9,0.013963580131530762]}},{"t":5.479791164398197,"j":false,"c":{"p":[-185.44573974609375,121.83708190917969,-398.4680480957031],"r":[0.013963845558464527,-5.878306907902697e-8,0.9999024868011475,-1.4978339679672104e-9,1,5.8809721537045334e-8,-0.9999024868011475,-2.318897740494208e-9,0.013963845558464527]}},{"t":5.545615911483768,"j":false,"c":{"p":[-187.4454803466797,121.78697967529297,-398.4959716796875],"r":[0.013963812030851841,-1.0618081347502084e-7,0.9999024868011475,-2.815368160824505e-9,1,1.0623048751767783e-7,-0.9999024868011475,-4.29847624161539e-9,0.013963812030851841]}},{"t":5.612718105316166,"j":false,"c":{"p":[-189.5785369873047,120.88878631591797,-398.5257568359375],"r":[0.01396339014172554,-4.269046005589416e-9,0.9999024868011475,-1.9149105912052988e-10,1,4.272136422400763e-9,-0.9999024868011475,-2.511258978543651e-10,0.01396339014172554]}},{"t":5.679584741592411,"j":false,"c":{"p":[-191.7115936279297,119.11859130859375,-398.5555419921875],"r":[0.013963345438241959,9.72946523347673e-8,0.9999024868011475,2.4234050322036182e-9,1,-9.733798123079396e-8,-0.9999024868011475,3.782332669288735e-9,0.013963345438241959]}},{"t":5.746955633163456,"j":false,"c":{"p":[-193.8446502685547,116.47640228271484,-398.5853271484375],"r":[0.013964271172881126,9.346277529687086e-9,0.9999024868011475,2.6522439799947506e-10,1,-9.350893392934267e-9,-0.9999024868011475,3.957769389995036e-10,0.013964271172881126]}},{"t":5.812666416168216,"j":false,"c":{"p":[-195.9777069091797,116.44889831542969,-398.6151123046875],"r":[0.013963913545012474,-6.677852582015475e-8,0.9999024868011475,-1.6581866990605931e-9,1,6.68081980848001e-8,-0.9999024868011475,-2.5909288048353574e-9,0.013963913545012474]}},{"t":5.880562782287601,"j":false,"c":{"p":[-198.24082946777344,116.48690032958984,-398.5338134765625],"r":[-0.09758121520280838,2.2955598311114045e-8,0.995227575302124,6.598483981434811e-9,1,-2.2418703338189516e-8,-0.995227575302124,4.379348883531975e-9,-0.09758121520280838]}},{"t":5.94664835929871,"j":false,"c":{"p":[-200.231201171875,116.48971557617188,-398.3388366699219],"r":[-0.09758121520280838,1.0176012921192523e-7,0.995227575302124,1.7278209085702656e-8,1,-1.0055398291797246e-7,-0.995227575302124,7.383570643781923e-9,-0.09758121520280838]}},{"t":6.013687849044803,"j":false,"c":{"p":[-202.354248046875,116.49000549316406,-398.1308288574219],"r":[-0.09758121520280838,-9.342954854218988e-9,0.995227575302124,-2.4357995620505335e-9,1,9.148929613900236e-9,-0.995227575302124,-1.5314111090347637e-9,-0.09758121520280838]}},{"t":6.079226016998295,"j":false,"c":{"p":[-204.477294921875,116.36740112304688,-397.9228210449219],"r":[-0.09758121520280838,-6.11359212143725e-8,0.995227575302124,-1.0382991355584181e-8,1,6.041103972620476e-8,-0.995227575302124,-4.4384567132738084e-9,-0.09758121520280838]}},{"t":6.082609653472904,"j":true,"c":{"p":[-204.477294921875,116.36740112304688,-397.9228210449219],"r":[-0.09758121520280838,-6.11359212143725e-8,0.995227575302124,-1.0382991355584181e-8,1,6.041103972620476e-8,-0.995227575302124,-4.4384567132738084e-9,-0.09758121520280838]}},{"t":6.092473745346073,"j":true,"c":{"p":[-204.74267578125,116.80693817138672,-397.8968200683594],"r":[-0.09758121520280838,-4.918110718676871e-8,0.995227575302124,-8.15051492963903e-9,1,4.8617796011285463e-8,-0.995227575302124,-3.367433443202117e-9,-0.09758121520280838]}},{"t":6.098910331726078,"j":true,"c":{"p":[-205.008056640625,117.23284912109375,-397.8708190917969],"r":[-0.09758121520280838,-3.723139840872136e-8,0.995227575302124,-5.918991963227427e-9,1,3.6829582938935346e-8,-0.995227575302124,-2.2968684731949907e-9,-0.09758121520280838]}},{"t":6.1401388645172155,"j":false,"c":{"p":[-206.4676513671875,119.33183288574219,-397.7278137207031],"r":[-0.09758121520280838,2.840087809374836e-8,0.995227575302124,6.337349756080357e-9,1,-2.7915696421132452e-8,-0.995227575302124,3.583057628375741e-9,-0.09758121520280838]}},{"t":6.201683759689335,"j":false,"c":{"p":[-208.32545471191406,121.40716552734375,-397.54718017578125],"r":[-0.08406753838062286,1.1559222912183031e-7,0.9964600801467896,2.1916031656132873e-8,1,-1.1415390588354057e-7,-0.9964600801467896,1.224181289671833e-8,-0.08406753838062286]}},{"t":6.267399311065677,"j":false,"c":{"p":[-210.4518280029297,122.96147155761719,-397.3758544921875],"r":[-0.07671938091516495,8.669928774907021e-8,0.9970527291297913,9.672262990534364e-9,1,-8.621132252528696e-8,-0.9970527291297913,3.0296767317139484e-9,-0.07671938091516495]}},{"t":6.327673673629764,"j":false,"c":{"p":[-212.44778442382812,123.62667846679688,-397.2523498535156],"r":[-0.035356555134058,8.617155344836647e-8,0.9993747472763062,-8.481858770892359e-9,1,-8.652553873389479e-8,-0.9993747472763062,-1.153580075907712e-8,-0.035356555134058]}},{"t":6.392879247665409,"j":false,"c":{"p":[-214.4465789794922,123.52548217773438,-397.1820068359375],"r":[-0.03489862009882927,1.0021367558010752e-7,0.9993908405303955,-8.844611265601543e-9,1,-1.005836054446263e-7,-0.9993908405303955,-1.2349453015758627e-8,-0.03489862009882927]}},{"t":6.457790374755863,"j":false,"c":{"p":[-216.44540405273438,122.65788269042969,-397.1124267578125],"r":[-0.034898433834314346,-2.6218193838190018e-8,0.9993908405303955,3.444135421304395e-9,1,2.6354442184128857e-8,-0.9993908405303955,4.361766059446381e-9,-0.034898433834314346]}},{"t":6.524841547012333,"j":false,"c":{"p":[-218.7107391357422,120.74810028076172,-397.0335693359375],"r":[-0.03489847481250763,-1.515797265483343e-7,0.9993908405303955,1.55510981869611e-8,1,1.5221515070606983e-7,-0.9993908405303955,2.0853702764611626e-8,-0.03489847481250763]}},{"t":6.589004755020145,"j":false,"c":{"p":[-220.8428192138672,118.05140686035156,-396.9593505859375],"r":[-0.034898415207862854,-6.9958319137697345e-9,0.9993908405303955,2.560776035664958e-10,1,7.009038238692256e-9,-0.9993908405303955,5.005259540169504e-10,-0.034898415207862854]}},{"t":6.656736373901371,"j":false,"c":{"p":[-222.97454833984375,114.48271179199219,-396.8771667480469],"r":[-0.04187190532684326,1.4016026739227527e-7,0.9991229772567749,-1.420985995537194e-8,1,-1.4087881083924003e-7,-0.9991229772567749,-2.009626243193452e-8,-0.04187190532684326]}},{"t":6.722451448440555,"j":false,"c":{"p":[-224.97145080566406,110.34510803222656,-396.7671813964844],"r":[-0.06948760151863098,7.562210413425419e-8,0.9975827932357788,-2.8712574540179503e-9,1,-7.600534246421375e-8,-0.9975827932357788,-8.14574629970366e-9,-0.06948760151863098]}},{"t":6.789233446121219,"j":false,"c":{"p":[-227.23265075683594,104.72932434082031,-396.60955810546875],"r":[-0.06975513696670532,4.005000844853335e-11,0.9975641369819641,1.50972194745691e-8,1,1.0155323248994819e-9,-0.9975641369819641,1.513128466967828e-8,-0.06975513696670532]}},{"t":6.856436252593998,"j":false,"c":{"p":[-229.36082458496094,98.54463195800781,-396.46063232421875],"r":[-0.06975524872541428,-7.05371263620691e-8,0.9975641369819641,3.197681408551034e-8,1,7.294536175095345e-8,-0.9975641369819641,3.6987245266573154e-8,-0.06975524872541428]}},{"t":6.922181367874149,"j":false,"c":{"p":[-231.35598754882812,92.53628540039062,-396.3210144042969],"r":[-0.06975533813238144,-7.090701359402374e-8,0.9975641369819641,2.419964140187858e-8,1,7.277233038394115e-8,-0.9975641369819641,2.921695241298039e-8,-0.06975533813238144]}},{"t":6.9862341880798375,"j":false,"c":{"p":[-233.48416137695312,92.90005493164062,-396.1720886230469],"r":[-0.06975533813238144,8.723535671606442e-8,0.9975641369819641,-3.846672314011812e-8,1,-9.01381795870293e-8,-0.9975641369819641,-4.466064496000399e-8,-0.06975533813238144]}},{"t":7.051233053207401,"j":false,"c":{"p":[-235.4793243408203,92.77422332763672,-396.032470703125],"r":[-0.06975533813238144,1.55322616990361e-8,0.9975641369819641,-1.6109917844175925e-9,1,-1.568283813924154e-8,-0.9975641369819641,-2.7010294001428292e-9,-0.06975533813238144]}},{"t":7.113327741622928,"j":false,"c":{"p":[-237.4744873046875,92.79936981201172,-395.8928527832031],"r":[-0.06975533813238144,-5.5941601573294975e-8,0.9975641369819641,3.512677437811362e-8,1,5.853446083392555e-8,-0.9975641369819641,3.912430202035466e-8,-0.06975533813238144]}},{"t":7.179063320159916,"j":false,"c":{"p":[-239.6026611328125,92.80227661132812,-395.7439270019531],"r":[-0.06975533813238144,-5.631903476910338e-8,0.9975641369819641,3.145014204619656e-8,1,5.8655729162637726e-8,-0.9975641369819641,3.546508509089108e-8,-0.06975533813238144]}},{"t":7.246766567230228,"j":false,"c":{"p":[-241.73114013671875,92.80253601074219,-395.6000061035156],"r":[-0.041874416172504425,8.022847453048598e-8,0.9991228580474854,-4.8586748846446426e-8,1,-8.233523374201468e-8,-0.9991228580474854,-5.199187214088852e-8,-0.041874416172504425]}},{"t":7.311968803405765,"j":false,"c":{"p":[-243.86361694335938,93.16975402832031,-395.5855712890625],"r":[0.06279187649488449,4.2390126964164665e-9,0.9980266690254211,1.3604855020332707e-9,1,-4.332990410915727e-9,-0.9980266690254211,1.6298774552225836e-9,0.06279187649488449]}},{"t":7.378473520278934,"j":false,"c":{"p":[-245.9824981689453,94.53206634521484,-395.8174133300781],"r":[0.20107965171337128,-7.740446505977161e-8,0.9795749187469482,6.029809185292834e-8,1,6.664089369223802e-8,-0.9795749187469482,4.566636846448091e-8,0.20107965171337128]}},{"t":7.4461762905120885,"j":false,"c":{"p":[-248.0379180908203,94.4975814819336,-396.3809814453125],"r":[0.32886794209480286,-7.081374597817103e-9,0.9443759322166443,3.147164973071881e-9,1,6.402506524949558e-9,-0.9443759322166443,8.665277384523051e-10,0.32886794209480286]}},{"t":7.482673168182377,"j":true,"c":{"p":[-249.0426483154297,93.9810562133789,-396.7389831542969],"r":[0.3616257905960083,7.753286013212346e-8,0.9323233366012573,-6.529303675506526e-8,1,-5.783531165093336e-8,-0.9323233366012573,-3.995948105739444e-8,0.3616257905960083]}},{"t":7.489584684371952,"j":true,"c":{"p":[-249.2924346923828,94.42059326171875,-396.8323059082031],"r":[0.3746081292629242,9.906010234317364e-8,0.927183210849762,-8.28543420539063e-8,1,-7.336434748594911e-8,-0.927183210849762,-4.933827568720517e-8,0.3746081292629242]}},{"t":7.498152256011966,"j":true,"c":{"p":[-249.5403289794922,94.84650421142578,-396.9305114746094],"r":[0.38705503940582275,1.2298175988689763e-7,0.9220566153526306,-1.0044607989811993e-7,1,-9.121306021597775e-8,-0.9220566153526306,-5.731250141138844e-8,0.38705503940582275]}},{"t":7.512613773345951,"j":false,"c":{"p":[-250.031982421875,95.65746307373047,-397.1371765136719],"r":[0.39990243315696716,1.242466964868072e-7,0.9165577292442322,-8.530118122962449e-8,1,-9.834028702471187e-8,-0.9165577292442322,-3.885693544702917e-8,0.39990243315696716]}},{"t":7.579204559326175,"j":false,"c":{"p":[-252.10470581054688,98.4959945678711,-398.0545654296875],"r":[0.4067372679710388,1.0004308848010623e-7,0.9135451912879944,-5.979333472794224e-9,1,-1.068486454869344e-7,-0.9135451912879944,3.7996933599515614e-8,0.4067372679710388]}},{"t":7.6460382938385045,"j":false,"c":{"p":[-254.0797576904297,100.26830291748047,-398.8590393066406],"r":[0.3298650085926056,1.2381