{"v":1,"name":"macro1_macro2_merged","d":[{"t":0.06688880920410156,"c":{"r":[0.42220965027809143,0.00002417528048681561,0.9064981937408447,1.2333110532836145e-7,1,-0.00002672630944289267,-0.9064981937408447,0.000011395904948585667,0.42220965027809143],"p":[-27.586008071899414,117.57038116455078,-395.0005798339844]},"j":false},{"t":0.13372087478637695,"c":{"r":[0.5424122214317322,0.000006573970495082904,0.8401125073432922,2.7211083875045006e-7,1,-0.000008000793059181888,-0.8401125073432922,0.000004568331405607751,0.5424122214317322],"p":[-29.15043067932129,117.57038116455078,-396.44915771484375]},"j":false},{"t":0.19986224174499512,"c":{"r":[0.6025245785713196,0.000002113428990924149,0.7981003522872925,1.1145311873406172e-7,1,-0.0000027322155347064836,-0.7981003522872925,0.0000017351777614749153,0.6025245785713196],"p":[-30.61789321899414,117.57038116455078,-397.80804443359375]},"j":false},{"t":0.2664322853088379,"c":{"r":[0.6390528082847595,5.780198080174159e-7,0.7691628336906433,3.62182746016515e-8,1,-7.815837648195156e-7,-0.7691628336906433,5.27331053490343e-7,0.6390528082847595],"p":[-32.28101348876953,117.57038116455078,-399.3482360839844]},"j":false},{"t":0.3329346179962158,"c":{"r":[0.6797397136688232,1.0581920406593781e-7,0.7334533929824829,8.078342439432618e-9,1,-1.517620233926209e-7,-0.7334533929824829,1.0908377134910552e-7,0.6797397136688232],"p":[-33.8463020324707,117.57038116455078,-400.7978820800781]},"j":false},{"t":0.3997495174407959,"c":{"r":[0.6845453977584839,-7.786611888604966e-8,0.7289702296257019,-5.81697623402988e-9,1,1.1227907492639133e-7,-0.7289702296257019,-8.110052363008435e-8,0.6845453977584839],"p":[-35.31338119506836,117.57038116455078,-402.1573791503906]},"j":false},{"t":0.466144323348999,"c":{"r":[0.8048930168151855,3.7056580026728625e-8,0.5934199690818787,-1.0673734784916178e-8,1,-4.79683315290913e-8,-0.5934199690818787,3.227536637950834e-8,0.8048930168151855],"p":[-36.891441345214844,117.57038116455078,-403.78106689453125]},"j":false},{"t":0.534423828125,"c":{"r":[0.8796476721763611,2.8310672917086777e-8,0.4756259024143219,-9.717267879238989e-9,1,-4.155135613359562e-8,-0.4756259024143219,3.192876718571824e-8,0.8796476721763611],"p":[-37.98440933227539,117.57038116455078,-405.6091613769531]},"j":false},{"t":0.5995285511016846,"c":{"r":[0.9372813701629639,-2.8412364017071923e-8,0.3485737442970276,1.1805318500535122e-8,1,4.976696743597131e-8,-0.3485737442970276,-4.253062968473387e-8,0.9372813701629639],"p":[-38.90280532836914,117.57038116455078,-407.3848876953125]},"j":false},{"t":0.6661868095397949,"c":{"r":[0.9531900882720947,-4.0460911066020344e-8,0.3023717999458313,2.2223645146368654e-8,1,6.375447014761448e-8,-0.3023717999458313,-5.4050325104526564e-8,0.9531900882720947],"p":[-39.61954116821289,117.57038116455078,-409.5345764160156]},"j":false},{"t":0.70267653465271,"c":{"r":[0.9510559439659119,1.2552265005183472e-8,0.30901867151260376,-4.994183289142029e-9,1,-2.5249338619914852e-8,-0.30901867151260376,2.2470237226457357e-8,0.9510559439659119],"p":[-39.942081451416016,117.57038116455078,-410.5514221191406]},"j":true},{"t":0.7111790180206299,"c":{"r":[0.9510559439659119,2.578555147181305e-8,0.30901867151260376,-1.1674898381386356e-8,1,-4.751191795548948e-8,-0.30901867151260376,4.1578733345204455e-8,0.9510559439659119],"p":[-40.0227165222168,118.00991821289062,-410.8056335449219]},"j":true},{"t":0.7210464477539062,"c":{"r":[0.9489544630050659,3.946997750858827e-8,0.31541314721107483,-1.818137995712732e-8,1,-7.043674798978827e-8,-0.31541314721107483,6.110661843194976e-8,0.9489544630050659],"p":[-40.10466384887695,118.43582916259766,-411.0594177246094]},"j":true},{"t":0.7334039211273193,"c":{"r":[0.9421621561050415,6.290798637564876e-8,0.3351573646068573,-2.720234526520926e-8,1,-1.1122824616904836e-7,-0.3351573646068573,9.567798286980178e-8,0.9421621561050415],"p":[-40.23090362548828,119.04915618896484,-411.43896484375]},"j":false},{"t":0.8001694679260254,"c":{"r":[0.8832191228866577,7.0578671795829e-8,0.46896058320999146,1.2383083003442152e-8,1,-1.7382195949267043e-7,-0.46896058320999146,1.5933005670376588e-7,0.8832191228866577],"p":[-41.12689971923828,121.94559478759766,-413.5177001953125]},"j":false},{"t":0.8671963214874268,"c":{"r":[0.8489277958869934,3.565380879422264e-8,0.5285089015960693,1.3502469364823355e-8,1,-8.914974358731342e-8,-0.5285089015960693,8.281786989527973e-8,0.8489277958869934],"p":[-42.1406135559082,123.77240753173828,-415.3946838378906]},"j":false},{"t":0.9348998069763184,"c":{"r":[0.8131089210510254,9.863525463060796e-8,0.5821115970611572,4.66825955669492e-9,1,-1.7596464374491916e-7,-0.5821115970611572,1.4579586604668293e-7,0.8131089210510254],"p":[-43.345272064208984,124.72721099853516,-417.15435791015625]},"j":false},{"t":0.9995286464691162,"c":{"r":[0.8131000399589539,5.1413846513526096e-9,0.5821239948272705,-5.017336768275982e-9,1,-1.8239892929372559e-9,-0.5821239948272705,-1.4376264623194857e-9,0.8131000399589539],"p":[-44.587154388427734,124.81002044677734,-418.88873291015625]},"j":false},{"t":1.0660789012908936,"c":{"r":[0.8131000399589539,-6.168645683146678e-8,0.5821239948272705,-7.3900219277334145e-9,1,1.1629015261860332e-7,-0.5821239948272705,-9.885743423865279e-8,0.8131000399589539],"p":[-45.829036712646484,124.02082061767578,-420.62310791015625]},"j":false},{"t":1.1327767372131348,"c":{"r":[0.8131000399589539,-3.355103928015524e-8,0.5821239948272705,2.2977284519498653e-9,1,5.442613115747008e-8,-0.5821239948272705,-4.2916326492559165e-8,0.8131000399589539],"p":[-47.070919036865234,122.35962677001953,-422.35748291015625]},"j":false},{"t":1.2004570960998535,"c":{"r":[0.8131000399589539,-5.511579637129671e-9,0.5821239948272705,1.1952314693530752e-8,1,-7.22672099939814e-9,-0.5821239948272705,1.2833775819842685e-8,0.8131000399589539],"p":[-48.312801361083984,121.30876922607422,-424.09185791015625]},"j":false},{"t":1.2662348747253418,"c":{"r":[0.809016227722168,2.286085987179831e-8,0.5877863168716431,2.16273541298051e-8,1,-6.86605616806446e-8,-0.5877863168716431,6.825977294511176e-8,0.809016227722168],"p":[-49.554683685302734,121.39385986328125,-425.82623291015625]},"j":false},{"t":1.3329076766967773,"c":{"r":[0.7289677858352661,5.4441876784494525e-8,0.6845479607582092,3.0750342716601153e-8,1,-1.1227538720959274e-7,-0.6845479607582092,1.0289522833772935e-7,0.7289677858352661],"p":[-50.87615203857422,121.39164733886719,-427.49639892578125]},"j":false},{"t":1.3936851024627686,"c":{"r":[0.49615928530693054,0.00015456794062629342,0.868231475353241,-0.0002842789690475911,0.9999999403953552,-0.000015572211850667372,-0.868231475353241,-0.00023909365700092167,0.49615931510925293],"p":[-52.25315475463867,121.14578247070312,-428.75433349609375]},"j":false},{"t":1.4584269523620605,"c":{"r":[0.2215469628572464,-0.000002754112756520044,0.9751496911048889,0.000020907571524730884,1,-0.000001925751575981849,-0.9751496911048889,0.000020814655727008358,0.2215469628572464],"p":[-54.22479248046875,121.13871002197266,-429.6533203125]},"j":false},{"t":1.5252513885498047,"c":{"r":[0.1736462116241455,-9.60271933081458e-8,0.984808087348938,-8.385239311792247e-7,1,2.4536120690754615e-7,-0.984808087348938,-8.68391225594678e-7,0.1736462116241455],"p":[-56.31538772583008,121.13871002197266,-430.0771789550781]},"j":false},{"t":1.5918903350830078,"c":{"r":[0.0697549507021904,3.2058697030379335e-8,0.9975641369819641,5.291347093816512e-8,1,-3.583696539521952e-8,-0.9975641369819641,5.528438506985367e-8,0.0697549507021904],"p":[-58.425987243652344,121.13871002197266,-430.3837890625]},"j":false},{"t":1.658412218093872,"c":{"r":[0.05581987276673317,6.801285223900777e-8,0.9984408617019653,-5.607024533560434e-8,1,-6.498433435808693e-8,-0.9984408617019653,-5.235540712078546e-8,0.05581987276673317],"p":[-60.5553092956543,121.12981414794922,-430.51251220703125]},"j":false},{"t":1.7251462936401367,"c":{"r":[0.05581987276673317,3.99083033286729e-9,0.9984408617019653,-2.6617904325121344e-8,1,-2.508934393574691e-9,-0.9984408617019653,-2.643635532706412e-8,0.05581987276673317],"p":[-62.552188873291016,121.13208770751953,-430.62420654296875]},"j":false},{"t":1.7923734188079834,"c":{"r":[0.05581987276673317,-5.4368449298181076e-8,0.9984408617019653,4.320156321568902e-8,1,5.2038078734995e-8,-0.9984408617019653,4.022944821713281e-8,0.05581987276673317],"p":[-64.81532287597656,121.13233947753906,-430.75079345703125]},"j":false},{"t":1.8592820167541504,"c":{"r":[0.05581987276673317,4.092797567523121e-8,0.9984408617019653,1.1217670126129065e-9,1,-4.1054605048884696e-8,-0.9984408617019653,3.4116807157147377e-9,0.05581987276673317],"p":[-66.94532775878906,121.13235473632812,-430.86993408203125]},"j":false},{"t":1.9250569343566895,"c":{"r":[0.05581987276673317,1.0081243573267784e-7,0.9984408617019653,-2.9986036764739765e-8,1,-9.929343036674254e-8,-0.9984408617019653,-2.4396738851351074e-8,0.05581987276673317],"p":[-69.07533264160156,121.13240814208984,-430.98907470703125]},"j":false},{"t":1.9909591674804688,"c":{"r":[0.05581987276673317,-8.469613277384269e-8,0.9984408617019653,1.4682020044176625e-8,1,8.400756712489965e-8,-0.9984408617019653,9.969837400092274e-9,0.05581987276673317],"p":[-71.20533752441406,121.1324691772461,-431.10821533203125]},"j":false},{"t":2.051419496536255,"c":{"r":[0.027919305488467216,-3.153142458245384e-8,0.999610185623169,9.743698292652425e-9,1,3.127157910398637e-8,-0.999610185623169,8.866819278807725e-9,0.027919305488467216],"p":[-73.07038116455078,121.13255310058594,-431.1852722167969]},"j":false},{"t":2.1175944805145264,"c":{"r":[-0.027923583984375,6.975339061909835e-8,0.9996100664138794,3.1379188136781977e-10,1,-6.977183630851869e-8,-0.9996100664138794,-1.6346102249542582e-9,-0.027923583984375],"p":[-75.20323181152344,121.13066101074219,-431.1902770996094]},"j":false},{"t":2.179302453994751,"c":{"r":[-0.027922987937927246,5.628142218938592e-8,0.9996100664138794,-2.6197086722135055e-9,1,-5.637655675627684e-8,-0.9996100664138794,-4.192889146992229e-9,-0.027922987937927246],"p":[-77.2024154663086,121.13227081298828,-431.134521484375]},"j":false},{"t":2.2412185668945312,"c":{"r":[-0.027922987937927246,-1.00796086144328e-7,0.9996100664138794,2.0132648326232072e-10,1,1.0084102797236483e-7,-0.9996100664138794,3.017030847374258e-9,-0.027922987937927246],"p":[-79.20158386230469,121.1324462890625,-431.07867431640625]},"j":false},{"t":2.3028321266174316,"c":{"r":[-0.027922987937927246,-1.3957247801954509e-8,0.9996100664138794,1.61220625738423e-9,1,1.4007727422438165e-8,-0.9996100664138794,2.0027153269097653e-9,-0.027922987937927246],"p":[-81.06747436523438,121.13255310058594,-431.02655029296875]},"j":false},{"t":2.3635647296905518,"c":{"r":[-0.027922987937927246,7.879658880938223e-8,0.9996100664138794,3.119190017386586e-9,1,-7.874019303244495e-8,-0.9996100664138794,9.19312292957386e-10,-0.027922987937927246],"p":[-83.06664276123047,121.1275405883789,-430.970703125]},"j":false},{"t":2.425696849822998,"c":{"r":[-0.027922987937927246,3.221548183773848e-8,0.9996100664138794,5.758278853740251e-10,1,-3.221196109848279e-8,-0.9996100664138794,-3.238508905489823e-10,-0.027922987937927246],"p":[-85.06581115722656,121.13130950927734,-430.91485595703125]},"j":false},{"t":2.489248514175415,"c":{"r":[-0.027922987937927246,-9.88222552678053e-8,0.9996100664138794,-4.018073429534752e-9,1,9.874855777525227e-8,-0.9996100664138794,-1.2591518938620538e-9,-0.027922987937927246],"p":[-87.06497955322266,121.13233184814453,-430.8590087890625]},"j":false},{"t":2.5510613918304443,"c":{"r":[-0.027922987937927246,9.752563201459452e-9,0.9996100664138794,9.780720677809995e-10,1,-9.729046013262632e-9,-0.9996100664138794,7.060266260516812e-10,-0.027922987937927246],"p":[-89.06414794921875,121.1324462890625,-430.80316162109375]},"j":false},{"t":2.6191530227661133,"c":{"r":[-0.027922987937927246,1.2518283654117113e-7,0.9996100664138794,6.289678555759792e-9,1,-1.250559620302738e-7,-0.9996100664138794,2.795289777424159e-9,-0.027922987937927246],"p":[-91.19659423828125,121.12740325927734,-430.74359130859375]},"j":false},{"t":2.686715841293335,"c":{"r":[-0.027922987937927246,-6.171984523462015e-8,0.9996100664138794,-3.402439441302363e-9,1,6.164887622617243e-8,-0.9996100664138794,-1.6796918300698849e-9,-0.027922987937927246],"p":[-93.46231842041016,121.13192749023438,-430.6802978515625]},"j":false},{"t":2.7539966106414795,"c":{"r":[-0.027922987937927246,-2.8426134335290953e-8,0.9996100664138794,-1.3819057009811786e-9,1,2.8398620344205483e-8,-0.9996100664138794,-5.883925013883129e-10,-0.027922987937927246],"p":[-95.59476470947266,121.13240051269531,-430.6207275390625]},"j":false},{"t":2.8218929767608643,"c":{"r":[-0.027922987937927246,7.416292646666989e-8,0.9996100664138794,4.328883917992243e-9,1,-7.407093249867103e-8,-0.9996100664138794,2.258914388875155e-9,-0.027922987937927246],"p":[-97.72721099853516,121.13252258300781,-430.5611572265625]},"j":false},{"t":2.8839728832244873,"c":{"r":[-0.027922987937927246,4.484889970512995e-8,0.9996100664138794,2.526631570631821e-9,1,-4.4795815057341315e-8,-0.9996100664138794,1.274813365981231e-9,-0.027922987937927246],"p":[-99.72637939453125,121.13260650634766,-430.50531005859375]},"j":false},{"t":2.9452571868896484,"c":{"r":[-0.03490126132965088,-9.231516884256052e-8,0.9993907809257507,-5.657548207693708e-9,1,9.217387031412727e-8,-0.9993907809257507,-2.4371171747361586e-9,-0.03490126132965088],"p":[-101.7254867553711,121.13262176513672,-430.44720458984375]},"j":false},{"t":3.0063059329986572,"c":{"r":[-0.09063419699668884,-8.528313166777934e-9,0.9958842396736145,1.6299028793298476e-9,1,8.711893428881012e-9,-0.9958842396736145,2.412790189865177e-9,-0.09063419699668884],"p":[-103.58901977539062,121.1268539428711,-430.3431091308594]},"j":false},{"t":3.071117401123047,"c":{"r":[-0.1322574019432068,8.702836851171014e-8,0.9912154078483582,1.5110588336142428e-8,1,-8.57834550060943e-8,-0.9912154078483582,3.632351308624493e-9,-0.1322574019432068],"p":[-105.70865631103516,121.1317367553711,-430.10321044921875]},"j":false},{"t":3.1376495361328125,"c":{"r":[-0.2689213752746582,8.054555244996209e-9,0.9631621241569519,-1.961374840320218e-9,1,-8.910244986282123e-9,-0.9631621241569519,-4.285277466209436e-9,-0.2689213752746582],"p":[-107.80400848388672,121.13233184814453,-429.711669921875]},"j":false},{"t":3.204583168029785,"c":{"r":[-0.39394351840019226,-6.854855882920674e-8,0.9191346168518066,-2.1700305552485588e-8,1,6.527864115923876e-8,-0.9191346168518066,5.770597333309979e-9,-0.39394351840019226],"p":[-109.82398223876953,121.13241577148438,-429.0298156738281]},"j":false},{"t":3.2739992141723633,"c":{"r":[-0.6223021149635315,0.00006149856199044734,0.7827771306037903,0.000019418437659624033,1,-0.00006312706682365388,-0.7827771306037903,-0.000024083801690721884,-0.6223021149635315],"p":[-111.4875259399414,121.13246154785156,-428.7283020019531]},"j":false},{"t":3.340759515762329,"c":{"r":[-0.889417290687561,0.000004052012627653312,0.457096129655838,0.0000030961193715484114,1,-0.000002840257138814195,-0.457096129655838,-0.0000011109494835181977,-0.889417290687561],"p":[-112.94755554199219,121.13258361816406,-427.209228515625]},"j":false},{"t":3.402775287628174,"c":{"r":[-0.979575514793396,2.5523942071004058e-8,0.20107650756835938,3.851982555147515e-8,1,6.071886105019075e-8,-0.20107650756835938,6.72241426968867e-8,-0.979575514793396],"p":[-113.71414184570312,121.13270568847656,-425.2262878417969]},"j":false},{"t":3.4666173458099365,"c":{"r":[-0.9937676787376404,4.670920716876026e-8,-0.111471027135849,5.502240796317892e-8,1,-7.150092073970882e-8,0.111471027135849,-7.718870875805806e-8,-0.9937676787376404],"p":[-113.83911895751953,121.13270568847656,-423.240966796875]},"j":false},{"t":3.5313923358917236,"c":{"r":[-0.9902677536010742,-9.148037349859806e-8,-0.1391751766204834,-9.055618477304961e-8,1,-1.2972846796799331e-8,0.1391751766204834,-2.434189516620222e-10,-0.9902677536010742],"p":[-113.58029174804688,121.13268280029297,-421.2580261230469]},"j":false},{"t":3.593418836593628,"c":{"r":[-0.9937676787376404,-5.694104299180935e-9,-0.111471027135849,-9.145269430632652e-9,1,3.0448884302813894e-8,0.111471027135849,3.1278549528224175e-8,-0.9937676787376404],"p":[-113.32283782958984,121.132568359375,-419.2747497558594]},"j":false},{"t":3.65645432472229,"c":{"r":[-0.9970526099205017,9.6724981801799e-8,-0.07672085613012314,9.244467946700752e-8,1,5.934211344538198e-8,0.07672085613012314,5.207477471458333e-8,-0.9970526099205017],"p":[-113.11994171142578,121.13005828857422,-417.2851257324219]},"j":false},{"t":3.719916343688965,"c":{"r":[-0.9997806549072266,-2.5244167645155358e-8,-0.020944520831108093,-2.449810843074829e-8,1,-3.5877327775324375e-8,0.020944520831108093,-3.535635428875139e-8,-0.9997806549072266],"p":[-113.00906372070312,121.13213348388672,-415.2884521484375]},"j":false},{"t":3.7856953144073486,"c":{"r":[-0.9970529079437256,-3.3645502384160864e-8,0.07671705633401871,-3.548146310095035e-8,1,-2.256855680116132e-8,-0.07671705633401871,-2.522407704930174e-8,-0.9970529079437256],"p":[-113.06854248046875,121.13237762451172,-413.1571960449219]},"j":false},{"t":3.8549087047576904,"c":{"r":[-0.9466498494148254,3.8315036476888054e-8,0.3222639560699463,6.328588852966277e-8,1,6.70088624588061e-8,-0.3222639560699463,8.38286950965994e-8,-0.9466498494148254],"p":[-113.39226531982422,121.13238525390625,-410.91778564453125]},"j":false},{"t":3.87109112739563,"c":{"r":[-0.9218637347221375,4.6474905701643365e-8,0.3875141739845276,8.359842951222163e-8,1,7.894280429354694e-8,-0.3875141739845276,1.0517008774968417e-7,-0.9218637347221375],"p":[-113.51536560058594,121.13238525390625,-410.53741455078125]},"j":true},{"t":3.882016658782959,"c":{"r":[-0.9048279523849487,5.1425669056470724e-8,0.4257773458957672,9.745399864868887e-8,1,8.632077452830345e-8,-0.4257773458957672,1.195991501390381e-7,-0.9048279523849487],"p":[-113.6002197265625,121.5719223022461,-410.28466796875]},"j":true},{"t":3.890648603439331,"c":{"r":[-0.8450356125831604,3.103963308603852e-7,0.5347100496292114,1.1425058232816809e-7,1,-3.9993733480514493e-7,-0.5347100496292114,-2.7687036663337494e-7,-0.8450356125831604],"p":[-113.74137115478516,122.20568084716797,-409.9110412597656]},"j":true},{"t":3.921966552734375,"c":{"r":[-0.7417539358139038,7.973514470904774e-7,0.6706721186637878,4.23706474350638e-8,1,-0.0000011420228247516206,-0.6706721186637878,-8.186830768863729e-7,-0.7417539358139038],"p":[-114.2146224975586,123.74584197998047,-408.9648742675781]},"j":false},{"t":3.988090753555298,"c":{"r":[-0.7289730906486511,-8.316389710216754e-8,0.6845423579216003,-4.690782429150886e-9,1,1.1649307651850904e-7,-0.6845423579216003,8.170928111894682e-8,-0.7289730906486511],"p":[-115.5386734008789,126.17214965820312,-407.3171081542969]},"j":false},{"t":4.049335718154907,"c":{"r":[-0.7243462204933167,-1.0433618768956876e-7,0.6894364356994629,-1.0830120800164877e-8,1,1.399569669047196e-7,-0.6894364356994629,9.39106143960089e-8,-0.7243462204933167],"p":[-116.81645965576172,127.5798568725586,-405.9563293457031]},"j":false},{"t":4.113012790679932,"c":{"r":[-0.7047873735427856,-6.876184244219985e-8,0.7094186544418335,-1.352271539190042e-8,1,8.349260127715752e-8,-0.7094186544418335,4.925125907107031e-8,-0.7047873735427856],"p":[-118.20912170410156,128.3472900390625,-404.52105712890625]},"j":false},{"t":4.179410219192505,"c":{"r":[-0.6799439191818237,9.333503214747907e-8,0.733264148235321,-5.847955897309021e-9,1,-1.3270977206047974e-7,-0.733264148235321,-9.452330118620011e-8,-0.6799439191818237],"p":[-119.83734130859375,128.2905731201172,-402.9443054199219]},"j":false},{"t":4.24326753616333,"c":{"r":[-0.6170593500137329,1.3558297951021814e-7,0.7869166135787964,1.2190259468525255e-8,1,-1.62737535447377e-7,-0.7869166135787964,-9.082599916609979e-8,-0.6170593500137329],"p":[-121.34488677978516,127.42298889160156,-401.6307373046875]},"j":false},{"t":4.309715032577515,"c":{"r":[-0.5482325553894043,1.4510001733469835e-7,0.8363259434700012,8.489710268122508e-9,1,-1.679317449543305e-7,-0.8363259434700012,-8.496549241954199e-8,-0.5482325553894043],"p":[-123.07362365722656,125.65279388427734,-400.38232421875]},"j":false},{"t":4.380093336105347,"c":{"r":[-0.5062622427940369,1.1369358787760575e-7,0.8623795509338379,5.877849318380868e-9,1,-1.283864605738927e-7,-0.8623795509338379,-5.992828278067464e-8,-0.5062622427940369],"p":[-124.99960327148438,122.81651306152344,-399.1878662109375]},"j":false},{"t":4.445885896682739,"c":{"r":[-0.3956708312034607,1.61215098160028e-7,0.9183924198150635,9.538905665351649e-9,1,-1.714308979217094e-7,-0.9183924198150635,-5.906974820391042e-8,-0.3956708312034607],"p":[-126.87610626220703,119.24781799316406,-398.17474365234375]},"j":false},{"t":4.509707689285278,"c":{"r":[-0.13226094841957092,-1.030495653253638e-7,0.9912149310112,1.3172111401615894e-8,1,1.057204812582313e-7,-0.9912149310112,2.7039083860813662e-8,-0.13226094841957092],"p":[-128.7785186767578,116.08790588378906,-397.5790100097656]},"j":false},{"t":4.575246572494507,"c":{"r":[-0.0906347930431366,2.7308963979066903e-8,0.9958841800689697,-6.067797375663986e-9,1,-2.797405329602043e-8,-0.9958841800689697,-8.578245669355056e-9,-0.0906347930431366],"p":[-130.900146484375,116.4442367553711,-397.3604736328125]},"j":false},{"t":4.64274525642395,"c":{"r":[-0.09063409268856049,5.119826695931806e-8,0.9958842396736145,-7.257914269587218e-9,1,-5.207038711319001e-8,-0.9958842396736145,-1.1947395073264033e-8,-0.09063409268856049],"p":[-133.024658203125,116.48599243164062,-397.1671142578125]},"j":false},{"t":4.709000825881958,"c":{"r":[-0.09758422523736954,-6.583110234714695e-8,0.9952272772789001,1.2988322417584186e-8,1,6.742033775708478e-8,-0.9952272772789001,1.950549410878466e-8,-0.09758422523736954],"p":[-135.14852905273438,116.48967742919922,-396.9669189453125]},"j":false},{"t":4.7712671756744385,"c":{"r":[-0.09758494049310684,-3.732212050522321e-8,0.9952272176742554,6.40756736558501e-9,1,3.8129385870888655e-8,-0.9952272176742554,1.0097839009404197e-8,-0.09758494049310684],"p":[-137.13888549804688,116.48999786376953,-396.77191162109375]},"j":false},{"t":4.833312034606934,"c":{"r":[-0.09758446365594864,1.016215591675973e-7,0.9952272176742554,-2.0269865785849106e-8,1,-1.0409641504338651e-7,-0.9952272176742554,-3.033131434904135e-8,-0.09758446365594864],"p":[-138.99655151367188,116.25222778320312,-396.58990478515625]},"j":false},{"t":4.895656585693359,"c":{"r":[-0.027923738583922386,-4.3643546554505974e-9,0.9996100664138794,4.32791535942556e-9,1,4.486956139970744e-9,-0.9996100664138794,4.451520485559968e-9,-0.027923738583922386],"p":[-141.121337890625,114.94185638427734,-396.4027099609375]},"j":false},{"t":4.916369915008545,"c":{"r":[0.04884721338748932,-3.5765129524634176e-8,0.9988062381744385,1.4950721549666923e-8,1,3.507669887881093e-8,-0.9988062381744385,1.3219476180381662e-8,0.04884721338748932],"p":[-141.6544647216797,114.53553771972656,-396.39910888671875]},"j":true},{"t":4.925290584564209,"c":{"r":[0.05581936612725258,-5.1344063223268677e-8,0.9984408617019653,2.0498823971593083e-8,1,5.0278224250632775e-8,-0.9984408617019653,1.766036561434703e-8,0.05581936612725258],"p":[-141.9210968017578,114.97848510742188,-396.402099609375]},"j":true},{"t":4.944870948791504,"c":{"r":[0.15199317038059235,-8.180857236084194e-8,0.988381564617157,3.7826243470817644e-8,1,7.695332016055545e-8,-0.988381564617157,2.5690381377785343e-8,0.15199317038059235],"p":[-142.58717346191406,116.03475189208984,-396.4170227050781]},"j":true},{"t":4.960363149642944,"c":{"r":[0.15954850614070892,-3.573681084390046e-8,0.9871900677680969,5.5704472146089756e-8,1,2.7197645025012207e-8,-0.9871900677680969,5.0651557614855847e-8,0.15954850614070892],"p":[-143.11688232421875,116.8184585571289,-396.4674987792969]},"j":false},{"t":5.024144172668457,"c":{"r":[0.1326647847890854,1.1812362998853132e-7,0.9911609888076782,5.2389594884516555e-8,1,-1.2618927769381116e-7,-0.9911609888076782,6.866739710176262e-8,0.1326647847890854],"p":[-145.22520446777344,119.40826416015625,-396.7914123535156]},"j":false},{"t":5.092229843139648,"c":{"r":[0.09777773171663284,1.1477367678480732e-7,0.9952082633972168,-3.175647833586481e-8,1,-1.1220625850683064e-7,-0.9952082633972168,-2.063303661259397e-8,0.09777773171663284],"p":[-147.34368896484375,121.1260757446289,-397.0417785644531]},"j":false},{"t":5.158346891403198,"c":{"r":[0.09063147008419037,1.3991264324886288e-7,0.9958844780921936,-1.1459325577334312e-7,1,-1.3006216192934517e-7,-0.9958844780921936,-1.0233392089276094e-7,0.09063147008419037],"p":[-149.4679718017578,121.97187805175781,-397.2376403808594]},"j":false},{"t":5.225091218948364,"c":{"r":[0.09063125401735306,-1.6446520589852298e-8,0.9958845376968384,-1.533914861795438e-8,1,1.7910437577484117e-8,-0.9958845376968384,-1.6899265986580758e-8,0.09063125401735306],"p":[-151.5924835205078,121.94568634033203,-397.4309997558594]},"j":false},{"t":5.290673494338989,"c":{"r":[0.06997033208608627,-9.875900275346794e-8,0.9975490570068359,5.867574515150409e-8,1,9.488599772566886e-8,-0.9975490570068359,5.189273366568159e-8,0.06997033208608627],"p":[-153.58453369140625,121.1291732788086,-397.6085205078125]},"j":false},{"t":5.357576131820679,"c":{"r":[0.034922078251838684,1.1298910607138168e-7,0.9993900656700134,3.9843488508495284e-8,1,-1.1445033720747233e-7,-0.9993900656700134,4.381602991543332e-8,0.034922078251838684],"p":[-155.71498107910156,119.41348266601562,-397.71533203125]},"j":false},{"t":5.424856424331665,"c":{"r":[0.03489729017019272,3.937651626984007e-8,0.9993909001350403,-2.6811862952058618e-8,1,-3.8464282425820784e-8,-0.9993909001350403,-2.545323241065489e-8,0.03489729017019272],"p":[-157.84706115722656,116.82579040527344,-397.7895812988281]},"j":false},{"t":5.491785526275635,"c":{"r":[0.03489717096090317,-7.950379199428426e-8,0.9993909001350403,-8.757743863441192e-9,1,7.985805439147953e-8,-0.9993909001350403,-1.1539230015955582e-8,0.03489717096090317],"p":[-160.11239624023438,116.44117736816406,-397.8684387207031]},"j":false},{"t":5.558590888977051,"c":{"r":[0.0418732687830925,-8.5568260033142e-8,0.9991229176521301,5.752612608489471e-8,1,8.323245026531367e-8,-0.9991229176521301,5.399045477361142e-8,0.0418732687830925],"p":[-162.24407958984375,116.4856948852539,-397.9515686035156]},"j":false},{"t":5.6248626708984375,"c":{"r":[0.04884839430451393,-3.651892654943367e-8,0.9988061785697937,5.2461569310935374e-8,1,3.399684800342584e-8,-0.9988061785697937,5.073824738133226e-8,0.04884839430451393],"p":[-164.37513732910156,116.4896469116211,-398.0495910644531]},"j":false},{"t":5.691458225250244,"c":{"r":[0.04884839430451393,6.681653985651792e-8,0.9988061785697937,-5.3555670120886134e-8,1,-6.427715959489433e-8,-0.9988061785697937,-5.035189687419006e-8,0.04884839430451393],"p":[-166.37281799316406,116.489990234375,-398.1470947265625]},"j":false},{"t":5.758237361907959,"c":{"r":[0.034897297620773315,4.3472496713548026e-9,0.9993909001350403,-3.3160187484782e-8,1,-3.1919931142709856e-9,-0.9993909001350403,-3.302859497011923e-8,0.034897297620773315],"p":[-168.6373748779297,116.49000549316406,-398.2439880371094]},"j":false},{"t":5.824897527694702,"c":{"r":[0.02791902795433998,-5.390409185679346e-8,0.999610185623169,-1.4762928657319208e-8,1,5.433743766047883e-8,-0.999610185623169,-1.627422108185783e-8,0.02791902795433998],"p":[-170.7698516845703,116.3547134399414,-398.3059997558594]},"j":false},{"t":5.85184383392334,"c":{"r":[0.02791902795433998,-7.561073545048203e-8,0.999610185623169,-7.880149865968633e-9,1,7.586031358641776e-8,-0.999610185623169,-9.99502436371813e-9,0.02791902795433998],"p":[-171.56956481933594,116.00638580322266,-398.3283386230469]},"j":true},{"t":5.859621286392212,"c":{"r":[0.02791902795433998,-7.922580635977283e-8,0.999610185623169,-6.733877455644688e-9,1,7.944477431465202e-8,-0.999610185623169,-8.949273322400586e-9,0.02791902795433998],"p":[-171.70285034179688,116.22785949707031,-398.3320617675781]},"j":true},{"t":5.876828908920288,"c":{"r":[0.027919035404920578,-9.367835929197099e-8,0.999610185623169,-2.1512349679397857e-9,1,9.377497178775229e-8,-0.999610185623169,-4.768503369945165e-9,0.027919035404920578],"p":[-172.23599243164062,117.09330749511719,-398.3469543457031]},"j":true},{"t":5.89172625541687,"c":{"r":[0.02108226716518402,-1.0559151775169084e-7,0.9997777342796326,2.499859874660615e-9,1,1.0556227891811432e-7,-0.9997777342796326,2.738122784062824e-10,0.02108226716518402],"p":[-172.7691650390625,117.90426635742188,-398.3604736328125]},"j":false},{"t":5.958295106887817,"c":{"r":[0.020940842106938362,-1.4824777849753445e-7,0.9997807145118713,2.246036245878713e-8,1,1.478098567986308e-7,-0.9997807145118713,1.9360173908467004e-8,0.020940842106938362],"p":[-175.0352783203125,120.7427978515625,-398.40789794921875]},"j":false},{"t":5.984736680984497,"c":{"r":[0.0209408737719059,-1.632539152751633e-7,0.9997807145118713,2.948553401438403e-8,1,1.6267212288312294e-7,-0.9997807145118713,2.6072573433566504e-8,0.0209408737719059],"p":[-175.8350830078125,121.50959777832031,-398.424560546875]},"j":true},{"t":6.025335788726807,"c":{"r":[0.020940832793712616,-1.7105972460740304e-7,0.9997807145118713,3.721472197071307e-8,1,1.7031776167186763e-7,-0.9997807145118713,3.363996725624929e-8,0.020940832793712616],"p":[-177.1680908203125,122.51510620117188,-398.45233154296875]},"j":false},{"t":6.091975927352905,"c":{"r":[0.013960365206003189,7.912013444411059e-8,0.9999025464057922,-4.8582839973221326e-9,1,-7.906001542323793e-8,-0.9999025464057922,-3.754103694575406e-9,0.013960365206003189],"p":[-179.30111694335938,123.41541290283203,-398.4844970703125]},"j":false},{"t":6.158423185348511,"c":{"r":[0.013960065320134163,1.0284123419523894e-7,0.9999025464057922,-1.8226703701884617e-8,1,-1.0259678617785539e-7,-0.9999025464057922,-1.6792670365362028e-8,0.013960065320134163],"p":[-181.43417358398438,123.44371795654297,-398.5142822265625]},"j":false},{"t":6.225261926651001,"c":{"r":[0.013959585689008236,7.413689218083164e-8,0.9999025464057922,-2.497976225868115e-8,1,-7.37953769203159e-8,-0.9999025464057922,-2.394717490972198e-8,0.013959585689008236],"p":[-183.56723022460938,122.60002136230469,-398.5440673828125]},"j":false},{"t":6.291872501373291,"c":{"r":[0.020924275740981102,5.264355706913193e-8,0.99978107213974,-3.120745972751138e-8,1,-5.2001947636881596e-8,-0.99978107213974,-3.01125240298461e-8,0.020924275740981102],"p":[-185.70021057128906,120.88433074951172,-398.578857421875]},"j":false},{"t":6.358232021331787,"c":{"r":[0.027912398800253868,5.997004848268261e-8,0.9996103644371033,-3.570374218497818e-8,1,-5.899645572071677e-8,-0.9996103644371033,-3.404310078281014e-8,0.027912398800253868],"p":[-187.83290100097656,118.29663848876953,-398.63031005859375]},"j":false},{"t":6.423953294754028,"c":{"r":[0.027919981628656387,8.225860881339031e-8,0.999610185623169,-3.937852710578227e-8,1,-8.119081229551739e-8,-0.999610185623169,-3.7096327787367045e-8,0.027919981628656387],"p":[-189.96546936035156,115.97002410888672,-398.68988037109375]},"j":false},{"t":6.491186141967773,"c":{"r":[0.020940348505973816,1.0419481810686193e-7,0.9997807145118713,-4.299275246921752e-8,1,-1.0331718414136049e-7,-0.9997807145118713,-4.0819827518134844e-8,0.020940348505973816],"p":[-192.0980682373047,116.43730163574219,-398.7480773925781]},"j":false},{"t":6.557389974594116,"c":{"r":[-0.006982719991356134,1.2373457991543546e-7,0.9999756217002869,-4.593316660361779e-8,1,-1.240583316075572e-7,-0.9999756217002869,-4.6798309227824575e-8,-0.006982719991356134],"p":[-194.0979461669922,116.484619140625,-398.7647705078125]},"j":false},{"t":6.624654531478882,"c":{"r":[-0.013963695615530014,-4.985365364973404e-8,0.9999024868011475,2.0188181792946125e-8,1,5.0140442908741534e-8,-0.9999024868011475,2.088635930874716e-8,-0.013963695615530014],"p":[-196.36441040039062,116.4896240234375,-398.7389221191406]},"j":false},{"t":6.69084906578064,"c":{"r":[-0.027923382818698883,-5.822969484370333e-8,0.9996100664138794,2.1138893302463657e-8,1,5.884290743551901e-8,-0.9996100664138794,2.2773743779680444e-8,-0.027923382818698883],"p":[-198.49732971191406,116.48999786376953,-398.70086669921875]},"j":false},{"t":6.75909161567688,"c":{"r":[-0.034901537001132965,-1.374280689248053e-8,0.9993907809257507,2.311099311924636e-9,1,1.3831894740690132e-8,-0.9993907809257507,2.7924456080796745e-9,-0.034901537001132965],"p":[-200.62960815429688,116.49000549316406,-398.6327209472656]},"j":false},{"t":6.824993371963501,"c":{"r":[-0.034901537001132965,3.04681719853761e-8,0.9993907809257507,-1.637412871957622e-8,1,-3.1058576155373885e-8,-0.9993907809257507,-1.744814603910072e-8,-0.034901537001132965],"p":[-202.76168823242188,116.49000549316406,-398.5585021972656]},"j":false},{"t":6.891738176345825,"c":{"r":[-0.03490201383829117,7.45283941228081e-8,0.999390721321106,-3.4995615294519666e-8,1,-7.579599525797676e-8,-0.999390721321106,-3.761972777738265e-8,-0.03490201383829117],"p":[-204.89376831054688,116.22434997558594,-398.4842834472656]},"j":false},{"t":6.944174528121948,"c":{"r":[-0.03490201383829117,1.0747490364337864e-7,0.999390721321106,-4.892001115308631e-8,1,-1.0924887305918674e-7,-0.999390721321106,-5.270321068451267e-8,-0.03490201383829117],"p":[-206.49282836914062,115.46819305419922,-398.4286193847656]},"j":true},{"t":6.951347589492798,"c":{"r":[-0.03490201383829117,1.1295777113673466e-7,0.999390721321106,-5.123727220279761e-8,1,-1.1481601092100391e-7,-0.999390721321106,-5.521336632341445e-8,-0.03490201383829117],"p":[-206.75933837890625,115.91114044189453,-398.4193420410156]},"j":true},{"t":6.957717657089233,"c":{"r":[-0.03490200638771057,1.1569832736313401e-7,0.999390721321106,-5.239553146907383e-8,1,-1.1759868812077912e-7,-0.999390721321106,-5.6468039133505954e-8,-0.03490200638771057],"p":[-206.89259338378906,116.12920379638672,-398.4147033691406]},"j":false},{"t":6.959203481674194,"c":{"r":[-0.03490200638771057,1.1569832736313401e-7,0.999390721321106,-5.239553146907383e-8,1,-1.1759868812077912e-7,-0.999390721321106,-5.6468039133505954e-8,-0.03490200638771057],"p":[-206.89259338378906,116.12920379638672,-398.4147033691406]},"j":true},{"t":7.0248329639434814,"c":{"r":[-0.03490189090371132,1.6219819087837095e-7,0.999390721321106,-7.20481381222271e-8,1,-1.6481321551964356e-7,-0.999390721321106,-7.775653187991338e-8,-0.03490189090371132],"p":[-209.15792846679688,119.31517028808594,-398.3358459472656]},"j":false},{"t":7.0351057052612305,"c":{"r":[-0.03490198031067848,1.6765763177772897e-7,0.999390721321106,-7.435551907519766e-8,1,-1.7035658572694956e-7,-0.999390721321106,-8.025600095606933e-8,-0.03490198031067848],"p":[-209.4244384765625,119.62527465820312,-398.3265686035156]},"j":true},{"t":7.091667175292969,"c":{"r":[-0.041860513389110565,-1.2043528840877116e-8,0.9991234540939331,6.005464570080221e-9,1,1.2305706675874717e-8,-0.9991234540939331,6.515323835998288e-9,-0.041860513389110565],"p":[-211.2898406982422,121.41448211669922,-398.2574462890625]},"j":false},{"t":7.159175634384155,"c":{"r":[-0.048751264810562134,-9.517836474515207e-8,0.9988109469413757,4.606948422747337e-8,1,9.754028695851957e-8,-0.9988109469413757,5.0769919823778764e-8,-0.048751264810562134],"p":[-213.42108154296875,122.64179229736328,-398.1649169921875]},"j":false},{"t":7.2249672412872314,"c":{"r":[-0.055822886526584625,-3.3297280488397973e-9,0.998440682888031,2.25093863548409e-8,1,4.593429636656765e-9,-0.998440682888031,2.2730706206175455e-8,-0.055822886526584625],"p":[-215.5513153076172,122.99710083007812,-398.0482482910156]},"j":false},{"t":7.290838241577148,"c":{"r":[-0.07661444693803787,1.0326112942493637e-7,0.9970607757568359,2.4218111960294664e-9,1,-1.0337943479044043e-7,-0.9970607757568359,-5.505665257032888e-9,-0.07661444693803787],"p":[-217.54736328125,122.53824615478516,-397.9228515625]},"j":false},{"t":7.3510096073150635,"c":{"r":[-0.09057489037513733,9.69624665003721e-8,0.9958896636962891,-6.320999723641307e-9,1,-9.793755140208305e-8,-0.9958896636962891,-1.516570158344166e-8,-0.09057489037513733],"p":[-219.54043579101562,121.31298828125,-397.7571105957031]},"j":false},{"t":7.416765451431274,"c":{"r":[-0.09756863862276077,1.3703736811976341e-8,0.9952288269996643,-9.105392884123376e-9,1,-1.4662092873152233e-8,-0.9952288269996643,-1.0492509083803725e-8,-0.09756863862276077],"p":[-221.66448974609375,119.16129302978516,-397.5587463378906]},"j":false},{"t":7.482856512069702,"c":{"r":[-0.09758490324020386,-5.851897810771334e-8,0.9952272176742554,-1.1617710349298704e-8,1,5.7660468399944875e-8,-0.9952272176742554,-5.935470337448123e-9,-0.09758490324020386],"p":[-223.78753662109375,116.1375961303711,-397.3507385253906]},"j":false},{"t":7.549349546432495,"c":{"r":[-0.10452810674905777,-1.1692383594663625e-7,0.9945219159126282,-1.3773277629525182e-8,1,1.1612025474505572e-7,-0.9945219159126282,-1.5599962432943926e-9,-0.10452810674905777],"p":[-225.77723693847656,112.51092529296875,-397.1488037109375]},"j":false},{"t":7.616519451141357,"c":{"r":[-0.1182844266295433,-1.4771042344818852e-7,0.9929797649383545,-1.4996230035535518e-8,1,1.469683610366701e-7,-0.9929797649383545,2.493115047741412e-9,-0.1182844266295433],"p":[-228.0297088623047,107.47421264648438,-396.8953552246094]},"j":false},{"t":7.684731721878052,"c":{"r":[-0.12533427774906158,-1.227801931236172e-7,0.9921145439147949,-1.3573853152593074e-8,1,1.2204127131099085e-7,-0.9921145439147949,1.8291363979017206e-9,-0.12533427774906158],"p":[-230.146728515625,101.83451843261719,-396.6322021484375]},"j":false},{"t":7.750792503356934,"c":{"r":[-0.125335231423378,-9.078332396939004e-8,0.9921144247055054,-1.1891205353720125e-8,1,9.000265777103778e-8,-0.9921144247055054,-5.169322192521975e-10,-0.125335231423378],"p":[-232.26318359375,95.32283020019531,-396.3646240234375]},"j":false},{"t":7.811496019363403,"c":{"r":[-0.125335231423378,-6.287564957574432e-8,0.9921144247055054,-1.0423628182820721e-8,1,6.205856806218435e-8,-0.9921144247055054,-2.5633066780272884e-9,-0.125335231423378],"p":[-234.11508178710938,92.47612762451172,-396.1304931640625]},"j":false},{"t":7.8723907470703125,"c":{"r":[-0.125335231423378,-3.3067085070115354e-8,0.9921144247055054,-8.856085642605649e-9,1,3.2211108447199877e-8,-0.9921144247055054,-4.7490638088731885e-9,-0.125335231423378],"p":[-236.09925842285156,92.76666259765625,-395.879638671875]},"j":false},{"t":7.94080114364624,"c":{"r":[-0.10453053563833237,-1.2380436675840656e-9,0.9945216774940491,-7.355577924528234e-9,1,4.717454760161388e-10,-0.9945216774940491,-7.265970047853898e-9,-0.10453053563833237],"p":[-238.21629333496094,92.79939270019531,-395.6166076660156]},"j":false},{"t":8.003760814666748,"c":{"r":[-0.04187783971428871,2.888513961352146e-8,0.9991227388381958,-7.220481545999746e-9,1,-2.9213145680273556e-8,-0.9991227388381958,-8.437530674143545e-9,-0.04187783971428871],"p":[-240.2082977294922,92.80223083496094,-395.44073486328125]},"j":false},{"t":8.06972599029541,"c":{"r":[0.08367595076560974,6.321707957113176e-8,0.9964930415153503,-1.0766215474689034e-8,1,-6.253551987356332e-8,-0.9964930415153503,-5.495739419103529e-9,0.08367595076560974],"p":[-242.4729461669922,92.81482696533203,-395.4692077636719]},"j":false},{"t":8.133328914642334,"c":{"r":[0.09758017212152481,9.270625866975024e-8,0.9952276945114136,-1.566041518685779e-8,1,-9.161532688040097e-8,-0.9952276945114136,-6.645838546148752e-9,0.09758017212152481],"p":[-244.4647216796875,93.01461029052734,-395.6500549316406]},"j":false},{"t":8.199651718139648,"c":{"r":[0.12533190846443176,1.2219541645208665e-7,0.9921148419380188,-2.110437513636043e-8,1,-1.2050053044276865e-7,-0.9921148419380188,-5.835402383524979e-9,0.12533190846443176],"p":[-246.4529266357422,93.07838439941406,-395.8663330078125]},"j":false},{"t":8.26652717590332,"c":{"r":[0.21473263204097748,-2.641189267293953e-9,0.976672887802124,4.452562318846276e-9,1,1.7253257711402625e-9,-0.976672887802124,3.97821331432624e-9,0.21473263204097748],"p":[-248.69308471679688,93.08526611328125,-396.2083435058594]},"j":false},{"t":8.319289922714233,"c":{"r":[0.3551045060157776,-8.062037437639447e-8,0.9348266124725342,2.64538861927