{"v":1,"d":[{"t":0,"j":false,"c":{"p":[-460.17919921875,67.96470642089844,98.67481231689453],"r":[-0.988228440284729,-1.7344222058568448e-8,-0.1529853343963623,-1.4687176808081404e-8,1,-1.849808306531031e-8,0.1529853343963623,-1.6033409266924536e-8,-0.988228440284729]}},{"t":0.0644683837890625,"j":false,"c":{"p":[-459.89361572265625,67.96470642089844,100.65426635742188],"r":[-0.9912155270576477,6.40420765307681e-8,-0.13225668668746948,5.670789704481649e-8,1,5.922071011355001e-8,0.13225668668746948,5.120048740536731e-8,-0.9912155270576477]}},{"t":0.13206887245178223,"j":false,"c":{"p":[-459.63201904296875,67.96470642089844,102.77145385742188],"r":[-0.9929655194282532,1.1074602568328373e-8,-0.11840369552373886,9.925591903936493e-9,1,1.029387153295147e-8,0.11840369552373886,9.04623309594399e-9,-0.9929655194282532]}},{"t":0.19826006889343262,"j":false,"c":{"p":[-459.3638000488281,67.96470642089844,105.02213287353516],"r":[-0.9929655194282532,-5.1700851599889575e-8,-0.11840368062257767,-4.627596794648525e-8,1,-4.85661573179641e-8,0.11840368062257767,-4.2745277539779636e-8,-0.9929655194282532]}},{"t":0.2644047737121582,"j":false,"c":{"p":[-459.11358642578125,67.96470642089844,107.14068603515625],"r":[-0.9937679171562195,2.845360036474176e-8,-0.1114688292145729,2.5631795352865083e-8,1,2.6747780879077254e-8,0.1114688292145729,2.372394192207139e-8,-0.9937679171562195]}},{"t":0.3195199966430664,"j":true,"c":{"p":[-458.9329528808594,67.96470642089844,108.73043060302734],"r":[-0.992965579032898,8.880068946837127e-8,-0.11840344220399857,7.954087521966358e-8,1,8.293118725077875e-8,0.11840344220399857,7.292990034102331e-8,-0.992965579032898]}},{"t":0.3265523910522461,"j":true,"c":{"p":[-458.9172058105469,68.1861801147461,108.86283111572266],"r":[-0.9912155270576477,9.479940388246177e-8,-0.13225668668746948,8.393926265171103e-8,1,8.76893793133604e-8,0.13225668668746948,7.581754601915236e-8,-0.9912155270576477]}},{"t":0.3309657573699951,"j":false,"c":{"p":[-458.8857116699219,68.61890411376953,109.12763214111328],"r":[-0.9902681112289429,1.0530127525498756e-7,-0.1391729861497879,9.266659617424011e-8,1,9.726387872888154e-8,0.1391729861497879,8.342063040345238e-8,-0.9902681112289429]}},{"t":0.3425438404083252,"j":true,"c":{"p":[-458.8500671386719,69.03800201416016,109.39189147949219],"r":[-0.9893088340759277,1.1579201952827134e-7,-0.14583562314510345,1.013824828532961e-7,1,1.0623902113593431e-7,0.14583562314510345,9.031802505887754e-8,-0.9893088340759277]}},{"t":0.3986234664916992,"j":false,"c":{"p":[-458.555908203125,71.5902099609375,111.23517608642578],"r":[-0.9859999418258667,1.3143488786226953e-7,-0.16674558818340302,1.199724266598423e-7,1,7.881515529106764e-8,0.16674558818340302,5.770686684059001e-8,-0.9859999418258667]}},{"t":0.44168782234191895,"j":true,"c":{"p":[-458.3179016113281,73.00447082519531,112.54700469970703],"r":[-0.9767687320709229,4.033604117381628e-9,-0.21429628133773804,2.4368722151280053e-8,1,-9.225079367070066e-8,0.21429628133773804,-9.532980982385197e-8,-0.9767687320709229]}},{"t":0.46537113189697266,"j":false,"c":{"p":[-458.1098327636719,73.79177856445312,113.45672607421875],"r":[-0.970414936542511,-5.236174516198844e-8,-0.24144317209720612,-1.5315318790953825e-8,1,-1.5531411179381394e-7,0.24144317209720612,-1.470213533139031e-7,-0.970414936542511]}},{"t":0.5308749675750732,"j":false,"c":{"p":[-457.54046630859375,74.91683197021484,115.37279510498047],"r":[-0.9398900866508484,-5.003026615213457e-8,-0.3414771556854248,2.6298612176844927e-9,1,-1.5374980932847393e-7,0.3414771556854248,-1.4540594861500722e-7,-0.9398900866508484]}},{"t":0.5970711708068848,"j":false,"c":{"p":[-456.7747497558594,75.27214050292969,117.3634033203125],"r":[-0.9054450988769531,-4.572489942233915e-8,-0.42446333169937134,2.568731183316686e-8,1,-1.6251898671271192e-7,0.42446333169937134,-1.5805534303581226e-7,-0.9054450988769531]}},{"t":0.6636409759521484,"j":false,"c":{"p":[-455.7845764160156,74.75544738769531,119.25230407714844],"r":[-0.8763125538825989,-4.871522918392657e-8,-0.4817430078983307,-2.6770674566023445e-9,1,-9.625315300354487e-8,0.4817430078983307,-8.305818965936851e-8,-0.8763125538825989]}},{"t":0.6664614677429199,"j":true,"c":{"p":[-455.7845764160156,74.75544738769531,119.25230407714844],"r":[-0.8763125538825989,-4.871522918392657e-8,-0.4817430078983307,-2.6770674566023445e-9,1,-9.625315300354487e-8,0.4817430078983307,-8.305818965936851e-8,-0.8763125538825989]}},{"t":0.7159883975982666,"j":true,"c":{"p":[-455.0137023925781,73.7956771850586,120.65443420410156],"r":[-0.8763065934181213,3.922143054779781e-9,-0.48175379633903503,-1.8694684911224613e-8,1,4.214687976400455e-8,0.48175379633903503,4.5939824389051864e-8,-0.8763065934181213]}},{"t":0.7309017181396484,"j":false,"c":{"p":[-454.7567443847656,73.36675262451172,121.12181091308594],"r":[-0.8763065934181213,2.1438337327595036e-8,-0.48175379633903503,-2.4024661371413458e-8,1,8.820128982733877e-8,0.48175379633903503,8.886534175189809e-8,-0.8763065934181213]}},{"t":0.7663686275482178,"j":true,"c":{"p":[-454.1785888671875,72.20240783691406,122.17340850830078],"r":[-0.8763065934181213,2.8339437463387185e-8,-0.48175379633903503,-1.245906044999856e-8,1,8.148850128009144e-8,0.48175379633903503,7.741111573977832e-8,-0.8763065934181213]}},{"t":0.774752140045166,"j":true,"c":{"p":[-454.1143493652344,72.42388153076172,122.29025268554688],"r":[-0.8763065934181213,2.730251047466936e-8,-0.48175379633903503,-9.867652472905775e-9,1,7.462234918875765e-8,0.48175379633903503,7.014583758291337e-8,-0.8763065934181213]}},{"t":0.7906522750854492,"j":true,"c":{"p":[-453.8573913574219,73.27570343017578,122.75762939453125],"r":[-0.8763065934181213,2.31570176367768e-8,-0.48175379633903503,4.924424201746547e-10,1,4.717240997820227e-8,0.48175379633903503,4.110025741965728e-8,-0.8763065934181213]}},{"t":0.7975213527679443,"j":false,"c":{"p":[-453.7289123535156,73.68118286132812,122.99131774902344],"r":[-0.8763065934181213,2.108560082092481e-8,-0.48175379633903503,5.669169134137064e-9,1,3.34562422210638e-8,0.48175379633903503,2.6586782553295052e-8,-0.8763065934181213]}},{"t":0.8660933971405029,"j":false,"c":{"p":[-452.6368408203125,76.57762145996094,124.97766876220703],"r":[-0.8763065934181213,3.5142606602533988e-9,-0.48175379633903503,4.958205934713078e-8,1,-8.28946795650154e-8,0.48175379633903503,-9.65275006592492e-8,-0.8763065934181213]}},{"t":0.9340534210205078,"j":false,"c":{"p":[-451.6090087890625,78.40443420410156,126.84717559814453],"r":[-0.8795297145843506,-6.2399814204638915e-9,-0.47584399580955505,4.5304890505803996e-8,1,-9.685312818419334e-8,0.47584399580955505,-1.0674326489379382e-7,-0.8795297145843506]}},{"t":0.9751946926116943,"j":true,"c":{"p":[-451.0458068847656,79.0488052368164,127.90678405761719],"r":[-0.8861708641052246,-2.3319955744227627e-8,-0.463358610868454,3.86921694683906e-9,1,-5.772794864356001e-8,0.463358610868454,-5.294966243241106e-8,-0.8861708641052246]}},{"t":1.0015652179718018,"j":false,"c":{"p":[-450.6134338378906,79.35923767089844,128.7339324951172],"r":[-0.8862031102180481,-4.378248874559176e-8,-0.46329689025878906,-2.755065331427886e-8,1,-4.180259693953303e-8,0.46329689025878906,-2.4281460397901355e-8,-0.8862031102180481]}},{"t":1.0701539516448975,"j":false,"c":{"p":[-449.5812683105469,79.41826629638672,130.75184631347656],"r":[-0.9015284180641174,-1.2456796127935377e-7,-0.4327199161052704,-9.956994517779094e-8,1,-8.042808019581571e-8,0.4327199161052704,-2.9422306369042417e-8,-0.9015284180641174]}},{"t":1.1361973285675049,"j":false,"c":{"p":[-448.6751708984375,78.57456970214844,132.68312072753906],"r":[-0.9132883548736572,-6.161746313182448e-8,-0.40731358528137207,-5.486443299673738e-9,1,-1.3897587791689148e-7,0.40731358528137207,-1.246903451601611e-7,-0.9132883548736572]}},{"t":1.1988954544067383,"j":false,"c":{"p":[-447.95513916015625,77.12102508544922,134.40509033203125],"r":[-0.9322062730789185,-1.3341528770638433e-8,-0.36192747950553894,3.4169360674241034e-8,1,-1.2487149092521577e-7,0.36192747950553894,-1.287728110810349e-7,-0.9322062730789185]}},{"t":1.2607121467590332,"j":false,"c":{"p":[-447.25592041015625,75.78459167480469,136.27880859375],"r":[-0.9396921992301941,9.257742350499143e-10,-0.34202128648757935,2.991768610627332e-8,1,-7.949108038474151e-8,0.34202128648757935,-8.492963843309553e-8,-0.9396921992301941]}},{"t":1.2731740474700928,"j":true,"c":{"p":[-447.119140625,76.60014343261719,136.65467834472656],"r":[-0.9396923780441284,2.786253228137525e-9,-0.34202077984809875,2.9160924341908867e-8,1,-7.197236584488564e-8,0.34202077984809875,-7.760552733770965e-8,-0.9396923780441284]}},{"t":1.2813053131103516,"j":true,"c":{"p":[-447.0279541015625,77.15653991699219,136.90525817871094],"r":[-0.939692497253418,4.025895616877051e-9,-0.3420204520225525,2.8656675254978836e-8,1,-6.696257059957134e-8,0.3420204520225525,-7.272539193081684e-8,-0.939692497253418]}},{"t":1.2894625663757324,"j":true,"c":{"p":[-446.936767578125,77.69931030273438,137.1558380126953],"r":[-0.939692497253418,5.264968905294154e-9,-0.3420204818248749,2.8152635778155854e-8,1,-6.195492119331902e-8,0.3420204818248749,-6.784735262499453e-8,-0.939692497253418]}},{"t":1.322974681854248,"j":false,"c":{"p":[-446.572021484375,79.734130859375,138.1581573486328],"r":[-0.9396926760673523,1.0215995160933744e-8,-0.3420199751853943,2.6138620157212245e-8,1,-4.194572511551087e-8,0.3420199751853943,-4.8356021409290406e-8,-0.9396926760673523]}},{"t":1.3847136497497559,"j":false,"c":{"p":[-445.89581298828125,82.96184539794922,140.040283203125],"r":[-0.9443552494049072,1.530810500582902e-8,-0.32892730832099915,2.3457323194975288e-8,1,-2.0806849576615605e-8,0.32892730832099915,-2.7364812638097646e-8,-0.9443552494049072]}},{"t":1.4536826610565186,"j":false,"c":{"p":[-445.20867919921875,85.69342803955078,142.2000732421875],"r":[-0.9552772045135498,-2.7167466498667636e-8,-0.29571184515953064,9.625029662174711e-9,1,-1.229644226441451e-7,0.29571184515953064,-1.2031135554479988e-7,-0.9552772045135498]}},{"t":1.5143036842346191,"j":false,"c":{"p":[-444.66986083984375,87.20381164550781,143.9872283935547],"r":[-0.9593088030815125,-5.802404245969228e-8,-0.2823590636253357,-1.6432647242936582e-8,1,-1.4966779815495102e-7,0.2823590636253357,-1.3893773598283587e-7,-0.9593088030815125]}},{"t":1.5769214630126953,"j":false,"c":{"p":[-444.21234130859375,88.08121490478516,145.93060302734375],"r":[-0.999509871006012,1.5973380396161474e-9,-0.03130500018596649,1.811787520011876e-8,1,-5.274447403280647e-7,0.03130500018596649,-5.277534000924788e-7,-0.999509871006012]}},{"t":1.6431567668914795,"j":false,"c":{"p":[-444.2310791015625,88.17236328125,148.0580291748047],"r":[-0.9980286359786987,1.4996794917010448e-8,0.06276004016399384,1.5307698220112798e-8,1,4.473011294692242e-9,-0.06276004016399384,5.424905413775605e-9,-0.9980286359786987]}},{"t":1.7080590724945068,"j":false,"c":{"p":[-444.3648681640625,87.39151000976562,150.1871795654297],"r":[-0.9980267286300659,-1.6207360786779645e-8,0.06279035657644272,-8.339620549691062e-9,1,1.2556380113437626e-7,-0.06279035657644272,1.2479239330787095e-7,-0.9980267286300659]}},{"t":1.7736923694610596,"j":false,"c":{"p":[-444.49029541015625,85.86750793457031,152.18325805664062],"r":[-0.9980267286300659,-4.137147513461059e-8,0.06279021501541138,-3.291155081797115e-8,1,1.3576742219356674e-7,-0.06279021501541138,1.334329908786458e-7,-0.9980267286300659]}},{"t":1.839646577835083,"j":false,"c":{"p":[-444.61138916015625,85.79225158691406,154.1082000732422],"r":[-0.9980267286300659,1.4301241080261207e-8,0.06279025226831436,8.978914500801238e-9,1,-8.504574822154609e-8,-0.06279025226831436,-8.431414499909806e-8,-0.9980267286300659]}},{"t":1.9056909084320068,"j":false,"c":{"p":[-444.73614501953125,86.13008880615234,156.09373474121094],"r":[-0.9980267286300659,3.095646050610412e-8,0.06279025226831436,2.6281700371555416e-8,1,-7.527632561732389e-8,-0.06279025226831436,-7.347755115461041e-8,-0.9980267286300659]}},{"t":1.973616361618042,"j":false,"c":{"p":[-444.8537902832031,85.99462890625,157.96412658691406],"r":[-0.9980267286300659,4.560206434689462e-8,0.06279025226831436,4.149673671349774e-8,1,-6.668566499001827e-8,-0.06279025226831436,-6.394848384161378e-8,-0.9980267286300659]}},{"t":2.039933919906616,"j":false,"c":{"p":[-444.9727478027344,84.44586944580078,159.91290283203125],"r":[-0.9980266690254211,6.213047498704327e-8,0.06279120594263077,5.866955632427562e-8,1,-5.6961688699175284e-8,-0.06279120594263077,-5.3165354785278396e-8,-0.9980266690254211]}},{"t":2.105832099914551,"j":false,"c":{"p":[-445.1395568847656,83.3634262084961,161.9582977294922],"r":[-0.9952273368835449,7.93544501220822e-8,0.09758362174034119,7.5003178778843e-8,1,-4.825850297152101e-8,-0.09758362174034119,-4.070909653819399e-8,-0.9952273368835449]}},{"t":2.1735897064208984,"j":false,"c":{"p":[-445.34149169921875,83.27837371826172,163.947998046875],"r":[-0.9945219159126282,9.411073165210837e-8,0.1045285314321518,9.038734560817829e-8,1,-4.0357747366215335e-8,-0.1045285314321518,-3.068860721100464e-8,-0.9945219159126282]}},{"t":2.2392308712005615,"j":false,"c":{"p":[-445.56463623046875,83.29499816894531,166.069580078125],"r":[-0.9945219159126282,1.0952219042792422e-7,0.1045285314321518,1.0676252770736028e-7,1,-3.19961941386282e-8,-0.1045285314321518,-2.0661186539427945e-8,-0.9945219159126282]}},{"t":2.3058505058288574,"j":false,"c":{"p":[-445.78778076171875,83.2964859008789,168.191162109375],"r":[-0.9945218563079834,1.2488109746300324e-7,0.1045287624001503,1.2308187535836623e-7,1,-2.366316209645447e-8,-0.1045287624001503,-1.0667936756192375e-8,-0.9945218563079834]}},{"t":2.371826171875,"j":false,"c":{"p":[-446.02227783203125,83.29660034179688,170.3115997314453],"r":[-0.9937679171562195,1.4025906125425536e-7,0.11146906018257141,1.3940315568561346e-7,1,-1.5472327419274734e-8,-0.11146906018257141,1.6323530027673172e-10,-0.9937679171562195]}},{"t":2.4387311935424805,"j":false,"c":{"p":[-446.26007080078125,83.56543731689453,172.4317169189453],"r":[-0.9937679171562195,-8.749734803359388e-8,0.11146905273199081,-8.648979843428606e-8,1,1.3874361215471254e-8,-0.11146905273199081,4.1469592204634864e-9,-0.9937679171562195]}},{"t":2.506495475769043,"j":false,"c":{"p":[-446.49468994140625,83.71344757080078,174.55215454101562],"r":[-0.9945217967033386,-6.544532027419336e-8,0.10452922433614731,-6.527156415359059e-8,1,5.083010901074658e-9,-0.10452922433614731,-1.7676206054417776e-9,-0.9945217967033386]}},{"t":2.5694360733032227,"j":false,"c":{"p":[-446.6941223144531,83.4134521484375,176.5421142578125],"r":[-0.9952273964881897,-4.485879401272541e-8,0.09758266061544418,-4.536068232141588e-8,1,-2.9247149146982565e-9,-0.09758266061544418,-7.337172647225998e-9,-0.9952273964881897]}},{"t":2.638129711151123,"j":false,"c":{"p":[-446.9151306152344,83.2826919555664,178.7978515625],"r":[-0.9952273368835449,-2.1588508758441094e-8,0.09758361428976059,-2.2863579474119433e-8,1,-1.1948212197410157e-8,-0.09758361428976059,-1.4122297997687383e-8,-0.9952273368835449]}},{"t":2.70647931098938,"j":false,"c":{"p":[-447.1231384277344,83.2953872680664,180.9208984375],"r":[-0.9952272772789001,2.3584775799001534e-10,0.09758385270833969,-1.7643586591731264e-9,1,-2.041101687666469e-8,-0.09758385270833969,-2.048577307789401e-8,-0.9952272772789001]}},{"t":2.773785352706909,"j":false,"c":{"p":[-447.3311462402344,83.29651641845703,183.0439453125],"r":[-0.9952272772789001,2.1985693265946793e-8,0.09758385270833969,1.926282955366787e-8,1,-2.8844926447391117e-8,-0.09758385270833969,-2.6827516208527413e-8,-0.9952272772789001]}},{"t":2.8117082118988037,"j":true,"c":{"p":[-447.4481506347656,83.29660034179688,184.2381591796875],"r":[-0.9952273368835449,3.418733030002841e-8,0.09758362174034119,3.105906642986156e-8,1,-3.3576341706975654e-8,-0.09758362174034119,-3.0385233884544505e-8,-0.9952273368835449]}},{"t":2.8192691802978516,"j":true,"c":{"p":[-447.4741516113281,83.73613739013672,184.5035400390625],"r":[-0.9952272772789001,3.6895631438937926e-8,0.09758386015892029,3.3677370225859704e-8,1,-3.462653452857012e-8,-0.09758386015892029,-3.117490265935885e-8,-0.9952272772789001]}},{"t":2.8278889656066895,"j":true,"c":{"p":[-447.5001525878906,84.16204833984375,184.7689208984375],"r":[-0.9952273368835449,3.96027672877608e-8,0.0975838452577591,3.6294558469762705e-8,1,-3.5676276155527376e-8,-0.0975838452577591,-3.1964244584514745e-8,-0.9952273368835449]}},{"t":2.8421571254730225,"j":false,"c":{"p":[-447.5521545410156,84.97300720214844,185.2996826171875],"r":[-0.9952273368835449,4.5013564431428676e-8,0.09758378565311432,4.15255847485696e-8,1,-3.7774412930957624e-8,-0.09758378565311432,-3.354190525328704e-8,-0.9952273368835449]}},{"t":2.910137891769409,"j":false,"c":{"p":[-447.76300048828125,87.67181396484375,187.42245483398438],"r":[-0.9937818646430969,6.899214355371441e-8,0.11134429275989532,6.2984767623675e-8,1,-5.747056874838563e-8,-0.11134429275989532,-5.0100215531756476e-8,-0.9937818646430969]}},{"t":2.977161169052124,"j":false,"c":{"p":[-448.00054931640625,89.49862670898438,189.54258728027344],"r":[-0.9929951429367065,1.0280732709588847e-7,0.11815518885850906,8.722295063989804e-8,1,-1.3706856805129064e-7,-0.11815518885850906,-1.258025719153011e-7,-0.9929951429367065]}},{"t":3.043520212173462,"j":false,"c":{"p":[-448.2682800292969,90.4841537475586,191.79344177246094],"r":[-0.9929654598236084,-1.2595438469986675e-8,0.1184043288230896,-1.3675742316365813e-8,1,-8.311366705981982e-9,-0.1184043288230896,-9.87216708381311e-9,-0.9929654598236084]}},{"t":3.1060633659362793,"j":false,"c":{"p":[-448.5139465332031,90.51245880126953,193.91262817382812],"r":[-0.994495153427124,-9.7873609661292e-8,0.104782834649086,-8.862937050935216e-8,1,9.287908397936917e-8,-0.104782834649086,8.308095544862226e-8,-0.994495153427124]}},{"t":3.1720497608184814,"j":false,"c":{"p":[-448.6971740722656,89.82191467285156,195.7702178955078],"r":[-0.9952272772789001,-1.8843536508938996e-8,0.09758397191762924,-1.7447220557187393e-8,1,1.516217729147229e-8,-0.09758397191762924,1.3387243313900399e-8,-0.9952272772789001]}},{"t":3.239736795425415,"j":false,"c":{"p":[-448.9051818847656,88.21521759033203,197.8932647705078],"r":[-0.9952273368835449,7.053481709817788e-8,0.09758369624614716,6.364256677215963e-8,1,-7.374180910346695e-8,-0.09758369624614716,-6.717939271538853e-8,-0.9952273368835449]}},{"t":3.3053832054138184,"j":false,"c":{"p":[-449.1131896972656,85.73652648925781,200.0163116455078],"r":[-0.9952273368835449,7.010254421402351e-8,0.09758377075195312,6.346361658415844e-8,1,-7.113703759387136e-8,-0.09758377075195312,-6.460449952783165e-8,-0.9952273368835449]}},{"t":3.3257956504821777,"j":true,"c":{"p":[-449.1781921386719,84.78311157226562,200.6797637939453],"r":[-0.9952273368835449,3.4024846939928466e-8,0.09758365899324417,3.08837329043854e-8,1,-3.369939705066827e-8,-0.09758365899324417,-3.052481289955722e-8,-0.9952273368835449]}},{"t":3.3339996337890625,"j":true,"c":{"p":[-449.2041931152344,84.37789916992188,200.9451446533203],"r":[-0.9952272772789001,1.9604559753361173e-8,0.09758387506008148,1.7861522039197553e-8,1,-1.8735530460389782e-8,-0.09758387506008148,-1.69031135754949e-8,-0.9952272772789001]}},{"t":3.3732070922851562,"j":false,"c":{"p":[-449.3341979980469,82.94288635253906,202.2720489501953],"r":[-0.9952272772789001,-5.240450917654016e-8,0.09758387506008148,-4.71661039114224e-8,1,5.598787566896135e-8,-0.09758387506008148,5.111801115731396e-8,-0.9952272772789001]}},{"t":3.3748228549957275,"j":true,"c":{"p":[-449.3341979980469,82.94288635253906,202.2720489501953],"r":[-0.9952272772789001,-5.240450917654016e-8,0.09758387506008148,-4.71661039114224e-8,1,5.598787566896135e-8,-0.09758387506008148,5.111801115731396e-8,-0.9952272772789001]}},{"t":3.383261203765869,"j":true,"c":{"p":[-449.3601989746094,83.3824234008789,202.5374298095703],"r":[-0.9952272772789001,-6.678786235170264e-8,0.09758387506008148,-6.015496012423682e-8,1,7.09133871623635e-8,-0.09758387506008148,6.470478552955683e-8,-0.9952272772789001]}},{"t":3.3916378021240234,"j":true,"c":{"p":[-449.3861999511719,83.80833435058594,202.8028106689453],"r":[-0.9952272772789001,-8.116506222677344e-8,0.09758385270833969,-7.31382598928576e-8,1,8.583251798199854e-8,-0.09758385270833969,7.828575121493486e-8,-0.9952272772789001]}},{"t":3.4385147094726562,"j":false,"c":{"p":[-449.5378723144531,85.90731811523438,204.261474609375],"r":[-0.9827746152877808,-6.098557037148566e-8,0.18480820953845978,-6.613230141283566e-8,1,-2.16850448708783e-8,-0.18480820953845978,-3.3533304133470665e-8,-0.9827746152877808]}},{"t":3.5056264400482178,"j":false,"c":{"p":[-450.13616943359375,88.22462463378906,206.28964233398438],"r":[-0.7769358158111572,6.06064133990003e-7,0.6295797824859619,4.266384223683417e-8,1,-9.09999130271899e-7,-0.6295797824859619,-6.80150662901724e-7,-0.7769358158111572]}},{"t":3.5722343921661377,"j":false,"c":{"p":[-451.2925720214844,89.66992950439453,208.04861450195312],"r":[-0.7999318838119507,-5.981744521932342e-8,0.6000908017158508,-6.9626433507608e-9,1,9.039933246413057e-8,-0.6000908017158508,6.813509401126794e-8,-0.7999318838119507]}},{"t":3.6354119777679443,"j":false,"c":{"p":[-452.4319152832031,90.23295593261719,209.69105529785156],"r":[-0.8618808388710022,9.49586222986909e-8,0.5071108937263489,1.0772821745774763e-8,1,-1.6894476573270367e-7,-0.5071108937263489,-1.4014723603850143e-7,-0.8618808388710022]}},{"t":3.698073148727417,"j":false,"c":{"p":[-453.3388671875,90.02957153320312,211.46958923339844],"r":[-0.9545339345932007,1.4444768225985172e-7,0.2981022000312805,2.5580462192920095e-8,1,-4.026480269203603e-7,-0.2981022000312805,-3.767156044887088e-7,-0.9545339345932007]}},{"t":3.7640810012817383,"j":false,"c":{"p":[-453.7889404296875,88.87257385253906,213.68002319335938],"r":[-0.9974954128265381,2.0641783393671176e-8,0.07073147594928741,6.487194337267965e-9,1,-2.0034694614423643e-7,-0.07073147594928741,-1.9938630657634349e-7,-0.9974954128265381]}},{"t":3.830429792404175,"j":false,"c":{"p":[-453.9409484863281,87.03418731689453,215.6741180419922],"r":[-0.9952481389045715,-2.72216524876967e-8,0.09737099707126617,-1.4521162938763155e-8,1,1.3114265584590612e-7,-0.09737099707126617,1.2910555824419134e-7,-0.9952481389045715]}},{"t":3.8983302116394043,"j":false,"c":{"p":[-454.1640319824219,84.2284927368164,217.79568481445312],"r":[-0.9929844737052917,-1.657490855677679e-8,0.11824493855237961,-1.7921369943607601e-9,1,1.2512454361512937e-7,-0.11824493855237961,1.2403482685385825e-7,-0.9929844737052917]}},{"t":3.964401960372925,"j":false,"c":{"p":[-454.4303894042969,80.55079650878906,219.9122772216797],"r":[-0.9903225898742676,2.8355879422292674e-8,0.13878442347049713,1.175455910384926e-8,1,-1.2043912533954426e-7,-0.13878442347049713,-1.1764223728505385e-7,-0.9903225898742676]}},{"t":4.031219482421875,"j":false,"c":{"p":[-454.76470947265625,76.0010986328125,222.01889038085938],"r":[-0.9783361554145813,3.732804998435313e-8,0.20702263712882996,6.02495608958975e-9,1,-1.51836616169021e-7,-0.20702263712882996,-1.472999429097399e-7,-0.9783361554145813]}},{"t":4.096935272216797,"j":false,"c":{"p":[-455.3377380371094,70.57940673828125,224.07154846191406],"r":[-0.9422570466995239,6.182512635177773e-8,0.3348904848098755,8.69531380232047e-9,1,-1.6014759296467673e-7,-0.3348904848098755,-1.479882172361613e-7,-0.9422570466995239]}},{"t":4.164036989212036,"j":false,"c":{"p":[-456.0528869628906,67.95458221435547,226.08151245117188],"r":[-0.9420576691627502,-3.273099480338715e-8,0.3354509174823761,-4.00987421045329e-9,1,8.631206327436303e-8,-0.3354509174823761,7.996582951363962e-8,-0.9420576691627502]}},{"t":4.174492597579956,"j":true,"c":{"p":[-456.1423645019531,68.04022216796875,226.33273315429688],"r":[-0.9420576095581055,-3.649906687996918e-8,0.3354510962963104,-4.682131127253797e-9,1,9.565695080482328e-8,-0.3354510962963104,8.854372879341099e-8,-0.9420576095581055]}},{"t":4.182533502578735,"j":true,"c":{"p":[-456.2318420410156,68.4797592163086,226.58395385742188],"r":[-0.9420576095581055,-4.026550826097264e-8,0.3354510962963104,-5.354098941978691e-9,1,1.0499784508510857e-7,-0.3354510962963104,9.711798298894792e-8,-0.9420576095581055]}},{"t":4.191320180892944,"j":true,"c":{"p":[-456.3660583496094,69.11351776123047,226.96078491210938],"r":[-0.9420576095581055,-4.591215230220769e-8,0.3354510962963104,-6.3614993273120035e-9,1,1.1900170449052894e-7,-0.3354510962963104,1.0997248978128482e-7,-0.9420576095581055]}},{"t":4.2301926612854,"j":false,"c":{"p":[-456.7687072753906,70.83087158203125,228.09127807617188],"r":[-0.9420576095581055,-6.283035247633961e-8,0.3354511559009552,-9.379809817744444e-9,1,1.609594306728468e-7,-0.3354511559009552,1.4848659191102342e-7,-0.9420576095581055]}},{"t":4.27391791343689,"j":true,"c":{"p":[-457.246826171875,72.55516052246094,229.47776794433594],"r":[-0.9589241147041321,-4.9601624141359935e-8,0.28366267681121826,-9.263340317033908e-9,1,1.4354648669723247e-7,-0.28366267681121826,1.3502253182196e-7,-0.9589241147041321]}},{"t":4.296794652938843,"j":false,"c":{"p":[-457.4360046386719,73.20267486572266,230.1169891357422],"r":[-0.9611846208572388,8.751932512041094e-9,0.27590593695640564,9.454990124169171e-10,1,-2.8426837772599356e-8,-0.27590593695640564,-2.7062570850944212e-8,-0.9611846208572388]}},{"t":4.357595682144165,"j":false,"c":{"p":[-457.9404296875,74.56269836425781,231.9141845703125],"r":[-0.9631622433662415,5.647435585842686e-8,0.2689209282398224,1.1446920744617728e-8,1,-1.6900548871490173e-7,-0.2689209282398224,-1.597013863374741e-7,-0.9631622433662415]}},{"t":4.42432427406311,"j":false,"c":{"p":[-458.5500183105469,75.31659698486328,234.0972900390625],"r":[-0.9631626605987549,-2.9834383852289648e-9,0.268919438123703,2.014326205834749e-11,1,1.1166316760125028e-8,-0.268919438123703,1.0760396129683159e-8,-0.9631626605987549]}},{"t":4.491141319274902,"j":false,"c":{"p":[-459.1237487792969,75.12690734863281,236.1519775390625],"r":[-0.9631626605987549,-4.0941461776355936e-8,0.268919438123703,-7.53913287354635e-9,1,1.2524215264875238e-7,-0.268919438123703,1.186011502340989e-7,-0.9631626605987549]}},{"t":4.557116746902466,"j":false,"c":{"p":[-459.70257568359375,74.15711975097656,238.06564331054688],"r":[-0.9248806834220886,4.402350128884791e-8,0.38025736808776855,1.928872173095897e-9,1,-1.1108140540727618e-7,-0.38025736808776855,-1.0200358246947872e-7,-0.9248806834220886]}},{"t":4.620130777359009,"j":false,"c":{"p":[-460.6188659667969,72.4209213256836,239.83326721191406],"r":[-0.683014452457428,8.208116355490347e-7,0.7304048538208008,3.36233583198009e-8,1,-0.0000010923344007096603,-0.7304048538208008,-7.215215305222955e-7,-0.683014452457428]}},{"t":4.685003995895386,"j":false,"c":{"p":[-462.1304016113281,69.72422790527344,241.2697296142578],"r":[-0.463430255651474,-2.0050269711191504e-7,0.8861333727836609,-2.915762520316889e-9,1,2.247420667345068e-7,-0.8861333727836609,1.015685171523728e-7,-0.463430255651474]}},{"t":4.749284029006958,"j":false,"c":{"p":[-464.0316467285156,67.77662658691406,242.2364044189453],"r":[-0.3746066987514496,1.0326851196396092e-7,0.9271838068962097,1.435479846101373e-9,1,-1.1079870887442667e-7,-0.9271838068962097,-4.017498156372312e-8,-0.3746066987514496]}},{"t":4.810251951217651,"j":false,"c":{"p":[-465.817138671875,67.93168640136719,242.76365661621094],"r":[-0.1322561800479889,-6.694528043027503e-9,0.9912155866622925,1.2745839939043435e-8,1,8.454512645528212e-9,-0.9912155866622925,1.3752035954439634e-8,-0.1322561800479889]}},{"t":4.872400283813477,"j":false,"c":{"p":[-467.8060302734375,67.95254516601562,242.73487854003906],"r":[0.18738123774528503,-6.617757719595829e-8,0.9822872877120972,2.2090922868756024e-8,1,6.315683265256666e-8,-0.9822872877120972,9.865228633998413e-9,0.18738123774528503]}},{"t":4.935235500335693,"j":false,"c":{"p":[-469.769287109375,67.95468139648438,242.35362243652344],"r":[0.18738122284412384,2.267450227577683e-8,0.9822872877120972,-2.3447610075777447e-8,1,-1.8610503360605435e-8,-0.9822872877120972,-1.9545028706602352e-8,0.18738122284412384]}},{"t":4.997854709625244,"j":false,"c":{"p":[-471.7339782714844,67.95490264892578,241.97882080078125],"r":[0.18738122284412384,1.1136494038055389e-7,0.9822872877120972,-6.849874978342996e-8,1,-1.0030625929857706e-7,-0.9822872877120972,-4.848993739869911e-8,0.18738122284412384]}},{"t":5.060824632644653,"j":true,"c":{"p":[-473.6986999511719,67.31524658203125,241.60414123535156],"r":[0.18738122284412384,-3.385340008321691e-8,0.9822872877120972,2.5535408454402386e-8,1,2.9592710504289244e-8,-0.9822872877120972,1.953798900444781e-8,0.18738122284412384]}},{"t":5.066872596740723,"j":false,"c":{"p":[-473.9606628417969,67.75819396972656,241.55418395996094],"r":[0.1805192232131958,-5.526801416522176e-8,0.983571469783783,3.923842228914509e-8,1,4.898955197063515e-8,-0.983571469783783,2.975023605245042e-8,0.1805192232131958]}},{"t":5.069451093673706,"j":true,"c":{"p":[-473.9606628417969,67.75819396972656,241.55418395996094],"r":[0.1805192232131958,-5.526801416522176e-8,0.983571469783783,3.923842228914509e-8,1,4.898955197063515e-8,-0.983571469783783,2.975023605245042e-8,0.1805192232131958]}},{"t":5.085038185119629,"j":true,"c":{"p":[-474.48565673828125,68.61001586914062,241.4604949951172],"r":[0.11964768171310425,-8.045275734502866e-8,0.9928163886070251,6.576155442417075e-8,1,7.310973160201684e-8,-0.9928163886070251,5.654173662605899e-8,0.11964768171310425]}},{"t":5.133586883544922,"j":false,"c":{"p":[-476.0760498046875,70.8385009765625,241.3921661376953],"r":[-0.3115536868572235,0.0000014793997706874507,0.9502285718917847,1.3450853941776586e-7,1,-0.0000015127867527553462,-0.9502285718917847,-3.4350040323261055e-7,-0.3115536868572235]}},{"t":5.177051544189453,"j":true,"c":{"p":[-477.3709411621094,72.32088470458984,241.60504150390625],"r":[-0.3680296838283539,1.4235270384688192e-7,0.9298140406608582,2.529306541987353e-9,1,-1.5209690218398464e-7,-0.9298140406608582,-5.362439026157517e-8,-0.3680296838283539]}},{"t":5.200648784637451,"j":false,"c":{"p":[-478.1247863769531,73.04680633544922,241.84963989257812],"r":[-0.3681206703186035,-7.647605571037275e-8,0.9297780394554138,-6.589196743789216e-9,1,7.964313653019417e-8,-0.9297780394554138,2.319179337462174e-8,-0.3681206703186035]}},{"t":5.266892671585083,"j":false,"c":{"p":[-480.1090087890625,74.38311767578125,242.63238525390625],"r":[-0.35547327995300293,-9.657969712861814e-8,0.9346864223480225,-2.0334585126846605e-9,1,1.0255509153012099e-7,-0.9346864223480225,3.455495090065597e-8,-0.35547327995300293]}},{"t":5.332581281661987,"j":false,"c":{"p":[-482.11614990234375,74.84742736816406,243.35464477539062],"r":[-0.32233282923698425,1.217234881778495e-7,0.9466264247894287,4.216559545966447e-9,1,-1.271508409672606e-7,-0.9466264247894287,-3.699338435581012e-8,-0.32233282923698425]}},{"t":5.398293733596802,"j":false,"c":{"p":[-483.9413146972656,74.90521240234375,243.9676971435547],"r":[-0.29570838809013367,-4.377742612859947e-8,0.9552782773971558,-1.2241790914302442e-9,1,4.544793696936722e-8,-0.9552782773971558,1.2269904203776605e-8,-0.29570838809013367]}},{"t":5.425100326538086,"j":true,"c":{"p":[-484.5615539550781,75.5296401977539,244.15635681152344],"r":[-0.26218903064727783,-8.994408773332907e-8,0.9650165438652039,-4.913551787666393e-10,1,9.30712147351187e-8,-0.9650165438652039,2.3928086179125785e-8,-0.26218903064727783]}},{"t":5.433976888656616,"j":true,"c":{"p":[-484.7756652832031,75.96917724609375,244.21839904785156],"r":[-0.24192145466804504,-8.221206115877067e-8,0.9702958464622498,-2.2925873005563702e-11,1,8.472314760865629e-8,-0.9702958464622498,2.047410241345915e-8,-0.24192145466804504]}},{"t":5.442553520202637,"j":true,"c":{"p":[-485.1116943359375,76.60293579101562,244.31228637695312],"r":[-0.2228263020515442,-5.381803447335187e-8,0.9748581647872925,1.2134662163987286e-9,1,5.5483379668430644e-8,-0.9748581647872925,1.3546113564189e-8,-0.2228263020515442]}},{"t":5.449823617935181,"j":true,"c":{"p":[-485.3157958984375,76.84864807128906,244.3683319091797],"r":[-0.19474080204963684,-1.2402082028017958e-8,0.9808547496795654,2.199485704679205e-9,1,1.3080847516278027e-8,-0.9808547496795654,4.70475081115751e-9,-0.19474080204963684]}},{"t":5.4587624073028564,"j":true,"c":{"p":[-485.206298828125,77.36689758300781,244.37046813964844],"r":[-0.16714352369308472,3.3586680103780964e-8,0.9859325885772705,2.1715236275809957e-9,1,-3.36977663550897e-8,-0.9859325885772705,-3.4913871793662565e-9,-0.16714352369308472]}},{"t":5.463608980178833,"j":false,"c":{"p":[-485.1540222167969,77.62091064453125,244.37181091308594],"r":[-0.14648060500621796,5.9540731456309004e-8,0.9892135262489319,1.8128043510756697e-9,1,-5.992153262468491e-8,-0.9892135262489319,-6.984091527328928e-9,-0.14648060500621796]}},{"t":5.465837240219116,"j":true,"c":{"p":[-485.1540222167969,77.62091064453125,244.37181091308594],"r":[-0.14648060500621796,5.9540731456309004e-8,0.9892135262489319,1.8128043510756697e-9,1,-5.992153262468491e-8,-0.9892135262489319,-6.984091527328928e-9,-0.14648060500621796]}},{"t":5.47480320930481,"j":true,"c":{"p":[-485.048828125,77.99223327636719,244.37452697753906],"r":[-0.13270303606987,9.069621853541321e-8,0.9911558628082275,2.2854894365931244e-10,1,-9.147490942496006e-8,-0.9911558628082275,-1.1912470121444585e-8,-0.13270303606987]}},{"t":5.482964754104614,"j":true,"c":{"p":[-484.5727233886719,78.74539184570312,244.33563232421875],"r":[-0.09145397692918777,1.42879073905533e-7,0.9958093166351318,-2.6730400115582142e-9,1,-1.4372584189459303e-7,-0.9958093166351318,-1.580613862017799e-8,-0.09145397692918777]}},{"t":5.521842002868652,"j":false,"c":{"p":[-487.20355224609375,80.62862396240234,243.60121154785156],"r":[0.0139619754627347,2.526062381491556e-8,0.9999025464057922,8.600873790953756e-9,1,-2.5383183555049982e-8,-0.9999025464057922,8.954434527197463e-9,0.0139619754627347]}},{"t":5.588125705718994,"j":false,"c":{"p":[-489.29815673828125,82.42388916015625,243.578857421875],"r":[0.0069815958850085735,-4.024747113362537e-8,0.9999756217002869,9.314037541230391e-9,1,4.018342281142395e-8,-0.9999756217002869,9.033265691016368e-9,0.0069815958850085735]}},{"t":5.655842542648315,"j":false,"c":{"p":[-491.43145751953125,83.0968246459961,243.56396484375],"r":[0.0069815958850085735,-1.0559452334746311e-7,0.9999756217002869,9.853533100567802e-9,1,1.0552830076449027e-7,-0.9999756217002869,9.116536858755353e-9,0.0069815958850085735]}},{"t":5.722153902053833,"j":false,"c":{"p":[-493.56475830078125,83.16078186035156,243.5550079345703],"r":[-0.020942188799381256,4.21208001810669e-9,0.9997807145118713,-4.588795177173921e-10,1,-4.2226160346103825e-9,-0.9997807145118713,-5.472097219794136e-10,-0.020942188799381256]}},{"t":5.788234233856201,"j":false,"c":{"p":[-495.69647216796875,83.1664047241211,243.6339569091797],"r":[-0.048849888145923615,6.10348678264927e-8,0.9988061189651489,-2.5736039965806867e-9,1,-6.123369189481309e-8,-0.9988061189651489,-5.561790583641368e-9,-0.048849888145923615]}},{"t":5.849079608917236,"j":false,"c":{"p":[-497.6933898925781,83.1668930053711,243.7432098388672],"r":[-0.055821679532527924,-1.859402770643115e-10,0.9984407424926758,6.024736265430874e-10,1,2.1991426735201713e-10,-0.9984407424926758,6.138102248698374e-10,-0.055821679532527924]}},{"t":5.9139018058776855,"j":false,"c":{"p":[-499.8232727050781,83.16692352294922,243.8623504638672],"r":[-0.055821679532527924,-6.522940765307794e-8,0.9984407424926758,3.9790735151257195e-9,1,6.5553741990243e-8,-0.9984407424926758,7.632189102935172e-9,-0.055821679532527924]}},{"t":5.977159738540649,"j":false,"c":{"p":[-501.8200378417969,83.16692352294922,243.9740447998047],"r":[-0.055821679532527924,-1.2600605714396806e-7,0.9984407424926758,7.134159485389091e-9,1,1.2660170511935576e-7,-0.9984407424926758,1.4190155717130892e-8,-0.055821679532527924]}},{"t":6.043453931808472,"j":false,"c":{"p":[-503.9499206542969,83.16692352294922,244.0931854248047],"r":[-0.055821679532527924,7.134026702715346e-8,0.9984407424926758,-4.189691704681309e-9,1,-7.168591764639132e-8,-0.9984407424926758,-8.184787070319999e-9,-0.055821679532527924]}},{"t":6.107980728149414,"j":false,"c":{"p":[-505.9466857910156,83.16692352294922,244.2048797607422],"r":[-0.055821679532527924,4.474035364410156e-8,0.9984407424926758,-2.502222873346227e-9,1,-4.495012007055266e-8,-0.9984407424926758,-5.007512626775679e-9,-0.055821679532527924]}},{"t":6.172122240066528,"j":false,"c":{"p":[-507.9446105957031,83.16692352294922,244.28990173339844],"r":[-0.013962017372250557,-1.665757842772564e-8,0.9999025464057922,2.4381041630050504e-9,1,1.6693245896703957e-8,-0.9999025464057922,2.670937915283389e-9,-0.013962017372250557]}},{"t":6.237952947616577,"j":false,"c":{"p":[-510.0779113769531,83.16692352294922,244.30743408203125],"r":[-0.00698139937594533,-8.199005208098242e-8,0.9999756217002869,9.580977788914424e-9,1,8.205894630464172e-8,-0.9999756217002869,1.015363082501608e-8,-0.00698139937594533]}},{"t":6.304562091827393,"j":false,"c":{"p":[-512.3444213867188,83.16692352294922,244.32325744628906],"r":[-0.00698139937594533,-6.32136547551454e-8,0.9999756217002869,7.154377978935145e-9,1,6.326514778720593e-8,-0.9999756217002869,7.59588303367309e-9,-0.00698139937594533]}},{"t":6.371878385543823,"j":false,"c":{"p":[-514.3439331054688,83.16692352294922,244.33721923828125],"r":[-8.335337042808533e-8,8.642768989375327e-8,1,-9.930391620116552e-9,1,-8.642768989375327e-8,-1,-9.93039872554391e-9,-8.335337042808533e-8]}},{"t":6.437811851501465,"j":false,"c":{"p":[-516.4766235351562,83.16692352294922,244.2926483154297],"r":[0.04884984344244003,2.055104886267145e-8,0.9988061189651489,2.3369889357027773e-10,1,-2.0587043181308218e-8,-0.9988061189651489,1.239093716520756e-9,0.04884984344244003]}},{"t":6.5047712326049805,"j":false,"c":{"p":[-518.7390747070312,83.16692352294922,244.15855407714844],"r":[0.06279046833515167,-4.947434106838955e-8,0.9980267286300659,1.3277063892758179e-8,1,4.873683678852103e-8,-0.9980267286300659,1.01906554306197e-8,0.06279046833515167]}},{"t":6.570873737335205,"j":false,"c":{"p":[-520.7349243164062,83.16692352294922,244.03289794921875],"r":[0.06279046833515167,-1.1102439856358615e-7,0.9980267286300659,2.4821877886438415e-8,1,1.0968225439000889e-7,-0.9980267286300659,1.7885897207747803e-8,0.06279046833515167]}},{"t":6.63756251335144,"j":false,"c":{"p":[-522.8638305664062,83.16692352294922,243.89886474609375],"r":[0.06279046833515167,2.9563789638586968e-8,0.9980267286300659,-7.370438925846656e-9,1,-2.9158533365603034e-8,-0.9980267286300659,-5.525016888441314e-9,0.06279046833515167]}},{"t":6.704287767410278,"j":false,"c":{"p":[-524.9927368164062,83.16692352294922,243.76483154296875],"r":[0.06279046833515167,5.29138759475245e-8,0.9980267286300659,-1.173169561496934e-8,1,-5.228040222959862e-8,-0.9980267286300659,-8.425835140712934e-9,0.06279046833515167]}},{"t":6.7711098194122314,"j":false,"c":{"p":[-527.1205444335938,83.16692352294922,243.61441040039062],"r":[0.09063275903463364,-3.4829994888241345e-8,0.995884358882904,1.0442801290366788e-8,1,3.402356441029042e-8,-0.995884358882904,7.316173000759818e-9,0.09063275903463364]}},{"t":6.837902069091797,"j":false,"c":{"p":[-529.2421875,83.16692352294922,243.3923797607422],"r":[0.12533320486545563,-1.227196975150946e-7,0.9921147227287292,3.552891314484441e-8,1,1.1920672449150516e-7,-0.9921147227287292,2.0308196013729685e-8,0.12533320486545563]}},{"t":6.904608249664307,"j":false,"c":{"p":[-531.3583984375,83.16692352294922,243.12510681152344],"r":[0.12533320486545563,6.470136071357047e-8,0.9921147227287292,-1.808509075829079e-8,1,-6.293092980058645e-8,-0.9921147227287292,-1.005514960183973e-8,0.12533320486545563]}},{"t":6.9723803997039795,"j":false,"c":{"p":[-533.6068725585938,83.16692352294922,242.841064453125],"r":[0.12533320486545563,2.4061987957679776e-8,0.9921147227287292,-7.127925361061216e-9,1,-2.335276505505135e-8,-0.9921147227287292,-4.144842691289341e-9,0.12533320486545563]}},{"t":7.038127422332764,"j":false,"c":{"p":[-535.593505859375,83.16692352294922,242.61160278320312],"r":[0.06975636631250381,-7.612206331941707e-8,0.9975640773773193,1.8853363314974558e-8,1,7.