{"v":1,"d":[{"t":0,"j":false,"c":{"p":[-454.5206604003906,113.75618743896484,54.481117248535156],"r":[-0.998440682888031,-6.043993749926813e-9,0.05582270398736,-8.706069642983039e-9,1,-4.744485693208844e-8,-0.05582270398736,-4.7856872242846293e-8,-0.998440682888031]}},{"t":0.0688016414642334,"j":false,"c":{"p":[-454.6398010253906,113.81336975097656,56.611122131347656],"r":[-0.998440682888031,-5.154012772123906e-9,0.05582270398736,-7.908139920687063e-9,1,-4.9116145817151846e-8,-0.05582270398736,-4.9481013064678336e-8,-0.998440682888031]}},{"t":0.130324125289917,"j":false,"c":{"p":[-454.7440490722656,113.81831359863281,58.474876403808594],"r":[-0.998440682888031,3.018085337203047e-9,0.05582270398736,3.7367184901881956e-9,1,1.2769117319066936e-8,-0.05582270398736,1.2957799278012772e-8,-0.998440682888031]}},{"t":0.1935257911682129,"j":false,"c":{"p":[-454.8631896972656,113.81892395019531,60.604881286621094],"r":[-0.998440682888031,1.2327745047002736e-8,0.05582270398736,1.7002548702294007e-8,1,8.32688442642393e-8,-0.05582270398736,8.408813556570749e-8,-0.998440682888031]}},{"t":0.25795793533325195,"j":false,"c":{"p":[-454.9823303222656,113.81896209716797,62.734886169433594],"r":[-0.998440682888031,6.944392616503592e-9,0.0558224655687809,9.74246816554114e-9,1,4.985241019994646e-8,-0.0558224655687809,5.031852623460509e-8,-0.998440682888031]}},{"t":0.3278336524963379,"j":false,"c":{"p":[-455.1014709472656,113.81896209716797,64.8648910522461],"r":[-0.998440682888031,-1.224163526103439e-8,0.0558229461312294,-1.6941536173931127e-8,1,-8.371976889520738e-8,-0.0558229461312294,-8.453494615423551e-8,-0.998440682888031]}},{"t":0.39344334602355957,"j":false,"c":{"p":[-455.2206115722656,113.81896209716797,66.9948959350586],"r":[-0.9980266690254211,4.146957499617798e-10,0.06279130280017853,3.8117725642550226e-10,1,-5.45786860151054e-10,-0.06279130280017853,-5.207752007407862e-10,-0.9980266690254211]}},{"t":0.45995163917541504,"j":false,"c":{"p":[-455.3539123535156,114.4806137084961,69.12406921386719],"r":[-0.9980266094207764,1.2914756375437264e-8,0.06279201805591583,1.8114860722562298e-8,1,8.224544245649668e-8,-0.06279201805591583,8.322061262333591e-8,-0.9980266094207764]}},{"t":0.5187885761260986,"j":true,"c":{"p":[-455.4817199707031,114.74604034423828,70.98637390136719],"r":[-0.9975640177726746,7.758853115547026e-9,0.06975707411766052,1.1378745945478386e-8,1,5.1495476327545475e-8,-0.06975707411766052,5.2163780850378316e-8,-0.9975640177726746]}},{"t":0.5251412391662598,"j":false,"c":{"p":[-455.5003356933594,115.18557739257812,71.25239562988281],"r":[-0.9975640177726746,4.159018462956965e-9,0.06975707411766052,6.093836546483544e-9,1,2.7523716639166196e-8,-0.06975707411766052,2.788175734735887e-8,-0.9975640177726746]}},{"t":0.5270259380340576,"j":true,"c":{"p":[-455.5003356933594,115.18557739257812,71.25239562988281],"r":[-0.9975640177726746,4.159018462956965e-9,0.06975707411766052,6.093836546483544e-9,1,2.7523716639166196e-8,-0.06975707411766052,2.788175734735887e-8,-0.9975640177726746]}},{"t":0.5360922813415527,"j":true,"c":{"p":[-455.5189514160156,115.61148834228516,71.51841735839844],"r":[-0.9975640177726746,5.607196928991698e-10,0.06975707411766052,8.111843419200682e-10,1,3.5621992022782933e-9,-0.06975707411766052,3.610107546236918e-9,-0.9975640177726746]}},{"t":0.5900318622589111,"j":false,"c":{"p":[-455.63995361328125,118.04782104492188,73.24755859375],"r":[-0.9975640177726746,-2.0220502605639012e-8,0.06975707411766052,-2.969662560303732e-8,1,-1.3480757843353786e-7,-0.06975707411766052,-1.3655072450546868e-7,-0.9975640177726746]}},{"t":0.6111066341400146,"j":true,"c":{"p":[-455.67718505859375,118.68164825439453,73.77960205078125],"r":[-0.9975640177726746,-1.7116851935838895e-8,0.06975729763507843,-2.5136037251627386e-8,1,-1.1408058497863749e-7,-0.06975729763507843,-1.1555611223457163e-7,-0.9975640177726746]}},{"t":0.6578993797302246,"j":false,"c":{"p":[-455.78887939453125,120.2561264038086,75.375732421875],"r":[-0.9975640177726746,-7.821924441486772e-9,0.06975656747817993,-1.1477635730727798e-8,1,-5.200588404363771e-8,-0.06975656747817993,-5.267984093393352e-8,-0.9975640177726746]}},{"t":0.7190806865692139,"j":false,"c":{"p":[-455.9400634765625,121.59243774414062,77.50373077392578],"r":[-0.9970686435699463,5.529718016816787e-9,0.07651197165250778,7.293977866140722e-9,1,2.2779161668040615e-8,-0.07651197165250778,2.3270464666325097e-8,-0.9970686435699463]}},{"t":0.779900074005127,"j":false,"c":{"p":[-456.08319091796875,122.04639434814453,79.36492156982422],"r":[-0.9965137243270874,1.9744982537872602e-8,0.08342903107404709,2.5244611734365208e-8,1,6.48649347567698e-8,-0.08342903107404709,6.674493135960802e-8,-0.9965137243270874]}},{"t":0.8422231674194336,"j":false,"c":{"p":[-456.2389221191406,121.83272552490234,81.22508239746094],"r":[-0.996492862701416,3.630882616789677e-8,0.08367782831192017,4.4183785519180674e-8,1,9.225860253536666e-8,-0.08367782831192017,9.56322452339009e-8,-0.996492862701416]}},{"t":0.9099252223968506,"j":false,"c":{"p":[-456.41583251953125,120.67572784423828,83.48480224609375],"r":[-0.9975597262382507,6.034521504716395e-8,0.06981861591339111,6.797571927563695e-8,1,1.0691451279853936e-7,-0.06981861591339111,1.113995793389222e-7,-0.9975597262382507]}},{"t":0.9772424697875977,"j":false,"c":{"p":[-456.5133972167969,118.68753051757812,85.61552429199219],"r":[-0.9998968243598938,8.69424710003841e-8,0.014366049319505692,8.581505284155355e-8,1,-7.909466859246095e-8,-0.014366049319505692,-7.78536772827465e-8,-0.9998968243598938]}},{"t":1.0400075912475586,"j":false,"c":{"p":[-456.5413513183594,116.03164672851562,87.61537170410156],"r":[-0.9999024868011475,-3.727186737023658e-8,0.013963604345917702,-3.862767172790882e-8,1,-9.682572965630243e-8,-0.013963604345917702,-9.735566663948703e-8,-0.9999024868011475]}},{"t":1.1046826839447021,"j":false,"c":{"p":[-456.5661315917969,112.35395050048828,89.74858856201172],"r":[-0.9999753832817078,-1.297896119467623e-7,0.0070158010348677635,-1.300494716360845e-7,1,-3.658358593838784e-8,-0.0070158010348677635,-3.749508792338929e-8,-0.9999753832817078]}},{"t":1.1698355674743652,"j":false,"c":{"p":[-456.5812683105469,107.80425262451172,91.88188934326172],"r":[-0.9999756217002869,1.226215573524314e-9,0.006982721388339996,1.6554255743983504e-9,1,6.146164821529965e-8,-0.006982721388339996,6.147170950043801e-8,-0.9999756217002869]}},{"t":1.2322461605072021,"j":false,"c":{"p":[-456.5945129394531,103.10796356201172,93.74852752685547],"r":[-0.9999756217002869,8.160263575973659e-8,0.006982628256082535,8.234373183313437e-8,1,1.0584641785271742e-7,-0.006982628256082535,1.0641881686979104e-7,-0.9999756217002869]}},{"t":1.296283483505249,"j":false,"c":{"p":[-456.5873718261719,97.33535766601562,95.74842071533203],"r":[-0.9996227622032166,3.7400031516199306e-8,-0.02746475115418434,3.87439449411886e-8,1,-4.840023848373676e-8,0.02746475115418434,-4.9446072125647333e-8,-0.9996227622032166]}},{"t":1.3604297637939453,"j":false,"c":{"p":[-456.5064392089844,90.33317565917969,97.88011169433594],"r":[-0.9980698823928833,-1.8078704755453145e-8,-0.0621006153523922,-9.227278496837243e-9,1,-1.4282042570812337e-7,0.0621006153523922,-1.419717534645315e-7,-0.9980698823928833]}},{"t":1.4266295433044434,"j":false,"c":{"p":[-456.32806396484375,82.45899200439453,100.00575256347656],"r":[-0.9938455820083618,-2.580726032874736e-8,-0.11077441275119781,-1.121423220951101e-8,1,-1.3235950291345944e-7,0.11077441275119781,-1.3030265222369053e-7,-0.9938455820083618]}},{"t":1.4906470775604248,"j":false,"c":{"p":[-456.0660400390625,74.28499603271484,101.98833465576172],"r":[-0.9882732629776001,-6.946968778009932e-9,-0.15269581973552704,1.2154351303195199e-8,1,-1.2416049344210478e-7,0.15269581973552704,-1.245604153155e-7,-0.9882732629776001]}},{"t":1.552116870880127,"j":false,"c":{"p":[-455.73931884765625,67.2973403930664,103.96139526367188],"r":[-0.983586847782135,7.137754831632037e-9,-0.18043532967567444,2.95667170746583e-8,1,-1.2161520146491966e-7,0.18043532967567444,-1.2495399914769223e-7,-0.983586847782135]}},{"t":1.61716628074646,"j":false,"c":{"p":[-455.3177795410156,67.8853530883789,106.0524673461914],"r":[-0.9751494526863098,1.1090336426988756e-9,-0.22154806554317474,-1.7152965270383902e-8,1,8.05050532903806e-8,0.22154806554317474,8.230466619352228e-8,-0.9751494526863098]}},{"t":1.682182788848877,"j":false,"c":{"p":[-454.8317565917969,67.95773315429688,108.12969207763672],"r":[-0.9719610810279846,-3.3382718811481027e-9,-0.2351417988538742,-1.347799205575484e-8,1,4.1514574888879e-8,0.2351417988538742,4.351979043804022e-8,-0.9719610810279846]}},{"t":1.7464969158172607,"j":false,"c":{"p":[-454.3929748535156,67.9638900756836,109.94400024414062],"r":[-0.9719613194465637,-8.147426733273733e-9,-0.2351408749818802,-6.597490997961586e-9,1,-7.3782189247140195e-9,0.2351408749818802,-5.620003129536144e-9,-0.9719613194465637]}},{"t":1.8116099834442139,"j":false,"c":{"p":[-453.9228515625,67.96464538574219,111.88789367675781],"r":[-0.9702960848808289,-1.3640699236816545e-8,-0.24192048609256744,8.001753704078851e-10,1,-5.9594398749140964e-8,0.24192048609256744,-5.801778968361759e-8,-0.9702960848808289]}},{"t":1.8720800876617432,"j":false,"c":{"p":[-453.38824462890625,67.96470642089844,113.95304107666016],"r":[-0.963162899017334,-2.144656185976146e-8,-0.26891860365867615,9.821723878644661e-9,1,-1.1492875984231432e-7,0.26891860365867615,-1.1333636251720236e-7,-0.963162899017334]}},{"t":1.9067251682281494,"j":true,"c":{"p":[-453.1377868652344,67.96470642089844,114.8521499633789],"r":[-0.9631627202033997,-1.7920365635859525e-8,-0.26891928911209106,1.0443485187749957e-8,1,-1.0404289696452906e-7,0.26891928911209106,-1.0301869224349502e-7,-0.9631627202033997]}},{"t":1.9164657592773438,"j":true,"c":{"p":[-453.03021240234375,68.61890411376953,115.2374267578125],"r":[-0.9631626605987549,-1.0081021351027175e-8,-0.26891952753067017,6.819796283252799e-9,1,-6.19129281176356e-8,0.26891952753067017,-6.146619568880851e-8,-0.9631626605987549]}},{"t":1.9270274639129639,"j":true,"c":{"p":[-452.95849609375,69.03800201416016,115.49427032470703],"r":[-0.9631626009941101,-4.8575792277461005e-9,-0.2689197361469269,4.405283693387219e-9,1,-3.384126046057645e-8,0.2689197361469269,-3.377930468673185e-8,-0.9631626009941101]}},{"t":1.9335572719573975,"j":false,"c":{"p":[-452.88677978515625,69.4434814453125,115.75110626220703],"r":[-0.9631627798080444,3.6367173161799826e-10,-0.26891905069351196,1.9918209304137235e-9,1,-5.781576550845102e-9,0.26891905069351196,-6.1042375598674425e-9,-0.9631627798080444]}},{"t":1.9978983402252197,"j":false,"c":{"p":[-452.3091125488281,72.19679260253906,117.80470275878906],"r":[-0.9612697958946228,2.1054036736245507e-8,-0.27560919523239136,-9.101659870225376e-9,1,1.0813567286049874e-7,0.27560919523239136,1.0645605641457223e-7,-0.9612697958946228]}},{"t":1.9997615814208984,"j":true,"c":{"p":[-452.3091125488281,72.19679260253906,117.80470275878906],"r":[-0.9612697958946228,2.1054036736245507e-8,-0.27560919523239136,-9.101659870225376e-9,1,1.0813567286049874e-7,0.27560919523239136,1.0645605641457223e-7,-0.9612697958946228]}},{"t":2.067016363143921,"j":false,"c":{"p":[-451.7212219238281,74.0781021118164,119.85536193847656],"r":[-0.9612619876861572,3.945499482682635e-9,-0.27563634514808655,-6.333385371704026e-9,1,3.64013779119432e-8,0.27563634514808655,3.6736970798756374e-8,-0.9612619876861572]}},{"t":2.1290817260742188,"j":false,"c":{"p":[-451.1700744628906,75.04987335205078,121.7778549194336],"r":[-0.961262047290802,-1.2044990782555942e-8,-0.27563613653182983,-3.747838484002841e-9,1,-3.0628552138978193e-8,0.27563613653182983,-2.840902446621385e-8,-0.961262047290802]}},{"t":2.1893441677093506,"j":false,"c":{"p":[-450.6189270019531,75.25524139404297,123.70034790039062],"r":[-0.9612616896629333,-2.798438458739838e-8,-0.27563732862472534,-1.1704953672975194e-9,1,-9.744410078837973e-8,0.27563732862472534,-9.334664952120875e-8,-0.9612616896629333]}},{"t":2.2579569816589355,"j":false,"c":{"p":[-449.978271484375,75.57028198242188,125.87452697753906],"r":[-0.9573196172714233,-1.1020575563236434e-8,-0.28903132677078247,1.7403729568599147e-9,1,-4.389374907987076e-8,0.28903132677078247,-4.25233679379744e-8,-0.9573196172714233]}},{"t":2.319331645965576,"j":false,"c":{"p":[-449.37994384765625,76.09102630615234,127.78288269042969],"r":[-0.951056957244873,2.633411000374508e-8,-0.3090156018733978,6.098291316369853e-11,1,8.503166526452333e-8,0.3090156018733978,8.08511160244052e-8,-0.951056957244873]}},{"t":2.361488103866577,"j":true,"c":{"p":[-449.0096435546875,76.13715362548828,128.92431640625],"r":[-0.951056957244873,1.3717544433689e-8,-0.3090156018733978,-1.150834538776735e-9,1,4.793302821326506e-8,0.3090156018733978,4.5942666559994905e-8,-0.951056957244873]}},{"t":2.3696775436401367,"j":true,"c":{"p":[-448.92724609375,76.57669067382812,129.17791748046875],"r":[-0.951056957244873,1.0917154291689712e-8,-0.3090156018733978,-1.4198138220677947e-9,1,3.969857331753701e-8,0.3090156018733978,3.819434724050552e-8,-0.951056957244873]}},{"t":2.3795485496520996,"j":true,"c":{"p":[-448.8448486328125,77.00260162353516,129.4315185546875],"r":[-0.951056957244873,8.117960526021761e-9,-0.3090156316757202,-1.6886788634096206e-9,1,3.1467632055637296e-8,0.3090156316757202,3.044933905016478e-8,-0.951056957244873]}},{"t":2.3865222930908203,"j":false,"c":{"p":[-448.762451171875,77.4148941040039,129.68511962890625],"r":[-0.951056957244873,5.3199626925959365e-9,-0.309015691280365,-1.9574288856460953e-9,1,2.3240207980279592e-8,0.309015691280365,2.2707638436259003e-8,-0.951056957244873]}},{"t":2.454561233520508,"j":false,"c":{"p":[-448.06640625,80.3692398071289,131.84213256835938],"r":[-0.9571892023086548,-2.2081112049932017e-8,-0.28946301341056824,-3.736063014514457e-9,1,-6.392869522642286e-8,0.28946301341056824,-6.011040198927731e-8,-0.9571892023086548]}},{"t":2.51497745513916,"j":false,"c":{"p":[-447.550537109375,82.06307220458984,133.635986328125],"r":[-0.9667292237281799,-3.454152874837746e-8,-0.255801796913147,2.3426063311404732e-9,1,-1.4388558611244662e-7,0.255801796913147,-1.396976472278766e-7,-0.9667292237281799]}},{"t":2.585050106048584,"j":false,"c":{"p":[-447.0054931640625,83.18138122558594,135.69847106933594],"r":[-0.9668237566947937,-6.43137854083875e-9,-0.2554444372653961,1.1338040728503529e-8,1,-6.809020902664997e-8,0.2554444372653961,-6.872747349007113e-8,-0.9668237566947937]}},{"t":2.653555154800415,"j":false,"c":{"p":[-446.3924560546875,83.39716339111328,138.01878356933594],"r":[-0.9684746861457825,2.4594616121476065e-8,-0.24911193549633026,2.1602335920078986e-8,1,1.4745578980068785e-8,0.24911193549633026,8.899320391719812e-9,-0.9684746861457825]}},{"t":2.7200767993927,"j":false,"c":{"p":[-445.8943786621094,82.73393249511719,139.9558563232422],"r":[-0.9685834050178528,4.458281921415619e-8,-0.24868884682655334,3.210987031820878e-8,1,5.4211241717894154e-8,0.24868884682655334,4.452274282584767e-8,-0.9685834050178528]}},{"t":2.782681703567505,"j":false,"c":{"p":[-445.4088439941406,82.70023345947266,141.89602661132812],"r":[-0.9766722917556763,6.207420710779843e-8,-0.2147352695465088,4.3118618009430065e-8,1,9.295840186496207e-8,0.2147352695465088,8.15308069945786e-8,-0.9766722917556763]}},{"t":2.8546652793884277,"j":false,"c":{"p":[-445.0332336425781,83.4973373413086,144.12969970703125],"r":[-0.9970528483390808,2.7512379929817143e-8,-0.07671810686588287,2.3285453565335956e-8,1,5.599137509193497e-8,0.07671810686588287,5.403994052244343e-8,-0.9970528483390808]}},{"t":2.9240145683288574,"j":false,"c":{"p":[-444.9771423339844,83.27310943603516,146.39405822753906],"r":[-0.998440682888031,-3.673514825663915e-8,0.055822599679231644,-4.06005504771656e-8,1,-6.811031028064463e-8,-0.055822599679231644,-7.027053072761191e-8,-0.998440682888031]}},{"t":2.9847850799560547,"j":false,"c":{"p":[-445.1502380371094,83.2940673828125,148.38609313964844],"r":[-0.9945217370986938,-9.241967191542244e-10,0.10452970862388611,-3.500851386561976e-9,1,-2.4466499937148e-8,-0.10452970862388611,-2.469841042795906e-8,-0.9945217370986938]}},{"t":3.055169105529785,"j":false,"c":{"p":[-445.39593505859375,83.29644012451172,150.639404296875],"r":[-0.9937677979469299,3.603052434186793e-8,0.11146999895572662,3.898548683878289e-8,1,2.432936874185998e-8,-0.11146999895572662,2.8523455597451175e-8,-0.9937677979469299]}},{"t":3.120528221130371,"j":false,"c":{"p":[-445.616455078125,83.50263214111328,152.60562133789062],"r":[-0.9937677979469299,6.845178290859621e-8,0.11146999895572662,7.641615695774817e-8,1,6.717617395679554e-8,-0.11146999895572662,7.527562218001549e-8,-0.9937677979469299]}},{"t":3.185847520828247,"j":false,"c":{"p":[-445.8123474121094,84.54347229003906,154.3626251220703],"r":[-0.9945217370986938,2.211173111277276e-8,0.10452970862388611,2.4841400048103424e-8,1,2.481191074821254e-8,-0.10452970862388611,2.7272648139842204e-8,-0.9945217370986938]}},{"t":3.2482657432556152,"j":false,"c":{"p":[-445.9979248046875,85.634521484375,156.2400360107422],"r":[-0.996492862701416,-5.127146707195607e-8,0.0836779773235321,-5.579455120141574e-8,1,-5.1714952320480734e-8,-0.0836779773235321,-5.6202356546464216e-8,-0.996492862701416]}},{"t":3.2513742446899414,"j":true,"c":{"p":[-445.9979248046875,85.634521484375,156.2400360107422],"r":[-0.996492862701416,-5.127146707195607e-8,0.0836779773235321,-5.579455120141574e-8,1,-5.1714952320480734e-8,-0.0836779773235321,-5.6202356546464216e-8,-0.996492862701416]}},{"t":3.259394407272339,"j":true,"c":{"p":[-446.02069091796875,86.07405853271484,156.4903106689453],"r":[-0.996492862701416,-4.499325712004065e-8,0.0836779773235321,-4.9007567781700345e-8,1,-4.591931102027047e-8,-0.0836779773235321,-4.985911772337204e-8,-0.996492862701416]}},{"t":3.270876884460449,"j":true,"c":{"p":[-446.054443359375,86.70781707763672,156.8798370361328],"r":[-0.996492862701416,-3.5580963952952516e-8,0.08367801457643509,-3.8832528304055813e-8,1,-3.723048891401959e-8,-0.08367801457643509,-4.034934519836497e-8,-0.996492862701416]}},{"t":3.316150665283203,"j":false,"c":{"p":[-446.1722106933594,88.76933288574219,158.34112548828125],"r":[-0.9970511794090271,4.126567698659045e-10,0.0767395943403244,-1.0576202136292068e-9,1,-1.9118660432582146e-8,-0.0767395943403244,-1.914344416320546e-8,-0.9970511794090271]}},{"t":3.357142448425293,"j":true,"c":{"p":[-446.2628479003906,90.14945983886719,159.5376434326172],"r":[-0.9975541234016418,3.1165292568857694e-8,0.06989822536706924,3.02499607585105e-8,1,-1.4153718197462695e-8,-0.06989822536706924,-1.2004681693156272e-8,-0.9975541234016418]}},{"t":3.3848013877868652,"j":false,"c":{"p":[-446.33734130859375,91.14460754394531,160.6017303466797],"r":[-0.9979989528656006,5.94607101334077e-8,0.06323052942752838,5.844105288588253e-8,1,-1.797549842308399e-8,-0.06323052942752838,-1.4244270651886382e-8,-0.9979989528656006]}},{"t":3.451493978500366,"j":false,"c":{"p":[-446.47039794921875,92.48091888427734,162.7309112548828],"r":[-0.9984311461448669,1.1980839076386474e-7,0.055993594229221344,1.1660257115408967e-7,1,-6.052049172922125e-8,-0.055993594229221344,-5.3896545892939685e-8,-0.9984311461448669]}},{"t":3.5190389156341553,"j":false,"c":{"p":[-446.5970153808594,92.94529724121094,164.99411010742188],"r":[-0.9984407424926758,5.40695914708067e-8,0.05582229793071747,5.169403038962628e-8,1,-4.3999701659913626e-8,-0.05582229793071747,-4.104541417859764e-8,-0.9984407424926758]}},{"t":3.5856876373291016,"j":false,"c":{"p":[-446.7161560058594,92.48310089111328,167.12423706054688],"r":[-0.9984407424926758,-1.1879541972348306e-7,0.055822234600782394,-1.1632338470235482e-7,1,4.753330529183586e-8,-0.055822234600782394,4.096575878520525e-8,-0.9984407424926758]}},{"t":3.653754711151123,"j":false,"c":{"p":[-446.85345458984375,91.25784301757812,169.11936950683594],"r":[-0.9945866465568542,-4.906992856490433e-8,0.10391039401292801,-5.7597709712808864e-8,1,-7.906797350187844e-8,-0.10391039401292801,-8.46249577080016e-8,-0.9945866465568542]}},{"t":3.726788282394409,"j":false,"c":{"p":[-447.12432861328125,88.94271087646484,171.3695526123047],"r":[-0.9862850308418274,7.399489732051734e-8,0.16505098342895508,4.8200135438492e-8,1,-1.6028879201712698e-7,-0.16505098342895508,-1.5013496579285857e-7,-0.9862850308418274]}},{"t":3.792191505432129,"j":false,"c":{"p":[-447.5592041015625,85.64317321777344,173.59390258789062],"r":[-0.9795764088630676,-1.506520419525259e-8,0.20107240974903107,-3.463200926034915e-8,1,-9.379452592384041e-8,-0.20107240974903107,-9.884244178692825e-8,-0.9795764088630676]}},{"t":3.8582568168640137,"j":false,"c":{"p":[-447.9686584472656,83.36529541015625,175.55157470703125],"r":[-0.9766721725463867,-1.0546036577352425e-7,0.2147357165813446,-1.1064508242952797e-7,1,-1.2124692361226153e-8,-0.2147357165813446,-3.560129968604997e-8,-0.9766721725463867]}},{"t":3.9244961738586426,"j":false,"c":{"p":[-448.4266357421875,83.26353454589844,177.63510131835938],"r":[-0.9766721725463867,2.549709776644704e-8,0.2147357165813446,3.467021869596465e-8,1,3.895178579682579e-8,-0.2147357165813446,4.5488057764941914e-8,-0.9766721725463867]}},{"t":3.987546682357788,"j":false,"c":{"p":[-448.85601806640625,83.28903198242188,179.58837890625],"r":[-0.9751493334770203,4.8786141348955425e-8,0.22154848277568817,5.1021729063904786e-8,1,4.367738171140445e-9,-0.22154848277568817,1.5562983790573526e-8,-0.9751493334770203]}},{"t":4.03569483757019,"j":true,"c":{"p":[-449.1835021972656,83.29519653320312,181.01800537109375],"r":[-0.9735786318778992,1.1787777864924465e-8,0.22835208475589752,9.146738366716534e-10,1,-4.772135753228213e-8,-0.22835208475589752,-4.625162475235811e-8,-0.9735786318778992]}},{"t":4.044861555099487,"j":true,"c":{"p":[-449.2443542480469,83.73473358154297,181.27764892578125],"r":[-0.9735786318778992,5.054240581614522e-9,0.22835208475589752,-8.21309686926952e-9,1,-5.715006778928e-8,-0.22835208475589752,-5.751556031441396e-8,-0.9735786318778992]}},{"t":4.0510759353637695,"j":false,"c":{"p":[-449.335693359375,84.36849212646484,181.6670684814453],"r":[-0.9720633625984192,-4.109733886537015e-9,0.23471862077713013,-2.1868199695518342e-8,1,-7.305573745952643e-8,-0.23471862077713013,-7.614767838504122e-8,-0.9720633625984192]}},{"t":4.053729295730591,"j":true,"c":{"p":[-449.335693359375,84.36849212646484,181.6670684814453],"r":[-0.9720633625984192,-4.109733886537015e-9,0.23471862077713013,-2.1868199695518342e-8,1,-7.305573745952643e-8,-0.23471862077713013,-7.614767838504122e-8,-0.9720633625984192]}},{"t":4.118443250656128,"j":false,"c":{"p":[-449.8697814941406,87.23080444335938,183.73233032226562],"r":[-0.96502685546875,-9.817867407946324e-9,0.2621511220932007,-4.1831142993942194e-8,1,-1.1653700937586109e-7,-0.2621511220932007,-1.2342742650162108e-7,-0.96502685546875]}},{"t":4.183351993560791,"j":false,"c":{"p":[-450.3929443359375,89.12226867675781,185.66262817382812],"r":[-0.968485414981842,1.8130291934426168e-8,0.24907036125659943,2.1210657674686217e-9,1,-6.45442952418307e-8,-0.24907036125659943,-6.198191471185055e-8,-0.968485414981842]}},{"t":4.249134302139282,"j":false,"c":{"p":[-450.84246826171875,90.29507446289062,187.74681091308594],"r":[-0.9901283979415894,3.591003761016509e-8,0.14016319811344147,1.31562778449279e-8,1,-1.6326421814483183e-7,-0.14016319811344147,-1.59808521971172e-7,-0.9901283979415894]}},{"t":4.317667007446289,"j":false,"c":{"p":[-451.1028747558594,90.59588623046875,189.86390686035156],"r":[-0.9974841475486755,4.322033841930306e-9,0.07089018076658249,-7.482853447982052e-9,1,-1.6625801890768344e-7,-0.07089018076658249,-1.6637019939480524e-7,-0.9974841475486755]}},{"t":4.384690046310425,"j":false,"c":{"p":[-451.1639099121094,90.02468872070312,191.99574279785156],"r":[-0.9999754428863525,1.4409689441663431e-8,0.007011857349425554,1.3582089231078953e-8,1,-1.1807628652604762e-7,-0.007011857349425554,-1.1797814636338444e-7,-0.9999754428863525]}},{"t":4.452012300491333,"j":false,"c":{"p":[-451.17999267578125,88.46234130859375,194.2623748779297],"r":[-0.9999756217002869,1.1399281518720272e-8,0.006981802172958851,1.20338032871814e-8,1,9.084033791850743e-8,-0.006981802172958851,9.092214270367549e-8,-0.9999756217002869]}},{"t":4.516589164733887,"j":false,"c":{"p":[-451.2068786621094,86.26629638671875,196.26214599609375],"r":[-0.9996184706687927,-4.2323974880353887e-10,0.027621861547231674,1.7532323370872405e-9,1,7.877105900888637e-8,-0.027621861547231674,7.878942653860577e-8,-0.9996184706687927]}},{"t":4.584467887878418,"j":false,"c":{"p":[-451.3236083984375,83.14879608154297,198.4976348876953],"r":[-0.9975640177726746,-1.640940272551461e-9,0.06975675374269485,-9.021598579295187e-9,1,-1.0549059226150348e-7,-0.06975675374269485,-1.0586293797132384e-7,-0.9975640177726746]}},{"t":4.596621513366699,"j":true,"c":{"p":[-451.3421936035156,83.12789154052734,198.76365661621094],"r":[-0.9975639581680298,-9.452667537601656e-10,0.0697573646903038,-7.96157806348674e-9,1,-1.0030362318502739e-7,-0.0697573646903038,-1.0061466326760637e-7,-0.9975639581680298]}},{"t":4.6048688888549805,"j":true,"c":{"p":[-451.3608093261719,83.56742858886719,199.02967834472656],"r":[-0.9975640177726746,-2.4996571479363183e-10,0.06975729018449783,-6.90201362729681e-9,1,-9.511887100188687e-8,-0.06975729018449783,-9.536862677350655e-8,-0.9975640177726746]}},{"t":4.613904714584351,"j":true,"c":{"p":[-451.3794250488281,83.99333953857422,199.2957000732422],"r":[-0.9975639581680298,4.4506121010812194e-10,0.06975748389959335,-5.842904382546976e-9,1,-8.993632860665457e-8,-0.06975748389959335,-9.012482848902437e-8,-0.9975639581680298]}},{"t":4.6476850509643555,"j":false,"c":{"p":[-451.46319580078125,85.74134826660156,200.4927978515625],"r":[-0.9975639581680298,3.5689071697930785e-9,0.06975740939378738,-1.0825266238967401e-9,1,-6.664233609399162e-8,-0.06975740939378738,-6.655550777168173e-8,-0.9975639581680298]}},{"t":4.71040678024292,"j":false,"c":{"p":[-451.60418701171875,88.04155731201172,202.48785400390625],"r":[-0.9970635771751404,9.366888598094647e-9,0.0765780583024025,7.052481709735048e-9,1,-3.049326835480315e-8,-0.0765780583024025,-2.986366354207348e-8,-0.9970635771751404]}},{"t":4.777665376663208,"j":false,"c":{"p":[-451.7613830566406,89.6503677368164,204.61529541015625],"r":[-0.9984032511711121,1.8833176795851614e-8,0.05648796632885933,1.7493945847490977e-8,1,-2.4202726933708618e-8,-0.05648796632885933,-2.317588432276807e-8,-0.9984032511711121]}},{"t":4.843347787857056,"j":false,"c":{"p":[-451.8699951171875,90.38716888427734,206.74583435058594],"r":[-0.9991155862808228,4.16531840130574e-8,0.04204881936311722,3.544230509078261e-8,1,-1.4845187479295419e-7,-0.04204881936311722,-1.4683027416140249e-7,-0.9991155862808228]}},{"t":4.913313627243042,"j":false,"c":{"p":[-451.9163513183594,90.2145767211914,209.0115966796875],"r":[-0.9996479153633118,2.197050985586202e-9,-0.026532968506217003,6.222386605969632e-9,1,-1.516281571412037e-7,0.026532968506217003,-1.517398686701199e-7,-0.9996479153633118]}},{"t":4.978542327880859,"j":false,"c":{"p":[-451.6872863769531,89.24478912353516,210.99424743652344],"r":[-0.9706504344940186,-5.669818392561865e-8,-0.24049483239650726,1.8719859440352593e-8,1,-3.113107425178896e-7,0.24049483239650726,-3.066759290959453e-7,-0.9706504344940186]}},{"t":5.039278268814087,"j":false,"c":{"p":[-451.20513916015625,87.50859069824219,212.935302734375],"r":[-0.9719024896621704,2.13749462574242e-8,-0.23538394272327423,-7.51644435581511e-9,1,1.2184432307549287e-7,0.23538394272327423,1.201900374780962e-7,-0.9719024896621704]}},{"t":5.10479211807251,"j":false,"c":{"p":[-450.8638610839844,85.00598907470703,214.9026336669922],"r":[-0.999015212059021,4.4978559543551455e-8,0.044369176030159,1.771183733012549e-8,1,-6.149351747808396e-7,-0.044369176030159,-6.135437047305459e-7,-0.999015212059021]}},{"t":5.1726908683776855,"j":false,"c":{"p":[-451.04669189453125,81.49179077148438,217.0137481689453],"r":[-0.9795345664024353,2.34268959786732e-8,0.201276034116745,8.534236428658915e-9,1,-7.485896702519312e-8,-0.201276034116745,-7.160920745263866e-8,-0.9795345664024353]}},{"t":5.235554218292236,"j":false,"c":{"p":[-451.4552001953125,77.10559844970703,219.1074981689453],"r":[-0.9822865128517151,-3.459788189275059e-8,0.1873852163553238,-1.0883123735538902e-8,1,1.275849683679553e-7,-0.1873852163553238,1.2328565901498223e-7,-0.9822865128517151]}},{"t":5.297355890274048,"j":false,"c":{"p":[-451.8301086425781,72.20159149169922,221.07199096679688],"r":[-0.9822871088981628,-1.2135722649020408e-8,0.18738199770450592,-7.286284908758489e-9,1,2.656871700423835e-8,-0.18738199770450592,2.4732790038228814e-8,-0.9822871088981628]}},{"t":5.358182191848755,"j":false,"c":{"p":[-452.2112121582031,68.22750091552734,223.0352783203125],"r":[-0.9766721129417419,1.1483558104430358e-8,0.214736208319664,-4.544018050722798e-9,1,-7.4144807626908e-8,-0.214736208319664,-7.33909288896939e-8,-0.9766721129417419]}},{"t":5.424047470092773,"j":false,"c":{"p":[-452.7865905761719,68.58045196533203,224.93890380859375],"r":[-0.9077774882316589,1.666163385038999e-8,0.41945213079452515,2.194062487248516e-9,1,-3.497398637364313e-8,-0.41945213079452515,-3.0828292807427715e-8,-0.9077774882316589]}},{"t":5.436535835266113,"j":true,"c":{"p":[-452.8953552246094,68.57127380371094,225.1819610595703],"r":[-0.8894162178039551,1.1982423941958587e-8,0.4570982754230499,6.3927290128162895e-9,1,-1.3775216523015388e-8,-0.4570982754230499,-9.32979560275271e-9,-0.8894162178039551]}},{"t":5.445697069168091,"j":true,"c":{"p":[-453.06060791015625,69.22547149658203,225.54588317871094],"r":[-0.876306414604187,3.309686080754659e-9,0.48175421357154846,1.3572305057607537e-8,1,1.7817823660948306e-8,-0.48175421357154846,2.2152388368112952e-8,-0.876306414604187]}},{"t":5.453609466552734,"j":true,"c":{"p":[-453.1774597167969,69.64456939697266,225.78521728515625],"r":[-0.866400957107544,-8.083677824344271e-12,0.4993489980697632,1.9068700396474014e-8,1,3.310154639279972e-8,-0.4993489980697632,3.8201147134486746e-8,-0.866400957107544]}},{"t":5.488332986831665,"j":false,"c":{"p":[-453.7005310058594,71.18473052978516,226.7142791748047],"r":[-0.88271164894104,2.758110362321986e-8,0.4699150621891022,4.4840124502343315e-8,1,2.5536094128142395e-8,-0.4699150621891022,4.3612057964992346e-8,-0.88271164894104]}},{"t":5.552301645278931,"j":false,"c":{"p":[-454.5948791503906,73.61103820800781,228.64918518066406],"r":[-0.9270907640457153,5.651039813869829e-8,0.37483692169189453,-4.86531037680038e-9,1,-1.627934125281172e-7,-0.37483692169189453,-1.527479582819069e-7,-0.9270907640457153]}},{"t":5.618975877761841,"j":false,"c":{"p":[-455.39422607421875,75.16534423828125,230.62716674804688],"r":[-0.9271838068962097,-1.928475157342291e-8,0.3746066987514496,-2.5198298558848364e-8,1,-1.0887961643391009e-8,-0.3746066987514496,-1.9534592610170876e-8,-0.9271838068962097]}},{"t":5.687384605407715,"j":false,"c":{"p":[-456.1940612792969,75.84764862060547,232.60496520996094],"r":[-0.9245802760124207,-9.95349438426274e-8,0.380987286567688,-4.3175308661602685e-8,1,1.5647741236080037e-7,-0.380987286567688,1.2822668793432968e-7,-0.9245802760124207]}},{"t":5.754877090454102,"j":false,"c":{"p":[-457.0174560546875,75.657958984375,234.57293701171875],"r":[-0.9218632578849792,1.3744956284256205e-8,0.3875153064727783,9.9413854925956e-9,1,-1.1819813572344628e-8,-0.3875153064727783,-7.043813088358775e-9,-0.9218632578849792]}},{"t":5.815744638442993,"j":false,"c":{"p":[-457.80145263671875,74.68817138671875,236.4127960205078],"r":[-0.9020569920539856,9.195672134865163e-8,0.43161699175834656,3.860877839656496e-8,1,-1.323613503245724e-7,-0.43161699175834656,-1.0273327433196755e-7,-0.9020569920539856]}},{"t":5.87589168548584,"j":false,"c":{"p":[-458.7794189453125,72.95197296142578,238.15231323242188],"r":[-0.7709684371948242,3.788493074807775e-7,0.6368733644485474,2.546507893441685e-8,1,-5.640313247567974e-7,-0.6368733644485474,-4.186323110388912e-7,-0.7709684371948242]}},{"t":5.939648628234863,"j":false,"c":{"p":[-460.1753234863281,70.44937133789062,239.56512451171875],"r":[-0.5483249425888062,1.962302462743537e-7,0.8362653851509094,1.6276604952736307e-8,1,-2.2397840382382128e-7,-0.8362653851509094,-1.0920138748815589e-7,-0.5483249425888062]}},{"t":6.003772735595703,"j":false,"c":{"p":[-461.9458312988281,68.20948791503906,240.4835662841797],"r":[-0.34202003479003906,1.7482967962223483e-8,0.9396926760673523,-3.279001248301938e-8,1,-3.0539570872178956e-8,-0.9396926760673523,-4.125767816276493e-8,-0.34202003479003906]}},{"t":6.06636905670166,"j":false,"c":{"p":[-463.8368835449219,67.91002655029297,241.13343811035156],"r":[-0.24868978559970856,1.1547951572765669e-7,0.9685831665992737,-1.9332000888994116e-8,1,-1.2418880146469746e-7,-0.9685831665992737,-4.9609141683504276e-8,-0.24868978559970856]}},{"t":6.130474805831909,"j":false,"c":{"p":[-465.9429016113281,67.95068359375,241.41761779785156],"r":[-0.006981251295655966,-5.1953193747067417e-8,0.9999756217002869,4.96074115119427e-8,1,5.230079125340126e-8,-0.9999756217002869,4.997132663220327e-8,-0.006981251295655966]}},{"t":6.198343992233276,"j":false,"c":{"p":[-468.0754089355469,67.95455169677734,241.38705444335938],"r":[0.06279072910547256,-5.169659900161605e-8,0.9980267286300659,2.7050535145178856e-9,1,5.162862493079956e-8,-0.9980267286300659,-5.420832116520558e-10,0.06279072910547256]}},{"t":6.261566162109375,"j":false,"c":{"p":[-470.07135009765625,67.95488739013672,241.26217651367188],"r":[0.06279060989618301,-2.1660191862338252e-8,0.9980267286300659,-6.014114717345365e-8,1,2.5486784238637483e-8,-0.9980267286300659,-6.16228064131974e-8,0.06279060989618301]}},{"t":6.326673269271851,"j":false,"c":{"p":[-472.20025634765625,67.90167999267578,241.12814331054688],"r":[0.06279060989618301,1.0272782624554111e-8,0.9980267286300659,-1.2695551276920014e-7,1,-2.3057185050134876e-9,-0.9980267286300659,-1.2656022363444208e-7,0.06279060989618301]}},{"t":6.37777042388916,"j":true,"c":{"p":[-473.6650695800781,67.32395935058594,241.0602569580078],"r":[-0.013961859978735447,6.140501440654589e-9,0.9999025464057922,3.997604913763553e-9,1,-6.085280723766573e-9,-0.9999025464057922,3.91225318807642e-9,-0.013961859978735447]}},{"t":6.389223337173462,"j":false,"c":{"p":[-474.0649719238281,67.98497009277344,241.05343627929688],"r":[-0.0836772471666336,6.077950143179578e-9,0.9964929223060608,4.4322959524834005e-8,1,-2.377465113667654e-9,-0.9964929223060608,4.3968572782659976e-8,-0.0836772471666336]}},{"t":6.392263889312744,"j":true,"c":{"p":[-474.0649719238281,67.98497009277344,241.05343627929688],"r":[-0.0836772471666336,6.077950143179578e-9,0.9964929223060608,4.4322959524834005e-8,1,-2.377465113667654e-9,-0.9964929223060608,4.3968572782659976e-8,-0.0836772471666336]}},{"t":6.403236389160156,"j":true,"c":{"p":[-474.597412109375,68.82317352294922,241.06918334960938],"r":[-0.10261073708534241,4.2766753693967985e-8,0.9947215914726257,9.979443404972699e-8,1,-3.2699375651645823e-8,-0.9947215914726257,9.591236960204697e-8,-0.10261073708534241]}},{"t":6.460888385772705,"j":false,"c":{"p":[-476.4394836425781,71.32769012451172,241.3546905517578],"r":[-0.23299695551395416,3.820476308646903e-7,0.9724774360656738,1.9221205960207044e-8,1,-3.882549037825811e-7,-0.9724774360656738,-7.177001748459588e-8,-0.23299695551395416]}},{"t":6.526239395141602,"j":false,"c":{"p":[-478.471923828125,73.37250518798828,241.9900360107422],"r":[-0.4476802945137024,3.241030412937107e-7,0.894193708896637,2.0351112794969595e-8,1,-3.5226398154009075e-7,-0.894193708896637,-1.3950381116956123e-7,-0.4476802945137024]}},{"t":6.589466571807861,"j":false,"c":{"p":[-480.23565673828125,74.49755859375,242.93145751953125],"r":[-0.4758412837982178,-3.199903275685756e-8,0.8795311450958252,-2.5221345012482743e-9,1,3.501740053479807e-8,-0.8795311450958252,1.4444429652371582e-8,-0.4758412837982178]}},{"t":6.651591777801514,"j":false,"c":{"p":[-482.0013122558594,74.85620880126953,243.8706512451172],"r":[-0.4456302225589752,-1.3923948927185847e-7,0.8952171206474304,-7.009238522925898e-9,1,1.520479742112002e-7,-0.8952171206474304,6.148238185232913e-8,-0.4456302225589752]}},{"t":6.714557409286499,"j":false,"c":{"p":[-483.79266357421875,74.77725219726562,244.66232299804688],"r":[-0.3288672864437103,8.501417170236891e-8,0.9443761706352234,-4.754161953002267e-9,1,-9.16770943604206e-8,-0.9443761706352234,-3.4639313639672764e-8,-0.3288672864437103]}},{"t":6.776930570602417,"j":false,"c":{"p":[-485.044921875,76.35173034667969,245.0359649658203],"r":[-0.1736481934785843,8.507723237016762e-8,0.9848077297210693,-3.5396177100466275e-9,1,-8.701381659648177e-8,-0.9848077297210693,-1.8595635253859655e-8,-0.1736481934785843]}},{"t":6.780402183532715,"j":true,"c":{"p":[-485.044921875,76.35173034667969,245.0359649658203],"r":[-0.1736481934785843,8.507723237016762e-8,0.9848077297210693,-3.5396177100466275e-9,1,-8.701381659648177e-8,-0.9848077297210693,-1.8595635253859655e-8,-0.1736481934785843]}},{"t":6.79114031791687,"j":true,"c":{"p":[-484.8687744140625,76.7999267578125,245.01194763183594],"r":[-0.1736481934785843,8.451223010297326e-8,0.9848077297210693,-3.337377041390255e-9,1,-8.640443383001184e-8,-0.9848077297210693,-1.8290648995389347e-8,-0.1736481934785843]}},{"t":6.80044150352478,"j":true,"c":{"p":[-484.6192626953125,77.44667053222656,244.97828674316406],"r":[-0.11537586897611618,1.9621361957433692e-7,0.9933218955993652,3.991829533589453e-9,1,-1.9706911302819208e-7,-0.9933218955993652,-1.877184985232816e-8,-0.11537586897611618]}},{"t":6.84193229675293,"j":false,"c":{"p":[-483.89459228515625,79.5558090209961,244.8743438720703],"r":[0.03301272168755531,2.455914227539324e-7,0.999454915523529,1.2972823704160419e-8,1,-2.461538599618507e-7,-0.999454915523529,2.1091961954766703e-8,0.03301272168755531]}},{"t":6.909671783447266,"j":false,"c":{"p":[-483.3761901855469,81.88789367675781,244.7382354736328],"r":[0.09036991745233536,1.8200307749793865e-7,0.995908260345459,1.403940341759835e-8,1,-1.8402479895485158e-7,-0.995908260345459,3.061226294676089e-8,0.09036991745233536]}},{"t":6.973846197128296,"j":false,"c":{"p":[-483.46722412109375,83.28226470947266,244.59922790527344],"r":[0.09758321940898895,-1.2317641129300227e-8,0.9952273964881897,-4.3526901527535244e-10,1,1.2419389072704234e-8,-0.9952273964881897,-1.6451155993024713e-9,0.09758321940898895]}},{"t":7.0391669273376465,"j":false,"c":{"p":[-484.17962646484375,83.92485046386719,244.43008422851562],"r":[0.11838050186634064,-1.557454822886939e-7,0.9929683208465576,-1.011527395178291e-8,1,1.5805431985427276e-7,-0.9929683208465576,-2.8754694625376942e-8,0.11838050186634064]}},{"t":7.106090784072876,"j":false,"c":{"p":[-485.526611328125,83.6954345703125,244.2271270751953],"r":[0.090886689722538,5.013941262177468e-8,0.9958612322807312,5.242462908228163e-9,1,-5.082624099372879e-8,-0.9958612322807312,9.840194437060745e-9,0.090886689722538]}},{"t":7.173992156982422,"j":false,"c":{"p":[-487.4806823730469,82.83810424804688,244.04437255859375],"r":[0.0627969279885292,9.358627295341648e-8,0.9980263113975525,7.270690272065394e-9,1,-9.42288238547917e-8,-0.9980263113975525,1.3173621304929384e-8,0.0627969279885292]}},{"t":7.240561485290527,"j":false,"c":{"p":[-489.5917663574219,82.91009521484375,243.93666076660156],"r":[0.027921970933675766,-8.620299496442385e-8,0.9996101260185242,-1.1202577532287705e-8,1,8.654954086750877e-8,-0.9996101260185242,-1.3614843474840654e-8,0.027921970933675766]}},{"t":7.301822900772095,"j":false,"c":{"p":[-491.5911865234375,83.13876342773438,243.89117431640625],"r":[0.006981784012168646,-3.938772863421036e-8,0.9999756217002869,-2.2801291965635073e-9,1,3.940461112961202e-8,-0.9999756217002869,-2.5551880611374145e-9,0.006981784012168646]}},{"t":7.369654417037964,"j":false,"c":{"p":[-493.7244873046875,83.16446685791016,243.88262939453125],"r":[-8.847558241598108e-9,1.056479437266944e-8,1,7.983507188669137e-9,1,-1.056479437266944e-8,-1,7.983507188669137e-9,-8.847558241598108e-9]}},{"t":7.430840253829956,"j":false,"c":{"p":[-495.7243957519531,83.16668701171875,243.87118530273438],"r":[0.020943056792020798,5.6948746163243413e-8,0.9997806549072266,1.72396958930