{"d":[{"t":0.06607460975646973,"c":{"r":[-0.4131055772304535,9.629971486901923e-8,0.9106831550598145,1.2030445528665724e-9,1,-1.0519875104364474e-7,-0.9106831550598145,-4.236259698586764e-8,-0.4131055772304535],"p":[-598.4293823242188,113.10563659667969,243.11154174804688]},"j":false},{"t":0.13337492942810059,"c":{"r":[-0.42577865719795229,2.7270491642639173e-8,0.904827356338501,-2.701586288011981e-9,1,-3.141015980645534e-8,-0.904827356338501,-1.5818244492038504e-8,-0.42577865719795229],"p":[-599.7402954101563,113.10563659667969,243.7231903076172]},"j":false},{"t":0.19936394691467286,"c":{"r":[-0.4320860207080841,-4.0950439483822268e-8,0.9018324017524719,-6.881699210481429e-9,1,4.211087656358359e-8,-0.9018324017524719,1.1989381931698518e-8,-0.4320860207080841],"p":[-601.6702880859375,113.10563659667969,244.6328125]},"j":false},{"t":0.2656896114349365,"c":{"r":[-0.47562476992607119,-1.0763804425550916e-7,0.8796482682228088,-1.3217952954391876e-8,1,1.1521793652491397e-7,-0.8796482682228088,4.3173354669079347e-8,-0.47562476992607119],"p":[-603.5782470703125,113.10563659667969,245.58670043945313]},"j":false},{"t":0.33338212966918948,"c":{"r":[-0.5533912181854248,4.976779166554479e-8,0.8329214453697205,1.1192756055322662e-8,1,-5.231444077935521e-8,-0.8329214453697205,-1.962766660312809e-8,-0.5533912181854248],"p":[-605.528564453125,113.10563659667969,246.74032592773438]},"j":false},{"t":0.39853596687316897,"c":{"r":[-0.6266037225723267,4.365661254723818e-8,0.7793380618095398,1.1610300276743147e-8,1,-4.668263642315651e-8,-0.7793380618095398,-2.0203163586529628e-8,-0.6266037225723267],"p":[-607.1218872070313,113.10563659667969,247.94732666015626]},"j":false},{"t":0.4654049873352051,"c":{"r":[-0.6266037225723267,-3.036726070604345e-8,0.7793380618095398,-4.519896013022162e-9,1,3.5331368053448389e-8,-0.7793380618095398,1.861623744048302e-8,-0.6266037225723267],"p":[-608.7840576171875,113.10563659667969,249.28399658203126]},"j":false},{"t":0.5317497253417969,"c":{"r":[-0.6266037225723267,-1.0413876339043782e-7,0.7793380618095398,-2.0595098959574899e-8,1,1.1706575975267697e-7,-0.7793380618095398,5.730329633024667e-8,-0.6266037225723267],"p":[-610.4461669921875,113.10563659667969,250.62066650390626]},"j":false},{"t":0.599449634552002,"c":{"r":[-0.6481200456619263,4.218581040049685e-8,0.7615381479263306,9.883342144689778e-9,1,-4.698414457493527e-8,-0.7615381479263306,-2.2924824705228276e-8,-0.6481200456619263],"p":[-612.0989379882813,113.10563659667969,251.96905517578126]},"j":false},{"t":0.6657505035400391,"c":{"r":[-0.679440975189209,3.1281778944958208e-8,0.7337301969528198,5.997670360358143e-9,1,-3.707999951529928e-8,-0.7337301969528198,-2.07929993223388e-8,-0.679440975189209],"p":[-613.8170776367188,113.10563659667969,253.4473419189453]},"j":false},{"t":0.7320497035980225,"c":{"r":[-0.7384557127952576,-5.020999793714509e-8,0.6743019819259644,-2.199399951052783e-8,1,5.03756538705602e-8,-0.6743019819259644,2.2369592400650619e-8,-0.7384557127952576],"p":[-615.2179565429688,113.10563659667969,254.87384033203126]},"j":false},{"t":0.7990424633026123,"c":{"r":[-0.7431454062461853,-5.836731631347902e-8,0.6691299676895142,-2.321299596985682e-8,1,6.144797737306362e-8,-0.6691299676895142,3.013227356518655e-8,-0.7431454062461853],"p":[-616.6531372070313,113.10563659667969,256.4522399902344]},"j":false},{"t":0.8653805255889893,"c":{"r":[-0.7569958567619324,1.0330326460916695e-7,0.6534196734428406,4.620060067850318e-8,1,-1.045723081460892e-7,-0.6534196734428406,-4.897242433798965e-8,-0.7569958567619324],"p":[-618.0582275390625,113.55301666259766,258.05743408203127]},"j":false},{"t":0.9312241077423096,"c":{"r":[-0.7569958567619324,-3.4815246241493016e-9,0.6534196734428406,-2.8056530432252204e-9,1,2.077771732444944e-9,-0.6534196734428406,-2.6040422596018688e-10,-0.7569958567619324],"p":[-619.4517822265625,114.78456115722656,259.67218017578127]},"j":false},{"t":0.9988923072814941,"c":{"r":[-0.756994903087616,-1.0990205367988892e-7,0.6534207463264465,-5.164482885788857e-8,1,1.0836384234380603e-7,-0.6534207463264465,4.828507371712476e-8,-0.756994903087616],"p":[-620.8453369140625,114.96220397949219,261.28692626953127]},"j":false},{"t":1.065270185470581,"c":{"r":[-0.7477981448173523,4.138641074291627e-8,0.6639261245727539,1.918775360820746e-8,1,-4.072417425504682e-8,-0.6639261245727539,-1.771421054286293e-8,-0.7477981448173523],"p":[-622.2472534179688,114.97787475585938,262.894775390625]},"j":false},{"t":1.1323432922363282,"c":{"r":[-0.7384546995162964,3.9703003551494478e-8,0.6743030548095703,1.807744709481085e-8,1,-3.9082763692022129e-8,-0.6743030548095703,-1.667117288661757e-8,-0.7384546995162964],"p":[-623.6707763671875,114.979248046875,264.4836730957031]},"j":false},{"t":1.1986877918243409,"c":{"r":[-0.7046340107917786,-8.142540508515595e-8,0.7095708847045898,-3.342216103874307e-8,1,8.156339248444056e-8,-0.7095708847045898,3.3756947459551159e-8,-0.7046340107917786],"p":[-625.14453125,114.9793701171875,266.0259094238281]},"j":false},{"t":1.235546588897705,"c":{"r":[-0.6996632814407349,-7.510576693903204e-8,0.7144727110862732,-3.048704400043789e-8,1,7.526543299718469e-8,-0.7144727110862732,3.087830080517051e-8,-0.6996632814407349],"p":[-625.903564453125,114.96915435791016,266.77532958984377]},"j":true},{"t":1.2422780990600587,"c":{"r":[-0.6996632814407349,-5.6726392472228329e-8,0.7144727110862732,-2.2930013443556164e-8,1,5.694143467849244e-8,-0.7144727110862732,2.345696259453689e-8,-0.6996632814407349],"p":[-626.0941162109375,115.40869140625,266.9619140625]},"j":true},{"t":1.2509276866912842,"c":{"r":[-0.6996629238128662,-3.835487660808212e-8,0.7144730687141419,-1.5376217632478985e-8,1,3.8625259435320916e-8,-0.7144730687141419,1.6038768535509008e-8,-0.6996629238128662],"p":[-626.28466796875,115.83460235595703,267.14849853515627]},"j":true},{"t":1.2655820846557618,"c":{"r":[-0.6996635794639587,-1.635354518469967e-9,0.7144724130630493,-2.7828406246044326e-10,1,2.016381950298296e-9,-0.7144724130630493,1.2119627523787813e-9,-0.6996635794639587],"p":[-626.665771484375,116.64556121826172,267.52166748046877]},"j":false},{"t":1.3316845893859864,"c":{"r":[-0.6946594715118408,1.3842621626736219e-7,0.7193387746810913,5.339110131785674e-8,1,-1.4087602551171586e-7,-0.7193387746810913,-5.945457459688441e-8,-0.6946594715118408],"p":[-628.1972045898438,119.34436798095703,269.00665283203127]},"j":false},{"t":1.39878249168396,"c":{"r":[-0.6946588754653931,3.001671089464253e-8,0.7193393111228943,1.062915089278249e-8,1,-3.1463699201594866e-8,-0.7193393111228943,-1.4210572274464539e-8,-0.6946588754653931],"p":[-629.7313842773438,121.17118072509766,270.48858642578127]},"j":false},{"t":1.4647130966186524,"c":{"r":[-0.6946592330932617,-7.8023056460097e-8,0.7193389534950256,-3.1987053006332647e-8,1,7.757532216601249e-8,-0.7193389534950256,3.0878879897500158e-8,-0.6946592330932617],"p":[-631.2655639648438,122.12598419189453,271.97052001953127]},"j":false},{"t":1.5317561626434327,"c":{"r":[-0.6946592330932617,-1.1936539578982775e-7,0.7193389534950256,-4.787420948559884e-8,1,1.1970591629051342e-7,-0.7193389534950256,4.871703040976172e-8,-0.6946592330932617],"p":[-632.7997436523438,122.20879364013672,273.45245361328127]},"j":false},{"t":1.598747730255127,"c":{"r":[-0.6896206140518189,4.644711282253411e-8,0.7241708636283875,1.56542885321187e-8,1,-4.9230916232545499e-8,-0.7241708636283875,-2.2614274897136967e-8,-0.6896206140518189],"p":[-634.3402099609375,121.41959381103516,274.92803955078127]},"j":false},{"t":1.6647074222564698,"c":{"r":[-0.6845482587814331,9.457369287702022e-8,0.728967547416687,3.2857233378535969e-8,1,-9.888140084512998e-8,-0.728967547416687,-4.37372342787512e-8,-0.6845482587814331],"p":[-635.8909912109375,119.7583999633789,276.39288330078127]},"j":false},{"t":1.7313096523284913,"c":{"r":[-0.684547483921051,1.6154812598756508e-8,0.7289683222770691,4.127937547337979e-9,1,-1.828480478138772e-8,-0.7289683222770691,-9.507680864828672e-9,-0.684547483921051],"p":[-637.4456787109375,117.22521209716797,277.85333251953127]},"j":false},{"t":1.798614501953125,"c":{"r":[-0.6896181702613831,-5.342295494870086e-8,0.7241731882095337,-2.4344961602196237e-8,1,5.058766205934262e-8,-0.7241731882095337,1.7256203577176167e-8,-0.6896181702613831],"p":[-638.99462890625,113.82001495361328,279.32012939453127]},"j":false},{"t":1.8660547733306885,"c":{"r":[-0.7188138961791992,-9.051610305732538e-8,0.6952025890350342,-5.100181965644879e-8,1,7.746704966393736e-8,-0.6952025890350342,2.0227790997751073e-8,-0.7188138961791992],"p":[-640.5292358398438,109.5428237915039,280.8018798828125]},"j":false},{"t":1.9326212406158448,"c":{"r":[-0.8247973918914795,1.0551406859349299e-7,0.5654284358024597,1.3314393143559755e-8,1,-1.6718719564323693e-7,-0.5654284358024597,-1.303672263475164e-7,-0.8247973918914795],"p":[-641.8775024414063,104.39363098144531,282.4501953125]},"j":false},{"t":1.968275785446167,"c":{"r":[-0.8475927710533142,1.0243115156072236e-7,0.5306472182273865,2.5817321613885725e-8,1,-1.5179307411017363e-7,-0.5306472182273865,-1.1495883001089169e-7,-0.8475927710533142],"p":[-642.4715576171875,101.49203491210938,283.3360290527344]},"j":true},{"t":1.9763622283935547,"c":{"r":[-0.8551540374755859,8.85953426177366e-8,0.518373966217041,2.3067400434229058e-8,1,-1.3285614386404632e-7,-0.518373966217041,-1.0165493335989595e-7,-0.8551540374755859],"p":[-642.6138305664063,100.73257446289063,283.56158447265627]},"j":true},{"t":1.99826979637146,"c":{"r":[-0.8694875836372376,5.308852024654698e-8,0.4939548373222351,1.420790507467018e-8,1,-8.246689731095103e-8,-0.4939548373222351,-6.468587798735826e-8,-0.8694875836372376],"p":[-643.0227661132813,99.6217269897461,284.2491455078125]},"j":false},{"t":2.0256946086883547,"c":{"r":[-0.8829472064971924,1.9061390688079883e-8,0.4694722890853882,4.233052131041859e-9,1,-3.264053916041121e-8,-0.4694722890853882,-2.6832571720092348e-8,-0.8829472064971924],"p":[-643.41455078125,99.80842590332031,284.94659423828127]},"j":true},{"t":2.034024477005005,"c":{"r":[-0.8894168138504028,7.809024538119047e-9,0.45709705352783205,4.872212633344475e-10,1,-1.6135921043769487e-8,-0.45709705352783205,-1.412885275442477e-8,-0.8894168138504028],"p":[-643.5433349609375,100.24796295166016,285.18011474609377]},"j":true},{"t":2.042448043823242,"c":{"r":[-0.8984639644622803,-6.024256649084236e-10,0.439047247171402,-3.3073028760099989e-9,1,-5.395927260565259e-9,-0.439047247171402,-6.300108434942331e-9,-0.8984639644622803],"p":[-643.6669921875,100.67387390136719,285.4163818359375]},"j":true},{"t":2.0660502910614015,"c":{"r":[-0.9315938353538513,5.108824652211297e-8,0.3635009825229645,2.2196668114649044e-10,1,-1.399761373477304e-7,-0.3635009825229645,-1.3032021684011853e-7,-0.9315938353538513],"p":[-644.005859375,101.869873046875,286.1407775878906]},"j":false},{"t":2.0686113834381105,"c":{"r":[-0.9315938353538513,5.108824652211297e-8,0.3635009825229645,2.2196668114649044e-10,1,-1.399761373477304e-7,-0.3635009825229645,-1.3032021684011853e-7,-0.9315938353538513],"p":[-644.005859375,101.869873046875,286.1407775878906]},"j":true},{"t":2.131782054901123,"c":{"r":[-0.9879848957061768,4.108331452812308e-8,0.1545504480600357,1.032772534159676e-8,1,-1.9980322463197809e-7,-0.1545504480600357,-1.958064075324728e-7,-0.9879848957061768],"p":[-644.6008911132813,104.45967864990235,288.1842041015625]},"j":false},{"t":2.1983652114868166,"c":{"r":[-0.9937668442726135,2.1585449871963648e-8,0.11147855967283249,6.698340992983276e-9,1,-1.3391688469255315e-7,-0.11147855967283249,-1.3233542972557189e-7,-0.9937668442726135],"p":[-644.8679809570313,106.177490234375,290.3003845214844]},"j":false},{"t":2.264744758605957,"c":{"r":[-0.9937679171562195,1.5782434914513034e-8,0.11146897822618485,4.85918016934761e-9,1,-9.82653389769439e-8,-0.11146897822618485,-9.711129678180441e-8,-0.9937679171562195],"p":[-645.1062622070313,107.0232925415039,292.4205017089844]},"j":false},{"t":2.331987142562866,"c":{"r":[-0.9937679171562195,1.0001114603142014e-8,0.11146897822618485,3.026904948910669e-9,1,-6.2735601602526e-8,-0.11146897822618485,-6.200722424409833e-8,-0.9937679171562195],"p":[-645.3445434570313,106.99710083007813,294.5406188964844]},"j":false},{"t":2.3993468284606935,"c":{"r":[-0.9937679171562195,4.239497197744413e-9,0.11146897822618485,1.2008526395490549e-9,1,-2.7327137885890808e-8,-0.11146897822618485,-2.702297585699398e-8,-0.9937679171562195],"p":[-645.5828247070313,106.09890747070313,296.6607360839844]},"j":false},{"t":2.465348720550537,"c":{"r":[-0.9945216774940491,1.3274317756106769e-10,0.10453032702207566,-2.1882080869506383e-10,1,-3.3518046116398638e-9,-0.10453032702207566,-3.3563156698335207e-9,-0.9945216774940491],"p":[-645.8119506835938,104.3287124633789,298.78173828125]},"j":false},{"t":2.531456708908081,"c":{"r":[-0.9952265024185181,-2.4963715539172428e-9,0.09759190678596497,-1.3103739204822774e-9,1,1.2216716527291283e-8,-0.09759190678596497,1.2030517915206929e-8,-0.9952265024185181],"p":[-646.0296630859375,101.6865234375,300.9038391113281]},"j":false},{"t":2.599727153778076,"c":{"r":[-0.995227575302124,-4.7872950048599709e-9,0.09758135676383972,-2.357922523898992e-9,1,2.501118778752698e-8,-0.09758135676383972,2.4661733988295965e-8,-0.995227575302124],"p":[-646.2506713867188,99.794921875,303.1595764160156]},"j":false},{"t":2.664560079574585,"c":{"r":[-0.995227575302124,-6.8019594401391718e-9,0.09758135676383972,-3.2791389603659128e-9,1,3.6261742053511628e-8,-0.09758135676383972,3.576870355459505e-8,-0.995227575302124],"p":[-646.4456787109375,99.99394989013672,305.1499328613281]},"j":false},{"t":2.7323927879333498,"c":{"r":[-0.995227575302124,-8.943825235974146e-9,0.09758135676383972,-4.258512209531773e-9,1,4.822270227577974e-8,-0.09758135676383972,4.757701077551246e-8,-0.995227575302124],"p":[-646.6536865234375,100.01620483398438,307.2729797363281]},"j":false},{"t":2.798203468322754,"c":{"r":[-0.995227575302124,-1.107837466207684e-8,0.09758135676383972,-5.23453280720787e-9,1,6.014287379230154e-8,-0.09758135676383972,5.934505153959435e-8,-0.995227575302124],"p":[-646.8616943359375,100.01815032958985,309.3960266113281]},"j":false},{"t":2.865032434463501,"c":{"r":[-0.995227575302124,-1.3205632143353796e-8,0.09758135676383972,-6.207211189490636e-9,1,7.202240936976523e-8,-0.09758135676383972,7.107298216624258e-8,-0.995227575302124],"p":[-647.0697021484375,100.01831817626953,311.5190734863281]},"j":false},{"t":2.9317235946655275,"c":{"r":[-0.995227575302124,-1.5325621660622347e-8,0.09758135676383972,-7.176558014521106e-9,1,8.386143690586323e-8,-0.09758135676383972,8.276091989500856e-8,-0.995227575302124],"p":[-647.2777099609375,100.01831817626953,313.6421203613281]},"j":false},{"t":2.9999818801879885,"c":{"r":[-0.9975641369819641,-1.5182061829932537e-8,0.0697549358010292,-8.48043413270716e-9,1,9.637001596729533e-8,-0.0697549358010292,9.554371871445255e-8,-0.9975641369819641],"p":[-647.4583740234375,100.01831817626953,315.9013977050781]},"j":false},{"t":3.064859628677368,"c":{"r":[-0.9996101260185242,-1.2826614437244644e-8,0.02792191505432129,-9.833170722117757e-9,1,1.0734498800957226e-7,-0.02792191505432129,1.0702857622391093e-7,-0.9996101260185242],"p":[-647.5848999023438,100.01831817626953,317.897216796875]},"j":false},{"t":3.1314244270324709,"c":{"r":[-0.9991228580474854,-7.235252841297779e-9,-0.04187552258372307,-1.2223105194664186e-8,1,1.1885535400324443e-7,0.04187552258372307,1.1926294973818586e-7,-0.9991228580474854],"p":[-647.5563354492188,100.01831817626953,320.0296630859375]},"j":false},{"t":3.19366192817688,"c":{"r":[-0.9952272772789002,-2.19369522547197e-9,-0.09758392721414566,-1.4902697742513739e-8,1,1.295077680651957e-7,0.09758392721414566,1.303439347566382e-7,-0.9952272772789002],"p":[-647.4428100585938,100.01831817626953,322.0262451171875]},"j":false},{"t":3.2566280364990236,"c":{"r":[-0.9929652810096741,-1.1673383371046953e-9,-0.11840586364269257,-1.5815361464888157e-8,1,1.227706576401033e-7,0.11840586364269257,1.2377964253573737e-7,-0.9929652810096741],"p":[-647.2230834960938,100.01831817626953,324.01397705078127]},"j":false},{"t":3.3240041732788088,"c":{"r":[-0.9871360659599304,-2.15960382909941e-9,-0.15988223254680634,1.1882921313599582e-8,1,-8.687434416287943e-8,0.15988223254680634,-8.765667303123337e-8,-0.9871360659599304],"p":[-646.9594116210938,100.01831817626953,326.1307678222656]},"j":false},{"t":3.3905189037323,"c":{"r":[-0.984807550907135,6.095339788458887e-10,-0.17364934086799622,1.1564100788064025e-8,1,-6.207267944091655e-8,0.17364934086799622,-6.313774036925679e-8,-0.984807550907135],"p":[-646.609375,100.01831817626953,328.2351379394531]},"j":false},{"t":3.4572908878326418,"c":{"r":[-0.9668232798576355,8.765026898727157e-11,-0.2554461359977722,9.975912540483023e-9,1,-3.741412513136311e-8,0.2554461359977722,-3.8721157835652778e-8,-0.9668232798576355],"p":[-646.1737670898438,100.01831817626953,330.32269287109377]},"j":false},{"t":3.523047924041748,"c":{"r":[-0.9573196768760681,2.7867199658970778e-9,-0.2890312969684601,6.830377152766687e-9,1,-1.2981757890884183e-8,0.2890312969684601,-1.4401884129711107e-8,-0.9573196768760681],"p":[-645.5912475585938,100.01831817626953,332.3748474121094]},"j":false},{"t":3.58974289894104,"c":{"r":[-0.9297764897346497,6.323969348187575e-9,-0.36812448501586916,2.3852582131667079e-9,1,1.1154412504765787e-8,0.36812448501586916,9.493039243579915e-9,-0.9297764897346497],"p":[-644.913330078125,100.01831817626953,334.39691162109377]},"j":false},{"t":3.657421588897705,"c":{"r":[-0.9218630194664002,1.0565304187082348e-8,-0.3875159025192261,-3.2376687997270894e-9,1,3.496628409038749e-8,0.3875159025192261,3.348877442022058e-8,-0.9218630194664002],"p":[-644.1160278320313,100.01831817626953,336.3755798339844]},"j":false},{"t":3.723390817642212,"c":{"r":[-0.8862030506134033,1.7632380888699119e-8,-0.4632970988750458,-1.0541516104467519e-8,1,5.8222479282221687e-8,0.4632970988750458,5.648078982289917e-8,-0.8862030506134033],"p":[-643.1979370117188,100.01831817626953,338.30010986328127]},"j":false},{"t":3.784754753112793,"c":{"r":[-0.8660248517990112,2.3848294006256766e-8,-0.5000009536743164,-1.8418873537484616e-8,1,7.959884129604689e-8,0.5000009536743164,7.814402636086015e-8,-0.8660248517990112],"p":[-642.23828125,100.01831817626953,340.0545654296875]},"j":false},{"t":3.8228633403778078,"c":{"r":[-0.8660248517990112,2.5715991114338977e-8,-0.5000009536743164,-2.2789851783500127e-8,1,9.090496888575217e-8,0.5000009536743164,9.012090629312297e-8,-0.8660248517990112],"p":[-641.705078125,100.01831817626953,340.9783935546875]},"j":true},{"t":3.832453489303589,"c":{"r":[-0.8660248517990112,2.6182418011444498e-8,-0.5000009536743164,-2.3881430166738938e-8,1,9.372848097655151e-8,0.5000009536743164,9.311192883387776e-8,-0.8660248517990112],"p":[-641.57177734375,100.45785522460938,341.2093505859375]},"j":true},{"t":3.8397576808929445,"c":{"r":[-0.8626394271850586,2.7008038472331465e-8,-0.5058193206787109,-2.4934726283731835e-8,1,9.591906291461783e-8,0.5058193206787109,9.535603595622888e-8,-0.8626394271850586],"p":[-641.4384765625,100.8837661743164,341.4403076171875]},"j":true},{"t":3.8467166423797609,"c":{"r":[-0.8625999689102173,2.634655515976192e-8,-0.5058866739273071,-2.6424251231560448e-8,1,9.713659920862483e-8,0.5058866739273071,9.71577023278769e-8,-0.8625999689102173],"p":[-641.2364501953125,101.4970932006836,341.78558349609377]},"j":false},{"t":3.907259464263916,"c":{"r":[-0.8553669452667236,1.6181481043986424e-8,-0.5180225372314453,-3.246231727871418e-8,1,8.483930713509835e-8,0.5180225372314453,8.938495454913209e-8,-0.8553669452667236],"p":[-640.2759399414063,103.95392608642578,343.38616943359377]},"j":false},{"t":3.9368555545806886,"c":{"r":[-0.8482549786567688,8.961264619244958e-9,-0.5295880436897278,-3.4573115925695677e-8,1,7.229785836670999e-8,0.5295880436897278,7.96365284827516e-8,-0.8482549786567688],"p":[-639.8602294921875,104.80248260498047,344.0697021484375]},"j":true},{"t":3.9694535732269289,"c":{"r":[-0.8443352580070496,-2.2932880483494956e-8,-0.5358152985572815,-3.525594394204745e-8,1,1.2756178335848745e-8,0.5358152985572815,2.966116419145237e-8,-0.8443352580070496],"p":[-639.2198486328125,105.84539031982422,345.08453369140627]},"j":false},{"t":4.032226085662842,"c":{"r":[-0.8175888061523438,-9.470021922197702e-8,-0.5758025050163269,-2.1441030284563568e-8,1,-1.3402213028257393e-7,0.5758025050163269,-9.722919713794909e-8,-0.8175888061523438],"p":[-638.1299438476563,106.97044372558594,346.761474609375]},"j":false},{"t":4.096132278442383,"c":{"r":[-0.7574077844619751,-9.277106727267892e-8,-0.6529421806335449,1.7849194122732116e-8,1,-1.6278652026358032e-7,0.6529421806335449,-1.349502696257332e-7,-0.7574077844619751],"p":[-636.903564453125,107.32909393310547,348.340087890625]},"j":false},{"t":4.161027908325195,"c":{"r":[-0.7289850115776062,-1.011479966450679e-7,-0.6845296621322632,1.1351795947689425e-8,1,-1.598517798129251e-7,0.6845296621322632,-1.2430018614395522e-7,-0.7289850115776062],"p":[-635.47119140625,106.86689758300781,349.92047119140627]},"j":false},{"t":4.2238006591796879,"c":{"r":[-0.7002716064453125,-9.122010879991649e-8,-0.713876485824585,1.4514769386408944e-9,1,-1.292051621248902e-7,0.713876485824585,-9.151488455927393e-8,-0.7002716064453125],"p":[-634.0944213867188,105.64163970947266,351.370849609375]},"j":false},{"t":4.291036605834961,"c":{"r":[-0.5962676405906677,-1.637603901372131e-7,-0.8027857542037964,1.0780839332369397e-8,1,-2.1199760169565708e-7,0.8027857542037964,-1.3506200957635884e-7,-0.5962676405906677],"p":[-632.512939453125,103.48994445800781,352.8008728027344]},"j":false},{"t":4.364311456680298,"c":{"r":[-0.3761027753353119,-2.569608454905392e-7,-0.9265779256820679,1.5949156662031784e-8,1,-2.837962824742135e-7,0.9265779256820679,-1.2151470230037376e-7,-0.3761027753353119],"p":[-630.568359375,100.2483139038086,353.9494934082031]},"j":false},{"t":4.42845344543457,"c":{"r":[-0.3681242763996124,1.6431691562956986e-8,-0.9297766089439392,3.4585023733768596e-9,1,1.6303415506513376e-8,0.9297766089439392,2.7860480589225746e-9,-0.3681242763996124],"p":[-628.5868530273438,99.51095581054688,354.7395935058594]},"j":false},{"t":4.492655038833618,"c":{"r":[-0.28234052658081057,-7.288934966709349e-8,-0.959314227104187,1.1524148746389074e-8,1,-7.937241264244222e-8,0.959314227104187,-3.3465330062654178e-8,-0.28234052658081057],"p":[-626.7055053710938,99.5792007446289,355.4158935546875]},"j":false},{"t":4.557974100112915,"c":{"r":[-0.28234052658081057,-3.884808563725528e-8,-0.959314227104187,-3.64865748725407e-10,1,-4.038830070385302e-8,0.959314227104187,-1.1053232995550389e-8,-0.28234052658081057],"p":[-624.6591186523438,99.5303726196289,356.0195007324219]},"j":false},{"t":4.6291344165802,"c":{"r":[-0.2621889114379883,-2.6838820055274938e-9,-0.9650165438652039,-1.3205755600154135e-8,1,8.067434498215675e-10,0.9650165438652039,1.2955292838512378e-8,-0.2621889114379883],"p":[-622.4830932617188,99.50452423095703,356.6553039550781]},"j":false},{"t":4.69174599647522,"c":{"r":[-0.26218879222869875,2.9008866420099367e-8,-0.9650166034698486,-2.5032278472281179e-8,1,3.686159288918134e-8,0.9650166034698486,3.38212586825648e-8,-0.26218879222869875],"p":[-620.5533447265625,99.50701904296875,357.180419921875]},"j":false},{"t":4.753178834915161,"c":{"r":[-0.26218798756599429,6.060021462417353e-8,-0.9650168418884277,-3.682095695012322e-8,1,7.280104341589322e-8,0.9650168418884277,5.462040064685425e-8,-0.26218798756599429],"p":[-618.6234130859375,99.50729370117188,357.70501708984377]},"j":false},{"t":4.819034099578857,"c":{"r":[-0.28234055638313296,9.270569023556163e-8,-0.959314227104187,-4.910351947273739e-8,1,1.1108936348591669e-7,0.959314227104187,7.847073391076265e-8,-0.28234055638313296],"p":[-616.5656127929688,99.50729370117188,358.267578125]},"j":false},{"t":4.884332656860352,"c":{"r":[-0.3090166449546814,-9.856948146591549e-9,-0.9510566592216492,7.521464340243256e-9,1,-1.2808075489090243e-8,0.9510566592216492,-1.1111247033568361e-8,-0.3090166449546814],"p":[-614.5306396484375,99.0425033569336,358.9075622558594]},"j":false},{"t":4.948747396469116,"c":{"r":[-0.3090166449546814,-5.1849148974270068e-8,-0.9510566592216492,2.7689818438147996e-8,1,-6.351437065177379e-8,0.9510566592216492,-4.596158120762084e-8,-0.3090166449546814],"p":[-612.628173828125,98.65119934082031,359.5255432128906]},"j":false},{"t":5.010277509689331,"c":{"r":[-0.30236923694610598,-9.380459076169246e-9,-0.9531908631324768,6.908335015154421e-10,1,-1.0060257515931426e-8,0.9531908631324768,-3.70040864616783e-9,-0.30236923694610598],"p":[-610.7257080078125,98.68612670898438,360.1435241699219]},"j":false},{"t":5.073007345199585,"c":{"r":[-0.28903114795684817,3.2986434916892907e-8,-0.9573196768760681,-2.7258302282007209e-8,1,4.2686817636194976e-8,0.9573196768760681,3.8432730775639359e-8,-0.28903114795684817],"p":[-608.8132934570313,98.68988037109375,360.7285461425781]},"j":false},{"t":5.134296894073486,"c":{"r":[-0.2823404371738434,7.287678016609789e-8,-0.9593142867088318,-5.340984543522609e-8,1,9.168688563931937e-8,0.9593142867088318,7.712374383572751e-8,-0.2823404371738434],"p":[-607.02587890625,98.69025421142578,361.2659912109375]},"j":false},{"t":5.196708679199219,"c":{"r":[-0.26891905069351199,6.5987570962988688e-9,-0.9631627798080444,-3.7181979717360038e-9,1,7.889269681982114e-9,0.9631627798080444,5.702804894980318e-9,-0.26891905069351199],"p":[-605.1051635742188,98.6902847290039,361.8240966796875]},"j":false},{"t":5.2578442096710209,"c":{"r":[-0.22835001349449159,-4.952625332066418e-8,-0.9735791087150574,3.6287776339349878e-8,1,-5.938147751294309e-8,0.9735791087150574,-4.888878279984965e-8,-0.22835001349449159],"p":[-603.17236328125,98.6902847290039,362.3376159667969]},"j":false},{"t":5.320754289627075,"c":{"r":[-0.15298470854759217,-8.906976489697627e-9,-0.9882285594940186,-6.011788844517696e-10,1,-8.920006955293048e-9,0.9882285594940186,-7.70522479154323e-10,-0.15298470854759217],"p":[-601.2116088867188,98.6902847290039,362.7275085449219]},"j":false},{"t":5.355193376541138,"c":{"r":[-0.15298470854759217,1.4063449960133312e-8,-0.9882285594940186,-2.0865439154249544e-8,1,1.7461085022318913e-8,0.9882285594940186,2.329110060372841e-8,-0.15298470854759217],"p":[-600.1574096679688,98.6902847290039,362.8907165527344]},"j":true},{"t":5.3679211139678959,"c":{"r":[-0.15298470854759217,2.2667244081731043e-8,-0.9882285594940186,-2.845561120068396e-8,1,2.7342375474859183e-8,0.9882285594940186,3.2303614005968487e-8,-0.15298470854759217],"p":[-599.7620849609375,99.344482421875,362.9518737792969]},"j":true},{"t":5.378030300140381,"c":{"r":[-0.15298470854759217,3.126552527987769e-8,-0.9882285594940186,-3.60409195820921e-8,1,3.721733676798067e-8,0.9882285594940186,4.131034714305315e-8,-0.15298470854759217],"p":[-599.3667602539063,99.96802520751953,363.0130310058594]},"j":true},{"t":5.38738751411438,"c":{"r":[-0.15298470854759217,3.6994649121879777e-8,-0.9882285594940186,-4.1095091773968309e-8,1,4.379712592594842e-8,0.9882285594940186,4.73116337218471e-8,-0.15298470854759217],"p":[-599.1032104492188,100.36669158935547,363.0538024902344]},"j":false},{"t":5.457369565963745,"c":{"r":[-0.15298470854759217,8.559350561654355e-8,-0.9882285594940186,-8.396848727443285e-8,1,9.961197378061115e-8,0.9882285594940186,9.82191679099742e-8,-0.15298470854759217],"p":[-596.863037109375,103.2052230834961,363.4003601074219]},"j":false},{"t":5.525752067565918,"c":{"r":[-0.15987873077392579,1.0654423476808006e-7,-0.9871366620063782,-1.22639391975099e-7,1,1.2779554481312517e-7,0.9871366620063782,1.4149362925763854e-7,-0.15987873077392579],"p":[-594.7564697265625,104.97753143310547,363.7362365722656]},"j":false},{"t":5.594606876373291,"c":{"r":[-0.2134217917919159,-5.7054119650956639e-8,-0.9769601225852966,-1.4171071427426797e-7,1,-2.7442231598229229e-8,0.9769601225852966,1.325889513736911e-7,-0.2134217917919159],"p":[-592.5258178710938,105.9051513671875,364.1366882324219]},"j":false},{"t":5.66655707359314,"c":{"r":[-0.35475286841392519,-4.2313473613830868e-8,-0.934960126876831,1.2687546124823257e-8,1,-5.007102998888513e-8,0.934960126876831,-2.9625191189097678e-8,-0.35475286841392519],"p":[-590.2098388671875,106.15592193603516,364.75933837890627]},"j":false},{"t":5.727779388427734,"c":{"r":[-0.6156610250473023,8.513025306911004e-8,-0.7880111336708069,1.741974742230923e-8,1,9.442201331921751e-8,0.7880111336708069,4.440499523639119e-8,-0.6156610250473023],"p":[-588.538330078125,106.36526489257813,365.578369140625]},"j":false},{"t":5.789602756500244,"c":{"r":[-0.8007305860519409,6.769072058432357e-8,-0.5990246534347534,1.35965050329645e-9,1,1.1118407883259352e-7,0.5990246534347534,8.821402985859095e-8,-0.8007305860519409],"p":[-587.2546997070313,106.39165496826172,366.9184265136719]},"j":true},{"t":5.794963121414185,"c":{"r":[-0.8007305860519409,6.748717851223773e-8,-0.5990246534347534,-7.872533180908192e-10,1,1.137141083518145e-7,0.5990246534347534,9.152594770966971e-8,-0.8007305860519409],"p":[-587.0944213867188,106.83119201660156,367.1315612792969]},"j":false},{"t":5.797515153884888,"c":{"r":[-0.8007305860519409,6.748717851223773e-8,-0.5990246534347534,-7.872533180908192e-10,1,1.137141083518145e-7,0.5990246534347534,9.152594770966971e-8,-0.8007305860519409],"p":[-587.0944213867188,106.83119201660156,367.1315612792969]},"j":true},{"t":5.804661273956299,"c":{"r":[-0.8047442436218262,6.62956907149237e-8,-0.5936216711997986,-2.911352048329263e-9,1,1.1562682544763448e-7,0.5936216711997986,9.477826523607291e-8,-0.8047442436218262],"p":[-586.9345703125,107.2571029663086,367.344970703125]},"j":true},{"t":5.8609349727630619,"c":{"r":[-0.8288727402687073,-1.6907826250189829e-8,-0.5594372153282166,-1.1554732282093028e-8,1,-1.3103210072529237e-8,0.5594372153282166,-4.396746522417061e-9,-0.8288727402687073],"p":[-585.8544921875,109.85700225830078,368.86712646484377]},"j":false},{"t":5.890629053115845,"c":{"r":[-0.8365388512611389,-7.84993829938685e-8,-0.5479076504707336,-1.3875066429136496e-8,1,-1.2208691657633609e-7,0.5479076504707336,-9.452818972022215e-8,-0.8365388512611389],"p":[-585.4078369140625,110.7668685913086,369.5308532714844]},"j":true},{"t":5.925180435180664,"c":{"r":[-0.8552889227867127,-8.210387392182383e-8,-0.5181514024734497,1.866190535437795e-9,1,-1.6153580872924068e-7,0.5181514024734497,-1.3912675456140278e-7,-0.8552889227867127],"p":[-584.7706909179688,111.90174102783203,370.5475769042969]},"j":false},{"t":5.989709854125977,"c":{"r":[-0.7802389860153198,-1.0599165278790679e-7,-0.6254815459251404,1.2002018046075591e-8,1,-1.8442766247517285e-7,0.6254815459251404,-1.5140469145080716e-7,-0.7802389860153198],"p":[-583.5982055664063,113.23805236816406,372.32806396484377]},"j":false},{"t":6.051499843597412,"c":{"r":[-0.5612936019897461,-4.589517743625038e-7,-0.8276167511940002,3.6974629580299737e-8,1,-5.796226218990341e-7,0.8276167511940002,-3.559392780516646e-7,-0.5612936019897461],"p":[-582.2025146484375,113.69889068603516,373.75067138671877]},"j":false},{"t":6.119508981704712,"c":{"r":[-0.44486328959465029,-5.598745644874725e-8,-0.8955984711647034,-5.8359166388299858e-9,1,-5.96151892295893e-8,0.8955984711647034,-2.12939692545433e-8,-0.44486328959465029],"p":[-580.3887939453125,114.871337890625,374.86669921875]},"j":false},{"t":6.183665752410889,"c":{"r":[-0.29799315333366396,-0.059069570153951648,-0.9527386426925659,0.0028958551120013,0.9980230331420898,-0.06278294324874878,0.9545636177062988,-0.02146788127720356,-0.2972329556941986],"p":[-579.3126220703125,116.69611358642578,375.5831604003906]},"j":false},{"t":6.223163843154907,"c":{"r":[-0.19264794886112214,-0.019033776596188546,-0.981083333492279,0.0071937451139092449,0.9997575879096985,-0.02080865204334259,0.9812415838241577,-0.011066407896578312,-0.19246432185173036],"p":[-579.186279296875,116.89441680908203,375.841064453125]},"j":true},{"t":6.234366416931152,"c":{"r":[-0.17881344258785249,-0.015159131959080696,-0.9837661981582642,0.008580190129578114,0.999819278717041,-0.016966069117188455,0.983845591545105,-0.011474661529064179,-0.17865104973316194],"p":[-579.1944580078125,117.33683013916016,375.8882751464844]},"j":true},{"t":6.250330924987793,"c":{"r":[-0.17155346274375916,-0.005715998355299234,-0.9851582050323486,0.011153052560985089,0.9999077916145325,-0.007743747439235449,0.985111653804779,-0.012315988540649414,-0.171473890542984],"p":[-579.1895751953125,118.44412994384766,376.0058898925781]},"j":false},{"t":6.296338081359863,"c":{"r":[-0.25300222635269167,-0.006872826721519232,-0.9674412608146668,0.006720639765262604,0.9999381303787231,-0.008861249312758446,0.9674423336982727,-0.008743739686906338,-0.2529403865337372],"p":[-579.2567749023438,120.85311126708985,376.266845703125]},"j":true},{"t":6.311727046966553,"c":{"r":[-0.2728903591632843,-0.0073562380857765678,-0.9620169997215271,0.0022407136857509615,0.9999631643295288,-0.008282012306153775,0.962042510509491,-0.004415686242282391,-0.27286383509635928],"p":[-579.2767333984375,121.63655090332031,376.3679504394531]},"j":false},{"t":6.323045492172241,"c":{"r":[-0.2771254777908325,-0.005944560747593641,-0.9608153700828552,0.001967695774510503,0.9999752640724182,-0.006754380650818348,0.9608317017555237,-0.0037624037358909847,-0.277106910943985],"p":[-579.27880859375,122.00293731689453,376.4183654785156]},"j":true},{"t":6.377143621444702,"c":{"r":[-0.52088463306427,-0.0013042205246165395,-0.8536260724067688,0.0028174074832350017,0.9999907612800598,-0.003247033804655075,0.8536224365234375,-0.004096342716366053,-0.5208761096000671],"p":[-579.4633178710938,124.07576751708985,376.8026123046875]},"j":false},{"t":6.445760726928711,"c":{"r":[-0.6992515921592712,0.000010191797628067434,-0.7148756384849548,-0.000037174992030486467,1,0.00005061925548943691,0.7148756384849548,0.00006197109178174287,-0.6992515921592712],"p":[-579.4594116210938,125.51655578613281,377.6072998046875]},"j":false},{"t":6.507136821746826,"c":{"r":[-0.5732117891311646,-3.8929238144191915e-7,-0.8194072246551514,6.627522566304833e-7,1,-9.3871489070807e-7,0.8194072246551514,-0.000001081146479009476,-0.5732117891311646],"p":[-578.905517578125,126.07532501220703,378.5958251953125]},"j":false},{"t":6.576743841171265,"c":{"r":[-0.2823564410209656,1.5006384046500899e-7,-0.9593095779418945,-1.2496217394186715e-8,1,1.6010704939617427e-7,0.9593095779418945,5.719499895917579e-8,-0.2823564410209656],"p":[-577.2388305664063,127.6233139038086,379.6221923828125]},"j":false},{"t":6.637226819992065,"c":{"r":[-0.09063147008419037,-8.454932043377994e-8,-0.9958844780921936,4.451107571412649e-8,1,-8.894949843352151e-8,0.9958844780921936,-5.238951317210194e-8,-0.09063147008419037],"p":[-575.41650390625,128.01123046875,380.0121765136719]},"j":false},{"t":6.699434757232666,"c":{"r":[0.11146985739469528,-6.5485359357353449e-9,-0.9937677979469299,-6.827557541555507e-8,1,-1.4248001001249122e-8,0.9937677979469299,6.943829333749818e-8,0.11146985739469528],"p":[-573.4202270507813,128.0587158203125,380.0815734863281]},"j":false},{"t":6.762029409408569,"c":{"r":[0.3023708760738373,4.503028705471479e-8,-0.9531903266906738,-2.9510239585306409e-8,1,3.788041880170567e-8,0.9531903266906738,1.6674940539473938e-8,0.3023708760738373],"p":[-571.4732055664063,128.06356811523438,379.6498107910156]},"j":false},{"t":6.827163934707642,"c":{"r":[0.3746073842048645,2.845131774620313e-8,-0.9271835684776306,8.629120884506847e-8,1,6.554974163464067e-8,0.9271835684776306,-1.0456320609364411e-7,0.3746073842048645],"p":[-569.46240234375,128.0640869140625,378.93890380859377]},"j":false},{"t":6.8950817584991459,"c":{"r":[0.381071537733078,-4.2147231482658756e-8,-0.9245455265045166,-1.785977765678126e-8,1,-5.294826976864897e-8,0.9245455265045166,3.6689254301336408e-8,0.381071537733078],"p":[-567.4883422851563,128.0640869140625,378.129638671875]},"j":false},{"t":6.962463617324829,"c":{"r":[0.3810708820819855,-1.074490185715149e-8,-0.9245458245277405,-2.564524770320986e-8,1,-2.2192040205482045e-8,0.9245458245277405,3.2166948216172389e-8,0.3810708820819855],"p":[-565.5156860351563,128.0640869140625,377.316650390625]},"j":false},{"t":7.032113075256348,"c":{"r":[0.381071537733078,8.679388940890931e-8,-0.9245455265045166,2.7206558783632319e-8,1,1.0509113224088651e-7,0.9245455265045166,-6.520094331108339e-8,0.381071537733078],"p":[-563.4197387695313,128.0640869140625,376.4528503417969]},"j":false},{"t":7.1003947257995609,"c":{"r":[0.31564998626708987,-2.4873910930978128e-8,-0.9488756656646729,-7.758315656580805e-10,1,-2.6472172010016949e-8,0.9488756656646729,9.09210928767834e-9,0.31564998626708987],"p":[-561.4354858398438,128.0640869140625,375.6697082519531]},"j":false},{"t":7.170000791549683,"c":{"r":[0.25544703006744387,-4.125259778220425e-8,-0.9668230414390564,-1.1647622422117366e-8,1,-4.574565082293702e-8,0.9668230414390564,2.2946780475763263e-8,0.25544703006744387],"p":[-559.2758178710938,128.0640869140625,374.9818420410156]},"j":false},{"t":7.241300106048584,"c":{"r":[0.18052029609680177,7.84358178407274e-8,-0.9835712313652039,2.6090701155112585e-8,1,8.45345127231667e-8,0.9835712313652039,-4.092225935892202e-8,0.18052029609680177],"p":[-557.0607299804688,128.0640869140625,374.50750732421877]},"j":false},{"t":7.310557842254639,"c":{"r":[0.18052029609680177,-8.062752243631622e-9,-0.9835712313652039,-3.051280783594734e-9,1,-8.757444547313753e-9,0.9835712313652039,4.582048518386728e-9,0.18052029609680177],"p":[-554.8309326171875,128.0640869140625,374.0981750488281]},"j":false}],"v":1}