{"v":1,"name":"macro1_macro2_merged_macro2_merged","d":[{"t":0.06297922134399414,"c":{"r":[0.041877709329128265,-9.922673172013674e-8,-0.9991227388381958,-4.9500442855787696e-8,1,-1.0138864325881514e-7,0.9991227388381958,5.370294076101345e-8,0.041877709329128265],"p":[-554.7953491210938,128.0640869140625,374.0966491699219]},"j":false},{"t":0.12720918655395508,"c":{"r":[0.041877709329128265,-1.5258606822499132e-8,-0.9991227388381958,2.7238911570748314e-8,1,-1.4130300485248881e-8,0.9991227388381958,-2.6623270699133172e-8,0.041877709329128265],"p":[-553.2525024414062,128.0640869140625,374.031982421875]},"j":false},{"t":0.18808555603027344,"c":{"r":[0.041877709329128265,5.8478619280322164e-8,-0.9991227388381958,8.962295794390229e-8,1,6.228646043382469e-8,0.9991227388381958,-9.215275298402048e-8,0.041877709329128265],"p":[-551.25390625,128.0640869140625,373.9482116699219]},"j":false},{"t":0.25159192085266113,"c":{"r":[0.041877709329128265,-7.270246626944754e-9,-0.9991227388381958,-4.5411994165078795e-8,1,-9.180050497548109e-9,0.9991227388381958,4.575659318106773e-8,0.041877709329128265],"p":[-549.2553100585938,128.0640869140625,373.86444091796875]},"j":false},{"t":0.31754231452941895,"c":{"r":[-0.166767418384552,-2.935909115819868e-8,-0.9859962463378906,-3.7101337113654154e-8,1,-2.3500897228245776e-8,0.9859962463378906,3.26625944069292e-8,-0.166767418384552],"p":[-547.12646484375,128.0640869140625,373.9125671386719]},"j":false},{"t":0.3794896602630615,"c":{"r":[-0.3156483471393585,7.532791279629691e-9,-0.9488762617111206,7.793653367116349e-8,1,-1.7987325406920718e-8,0.9488762617111206,-7.96297925376166e-8,-0.3156483471393585],"p":[-545.3278198242188,128.0640869140625,374.3984375]},"j":false},{"t":0.4492771625518799,"c":{"r":[-0.3156483471393585,8.682552454786219e-9,-0.9488762617111206,-6.618149583914601e-9,1,1.1351912299062406e-8,0.9488762617111206,9.86301706973336e-9,-0.3156483471393585],"p":[-543.0503540039062,128.0640869140625,375.15594482421875]},"j":false},{"t":0.5202183723449707,"c":{"r":[-0.3156483471393585,-3.996490249846829e-9,-0.9488762617111206,-6.421424814107013e-8,1,1.7149369924140956e-8,0.9488762617111206,6.63445405280072e-8,-0.3156483471393585],"p":[-540.8994140625,128.0640869140625,375.8713684082031]},"j":false},{"t":0.5892016887664795,"c":{"r":[-0.32886525988578796,-8.395114825532346e-9,-0.9443768262863159,6.447167777423601e-8,1,-3.134088899514609e-8,0.9443768262863159,-7.119248834897007e-8,-0.32886525988578796],"p":[-538.8754272460938,128.0640869140625,376.5460205078125]},"j":false},{"t":0.6567380428314209,"c":{"r":[-0.46329447627067566,8.284215979870169e-9,-0.8862043619155884,1.838654384300753e-8,1,-2.6423699339694906e-10,0.8862043619155884,-1.6416654702311462e-8,-0.46329447627067566],"p":[-536.8910522460938,128.0640869140625,377.3251647949219]},"j":false},{"t":0.7171564102172852,"c":{"r":[-0.5120409727096558,1.8158386794198123e-8,-0.8589610457420349,-9.12399329422442e-8,1,7.552958436463086e-8,0.8589610457420349,1.1704578639637475e-7,-0.5120409727096558],"p":[-535.1472778320312,128.0640869140625,378.3033447265625]},"j":false},{"t":0.785813570022583,"c":{"r":[-0.5120415687561035,-1.0416743911889625e-8,-0.8589606881141663,1.8545126323488148e-8,1,-2.318222591668473e-8,0.8589606881141663,-2.7799798019145783e-8,-0.5120415687561035],"p":[-533.315185546875,128.0640869140625,379.3956298828125]},"j":false},{"t":0.8481957912445068,"c":{"r":[-0.49394068121910095,-1.486406997486256e-8,-0.8694956302642822,4.5484998878464467e-8,1,-4.2934040322961664e-8,0.8694956302642822,-6.07558732212965e-8,-0.49394068121910095],"p":[-531.5935668945312,128.0640869140625,380.4129638671875]},"j":false},{"t":0.9105329513549805,"c":{"r":[-0.4570968449115753,1.9134004602960886e-8,-0.8894169330596924,-4.315308643754179e-8,1,4.369058359543487e-8,0.8894169330596924,5.835191529968142e-8,-0.4570968449115753],"p":[-529.8429565429688,128.0640869140625,381.3799743652344]},"j":false},{"t":0.9746959209442139,"c":{"r":[-0.413102388381958,8.837368170588888e-9,-0.9106845855712891,-2.447936076066526e-8,1,2.0808357703572256e-8,0.9106845855712891,3.088895894620691e-8,-0.413102388381958],"p":[-527.9205322265625,128.0640869140625,382.3036804199219]},"j":false},{"t":1.037160873413086,"c":{"r":[-0.4003470838069916,-4.234347272813466e-8,-0.9163635969161987,7.865072149115804e-8,1,-8.056961320335176e-8,0.9163635969161987,-1.0432846409003105e-7,-0.4003470838069916],"p":[-526.0977172851562,128.06419372558594,383.1261901855469]},"j":false},{"t":1.1041755676269531,"c":{"r":[-0.36162275075912476,7.080121822156116e-9,-0.9323245286941528,-1.1206575223354776e-8,1,1.194077192678833e-8,0.9323245286941528,1.4766219358364197e-8,-0.36162275075912476],"p":[-524.1328735351562,128.06455993652344,383.9571228027344]},"j":false},{"t":1.1733601093292236,"c":{"r":[-0.30901458859443665,3.893905287100097e-8,-0.9510573148727417,-6.598058632789616e-8,1,6.238111893708265e-8,0.9510573148727417,8.202799506307201e-8,-0.30901458859443665],"p":[-522.12890625,128.0645751953125,384.68780517578125]},"j":false},{"t":1.2407445907592773,"c":{"r":[-0.29570701718330383,-3.0877849610533303e-8,-0.9552786946296692,4.973621869908129e-8,1,-4.7719264983925314e-8,0.9552786946296692,-6.162287036204361e-8,-0.29570701718330383],"p":[-520.0955200195312,128.0645751953125,385.3327941894531]},"j":false},{"t":1.3072164058685303,"c":{"r":[-0.29570555686950684,-5.196979291355319e-9,-0.9552791118621826,9.373170684057186e-9,1,-8.341727308902591e-9,0.9552791118621826,-1.1420689283170304e-8,-0.29570555686950684],"p":[-517.9300537109375,128.0645751953125,386.0030822753906]},"j":false},{"t":1.3727443218231201,"c":{"r":[-0.2957070469856262,4.451293733609418e-8,-0.9552786946296692,-7.04209739410544e-8,1,6.839565713789852e-8,0.9552786946296692,8.749672986141377e-8,-0.2957070469856262],"p":[-516.0193481445312,128.0645751953125,386.5945129394531]},"j":false},{"t":1.439941167831421,"c":{"r":[-0.29570627212524414,-1.1093157503694329e-8,-0.9552789330482483,1.708570351866001e-8,1,-1.6901354982223893e-8,0.9552789330482483,-2.1319447540690817e-8,-0.29570627212524414],"p":[-513.8538818359375,128.0645751953125,387.2648010253906]},"j":false},{"t":1.5066416263580322,"c":{"r":[-0.2957070469856262,-3.0719530030864917e-8,-0.9552786946296692,4.837437828086877e-8,1,-4.713197654382384e-8,0.9552786946296692,-6.014826681166596e-8,-0.2957070469856262],"p":[-511.94317626953125,128.0645751953125,387.8562316894531]},"j":false},{"t":1.5734195709228516,"c":{"r":[-0.2957061231136322,2.8862796597195484e-8,-0.9552789330482483,-4.4851613978380556e-8,1,4.409779208458531e-8,0.9552789330482483,5.58857919941147e-8,-0.2957061231136322],"p":[-509.90509033203125,128.0645751953125,388.4870910644531]},"j":false},{"t":1.6401491165161133,"c":{"r":[-0.2957061231136322,9.879398632506309e-9,-0.9552789330482483,-1.5523950125384545e-8,1,1.5147330501008582e-8,0.9552789330482483,1.930886206480409e-8,-0.2957061231136322],"p":[-507.7396240234375,128.0645751953125,389.1573791503906]},"j":false},{"t":1.7066020965576172,"c":{"r":[-0.2890304923057556,-4.5656907587954265e-8,-0.9573199152946472,7.058851991814663e-8,1,-6.900425120193177e-8,0.9573199152946472,-8.752012803370235e-8,-0.2890304923057556],"p":[-505.7004089355469,128.0645751953125,389.7843017578125]},"j":false},{"t":1.774012804031372,"c":{"r":[-0.25544410943984985,1.4773546830326723e-8,-0.9668238162994385,-2.6008619258277577e-8,1,2.2152221390570048e-8,0.9668238162994385,3.080440791336514e-8,-0.25544410943984985],"p":[-503.6483459472656,128.0645751953125,390.3673400878906]},"j":false},{"t":1.8396332263946533,"c":{"r":[-0.22154679894447327,3.346823973515711e-8,-0.9751497507095337,-5.255549240246182e-8,1,4.626134497698331e-8,0.9751497507095337,6.14985253832856e-8,-0.22154679894447327],"p":[-501.71185302734375,127.91132354736328,390.86767578125]},"j":false},{"t":1.8921525478363037,"c":{"r":[-0.18738014996051788,-1.9025669928396383e-8,-0.9822874665260315,3.3711728519847384e-8,1,-2.5799552716421204e-8,0.9822874665260315,-3.794893288500134e-8,-0.18738014996051788],"p":[-500.16204833984375,127.27777862548828,391.2657470703125]},"j":true},{"t":1.9009933471679688,"c":{"r":[-0.18738014996051788,-2.784832275892768e-8,-0.9822874665260315,4.826264898838417e-8,1,-3.7557015275524464e-8,0.9822874665260315,-5.444523409892099e-8,-0.18738014996051788],"p":[-499.90374755859375,127.7207260131836,391.33209228515625]},"j":true},{"t":1.9067542552947998,"c":{"r":[-0.18076470494270325,-3.7660676355244505e-8,-0.983526349067688,6.290931509056463e-8,1,-4.9853731809434976e-8,0.983526349067688,-7.088476650096709e-8,-0.18076470494270325],"p":[-499.6438293457031,128.15345764160156,391.3911437988281]},"j":false},{"t":1.9087655544281006,"c":{"r":[-0.18076470494270325,-3.7660676355244505e-8,-0.983526349067688,6.290931509056463e-8,1,-4.9853731809434976e-8,0.983526349067688,-7.088476650096709e-8,-0.18076470494270325],"p":[-499.6438293457031,128.15345764160156,391.3911437988281]},"j":true},{"t":1.9726896286010742,"c":{"r":[-0.18051837384700775,-4.6496953842734e-8,-0.9835715889930725,6.53032685704602e-8,1,-5.925891954916551e-8,0.9835715889930725,-7.492776177286942e-8,-0.18051837384700775],"p":[-497.4151611328125,131.28155517578125,391.8033142089844]},"j":false},{"t":2.039185047149658,"c":{"r":[-0.18051712214946747,1.1188527437866469e-8,-0.9835718274116516,-2.85914403264087e-8,1,1.6622855980585882e-8,0.9835718274116516,3.112244684189136e-8,-0.18051712214946747],"p":[-495.4481506347656,133.22412109375,392.16448974609375]},"j":false},{"t":2.0992844104766846,"c":{"r":[-0.18051809072494507,6.486170178732209e-8,-0.9835716485977173,-1.1595523119467543e-7,1,8.722670941097022e-8,0.9835716485977173,1.2979627683762374e-7,-0.18051809072494507],"p":[-493.6122741699219,134.345703125,392.5015869140625]},"j":false},{"t":2.164199113845825,"c":{"r":[-0.18051812052726746,1.9268689754881052e-8,-0.9835716485977173,-3.004516457849604e-8,1,2.5104817780174926e-8,0.9835716485977173,3.40834453993466e-8,-0.18051812052726746],"p":[-491.5141296386719,134.8100128173828,392.8868408203125]},"j":false},{"t":2.2317609786987305,"c":{"r":[-0.17364725470542908,-5.476487174860267e-8,-0.9848079085350037,9.903433806357498e-8,1,-7.30720302044574e-8,0.9848079085350037,-1.102185578361059e-7,-0.17364725470542908],"p":[-489.4139099121094,134.40231323242188,393.2615966796875]},"j":false},{"t":2.2979350090026855,"c":{"r":[-0.17364712059497833,-2.68659370306068e-8,-0.9848079681396484,4.5380804891692605e-8,1,-3.528219494342011e-8,0.9848079681396484,-5.08180271197034e-8,-0.17364712059497833],"p":[-487.3128356933594,133.12261962890625,393.6322021484375]},"j":false},{"t":2.3638830184936523,"c":{"r":[-0.17364710569381714,2.4684835508992364e-8,-0.9848079681396484,-5.0130370965462134e-8,1,3.390491443155952e-8,0.9848079681396484,5.525627955194068e-8,-0.17364710569381714],"p":[-485.2117614746094,130.97093200683594,394.0028076171875]},"j":false},{"t":2.4313220977783203,"c":{"r":[-0.17364707589149475,6.394618168314992e-8,-0.9848079681396484,-1.221090997205465e-7,1,8.646362914532801e-8,0.9848079681396484,1.3526816644571227e-7,-0.17364707589149475],"p":[-482.9793701171875,127.72929382324219,394.3965759277344]},"j":false},{"t":2.498185157775879,"c":{"r":[-0.15314052999019623,-2.994521253185667e-8,-0.9882044196128845,1.8280932323477828e-8,1,-3.3135616916979416e-8,0.9882044196128845,-2.3139703486663166e-8,-0.15314052999019623],"p":[-480.8755187988281,123.77909851074219,394.75030517578125]},"j":false},{"t":2.5640981197357178,"c":{"r":[-0.10476936399936676,-1.2599302579019422e-7,-0.9944965243339539,6.07788663842257e-8,1,-1.3309325197496946e-7,0.9944965243339539,-7.438847404728222e-8,-0.10476936399936676],"p":[-478.89471435546875,119.28384399414062,395.0253601074219]},"j":false},{"t":2.6313157081604004,"c":{"r":[-0.09758108109235764,-1.2148309735948715e-7,-0.995227575302124,-4.710890522119371e-8,1,-1.1744666750246324e-7,0.995227575302124,3.542350768270808e-8,-0.09758108109235764],"p":[-476.77215576171875,113.64414978027344,395.2385559082031]},"j":false},{"t":2.6987783908843994,"c":{"r":[-0.08368252962827682,-8.67584972752411e-8,-0.9964924454689026,-9.856245242190198e-8,1,-7.87868899010391e-8,0.9964924454689026,9.162366154669144e-8,-0.08368252962827682],"p":[-474.6473693847656,107.13246154785156,395.4292907714844]},"j":false},{"t":2.763930320739746,"c":{"r":[-0.0836765468120575,7.557957104609159e-8,-0.9964929819107056,1.6206287867248648e-8,1,7.44847028499862e-8,0.9964929819107056,-9.916829135647731e-9,-0.0836765468120575],"p":[-472.5213928222656,99.74877166748047,395.6080017089844]},"j":false},{"t":2.8245441913604736,"c":{"r":[-0.08367655426263809,8.295804576619048e-8,-0.9964929819107056,5.0481403945923375e-8,1,7.901103060703463e-8,0.9964929819107056,-4.36929923353091e-8,-0.08367655426263809],"p":[-470.5282897949219,92.03461456298828,395.7755432128906]},"j":false},{"t":2.8893213272094727,"c":{"r":[-0.08367656171321869,-5.7391695840181e-9,-0.9964929819107056,3.608132104204742e-8,1,-8.789154293253887e-9,0.9964929819107056,-3.6690227744884396e-8,-0.08367656171321869],"p":[-468.5351867675781,83.5540542602539,395.9430847167969]},"j":false},{"t":2.9571237564086914,"c":{"r":[-0.08367655426263809,-1.0591944032967149e-7,-0.9964929819107056,1.981689656815888e-8,1,-1.0795625371429196e-7,0.9964929819107056,-2.8780805294559286e-8,-0.08367655426263809],"p":[-466.2763366699219,73.9769287109375,396.1329650878906]},"j":false},{"t":3.0223982334136963,"c":{"r":[-0.08367655426263809,1.3505159657256627e-8,-0.9964929819107056,-1.8559447312327393e-8,1,1.511114611219e-8,0.9964929819107056,1.9758807923153654e-8,-0.08367655426263809],"p":[-464.2832336425781,73.60735321044922,396.3005065917969]},"j":false},{"t":3.0894954204559326,"c":{"r":[-0.08367655426263809,5.1073744344876104e-8,-0.9964929819107056,-1.1834837998492276e-8,1,5.2247276727257486e-8,0.9964929819107056,1.6165204286267e-8,-0.08367655426263809],"p":[-462.1572570800781,73.36774444580078,396.4792175292969]},"j":false},{"t":3.15690541267395,"c":{"r":[-0.0697554349899292,-2.3999611187264236e-8,-0.9975641369819641,3.7224960891535375e-8,1,-2.6661199470368047e-8,0.9975641369819641,-3.89940488787488e-8,-0.0697554349899292],"p":[-460.03070068359375,73.40473175048828,396.6495666503906]},"j":false},{"t":3.22275710105896,"c":{"r":[-0.04884796962141991,-7.417790470753971e-8,-0.9988062381744385,6.50093099352489e-8,1,-7.744593233383057e-8,0.9988062381744385,-6.871478319681046e-8,-0.04884796962141991],"p":[-457.90203857421875,73.40807342529297,396.7884521484375]},"j":false},{"t":3.2889997959136963,"c":{"r":[-0.048847492784261703,6.697708698766291e-8,-0.9988062381744385,-7.03231037846308e-8,1,7.049634831446383e-8,0.9988062381744385,7.36827274749885e-8,-0.048847492784261703],"p":[-455.6380310058594,73.40259552001953,396.8996276855469]},"j":false},{"t":3.3561885356903076,"c":{"r":[-0.02792014740407467,1.5838464761941395e-8,-0.999610185623169,-9.463364314399314e-9,1,1.6108964828731587e-8,0.999610185623169,9.909440379374246e-9,-0.02792014740407467],"p":[-453.63995361328125,73.40751647949219,396.98626708984375]},"j":false},{"t":3.4227685928344727,"c":{"r":[-0.013960936106741428,-5.315935069916122e-8,-0.9999025464057922,7.035504978603058e-8,1,-5.4146848782465895e-8,0.9999025464057922,-7.11041323597783e-8,-0.013960936106741428],"p":[-451.5071716308594,73.40827178955078,397.03265380859375]},"j":false},{"t":3.489480495452881,"c":{"r":[-0.006979841273277998,-2.239822993743701e-9,-0.9999756217002869,2.093411416437263e-10,1,-2.241338892261524e-9,0.9999756217002869,-2.2498022889116953e-10,-0.006979841273277998],"p":[-449.3770446777344,73.34465026855469,397.0527648925781]},"j":false},{"t":3.556413412094116,"c":{"r":[-0.006982550490647554,0.0014932226622477174,-0.9999744892120361,-0.00037463605985976756,0.9999988079071045,0.0014958749525249004,0.9999755620956421,0.000385071529308334,-0.006981982849538326],"p":[-449.2657775878906,74.79679107666016,396.9210510253906]},"j":false},{"t":3.622352123260498,"c":{"r":[-0.006979041732847691,-1.5229421990170522e-7,-0.9999756217002869,5.821247484050218e-8,1,-1.527042172710935e-7,0.9999756217002869,-5.92767861462562e-8,-0.006979041732847691],"p":[-449.1363525390625,76.18447875976562,396.9202880859375]},"j":false},{"t":3.6897878646850586,"c":{"r":[0.0000015590479733873508,-3.6493185007202555e-7,-1,9.40379791813939e-8,1,-3.649317079634784e-7,1,-9.403740364177793e-8,0.0000015590479733873508],"p":[-449.1363525390625,77.67776489257812,396.9202880859375]},"j":false},{"t":3.7560553550720215,"c":{"r":[0.0000015590479733873508,1.0561215191273732e-7,-1,-2.7439723382371994e-8,1,1.0561210928017317e-7,1,2.743955995754277e-8,0.0000015590479733873508],"p":[-449.1363525390625,79.17105102539062,396.9202880859375]},"j":false},{"t":3.8233256340026855,"c":{"r":[0.027919964864850044,5.1683937130064805e-9,-0.999610185623169,-8.380904303884051e-10,1,5.147001047589583e-9,0.999610185623169,6.940596430915491e-10,0.027919964864850044],"p":[-449.1363525390625,80.66433715820312,396.9202880859375]},"j":false},{"t":3.889601469039917,"c":{"r":[0.05582315847277641,-6.246023787070953e-8,-0.998440682888031,1.7322848933076784e-8,1,-6.158926169064216e-8,0.998440682888031,-1.3857730074562369e-8,0.05582315847277641],"p":[-449.1363525390625,82.2509536743164,396.9202880859375]},"j":false},{"t":3.9571805000305176,"c":{"r":[0.11060228943824768,5.149433768281142e-9,-0.9938647747039795,-7.817003933041633e-9,1,4.311305978887958e-9,0.9938647747039795,7.2922046179257904e-9,0.11060228943824768],"p":[-449.0992736816406,83.69316101074219,396.9167785644531]},"j":false},{"t":4.022505283355713,"c":{"r":[0.313368022441864,-2.47997974156533e-7,-0.9496317505836487,1.4497551603653847e-8,1,-2.563676844147267e-7,0.9496317505836487,6.657010231947424e-8,0.313368022441864],"p":[-448.62066650390625,84.42894744873047,396.85003662109375]},"j":false},{"t":4.087701082229614,"c":{"r":[0.8058925271034241,7.367934529156628e-8,-0.5920618772506714,-5.881528153395266e-8,1,4.4388180242549424e-8,0.5920618772506714,-9.498154485143573e-10,0.8058925271034241],"p":[-447.501708984375,84.88601684570312,396.264404296875]},"j":false},{"t":4.155971050262451,"c":{"r":[0.933763861656189,-0.010081072337925434,-0.35774773359298706,0.0033834679052233696,0.9998071789741516,-0.019342591986060143,0.35787373781204224,0.01685098558664322,0.9336179494857788],"p":[-446.5320129394531,86.12175750732422,395.6326599121094]},"j":false},{"t":4.225337505340576,"c":{"r":[0.9358380436897278,-0.0007434534491039813,0.35242959856987,0.0143229179084301,0.9992518424987793,-0.0359249971807003,-0.3521392047405243,0.03866779804229736,0.9351485371589661],"p":[-446.1609802246094,86.42894744873047,395.5812683105469]},"j":false},{"t":4.2895989418029785,"c":{"r":[0.4812881350517273,0.012708891183137894,0.8764703273773193,0.006110461428761482,0.9998219609260559,-0.01785288192331791,-0.8765411376953125,0.013948018662631512,0.48112478852272034],"p":[-446.6668701171875,86.47523498535156,395.9008483886719]},"j":false},{"t":4.334510803222656,"c":{"r":[0.29148221015930176,0.013101790100336075,0.9564865231513977,0.025571558624505997,0.9994421601295471,-0.021482933312654495,-0.9562343955039978,0.030720744282007217,0.290984570980072],"p":[-447.50994873046875,86.19217681884766,396.0837707519531]},"j":true},{"t":4.342799425125122,"c":{"r":[0.23637036979198456,0.017213523387908936,0.9715105295181274,0.030931130051612854,0.9992030262947083,-0.025229789316654205,-0.9711706042289734,0.03601349517703056,0.23564955592155457],"p":[-447.7210388183594,86.63510131835938,396.06201171875]},"j":true},{"t":4.356712341308594,"c":{"r":[0.09236828237771988,0.028827520087361336,0.9953075051307678,0.042243946343660355,0.9985674023628235,-0.03284233435988426,-0.9948284029960632,0.0450793094933033,0.09101817011833191],"p":[-448.1430358886719,87.5209732055664,396.0185546875]},"j":false},{"t":4.392107725143433,"c":{"r":[-0.06368071585893631,0.03399338200688362,0.9973912239074707,0.041711583733558655,0.9986370205879211,-0.03137267008423805,-0.9970982670783997,0.03960493206977844,-0.06501184403896332],"p":[-449.1212158203125,89.495849609375,395.90582275390625]},"j":true},{"t":4.417320489883423,"c":{"r":[-0.08344516903162003,0.004311083350330591,0.9965030550956726,0.005451109725981951,0.9999776482582092,-0.0038696504198014736,-0.9964974522590637,0.0051091439090669155,-0.08346680551767349],"p":[-449.8545227050781,90.69461822509766,395.8569030761719]},"j":true},{"t":4.424535751342773,"c":{"r":[-0.07697153836488724,0.0009462612215429544,0.9970328211784363,0.001407627365551889,0.9999986290931702,-0.0008404063410125673,-0.9970322847366333,0.0013387633953243494,-0.07697276771068573],"p":[-450.10693359375,91.06655883789062,395.861083984375]},"j":false},{"t":4.490464925765991,"c":{"r":[-0.008289627730846405,-0.0000043318618736520875,0.9999656677246094,-0.000015727962818345986,1,0.000004201627689326415,-0.9999656677246094,-0.000015692592569394037,-0.00828962866216898],"p":[-452.22747802734375,93.55138397216797,395.9607849121094]},"j":false},{"t":4.5566956996917725,"c":{"r":[0.08363820612430573,1.874984434380167e-7,0.9964962005615234,4.044828756377683e-7,1,-2.2210687689039332e-7,-0.9964962005615234,4.216422837544087e-7,0.08363820612430573],"p":[-454.2234802246094,95.08895111083984,395.8544006347656]},"j":false},{"t":4.623479843139648,"c":{"r":[0.04861893877387047,-8.133964115586423e-7,0.9988173842430115,0.00004490216451813467,1,-0.0000013713208772969665,-0.9988173842430115,0.00004491573417908512,0.04861893877387047],"p":[-456.45037841796875,95.89827728271484,395.82952880859375]},"j":false},{"t":4.688935279846191,"c":{"r":[0.053454987704753876,0.00015580898616462946,0.9985702633857727,0.0002765624667517841,0.9999999403953552,-0.00017083686543628573,-0.9985702037811279,0.0002852991165127605,0.053454943001270294],"p":[-458.5542907714844,95.44449615478516,395.8262939453125]},"j":false},{"t":4.756475210189819,"c":{"r":[0.0617842897772789,0.006419839803129435,0.9980688691139221,0.017849905416369438,0.9998123049736023,-0.007536031771451235,-0.9979298710823059,0.01828104257583618,0.0616580955684185],"p":[-460.520263671875,94.37852478027344,395.9491271972656]},"j":false},{"t":4.756475210189819,"c":{"r":[-0.0349026657640934,9.191901284566484e-8,0.999390721321106,2.2533508392541535e-9,1,-9.189635363782145e-8,-0.999390721321106,-9.5544983036433e-10,-0.0349026657640934],"p":[-460.5203857421875,94.51806640625,395.9490661621094]},"j":false},{"t":4.823802709579468,"c":{"r":[0.11146754771471024,9.010697965550207e-8,0.9937680959701538,-4.100726425093626e-9,1,-9.021207603154835e-8,-0.9937680959701538,5.980547612693954e-9,0.11146754771471024],"p":[-461.1815185546875,94.51806640625,395.91693115234375]},"j":false},{"t":4.891216039657593,"c":{"r":[0.54979407787323,0.011155519634485245,0.8352257013320923,0.012140081264078617,0.9996984601020813,-0.021343573927879333,-0.835211992263794,0.021874278783798218,0.5494928956031799],"p":[-463.02777099609375,94.51715087890625,395.9532775878906]},"j":false},{"t":4.960593938827515,"c":{"r":[0.9671007394790649,-0.0009486517519690096,0.2543918788433075,0.0005654916167259216,0.9999985694885254,0.00157930760178715,-0.2543930113315582,-0.0013834930723533034,0.9670999050140381],"p":[-464.4618225097656,94.51791381835938,395.2588195800781]},"j":false},{"t":5.026032447814941,"c":{"r":[0.8185351490974426,-0.015430420637130737,-0.5742491483688354,0.008765339851379395,0.9998582601547241,-0.014372671023011208,0.5743895769119263,0.006731047760695219,0.8185544013977051],"p":[-464.3219909667969,95.37199401855469,393.2380065917969]},"j":false},{"t":5.091386556625366,"c":{"r":[0.8217503428459167,0.0016284139128401875,-0.5698453783988953,-0.003809132147580385,0.9999892711639404,-0.002635380020365119,0.5698349475860596,0.004336240701377392,0.8217477202415466],"p":[-464.2259826660156,96.14320373535156,391.8930969238281]},"j":false},{"t":5.157365798950195,"c":{"r":[0.8084884285926819,0.0013478291220963001,-0.5885105133056641,-0.002183700678870082,0.9999973773956299,-0.0007097087800502777,0.5885080099105835,0.0018589221872389317,0.8084892630577087],"p":[-464.22113037109375,96.2669677734375,390.5934143066406]},"j":false},{"t":5.22569465637207,"c":{"r":[0.797004759311676,0.00020597134425770491,-0.6039729714393616,-0.0015095564303919673,0.9999974966049194,-0.0016509891720488667,0.6039711236953735,0.0022275776136666536,0.7970030903816223],"p":[-464.2126770019531,96.28860473632812,389.1618347167969]},"j":false},{"t":5.298260688781738,"c":{"r":[0.8448020219802856,0.00000205462561098102,-0.5350790023803711,-0.001032965024933219,0.999998152256012,-0.0016270425403490663,0.5350779891014099,0.0019272466888651252,0.8448004722595215],"p":[-464.2330322265625,96.2915267944336,387.7563171386719]},"j":false},{"t":5.364244699478149,"c":{"r":[0.979714572429657,-0.00003826506872428581,-0.20039792358875275,-0.00003203833330189809,0.9999999403953552,-0.0003475759003777057,0.20039792358875275,0.0003469455987215042,0.9797145128250122],"p":[-464.2237548828125,96.29193878173828,386.10845947265625]},"j":false},{"t":5.433659315109253,"c":{"r":[0.9938385486602783,-0.00013248220784589648,0.11083727329969406,0.0001336224377155304,1,-0.000002859392225218471,-0.11083726584911346,0.000017652120732236654,0.9938385486602783],"p":[-464.2162780761719,96.2919921875,383.9015197753906]},"j":false},{"t":5.499410390853882,"c":{"r":[0.9911400675773621,-0.0003026339691132307,0.13282033801078796,0.00029979212558828294,0.9999999403953552,0.00004139390875934623,-0.13282033801078796,-0.0000012086700280633522,0.9911401271820068],"p":[-464.49560546875,96.2919921875,381.9176330566406]},"j":false},{"t":5.565979957580566,"c":{"r":[0.9912142753601074,0.00004692661968874745,0.13226576149463654,-0.000046485922212013975,1,-0.0000064197024585155305,-0.13226576149463654,2.1480462919498677e-7,0.9912142753601074],"p":[-464.91552734375,96.81704711914062,379.6962585449219]},"j":false},{"t":5.635588645935059,"c":{"r":[0.9929651618003845,-6.303083068814885e-7,0.11840690672397614,6.250362503124052e-7,1,8.165979892282849e-8,-0.11840690672397614,-7.076723651522343e-9,0.9929651618003845],"p":[-465.1884765625,98.10208892822266,377.588623046875]},"j":false},{"t":5.700735569000244,"c":{"r":[0.9991226196289062,-2.8317602485117277e-8,0.04188033193349838,2.8931278706068042e-8,1,-1.4047013330298341e-8,-0.04188033193349838,1.5246341078523074e-8,0.9991226196289062],"p":[-465.32855224609375,98.27527618408203,375.46063232421875]},"j":false},{"t":5.7661402225494385,"c":{"r":[0.9993370771408081,-0.0008124187588691711,-0.03639679402112961,-0.0006713025504723191,0.9991697669029236,-0.04073440656065941,0.03639966994524002,0.04073183983564377,0.9985069036483765],"p":[-465.364013671875,98.43280792236328,373.6863098144531]},"j":false},{"t":5.832621335983276,"c":{"r":[0.9991381168365479,0.0005321581265889108,0.04150554910302162,-0.0008776301401667297,0.9999651312828064,0.008305736817419529,-0.041499681770801544,-0.008335004560649395,0.9991037249565125],"p":[-465.2726135253906,99.34622192382812,373.8135681152344]},"j":false},{"t":5.892843246459961,"c":{"r":[0.999390721321106,0.0000179638882400468,0.034902527928352356,-0.000016079893612186424,1,-0.00005425940980785526,-0.034902527928352356,0.00005366512050386518,0.999390721321106],"p":[-465.2916564941406,100.60246276855469,373.30938720703125]},"j":false},{"t":5.954692840576172,"c":{"r":[0.9993910789489746,0.00011089688632637262,0.0348924845457077,-0.0001110979646909982,1,0.00000382396683562547,-0.0348924845457077,-0.000007698122317378875,0.9993910789489746],"p":[-465.2922058105469,101.99462890625,373.3036804199219]},"j":false},{"t":6.0195159912109375,"c":{"r":[0.9996100068092346,-3.663015490928956e-7,0.027924885973334312,3.266872852236702e-7,1,0.0000014231628711058875,-0.027924885973334312,-0.0000014134851653579972,0.9996100068092346],"p":[-465.2920837402344,103.39458465576172,373.3065185546875]},"j":false},{"t":6.080890893936157,"c":{"r":[0.9994597434997559,-0.0020511241164058447,0.03280225396156311,0.0022248029708862305,0.9999836683273315,-0.005259102210402489,-0.032790929079055786,0.005329239182174206,0.9994480013847351],"p":[-465.2934265136719,104.78551483154297,373.3397216796875]},"j":false},{"t":6.1458258628845215,"c":{"r":[0.9994616508483887,0.00006308652518782765,-0.03280884027481079,-0.0000682618046994321,1,-0.00015662031364627182,0.032808829098939896,0.00015877558325883,0.9994616508483887],"p":[-465.29266357421875,106.27136993408203,373.4142761230469]},"j":false},{"t":6.211266040802002,"c":{"r":[0.9930847883224487,0.000005335495643521426,-0.11739933490753174,-0.000006138947355793789,1,-0.000006482142453023698,0.11739933490753174,0.000007158025709941285,0.9930847883224487],"p":[-465.29266357421875,107.6749496459961,373.4812927246094]},"j":false},{"t":6.28000283241272,"c":{"r":[0.9650788903236389,-2.544196888720762e-7,-0.26195937395095825,2.651765100836201e-7,1,5.712954109782231e-9,0.26195937395095825,-7.497892084984414e-8,0.9650788903236389],"p":[-465.25042724609375,108.99591827392578,373.2924499511719]},"j":false},{"t":6.347609758377075,"c":{"r":[0.9034256339073181,-1.259618755966585e-7,-0.4287448227405548,-1.7736150326186362e-8,1,-3.3116475606220774e-7,0.4287448227405548,3.0678702955810877e-7,0.9034256339073181],"p":[-465.0390625,109.37199401855469,372.5070495605469]},"j":false},{"t":6.4155988693237305,"c":{"r":[0.3931317627429962,-0.0405966155230999,-0.918585479259491,-0.027190368622541428,0.9980746507644653,-0.0557464174926281,0.9190800189971924,0.04689236730337143,0.39127102494239807],"p":[-464.10791015625,110.555908203125,371.0528869628906]},"j":false},{"t":6.47679877281189,"c":{"r":[-0.4454854428768158,-0.03123362548649311,-0.8947442173957825,-0.010622975416481495,0.999505341053009,-0.029601525515317917,0.8952261805534363,-0.0036822031252086163,-0.4455968737602234],"p":[-464.0389709472656,111.21847534179688,370.6820373535156]},"j":false},{"t":6.538274526596069,"c":{"r":[-0.8663725852966309,-0.014556367881596088,-0.49918603897094727,-0.007405953481793404,0.9998396635055542,-0.016301976516842842,0.49934330582618713,-0.010426636785268784,-0.8663414716720581],"p":[-464.2594909667969,111.2782211303711,371.265625]},"j":false},{"t":6.538274526596069,"c":{"r":[-0.9999024868011475,8.702798481863283e-9,-0.013964653015136719,8.351221936209186e-9,1,2.5234516698446896e-8,0.013964653015136719,2.5115433288647182e-8,-0.9999024868011475],"p":[-464.2745361328125,111.05215454101562,371.2647705078125]},"j":false},{"t":6.605681419372559,"c":{"r":[-0.9999024868011475,0.000014642198038927745,-0.013965612277388573,0.000014550376363331452,1,0.0000066764550865627825,0.013965612277388573,0.000006472599125117995,-0.9999024868011475],"p":[-464.2586364746094,110.73640441894531,372.5215759277344]},"j":false},{"t":6.6328442096710205,"c":{"r":[-0.9999024868011475,0.000001995966613321798,-0.013964681886136532,0.000001983511765502044,1,9.057346801455424e-7,0.013964681886136532,8.779472864262061e-7,-0.9999024868011475],"p":[-464.2484130859375,110.36847686767578,373.2537841796875]},"j":true},{"t":6.646603107452393,"c":{"r":[-0.9999024868011475,-0.0000033391499982826645,-0.013964726589620113,-0.000003318210474390071,1,-0.0000015226327150230645,0.013964726589620113,-0.0000014761463944523712,-0.9999024868011475],"p":[-464.24383544921875,111.02267456054688,373.580810546875]},"j":true},{"t":6.652759313583374,"c":{"r":[-0.9999024868011475,-0.000004086075023224112,-0.013964503072202206,-0.000004060464107169537,1,-0.0000018623682080942672,0.013964503072202206,-0.0000018054842030323925,-0.9999024868011475],"p":[-464.2422790527344,111.23392486572266,373.69232177734375]},"j":true},{"t":6.671928644180298,"c":{"r":[-0.9999024868011475,-0.000001620238549548958,-0.013964598067104816,-0.0000016100909761007642,1,-7.379106818916625e-7,0.013964598067104816,-7.153544174798299e-7,-0.9999024868011475],"p":[-464.2322082519531,112.42992401123047,374.4134521484375]},"j":false},{"t":6.738892078399658,"c":{"r":[-0.9999024868011475,1.1670450561496182e-7,-0.013965302146971226,1.1597400373375422e-7,1,5.3118352383307865e-8,0.013965302146971226,5.14935614148726e-8,-0.9999024868011475],"p":[-464.2025146484375,115.01972961425781,376.5390625]},"j":false},{"t":6.805147647857666,"c":{"r":[-0.9997809529304504,1.3077915639314597e-7,-0.02092909626662731,1.2971511864634522e-7,1,5.219807519551978e-8,0.02092909626662731,4.947182219439128e-8,-0.9997809529304504],"p":[-464.167724609375,116.73754119873047,378.67218017578125]},"j":false},{"t":6.871540546417236,"c":{"r":[-0.9997805953025818,-2.0576236181568675e-7,-0.02094552107155323,-2.0569908087963995e-7,1,-5.1758695107650965e-9,0.02094552107155323,-8.662594530584045e-10,-0.9997805953025818],"p":[-464.1588134765625,117.5560302734375,380.65924072265625]},"j":false},{"t":6.939197301864624,"c":{"r":[-0.9997945427894592,-0.00003795027078012936,-0.02027018740773201,-0.00003801497587119229,1,0.000002806875272653997,0.02027018740773201,0.000003576869403332239,-0.9997945427894592],"p":[-464.1561584472656,117.6651382446289,382.9110412597656]},"j":false},{"t":7.005499601364136,"c":{"r":[-0.9998033046722412,-0.0000996841408777982,-0.019832083955407143,-0.0000983408754109405,1,-0.00006870686775073409,0.01983208954334259,-0.0000667430431349203,-0.9998033046722412],"p":[-464.1534729003906,117.15245819091797,385.0333557128906]},"j":false},{"t":7.072340726852417,"c":{"r":[-0.9999129176139832,-0.00006232628220459446,0.01319579966366291,-0.00006194331217557192,1,0.000029430979338940233,-0.01319580152630806,0.00002861102439055685,-0.9999129176139832],"p":[-464.1494445800781,116.03434753417969,387.16107177734375]},"j":false},{"t":7.139457702636719,"c":{"r":[-0.9993714690208435,-0.0010965358233079314,0.0354323647916317,-0.0010964171960949898,0.9999994039535522,0.000022779977371101268,-0.035432368516922,-0.000016082993170130067,-0.9993720650672913],"p":[-464.33197021484375,116.12543487548828,389.29364013671875]},"j":false},{"t":7.205383777618408,"c":{"r":[-0.9996716976165771,-0.0019223905401304364,-0.025550462305545807,-0.0019123771926388144,0.9999980926513672,-0.0004163341363891959,0.025551212951540947,-0.00036733533488586545,-0.9996734261512756],"p":[-464.9559020996094,116.13622283935547,391.4251708984375]},"j":false},{"t":7.271536111831665,"c":{"r":[-0.9600903987884521,-0.02158459462225437,-0.27885571122169495,-0.01730571873486042,0.9996918439865112,-0.017797335982322693,0.2791539132595062,-0.012261254712939262,-0.9601680636405945],"p":[-465.07550048828125,116.1376724243164,393.44085693359375]},"j":false},{"t":7.339728832244873,"c":{"r":[-0.9314842820167542,-0.011248460039496422,-0.36360758543014526,-0.008877779357135296,0.9999270439147949,-0.008190498687326908,0.3636731803417206,-0.00440129404887557,-0.9315162301063538],"p":[-464.86358642578125,115.54730224609375,395.3149719238281]},"j":false},{"t":7.405162572860718,"c":{"r":[-0.855361819267273,-0.00009961210162146017,-0.5180310606956482,-0.000057360764913028106,1,-0.00009757695806911215,0.5180310606956482,-0.00005374894317355938,-0.855361819267273],"p":[-463.9934997558594,115.48632049560547,397.1531066894531]},"j":false},{"t":7.47157096862793,"c":{"r":[-0.6320269703865051,0.000002241795527879731,-0.774946391582489,0.0000014175921023706906,1,0.000001736686840558832,0.774946391582489,-9.249710997139005e-10,-0.6320269703865051],"p":[-462.6589050292969,116.01324462890625,398.7996826171875]},"j":false},{"t":7.538531064987183,"c":{"r":[-0.08250366896390915,-1.4338986886741623e-7,-0.9965907335281372,-3.674977122614109e-8,1,-1.4083803989706212e-7,0.9965907335281372,2.5004826653685086e-8,-0.08250366896390915],"p":[-460.7969970703125,115.99203491210938,399.6980285644531]},"j":false},{"t":7.60179591178894,"c":{"r":[0.19423842430114746,1.2787863212793127e-8,-0.9809543490409851,7.488181097414781e-8,1,2.7863466200983567e-8,0.9809543490409851,-7.886779229693275e-8,0.19423842430114746],"p":[-458.8153076171875,116.12195587158203,399.5321350097656]},"j":false},{"t":7.662437915802002,"c":{"r":[0.21473774313926697,7.044951644274988e-8,-0.9766717553138733,-2.8306674337841287e-8,1,6.590853729449009e-8,0.9766717553138733,1.3493278494536298e-8,0.21473774313926697],"p":[-457.01873779296875,116.05331420898438,399.15997314453125]},"j":false},{"t":7.72380256652832,"c":{"r":[0.2010808289051056,1.8122811695775454e-8,-0.9795746803283691,-6.308413702527105e-8,1,5.551185733310149e-9,0.9795746803283691,6.067938329579192e-8,0.2010808289051056],"p":[-455.103759765625,115.86531066894531,398.74212646484375]},"j":false},{"t":7.787909030914307,"c":{"r":[0.11147221177816391,-1.0960508944890535e-7,-0.9937675595283508,5.3436128411021855e-8,1,-1.0429848629200933e-7,0.9937675595283508,-4.147670651377666e-8,0.11147221177816391],"p":[-453.1504821777344,117.20649719238281,398.4072570800781]},"j":false},{"t":7.852783441543579,"c":{"r":[0.09758595377206802,2.421749734082823e-8,-0.9952270984649658,1.8062529250073567e-8,1,2.6104743255928042e-8,0.9952270984649658,-2.05237746797593e-8,0.09758595377206802],"p":[-451.0280456542969,117.68368530273438,398.19305419921875]},"j":false},{"t":7.919544458389282,"c":{"r":[0.06975942105054855,6.961463583365912e-8,-0.9975638389587402,-8.682287777617148e-9,1,6.917748862633744e-8,0.9975638389587402,3.835354256409573e-9,0.06975942105054855],"p":[-448.9159240722656,117.9542465209961,398.0010986328125]},"j":false},{"t":7.94681715965271,"c":{"r":[0.05582410842180252,1.4268755066382255e-8,-0.9984406232833862,-1.3312717150881781e-8,1,1.3546708643730199e-8,0.9984406232833862,1.2535724458473396e-8,0.05582410842180252],"p":[-448.1278076171875,118.38983917236328,397.94903564453125]},"j":true},{"t":7.954498291015625,"c":{"r":[0.05582410842180252,-4.138072551285177e-9,-0.9984406232833862,-1.4898013489528239e-8,1,-4.977502854330851e-9,0.9984406232833862,1.5152645360672068e-8,0.05582410842180252],"p":[-447.864990234375,118.82937622070312,397.93359375]},"j":true},{"t":7.963656663894653,"c":{"r":[0.05582412704825401,-2.2537037125403003e-8,-0.9984406232833862,-1.6482630371683626e-8,1,-2.3493800682672372e-8,0.9984406232833862,1.7768449822597177e-8,0.05582412704825401],"p":[-447.5996398925781,119.25528717041016,397.9185791015625]},"j":true},{"t":7.985618591308594,"c":{"r":[0.05582411587238312,-7.768677789954381e-8,-0.9984406232833862,-2.123242026641492e-8,1,-7.899524234744604e-8,0.9984406232833862,2.560915035587641e-8,0.05582411587238312],"p":[-446.8010559082031,120.45128631591797,397.8739013671875]},"j":false},{"t":8.046465635299683,"c":{"r":[0.0558241568505764,-1.0890774859717567e-7,-0.9984406232833862,-1.6351597409425267e-8,1,-1.0999207944450973e-7,0.9984406232833862,2.246631503055596e-8,0.0558241568505764],"p":[-444.8042907714844,122.90477752685547,397.76220703125]},"j":false},{"t":8.106767892837524,"c":{"r":[0.05582405999302864,1.0702628117087443e-8,-0.9984406232833862,1.1574853964191334e-8,1,1.1366507735033338e-8,0.9984406232833862,-1.2191329723520994e-8,0.05582405999302864],"p":[-442.9406433105469,124.50323486328125,397.657958984375]},"j":false},{"t":8.175216913223267,"c":{"r":[0.055824119597673416,1.4696286143589532e-7,-0.9984406232833862,4.3388624249018903e-8,1,1.4961830174797797e-7,0.9984406232833862,-5.1673271883601046e-8,0.055824119597673416],"p":[-440.8107604980469,125.51254272460938,397.538818359375]},"j":false},{"t":8.24025297164917,"c":{"r":[0.05582435056567192,2.7583078932025273e-8,-0.9984406232833862,3.7160010624148754e-9,1,2.783392538674434e-8,0.9984406232833862,-5.264017222117445e-9,0.05582435056567192],"p":[-438.6808776855469,125.64984893798828,397.419677734375]},"j":false},{"t":8.306362867355347,"c":{"r":[0.02861509844660759,-1.240850764361312e-7,-0.9995905160903931,-4.060763103552745e-8,1,-1.2529837079000572e-7,0.9995905160903931,4.417642784915188e-8,0.02861509844660759],"p":[-436.55072021484375,124.91515350341797,397.3050842285156]},"j":false},{"t":8.369431018829346,"c":{"r":[-0.048818495124578476,-4.809125897509148e-8,-0.9988076686859131,2.8584501876594004e-8,1,-4.954578614047023e-8,0.9988076686859131,-3.096916856293319e-8,-0.048818495124578476],"p":[-434.5515441894531,123.4344253540039,397.326171875]},"j":false},{"t":8.41358494758606,"c":{"r":[-0.04884716495871544,7.483443198452733e-8,-0.99880