{"d":[{"t":0.07084989547729492,"c":{"r":[0.0418802946805954,-1.145105876787511e-8,-0.9991226196289063,2.219410077941575e-8,1,-1.0530802896369096e-8,0.9991226196289063,-2.173359447965595e-8,0.0418802946805954],"p":[-426.99853515625,158.45216369628907,362.32049560546877]},"j":false},{"t":0.14014863967895509,"c":{"r":[0.30902099609375,-6.442031974529528e-8,-0.9510552287101746,8.101678616867503e-8,1,-4.1411297502236269e-8,0.9510552287101746,-6.425447907076887e-8,0.30902099609375],"p":[-424.7867126464844,158.67294311523438,361.9992980957031]},"j":false},{"t":0.17660927772521974,"c":{"r":[0.328870564699173,-8.120988326254519e-9,-0.9443750381469727,1.4458109376391804e-8,1,-3.564412098810976e-9,0.9443750381469727,-1.2481647715389954e-8,0.328870564699173],"p":[-423.9019775390625,158.85952758789063,361.70263671875]},"j":true},{"t":0.18706679344177247,"c":{"r":[0.328870564699173,1.655159920233018e-8,-0.9443750381469727,-1.4036601214684197e-8,1,1.2638384561114436e-8,0.9443750381469727,9.099422548786152e-9,0.328870564699173],"p":[-423.52423095703127,159.5137176513672,361.5711669921875]},"j":true},{"t":0.19705462455749513,"c":{"r":[0.328870564699173,4.120839491861261e-8,-0.9443750381469727,-4.2513068621019559e-8,1,2.8830813292302083e-8,0.9443750381469727,3.066667275675172e-8,0.328870564699173],"p":[-423.146484375,160.1372528076172,361.4396057128906]},"j":true},{"t":0.2050015926361084,"c":{"r":[0.328870564699173,5.7637489447870396e-8,-0.9443750381469727,-6.148724907006908e-8,1,3.962000860724402e-8,0.9443750381469727,4.503716510839695e-8,0.328870564699173],"p":[-422.8946533203125,160.53591918945313,361.3518981933594]},"j":false},{"t":0.26672816276550295,"c":{"r":[0.3288699686527252,7.345490615762174e-8,-0.944375216960907,-8.327948819442099e-8,1,4.878017278997504e-8,0.944375216960907,6.260474805230842e-8,0.3288699686527252],"p":[-421.00592041015627,163.0915985107422,360.694091796875]},"j":false},{"t":0.33142805099487307,"c":{"r":[0.3288698196411133,-9.590278793325524e-9,-0.9443752765655518,5.599542607370722e-9,1,-8.205168988695278e-9,0.9443752765655518,-2.5896373934131135e-9,0.3288698196411133],"p":[-418.99127197265627,164.97291564941407,359.992431640625]},"j":false},{"t":0.3935272693634033,"c":{"r":[0.31612884998321535,-8.373368842740092e-8,-0.9487162828445435,8.317916666555902e-8,1,-6.054323620219293e-8,0.9487162828445435,-5.97739600038949e-8,0.31612884998321535],"p":[-417.22845458984377,165.90374755859376,359.37847900390627]},"j":false},{"t":0.4595639705657959,"c":{"r":[0.1836746633052826,-2.0580684179094534e-7,-0.982987105846405,1.2534346893744442e-8,1,-2.070267299814077e-7,0.982987105846405,2.5704466111164949e-8,0.1836746633052826],"p":[-415.1802673339844,166.15005493164063,358.7869873046875]},"j":false},{"t":0.5200519561767578,"c":{"r":[0.06977447122335434,1.1217863260526429e-7,-0.9975627660751343,-4.276620391152619e-9,1,1.1215357886840138e-7,0.9975627660751343,-3.559259331709086e-9,0.06977447122335434],"p":[-413.1960754394531,165.3877410888672,358.5543212890625]},"j":false},{"t":0.5651555061340332,"c":{"r":[0.000003719004553204286,1.3223655059846351e-8,-1,-1.0439542563744908e-9,1,1.3223651507132672e-8,1,1.0439050734945e-9,0.000003719004553204286],"p":[-411.8646240234375,164.76150512695313,358.48822021484377]},"j":true},{"t":0.575221061706543,"c":{"r":[-0.013957586139440537,-1.645181413323371e-8,-0.999902606010437,-1.3798837628087313e-9,1,-1.6434155369893234e-8,0.999902606010437,1.1503682451063924e-9,-0.013957586139440537],"p":[-411.4647216796875,165.4156951904297,358.4789733886719]},"j":true},{"t":0.5819039344787598,"c":{"r":[-0.054316502064466479,-5.884871612238385e-8,-0.9985237717628479,-1.1750964645784734e-9,1,-5.8871798103155018e-8,0.9985237717628479,-2.0243482445891915e-9,-0.054316502064466479],"p":[-411.1981201171875,165.8347930908203,358.4793701171875]},"j":false},{"t":0.5842258930206299,"c":{"r":[-0.054316502064466479,-5.884871612238385e-8,-0.9985237717628479,-1.1750964645784734e-9,1,-5.8871798103155018e-8,0.9985237717628479,-2.0243482445891915e-9,-0.054316502064466479],"p":[-411.1981201171875,165.8347930908203,358.4793701171875]},"j":true},{"t":0.6390030384063721,"c":{"r":[-0.09755907207727432,-1.6506895406109835e-7,-0.9952297210693359,9.847165749476972e-9,1,-1.6682542991475203e-7,0.9952297210693359,-2.6075525738633588e-8,-0.09755907207727432],"p":[-409.47119140625,168.22683715820313,358.62066650390627]},"j":true},{"t":0.6473395824432373,"c":{"r":[-0.09757088869810105,-1.712940331799473e-7,-0.9952285885810852,1.1954332634900311e-8,1,-1.7328724766230153e-7,0.9952285885810852,-2.880508453984021e-8,-0.09757088869810105],"p":[-409.0731201171875,168.6970977783203,358.65966796875]},"j":false},{"t":0.7113437652587891,"c":{"r":[-0.11328014731407166,-0.0068979570642113689,-0.9935391545295715,-0.00006434785609599203,0.9999759197235107,-0.006935310084372759,0.9935630559921265,-0.0007217007805593312,-0.113277867436409],"p":[-407.99127197265627,170.58343505859376,358.8647155761719]},"j":false},{"t":0.7790908813476563,"c":{"r":[-0.11839920282363892,0.00009475867409491912,-0.9929660558700562,8.638317012810148e-7,1,0.00009532692638458684,0.9929660558700562,0.000010428876521473285,-0.11839920282363892],"p":[-407.68731689453127,171.71067810058595,359.09454345703127]},"j":false},{"t":0.8424725532531738,"c":{"r":[-0.12508060038089753,-0.0000015912042954369099,-0.9921466112136841,-1.4042748297526942e-8,1,-0.000001602029215064249,0.9921466112136841,-1.8645030763764226e-7,-0.12508060038089753],"p":[-406.8310852050781,171.97547912597657,359.3167724609375]},"j":false},{"t":0.9070775508880615,"c":{"r":[-0.16286173462867738,-0.010122648440301419,-0.9865970015525818,0.0028650364838540556,0.9999383091926575,-0.01073247566819191,0.9866447448730469,-0.0045745461247861389,-0.1628226935863495],"p":[-406.0275573730469,174.38658142089845,359.5928039550781]},"j":false},{"t":0.9783611297607422,"c":{"r":[-0.2703728675842285,-0.005109426565468311,-0.9627421498298645,-0.004365084692835808,0.9999821186065674,-0.004081191495060921,0.9627457857131958,0.0030990075320005419,-0.2703903615474701],"p":[-406.09228515625,174.3523712158203,360.03765869140627]},"j":false},{"t":0.9944183826446533,"c":{"r":[-0.3605285584926605,-0.00528945866972208,-0.9327331781387329,0.00015101883036550134,0.999983549118042,-0.005729203578084707,0.9327481389045715,-0.002206401899456978,-0.3605218529701233],"p":[-406.14990234375,174.40866088867188,360.13739013671877]},"j":true},{"t":1.0065019130706788,"c":{"r":[-0.40688735246658327,-0.004622858017683029,-0.9134666323661804,0.007255843374878168,0.9999392628669739,-0.008292462676763535,0.9134495258331299,-0.010002069175243378,-0.4068290889263153],"p":[-406.2283630371094,175.07225036621095,360.23504638671877]},"j":true},{"t":1.0493006706237794,"c":{"r":[-0.7607125639915466,0.0033110876102000477,-0.6490804553031921,0.02396169863641262,0.9994485974311829,-0.022984368726611139,0.6486464738845825,-0.033037565648555759,-0.7603724598884583],"p":[-406.4491882324219,177.48995971679688,360.60394287109377]},"j":false},{"t":1.0523130893707276,"c":{"r":[-0.7607125639915466,0.0033110876102000477,-0.6490804553031921,0.02396169863641262,0.9994485974311829,-0.022984368726611139,0.6486464738845825,-0.033037565648555759,-0.7603724598884583],"p":[-406.4491882324219,177.48995971679688,360.60394287109377]},"j":true},{"t":1.0862562656402588,"c":{"r":[-0.8588173985481262,-0.00015398797404486686,-0.5122818350791931,0.0013874175492674113,0.9999955892562866,-0.002626533852890134,0.5122799873352051,-0.002966461703181267,-0.8588134050369263],"p":[-406.47509765625,179.03211975097657,360.9952392578125]},"j":true},{"t":1.1097943782806397,"c":{"r":[-0.9229212999343872,-0.00003043132346647326,-0.3849886357784271,-0.0001313062384724617,0.9999999403953552,0.0002357316407142207,0.3849886357784271,0.000268113159108907,-0.9229212999343872],"p":[-406.47760009765627,180.02099609375,361.33734130859377]},"j":false},{"t":1.171973705291748,"c":{"r":[-0.946989893913269,-0.00002351567854930181,-0.3212634325027466,-0.000024787428628769704,1,-1.3146068056357763e-7,0.3212634325027466,0.00000783880204835441,-0.946989893913269],"p":[-406.4754943847656,181.90158081054688,362.4660949707031]},"j":false},{"t":1.2331466674804688,"c":{"r":[-0.9195517897605896,3.8473260133287115e-7,-0.3929687738418579,4.394061079437961e-7,1,-4.917460216802283e-8,0.3929687738418579,-2.1789148263451353e-7,-0.9195517897605896],"p":[-406.42352294921877,183.00424194335938,363.97198486328127]},"j":false},{"t":1.2954723834991456,"c":{"r":[-0.7812753915786743,-2.809072725540318e-7,-0.6241865158081055,2.4452866398405605e-8,1,-4.806443030247465e-7,0.6241865158081055,-3.907786947365821e-7,-0.7812753915786743],"p":[-405.8829345703125,183.34051513671876,365.6637268066406]},"j":false},{"t":1.358224630355835,"c":{"r":[-0.6320269703865051,2.3600573939575044e-8,-0.774946391582489,-4.786110952004208e-10,1,3.084480582060678e-8,0.774946391582489,1.9865646905259383e-8,-0.6320269703865051],"p":[-404.5464172363281,185.60833740234376,367.1161804199219]},"j":false},{"t":1.4209117889404297,"c":{"r":[-0.4446316063404083,-4.6415078003292368e-8,-0.8957135677337647,1.1740024064010868e-8,1,-5.764685084841403e-8,0.8957135677337647,-3.614730914591746e-8,-0.4446316063404083],"p":[-402.92523193359377,185.91751098632813,368.2845764160156]},"j":false},{"t":1.4896423816680909,"c":{"r":[-0.3485684394836426,4.088833804871683e-8,-0.9372833371162415,-4.197053371512993e-8,1,5.92328284199084e-8,0.9372833371162415,5.998497698556094e-8,-0.3485684394836426],"p":[-401.0373229980469,185.33627319335938,369.5390319824219]},"j":false},{"t":1.492720603942871,"c":{"r":[-0.3485684394836426,4.088833804871683e-8,-0.9372833371162415,-4.197053371512993e-8,1,5.92328284199084e-8,0.9372833371162415,5.998497698556094e-8,-0.3485684394836426],"p":[-401.0373229980469,185.33627319335938,369.5390319824219]},"j":true},{"t":1.503068447113037,"c":{"r":[-0.3420161306858063,5.167897398905552e-8,-0.9396941065788269,-4.8742776925791989e-8,1,7.273621349668247e-8,0.9396941065788269,7.068025809076062e-8,-0.3420161306858063],"p":[-400.8152160644531,185.7758026123047,369.6866149902344]},"j":true},{"t":1.5132596492767335,"c":{"r":[-0.304863840341568,7.513769162414974e-9,-0.9523959159851074,-5.6077400500953448e-8,1,2.5839822725970408e-8,0.9523959159851074,6.128551888195943e-8,-0.304863840341568],"p":[-400.475341796875,186.40956115722657,369.8946533203125]},"j":true},{"t":1.5577406883239747,"c":{"r":[-0.21737171709537507,-1.5596243940763089e-7,-0.9760888814926148,9.230739728138815e-9,1,-1.6183868467578578e-7,0.9760888814926148,-4.4189174985831417e-8,-0.21737171709537507],"p":[-399.1492919921875,188.4710693359375,370.48388671875]},"j":false},{"t":1.6272850036621094,"c":{"r":[0.3306807279586792,-0.000004169877684034873,-0.9437426924705505,2.8247879413356716e-7,1,-0.00000431946909884573,0.9437426924705505,0.0000011617779591688305,0.3306807279586792],"p":[-396.9350280761719,190.84634399414063,370.8316955566406]},"j":false},{"t":1.6971766948699952,"c":{"r":[0.39355361461639407,6.108912486979534e-8,-0.9193016886711121,-6.025886456484386e-9,1,6.387197970525449e-8,0.9193016886711121,-1.9597440115148858e-8,0.39355361461639407],"p":[-394.8825378417969,192.1826629638672,370.5108642578125]},"j":false},{"t":1.7670691013336182,"c":{"r":[0.5685110092163086,-2.2608671201851394e-7,-0.8226756453514099,1.496823465174657e-8,1,-2.6447494860804e-7,0.8226756453514099,1.3804292109398376e-7,0.5685110092163086],"p":[-392.8692626953125,192.64703369140626,369.5087890625]},"j":false},{"t":1.8343358039855958,"c":{"r":[0.5990232825279236,-8.369704573851777e-8,-0.8007315993309021,2.3715818198155604e-9,1,-1.027515494911313e-7,0.8007315993309021,5.965156901766022e-8,0.5990232825279236],"p":[-391.14776611328127,192.18484497070313,368.2493591308594]},"j":false},{"t":1.899425983428955,"c":{"r":[0.599027156829834,3.481772026248109e-8,-0.8007286787033081,-7.068434726420492e-9,1,3.819462790488615e-8,0.8007286787033081,-1.7219720760408565e-8,0.599027156829834],"p":[-389.43975830078127,190.85064697265626,366.9715270996094]},"j":false},{"t":1.972172737121582,"c":{"r":[0.43208926916122439,5.496180932595962e-8,-0.9018308520317078,-3.137631043870215e-9,1,5.944138337099503e-8,0.9018308520317078,-2.2854370840263983e-8,0.43208926916122439],"p":[-387.55316162109377,190.3253631591797,365.7218322753906]},"j":false},{"t":2.0434396266937258,"c":{"r":[0.12533791363239289,-9.78321992306519e-8,-0.9921141266822815,-2.0462572081214604e-8,1,-1.0119494220361958e-7,0.9921141266822815,3.2984768694177549e-8,0.12533791363239289],"p":[-385.4264221191406,189.03668212890626,364.9615478515625]},"j":false},{"t":2.1147565841674806,"c":{"r":[-0.2351641207933426,5.813745573846063e-8,-0.9719556570053101,2.157987033513109e-8,1,5.459368779270335e-8,0.9719556570053101,-8.136201046227143e-9,-0.2351641207933426],"p":[-383.0586242675781,189.00521850585938,365.15716552734377]},"j":false},{"t":2.1795032024383547,"c":{"r":[-0.29570460319519045,1.0540370709577474e-7,-0.9552794098854065,-2.2574317526391498e-8,1,1.1732591786994817e-7,0.9552794098854065,5.625859600399963e-8,-0.29570460319519045],"p":[-381.119384765625,189.0107421875,365.6458435058594]},"j":false},{"t":2.2437148094177248,"c":{"r":[-0.3090127408504486,-4.81519712991485e-8,-0.9510579109191895,-3.88598264677853e-9,1,-4.936729425253361e-8,0.9510579109191895,-1.1559327717236556e-8,-0.3090127408504486],"p":[-379.0879821777344,189.0112762451172,366.2969665527344]},"j":false},{"t":2.306663990020752,"c":{"r":[-0.31564563512802126,-4.545536214095591e-8,-0.9488771557807922,1.2280723105106972e-8,1,-5.198957708785201e-8,0.9488771557807922,-2.8063180224080498e-8,-0.31564563512802126],"p":[-377.18804931640627,189.01150512695313,366.9215393066406]},"j":false},{"t":2.3685967922210695,"c":{"r":[-0.31564563512802126,1.966860452284891e-8,-0.9488771557807922,2.2164343249642117e-8,1,1.3355286654359589e-8,0.9488771557807922,-1.6815700831784853e-8,-0.31564563512802126],"p":[-375.41668701171877,189.01171875,367.5107116699219]},"j":false},{"t":2.3822431564331056,"c":{"r":[-0.31564563512802126,3.3598400506207329e-8,-0.9488771557807922,2.4278415722278625e-8,1,2.7332333729646053e-8,0.9488771557807922,-1.440990171630574e-8,-0.31564563512802126],"p":[-375.037109375,189.0117645263672,367.636962890625]},"j":true},{"t":2.391904354095459,"c":{"r":[-0.31564563512802126,4.751926852009092e-8,-0.9488771557807922,2.639113283464667e-8,1,4.13004173083209e-8,0.9488771557807922,-1.2005645366741647e-8,-0.31564563512802126],"p":[-374.65753173828127,189.66595458984376,367.7632141113281]},"j":true},{"t":2.4028892517089845,"c":{"r":[-0.31564560532569888,5.67948887919556e-8,-0.9488771557807922,2.77988565500209e-8,1,5.060750041252504e-8,0.9488771557807922,-1.0403663708302702e-8,-0.31564560532569888],"p":[-374.40447998046877,190.08505249023438,367.8473815917969]},"j":true},{"t":2.4335131645202638,"c":{"r":[-0.34135162830352785,6.869836255418704e-8,-0.9399356842041016,3.5117938779194449e-8,1,6.033477006894828e-8,0.9399356842041016,-1.2413230443542034e-8,-0.34135162830352785],"p":[-373.3940734863281,191.62521362304688,368.1892395019531]},"j":false},{"t":2.4988062381744386,"c":{"r":[-0.3928816616535187,-1.259126065633609e-7,-0.9195890426635742,2.345098337741547e-8,1,-1.469418009492074e-7,0.9195890426635742,-7.929600798206593e-8,-0.3928816616535187],"p":[-371.4040832519531,194.051513671875,368.957275390625]},"j":false},{"t":2.5604662895202638,"c":{"r":[-0.4320380985736847,-1.5379734463749629e-7,-0.9018553495407105,-1.340406186045584e-8,1,-1.6411310355124443e-7,0.9018553495407105,-5.881458520207161e-8,-0.4320380985736847],"p":[-369.5857238769531,195.5342254638672,369.7894287109375]},"j":false},{"t":2.6229617595672609,"c":{"r":[-0.4135742783546448,-1.1171349711958101e-7,-0.9104703664779663,-1.6720713702511604e-8,1,-1.151034041413368e-7,0.9104703664779663,-3.23800968260457e-8,-0.4135742783546448],"p":[-367.77783203125,196.2505340576172,370.64453125]},"j":false},{"t":2.6870510578155519,"c":{"r":[-0.35639092326164248,-1.3095120721118293e-7,-0.9343369603157044,1.2514068892244268e-8,1,-1.449274975584558e-7,0.9343369603157044,-6.334320090672918e-8,-0.35639092326164248],"p":[-365.9397277832031,196.20042419433595,371.43206787109377]},"j":false},{"t":2.747762680053711,"c":{"r":[-0.31616565585136416,-1.1290993029433594e-7,-0.9487040042877197,1.0045329013053106e-8,1,-1.2236263557952044e-7,0.9487040042877197,-4.8216907799769618e-8,-0.31616565585136416],"p":[-364.1858215332031,195.46218872070313,372.0705261230469]},"j":false},{"t":2.815838575363159,"c":{"r":[-0.3023671805858612,-7.29590112769074e-8,-0.9531915187835693,1.6867103269646578e-9,1,-7.707686222602206e-8,0.9531915187835693,-2.4913271445825559e-8,-0.3023671805858612],"p":[-362.0280456542969,193.66822814941407,372.76470947265627]},"j":false},{"t":2.8769006729125978,"c":{"r":[-0.2626601755619049,-2.875822247005999e-8,-0.9648883938789368,-6.379084815932856e-9,1,-2.806821086664968e-8,0.9648883938789368,-1.217296596855988e-9,-0.2626601755619049],"p":[-360.11456298828127,191.26780700683595,373.34619140625]},"j":false},{"t":2.9010605812072756,"c":{"r":[-0.2559541165828705,-7.917049771322127e-8,-0.9666889309883118,-5.455678131482955e-9,1,-8.04541073762266e-8,0.9666889309883118,-1.531861570924775e-8,-0.2559541165828705],"p":[-359.47137451171877,190.29736328125,373.5215759277344]},"j":true},{"t":2.9103047847747804,"c":{"r":[-0.2556227445602417,-1.0331802258178868e-7,-0.9667766094207764,-4.8038191202692818e-9,1,-1.05598395805373e-7,0.9667766094207764,-2.2349132322574407e-8,-0.2556227445602417],"p":[-359.21368408203127,189.8853302001953,373.59014892578127]},"j":true},{"t":2.9385714530944826,"c":{"r":[-0.25544673204421999,-7.833798321144059e-8,-0.9668231010437012,1.5221337523740886e-9,1,-8.142834673208199e-8,0.9668231010437012,-2.2272239164067288e-8,-0.25544673204421999],"p":[-358.18243408203127,188.84730529785157,373.8627014160156]},"j":false},{"t":2.9503583908081056,"c":{"r":[-0.2554428279399872,-6.771531957383559e-8,-0.9668241739273071,3.232065060032596e-9,1,-7.08928595827274e-8,0.9668241739273071,-2.1233910629803178e-8,-0.2554428279399872],"p":[-357.92462158203127,188.88790893554688,373.9308166503906]},"j":true},{"t":2.9605491161346437,"c":{"r":[-0.25544261932373049,-5.709711459189748e-8,-0.9668242335319519,4.941290931981257e-9,1,-6.036188437974488e-8,0.9668242335319519,-2.0196358363477885e-8,-0.25544261932373049],"p":[-357.66680908203127,189.33084106445313,373.9989318847656]},"j":true},{"t":2.9802000522613527,"c":{"r":[-0.25544241070747378,-3.057145647744619e-8,-0.9668242931365967,9.211202467440671e-9,1,-3.405416038049225e-8,0.9668242931365967,-1.7604492086320535e-8,-0.25544241070747378],"p":[-357.02227783203127,190.38710021972657,374.1692199707031]},"j":true},{"t":3.0012362003326418,"c":{"r":[-0.24892829358577729,-4.788537566469131e-9,-0.9685218930244446,1.3433306911281307e-8,1,-8.396781936426123e-9,0.9685218930244446,-1.5100649619625984e-8,-0.24892829358577729],"p":[-356.37774658203127,191.35821533203126,374.3395080566406]},"j":false},{"t":3.0031251907348635,"c":{"r":[-0.24892829358577729,-4.788537566469131e-9,-0.9685218930244446,1.3433306911281307e-8,1,-8.396781936426123e-9,0.9685218930244446,-1.5100649619625984e-8,-0.24892829358577729],"p":[-356.37774658203127,191.35821533203126,374.3395080566406]},"j":true},{"t":3.062530040740967,"c":{"r":[-0.25527527928352358,5.3823441703571009e-8,-0.9668684005737305,2.6888404391911537e-8,1,4.8568651322966619e-8,0.9668684005737305,-1.3599173342981885e-8,-0.25527527928352358],"p":[-354.4410095214844,193.7606201171875,374.8388977050781]},"j":false},{"t":3.1239333152770998,"c":{"r":[-0.2554416060447693,8.757353953114944e-8,-0.966824471950531,4.197826797280868e-8,1,7.948758451448157e-8,0.966824471950531,-2.0281181178916087e-8,-0.2554416060447693],"p":[-352.50738525390627,195.3966064453125,375.34967041015627]},"j":false},{"t":3.18493914604187,"c":{"r":[-0.2753880023956299,7.48229069813533e-8,-0.961333155632019,5.867766361689064e-8,1,6.102336413960075e-8,0.961333155632019,-3.960368033517625e-8,-0.2753880023956299],"p":[-350.70751953125,196.23207092285157,375.8442687988281]},"j":false},{"t":3.2459089756011965,"c":{"r":[-0.30876484513282778,-7.194503126584095e-8,-0.951138436794281,7.432160487041983e-8,1,-9.976773895914448e-8,0.951138436794281,-1.014948978195207e-7,-0.30876484513282778],"p":[-348.7939758300781,196.38633728027345,376.4253234863281]},"j":false},{"t":3.309959650039673,"c":{"r":[-0.33488762378692629,-1.5231736938403629e-7,-0.9422580599784851,-1.1995790138996654e-8,1,-1.5738801550924109e-7,0.9422580599784851,-4.1404163653169238e-8,-0.33488762378692629],"p":[-346.76953125,195.70614624023438,377.0981140136719]},"j":false},{"t":3.3740527629852297,"c":{"r":[-0.3810407221317291,-1.1319255577291188e-7,-0.9245582222938538,2.5672306502855237e-9,1,-1.2348684208518535e-7,0.9245582222938538,-4.942706866017943e-8,-0.3810407221317291],"p":[-344.90484619140627,194.27650451660157,377.8204040527344]},"j":false},{"t":3.4354143142700197,"c":{"r":[-0.3810664415359497,-4.0855336891354457e-8,-0.9245476722717285,3.3803011945110487e-8,1,-5.812197301224842e-8,0.9245476722717285,-5.340082864790929e-8,-0.3810664415359497],"p":[-343.1791687011719,192.25071716308595,378.5317687988281]},"j":false},{"t":3.4967641830444338,"c":{"r":[-0.34201663732528689,3.410746884924265e-8,-0.9396939277648926,6.539602281918633e-8,1,1.2494432155563118e-8,0.9396939277648926,-5.7178937140633937e-8,-0.34201663732528689],"p":[-341.31719970703127,192.2135772705078,379.26141357421877]},"j":false},{"t":3.5641722679138185,"c":{"r":[-0.3420160710811615,9.008572732227549e-8,-0.9396941065788269,7.479923169739777e-8,1,6.864275547968646e-8,0.9396941065788269,-4.681147558471821e-8,-0.3420160710811615],"p":[-339.1871032714844,192.2510528564453,380.03662109375]},"j":false},{"t":3.6311206817626955,"c":{"r":[-0.3420160710811615,-7.779943445029858e-8,-0.9396941065788269,-9.213201224156364e-8,1,-4.925943741795891e-8,0.9396941065788269,6.972838662022696e-8,-0.3420160710811615],"p":[-337.1822204589844,192.25387573242188,380.76611328125]},"j":false},{"t":3.6913223266601564,"c":{"r":[-0.3420160710811615,-3.102017487321973e-8,-0.9396941065788269,-2.051598180230485e-8,1,-2.5543823056750626e-8,0.9396941065788269,1.0542349215825198e-8,-0.3420160710811615],"p":[-335.4279479980469,192.2541046142578,381.4044189453125]},"j":false},{"t":3.752488851547241,"c":{"r":[-0.32886311411857607,1.8385499345185964e-8,-0.944377601146698,5.5906117069071118e-8,1,4.222757058846942e-14,0.944377601146698,-5.279647297129486e-8,-0.32886311411857607],"p":[-333.5483703613281,192.2541046142578,382.08831787109377]},"j":false},{"t":3.8196165561676027,"c":{"r":[-0.33544808626174929,5.365241051435987e-8,-0.9420586824417114,1.018091708715474e-7,1,2.0700111846849724e-8,0.9420586824417114,-8.896639513977789e-8,-0.33544808626174929],"p":[-331.53179931640627,192.2541046142578,382.78424072265627]},"j":false},{"t":3.8841824531555177,"c":{"r":[-0.342017263174057,-3.713185492415505e-8,-0.9396936893463135,-8.456301259229804e-8,1,-8.736727785674248e-9,0.9396936893463135,7.647521726994455e-8,-0.342017263174057],"p":[-329.6484375,192.2541046142578,383.4573669433594]},"j":false},{"t":3.9529190063476564,"c":{"r":[-0.28902843594551089,-9.921819810188026e-9,-0.957320511341095,-1.8729300776954007e-8,1,-4.70951944109288e-9,0.957320511341095,1.6568758809398788e-8,-0.28902843594551089],"p":[-327.50299072265627,192.2541046142578,384.1878356933594]},"j":false},{"t":4.0164148807525639,"c":{"r":[-0.2621857225894928,2.74481770645707e-8,-0.9650174379348755,7.724832329358833e-8,1,7.455584594140419e-9,0.9650174379348755,-7.259123435687798e-8,-0.2621857225894928],"p":[-325.4534606933594,192.2541046142578,384.77947998046877]},"j":false},{"t":4.068875789642334,"c":{"r":[-0.22834713757038117,2.7655881140731254e-8,-0.9735797643661499,7.805478929867604e-8,1,1.0099112657258047e-8,0.9735797643661499,-7.36864649297786e-8,-0.22834713757038117],"p":[-323.90240478515627,192.2541046142578,385.1718444824219]},"j":true},{"t":4.076242923736572,"c":{"r":[-0.2215452939271927,2.327981007965718e-8,-0.9751501083374023,6.635674765220756e-8,1,8.797400141702383e-9,0.9751501083374023,-6.275876529571178e-8,-0.2215452939271927],"p":[-323.77264404296877,192.47557067871095,385.2024230957031]},"j":true},{"t":4.082688331604004,"c":{"r":[-0.22154457867145539,1.556021622661774e-8,-0.9751502275466919,4.296814992699183e-8,1,6.194794455183228e-9,0.9751502275466919,-4.052797919484874e-8,-0.22154457867145539],"p":[-323.51312255859377,192.90829467773438,385.2635803222656]},"j":false},{"t":4.09286904335022,"c":{"r":[-0.22154457867145539,7.843969918042149e-9,-0.9751502275466919,1.958954953806824e-8,1,3.5933043207592165e-9,0.9751502275466919,-1.8306677063151257e-8,-0.22154457867145539],"p":[-323.25323486328127,193.327392578125,385.3232116699219]},"j":true},{"t":4.148725509643555,"c":{"r":[-0.22154459357261659,-4.607746362239595e-8,-0.9751502275466919,-1.4378136370396533e-7,1,-1.4585933350019787e-8,0.9751502275466919,1.369770075143606e-7,-0.22154459357261659],"p":[-321.43316650390627,195.8795928955078,385.73687744140627]},"j":false},{"t":4.199925422668457,"c":{"r":[-0.19452731311321259,-4.886959459327045e-8,-0.9808971285820007,-7.406255519981642e-8,1,-3.5133556508526456e-8,0.9808971285820007,6.581331035704352e-8,-0.19452731311321259],"p":[-319.8687438964844,197.53582763671876,386.07208251953127]},"j":true},{"t":4.2156665325164799,"c":{"r":[-0.18767720460891725,-6.131333663006444e-8,-0.9822307825088501,-5.014268467107286e-8,1,-5.284165283114817e-8,0.9822307825088501,3.933451253601561e-8,-0.18767720460891725],"p":[-319.34564208984377,197.97891235351563,386.17620849609377]},"j":false},{"t":4.282705307006836,"c":{"r":[-0.04991593584418297,-1.746063134078213e-7,-0.9987534284591675,1.2454278497386895e-8,1,-1.7544668651225948e-7,0.9987534284591675,-2.1196338906293023e-8,-0.04991593584418297],"p":[-317.235595703125,199.2062225341797,386.4764099121094]},"j":false},{"t":4.348540544509888,"c":{"r":[0.17254094779491425,-2.1924725501776266e-7,-0.985002338886261,1.2126420756430889e-8,1,-2.2046134517950123e-7,0.985002338886261,2.609405846953905e-8,0.17254094779491425],"p":[-315.11041259765627,199.5615234375,386.3704528808594]},"j":false},{"t":4.416791915893555,"c":{"r":[0.5000030398368836,6.362648719004938e-8,-0.8660236597061157,-7.61477725319537e-9,1,6.907325911242879e-8,0.8660236597061157,-2.7942260061308845e-8,0.5000030398368836],"p":[-313.0762023925781,202.1148681640625,385.7591857910156]},"j":false},{"t":4.478461027145386,"c":{"r":[0.6133771538734436,-0.025674691423773767,-0.7893727421760559,0.0016629743622615934,0.9995112419128418,-0.031217334792017938,0.7897884249687195,0.01783529296517372,0.6131200194358826],"p":[-313.2164611816406,202.39108276367188,384.9464111328125]},"j":false},{"t":4.5454628467559818,"c":{"r":[0.8916437029838562,-0.005764898844063282,-0.45270106196403506,-0.0046930210664868359,0.9997475147247315,-0.021974647417664529,0.4527134597301483,0.021718092262744905,0.8913915157318115],"p":[-313.403076171875,202.45944213867188,383.9794616699219]},"j":false},{"t":4.570681571960449,"c":{"r":[0.9642046689987183,-0.027704693377017976,-0.26370787620544436,0.022614985704421998,0.9994951486587524,-0.02231724187731743,0.26419302821159365,0.0155546385794878,0.9643443822860718],"p":[-313.43389892578127,202.4624481201172,383.5587158203125]},"j":true},{"t":4.581950426101685,"c":{"r":[0.9643062949180603,-0.04126137122511864,-0.2615547180175781,0.03596550226211548,0.9990401864051819,-0.025004353374242784,0.2623353600502014,0.014704909175634385,0.9648647308349609],"p":[-313.4189758300781,203.1268310546875,383.2772216796875]},"j":true},{"t":4.593217849731445,"c":{"r":[0.9906537532806397,-0.03450227156281471,-0.13196486234664918,0.032126285135746,0.9992818236351013,-0.020092256367206575,0.13256332278251649,0.015664931386709214,0.9910507202148438],"p":[-313.3931884765625,203.56005859375,383.0795593261719]},"j":true},{"t":4.610581398010254,"c":{"r":[0.9967648386955261,-0.0064796567894518379,-0.08011170476675034,0.006230234168469906,0.9999749660491943,-0.0033630006946623327,0.08013149350881577,0.00285300612449646,0.9967802166938782],"p":[-313.29571533203127,204.77793884277345,382.42864990234377]},"j":false},{"t":4.678586006164551,"c":{"r":[0.9971991777420044,-0.0001247731997864321,-0.07479169219732285,0.00014424951223190874,0.9999999403953552,0.00025500552146695554,0.07479166239500046,-0.0002650799578987062,0.9971991181373596],"p":[-313.2642517089844,207.351806640625,380.41717529296877]},"j":false},{"t":4.739820718765259,"c":{"r":[0.9965118765830994,-0.000039338789065368476,-0.0834512785077095,0.0000388197076972574,1,-0.000007842761078791228,0.0834512785077095,0.0000045758501983073078,0.9965118765830994],"p":[-313.2661437988281,208.9328155517578,378.4461364746094]},"j":false},{"t":4.807369947433472,"c":{"r":[0.9965054988861084,-0.00004260268542566337,-0.08352717757225037,0.00004250426354701631,1,-0.000002956583784907707,0.08352717757225037,-6.040089033376717e-7,0.9965054988861084],"p":[-313.2747497558594,209.77426147460938,376.3609924316406]},"j":false},{"t":4.868646621704102,"c":{"r":[0.996819019317627,-0.00010168404696742073,-0.07969807088375092,0.00011577668919926509,1,0.00017220446898136288,0.07969805598258972,-0.00018088387150783092,0.996819019317627],"p":[-313.2617492675781,210.13885498046876,374.4004821777344]},"j":false},{"t":4.936991930007935,"c":{"r":[0.9994277954101563,-0.012377848848700524,-0.0314774364233017,0.012236231006681919,0.9999141693115234,-0.004687670152634382,0.031532756984233859,0.0042998227290809158,0.9994934797286987],"p":[-313.34490966796877,210.43675231933595,372.300048828125]},"j":false},{"t":5.000497579574585,"c":{"r":[0.9997808337211609,0.0005311801214702427,0.020929042249917985,-0.00053590681636706,0.9999998211860657,0.00022023670317139477,-0.020928923040628434,-0.00023140445409808308,0.9997809529304504],"p":[-313.4732666015625,210.46697998046876,370.17523193359377]},"j":false},{"t":5.003804922103882,"c":{"r":[0.9997808337211609,0.0005311801214702427,0.020929042249917985,-0.00053590681636706,0.9999998211860657,0.00022023670317139477,-0.020928923040628434,-0.00023140445409808308,0.9997809529304504],"p":[-313.4732666015625,210.46697998046876,370.17523193359377]},"j":true},{"t":5.011694669723511,"c":{"r":[0.9997804164886475,0.0009216131875291467,0.020933816209435464,-0.0009285104461014271,0.9999995231628418,0.0003197614860255271,-0.02093351073563099,-0.0003391285426914692,0.9997808337211609],"p":[-313.4795837402344,210.909912109375,369.9089050292969]},"j":true},{"t":5.060969591140747,"c":{"r":[0.9999747276306152,0.002279563806951046,-0.006733506452292204,-0.002275140257552266,0.9999971985816956,0.0006645307294093072,0.006735002156347036,-0.0006491942331194878,0.9999771118164063],"p":[-313.5100402832031,213.33583068847657,368.4439697265625]},"j":true},{"t":5.067713499069214,"c":{"r":[0.9999101758003235,0.0011775982566177846,-0.013351812958717347,-0.0011731772683560849,0.9999992251396179,0.0003389428893569857,0.013352202251553536,-0.0003232484159525484,0.999910831451416],"p":[-313.5090637207031,213.95938110351563,368.04425048828127]},"j":false},{"t":5.131528377532959,"c":{"r":[0.9874396324157715,-0.000021141111574252137,-0.1579967737197876,0.000020181125364615583,1,-0.00000768034442444332,0.1579967737197876,0.000004395323685457697,0.9874396324157715],"p":[-313.3866882324219,216.61724853515626,366.0498046875]},"j":false},{"t":5.197282791137695,"c":{"r":[0.9753554463386536,-0.00011445012205513194,-0.22063936293125153,0.00011659046867862344,1,-0.000003322035354358377,0.22063934803009034,-0.00002248428063467145,0.9753554463386536],"p":[-313.310791015625,218.44940185546876,364.1280212402344]},"j":false},{"t":5.257404565811157,"c":{"r":[0.9046289324760437,-0.000014901382201060187,-0.4262000620365143,0.000013324988685781137,1,-0.000006680459591734689,0.4262000620365143,3.6422571270122719e-7,0.9046289324760437],"p":[-313.3608093261719,219.48362731933595,362.2211608886719]},"j":false},{"t":5.328124284744263,"c":{"r":[0.4817883372306824,-0.00013202645641285926,-0.876287579536438,-0.0007251716451719403,0.9999995827674866,-0.0005493694334290922,0.8762873411178589,0.000900138751603663,0.4817880392074585],"p":[-313.2040100097656,219.7283935546875,360.18353271484377]},"j":false},{"t":5.391055583953857,"c":{"r":[-0.4300033152103424,-0.04269901290535927,-0.9018170237541199,-0.016368092969059945,0.9990854859352112,-0.03949984163045883,0.902678906917572,-0.002224037889391184,-0.430308997631073],"p":[-313.1116943359375,218.96865844726563,359.3639831542969]},"j":false},{"t":5.406350612640381,"c":{"r":[-0.5812550783157349,-0.03190578147768974,-0.8130956888198853,-0.01752791367471218,0.9994900822639465,-0.02668975479900837,0.8135325908660889,-0.0012616837630048395,-0.5815179347991943],"p":[-313.2193603515625,218.8158721923828,359.4122009277344]},"j":true},{"t":5.418431043624878,"c":{"r":[-0.5986102819442749,-0.012564249336719513,-0.8009418845176697,-0.011584386229515076,0.9999082088470459,-0.007027430459856987,0.800956666469574,0.005071727558970451,-0.5987008810043335],"p":[-313.2345886230469,219.48020935058595,359.4751281738281]},"j":true},{"t":5.456744432449341,"c":{"r":[-0.9793315529823303,-0.02675018087029457,-0.20048487186431886,-0.029171939939260484,0.9995326995849609,0.00913445558398962,0.2001468390226364,0.01479419320821762,-0.9796541929244995],"p":[-313.40081787109377,221.6896514892578,359.6795654296875]},"j":false},{"t":5.4746716022491459,"c":{"r":[-0.9990403652191162,-0.026088006794452668,-0.03518160805106163,-0.026512423530220987,0.9995805621147156,0.01165144145488739,0.03486288711428642,0.012573007494211197,-0.9993129968643189],"p":[-313.4159851074219,222.56558227539063,359.7632751464844]},"j":true},{"t":5.518506765365601,"c":{"r":[-0.9379764199256897,-0.00020775724260602146,0.3466990292072296,-0.0003723694826476276,0.9999998211860657,-0.00040818279376253486,-0.3466988801956177,-0.0005119659472256899,-0.9379763603210449],"p":[-313.44451904296877,224.52574157714845,360.1215515136719]},"j":false},{"t":5.5825042724609379,"c":{"r":[-0.8862274885177612,-1.0011530093834154e-7,0.4632503092288971,0.0000034339007015660174,1,0.000006785386631236179,-0.4632503092288971,0.000007604151505802292,-0.8862274885177612],"p":[-313.7544250488281,226.95294189453126,361.160888671875]},"j":false},{"t":5.649327516555786,"c":{"r":[-0.8862059712409973,9.025718838984176e-8,0.4632914960384369,3.9196883960812559e-8,1,-1.1983962622252876e-7,-0.4632914960384369,-8.804300932752085e-8,-0.8862059712409973],"p":[-314.51580810546877,228.57638549804688,362.8104553222656]},"j":false},{"t":5.71565318107605,"c":{"r":[-0.9439137578010559,8.652194338765185e-8,0.33019205927848818,3.761031308613383e-8,1,-1.545193129004474e-7,-0.33019205927848818,-1.3343428406642489e-7,-0.9439137578010559],"p":[-315.3475646972656,229.19131469726563,364.6181335449219]},"j":false},{"t":5.782227993011475,"c":{"r":[-0.9966228604316711,5.264625713152782e-8,0.08211520314216614,2.07601278390257e-8,1,-3.8916348898965227e-7,-0.08211520314216614,-3.861444781705359e-7,-0.9966228604316711],"p":[-315.9057312011719,229.00250244140626,366.6731262207031]},"j":false},{"t":5.84790825843811,"c":{"r":[-0.9913558959960938,-2.9339579654674709e-8,-0.13120006024837495,1.1722918191736654e-9,1,-2.3248266245445849e-7,0.13120006024837495,-2.3062686693720026e-7,-0.9913558959960938],"p":[-315.9083557128906,227.9416961669922,368.79669189453127]},"j":false},{"t":5.916083335876465,"c":{"r":[-0.9348248839378357,2.5548940740804939e-8,-0.3551091253757477,-1.2456457199050419e-8,1,1.0473836198343634e-7,0.3551091253757477,1.0233542724336076e-7,-0.9348248839378357],"p":[-315.40643310546877,226.33084106445313,370.864013671875]},"j":false},{"t":5.9763853549957279,"c":{"r":[-0.924544632434845,2.5607908682445669e-8,-0.3810737431049347,9.6545327288311e-10,1,6.485701220526608e-8,0.3810737431049347,5.959529403298802e-8,-0.924544632434845],"p":[-314.71063232421877,226.44491577148438,372.595947265625]},"j":true},{"t":5.98174786567688,"c":{"r":[-0.924544632434845,2.5228144906463968e-8,-0.3810737431049347,2.8966393728069308e-9,1,5.9175086164486859e-8,0.3810737431049347,5.360617549854396e-8,-0.924544632434845],"p":[-314.6090087890625,226.8844451904297,372.84246826171877]},"j":false},{"t":5.9839770793914799,"c":{"r":[-0.924544632434845,2.5228144906463968e-8,-0.3810737431049347,2.8966393728069308e-9,1,5.9175086164486859e-8,0.3810737431049347,5.360617549854396e-8,-0.924544632434845],"p":[-314.6090087890625,226.8844451904297,372.84246826171877]},"j":true},{"t":5.99352240562439,"c":{"r":[-0.9245444536209106,2.4848567647950405e-8,-0.3810741901397705,4.827003685647924e-9,1,5.349559017986394e-8,0.3810741901397705,4.761960781252128e-8,-0.9245444536209106],"p":[-314.50738525390627,227.31036376953126,373.0889892578125]},"j":true},{"t":6.048150300979614,"c":{"r":[-0.9549883008003235,-2.7360870902271018e-8,-0.2966434359550476,1.4083628485650479e-8,1,-1.3757448869000655e-7,0.2966434359550476,-1.355598442387418e-7,-0.9549883008003235],"p":[-313.8478698730469,229.91024780273438,374.8345031738281]},"j":false},{"t":6.1151769161224369,"c":{"r":[-0.9936311841011047,-1.1440270064611014e-8,-0.11268103122711182,9.014518020933338e-9,1,-1.8101872001352604e-7,0.11268103122711182,-1.8088161368723377e-7,-0.9936311841011047],"p":[-313.3801574707031,232.06405639648438,376.912109375]},"j":false},{"t":6.176141023635864,"c":{"r":[-0.9930293560028076,-0.0000345574771927204,-0.11786728352308274,-0.00003948117955587804,1,0.000039438360545318577,0.11786728352308274,0.000043816988181788477,-0.9930293560028076],"p":[-313.2892150878906,233.2808837890625,378.8730163574219]},"j":false},{"t":6.240402698516846,"c":{"r":[-0.9929652810096741,-0.00001139284904638771,-0.11840607225894928,-0.000011212917343073059,1,-0.0000021857947558601156,0.11840607225894928,-8.427408602074138e-7,-0.9929652810096741],"p":[-313.29095458984377,233.71871948242188,380.8175354003906]},"j":false},{"t":6.309881687164307,"c":{"r":[-0.9929879903793335,-0.00004681720747612417,-0.11821547895669937,-0.000046453285904135558,1,-0.000005833870545757236,0.11821547895669937,-3.014660592270957e-7,-0.9929879903793335],"p":[-313.2787170410156,233.34068298339845,382.8992919921875]},"j":false},{"t":6.37374210357666,"c":{"r":[-0.9937344193458557,-0.00016051306738518178,-0.11176688224077225,-0.00024043230223469436,0.9999997019767761,0.0007015749579295516,0.1117667406797409,0.0007240515551529825,-0.9937341809272766],"p":[-313.27484130859377,233.74136352539063,384.9648742675781]},"j":false},{"t":6.4395060539245609,"c":{"r":[-0.9865575432777405,-0.0011998232221230865,-0.1634097397327423,-0.0010809588711708785,0.9999991059303284,-0.0008163155289366841,0.16341055929660798,-0.0006287030410021544,-0.9865579605102539],"p":[-313.2878723144531,234.38839721679688,386.9848327636719]},"j":false},{"t":6.506893873214722,"c":{"r":[-0.9851542115211487,-0.0007502963999286294,-0.17167001962661744,-0.0006708409637212753,0.9999996423721314,-0.0005208501243032515,0.1716703474521637,-0.000397954456275329,-0.985154390335083],"p":[-313.2901916503906,234.46070861816407,388.9801025390625]},"j":false},{"t":6.54357647895813,"c":{"r":[-0.974323034286499,-0.0006024886388331652,-0.22515393793582917,-0.000489564030431211,0.9999997019767761,-0.000557374267373234,0.22515420615673066,-0.00043283530976623297,-0.974323034286499],"p":[-313.30426025390627,234.4668731689453,389.9674377441406]},"j":true},{"t":6.551261901855469,"c":{"r":[-0.958886981010437,-0.0006517059518955648,-0.2837875485420227,-0.0004714684037026018,0.9999996423721314,-0.0007034162990748882,0.28378790616989138,-0.0005406998097896576,-0.9588869214057922],"p":[-313.327880859375,234.90977478027345,390.20849609375]},"j":true},{"t":6.56719970703125,"c":{"r":[-0.9144335389137268,-0.0006210450665093958,-0.4047355353832245,-0.0003497957659419626,0.9999996423721314,-0.0007441399502567947,0.40473586320877077,-0.0005388917634263635,-0.914433479309082],"p":[-313.34259033203127,235.76161193847657,390.6914978027344]},"j":true},{"t":6.572467565536499,"c":