{"d":[{"t":0,"c":{"r":[0.9477307796478272,-0.000026622128643793986,-0.31907108426094057,-5.254241273178195e-7,1,-0.00008499701652908698,0.31907108426094057,0.00008072193304542452,0.9477307796478272],"p":[-289.2322692871094,252.91583251953126,373.9631042480469]},"j":false},{"t":0.06273531913757324,"c":{"r":[0.668846070766449,-0.00010202130215475336,-0.7434009313583374,-0.000006248848421819275,1,-0.0001428580580977723,0.7434009313583374,0.00010019545152317733,0.668846070766449],"p":[-287.5424499511719,252.91583251953126,373.92742919921877]},"j":false},{"t":0.12354350090026856,"c":{"r":[0.4170105457305908,-0.000041908864659490067,-0.9089016318321228,1.2503990376444563e-7,1,-0.00004605198046192527,0.9089016318321228,0.00001909051206894219,0.4170105457305908],"p":[-285.54278564453127,252.91583251953126,373.885498046875]},"j":false},{"t":0.18609142303466798,"c":{"r":[0.25361067056655886,-0.000014663102774647996,-0.96730637550354,3.81917061531567e-7,1,-0.00001505856380390469,0.96730637550354,0.0000034495824365876617,0.25361067056655886],"p":[-283.5430908203125,252.91583251953126,373.8436584472656]},"j":false},{"t":0.24947357177734376,"c":{"r":[0.1556926816701889,-0.0000049421159928897399,-0.9878055453300476,1.8324878681141855e-7,1,-0.000004974243438482517,0.9878055453300476,5.934392106610176e-7,0.1556926816701889],"p":[-281.54364013671877,252.91583251953126,373.80169677734377]},"j":false},{"t":0.3119521141052246,"c":{"r":[0.09856297820806503,-0.000001658474843679869,-0.9951308369636536,7.213093056179787e-8,1,-0.0000016594455019003363,0.9951308369636536,9.178017990052467e-8,0.09856297820806503],"p":[-279.544189453125,252.91583251953126,373.7598876953125]},"j":false},{"t":0.3756380081176758,"c":{"r":[0.06561793386936188,-5.490958869813767e-7,-0.9978448152542114,2.591786163463894e-8,1,-5.485774750013661e-7,0.9978448152542114,1.0134516337245714e-8,0.06561793386936188],"p":[-277.5447082519531,252.91583251953126,373.7181091308594]},"j":false},{"t":0.4377424716949463,"c":{"r":[0.04663160443305969,-1.809044647416158e-7,-0.9989121556282044,8.926271277687193e-9,1,-1.806847791385735e-7,0.9989121556282044,-4.90939844333127e-10,0.04663160443305969],"p":[-275.5451965332031,252.91583251953126,373.6764221191406]},"j":false},{"t":0.5016112327575684,"c":{"r":[0.03572209179401398,-1.325823149045391e-7,-0.9993617534637451,6.761344373273914e-9,1,-1.3242531338164555e-7,0.9993617534637451,-2.026520062869963e-9,0.03572209179401398],"p":[-273.54571533203127,252.91583251953126,373.6347351074219]},"j":false},{"t":0.5650503635406494,"c":{"r":[-0.03490195423364639,-4.960904220752127e-8,-0.999390721321106,3.559535111108403e-9,1,-4.976359591069013e-8,0.999390721321106,-5.2942130679412e-9,-0.03490195423364639],"p":[-271.412841796875,252.91583251953126,373.5942687988281]},"j":false},{"t":0.631403923034668,"c":{"r":[-0.23513859510421754,6.389100803971815e-8,-0.9719618558883667,1.6952110826196077e-8,1,6.163298849060084e-8,0.9719618558883667,-1.9845116661088015e-9,-0.23513859510421754],"p":[-269.29595947265627,252.91583251953126,373.8289489746094]},"j":false},{"t":0.695807695388794,"c":{"r":[-0.3288637101650238,4.6485983062893868e-8,-0.9443773627281189,1.3389239938987885e-8,1,4.456136792896359e-8,0.9443773627281189,2.0101218467516448e-9,-0.3288637101650238],"p":[-267.3883361816406,252.91583251953126,374.4232177734375]},"j":false},{"t":0.7115340232849121,"c":{"r":[-0.3288637101650238,1.5126094154993554e-8,-0.9443773627281189,5.17781417741503e-9,1,1.421391448985787e-8,0.9443773627281189,-2.1537002736771172e-10,-0.3288637101650238],"p":[-267.0105895996094,252.91583251953126,374.5547790527344]},"j":true},{"t":0.71980881690979,"c":{"r":[-0.3288637101650238,-5.769325017723759e-9,-0.9443773627281189,-2.935431342443451e-10,1,-6.0069091922798638e-9,0.9443773627281189,-1.6982389938746679e-9,-0.3288637101650238],"p":[-266.7587585449219,253.35536193847657,374.6424865722656]},"j":true},{"t":0.7292065620422363,"c":{"r":[-0.3288637101650238,-3.7095702509759579e-8,-0.9443773627281189,-8.49619130605106e-9,1,-3.632193568137154e-8,0.9443773627281189,-3.921355684610717e-9,-0.3288637101650238],"p":[-266.3810119628906,253.98912048339845,374.7740478515625]},"j":true},{"t":0.7593297958374023,"c":{"r":[-0.3288637101650238,-1.2053453701810214e-7,-0.9443773627281189,-3.034420004155436e-8,1,-1.1706700320246455e-7,0.9443773627281189,-9.842711534702176e-9,-0.3288637101650238],"p":[-265.3736877441406,255.52928161621095,375.1248779296875]},"j":false},{"t":0.8030812740325928,"c":{"r":[-0.3288637101650238,-1.0210116840880801e-7,-0.9443773627281189,-2.6256609331198889e-8,1,-9.897136976633192e-8,0.9443773627281189,-7.75194308744176e-9,-0.3288637101650238],"p":[-264.1145324707031,257.1478576660156,375.56341552734377]},"j":true},{"t":0.8219380378723145,"c":{"r":[-0.3224995732307434,-7.437217419692388e-8,-0.9465696215629578,-1.9335379519702657e-8,1,-7.198257634399852e-8,0.9465696215629578,-4.9120680856162839e-9,-0.3224995732307434],"p":[-263.6108703613281,257.6999206542969,375.73883056640627]},"j":false},{"t":0.8866031169891357,"c":{"r":[-0.1887671798467636,-1.97038929172777e-7,-0.9820218682289124,1.1733881422060222e-8,1,-2.0290170255066187e-7,0.9820218682289124,-4.982410928278114e-8,-0.1887671798467636],"p":[-261.56109619140627,259.36322021484377,376.3230895996094]},"j":false},{"t":0.9530079364776611,"c":{"r":[-0.15299288928508759,-1.1386593001816436e-7,-0.9882273077964783,5.534302793819279e-9,1,-1.1607920669121086e-7,0.9882273077964783,-2.3228443168932246e-8,-0.15299288928508759],"p":[-259.4573974609375,260.1545104980469,376.6760559082031]},"j":false},{"t":1.019043207168579,"c":{"r":[-0.15298280119895936,-3.89818985979673e-8,-0.9882288575172424,-3.1058761118529789e-10,1,-3.9398145190716608e-8,0.9882288575172424,-5.7203073389189289e-9,-0.15298280119895936],"p":[-257.3489990234375,260.0738220214844,377.0022277832031]},"j":false},{"t":1.0812406539916993,"c":{"r":[-0.14651185274124146,2.9218265140684708e-8,-0.9892089366912842,-5.763624688626123e-9,1,3.0390651772904678e-8,0.9892089366912842,1.0154019847163909e-8,-0.14651185274124146],"p":[-255.37245178222657,259.2062072753906,377.3080139160156]},"j":false},{"t":1.1474411487579346,"c":{"r":[0.0315224826335907,-3.0106909321148125e-7,-0.9995030164718628,1.8055539285910528e-8,1,-3.00649361406613e-7,0.9995030164718628,-8.569352338838599e-9,0.0315224826335907],"p":[-253.24990844726563,257.43603515625,377.4928894042969]},"j":false},{"t":1.2160420417785645,"c":{"r":[0.34311527013778689,-8.179246151485131e-7,-0.9392933249473572,5.25230348102923e-8,1,-8.516010439052479e-7,0.9392933249473572,2.4286276811835707e-7,0.34311527013778689],"p":[-251.14186096191407,254.79380798339845,377.2217102050781]},"j":false},{"t":1.287144422531128,"c":{"r":[0.3875125050544739,9.812022483401961e-8,-0.9218644499778748,-7.135121382617626e-9,1,1.0343741507767845e-7,0.9218644499778748,-3.350567823190431e-8,0.3875125050544739],"p":[-249.06227111816407,251.03102111816407,376.4119567871094]},"j":false},{"t":1.3475840091705323,"c":{"r":[0.3875187337398529,2.953499489422029e-8,-0.9218618273735046,2.4256767705566064e-9,1,3.305808959908063e-8,0.9218618273735046,-1.5046767387616457e-8,0.3875187337398529],"p":[-247.7388916015625,248.0121612548828,375.8555908203125]},"j":true},{"t":1.3551185131072999,"c":{"r":[0.3875185251235962,3.211234833599974e-9,-0.9218619465827942,4.161119004919556e-9,1,5.232611677286059e-9,0.9218619465827942,-5.863710850206871e-9,0.3875185251235962],"p":[-247.58169555664063,248.45169067382813,375.78948974609377]},"j":false},{"t":1.357672929763794,"c":{"r":[0.3875185251235962,3.211234833599974e-9,-0.9218619465827942,4.161119004919556e-9,1,5.232611677286059e-9,0.9218619465827942,-5.863710850206871e-9,0.3875185251235962],"p":[-247.58169555664063,248.45169067382813,375.78948974609377]},"j":true},{"t":1.367828369140625,"c":{"r":[0.38147783279418948,-3.7966422894442078e-8,-0.924377977848053,6.583472877963459e-9,1,-3.8355494780262236e-8,0.924377977848053,8.546153118516031e-9,0.38147783279418948],"p":[-247.33216857910157,249.08544921875,375.6846008300781]},"j":true},{"t":1.422832727432251,"c":{"r":[0.36872947216033938,-1.2138757199409157e-7,-0.929536759853363,8.585896438262353e-9,1,-1.2718345487883199e-7,0.929536759853363,3.891538113975912e-8,0.36872947216033938],"p":[-245.89283752441407,251.6376495361328,375.087158203125]},"j":false},{"t":1.451068639755249,"c":{"r":[0.36186879873275759,-1.5428689437158028e-7,-0.9322290420532227,8.224662728650856e-9,1,-1.623105987391682e-7,0.9322290420532227,5.106786815645137e-8,0.36186879873275759],"p":[-245.1538543701172,252.52708435058595,374.79559326171877]},"j":true},{"t":1.489229440689087,"c":{"r":[0.3616296350955963,-8.085440583727177e-8,-0.9323218464851379,2.483697025823517e-9,1,-8.576032684004531e-8,0.9323218464851379,2.8697872522798208e-8,0.3616296350955963],"p":[-244.03506469726563,253.6313018798828,374.36163330078127]},"j":false},{"t":1.5494742393493653,"c":{"r":[0.34902364015579226,5.3640047070757649e-8,-0.9371139407157898,-6.591620138607368e-9,1,5.478460352037473e-8,0.9371139407157898,-1.2944022742544803e-8,0.34902364015579226],"p":[-242.16859436035157,254.85855102539063,373.6430358886719]},"j":false},{"t":1.6098175048828126,"c":{"r":[0.3233020305633545,9.789480515109972e-8,-0.9462958574295044,-8.97426133406043e-9,1,1.0038447584292953e-7,0.9462958574295044,-2.3962199335869628e-8,0.3233020305633545],"p":[-240.29074096679688,255.3193817138672,372.954833984375]},"j":false},{"t":1.6705453395843506,"c":{"r":[0.27594122290611269,-1.2300664309350396e-7,-0.961174488067627,4.182612922676299e-9,1,-1.267745801669662e-7,0.961174488067627,3.0962109320853418e-8,0.27594122290611269],"p":[-238.50906372070313,255.0580291748047,372.3990783691406]},"j":false},{"t":1.743281364440918,"c":{"r":[0.22341732680797578,-1.6884960984953069e-7,-0.9747228622436523,1.3347627891846514e-8,1,-1.701689029687259e-7,0.9747228622436523,2.5008441539853267e-8,0.22341732680797578],"p":[-236.3252716064453,253.84312438964845,371.7923583984375]},"j":false},{"t":1.812209129333496,"c":{"r":[0.007228306028991938,-8.4769517627592e-8,-0.9999738931655884,2.9987248240104238e-9,1,-8.475005586205953e-8,0.9999738931655884,-2.3860471376480065e-9,0.007228306028991938],"p":[-234.09254455566407,252.30972290039063,371.42218017578127]},"j":false},{"t":1.8778953552246094,"c":{"r":[-0.04884600639343262,2.252914299560871e-8,-0.9988062977790833,-2.0771515618633886e-9,1,2.26576482020846e-8,0.9988062977790833,3.1814078038649997e-9,-0.04884600639343262],"p":[-231.82740783691407,251.4810028076172,371.4812927246094]},"j":false},{"t":1.9444270133972169,"c":{"r":[-0.16676560044288636,-1.0785092996457024e-7,-0.9859965443611145,-1.8440584170775766e-8,1,-1.0626373381228405e-7,0.9859965443611145,4.6121759189610147e-10,-0.16676560044288636],"p":[-229.84005737304688,250.52398681640626,371.68829345703127]},"j":false},{"t":2.0129618644714357,"c":{"r":[-0.40673327445983889,2.737078119707803e-8,-0.9135469794273377,1.8674885637892659e-8,1,2.1646489045679119e-8,0.9135469794273377,-8.256036743148343e-9,-0.40673327445983889],"p":[-227.76806640625,250.55531311035157,372.17193603515627]},"j":false},{"t":2.0746641159057619,"c":{"r":[-0.6845449209213257,8.01784310056064e-8,-0.7289706468582153,4.724659774524298e-8,1,6.562130749898643e-8,0.7289706468582153,1.0479349832337448e-8,-0.6845449209213257],"p":[-226.11978149414063,250.17138671875,373.1981506347656]},"j":false},{"t":2.1154441833496095,"c":{"r":[-0.7193372249603272,-7.130447787773164e-9,-0.6946610808372498,-7.185687600497204e-9,1,-2.8237012728027368e-9,0.6946610808372498,2.960423906017695e-9,-0.7193372249603272],"p":[-225.37484741210938,249.6090545654297,373.937744140625]},"j":true},{"t":2.123523712158203,"c":{"r":[-0.7193372249603272,-2.63787764964718e-8,-0.6946610808372498,-1.929117665611102e-8,1,-1.7997143331172084e-8,0.6946610808372498,4.54814658157332e-10,-0.7193372249603272],"p":[-225.2252197265625,250.05198669433595,374.0926513671875]},"j":true},{"t":2.1386334896087648,"c":{"r":[-0.7097448110580444,-6.527859852667462e-8,-0.7044588327407837,-4.314597035204315e-8,1,-4.9195168827509408e-8,0.7044588327407837,-4.521457430683995e-9,-0.7097448110580444],"p":[-224.9206085205078,250.90380859375,374.4076232910156]},"j":false},{"t":2.141075611114502,"c":{"r":[-0.7097448110580444,-6.527859852667462e-8,-0.7044588327407837,-4.314597035204315e-8,1,-4.9195168827509408e-8,0.7044588327407837,-4.521457430683995e-9,-0.7097448110580444],"p":[-224.9206085205078,250.90380859375,374.4076232910156]},"j":true},{"t":2.2030282020568849,"c":{"r":[-0.7002522349357605,-0.00012340488319750875,-0.7138955593109131,-0.00017329452384728938,1,-0.0000028785811991838274,0.7138954997062683,0.00012169845285825431,-0.7002522349357605],"p":[-223.47378540039063,253.76608276367188,375.86767578125]},"j":false},{"t":2.269209146499634,"c":{"r":[-0.644120454788208,0.0000017302004380326253,-0.7649241089820862,0.0000025119165911746679,1,1.4671218195871916e-7,0.7649241089820862,-0.0000018269251995661762,-0.644120454788208],"p":[-221.93931579589845,255.7560272216797,377.349365234375]},"j":false},{"t":2.3364176750183107,"c":{"r":[-0.2868577241897583,-9.946319323717035e-7,-0.9579731822013855,3.701800821431789e-8,1,-0.0000010493516811038717,0.9579731822013855,-3.364769156632974e-7,-0.2868577241897583],"p":[-220.18299865722657,256.87384033203127,378.5443115234375]},"j":false},{"t":2.401109457015991,"c":{"r":[-0.1737082302570343,-6.118443973690546e-9,-0.9847971796989441,1.033147678519697e-9,1,-6.395134644066047e-9,0.9847971796989441,-2.1283284024065098e-9,-0.1737082302570343],"p":[-218.167236328125,257.1197814941406,379.17919921875]},"j":false},{"t":2.46976900100708,"c":{"r":[-0.1463295817375183,1.39158828460495e-7,-0.9892358779907227,-1.0481926437932998e-8,1,1.4222355559923018e-7,0.9892358779907227,3.118061187024068e-8,-0.1463295817375183],"p":[-216.0614013671875,256.49365234375,379.52001953125]},"j":false},{"t":2.5404844284057619,"c":{"r":[-0.13242459297180177,1.3969666667890125e-7,-0.9911930561065674,-1.553599382475568e-8,1,1.4301352280199354e-7,0.9911930561065674,3.4337677590201568e-8,-0.13242459297180177],"p":[-213.81712341308595,254.8729705810547,379.8374328613281]},"j":false},{"t":2.6029586791992189,"c":{"r":[-0.072093665599823,-5.9295190979469229e-9,-0.9973978400230408,-9.958548652377886e-9,1,-5.225167409861342e-9,0.9973978400230408,9.55593382201414e-9,-0.072093665599823],"p":[-211.83261108398438,252.62548828125,380.0843200683594]},"j":false},{"t":2.6723949909210207,"c":{"r":[0.06938620656728745,-1.0815332984748238e-7,-0.9975898861885071,5.754535958857332e-9,1,-1.0801436900464978e-7,0.9975898861885071,1.7540411345606799e-9,0.06938620656728745],"p":[-209.56883239746095,249.15185546875,380.073974609375]},"j":false},{"t":2.6750221252441408,"c":{"r":[0.06938620656728745,-1.0815332984748238e-7,-0.9975898861885071,5.754535958857332e-9,1,-1.0801436900464978e-7,0.9975898861885071,1.7540411345606799e-9,0.06938620656728745],"p":[-209.56883239746095,249.15185546875,380.073974609375]},"j":true},{"t":2.7246811389923097,"c":{"r":[0.14608590304851533,1.1495141905015771e-7,-0.989271879196167,-1.5378443407598753e-8,1,1.1392706511514916e-7,0.989271879196167,-1.4296764883070523e-9,0.14608590304851533],"p":[-207.987548828125,246.10719299316407,379.9639587402344]},"j":true},{"t":2.733980178833008,"c":{"r":[0.16677169501781465,1.1601182592357873e-7,-0.9859955310821533,-1.5842434919477456e-8,1,1.1497998997356263e-7,0.9859955310821533,-3.5548379795358189e-9,0.16677169501781465],"p":[-207.73638916015626,246.5501251220703,379.9463806152344]},"j":true},{"t":2.741866111755371,"c":{"r":[0.18664629757404328,1.1139552924532836e-7,-0.982427179813385,-1.59464974558432e-8,1,1.1035848501705914e-7,0.982427179813385,-4.931730135382395e-9,0.18664629757404328],"p":[-207.4822540283203,246.98284912109376,379.9219970703125]},"j":false},{"t":2.7439682483673097,"c":{"r":[0.18664629757404328,1.1139552924532836e-7,-0.982427179813385,-1.59464974558432e-8,1,1.1035848501705914e-7,0.982427179813385,-4.931730135382395e-9,0.18664629757404328],"p":[-207.4822540283203,246.98284912109376,379.9219970703125]},"j":true},{"t":2.7628161907196047,"c":{"r":[0.21390779316425324,-2.3188929887396627e-8,-0.9768538475036621,-8.513282523381349e-9,1,-2.5602588493711665e-8,0.9768538475036621,1.3792826436542783e-8,0.21390779316425324],"p":[-206.83529663085938,248.0050506591797,379.8193359375]},"j":true},{"t":2.8083956241607668,"c":{"r":[0.18144597113132478,-1.4368929157626554e-7,-0.9834009408950806,8.97109142528052e-9,1,-1.4445942042584648e-7,0.9834009408950806,1.7389400142064916e-8,0.18144597113132478],"p":[-205.40194702148438,249.9541473388672,379.5107727050781]},"j":false},{"t":2.8772361278533937,"c":{"r":[0.1121717020869255,-1.3950131005913136e-7,-0.9936888217926025,7.371022903157609e-9,1,-1.3955524025277556e-7,0.9936888217926025,8.32964541785941e-9,0.1121717020869255],"p":[-203.1609649658203,252.1557159423828,379.17486572265627]},"j":false},{"t":2.93867564201355,"c":{"r":[0.05670534819364548,-1.4933763736735274e-7,-0.9983909726142883,6.399417440405841e-9,1,-1.4921484137175867e-7,0.9983909726142883,2.072159333010859e-9,0.05670534819364548],"p":[-201.16946411132813,253.28077697753907,378.9938049316406]},"j":false},{"t":3.005908250808716,"c":{"r":[0.04885406419634819,-1.8637732068782498e-7,-0.9988059401512146,8.845465693241295e-9,1,-1.861674832071003e-7,0.9988059401512146,2.6013483034326159e-10,0.04885406419634819],"p":[-199.03884887695313,253.63607788085938,378.8856506347656]},"j":false},{"t":3.0731077194213869,"c":{"r":[0.041949909180402759,3.326899644662262e-8,-0.9991196990013123,-3.6086028609716438e-10,1,3.328315756334632e-8,0.9991196990013123,-1.035682761774126e-9,0.041949909180402759],"p":[-196.90785217285157,253.119384765625,378.7856750488281]},"j":false},{"t":3.139106512069702,"c":{"r":[0.06906731426715851,1.7764588733371057e-7,-0.9976119995117188,-6.484239811754833e-9,1,1.7762219783890033e-7,0.9976119995117188,-5.7991336177565248e-9,0.06906731426715851],"p":[-194.77716064453126,251.73069763183595,378.6821594238281]},"j":false},{"t":3.2036945819854738,"c":{"r":[0.11811372637748718,-1.0284247764502652e-7,-0.9930000901222229,1.0390448501595984e-8,1,-1.0233154057459615e-7,0.9930000901222229,1.7690430231809274e-9,0.11811372637748718],"p":[-192.7864990234375,249.6368408203125,378.49188232421877]},"j":false},{"t":3.2582054138183595,"c":{"r":[0.11840574443340302,-5.1469438488993549e-8,-0.9929652810096741,-1.4067543796514315e-9,1,-5.200182329190284e-8,0.9929652810096741,7.554173286905553e-9,0.11840574443340302],"p":[-191.0654754638672,249.7548828125,378.2872619628906]},"j":true},{"t":3.2674763202667238,"c":{"r":[0.11840694397687912,-3.569626372268431e-8,-0.9929651618003845,-4.46457537606193e-9,1,-3.6481544896105336e-8,0.9929651618003845,8.752835789493929e-9,0.11840694397687912],"p":[-190.66836547851563,250.40907287597657,378.23992919921877]},"j":false},{"t":3.2698006629943849,"c":{"r":[0.11840694397687912,-3.569626372268431e-8,-0.9929651618003845,-4.46457537606193e-9,1,-3.6481544896105336e-8,0.9929651618003845,8.752835789493929e-9,0.11840694397687912],"p":[-190.66836547851563,250.40907287597657,378.23992919921877]},"j":true},{"t":3.2792344093322756,"c":{"r":[0.11840762197971344,-2.518643249516117e-8,-0.992965042591095,-6.502033134125895e-9,1,-2.6140217102010866e-8,0.992965042591095,9.55149292991564e-9,0.11840762197971344],"p":[-190.40359497070313,250.8281707763672,378.2083740234375]},"j":true},{"t":3.3326220512390138,"c":{"r":[0.1253025084733963,3.12834558258146e-8,-0.9921185970306397,-1.9388703975664613e-8,1,2.9083219388326144e-8,0.9921185970306397,1.5591693269811914e-8,0.1253025084733963],"p":[-188.68292236328126,253.22021484375,377.9991760253906]},"j":false},{"t":3.4029626846313478,"c":{"r":[0.12533628940582276,8.488068914402902e-8,-0.9921143054962158,-3.5409563281518788e-8,1,8.108197135925366e-8,0.9921143054962158,2.49678215880067e-8,0.12533628940582276],"p":[-186.43418884277345,255.4796905517578,377.7148742675781]},"j":false},{"t":3.4679598808288576,"c":{"r":[0.13225702941417695,1.2296429474645266e-7,-0.9912154674530029,-5.000928382514758e-8,1,1.1738136151961953e-7,0.9912154674530029,3.4045466890120227e-8,0.13225702941417695],"p":[-184.31898498535157,256.7069091796875,377.4377746582031]},"j":false},{"t":3.535076379776001,"c":{"r":[0.11171713471412659,1.0839393382866547e-7,-0.9937400221824646,-6.202074587235984e-8,1,1.0210432321855478e-7,0.9937400221824646,5.022569382617803e-8,0.11171713471412659],"p":[-182.20230102539063,257.06219482421877,377.1723937988281]},"j":false},{"t":3.60141921043396,"c":{"r":[-0.004224829841405153,-1.5909856188045524e-7,-0.9999910593032837,-5.950814063737653e-9,1,-1.5907484396393557e-7,0.9999910593032837,5.278697035038249e-9,-0.004224829841405153],"p":[-180.0759735107422,256.5454406738281,377.0118103027344]},"j":false},{"t":3.6681249141693117,"c":{"r":[-0.10379292070865631,-1.569971885828636e-7,-0.994598925113678,9.871660822113882e-9,1,-1.5887991366980715e-7,0.994598925113678,-2.6308953238185496e-8,-0.10379292070865631],"p":[-177.9476318359375,255.15670776367188,377.13580322265627]},"j":false},{"t":3.731422185897827,"c":{"r":[-0.09123561531305313,-7.930905354669449e-8,-0.9958293437957764,4.326290437006719e-9,1,-8.003757301366932e-8,0.9958293437957764,-1.161052409770491e-8,-0.09123561531305313],"p":[-175.9583282470703,253.06285095214845,377.34210205078127]},"j":false},{"t":3.789156436920166,"c":{"r":[0.02789386548101902,-9.335002459920361e-8,-0.9996109008789063,5.374622413789609e-10,1,-9.337136930298584e-8,0.9996109008789063,2.0672352718520416e-9,0.02789386548101902],"p":[-174.2295684814453,252.08633422851563,377.45501708984377]},"j":true},{"t":3.7987890243530275,"c":{"r":[0.05581926926970482,-1.0877475631332345e-7,-0.9984408617019653,1.6490023790893816e-9,1,-1.0885242573976939e-7,0.9984408617019653,4.429631772495668e-9,0.05581926926970482],"p":[-173.8297576904297,251.9796905517578,377.44769287109377]},"j":false},{"t":3.8111186027526857,"c":{"r":[0.1827387660741806,-1.437522740843633e-7,-0.9831615090370178,5.412085446465653e-9,1,-1.4520836089104706e-7,0.9831615090370178,2.1214242806877338e-8,0.1827387660741806],"p":[-173.5635223388672,251.87916564941407,377.4349060058594]},"j":true},{"t":3.8228378295898439,"c":{"r":[0.2796193063259125,-4.800477313438023e-7,-0.9601109623908997,4.055111446632509e-8,1,-4.881819677393651e-7,0.9601109623908997,9.75715366280383e-8,0.2796193063259125],"p":[-173.16424560546876,252.53335571289063,377.414306640625]},"j":true},{"t":3.835752010345459,"c":{"r":[0.3820912837982178,-6.989960184000665e-7,-0.9241245985031128,7.011203706497327e-8,1,-7.273984579114767e-7,0.9241245985031128,2.1314035336672533e-7,0.3820912837982178],"p":[-172.7674102783203,253.15689086914063,377.37896728515627]},"j":true},{"t":3.8678674697875978,"c":{"r":[0.5978387594223023,-0.0000014845528539808584,-0.801616370677948,1.290986091362356e-7,1,-0.0000017556685634190217,0.801616370677948,9.461190870752034e-7,0.5978387594223023],"p":[-171.61143493652345,254.8435821533203,377.14373779296877]},"j":false},{"t":3.9333808422088625,"c":{"r":[0.6625824570655823,3.152981875587102e-8,-0.7489889860153198,-8.729305278620814e-9,1,3.437424922481114e-8,0.7489889860153198,-1.623762102553883e-8,0.6625824570655823],"p":[-169.85238647460938,257.04156494140627,376.3379211425781]},"j":false},{"t":3.9945006370544435,"c":{"r":[0.8112647533416748,-3.3793955367400488e-7,-0.5846789479255676,3.163227546565395e-8,1,-5.341006499293144e-7,0.5846789479255676,4.148023151628877e-7,0.8112647533416748],"p":[-168.36685180664063,258.4731750488281,375.04888916015627]},"j":false},{"t":4.0650646686553959,"c":{"r":[0.8211504220962524,7.503569321443138e-8,-0.5707118511199951,-1.5097128880370293e-8,1,1.0975535502666389e-7,0.5707118511199951,-8.150954755592466e-8,0.8211504220962524],"p":[-167.04122924804688,259.1691589355469,373.2159423828125]},"j":false},{"t":4.133265018463135,"c":{"r":[0.8328965902328491,3.681092053398061e-8,-0.5534286499023438,3.971162065852241e-9,1,7.249080624660565e-8,0.5534286499023438,-6.257509710394516e-8,0.8328965902328491],"p":[-165.83848571777345,258.9249572753906,371.45404052734377]},"j":false},{"t":4.20137882232666,"c":{"r":[0.8329229354858398,-7.205932917031532e-8,-0.5533890128135681,2.996689474343839e-8,1,-8.511049998105591e-8,0.5533890128135681,5.430713656551234e-8,0.8329229354858398],"p":[-164.5840301513672,257.7100524902344,369.5661315917969]},"j":false},{"t":4.274632453918457,"c":{"r":[0.8175468444824219,-8.646514970678254e-8,-0.5758621096611023,1.7517519879106659e-8,1,-1.252795556183628e-7,0.5758621096611023,9.233422559873361e-8,0.8175468444824219],"p":[-163.31712341308595,255.51071166992188,367.6866149902344]},"j":false},{"t":4.3433449268341068,"c":{"r":[0.7922936677932739,8.095476999869789e-8,-0.6101399660110474,-1.217596867775228e-8,1,1.1687126999504471e-7,0.6101399660110474,-8.516732208363465e-8,0.7922936677932739],"p":[-161.9823760986328,252.60606384277345,365.85479736328127]},"j":false},{"t":4.346259832382202,"c":{"r":[0.7922936677932739,8.095476999869789e-8,-0.6101399660110474,-1.217596867775228e-8,1,1.1687126999504471e-7,0.6101399660110474,-8.516732208363465e-8,0.7922936677932739],"p":[-161.9823760986328,252.60606384277345,365.85479736328127]},"j":true},{"t":4.359087228775024,"c":{"r":[0.7922919392585754,7.95577648204926e-8,-0.610142171382904,-1.0269031847087718e-8,1,1.1705746771895065e-7,0.610142171382904,-8.647812421713752e-8,0.7922919392585754],"p":[-161.73876953125,252.63446044921876,365.53753662109377]},"j":true},{"t":4.370347023010254,"c":{"r":[0.7922919988632202,7.816137781446742e-8,-0.6101420521736145,-8.363277181899776e-9,1,1.172435446505915e-7,0.6101420521736145,-8.778833660016972e-8,0.7922919988632202],"p":[-161.4948272705078,253.2886505126953,365.2204895019531]},"j":true},{"t":4.38388466835022,"c":{"r":[0.7922918796539307,7.676589319771665e-8,-0.6101422905921936,-6.4587184489539599e-9,1,1.1742950078996728e-7,0.6101422905921936,-8.9097696331919e-8,0.7922918796539307],"p":[-161.2508087158203,253.9121856689453,364.9035339355469]},"j":true},{"t":4.404451847076416,"c":{"r":[0.7922917604446411,7.444202765327646e-8,-0.6101424098014832,-3.287137895213732e-9,1,1.1773916241963889e-7,0.6101424098014832,-9.127814593057337e-8,0.7922917604446411],"p":[-160.8440399169922,254.88330078125,364.3752746582031]},"j":false},{"t":4.469423294067383,"c":{"r":[0.7922917604446411,6.702227750565726e-8,-0.6101424098014832,6.839187882690112e-9,1,1.1872786842559435e-7,0.6101424098014832,-9.823998681213198e-8,0.7922917604446411],"p":[-159.5422821044922,257.4185485839844,362.6848449707031]},"j":false},{"t":4.536231279373169,"c":{"r":[0.7922917604446411,5.962782978485848e-8,-0.6101424098014832,1.6930959745309339e-8,1,1.1971317803727289e-7,0.6101424098014832,-1.0517806714460676e-7,0.7922917604446411],"p":[-158.2405242919922,259.08184814453127,360.9944152832031]},"j":false},{"t":4.601193428039551,"c":{"r":[0.7922917604446411,5.225864185831597e-8,-0.6101424098014832,2.698829248970469e-8,1,1.2069517651980278e-7,0.6101424098014832,-1.1209249350940809e-7,0.7922917604446411],"p":[-156.9387664794922,259.8731384277344,359.3039855957031]},"j":false},{"t":4.667911529541016,"c":{"r":[0.7836976051330566,1.0076556478111343e-8,-0.621142566204071,3.974058415678883e-8,1,6.636344096477842e-8,0.621142566204071,-7.669343915495119e-8,0.7836976051330566],"p":[-155.61959838867188,259.7924499511719,357.62738037109377]},"j":false},{"t":4.735682964324951,"c":{"r":[0.7226755023002625,-1.857854385889368e-7,-0.6911874413490295,4.284548893451756e-8,1,-2.2399429155939289e-7,0.6911874413490295,1.322609364251548e-7,0.7226755023002625],"p":[-154.2835235595703,258.8397521972656,355.96441650390627]},"j":false},{"t":4.7978127002716068,"c":{"r":[0.3938772678375244,-0.0000015452211528099725,-0.9191630482673645,7.292149462045927e-8,1,-0.000001649869432185369,0.9191630482673645,5.828193252455094e-7,0.3938772678375244],"p":[-152.7884979248047,257.1546630859375,354.6541748046875]},"j":false},{"t":4.857461929321289,"c":{"r":[0.3223492503166199,-9.28492394081104e-9,-0.9466208219528198,8.731496414782214e-9,1,-6.835189747533832e-9,0.9466208219528198,-6.06209793474477e-9,0.3223492503166199],"p":[-151.12332153320313,254.890380859375,353.8525695800781]},"j":true},{"t":4.865839958190918,"c":{"r":[0.3222818076610565,4.2910993869327288e-8,-0.9466437697410584,1.618162381866739e-9,1,4.588050828147061e-8,0.9466437697410584,-1.6318276507831798e-8,0.3222818076610565],"p":[-150.87109375,254.51242065429688,353.7662048339844]},"j":false},{"t":4.877922058105469,"c":{"r":[0.3090256154537201,1.035392145354308e-7,-0.9510537385940552,-6.658032791762025e-9,1,1.0670449768213075e-7,0.9510537385940552,-2.6642277717314756e-8,0.3090256154537201],"p":[-150.49246215820313,253.91993713378907,353.6372375488281]},"j":true},{"t":4.923616886138916,"c":{"r":[0.2147383987903595,4.7551115045507689e-8,-0.976671576499939,-1.0362132485397524e-8,1,4.640860495896959e-8,0.976671576499939,1.5469109326815556e-10,0.2147383987903595],"p":[-149.21163940429688,252.69378662109376,353.26898193359377]},"j":true},{"t":4.933459997177124,"c":{"r":[0.20791518688201905,1.973547902878181e-8,-0.9781468510627747,-1.125087312203732e-8,1,1.778490776871422e-8,0.9781468510627747,7.3072534689799799e-9,0.20791518688201905],"p":[-148.8226318359375,253.3479766845703,353.1760559082031]},"j":false},{"t":4.935154914855957,"c":{"r":[0.20791518688201905,1.973547902878181e-8,-0.9781468510627747,-1.125087312203732e-8,1,1.778490776871422e-8,0.9781468510627747,7.3072534689799799e-9,0.20791518688201905],"p":[-148.8226318359375,253.3479766845703,353.1760559082031]},"j":true},{"t":4.946974515914917,"c":{"r":[0.20791517198085786,-8.060104583762495e-9,-0.9781468510627747,-1.2139041771774828e-8,1,-1.082045653078012e-8,0.9781468510627747,1.4123503255802916e-8,0.20791517198085786],"p":[-148.43179321289063,253.9715118408203,353.0910339355469]},"j":true},{"t":5.003336668014526,"c":{"r":[0.20791508257389069,-1.375375262568923e-7,-0.9781468510627747,-1.6276308301144128e-8,1,-1.440700003740858e-7,0.9781468510627747,4.587494828456329e-8,0.20791508257389069],"p":[-146.60597229003907,256.47601318359377,352.7029113769531]},"j":false},{"t":5.071127653121948,"c":{"r":[0.24147379398345948,-1.3293880840592465e-7,-0.9704073667526245,5.526608948258627e-9,1,-1.3561756873059495e-7,0.9704073667526245,2.7385025802573183e-8,0.24147379398345948],"p":[-144.52427673339845,258.52081298828127,352.2369689941406]},"j":false},{"t":5.1373162269592289,"c":{"r":[0.24869270622730256,-7.071233198985283e-8,-0.9685824513435364,1.658101211887697e-8,1,-6.874867608530622e-8,0.9685824513435364,1.0372169789718555e-9,0.24869270622730256],"p":[-142.45693969726563,259.693603515625,351.7102355957031]},"j":false},{"t":5.206671953201294,"c":{"r":[0.24869248270988465,4.45315535557711e-8,-0.9685825109481812,2.2486776884989014e-8,1,5.1749694307545727e-8,0.9685825109481812,-3.465005704583746e-8,0.24869248270988465],"p":[-140.26138305664063,259.9842529296875,351.14630126953127]},"j":false},{"t":5.274982929229736,"c":{"r":[0.23521484434604646,1.1294409318907128e-7,-0.9719433784484863,3.117136770924844e-8,1,1.2374800917314133e-7,0.9719433784484863,-5.940417580063695e-8,0.23521484434604646],"p":[-138.1912384033203,259.3585510253906,350.630859375]},"j":false},{"t":5.344371318817139,"c":{"r":[0.33389559388160708,-1.3792870845463768e-7,-0.9426100850105286,1.3044594737721127e-8,1,-1.4170565520998935e-7,0.9426100850105286,3.5018928201679958e-8,0.33389559388160708],"p":[-136.0113525390625,257.7383117675781,350.0142517089844]},"j":false},{"t":5.406144142150879,"c":{"r":[0.3810730576515198,7.214194397420215e-8,-0.9245449304580689,-3.606100662523204e-8,1,6.316628287095227e-8,0.9245449304580689,9.269052192451e-9,0.3810730576515198],"p":[-134.1393585205078,255.74899291992188,349.31097412109377]},"j":false}],"v":1}