{"v":1,"d":[{"t":0,"j":false,"c":{"p":[-289.3443603515625,252.91583251953125,373.96539306640625],"r":[0.9795761108398438,1.7015493014582717e-8,-0.20107382535934448,-2.731385428944577e-8,1,-4.844244116952723e-8,0.20107382535934448,5.294515759146634e-8,0.9795761108398438]}},{"t":0.06177496910095215,"j":false,"c":{"p":[-289.2322692871094,252.91583251953125,373.9631042480469],"r":[0.9477307796478271,-0.000026622128643793985,-0.31907108426094055,-5.254241273178195e-7,1,-0.00008499701652908698,0.31907108426094055,0.00008072193304542452,0.9477307796478271]}},{"t":0.12451028823852539,"j":false,"c":{"p":[-287.5424499511719,252.91583251953125,373.92742919921875],"r":[0.668846070766449,-0.00010202130215475336,-0.7434009313583374,-0.000006248848421819275,1,-0.0001428580580977723,0.7434009313583374,0.00010019545152317733,0.668846070766449]}},{"t":0.1853184700012207,"j":false,"c":{"p":[-285.54278564453125,252.91583251953125,373.885498046875],"r":[0.4170105457305908,-0.000041908864659490064,-0.9089016318321228,1.2503990376444563e-7,1,-0.00004605198046192527,0.9089016318321228,0.00001909051206894219,0.4170105457305908]}},{"t":0.24786639213562012,"j":false,"c":{"p":[-283.5430908203125,252.91583251953125,373.8436584472656],"r":[0.25361067056655884,-0.000014663102774647996,-0.96730637550354,3.81917061531567e-7,1,-0.00001505856380390469,0.96730637550354,0.0000034495824365876615,0.25361067056655884]}},{"t":0.3112485408782959,"j":false,"c":{"p":[-281.54364013671875,252.91583251953125,373.80169677734375],"r":[0.1556926816701889,-0.0000049421159928897396,-0.9878055453300476,1.8324878681141854e-7,1,-0.000004974243438482517,0.9878055453300476,5.934392106610176e-7,0.1556926816701889]}},{"t":0.37372708320617676,"j":false,"c":{"p":[-279.544189453125,252.91583251953125,373.7598876953125],"r":[0.09856297820806503,-0.000001658474843679869,-0.9951308369636536,7.213093056179787e-8,1,-0.0000016594455019003362,0.9951308369636536,9.178017990052467e-8,0.09856297820806503]}},{"t":0.43741297721862793,"j":false,"c":{"p":[-277.5447082519531,252.91583251953125,373.7181091308594],"r":[0.06561793386936188,-5.490958869813767e-7,-0.9978448152542114,2.591786163463894e-8,1,-5.485774750013661e-7,0.9978448152542114,1.0134516337245714e-8,0.06561793386936188]}},{"t":0.49951744079589844,"j":false,"c":{"p":[-275.5451965332031,252.91583251953125,373.6764221191406],"r":[0.04663160443305969,-1.809044647416158e-7,-0.9989121556282043,8.926271277687192e-9,1,-1.806847791385735e-7,0.9989121556282043,-4.90939844333127e-10,0.04663160443305969]}},{"t":0.5633862018585205,"j":false,"c":{"p":[-273.54571533203125,252.91583251953125,373.6347351074219],"r":[0.03572209179401398,-1.325823149045391e-7,-0.9993617534637451,6.761344373273914e-9,1,-1.3242531338164554e-7,0.9993617534637451,-2.026520062869963e-9,0.03572209179401398]}},{"t":0.6268253326416016,"j":false,"c":{"p":[-271.412841796875,252.91583251953125,373.5942687988281],"r":[-0.03490195423364639,-4.960904220752127e-8,-0.999390721321106,3.559535111108403e-9,1,-4.976359591069013e-8,0.999390721321106,-5.2942130679412e-9,-0.03490195423364639]}},{"t":0.6931788921356201,"j":false,"c":{"p":[-269.29595947265625,252.91583251953125,373.8289489746094],"r":[-0.23513859510421753,6.389100803971814e-8,-0.9719618558883667,1.6952110826196076e-8,1,6.163298849060084e-8,0.9719618558883667,-1.9845116661088014e-9,-0.23513859510421753]}},{"t":0.7575826644897461,"j":false,"c":{"p":[-267.3883361816406,252.91583251953125,374.4232177734375],"r":[-0.3288637101650238,4.6485983062893865e-8,-0.9443773627281189,1.3389239938987885e-8,1,4.456136792896359e-8,0.9443773627281189,2.0101218467516446e-9,-0.3288637101650238]}},{"t":0.7733089923858643,"j":true,"c":{"p":[-267.0105895996094,252.91583251953125,374.5547790527344],"r":[-0.3288637101650238,1.5126094154993552e-8,-0.9443773627281189,5.17781417741503e-9,1,1.421391448985787e-8,0.9443773627281189,-2.1537002736771171e-10,-0.3288637101650238]}},{"t":0.7815837860107422,"j":true,"c":{"p":[-266.7587585449219,253.35536193847656,374.6424865722656],"r":[-0.3288637101650238,-5.769325017723759e-9,-0.9443773627281189,-2.935431342443451e-10,1,-6.0069091922798634e-9,0.9443773627281189,-1.6982389938746678e-9,-0.3288637101650238]}},{"t":0.7909815311431885,"j":true,"c":{"p":[-266.3810119628906,253.98912048339844,374.7740478515625],"r":[-0.3288637101650238,-3.7095702509759576e-8,-0.9443773627281189,-8.49619130605106e-9,1,-3.632193568137154e-8,0.9443773627281189,-3.921355684610717e-9,-0.3288637101650238]}},{"t":0.8211047649383545,"j":false,"c":{"p":[-265.3736877441406,255.52928161621094,375.1248779296875],"r":[-0.3288637101650238,-1.2053453701810213e-7,-0.9443773627281189,-3.034420004155436e-8,1,-1.1706700320246455e-7,0.9443773627281189,-9.842711534702175e-9,-0.3288637101650238]}},{"t":0.8648562431335449,"j":true,"c":{"p":[-264.1145324707031,257.1478576660156,375.56341552734375],"r":[-0.3288637101650238,-1.0210116840880801e-7,-0.9443773627281189,-2.6256609331198888e-8,1,-9.897136976633192e-8,0.9443773627281189,-7.75194308744176e-9,-0.3288637101650238]}},{"t":0.8837130069732666,"j":false,"c":{"p":[-263.6108703613281,257.6999206542969,375.73883056640625],"r":[-0.3224995732307434,-7.437217419692388e-8,-0.9465696215629578,-1.9335379519702656e-8,1,-7.198257634399852e-8,0.9465696215629578,-4.9120680856162835e-9,-0.3224995732307434]}},{"t":0.9483780860900879,"j":false,"c":{"p":[-261.56109619140625,259.36322021484375,376.3230895996094],"r":[-0.1887671798467636,-1.97038929172777e-7,-0.9820218682289124,1.1733881422060222e-8,1,-2.0290170255066187e-7,0.9820218682289124,-4.982410928278114e-8,-0.1887671798467636]}},{"t":1.0147829055786133,"j":false,"c":{"p":[-259.4573974609375,260.1545104980469,376.6760559082031],"r":[-0.15299288928508759,-1.1386593001816436e-7,-0.9882273077964783,5.534302793819279e-9,1,-1.1607920669121086e-7,0.9882273077964783,-2.3228443168932245e-8,-0.15299288928508759]}},{"t":1.0808181762695312,"j":false,"c":{"p":[-257.3489990234375,260.0738220214844,377.0022277832031],"r":[-0.15298280119895935,-3.89818985979673e-8,-0.9882288575172424,-3.1058761118529787e-10,1,-3.9398145190716605e-8,0.9882288575172424,-5.7203073389189285e-9,-0.15298280119895935]}},{"t":1.1430156230926514,"j":false,"c":{"p":[-255.37245178222656,259.2062072753906,377.3080139160156],"r":[-0.14651185274124146,2.9218265140684707e-8,-0.9892089366912842,-5.763624688626123e-9,1,3.0390651772904675e-8,0.9892089366912842,1.0154019847163909e-8,-0.14651185274124146]}},{"t":1.2092161178588867,"j":false,"c":{"p":[-253.24990844726562,257.43603515625,377.4928894042969],"r":[0.0315224826335907,-3.0106909321148123e-7,-0.9995030164718628,1.8055539285910527e-8,1,-3.00649361406613e-7,0.9995030164718628,-8.569352338838598e-9,0.0315224826335907]}},{"t":1.2778170108795166,"j":false,"c":{"p":[-251.14186096191406,254.79380798339844,377.2217102050781],"r":[0.34311527013778687,-8.179246151485131e-7,-0.9392933249473572,5.25230348102923e-8,1,-8.516010439052479e-7,0.9392933249473572,2.4286276811835705e-7,0.34311527013778687]}},{"t":1.34891939163208,"j":false,"c":{"p":[-249.06227111816406,251.03102111816406,376.4119567871094],"r":[0.3875125050544739,9.812022483401961e-8,-0.9218644499778748,-7.135121382617626e-9,1,1.0343741507767845e-7,0.9218644499778748,-3.350567823190431e-8,0.3875125050544739]}},{"t":1.4093589782714844,"j":true,"c":{"p":[-247.7388916015625,248.0121612548828,375.8555908203125],"r":[0.3875187337398529,2.953499489422029e-8,-0.9218618273735046,2.4256767705566062e-9,1,3.305808959908063e-8,0.9218618273735046,-1.5046767387616455e-8,0.3875187337398529]}},{"t":1.416893482208252,"j":false,"c":{"p":[-247.58169555664062,248.45169067382812,375.78948974609375],"r":[0.3875185251235962,3.211234833599974e-9,-0.9218619465827942,4.161119004919556e-9,1,5.232611677286059e-9,0.9218619465827942,-5.863710850206871e-9,0.3875185251235962]}},{"t":1.419447898864746,"j":true,"c":{"p":[-247.58169555664062,248.45169067382812,375.78948974609375],"r":[0.3875185251235962,3.211234833599974e-9,-0.9218619465827942,4.161119004919556e-9,1,5.232611677286059e-9,0.9218619465827942,-5.863710850206871e-9,0.3875185251235962]}},{"t":1.4296033382415771,"j":true,"c":{"p":[-247.33216857910156,249.08544921875,375.6846008300781],"r":[0.38147783279418945,-3.7966422894442076e-8,-0.924377977848053,6.583472877963459e-9,1,-3.8355494780262234e-8,0.924377977848053,8.546153118516031e-9,0.38147783279418945]}},{"t":1.4846076965332031,"j":false,"c":{"p":[-245.89283752441406,251.6376495361328,375.087158203125],"r":[0.36872947216033936,-1.2138757199409156e-7,-0.929536759853363,8.585896438262353e-9,1,-1.2718345487883198e-7,0.929536759853363,3.891538113975912e-8,0.36872947216033936]}},{"t":1.5128436088562012,"j":true,"c":{"p":[-245.1538543701172,252.52708435058594,374.79559326171875],"r":[0.36186879873275757,-1.5428689437158027e-7,-0.9322290420532227,8.224662728650856e-9,1,-1.623105987391682e-7,0.9322290420532227,5.106786815645137e-8,0.36186879873275757]}},{"t":1.551004409790039,"j":false,"c":{"p":[-244.03506469726562,253.6313018798828,374.36163330078125],"r":[0.3616296350955963,-8.085440583727177e-8,-0.9323218464851379,2.483697025823517e-9,1,-8.576032684004531e-8,0.9323218464851379,2.8697872522798207e-8,0.3616296350955963]}},{"t":1.6112492084503174,"j":false,"c":{"p":[-242.16859436035156,254.85855102539062,373.6430358886719],"r":[0.34902364015579224,5.3640047070757646e-8,-0.9371139407157898,-6.591620138607368e-9,1,5.478460352037473e-8,0.9371139407157898,-1.2944022742544803e-8,0.34902364015579224]}},{"t":1.6715924739837646,"j":false,"c":{"p":[-240.29074096679688,255.3193817138672,372.954833984375],"r":[0.3233020305633545,9.789480515109972e-8,-0.9462958574295044,-8.97426133406043e-9,1,1.0038447584292953e-7,0.9462958574295044,-2.3962199335869627e-8,0.3233020305633545]}},{"t":1.7323203086853027,"j":false,"c":{"p":[-238.50906372070312,255.0580291748047,372.3990783691406],"r":[0.27594122290611267,-1.2300664309350395e-7,-0.961174488067627,4.182612922676299e-9,1,-1.267745801669662e-7,0.961174488067627,3.0962109320853415e-8,0.27594122290611267]}},{"t":1.8050563335418701,"j":false,"c":{"p":[-236.3252716064453,253.84312438964844,371.7923583984375],"r":[0.22341732680797577,-1.6884960984953068e-7,-0.9747228622436523,1.3347627891846514e-8,1,-1.701689029687259e-7,0.9747228622436523,2.5008441539853266e-8,0.22341732680797577]}},{"t":1.8739840984344482,"j":false,"c":{"p":[-234.09254455566406,252.30972290039062,371.42218017578125],"r":[0.007228306028991938,-8.4769517627592e-8,-0.9999738931655884,2.9987248240104236e-9,1,-8.475005586205953e-8,0.9999738931655884,-2.3860471376480064e-9,0.007228306028991938]}},{"t":1.9396703243255615,"j":false,"c":{"p":[-231.82740783691406,251.4810028076172,371.4812927246094],"r":[-0.04884600639343262,2.252914299560871e-8,-0.9988062977790833,-2.0771515618633885e-9,1,2.26576482020846e-8,0.9988062977790833,3.1814078038649996e-9,-0.04884600639343262]}},{"t":2.006201982498169,"j":false,"c":{"p":[-229.84005737304688,250.52398681640625,371.68829345703125],"r":[-0.16676560044288635,-1.0785092996457024e-7,-0.9859965443611145,-1.8440584170775765e-8,1,-1.0626373381228404e-7,0.9859965443611145,4.6121759189610145e-10,-0.16676560044288635]}},{"t":2.0747368335723877,"j":false,"c":{"p":[-227.76806640625,250.55531311035156,372.17193603515625],"r":[-0.40673327445983887,2.737078119707803e-8,-0.9135469794273376,1.8674885637892658e-8,1,2.1646489045679118e-8,0.9135469794273376,-8.256036743148343e-9,-0.40673327445983887]}},{"t":2.136439085006714,"j":false,"c":{"p":[-226.11978149414062,250.17138671875,373.1981506347656],"r":[-0.6845449209213257,8.01784310056064e-8,-0.7289706468582153,4.724659774524298e-8,1,6.562130749898643e-8,0.7289706468582153,1.0479349832337448e-8,-0.6845449209213257]}},{"t":2.1772191524505615,"j":true,"c":{"p":[-225.37484741210938,249.6090545654297,373.937744140625],"r":[-0.7193372249603271,-7.130447787773164e-9,-0.6946610808372498,-7.185687600497204e-9,1,-2.8237012728027366e-9,0.6946610808372498,2.960423906017695e-9,-0.7193372249603271]}},{"t":2.1852986812591553,"j":true,"c":{"p":[-225.2252197265625,250.05198669433594,374.0926513671875],"r":[-0.7193372249603271,-2.63787764964718e-8,-0.6946610808372498,-1.929117665611102e-8,1,-1.7997143331172083e-8,0.6946610808372498,4.54814658157332e-10,-0.7193372249603271]}},{"t":2.200408458709717,"j":false,"c":{"p":[-224.9206085205078,250.90380859375,374.4076232910156],"r":[-0.7097448110580444,-6.527859852667461e-8,-0.7044588327407837,-4.314597035204315e-8,1,-4.9195168827509406e-8,0.7044588327407837,-4.521457430683995e-9,-0.7097448110580444]}},{"t":2.202850580215454,"j":true,"c":{"p":[-224.9206085205078,250.90380859375,374.4076232910156],"r":[-0.7097448110580444,-6.527859852667461e-8,-0.7044588327407837,-4.314597035204315e-8,1,-4.9195168827509406e-8,0.7044588327407837,-4.521457430683995e-9,-0.7097448110580444]}},{"t":2.264803171157837,"j":false,"c":{"p":[-223.47378540039062,253.76608276367188,375.86767578125],"r":[-0.7002522349357605,-0.00012340488319750875,-0.7138955593109131,-0.00017329452384728938,1,-0.0000028785811991838273,0.7138954997062683,0.00012169845285825431,-0.7002522349357605]}},{"t":2.330984115600586,"j":false,"c":{"p":[-221.93931579589844,255.7560272216797,377.349365234375],"r":[-0.644120454788208,0.0000017302004380326252,-0.7649241089820862,0.0000025119165911746677,1,1.4671218195871916e-7,0.7649241089820862,-0.0000018269251995661762,-0.644120454788208]}},{"t":2.3981926441192627,"j":false,"c":{"p":[-220.18299865722656,256.87384033203125,378.5443115234375],"r":[-0.2868577241897583,-9.946319323717034e-7,-0.9579731822013855,3.701800821431789e-8,1,-0.0000010493516811038717,0.9579731822013855,-3.364769156632974e-7,-0.2868577241897583]}},{"t":2.4628844261169434,"j":false,"c":{"p":[-218.167236328125,257.1197814941406,379.17919921875],"r":[-0.1737082302570343,-6.118443973690546e-9,-0.9847971796989441,1.033147678519697e-9,1,-6.395134644066047e-9,0.9847971796989441,-2.1283284024065097e-9,-0.1737082302570343]}},{"t":2.5315439701080322,"j":false,"c":{"p":[-216.0614013671875,256.49365234375,379.52001953125],"r":[-0.1463295817375183,1.39158828460495e-7,-0.9892358779907227,-1.0481926437932998e-8,1,1.4222355559923017e-7,0.9892358779907227,3.118061187024068e-8,-0.1463295817375183]}},{"t":2.602259397506714,"j":false,"c":{"p":[-213.81712341308594,254.8729705810547,379.8374328613281],"r":[-0.13242459297180176,1.3969666667890124e-7,-0.9911930561065674,-1.553599382475568e-8,1,1.4301352280199353e-7,0.9911930561065674,3.4337677590201565e-8,-0.13242459297180176]}},{"t":2.664733648300171,"j":false,"c":{"p":[-211.83261108398438,252.62548828125,380.0843200683594],"r":[-0.072093665599823,-5.9295190979469226e-9,-0.9973978400230408,-9.958548652377885e-9,1,-5.225167409861342e-9,0.9973978400230408,9.55593382201414e-9,-0.072093665599823]}},{"t":2.7341699600219727,"j":false,"c":{"p":[-209.56883239746094,249.15185546875,380.073974609375],"r":[0.06938620656728745,-1.0815332984748238e-7,-0.9975898861885071,5.754535958857332e-9,1,-1.0801436900464978e-7,0.9975898861885071,1.7540411345606799e-9,0.06938620656728745]}},{"t":2.7367970943450928,"j":true,"c":{"p":[-209.56883239746094,249.15185546875,380.073974609375],"r":[0.06938620656728745,-1.0815332984748238e-7,-0.9975898861885071,5.754535958857332e-9,1,-1.0801436900464978e-7,0.9975898861885071,1.7540411345606799e-9,0.06938620656728745]}},{"t":2.7864561080932617,"j":true,"c":{"p":[-207.987548828125,246.10719299316406,379.9639587402344],"r":[0.14608590304851532,1.1495141905015771e-7,-0.989271879196167,-1.5378443407598752e-8,1,1.1392706511514916e-7,0.989271879196167,-1.4296764883070523e-9,0.14608590304851532]}},{"t":2.79575514793396,"j":true,"c":{"p":[-207.73638916015625,246.5501251220703,379.9463806152344],"r":[0.16677169501781464,1.1601182592357873e-7,-0.9859955310821533,-1.5842434919477455e-8,1,1.1497998997356262e-7,0.9859955310821533,-3.5548379795358187e-9,0.16677169501781464]}},{"t":2.8036410808563232,"j":false,"c":{"p":[-207.4822540283203,246.98284912109375,379.9219970703125],"r":[0.18664629757404327,1.1139552924532836e-7,-0.982427179813385,-1.59464974558432e-8,1,1.1035848501705914e-7,0.982427179813385,-4.931730135382395e-9,0.18664629757404327]}},{"t":2.8057432174682617,"j":true,"c":{"p":[-207.4822540283203,246.98284912109375,379.9219970703125],"r":[0.18664629757404327,1.1139552924532836e-7,-0.982427179813385,-1.59464974558432e-8,1,1.1035848501705914e-7,0.982427179813385,-4.931730135382395e-9,0.18664629757404327]}},{"t":2.8245911598205566,"j":true,"c":{"p":[-206.83529663085938,248.0050506591797,379.8193359375],"r":[0.21390779316425323,-2.3188929887396625e-8,-0.9768538475036621,-8.513282523381349e-9,1,-2.5602588493711664e-8,0.9768538475036621,1.3792826436542782e-8,0.21390779316425323]}},{"t":2.8701705932617188,"j":false,"c":{"p":[-205.40194702148438,249.9541473388672,379.5107727050781],"r":[0.18144597113132477,-1.4368929157626553e-7,-0.9834009408950806,8.97109142528052e-9,1,-1.4445942042584647e-7,0.9834009408950806,1.7389400142064915e-8,0.18144597113132477]}},{"t":2.9390110969543457,"j":false,"c":{"p":[-203.1609649658203,252.1557159423828,379.17486572265625],"r":[0.1121717020869255,-1.3950131005913136e-7,-0.9936888217926025,7.371022903157609e-9,1,-1.3955524025277555e-7,0.9936888217926025,8.32964541785941e-9,0.1121717020869255]}},{"t":3.000450611114502,"j":false,"c":{"p":[-201.16946411132812,253.28077697753906,378.9938049316406],"r":[0.05670534819364548,-1.4933763736735273e-7,-0.9983909726142883,6.399417440405841e-9,1,-1.4921484137175867e-7,0.9983909726142883,2.072159333010859e-9,0.05670534819364548]}},{"t":3.067683219909668,"j":false,"c":{"p":[-199.03884887695312,253.63607788085938,378.8856506347656],"r":[0.04885406419634819,-1.8637732068782498e-7,-0.9988059401512146,8.845465693241295e-9,1,-1.861674832071003e-7,0.9988059401512146,2.6013483034326157e-10,0.04885406419634819]}},{"t":3.134882688522339,"j":false,"c":{"p":[-196.90785217285156,253.119384765625,378.7856750488281],"r":[0.041949909180402756,3.326899644662262e-8,-0.9991196990013123,-3.6086028609716436e-10,1,3.328315756334632e-8,0.9991196990013123,-1.035682761774126e-9,0.041949909180402756]}},{"t":3.2008814811706543,"j":false,"c":{"p":[-194.77716064453125,251.73069763183594,378.6821594238281],"r":[0.06906731426715851,1.7764588733371056e-7,-0.9976119995117188,-6.484239811754833e-9,1,1.7762219783890032e-7,0.9976119995117188,-5.7991336177565245e-9,0.06906731426715851]}},{"t":3.265469551086426,"j":false,"c":{"p":[-192.7864990234375,249.6368408203125,378.49188232421875],"r":[0.11811372637748718,-1.0284247764502652e-7,-0.9930000901222229,1.0390448501595984e-8,1,-1.0233154057459615e-7,0.9930000901222229,1.7690430231809273e-9,0.11811372637748718]}},{"t":3.3199803829193115,"j":true,"c":{"p":[-191.0654754638672,249.7548828125,378.2872619628906],"r":[0.11840574443340302,-5.1469438488993546e-8,-0.9929652810096741,-1.4067543796514315e-9,1,-5.200182329190284e-8,0.9929652810096741,7.554173286905552e-9,0.11840574443340302]}},{"t":3.329251289367676,"j":false,"c":{"p":[-190.66836547851562,250.40907287597656,378.23992919921875],"r":[0.11840694397687912,-3.569626372268431e-8,-0.9929651618003845,-4.46457537606193e-9,1,-3.6481544896105333e-8,0.9929651618003845,8.752835789493929e-9,0.11840694397687912]}},{"t":3.331575632095337,"j":true,"c":{"p":[-190.66836547851562,250.40907287597656,378.23992919921875],"r":[0.11840694397687912,-3.569626372268431e-8,-0.9929651618003845,-4.46457537606193e-9,1,-3.6481544896105333e-8,0.9929651618003845,8.752835789493929e-9,0.11840694397687912]}},{"t":3.3410093784332275,"j":true,"c":{"p":[-190.40359497070312,250.8281707763672,378.2083740234375],"r":[0.11840762197971344,-2.518643249516117e-8,-0.992965042591095,-6.502033134125895e-9,1,-2.6140217102010865e-8,0.992965042591095,9.55149292991564e-9,0.11840762197971344]}},{"t":3.394397020339966,"j":false,"c":{"p":[-188.68292236328125,253.22021484375,377.9991760253906],"r":[0.1253025084733963,3.12834558258146e-8,-0.9921185970306396,-1.9388703975664612e-8,1,2.9083219388326143e-8,0.9921185970306396,1.5591693269811913e-8,0.1253025084733963]}},{"t":3.4647376537323,"j":false,"c":{"p":[-186.43418884277344,255.4796905517578,377.7148742675781],"r":[0.12533628940582275,8.488068914402902e-8,-0.9921143054962158,-3.5409563281518786e-8,1,8.108197135925366e-8,0.9921143054962158,2.49678215880067e-8,0.12533628940582275]}},{"t":3.5297348499298096,"j":false,"c":{"p":[-184.31898498535156,256.7069091796875,377.4377746582031],"r":[0.13225702941417694,1.2296429474645265e-7,-0.9912154674530029,-5.000928382514758e-8,1,1.1738136151961953e-7,0.9912154674530029,3.4045466890120224e-8,0.13225702941417694]}},{"t":3.596851348876953,"j":false,"c":{"p":[-182.20230102539062,257.06219482421875,377.1723937988281],"r":[0.11171713471412659,1.0839393382866547e-7,-0.9937400221824646,-6.202074587235984e-8,1,1.0210432321855478e-7,0.9937400221824646,5.022569382617803e-8,0.11171713471412659]}},{"t":3.663194179534912,"j":false,"c":{"p":[-180.0759735107422,256.5454406738281,377.0118103027344],"r":[-0.004224829841405153,-1.5909856188045524e-7,-0.9999910593032837,-5.950814063737653e-9,1,-1.5907484396393556e-7,0.9999910593032837,5.278697035038249e-9,-0.004224829841405153]}},{"t":3.7298998832702637,"j":false,"c":{"p":[-177.9476318359375,255.15670776367188,377.13580322265625],"r":[-0.10379292070865631,-1.569971885828636e-7,-0.994598925113678,9.871660822113881e-9,1,-1.5887991366980714e-7,0.994598925113678,-2.6308953238185495e-8,-0.10379292070865631]}},{"t":3.7931971549987793,"j":false,"c":{"p":[-175.9583282470703,253.06285095214844,377.34210205078125],"r":[-0.09123561531305313,-7.930905354669449e-8,-0.9958293437957764,4.326290437006719e-9,1,-8.003757301366932e-8,0.9958293437957764,-1.161052409770491e-8,-0.09123561531305313]}},{"t":3.850931406021118,"j":true,"c":{"p":[-174.2295684814453,252.08633422851562,377.45501708984375],"r":[0.02789386548101902,-9.335002459920361e-8,-0.9996109008789062,5.374622413789609e-10,1,-9.337136930298584e-8,0.9996109008789062,2.0672352718520415e-9,0.02789386548101902]}},{"t":3.8605639934539795,"j":false,"c":{"p":[-173.8297576904297,251.9796905517578,377.44769287109375],"r":[0.05581926926970482,-1.0877475631332345e-7,-0.9984408617019653,1.6490023790893815e-9,1,-1.0885242573976939e-7,0.9984408617019653,4.429631772495668e-9,0.05581926926970482]}},{"t":3.8728935718536377,"j":true,"c":{"p":[-173.5635223388672,251.87916564941406,377.4349060058594],"r":[0.1827387660741806,-1.437522740843633e-7,-0.9831615090370178,5.412085446465653e-9,1,-1.4520836089104705e-7,0.9831615090370178,2.1214242806877337e-8,0.1827387660741806]}},{"t":3.884612798690796,"j":true,"c":{"p":[-173.16424560546875,252.53335571289062,377.414306640625],"r":[0.2796193063259125,-4.800477313438023e-7,-0.9601109623908997,4.055111446632509e-8,1,-4.881819677393651e-7,0.9601109623908997,9.75715366280383e-8,0.2796193063259125]}},{"t":3.897526979446411,"j":true,"c":{"p":[-172.7674102783203,253.15689086914062,377.37896728515625],"r":[0.3820912837982178,-6.989960184000665e-7,-0.9241245985031128,7.011203706497326e-8,1,-7.273984579114767e-7,0.9241245985031128,2.1314035336672532e-7,0.3820912837982178]}},{"t":3.92964243888855,"j":false,"c":{"p":[-171.61143493652344,254.8435821533203,377.14373779296875],"r":[0.5978387594223022,-0.0000014845528539808583,-0.801616370677948,1.290986091362356e-7,1,-0.0000017556685634190217,0.801616370677948,9.461190870752034e-7,0.5978387594223022]}},{"t":3.9951558113098145,"j":false,"c":{"p":[-169.85238647460938,257.04156494140625,376.3379211425781],"r":[0.6625824570655823,3.152981875587102e-8,-0.7489889860153198,-8.729305278620814e-9,1,3.437424922481114e-8,0.7489889860153198,-1.623762102553883e-8,0.6625824570655823]}},{"t":4.0562756061553955,"j":false,"c":{"p":[-168.36685180664062,258.4731750488281,375.04888916015625],"r":[0.8112647533416748,-3.3793955367400486e-7,-0.5846789479255676,3.163227546565395e-8,1,-5.341006499293144e-7,0.5846789479255676,4.148023151628877e-7,0.8112647533416748]}},{"t":4.126839637756348,"j":false,"c":{"p":[-167.04122924804688,259.1691589355469,373.2159423828125],"r":[0.8211504220962524,7.503569321443138e-8,-0.5707118511199951,-1.5097128880370292e-8,1,1.0975535502666389e-7,0.5707118511199951,-8.150954755592466e-8,0.8211504220962524]}},{"t":4.195039987564087,"j":false,"c":{"p":[-165.83848571777344,258.9249572753906,371.45404052734375],"r":[0.8328965902328491,3.681092053398061e-8,-0.5534286499023438,3.971162065852241e-9,1,7.249080624660564e-8,0.5534286499023438,-6.257509710394515e-8,0.8328965902328491]}},{"t":4.263153791427612,"j":false,"c":{"p":[-164.5840301513672,257.7100524902344,369.5661315917969],"r":[0.8329229354858398,-7.205932917031532e-8,-0.5533890128135681,2.996689474343839e-8,1,-8.511049998105591e-8,0.5533890128135681,5.430713656551234e-8,0.8329229354858398]}},{"t":4.336407423019409,"j":false,"c":{"p":[-163.31712341308594,255.51071166992188,367.6866149902344],"r":[0.8175468444824219,-8.646514970678254e-8,-0.5758621096611023,1.7517519879106658e-8,1,-1.252795556183628e-7,0.5758621096611023,9.233422559873361e-8,0.8175468444824219]}},{"t":4.405119895935059,"j":false,"c":{"p":[-161.9823760986328,252.60606384277344,365.85479736328125],"r":[0.7922936677932739,8.095476999869788e-8,-0.6101399660110474,-1.217596867775228e-8,1,1.1687126999504471e-7,0.6101399660110474,-8.516732208363464e-8,0.7922936677932739]}},{"t":4.408034801483154,"j":true,"c":{"p":[-161.9823760986328,252.60606384277344,365.85479736328125],"r":[0.7922936677932739,8.095476999869788e-8,-0.6101399660110474,-1.217596867775228e-8,1,1.1687126999504471e-7,0.6101399660110474,-8.516732208363464e-8,0.7922936677932739]}},{"t":4.420862197875977,"j":true,"c":{"p":[-161.73876953125,252.63446044921875,365.53753662109375],"r":[0.7922919392585754,7.95577648204926e-8,-0.610142171382904,-1.0269031847087717e-8,1,1.1705746771895065e-7,0.610142171382904,-8.647812421713752e-8,0.7922919392585754]}},{"t":4.432121992111206,"j":true,"c":{"p":[-161.4948272705078,253.2886505126953,365.2204895019531],"r":[0.7922919988632202,7.816137781446741e-8,-0.6101420521736145,-8.363277181899775e-9,1,1.172435446505915e-7,0.6101420521736145,-8.778833660016971e-8,0.7922919988632202]}},{"t":4.445659637451172,"j":true,"c":{"p":[-161.2508087158203,253.9121856689453,364.9035339355469],"r":[0.7922918796539307,7.676589319771665e-8,-0.6101422905921936,-6.4587184489539595e-9,1,1.1742950078996728e-7,0.6101422905921936,-8.9097696331919e-8,0.7922918796539307]}},{"t":4.466226816177368,"j":false,"c":{"p":[-160.8440399169922,254.88330078125,364.3752746582031],"r":[0.7922917604446411,7.444202765327645e-8,-0.6101424098014832,-3.287137895213732e-9,1,1.1773916241963889e-7,0.6101424098014832,-9.127814593057337e-8,0.7922917604446411]}},{"t":4.531198263168335,"j":false,"c":{"p":[-159.5422821044922,257.4185485839844,362.6848449707031],"r":[0.7922917604446411,6.702227750565726e-8,-0.6101424098014832,6.839187882690112e-9,1,1.1872786842559435e-7,0.6101424098014832,-9.823998681213197e-8,0.7922917604446411]}},{"t":4.598006248474121,"j":false,"c":{"p":[-158.2405242919922,259.08184814453125,360.9944152832031],"r":[0.7922917604446411,5.962782978485848e-8,-0.6101424098014832,1.6930959745309337e-8,1,1.1971317803727288e-7,0.6101424098014832,-1.0517806714460676e-7,0.7922917604446411]}},{"t":4.662968397140503,"j":false,"c":{"p":[-156.9387664794922,259.8731384277344,359.3039855957031],"r":[0.7922917604446411,5.225864185831597e-8,-0.6101424098014832,2.698829248970469e-8,1,1.2069517651980277e-7,0.6101424098014832,-1.1209249350940809e-7,0.7922917604446411]}},{"t":4.729686498641968,"j":false,"c":{"p":[-155.61959838867188,259.7924499511719,357.62738037109375],"r":[0.7836976051330566,1.0076556478111343e-8,-0.621142566204071,3.974058415678883e-8,1,6.636344096477842e-8,0.621142566204071,-7.669343915495119e-8,0.7836976051330566]}},{"t":4.797457933425903,"j":false,"c":{"p":[-154.2835235595703,258.8397521972656,355.96441650390625],"r":[0.7226755023002625,-1.857854385889368e-7,-0.6911874413490295,4.284548893451756e-8,1,-2.2399429155939288e-7,0.6911874413490295,1.322609364251548e-7,0.7226755023002625]}},{"t":4.859587669372559,"j":false,"c":{"p":[-152.7884979248047,257.1546630859375,354.6541748046875],"r":[0.3938772678375244,-0.0000015452211528099724,-0.9191630482673645,7.292149462045927e-8,1,-0.000001649869432185369,0.9191630482673645,5.828193252455094e-7,0.3938772678375244]}},{"t":4.919236898422241,"j":true,"c":{"p":[-151.12332153320312,254.890380859375,353.8525695800781],"r":[0.3223492503166199,-9.28492394081104e-9,-0.9466208219528198,8.731496414782214e-9,1,-6.835189747533832e-9,0.9466208219528198,-6.06209793474477e-9,0.3223492503166199]}},{"t":4.92761492729187,"j":false,"c":{"p":[-150.87109375,254.51242065429688,353.7662048339844],"r":[0.3222818076610565,4.2910993869327285e-8,-0.9466437697410583,1.618162381866739e-9,1,4.588050828147061e-8,0.9466437697410583,-1.6318276507831797e-8,0.3222818076610565]}},{"t":4.939697027206421,"j":true,"c":{"p":[-150.49246215820312,253.91993713378906,353.6372375488281],"r":[0.3090256154537201,1.035392145354308e-7,-0.9510537385940552,-6.658032791762025e-9,1,1.0670449768213075e-7,0.9510537385940552,-2.6642277717314755e-8,0.3090256154537201]}},{"t":4.985391855239868,"j":true,"c":{"p":[-149.21163940429688,252.69378662109375,353.26898193359375],"r":[0.2147383987903595,4.7551115045507686e-8,-0.976671576499939,-1.0362132485397524e-8,1,4.640860495896959e-8,0.976671576499939,1.5469109326815556e-10,0.2147383987903595]}},{"t":4.995234966278076,"j":false,"c":{"p":[-148.8226318359375,253.3479766845703,353.1760559082031],"r":[0.20791518688201904,1.973547902878181e-8,-0.9781468510627747,-1.125087312203732e-8,1,1.778490776871422e-8,0.9781468510627747,7.3072534689799795e-9,0.20791518688201904]}},{"t":4.996929883956909,"j":true,"c":{"p":[-148.8226318359375,253.3479766845703,353.1760559082031],"r":[0.20791518688201904,1.973547902878181e-8,-0.9781468510627747,-1.125087312203732e-8,1,1.778490776871422e-8,0.9781468510627747,7.3072534689799795e-9,0.20791518688201904]}},{"t":5.008749485015869,"j":true,"c":{"p":[-148.43179321289062,253.9715118408203,353.0910339355469],"r":[0.20791517198085785,-8.060104583762495e-9,-0.9781468510627747,-1.2139041771774828e-8,1,-1.082045653078012e-8,0.9781468510627747,1.4123503255802916e-8,0.20791517198085785]}},{"t":5.0651116371154785,"j":false,"c":{"p":[-146.60597229003906,256.47601318359375,352.7029113769531],"r":[0.20791508257389069,-1.375375262568923e-7,-0.9781468510627747,-1.6276308301144127e-8,1,-1.440700003740858e-7,0.9781468510627747,4.587494828456329e-8,0.20791508257389069]}},{"t":5.1329026222229,"j":false,"c":{"p":[-144.52427673339844,258.52081298828125,352.2369689941406],"r":[0.24147379398345947,-1.3293880840592465e-7,-0.9704073667526245,5.526608948258627e-9,1,-1.3561756873059494e-7,0.9704073667526245,2.7385025802573182e-8,0.24147379398345947]}},{"t":5.199091196060181,"j":false,"c":{"p":[-142.45693969726562,259.693603515625,351.7102355957031],"r":[0.24869270622730255,-7.071233198985283e-8,-0.9685824513435364,1.658101211887697e-8,1,-6.874867608530622e-8,0.9685824513435364,1.0372169789718555e-9,0.24869270622730255]}},{"t":5.268446922302246,"j":false,"c":{"p":[-140.26138305664062,259.9842529296875,351.14630126953125],"r":[0.24869248270988464,4.45315535557711e-8,-0.9685825109481812,2.2486776884989013e-8,1,5.1749694307545724e-8,0.9685825109481812,-3.465005704583746e-8,0.24869248270988464]}},{"t":5.3367578983306885,"j":false,"c":{"p":[-138.1912384033203,259.3585510253906,350.630859375],"r":[0.23521484434604645,1.1294409318907128e-7,-0.9719433784484863,3.117136770924844e-8,1,1.2374800917314133e-7,0.9719433784484863,-5.940417580063695e-8,0.23521484434604645]}},{"t":5.406146287918091,"j":false,"c":{"p":[-136.0113525390625,257.7383117675781,350.0142517089844],"r":[0.33389559388160706,-1.3792870845463767e-7,-0.9426100850105286,1.3044594737721127e-8,1,-1.4170565520998935e-7,0.9426100850105286,3.5018928201679955e-8,0.33389559388160706]}},{"t":5.467919111251831,"j":false,"c":{"p":[-134.1393585205078,255.74899291992188,349.31097412109375],"r":[0.3810730576515198,7.214194397420215e-8,-0.9245449304580688,-3.606100662523204e-8,1,6.316628287095227e-8,0.9245449304580688,9.269052192451e-9,0.3810730576515198]}}]}