{"v":1,"d":[{"t":0,"j":false,"c":{"p":[-132.05462646484375,255.89422607421875,348.4214782714844],"r":[0.40673959255218506,5.1011991075711194e-8,-0.9135441184043884,3.68506536396751e-9,1,5.748037068542544e-8,0.9135441184043884,-2.674601162766521e-8,0.40673959255218506]}},{"t":0.07032513618469238,"j":false,"c":{"p":[-130.10438537597656,255.91397094726562,347.5566711425781],"r":[0.3939453661441803,-3.7019414200756273e-9,-0.9191338419914246,5.373330935753984e-8,1,1.900272295074501e-8,0.9191338419914246,-5.6874135623274924e-8,0.3939453661441803]}},{"t":0.13802790641784668,"j":false,"c":{"p":[-128.0211944580078,255.5597686767578,346.66326904296875],"r":[0.3420224189758301,-5.830420235497513e-8,-0.9396917819976807,1.0504105318887014e-7,1,-2.381398545026059e-8,0.9396917819976807,-9.056130068074708e-8,0.3420224189758301]}},{"t":0.20637202262878418,"j":false,"c":{"p":[-126.0516586303711,254.336669921875,345.8461608886719],"r":[0.2832321524620056,-3.7713576261921844e-8,-0.9590513706207275,5.831191085547971e-9,1,-3.7601736835313204e-8,0.9590513706207275,5.057608998271235e-9,0.2832321524620056]}},{"t":0.27217602729797363,"j":false,"c":{"p":[-123.99592590332031,252.24159240722656,345.2777404785156],"r":[0.22261978685855865,-1.389198018841853e-7,-0.9749053716659546,-3.273844839668527e-8,1,-1.499715125419243e-7,0.9749053716659546,6.530351015499036e-8,0.22261978685855865]}},{"t":0.3380134105682373,"j":false,"c":{"p":[-121.89794921875,249.27450561523438,344.89630126953125],"r":[0.13314054906368256,-1.4783553581310116e-7,-0.9910971522331238,1.901101853718501e-8,1,-1.4660963643109426e-7,0.9910971522331238,6.779202199602707e-10,0.13314054906368256]}},{"t":0.40499401092529297,"j":false,"c":{"p":[-119.77490234375,245.43540954589844,344.6914367675781],"r":[0.07680113613605499,-1.7464168422520743e-7,-0.9970464110374451,6.729880652756037e-9,1,-1.746406326219585e-7,0.9970464110374451,6.702596255792059e-9,0.07680113613605499]}},{"t":0.4701957702636719,"j":false,"c":{"p":[-117.6478271484375,240.7243194580078,344.5278625488281],"r":[0.076722152531147,-3.8488238374156936e-8,-0.9970524907112122,-8.180914612410106e-9,1,-3.923153002460822e-8,0.9970524907112122,1.1166727986733349e-8,0.076722152531147]}},{"t":0.5345950126647949,"j":false,"c":{"p":[-115.65210723876953,235.51573181152344,344.39788818359375],"r":[0.0558563694357872,1.495723296329743e-7,-0.998438835144043,-1.3072908089384327e-8,1,1.4907486445281393e-7,0.998438835144043,4.7257184832005805e-9,0.0558563694357872]}},{"t":0.6000254154205322,"j":false,"c":{"p":[-113.52143859863281,229.11514282226562,344.2933349609375],"r":[0.021805094555020332,-6.4021592471874555e-9,-0.999762237071991,4.357253668985095e-9,1,-6.3086487145369574e-9,0.999762237071991,-4.218656979304569e-9,0.021805094555020332]}},{"t":0.6647615432739258,"j":false,"c":{"p":[-111.52155303955078,222.32264709472656,344.2831115722656],"r":[-0.006831268779933453,-1.192586864817713e-7,-0.9999766945838928,6.001830143986808e-9,1,-1.1930247012514883e-7,0.9999766945838928,-6.816677000642812e-9,-0.006831268779933453]}},{"t":0.7299187183380127,"j":false,"c":{"p":[-109.38833618164062,214.23255920410156,344.3075866699219],"r":[-0.013958344236016273,-6.901578331053315e-8,-0.999902606010437,-1.9247419213996864e-9,1,-6.899563942397435e-8,0.999902606010437,9.614896656628957e-10,-0.013958344236016273]}},{"t":0.7968170642852783,"j":false,"c":{"p":[-107.2552490234375,205.27047729492188,344.3414611816406],"r":[-0.020911386236548424,-3.4407278803882946e-8,-0.9997813105583191,-8.865842282546055e-9,1,-3.4229366008275974e-8,0.9997813105583191,8.148120400619518e-9,-0.020911386236548424]}},{"t":0.8574647903442383,"j":false,"c":{"p":[-105.25792694091797,196.08645629882812,344.3768615722656],"r":[-0.04371766746044159,-0.0005062985583208501,-0.9990438222885132,0.0008229357772506773,0.9999995231628418,-0.0005427941796369851,0.9990435838699341,-0.0008458785596303642,-0.04371722787618637]}},{"t":0.927016019821167,"j":false,"c":{"p":[-103.1715087890625,194.2261505126953,344.3689880371094],"r":[-0.07587097585201263,-0.0001490846334490925,-0.9971176385879517,0.000979207456111908,0.9999995231628418,-0.00022402370814234018,0.9971171617507935,-0.0009933819528669119,-0.07587078958749771]}},{"t":0.9873459339141846,"j":false,"c":{"p":[-101.22864532470703,193.1082305908203,344.1192626953125],"r":[-0.06661171466112137,-0.005538532510399818,-0.9977635741233826,0.02318500354886055,0.999705970287323,-0.007097169291228056,0.9975095391273499,-0.02360590733587742,-0.06646371632814407]}},{"t":1.0515806674957275,"j":false,"c":{"p":[-99.29086303710938,192.4333953857422,344.1439514160156],"r":[-0.08808618038892746,-0.0023976736702024937,-0.9961099624633789,0.009295331314206123,0.9999516010284424,-0.0032289079390466213,0.9960694909095764,-0.009543593972921371,-0.08805962651968002]}},{"t":1.1194989681243896,"j":false,"c":{"p":[-97.21186828613281,192.752197265625,344.358154296875],"r":[-0.11146228015422821,0.00003150424890918657,-0.9937686920166016,-0.00012469288776628673,1,0.000045687498641200364,0.9937686324119568,0.00012900831643491983,-0.11146228015422821]}},{"t":1.1879878044128418,"j":false,"c":{"p":[-95.08076477050781,192.78262329101562,344.33746337890625],"r":[-0.1359863132238388,0.00004500376962823793,-0.9907107353210449,0.00020737660815939307,1,0.00001696094659564551,0.9907106757164001,-0.00020314377616159618,-0.1359863132238388]}},{"t":1.2550041675567627,"j":false,"c":{"p":[-93.32298278808594,192.66519165039062,344.3157653808594],"r":[-0.19401192665100098,0.000004367671863292344,-0.9809991717338562,0.000009519956620351877,1,0.0000025695094336697366,0.9809991717338562,-0.00000884055407368578,-0.19401192665100098]}},{"t":1.323901653289795,"j":false,"c":{"p":[-92.9998550415039,192.63671875,344.3092041015625],"r":[-0.24868646264076233,2.974798007926438e-7,-0.9685840606689453,2.1694260965432477e-7,1,2.5142796289401304e-7,0.9685840606689453,-1.4760041722183814e-7,-0.24868646264076233]}},{"t":1.3892600536346436,"j":false,"c":{"p":[-92.99378204345703,192.63906860351562,344.28857421875],"r":[-0.2890279293060303,-9.598143435596285e-8,-0.9573206901550293,-2.256290798641203e-8,1,-9.344844187353374e-8,0.9573206901550293,-5.409271697232043e-9,-0.2890279293060303]}},{"t":1.4550976753234863,"j":false,"c":{"p":[-92.71183013916016,192.48106384277344,343.4371337890625],"r":[-0.348568856716156,-1.236899294099203e-7,-0.9372831583023071,-9.101920994680768e-8,1,-9.811706291884548e-8,0.9372831583023071,5.111022360893003e-8,-0.348568856716156]}},{"t":1.5200493335723877,"j":false,"c":{"p":[-92.30741882324219,191.60403442382812,342.43402099609375],"r":[-0.43836790323257446,1.0036004027824674e-7,-0.8987956047058105,5.3965852231385725e-8,1,8.533991291415077e-8,0.8987956047058105,-1.1093992391408847e-8,-0.43836790323257446]}},{"t":1.5869386196136475,"j":false,"c":{"p":[-91.92015075683594,189.962646484375,341.4942321777344],"r":[-0.4446328580379486,4.120997942891336e-8,-0.8957129120826721,3.868985842814254e-8,1,2.6802332797615236e-8,0.8957129120826721,-2.2737808080819377e-8,-0.4446328580379486]}},{"t":1.6532554626464844,"j":false,"c":{"p":[-91.6024169921875,187.36709594726562,340.6954040527344],"r":[-0.5032147765159607,-0.0002083725994452834,-0.8641613721847534,-0.000014097469829721376,1,-0.0002329177805222571,0.8641613721847534,-0.00010502518125576898,-0.5032147765159607]}},{"t":1.7192132472991943,"j":false,"c":{"p":[-91.54957580566406,183.89955139160156,340.4653625488281],"r":[-0.5032851696014404,-0.00022319455456454307,-0.864120364189148,-0.000022519183403346688,0.9999999403953552,-0.00024517529527656734,0.864120364189148,-0.00010393380944151431,-0.5032851696014404]}},{"t":1.7796101570129395,"j":false,"c":{"p":[-91.7236328125,180.15013122558594,340.7364501953125],"r":[-0.5032851696014404,-0.00022299254487734288,-0.864120364189148,-0.00002224310446763411,0.9999999403953552,-0.0002451023319736123,0.864120364189148,-0.00010413564450573176,-0.5032851696014404]}},{"t":1.8451621532440186,"j":false,"c":{"p":[-92.17504119873047,175.04759216308594,341.5858459472656],"r":[-0.5153006315231323,-0.00022162437380757183,-0.8570094704627991,-0.000022446392904384993,0.9999999403953552,-0.0002451055042911321,0.8570094704627991,-0.00010706624743761495,-0.5153006315231323]}},{"t":1.910935640335083,"j":false,"c":{"p":[-92.92273712158203,169.07302856445312,342.9958190917969],"r":[-0.5964711904525757,-0.0002104718441842124,-0.8026344180107117,-0.000023129177861846983,0.9999999403953552,-0.0002450380125083029,0.8026344776153564,-0.00012759384117089212,-0.5964711904525757]}},{"t":1.9776737689971924,"j":false,"c":{"p":[-94.12720489501953,162.28857421875,344.3299560546875],"r":[-0.7823908925056458,0.00222602067515254,-0.6227837204933167,0.04750026762485504,0.9972940683364868,-0.05610901489853859,0.6209735870361328,-0.07348157465457916,-0.7803795337677002]}},{"t":2.043480396270752,"j":false,"c":{"p":[-95.48873901367188,155.09315490722656,344.241943359375],"r":[-0.9473240375518799,-0.0008916673250496387,-0.3202754557132721,0.0030125994235277176,0.9999271035194397,-0.011694652028381824,0.32026252150535583,-0.012043486349284649,-0.9472522735595703]}},{"t":2.107182502746582,"j":false,"c":{"p":[-97.01639556884766,147.66189575195312,344.1550598144531],"r":[-0.9817282557487488,0.0011734325671568513,0.1902846097946167,-0.0007055215537548065,0.9999516606330872,-0.009806396439671516,-0.19028691947460175,-0.009761466644704342,-0.9816799759864807]}},{"t":2.1719329357147217,"j":false,"c":{"p":[-98.53136444091797,138.916015625,344.14276123046875],"r":[-0.7537249326705933,-0.00003898953946190886,0.6571900248527527,0.00006138181925052777,1,0.00012972585682291538,-0.6571900248527527,0.00013811713142786175,-0.7537248730659485]}},{"t":2.23929500579834,"j":false,"c":{"p":[-99.90496063232422,137.4342803955078,344.2584228515625],"r":[-0.4097420573234558,0.007321813143789768,0.9121720194816589,-0.012742486782371998,0.9998242855072021,-0.013749225996434689,-0.9121124148368835,-0.017256975173950195,-0.40957674384117126]}},{"t":2.300877094268799,"j":false,"c":{"p":[-101.63543701171875,137.79342651367188,344.3629150390625],"r":[-0.011647390201687813,0.00018717774946708232,0.9999321699142456,-0.00011517437087604776,1,-0.00018853202345781028,-0.9999321699142456,-0.00011736246233340353,-0.011647367849946022]}},{"t":2.3647425174713135,"j":false,"c":{"p":[-103.5772933959961,137.97789001464844,344.0648498535156],"r":[0.26218611001968384,0.000014437868230743334,0.9650173187255859,-0.000011532765711308457,1,-0.000011827909474959597,-0.9650173187255859,-0.000008028205229493324,0.26218611001968384]}},{"t":2.4302704334259033,"j":false,"c":{"p":[-105.43602752685547,137.40472412109375,343.5599670410156],"r":[0.2621857821941376,-1.0901908353844192e-7,0.9650174379348755,-3.2988182852022874e-8,1,1.2193366671908734e-7,-0.9650174379348755,-6.380344785839043e-8,0.2621857821941376]}},{"t":2.4329075813293457,"j":true,"c":{"p":[-105.43602752685547,137.40472412109375,343.5599670410156],"r":[0.2621857821941376,-1.0901908353844192e-7,0.9650174379348755,-3.2988182852022874e-8,1,1.2193366671908734e-7,-0.9650174379348755,-6.380344785839043e-8,0.2621857821941376]}},{"t":2.442290782928467,"j":true,"c":{"p":[-105.66829681396484,137.84425354003906,343.4968566894531],"r":[0.2621857821941376,9.242801723985394e-8,0.9650174379348755,-1.3346334526431747e-7,1,-5.951791237635007e-8,-0.9650174379348755,-1.1318970649654148e-7,0.2621857821941376]}},{"t":2.4495980739593506,"j":true,"c":{"p":[-105.90775299072266,138.27017211914062,343.4317932128906],"r":[0.2621857821941376,1.6027439642130048e-7,0.9650174379348755,-1.483717824157793e-7,1,-1.2577329755458777e-7,-0.9650174379348755,-1.1020537726835755e-7,0.2621857821941376]}},{"t":2.4993720054626465,"j":false,"c":{"p":[-107.57037353515625,140.7064971923828,342.9800720214844],"r":[0.2621860206127167,1.0942044070816337e-7,0.9650173783302307,4.002748710263404e-8,1,-1.2426210105331847e-7,-0.9650173783302307,7.120700473706165e-8,0.2621860206127167]}},{"t":2.567514419555664,"j":false,"c":{"p":[-109.5026626586914,142.8023223876953,342.4640808105469],"r":[0.25544512271881104,-3.4274747484630552e-9,0.9668235778808594,9.803126488350244e-8,1,-2.2355820306074747e-8,-0.9668235778808594,1.0048962195696731e-7,0.25544512271881104]}},{"t":2.6290125846862793,"j":false,"c":{"p":[-111.57337188720703,144.19314575195312,341.95166015625],"r":[0.22179941833019257,-2.3836660645315533e-8,0.9750922918319702,1.0287540419540164e-7,1,1.0449836551629232e-9,-0.9750922918319702,1.000812375195892e-7,0.22179941833019257]}},{"t":2.693307638168335,"j":false,"c":{"p":[-113.53179168701172,144.70506286621094,341.54681396484375],"r":[0.18080605566501617,1.4686790450468834e-7,0.9835187792778015,4.395279518121242e-8,1,-1.5740913283934788e-7,-0.9835187792778015,7.168892324216358e-8,0.18080605566501617]}},{"t":2.7614786624908447,"j":false,"c":{"p":[-115.63577270507812,144.4063720703125,341.19647216796875],"r":[0.10569078475236893,1.4878163767662045e-7,0.9943990707397461,-4.7870312158693196e-8,1,-1.445317110437827e-7,-0.9943990707397461,-3.232652190376939e-8,0.10569078475236893]}},{"t":2.8237767219543457,"j":false,"c":{"p":[-117.62991333007812,143.3343963623047,341.05120849609375],"r":[0.03536497801542282,1.3386605246523686e-7,0.9993744492530823,3.2879892586379356e-8,1,-1.3511336760529957e-7,-0.9993744492530823,3.763760858532805e-8,0.03536497801542282]}},{"t":2.8870084285736084,"j":false,"c":{"p":[-119.76248168945312,141.34620666503906,340.99639892578125],"r":[0.020942797884345055,8.995167632974699e-8,0.9997806549072266,6.17633588717581e-8,1,-9.126519273650047e-8,-0.9997806549072266,6.366115457012711e-8,0.020942797884345055]}},{"t":2.9485981464385986,"j":false,"c":{"p":[-121.62825775146484,138.89122009277344,340.9547119140625],"r":[0.055534880608320236,7.050056893831425e-8,0.9984567761421204,8.826955166796324e-8,1,-7.55191535972699e-8,-0.9984567761421204,9.232727649077788e-8,0.055534880608320236]}},{"t":2.995572328567505,"j":true,"c":{"p":[-123.08368682861328,137.49581909179688,340.8084716796875],"r":[0.18051381409168243,1.6258246304801105e-8,0.9835724234580994,2.1108684578052817e-8,1,-2.0403840395033512e-8,-0.9835724234580994,2.4445094837233228e-8,0.18051381409168243]}},{"t":3.003148317337036,"j":true,"c":{"p":[-123.34673309326172,137.9353485107422,340.7681884765625],"r":[0.1873781979084015,9.515378485147608e-10,0.9822878241539001,2.4631413575448846e-10,1,-1.0156817609185964e-9,-0.9822878241539001,4.322679991730638e-10,0.1873781979084015]}},{"t":3.009629011154175,"j":false,"c":{"p":[-123.60904693603516,138.36126708984375,340.7215270996094],"r":[0.23997430503368378,2.4463263414986613e-8,0.9707792401313782,-1.7365819005021876e-8,1,-2.090682649225073e-8,-0.9707792401313782,-1.1841275515678262e-8,0.23997430503368378]}},{"t":3.0117878913879395,"j":true,"c":{"p":[-123.60904693603516,138.36126708984375,340.7215270996094],"r":[0.23997430503368378,2.4463263414986613e-8,0.9707792401313782,-1.7365819005021876e-8,1,-2.090682649225073e-8,-0.9707792401313782,-1.1841275515678262e-8,0.23997430503368378]}},{"t":3.074793577194214,"j":false,"c":{"p":[-125.62029266357422,141.27806091308594,340.0313720703125],"r":[0.44252949953079224,2.0401976996708981e-7,0.8967539668083191,1.2497390677879139e-8,1,-2.3367640267224488e-7,-0.8967539668083191,1.1461578708349407e-7,0.44252949953079224]}},{"t":3.086239814758301,"j":true,"c":{"p":[-125.85983276367188,141.58135986328125,339.9142150878906],"r":[0.46797841787338257,1.920403605026877e-7,0.8837398886680603,1.30917072738157e-8,1,-2.242367997951078e-7,-0.8837398886680603,1.1650764264459212e-7,0.46797841787338257]}},{"t":3.144277334213257,"j":false,"c":{"p":[-127.44331359863281,143.3228759765625,338.93072509765625],"r":[0.5816783308982849,1.3706060997265013e-7,0.8134189248085022,8.488485470081741e-9,1,-1.7456954992667306e-7,-0.8134189248085022,1.0844801323628417e-7,0.5816783308982849]}},{"t":3.205275058746338,"j":false,"c":{"p":[-129.06874084472656,144.44793701171875,337.7655029296875],"r":[0.587668240070343,-6.950918418624497e-8,0.8091019988059998,-6.15607698151166e-9,1,9.03803396568037e-8,-0.8091019988059998,-5.809454961536176e-8,0.587668240070343]}},{"t":3.275294303894043,"j":false,"c":{"p":[-130.90249633789062,144.79649353027344,336.4332580566406],"r":[0.5877829194068909,-8.501591253207152e-8,0.8090186715126038,-4.903157879709852e-9,1,1.0864756205819504e-7,-0.8090186715126038,-6.78279334920262e-8,0.5877829194068909]}},{"t":3.339305877685547,"j":false,"c":{"p":[-132.5204620361328,144.2865447998047,335.2577209472656],"r":[0.5877826809883118,-7.450014294363427e-8,0.8090188503265381,-1.987809472581148e-9,1,9.353124852395922e-8,-0.8090188503265381,-5.6584227081657446e-8,0.5877826809883118]}},{"t":3.406285047531128,"j":false,"c":{"p":[-134.23597717285156,142.89785766601562,333.9897155761719],"r":[0.6043924689292908,-4.204990844414169e-8,0.7966867089271545,2.1251722603921053e-9,1,5.1168754566788266e-8,-0.7966867089271545,-2.923291475553924e-8,0.6043924689292908]}},{"t":3.466984272003174,"j":false,"c":{"p":[-135.8069610595703,140.8040008544922,332.7525634765625],"r":[0.6573300361633301,8.391654660044878e-8,0.7536028027534485,7.967876136660834e-9,1,-1.183037880991833e-7,-0.7536028027534485,8.376925109132571e-8,0.6573300361633301]}},{"t":3.5327749252319336,"j":false,"c":{"p":[-137.34893798828125,137.72579956054688,331.2795104980469],"r":[0.7188317775726318,9.471705908481454e-8,0.695184051990509,6.199186497468645e-9,1,-1.426575124696683e-7,-0.695184051990509,1.0685632645390797e-7,0.7188317775726318]}},{"t":3.59531307220459,"j":false,"c":{"p":[-138.67205810546875,134.04803466796875,329.7816162109375],"r":[0.8072475790977478,1.0337570444107769e-7,0.5902129411697388,1.0109325820906179e-8,1,-1.8897658549121843e-7,-0.5902129411697388,1.585175510854242e-7,0.8072475790977478]}},{"t":3.663879871368408,"j":false,"c":{"p":[-139.79714965820312,129.2803497314453,327.972900390625],"r":[0.900632381439209,7.077169072999823e-8,0.43458178639411926,9.551130553120402e-9,1,-1.8264398704559426e-7,-0.43458178639411926,1.6864582619291468e-7,0.900632381439209]}},{"t":3.7306432723999023,"j":false,"c":{"p":[-140.52064514160156,123.64066314697266,325.9726867675781],"r":[0.9818878173828125,5.139888514804625e-8,0.1894633024930954,1.725544862551942e-8,1,-3.607125904636632e-7,-0.1894633024930954,3.5744855608754733e-7,0.9818878173828125]}},{"t":3.752655029296875,"j":true,"c":{"p":[-140.64016723632812,123.41552734375,325.32598876953125],"r":[0.9881680607795715,-8.954347263667728e-10,0.1533748060464859,5.731370933403923e-9,1,-3.1088049468053214e-8,-0.1533748060464859,3.159926365015053e-8,0.9881680607795715]}},{"t":3.7869813442230225,"j":true,"c":{"p":[-140.7890625,123.3519515991211,324.280517578125],"r":[0.9937673211097717,-5.868254326912847e-9,0.11147431284189224,-3.2622626822131906e-9,1,8.172451515520152e-8,-0.11147431284189224,-8.157881126180655e-8,0.9937673211097717]}},{"t":3.792217969894409,"j":false,"c":{"p":[-140.82101440429688,123.79148864746094,324.0177001953125],"r":[0.99452143907547,-1.269046645546723e-9,0.10453294217586517,-5.099583866297053e-9,1,6.065736357641072e-8,-0.10453294217586517,-6.085812032097238e-8,0.99452143907547]}},{"t":3.7943918704986572,"j":true,"c":{"p":[-140.82101440429688,123.79148864746094,324.0177001953125],"r":[0.99452143907547,-1.269046645546723e-9,0.10453294217586517,-5.099583866297053e-9,1,6.065736357641072e-8,-0.10453294217586517,-6.085812032097238e-8,0.99452143907547]}},{"t":3.800828695297241,"j":true,"c":{"p":[-140.8499298095703,124.21739959716797,323.75311279296875],"r":[0.9952026009559631,3.210974153233792e-9,0.09783560782670975,-7.057986639580349e-9,1,3.897509870398608e-8,-0.09783560782670975,-3.947863902453719e-8,0.9952026009559631]}},{"t":3.8602631092071533,"j":false,"c":{"p":[-140.97869873046875,126.81729888916016,321.8913269042969],"r":[0.9995896220207214,5.762383459284592e-9,0.028646914288401604,-1.6198570262915268e-9,1,-1.446295669893516e-7,-0.028646914288401604,1.4452380980856105e-7,0.9995896220207214]}},{"t":3.9274582862854004,"j":false,"c":{"p":[-140.98187255859375,128.97113037109375,319.75830078125],"r":[0.9997842311859131,-1.863308973781841e-8,-0.020772678777575493,1.611331335027444e-8,1,-1.2146983863203786e-7,0.020772678777575493,1.2110891134398116e-7,0.9997842311859131]}},{"t":3.9880003929138184,"j":false,"c":{"p":[-140.91845703125,130.19837951660156,317.7593994140625],"r":[0.9988200664520264,-4.175399226369336e-8,-0.04856438934803009,3.437258300209578e-8,1,-1.5282735432720074e-7,0.04856438934803009,1.5097774053174362e-7,0.9988200664520264]}},{"t":4.0537614822387695,"j":false,"c":{"p":[-140.81356811523438,130.65921020507812,315.7622375488281],"r":[0.9993833303451538,-9.050884486327959e-9,-0.03511311486363411,7.516545608154956e-9,1,-4.382902218935669e-8,0.03511311486363411,4.353806559720397e-8,0.9993833303451538]}},{"t":4.120578289031982,"j":false,"c":{"p":[-140.7819366455078,130.25498962402344,313.49609375],"r":[0.9999054670333862,2.805479404344169e-8,0.013750185258686543,-2.6575113665217032e-8,1,-1.0779434944652166e-7,-0.013750185258686543,1.0741874945097152e-7,0.9999054670333862]}},{"t":4.186560869216919,"j":false,"c":{"p":[-140.8116455078125,128.9752960205078,311.36279296875],"r":[0.9999024868011475,6.20853146671152e-9,0.01396484300494194,-5.114987100540702e-9,1,-7.83426727934966e-8,-0.01396484300494194,7.826360359786122e-8,0.9999024868011475]}},{"t":4.2532782554626465,"j":false,"c":{"p":[-140.83688354492188,126.82363891601562,309.2294921875],"r":[1,-2.3643359270408837e-8,0.0002030944888247177,2.3649594282915132e-8,1,-3.069919785048114e-8,-0.0002030944888247177,3.070400111937488e-8,1]}},{"t":4.319498538970947,"j":false,"c":{"p":[-140.71998596191406,124.01447296142578,307.23681640625],"r":[0.986129641532898,-3.2690394391465816e-8,-0.16597703099250793,6.7226562094901965e-9,1,-1.570156058505745e-7,0.16597703099250793,1.5372194184237742e-7,0.986129641532898]}},{"t":4.383972883224487,"j":false,"c":{"p":[-140.2353057861328,121.2413330078125,305.2220458984375],"r":[0.9396935701370239,7.297086312973988e-8,-0.3420175611972809,-4.9908944532717214e-8,1,7.622927711281591e-8,0.3420175611972809,-5.4562423912329905e-8,0.9396935701370239]}},{"t":4.4457244873046875,"j":false,"c":{"p":[-139.52223205566406,121.00540924072266,303.49615478515625],"r":[0.9135465621948242,4.725872138067189e-9,-0.4067341089248657,1.9223662661715935e-8,1,5.479644471506617e-8,0.4067341089248657,-5.787802592749358e-8,0.9135465621948242]}},{"t":4.4573962688446045,"j":true,"c":{"p":[-139.42181396484375,120.91645050048828,303.27044677734375],"r":[0.9135464429855347,-6.630955784459047e-9,-0.4067343771457672,2.9305176951766043e-8,1,4.951802878849776e-8,0.4067343771457672,-5.715644491033345e-8,0.9135464429855347]}},{"t":4.467808723449707,"j":true,"c":{"p":[-139.32138061523438,121.35598754882812,303.04473876953125],"r":[0.9135464429855347,-1.7982946687311596e-8,-0.4067343771457672,3.938238180012377e-8,1,4.424186883511538e-8,0.4067343771457672,-5.643517297926337e-8,0.9135464429855347]}},{"t":4.475602149963379,"j":true,"c":{"p":[-139.2178955078125,121.78189849853516,302.812255859375],"r":[0.9135467410087585,-2.93301205545049e-8,-0.40673381090164185,4.945528431221646e-8,1,3.8967971960346404e-8,0.40673381090164185,-5.571419947614231e-8,0.9135467410087585]}},{"t":4.509530544281006,"j":false,"c":{"p":[-138.73135375976562,123.5299072265625,301.719482421875],"r":[0.9135466814041138,-8.033228482418053e-8,-0.4067338705062866,9.473011886029781e-8,1,1.5263303509982507e-8,0.4067338705062866,-5.247368761729376e-8,0.9135466814041138]}},{"t":4.559147596359253,"j":true,"c":{"p":[-138.142333984375,125.29166412353516,300.3763732910156],"r":[0.921740710735321,-1.547917065636284e-7,-0.3878066837787628,1.5169534606229718e-7,1,-3.859636166225755e-8,0.3878066837787628,-2.3252631820014358e-8,0.921740710735321]}},{"t":4.575878381729126,"j":false,"c":{"p":[-137.884765625,125.95621490478516,299.761474609375],"r":[0.9270142912864685,-1.3060986248092377e-7,-0.3750259578227997,1.1596184634754536e-7,1,-6.162660781683371e-8,0.3750259578227997,1.3640045537499645e-8,0.9270142912864685]}},{"t":4.637821197509766,"j":false,"c":{"p":[-137.1723175048828,127.43892669677734,297.8929138183594],"r":[0.9461968541145325,-2.381910846338542e-8,-0.3235916197299957,-2.2990638726128054e-8,1,-1.4083423138799844e-7,0.3235916197299957,1.40696485573244e-7,0.9461968541145325]}},{"t":4.704841136932373,"j":false,"c":{"p":[-136.50381469726562,128.17575073242188,295.8670959472656],"r":[0.9531238079071045,-1.4264863068547129e-8,-0.3025805354118347,-2.03939212184423e-8,1,-1.1138454425463351e-7,0.3025805354118347,1.123340638287118e-7,0.9531238079071045]}},{"t":4.767827272415161,"j":false,"c":{"p":[-135.89907836914062,128.07461547851562,293.9605712890625],"r":[0.9531916379928589,-1.3043615965102617e-8,-0.30236685276031494,1.9103032045109103e-8,1,1.7082674830248834e-8,0.30236685276031494,-2.20591864774633e-8,0.9531916379928589]}},{"t":4.838684320449829,"j":false,"c":{"p":[-135.2397003173828,127.03343200683594,291.7920227050781],"r":[0.961131751537323,-4.2111569342750954e-8,-0.27609017491340637,6.633560190039134e-8,1,7.840075966214499e-8,0.27609017491340637,-9.366806352772983e-8,0.961131751537323]}},{"t":4.906747102737427,"j":false,"c":{"p":[-134.7374267578125,125.15423583984375,289.7204284667969],"r":[0.9908111095428467,-5.435238037421186e-8,-0.13525283336639404,2.2573908964318434e-8,1,-2.364897113693587e-7,0.13525283336639404,2.3126345638502244e-7,0.9908111095428467]}},{"t":4.976030588150024,"j":false,"c":{"p":[-134.594482421875,122.20214080810547,287.46221923828125],"r":[0.9985848069190979,-4.903150663260192e-10,0.053182799369096756,1.522579395896173e-8,1,-2.766671229892381e-7,-0.053182799369096756,2.770853200217971e-7,0.9985848069190979]}},{"t":5.0399534702301025,"j":false,"c":{"p":[-134.7241668701172,119.8907241821289,285.4707946777344],"r":[0.9952271580696106,-4.135850772968297e-9,0.09758535027503967,-6.513966255283776e-9,1,1.088147669747741e-7,-0.09758535027503967,-1.0893107571519067e-7,0.9952271580696106]}},{"t":5.054484128952026,"j":true,"c":{"p":[-134.76181030273438,119.92803192138672,285.07440185546875],"r":[0.9945216178894043,-4.991914437368905e-9,0.10453134775161743,-6.139711850039475e-9,1,1.0616901846560722e-7,-0.10453134775161743,-1.0622917301361667e-7,0.9945216178894043]}},{"t":5.065765380859375,"j":true,"c":{"p":[-134.80030822753906,120.58222961425781,284.67816162109375],"r":[0.9937676191329956,-5.828969751320301e-9,0.11147180944681168,-5.747262665778408e-9,1,1.0352763979426527e-7,-0.11147180944681168,-1.0352307100447433e-7,0.9937676191329956]}},{"t":5.073617219924927,"j":true,"c":{"p":[-134.82899475097656,121.00132751464844,284.4133605957031],"r":[0.9921770095825195,-7.152533676446637e-9,0.12483919411897659,-5.279270354208165e-9,1,9.925171440272607e-8,-0.12483919411897659,-9.913432563735114e-8,0.9921770095825195]}},{"t":5.104588747024536,"j":false,"c":{"p":[-134.96142578125,122.54148864746094,283.3549499511719],"r":[0.9921172261238098,-5.014214377041526e-9,0.1253131926059723,-2.3104278490393426e-9,1,5.8305349881493385e-8,-0.1253131926059723,-5.813527081954817e-8,0.9921172261238098]}},{"t":5.136563301086426,"j":true,"c":{"p":[-135.07838439941406,123.71028900146484,282.42889404296875],"r":[0.9921143651008606,-2.997717185593274e-9,0.12533599138259888,3.074025756166776e-10,1,2.1484163781337884e-8,-0.12533599138259888,-2.1276218120647172e-8,0.9921143651008606]}},{"t":5.168127059936523,"j":false,"c":{"p":[-135.21205139160156,124.8416976928711,281.37054443359375],"r":[0.9921143054962158,-6.950175435171957e-10,0.12533624470233917,3.294154504729363e-9,1,-2.0530057653900258e-8,-0.12533624470233917,2.078104088809596e-8,0.9921143054962158]}},{"t":5.232602119445801,"j":false,"c":{"p":[-135.495849609375,126.45050811767578,279.256103515625],"r":[0.9902699589729309,8.252234451333607e-9,0.13915959000587463,1.1778057640299266e-8,1,-1.4311403617739415e-7,-0.13915959000587463,1.4336056608499348e-7,0.9902699589729309]}},{"t":5.300422430038452,"j":false,"c":{"p":[-135.85675048828125,127.18730926513672,277.1542053222656],"r":[0.973838210105896,3.0100096637397655e-8,0.2272423803806305,8.986658528442604e-9,1,-1.7097008253585955e-7,-0.2272423803806305,1.685393584693884e-7,0.973838210105896]}},{"t":5.3615403175354,"j":false,"c":{"p":[-136.32960510253906,127.08611297607422,275.2109069824219],"r":[0.9653084874153137,1.935654836415779e-8,0.26111215353012085,3.705709961110415e-9,1,-8.783084837205024e-8,-0.26111215353012085,8.575146637213038e-8,0.9653084874153137]}},{"t":5.429087400436401,"j":false,"c":{"p":[-136.97726440429688,126.1334228515625,273.17913818359375],"r":[0.939941942691803,4.081143600842552e-8,0.3413342833518982,8.273631557642602e-9,1,-1.4234775846944103e-7,-0.3413342833518982,1.3662270248460118e-7,0.939941942691803]}},{"t":5.496516942977905,"j":false,"c":{"p":[-137.71548461914062,124.30873107910156,271.1775817871094],"r":[0.9372820258140564,2.614529925892839e-8,0.3485719561576843,6.257201867754247e-9,1,-9.183200688767101e-8,-0.3485719561576843,8.8253571561836e-8,0.9372820258140564]}},{"t":5.560089826583862,"j":false,"c":{"p":[-138.3766632080078,121.8061294555664,269.290283203125],"r":[0.9570518136024475,3.583007313068265e-8,0.28991684317588806,8.91837181882238e-9,1,-1.5302806843919825e-7,-0.28991684317588806,1.490413836791049e-7,0.9570518136024475]}},{"t":5.6252336502075195,"j":false,"c":{"p":[-138.95599365234375,118.29193115234375,267.2373046875],"r":[0.9667734503746033,3.091526679099843e-8,0.25563469529151917,5.306325157050651e-9,1,-1.4100308476372447e-7,-0.25563469529151917,1.3767451889634685e-7,0.9667734503746033]}},{"t":5.6951844692230225,"j":false,"c":{"p":[-139.45118713378906,119.66573333740234,265.3359069824219],"r":[0.9702949523925781,-5.321370899480371e-9,0.24192512035369873,-1.5160196431551753e-9,1,2.8076280855771074e-8,-0.24192512035369873,-2.760903505816259e-8,0.9702949523925781]}},{"t":5.763079643249512,"j":false,"c":{"p":[-139.9677734375,120.72321319580078,263.1903076171875],"r":[0.9751487374305725,-8.810574492201795e-9,0.2215513437986374,-1.006821070959063e-9,1,4.4199122584132056e-8,-0.2215513437986374,-4.3323780118953437e-8,0.9751487374305725]}},{"t":5.82376503944397,"j":false,"c":{"p":[-140.3702850341797,121.17245483398438,261.4124755859375],"r":[0.9766716957092285,9.991109273244092e-9,0.21473808586597443,2.9634683595958222e-9,1,-6.000540508921404e-8,-0.21473808586597443,5.924194823592188e-8,0.9766716957092285]}},{"t":5.88377833366394,"j":false,"c":{"p":[-140.77169799804688,121.58837890625,259.4947509765625],"r":[0.9795746803283691,8.484745350756384e-9,0.20108065009117126,1.2290325424046955e-9,1,-4.8183029122128573e-8,-0.20108065009117126,4.744600801132037e-8,0.9795746803283691]}},{"t":5.945542097091675,"j":false,"c":{"p":[-141.14173889160156,121.7917251586914,257.6854248046875],"r":[0.9809545278549194,-1.3864030812271722e-8,0.19423745572566986,-4.484338678167887e-9,1,9.402389622437113e-8,-0.19423745572566986,-9.310419812891269e-8,0.9809545278549194]}},{"t":5.978520631790161,"j":true,"c":{"p":[-141.34677124023438,121.65267181396484,256.6386413574219],"r":[0.98357093334198,-8.942827811608822e-9,0.18052195012569427,-3.102782253350256e-9,1,6.64441870412702e-8,-0.18052195012569427,-6.591269396949428e-8,0.98357093334198]}},{"t":5.9891369342803955,"j":true,"c":{"p":[-141.3968505859375,122.09561920166016,256.3767395019531],"r":[0.9835709929466248,-6.67783384145082e-9,0.18052180111408234,-2.479212168893241e-9,1,5.049980345006588e-8,-0.18052180111408234,-5.0117691330342495e-8,0.9835709929466248]}},{"t":5.999385595321655,"j":true,"c":{"p":[-141.4696044921875,122.73959350585938,255.98342895507812],"r":[0.9889503717422485,2.8927242823328925e-9,0.14824707806110382,5.06356900853433e-11,1,-1.9850647348107486e-8,-0.14824707806110382,1.9638811465938488e-8,0.9889503717422485]}},{"t":6.008565902709961,"j":false,"c":{"p":[-141.51156616210938,123.15188598632812,255.72012329101562],"r":[0.9942716956138611,8.750723701211882e-9,0.10688195377588272,2.947780242124054e-9,1,-1.0929457516795082e-7,-0.10688195377588272,1.0898357061250863e-7,0.9942716956138611]}},{"t":6.074175596237183,"j":false,"c":{"p":[-141.6063995361328,126.10623168945312,253.45823669433594],"r":[0.9999766945838928,-9.337077777615832e-9,-0.006830408237874508,8.403001849899283e-9,1,-1.3678130983407755e-7,0.006830408237874508,1.3672071474957193e-7,0.9999766945838928]}},{"t":6.0756707191467285,"j":true,"c":{"p":[-141.6063995361328,126.10623168945312,253.45823669433594],"r":[0.9999766945838928,-9.337077777615832e-9,-0.006830408237874508,8.403001849899283e-9,1,-1.3678130983407755e-7,0.006830408237874508,1.3672071474957193e-7,0.9999766945838928]}},{"t":6.136319637298584,"j":false,"c":{"p":[-141.59336853027344,127.80006408691406,251.5915985107422],"r":[0.9999756813049316,2.3671031801342224e-9,-0.006978137418627739,-1.5711876244495215e-9,1,1.1406395117319335e-7,0.006978137418627739,-1.1405020927668374e-7,0.9999756813049316]}},{"t":6.198956251144409,"j":false,"c":{"p":[-141.57305908203125,128.8740692138672,249.5917205810547],"r":[0.9996286034584045,1.272242755590014e-8,-0.027251141145825386,-7.92070853350424e-9,1,1.7631043647270417e-7,0.027251141145825386,-1.7602911839276203e-7,0.9996286034584045]}},{"t":6.265265226364136,"j":false,"c":{"p":[-141.45022583007812,129.1748809814453,247.46249389648438],"r":[0.9952771067619324,-1.4327463659924433e-8,-0.0970747172832489,2.782968522296869e-9,1,-1.1905920160870664e-7,0.0970747172832489,1.1822674395034483e-7,0.9952771067619324]}},{"t":6.325979471206665,"j":false,"c":{"p":[-141.24290466308594,128.66494750976562,245.47329711914062],"r":[0.9937738180160522,-1.9132047057723867e-8,-0.11141616851091385,6.591502899055968e-9,1,-1.1292421930875207e-7,0.11141616851091385,1.1148673451089053e-7,0.9937738180160522]}},{"t":6.397437334060669,"j":false,"c":{"p":[-140.99024963378906,127.16053009033203,243.22067260742188],"r":[0.9937682151794434,-3.088602928968953e-9,-0.11146606504917145,4.096573302803108e-9,1,8.81381723161212e-9,0.11146606504917145,-9.215520790917253e-9,0.9937682151794434]}},{"t":6.463165760040283,"j":false,"c":{"p":[-140.7863311767578,124.84532928466797,241.09722900390625],"r":[0.9964888095855713,-4.3936689841928e-9,-0.0837261825799942,5.79473447004375e-9,1,1.649088510191632e-8,0.0837261825799942,-1.691815221249726e-8,0.9964888095855713]}},{"t":6.526205062866211,"j":false,"c":{"p":[-140.63050842285156,122.92964935302734,239.10337829589844],"r":[0.9970529675483704,-1.381279446377448e-8,-0.07671624422073364,1.084341061385885e-8,1,-3.912261092864355e-8,0.07671624422073364,3.817545035644798e-8,0.9970529675483704]}},{"t":6.592252731323242,"j":false,"c":{"p":[-140.46693420410156,121.45476531982422,236.97642517089844],"r":[0.9975642561912537,-2.3075591215615532e-8,-0.06975357234477997,1.6262356794527477e-8,1,-9.824363900179378e-8,0.06975357234477997,9.686998225788557e-8,0.9975642561912537]}},{"t":6.655050992965698,"j":false,"c":{"p":[-140.32679748535156,119.830810546875,234.98130798339844],"r":[0.9975642561912537,-9.916432119894125e-9,-0.06975354999303818,6.549020437063291e-9,1,-4.8504531946491625e-8,0.06975354999303818,4.792956787014191e-8,0.9975642561912537]}},{"t":6.723429441452026,"j":false,"c":{"p":[-140.162353515625,120.0166015625,232.85433959960938],"r":[0.9964931011199951,1.8716974636845407e-8,-0.08367478847503662,-1.199760824022178e-8,1,8.080618130179573e-8,0.08367478847503662,-7.951890523827387e-8,0.9964931011199951]}},{"t":6.7842772006988525,"j":false,"c":{"p":[-139.9950408935547,120.03790283203125,230.86146545410156],"r":[0.9964931011199951,1.115539327578574e-9,-0.08367495238780975,-1.6800902032446108e-12,1,1.3311810320715267e-8,0.08367495238780975,-1.3264986442607096e-8,0.9964931011199951]}},{"t":6.846356153488159,"j":false,"c":{"p":[-139.82772827148438,120.04007720947266,228.86859130859375],"r":[0.9964931011199951,-1.642960079095701e-8,-0.08367495238780975,1.1955894940740563e-8,1,-5.3966381585723866e-8,0.08367495238780975,5.277671633052705e-8,0.9964931011199951]}},{"t":6.907444477081299,"j":false,"c":{"p":[-139.66041564941406,120.04031372070312,226.87571716308594],"r":[0.9964931011199951,-3.391863145907337e-8,-0.08367491513490677,2.387526265579254e-8,1,-1.2102908897304587e-7,0.08367491513490677,1.1860689141940384e-7,0.9964931011199951]}},{"t":6.976552486419678,"j":false,"c":{"p":[-139.48194885253906,120.04031372070312,224.74998474121094],"r":[0.9964931011199951,1.8608961482868835e-8,-0.08367465436458588,-1.3304862100937953e-8,1,6.394716933755262e-8,0.08367465436458588,-6.260963658633045e-8,0.9964931011199951]}},{"t":7.037121295928955,"j":false,"c":{"p":[-139.3363494873047,120.04031372070312,222.88906860351562],"r":[0.9970529675483704,1.3197362314087968e-8,-0.07671608775854111,-9.65675184261272e-9,1,4.6523091157268937e-8,0.07671608775854111,-4.564515876381847e-8,0.9970529675483704]}},{"t":7.097412347793579,"j":false,"c":{"p":[-139.18299865722656,120.04031372070312,220.89505004882812],"r":[0.9970529675483704,-8.141118001958603e-9,-0.07671608775854111,5.97072524755049e-9,1,-2.852059566293974e-8,0.07671608775854111,2.797849418811893e-8,0.9970529675483704]}},{"t":7.163361549377441,"j":false,"c":{"p":[-139.01942443847656,120.04031372070312,218.76809692382812],"r":[0.9970529675483704,-3.082694632894345e-8,-0.0767163410782814,2.258494369300479e-8,1,-1.0830238039716278e-7,0.0767163410782814,1.0625057456081777e-7,0.9970529675483704]}},{"t":7.225300073623657,"j":false,"c":{"p":[-138.86607360839844,120.04031372070312,216.77407836914062],"r":[0.9970529675483704,6.127038432168774e-9,-0.0767163410782814,-4.4910839491763e-9,1,2.1497243096746388e-8,0.0767163410782814,-2.1089350710212784e-8,0.9970529675483704]}},{"t":7.2933056354522705,"j":false,"c":{"p":[-138.70249938964844,120.04031372070312,214.64712524414062],"r":[0.9970529675483704,1.5159757893457027e-8,-0.0767163410782814,-1.1106785713366207e-8,1,5.325729901528575e-8,0.0767163410782814,-5.224827503980123e-8,0.9970529675483704]}},{"t":7.353862047195435,"j":false,"c":{"p":[-138.5593719482422,120.04031372070312,212.78604125976562],"r":[0.9970529675483704,-8.040716537038861e-9,-0.0767163410782814,5.894777999060352e-9,1,-2.819882105598026e-8,0.0767163410782814,2.7663492829788083e-8,0.9970529675483704]}},{"t":7.415178298950195,"j":false,"c":{"p":[-138.40602111816406,120.04031372070312,210.79202270507812],"r":[0.9970529675483704,-3.282150018435459e-8,-0.0767163410782814,2.4054427782971288e-8,1,-1.1520314302515544e-7,0.0767163410782814,1.1301826674525728e-7,0.9970529675483704]}},{"t":7.4770753383636475,"j":false,"c":{"p":[-138.25267028808594,120.04031372070312,208.79800415039062],"r":[0.9970529675483704,1.0650937021239315e-8,-0.0767163410782814,-7.80685294188288e-9,1,3.7372632988308396e-8,0.0767163410782814,-3.6663578839579714e-8,0.9970529675483704]}},{"t":7.53933572769165,"j":false,"c":{"p":[-138.0993194580078,120.04031372070312,206.80398559570312],"r":[0.9970529675483704,1.4075295595716852e-8,-0.0767163410782814,-1.0315776677316535e-8,1,4.940172360079487e-8,0.0767163410782814,-4.846474510600274e-8,0.9970529675483704]}},{"t":7.604048252105713,"j":false,"c":{"p":[-137.98016357421875,120.04031372070312,204.67428588867188],"r":[0.999610185623169,-1.4623998012552875e-8,-0.027918489649891853,1.3270253340635918e-8,1,-4.867446179446233e-8,0.027918489649891853,4.8285002662851184e-8,0.999610185623169]}},{"t":7.666720390319824,"j":false,"c":{"p":[-137.935791015625,120.04031372070312,202.6748046875],"r":[0.9997807145118713,-2.55155221395853e-8,-0.020939599722623825,2.368123119822485e-8,1,-8.784709848441707e-8,0.020939599722623825,8.7331955000991e-8,0.9997807145118713]}},{"t":7.729155778884888,"j":false,"c":{"p":[-137.88198852539062,120.04031372070312,200.67556762695312],"r":[0.999610185623169,2.2853702930092368e-8,-0.02791825868189335,-2.0611128803693646e-8,1,8.061421397087543e-8,0.02791825868189335,-8.000736784197215e-8,0.999610185623169]}},{"t":7.7950990200042725,"j":false,"c":{"p":[-137.86021423339844,120.04031372070312,198.67575073242188],"r":[0.9999756813049316,8.671652729219659e-9,-0.0069780475459992886,-8.498004078205668e-9,1,2.491465878051713e-8,0.00697804754