{"v":1,"name":"macro1_macro2_merged","d":[{"t":0.061226606369018555,"c":{"r":[-0.10452600568532944,-8.175727117532006e-8,-0.9945221543312073,4.615278825781388e-9,1,-8.269266515981144e-8,0.9945221543312073,-1.3233531603873416e-8,-0.10452600568532944],"p":[-57.91352081298828,101.33282470703125,66.26725769042969]},"j":false},{"t":0.12204742431640625,"c":{"r":[-0.10452600568532944,-2.5136044357054743e-8,-0.9945221543312073,1.5741412617842343e-9,1,-2.543993993242566e-8,0.9945221543312073,-4.2246535159051746e-9,-0.10452600568532944],"p":[-57.52847671508789,101.33282470703125,66.30773162841797]},"j":false},{"t":0.19057178497314453,"c":{"r":[-0.10452600568532944,7.202554996865729e-8,-0.9945221543312073,-3.77971121068299e-9,1,7.281951752702298e-8,0.9945221543312073,1.1370540065058776e-8,-0.10452600568532944],"p":[-55.56412124633789,101.33282470703125,66.51419830322266]},"j":false},{"t":0.253143310546875,"c":{"r":[-0.10452600568532944,4.274382092717133e-8,-0.9945221543312073,-2.3269612903220604e-9,1,4.3223824519600385e-8,0.9945221543312073,6.832228116593342e-9,-0.10452600568532944],"p":[-53.57508087158203,101.33282470703125,66.72328186035156]},"j":false},{"t":0.31565332412719727,"c":{"r":[-0.10452600568532944,-1.0517830162370956e-7,-0.9945221543312073,5.525374824344453e-9,1,-1.0633835501039357e-7,0.9945221543312073,-1.6610231412528265e-8,-0.10452600568532944],"p":[-51.58604049682617,101.33282470703125,66.93236541748047]},"j":false},{"t":0.38098859786987305,"c":{"r":[-0.10452600568532944,2.7186848328142332e-9,-0.9945221543312073,-8.766880277288891e-11,1,2.7428734838963464e-9,0.9945221543312073,3.738901965810726e-10,-0.10452600568532944],"p":[-49.59700012207031,101.33282470703125,67.14144897460938]},"j":false},{"t":0.44312024116516113,"c":{"r":[-0.09063012152910233,1.1755545159530811e-7,-0.9958845973014832,-6.864094181935343e-9,1,1.1866589488818136e-7,0.9958845973014832,1.759055123784492e-8,-0.09063012152910233],"p":[-47.47437286376953,101.33282470703125,67.35480499267578]},"j":false},{"t":0.5078988075256348,"c":{"r":[-0.09063012152910233,-3.390315939100219e-8,-0.9958845973014832,1.4955788829595917e-9,1,-3.4179365115960536e-8,0.9958845973014832,-4.587104029951661e-9,-0.09063012152910233],"p":[-45.48264694213867,101.33282470703125,67.53662109375]},"j":false},{"t":0.5691094398498535,"c":{"r":[-0.09063012152910233,-5.821226523039513e-8,-0.9958845973014832,3.156690242533955e-9,1,-5.87400954543682e-8,0.9958845973014832,-8.467321066518707e-9,-0.09063012152910233],"p":[-43.49085998535156,101.33282470703125,67.7178955078125]},"j":false},{"t":0.6317486763000488,"c":{"r":[-0.09063012152910233,6.208398417584249e-8,-0.9958845973014832,-2.8001732044202754e-9,1,6.259536888819639e-8,0.9958845973014832,8.461674916304673e-9,-0.09063012152910233],"p":[-41.49907302856445,101.33282470703125,67.899169921875]},"j":false},{"t":0.6962783336639404,"c":{"r":[-0.09063012152910233,4.063824476929767e-8,-0.9958845973014832,-2.0045209936370156e-9,1,4.098859918144626e-8,0.9958845973014832,5.711073391978516e-9,-0.09063012152910233],"p":[-39.507286071777344,101.33282470703125,68.0804443359375]},"j":false},{"t":0.7611277103424072,"c":{"r":[-0.07671645283699036,-1.1402218547118537e-7,-0.9970529675483704,5.5223354777922395e-9,1,-1.1478410755216828e-7,0.9970529675483704,-1.4311890339513411e-8,-0.07671645283699036],"p":[-37.38259506225586,101.33282470703125,68.27242279052734]},"j":false},{"t":0.8241117000579834,"c":{"r":[-0.041873034089803696,9.238696030422489e-9,-0.9991229176521301,-4.879682213854153e-10,1,9.267257183864785e-9,0.9991229176521301,8.755884350897247e-10,-0.041873034089803696],"p":[-35.3868293762207,101.33282470703125,68.40122985839844]},"j":false},{"t":0.8893043994903564,"c":{"r":[-0.03489682078361511,8.804709494825147e-8,-0.9993909001350403,-6.040020039677074e-9,1,8.831166553591174e-8,0.9993909001350403,9.118137356267653e-9,-0.03489682078361511],"p":[-33.25505065917969,101.33282470703125,68.48200225830078]},"j":false},{"t":0.9526128768920898,"c":{"r":[-0.02791914902627468,-5.136784153592089e-8,-0.999610185623169,3.6202738584734107e-9,1,-5.148898551965431e-8,0.999610185623169,-5.056391305657826e-9,-0.02791914902627468],"p":[-31.256237030029297,101.33282470703125,68.55043029785156]},"j":false},{"t":1.0160937309265137,"c":{"r":[0.00000259233661381586,-4.6600995062817674e-8,-1,3.686125626956027e-9,1,-4.660098440467664e-8,1,-3.686004834690948e-9,0.00000259233661381586],"p":[-29.25663185119629,101.33282470703125,68.58838653564453]},"j":false},{"t":1.0847101211547852,"c":{"r":[0.03490212559700012,9.28007324318969e-8,-0.999390721321106,-1.1161195523357037e-8,1,9.246751631053485e-8,0.999390721321106,7.927082101844007e-9,0.03490212559700012],"p":[-27.12377166748047,101.33282470703125,68.55170440673828]},"j":false},{"t":1.151928424835205,"c":{"r":[0.06975902616977692,-1.2125199511103801e-8,-0.997563898563385,3.940231696475394e-9,1,-1.1879272676651453e-8,0.997563898563385,-3.101946033368108e-9,0.06975902616977692],"p":[-24.85934829711914,101.33282470703125,68.45294952392578]},"j":false},{"t":1.216925859451294,"c":{"r":[0.10453105717897415,-8.092742120879848e-8,-0.9945216178894043,1.5332089375874602e-8,1,-7.976170479651046e-8,0.9945216178894043,-6.9105192679330685e-9,0.10453105717897415],"p":[-22.866891860961914,101.33282470703125,68.28107452392578]},"j":false},{"t":1.2841947078704834,"c":{"r":[0.12533573806285858,5.5498215800753314e-8,-0.9921143651008606,-1.1597796500950608e-8,1,5.4474156740980106e-8,0.9921143651008606,4.678781806433108e-9,0.12533573806285858],"p":[-20.746450424194336,101.33282470703125,68.0472183227539]},"j":false},{"t":1.3498709201812744,"c":{"r":[0.12533585727214813,3.3894178130822183e-8,-0.9921143651008606,-7.1002301815781266e-9,1,3.3266594812175754e-8,0.9921143651008606,2.8747433322706684e-9,0.12533585727214813],"p":[-18.629867553710938,101.33282470703125,67.78043365478516]},"j":false},{"t":1.4156830310821533,"c":{"r":[0.12533573806285858,-1.099759288081259e-7,-0.9921143651008606,2.2981135217037263e-8,1,-1.0794680349590635e-7,0.9921143651008606,-9.27032317576959e-9,0.12533573806285858],"p":[-16.513351440429688,101.33282470703125,67.51309967041016]},"j":false},{"t":1.4829211235046387,"c":{"r":[0.1322588324546814,1.922394687881024e-8,-0.9912152290344238,-3.511523294363883e-9,1,1.892577650153271e-8,0.9912152290344238,9.775742437767576e-10,0.1322588324546814],"p":[-14.398446083068848,101.33282470703125,67.23338317871094]},"j":false},{"t":1.5514929294586182,"c":{"r":[0.13225871324539185,5.4110977032451046e-8,-0.9912152290344238,-1.1062565086206178e-8,1,5.311445505640222e-8,0.9912152290344238,3.940533677138092e-9,0.13225871324539185],"p":[-12.151690483093262,101.33282470703125,66.93364715576172]},"j":false},{"t":1.616811990737915,"c":{"r":[0.11840631067752838,-6.781009886935863e-8,-0.9929652214050293,1.2202761467960954e-8,1,-6.683539055529764e-8,0.9929652214050293,-4.203185799411813e-9,0.11840631067752838],"p":[-10.167864799499512,101.33282470703125,66.6800537109375]},"j":false},{"t":1.6836779117584229,"c":{"r":[0.1045311763882637,-2.2236909202888455e-8,-0.9945216178894043,4.47286740978825e-9,1,-2.1889272616704147e-8,0.9945216178894043,-2.1602517552565814e-9,0.1045311763882637],"p":[-8.047670364379883,101.33517456054688,66.44390869140625]},"j":false},{"t":1.7485356330871582,"c":{"r":[0.09758532792329788,1.096548203349812e-7,-0.9952271580696106,-1.7808904573257678e-8,1,1.0843447029174058e-7,0.9952271580696106,7.142292535178285e-9,0.09758532792329788],"p":[-5.925235271453857,101.48115539550781,66.22868347167969]},"j":false},{"t":1.8106555938720703,"c":{"r":[0.09063507616519928,-2.4315765401183853e-8,-0.9958841800689697,3.3618274830615746e-9,1,-2.4110299534640944e-8,0.9958841800689697,-1.1627517837453638e-9,0.09063507616519928],"p":[-3.9346487522125244,101.55023956298828,66.03492736816406]},"j":false},{"t":1.870739459991455,"c":{"r":[0.0836803987622261,-7.040881655484554e-8,-0.9964926242828369,1.0814346751431003e-8,1,-6.974850208507632e-8,0.9964926242828369,-4.939834763462159e-9,0.0836803987622261],"p":[-1.942887306213379,101.55767822265625,65.85358428955078]},"j":false},{"t":1.940361499786377,"c":{"r":[0.03490203991532326,6.671749730458032e-8,-0.999390721321106,-5.542351022569392e-9,1,6.656461692955418e-8,0.999390721321106,3.2157334572957552e-9,0.03490203991532326],"p":[0.18485239148139954,101.55845642089844,65.70198822021484]},"j":false},{"t":2.002577543258667,"c":{"r":[0.020944733172655106,3.3848738922870325e-8,-0.9997806549072266,-2.6260076335660187e-9,1,3.380115032314279e-8,0.9997806549072266,1.9174755117035147e-9,0.020944733172655106],"p":[2.184196949005127,101.55850219726562,65.65267944335938]},"j":false},{"t":2.0675742626190186,"c":{"r":[0.006984058301895857,-1.1527450283210783e-7,-0.9999756217002869,7.987947192589218e-9,1,-1.1522152476572955e-7,0.9999756217002869,-7.183039052449658e-9,0.006984058301895857],"p":[4.317351818084717,101.55850219726562,65.62737274169922]},"j":false},{"t":2.1358509063720703,"c":{"r":[0.02094521000981331,2.18211742009089e-8,-0.9997805953025818,-2.1739701150380597e-9,1,2.17804174695857e-8,0.9997805953025818,1.717297748449198e-9,0.02094521000981331],"p":[6.450629711151123,101.14978790283203,65.61248016357422]},"j":false},{"t":2.188380718231201,"c":{"r":[0.034902043640613556,1.0677084816279603e-7,-0.999390721321106,-9.830206870731217e-9,1,1.0649263515460916e-7,0.999390721321106,6.1074070245581424e-9,0.034902043640613556],"p":[8.050589561462402,100.27101135253906,65.60131072998047]},"j":true},{"t":2.1980512142181396,"c":{"r":[0.041878022253513336,8.860703104573986e-8,-0.9991227388381958,-8.090614400657614e-9,1,8.834571474380937e-8,0.9991227388381958,4.383772900240501e-9,0.041878022253513336],"p":[8.31725025177002,100.71395874023438,65.59944915771484]},"j":true},{"t":2.2036523818969727,"c":{"r":[0.048602260649204254,6.980805977718774e-8,-0.9988182187080383,-6.174768252265039e-9,1,6.959019316354897e-8,0.9988182187080383,2.7852302686426356e-9,0.048602260649204254],"p":[8.583754539489746,101.14668273925781,65.59127044677734]},"j":false},{"t":2.2058048248291016,"c":{"r":[0.048602260649204254,6.980805977718774e-8,-0.9988182187080383,-6.174768252265039e-9,1,6.959019316354897e-8,0.9988182187080383,2.7852302686426356e-9,0.048602260649204254],"p":[8.583754539489746,101.14668273925781,65.59127044677734]},"j":true},{"t":2.2658629417419434,"c":{"r":[0.06973966211080551,-1.255567241287281e-7,-0.9975652098655701,1.2248465353081883e-8,1,-1.250068777380875e-7,0.9975652098655701,-3.5007057253011453e-9,0.06973966211080551],"p":[10.579947471618652,103.95783233642578,65.46930694580078]},"j":false},{"t":2.3260886669158936,"c":{"r":[0.07654991000890732,-1.1800042187815052e-7,-0.9970657229423523,1.042964470343577e-8,1,-1.1754694639876107e-7,0.9970657229423523,-1.4008333382165006e-9,0.07654991000890732],"p":[12.574913024902344,106.00257110595703,65.32754516601562]},"j":false},{"t":2.3911001682281494,"c":{"r":[0.09730707108974457,-1.4376195167642436e-7,-0.995254397392273,1.0325432953095515e-8,1,-1.434379015563536e-7,0.995254397392273,3.6810896553163275e-9,0.09730707108974457],"p":[14.567882537841797,107.2809066772461,65.16038513183594]},"j":false},{"t":2.4540860652923584,"c":{"r":[0.12527981400489807,-1.0760603430526317e-7,-0.9921214580535889,4.810197129501148e-9,1,-1.0785313975247846e-7,0.9921214580535889,8.739521994982624e-9,0.12527981400489807],"p":[16.55518913269043,107.79283905029297,64.9365005493164]},"j":false},{"t":2.520390748977661,"c":{"r":[0.1321183741092682,-5.235047950691296e-8,-0.9912339448928833,-3.216326316390905e-9,1,-5.324213958601831e-8,0.9912339448928833,1.0222396262804523e-8,0.1321183741092682],"p":[18.671524047851562,107.49414825439453,64.66780090332031]},"j":false},{"t":2.585271120071411,"c":{"r":[0.13917005062103271,-2.1405442751643022e-8,-0.9902684688568115,-1.042123454197963e-8,1,-2.3080373168227197e-8,0.9902684688568115,1.3531916920328513e-8,0.13917005062103271],"p":[20.785188674926758,106.32345581054688,64.37892150878906]},"j":false},{"t":2.6549582481384277,"c":{"r":[0.15293894708156586,-1.5503095696089986e-8,-0.9882356524467468,-1.6507163635992583e-8,1,-1.8242293009507193e-8,0.9882356524467468,1.91029236873419e-8,0.15293894708156586],"p":[22.896039962768555,104.28076171875,64.07022094726562]},"j":false},{"t":2.7182507514953613,"c":{"r":[0.15298838913440704,-3.01784517375836e-8,-0.9882279634475708,-2.1543398176504525e-8,1,-3.387309632785218e-8,0.9882279634475708,2.6471978387121453e-8,0.15298838913440704],"p":[25.004257202148438,101.3660659790039,63.743865966796875]},"j":false},{"t":2.737511396408081,"c":{"r":[0.1529880315065384,-3.384090874192225e-8,-0.9882280230522156,-2.2799573784482163e-8,1,-3.7773641992089324e-8,0.9882280230522156,2.8310093824757132e-8,0.1529880315065384],"p":[25.52395248413086,100.50113677978516,63.663414001464844]},"j":true},{"t":2.7445263862609863,"c":{"r":[0.1529880315065384,-3.47560309421624e-8,-0.9882280230522156,-2.311345070893367e-8,1,-3.8748257935594665e-8,0.9882280230522156,2.8769379767368264e-8,0.1529880315065384],"p":[25.65081024169922,100.72261047363281,63.643775939941406]},"j":true},{"t":2.7526965141296387,"c":{"r":[0.15298804640769958,-3.658569269759937e-8,-0.9882280230522156,-2.374100205315699e-8,1,-4.069686454499788e-8,0.9882280230522156,2.9687656777355187e-8,0.15298804640769958],"p":[25.910964965820312,101.15533447265625,63.60350036621094]},"j":true},{"t":2.782417058944702,"c":{"r":[0.1394711434841156,-4.997150782060089e-8,-0.990226149559021,-2.5984990159599874e-8,1,-5.412467274368282e-8,0.990226149559021,3.327984643419768e-8,0.1394711434841156],"p":[26.964998245239258,102.74998474121094,63.443538665771484]},"j":false},{"t":2.848083019256592,"c":{"r":[0.07038618624210358,-1.5218746796108462e-7,-0.9975197911262512,-9.040438619933866e-9,1,-1.53203771446897e-7,0.9975197911262512,1.9801445816369778e-8,0.07038618624210358],"p":[29.083274841308594,105.28529357910156,63.19486618041992]},"j":false},{"t":2.9144911766052246,"c":{"r":[0.06975901126861572,-1.5528605956660613e-7,-0.997563898563385,4.46631069905834e-8,1,-1.525420145753742e-7,0.997563898563385,-3.391312120015755e-8,0.06975901126861572],"p":[31.211362838745117,106.94859313964844,63.04532241821289]},"j":false},{"t":2.981119394302368,"c":{"r":[0.06975886970758438,-1.594482341715775e-7,-0.997563898563385,9.817816248869349e-8,1,-1.5297209188247507e-7,0.997563898563385,-8.726782851908865e-8,0.06975886970758438],"p":[33.3394889831543,107.73989868164062,62.89651870727539]},"j":false},{"t":3.048518419265747,"c":{"r":[0.07672090828418732,-4.153485555491443e-9,-0.9970526099205017,1.924565395938771e-8,1,-2.684855004986275e-9,0.9970526099205017,-1.8982944993695128e-8,0.07672090828418732],"p":[35.466854095458984,107.6592025756836,62.73711395263672]},"j":false},{"t":3.115121841430664,"c":{"r":[0.07672134786844254,1.0643414327660139e-7,-0.9970525503158569,-5.4327731646708344e-8,1,1.0256836446842499e-7,0.9970525503158569,4.629842109693527e-8,0.07672134786844254],"p":[37.593929290771484,106.70651245117188,62.57341766357422]},"j":false},{"t":3.181013822555542,"c":{"r":[0.07000870257616043,5.166834071701487e-8,-0.997546374797821,-4.607836601167037e-8,1,4.8561606291741555e-8,0.997546374797821,4.256557062376487e-8,0.07000870257616043],"p":[39.721004486083984,104.88182067871094,62.40972137451172]},"j":false},{"t":3.248314619064331,"c":{"r":[0.0627930536866188,-1.9551274377249683e-8,-0.9980265498161316,-3.7351256310103054e-8,1,-2.193997161725747e-8,0.9980265498161316,3.865522302248792e-8,0.0627930536866188],"p":[41.849082946777344,102.18512725830078,62.260353088378906]},"j":false},{"t":3.3145852088928223,"c":{"r":[0.05582413822412491,-9.079780483034483e-8,-0.9984406232833862,-2.9430491821358373e-8,1,-9.25851182387305e-8,0.9984406232833862,3.455308217326092e-8,0.05582413822412491],"p":[43.97868728637695,101.44001007080078,62.13457107543945]},"j":false},{"t":3.3814914226531982,"c":{"r":[0.05582413822412491,-2.4209544591258236e-8,-0.9984406232833862,1.5361174554584522e-9,1,-2.4161469269756708e-8,0.9984406232833862,-1.8492879449993893e-10,0.05582413822412491],"p":[46.10869216918945,101.35444641113281,62.0154914855957]},"j":false},{"t":3.4173717498779297,"c":{"r":[0.05582413822412491,7.760581866023131e-8,-0.9984406232833862,2.856777570059421e-8,1,7.932428758294918e-8,0.9984406232833862,-3.295143713444304e-8,0.05582413822412491],"p":[47.1736946105957,100.98948669433594,61.95595169067383]},"j":true},{"t":3.425874948501587,"c":{"r":[0.05582413822412491,1.0303247677256877e-7,-0.9984406232833862,3.531847170279434e-8,1,1.0516809823002404e-7,0.9984406232833862,-4.1134313732982264e-8,0.05582413822412491],"p":[47.43994903564453,101.42902374267578,61.94106674194336]},"j":true},{"t":3.432638645172119,"c":{"r":[0.05582413077354431,1.2844827779190382e-7,-0.9984406232833862,4.2066282901487284e-8,1,1.3100087414841255e-7,0.9984406232833862,-4.931369446126155e-8,0.05582413077354431],"p":[47.706199645996094,101.85493469238281,61.92618179321289]},"j":true},{"t":3.447413444519043,"c":{"r":[0.05582411587238312,1.1349070661026417e-7,-0.9984406232833862,3.5330810277400815e-8,1,1.1564335267166825e-7,0.9984406232833862,-4.173140411012355e-8,0.05582411587238312],"p":[48.23870086669922,102.6658935546875,61.89641189575195]},"j":false},{"t":3.5088143348693848,"c":{"r":[0.05582418292760849,5.751351750404865e-8,-0.9984406232833862,1.0124008298362241e-8,1,5.816938752900569e-8,0.9984406232833862,-1.3355480277255083e-8,0.05582418292760849],"p":[50.23557662963867,105.22157287597656,61.78477478027344]},"j":false},{"t":3.5103049278259277,"c":{"r":[0.05582418292760849,5.751351750404865e-8,-0.9984406232833862,1.0124008298362241e-8,1,5.816938752900569e-8,0.9984406232833862,-1.3355480277255083e-8,0.05582418292760849],"p":[50.23557662963867,105.22157287597656,61.78477478027344]},"j":true},{"t":3.5690677165985107,"c":{"r":[0.04885811358690262,3.0161146913343373e-9,-0.9988057017326355,-1.3419601430086914e-8,1,2.363280682260438e-9,0.9988057017326355,1.328810927958557e-8,0.04885811358690262],"p":[52.099647521972656,106.9154052734375,61.68653106689453]},"j":false},{"t":3.633742332458496,"c":{"r":[0.04187845438718796,-7.273043678424074e-8,-0.9991227388381958,-3.8242735200810785e-8,1,-7.439724925006885e-8,0.9991227388381958,4.132482800400794e-8,0.04187845438718796],"p":[54.0977897644043,107.98936462402344,61.600345611572266]},"j":false},{"t":3.695580244064331,"c":{"r":[0.034950003027915955,-1.551787249809422e-7,-0.9993890523910522,-6.280299658101285e-8,1,-1.5746988424325536e-7,0.9993890523910522,6.826819998195788e-8,0.034950003027915955],"p":[56.09616470336914,108.29692077636719,61.51976013183594]},"j":false},{"t":3.7640366554260254,"c":{"r":[0.034901853650808334,1.1608761063541806e-8,-0.999390721321106,1.3694164024968813e-8,1,1.2094081291991188e-8,0.999390721321106,-1.4107926382678215e-8,0.034901853650808334],"p":[58.36143493652344,107.71897888183594,61.44063186645508]},"j":false},{"t":3.825950860977173,"c":{"r":[0.034902073442935944,1.260486186538401e-7,-0.999390721321106,6.472705393889555e-8,1,1.2838594898312294e-7,0.999390721321106,-6.916855710414893e-8,0.034902073442935944],"p":[60.36020278930664,106.39153289794922,61.37082290649414]},"j":false},{"t":3.886350631713867,"c":{"r":[0.034902140498161316,3.733278575168697e-8,-0.999390721321106,1.3885680161251912e-8,1,3.78404791945286e-8,0.999390721321106,-1.5197933578292577e-8,0.034902140498161316],"p":[62.2257194519043,104.46111297607422,61.305667877197266]},"j":false},{"t":3.9547901153564453,"c":{"r":[0.04187808558344841,-6.982043743164468e-8,-0.9991227388381958,-4.742090098375229e-8,1,-7.186937978076458e-8,0.9991227388381958,5.0389051153842956e-8,0.04187808558344841],"p":[64.49095153808594,101.32752227783203,61.22517395019531]},"j":false},{"t":4.011389493942261,"c":{"r":[0.055823929607868195,-4.015725352246591e-8,-0.9984406232833862,-2.481635164031104e-8,1,-4.160748190429331e-8,0.9984406232833862,2.7100346855490898e-8,0.055823929607868195],"p":[65.95313262939453,99.74309539794922,61.164119720458984]},"j":true},{"t":4.0177717208862305,"c":{"r":[0.06279300153255463,-2.2712381309020202e-8,-0.9980265498161316,-1.3507029272830096e-8,1,-2.3607116261814554e-8,0.9980265498161316,1.4962735050971787e-8,0.06279300153255463],"p":[66.16996002197266,100.18263244628906,61.15506362915039]},"j":false},{"t":4.019399881362915,"c":{"r":[0.06279300153255463,-2.2712381309020202e-8,-0.9980265498161316,-1.3507029272830096e-8,1,-2.3607116261814554e-8,0.9980265498161316,1.4962735050971787e-8,0.06279300153255463],"p":[66.16996002197266,100.18263244628906,61.15506362915039]},"j":true},{"t":4.027228355407715,"c":{"r":[0.06279300153255463,-5.465059071951828e-9,-0.9980265498161316,-2.2025470336473063e-9,1,-5.614443132628821e-9,0.9980265498161316,2.5507482792619385e-9,0.06279300153255463],"p":[66.3941421508789,100.6085433959961,61.14485549926758]},"j":true},{"t":4.078749418258667,"c":{"r":[0.05607413500547409,1.062872527768377e-7,-0.998426616191864,7.129013113171823e-8,1,1.1045857917224566e-7,0.998426616191864,-7.73718369373455e-8,0.05607413500547409],"p":[68.05292510986328,103.04487609863281,61.04710388183594]},"j":false},{"t":4.149496555328369,"c":{"r":[0.03493227809667587,-8.317571520422007e-9,-0.9993897080421448,3.319266994594727e-8,1,-7.16244752396733e-9,0.9993897080421448,-3.292220895900755e-8,0.03493227809667587],"p":[70.31724548339844,105.36225128173828,60.945316314697266]},"j":false},{"t":4.217229843139648,"c":{"r":[0.027933716773986816,-1.178968744852682e-7,-0.9996097683906555,-2.4310191193421815e-8,1,-1.1862223914249626e-7,0.9996097683906555,2.7614264652697784e-8,0.027933716773986816],"p":[72.44947814941406,106.64405822753906,60.876808166503906]},"j":false},{"t":4.280932903289795,"c":{"r":[0.027924150228500366,-4.2735894822953924e-8,-0.9996100664138794,-4.239514694859281e-8,1,-4.393687547121772e-8,0.9996100664138794,4.3605513866395995e-8,0.027924150228500366],"p":[74.58192443847656,107.05387115478516,60.817237854003906]},"j":false},{"t":4.341145038604736,"c":{"r":[0.041430000215768814,1.2453806874646034e-8,-0.9991413950920105,-5.7996427216266966e-8,1,1.005965177824919e-8,0.9991413950920105,5.752985998697113e-8,0.041430000215768814],"p":[76.44763946533203,106.69713592529297,60.75822830200195]},"j":false},{"t":4.407513618469238,"c":{"r":[0.055515483021736145,2.557703737693373e-8,-0.9984578490257263,-7.364961618350208e-8,1,2.1521533000168347e-8,0.9984578490257263,7.234125831701022e-8,0.055515483021736145],"p":[78.57898712158203,105.4719467163086,60.6662712097168]},"j":false},{"t":4.468416213989258,"c":{"r":[0.11805325746536255,-1.0252914250941103e-7,-0.993007242679596,2.7762539489550875e-10,1,-1.0321814158942288e-7,0.993007242679596,1.190955334351429e-8,0.11805325746536255],"p":[80.56865692138672,103.89952087402344,60.49269104003906]},"j":false},{"t":4.529420375823975,"c":{"r":[0.10453089326620102,1.2728454734656225e-8,-0.9945216178894043,7.50268398519438e-8,1,2.068439464153471e-8,0.9945216178894043,-7.677797242422457e-8,0.10453089326620102],"p":[82.41590881347656,103.5737533569336,60.277042388916016]},"j":false},{"t":4.595378398895264,"c":{"r":[0.15298813581466675,6.51391545147817e-8,-0.9882280230522156,-1.3347272620478634e-8,1,6.384880890664135e-8,0.9882280230522156,3.4220393185790954e-9,0.15298813581466675],"p":[84.66683197021484,102.05342864990234,60.01225280761719]},"j":false},{"t":4.640720844268799,"c":{"r":[0.1598837822675705,-2.0759728158736834e-8,-0.9871358275413513,-6.49275619934997e-8,1,-3.154640992875102e-8,0.9871358275413513,6.91360853011247e-8,0.1598837822675705],"p":[85.98356628417969,101.4631576538086,59.80260467529297]},"j":true},{"t":4.649163722991943,"c":{"r":[0.1598835438489914,-3.792195002461085e-8,-0.9871358871459961,-7.523040324031172e-8,1,-5.060099184106548e-8,0.9871358871459961,8.235289072899832e-8,0.1598835438489914],"p":[86.24679565429688,101.90269470214844,59.759971618652344]},"j":true},{"t":4.655916213989258,"c":{"r":[0.1598835438489914,-5.507682487859711e-8,-0.9871358871459961,-8.552883912216203e-8,1,-6.964743448634181e-8,0.9871358871459961,9.556406155297736e-8,0.1598835438489914],"p":[86.51002502441406,102.32860565185547,59.71733856201172]},"j":false},{"t":4.657637357711792,"c":{"r":[0.1598835438489914,-5.507682487859711e-8,-0.9871358871459961,-8.552883912216203e-8,1,-6.964743448634181e-8,0.9871358871459961,9.556406155297736e-8,0.1598835438489914],"p":[86.51002502441406,102.32860565185547,59.71733856201172]},"j":true},{"t":4.7172136306762695,"c":{"r":[0.2654644250869751,-2.0855496529748052e-7,-0.9641206860542297,-6.973786437214358e-9,1,-2.1823643692187034e-7,0.9641206860542297,6.465757707019293e-8,0.2654644250869751],"p":[88.47561645507812,105.08866119384766,59.35170364379883]},"j":false},{"t":4.780606508255005,"c":{"r":[0.34109464287757874,-1.6690583493073063e-7,-0.940028965473175,1.4865794817353617e-8,1,-1.7215980108176154e-7,0.940028965473175,4.4748510674708086e-8,0.34109464287757874],"p":[90.38007354736328,107.08231353759766,58.743770599365234]},"j":false},{"t":4.849492311477661,"c":{"r":[0.5399974584579468,-3.306649887235835e-7,-0.8416666388511658,2.2530359800043698e-8,1,-3.784142563745263e-7,0.8416666388511658,1.8537967605425365e-7,0.5399974584579468],"p":[92.32227325439453,108.36412048339844,57.87186813354492]},"j":false},{"t":4.910685777664185,"c":{"r":[0.5531840324401855,8.537872275837799e-8,-0.8330590724945068,-7.201524709898877e-9,1,9.770609921133655e-8,0.8330590724945068,-4.8050157630541435e-8,0.5531840324401855],"p":[93.99905395507812,108.77386474609375,56.78197479248047]},"j":false},{"t":4.975557327270508,"c":{"r":[0.6097453236579895,-9.500218567382035e-8,-0.7925974130630493,8.28658386353709e-9,1,-1.1348696915547407e-7,0.7925974130630493,6.263022100938542e-8,0.6097453236579895],"p":[95.73963928222656,108.36617279052734,55.54944610595703]},"j":false},{"t":5.044585227966309,"c":{"r":[0.6422554850578308,-7.42375831919162e-8,-0.766490638256073,4.991417945632293e-9,1,-9.267147760283478e-8,0.766490638256073,5.5692890299496867e-8,0.6422554850578308],"p":[97.41490173339844,107.08647918701172,54.22874069213867]},"j":false},{"t":5.108728647232056,"c":{"r":[0.6894596815109253,-1.1725362014658458e-7,-0.724324107170105,8.676138918417564e-9,1,-1.536215279429598e-7,0.724324107170105,9.963151370584455e-8,0.6894596815109253],"p":[98.90430450439453,105.09481048583984,52.8946647644043]},"j":false},{"t":5.169403553009033,"c":{"r":[0.7477045655250549,-5.935823921277006e-8,-0.6640315651893616,4.47612702458855e-9,1,-8.43505389980237e-8,0.6640315651893616,6.009699404785351e-8,0.7477045655250549],"p":[100.31376647949219,102.33673858642578,51.476478576660156]},"j":false},{"t":5.231869697570801,"c":{"r":[0.8007324934005737,6.281042175260154e-8,-0.5990220904350281,-1.0925232274416885e-8,1,9.025082192692935e-8,0.5990220904350281,-6.572231114887472e-8,0.8007324934005737],"p":[101.59235382080078,101.44075012207031,49.93939971923828]},"j":false},{"t":5.297734022140503,"c":{"r":[0.7965312004089355,6.833173671338955e-8,-0.6045974493026733,-1.18664571502336e-8,1,9.73866747244756e-8,0.6045974493026733,-7.039709970513286e-8,0.7965312004089355],"p":[102.87088012695312,101.54785919189453,48.23160934448242]},"j":false},{"t":5.364987134933472,"c":{"r":[0.7836948037147522,7.48554853657879e-8,-0.6211460828781128,-1.2680230199180187e-8,1,1.0451334730987583e-7,0.6211460828781128,-7.403028945418555e-8,0.7836948037147522],"p":[104.14883422851562,101.11259460449219,46.52335739135742]},"j":false},{"t":5.425929307937622,"c":{"r":[0.728969931602478,8.568611775672252e-8,-0.6845457553863525,-1.3121780106928327e-8,1,1.1119890785948883e-7,0.6845457553863525,-7.207819407994975e-8,0.728969931602478],"p":[105.42020416259766,100.3526382446289,44.98052215576172]},"j":false},{"t":5.49357533454895,"c":{"r":[0.7477993965148926,8.851452548697125e-8,-0.6639247536659241,-1.3316188152145969e-8,1,1.1832167245984238e-7,0.6639247536659241,-7.963993198245589e-8,0.7477993965148926],"p":[106.87487030029297,100.45938873291016,43.42009735107422]},"j":false},{"t":5.561099052429199,"c":{"r":[0.7660456299781799,9.119050048411736e-8,-0.6427861452102661,-1.3813219901237517e-8,1,1.2540553484541306e-7,0.6427861452102661,-8.718741639768268e-8,0.7660456299781799],"p":[108.2642822265625,100.25989532470703,41.80144119262695]},"j":false},{"t":5.564033031463623,"c":{"r":[0.7660456299781799,9.119050048411736e-8,-0.6427861452102661,-1.3813219901237517e-8,1,1.2540553484541306e-7,0.6427861452102661,-8.718741639768268e-8,0.7660456299781799],"p":[108.2642822265625,100.25989532470703,41.80144119262695]},"j":true},{"t":5.574692726135254,"c":{"r":[0.7705146074295044,9.150870994290017e-8,-0.6374223232269287,-1.3923580510777356e-8,1,1.2672977334204916e-7,0.6374223232269287,-8.877194090928242e-8,0.7705146074295044],"p":[108.52140808105469,100.91409301757812,41.495025634765625]},"j":true},{"t":5.579413652420044,"c":{"r":[0.7705146074295044,9.181828630744349e-8,-0.6374223232269287,-1.3960351097352941e-8,1,1.2717099195924675e-7,0.6374223232269287,-8.908847348720883e-8,0.7705146074295044],"p":[108.6066665649414,101.1253433227539,41.392513275146484]},"j":true},{"t":5.627848386764526,"c":{"r":[0.7705145478248596,9.552807256341111e-8,-0.6374224424362183,-1.440098529315037e-8,1,1.3245831098629424e-7,0.6374224424362183,-9.288154956266226e-8,0.7705145478248596],"p":[109.62671661376953,103.39470672607422,40.15983963012695]},"j":false},{"t":5.6898417472839355,"c":{"r":[0.7248197793960571,-4.575717937882473e-8,-0.6889384984970093,-6.191103629760164e-9,1,-7.293047588063928e-8,0.6889384984970093,5.7126744223978676e-8,0.7248197793960571],"p":[110.93498229980469,105.54163360595703,38.6475830078125]},"j":false},{"t":5.755960702896118,"c":{"r":[0.7240623831748962,-1.2838117413593864e-7,-0.6897345185279846,1.5822907428741928e-8,1,-1.6952087378285796e-7,0.6897345185279846,1.1183007586623717e-7,0.7240623831748962],"p":[112.42323303222656,106.9869384765625,37.11923599243164]},"j":false},{"t":5.822747230529785,"c":{"r":[0.7241733074188232,-5.011687953526689e-9,-0.6896180510520935,7.61125651393968e-9,1,7.253013745156522e-10,0.6896180510520935,-5.774103861710955e-9,0.7241733074188232],"p":[113.89448547363281,107.56024932861328,35.57437515258789]},"j":false},{"t":5.890197515487671,"c":{"r":[0.6702830791473389,4.368634876072974e-8,-0.7421054840087891,5.483038911791027e-9,1,6.382049377862131e-8,0.7421054840087891,-4.6846789558685487e-8,0.6702830791473389],"p":[115.38329315185547,107.26155853271484,34.0467643737793]},"j":false},{"t":5.956536293029785,"c":{"r":[0.3918555676937103,-5.259308295535448e-7,-0.9200267195701599,2.1543669959100953e-8,1,-5.62471484499838e-7,0.9200267195701599,2.0058683958268375e-7,0.3918555676937103],"p":[117.07874298095703,106.09086608886719,32.762115478515625]},"j":false},{"t":6.023350954055786,"c":{"r":[-0.1857273280620575,-0.0000017574399180375622,-0.9826013445854187,8.421864094998455e-8,1,-0.0000018044770513370167,0.9826013445854187,-4.1789405713643646e-7,-0.1857273280620575],"p":[119.04055786132812,104.04817199707031,32.01182174682617]},"j":false},{"t":6.082481861114502,"c":{"r":[-0.5115510821342468,-9.934134368450032e-7,-0.8592528700828552,6.760019743978773e-8,1,-0.0000011963817314608605,0.8592528700828552,-6.700959715999488e-7,-0.5115510821342468],"p":[120.81444549560547,101.54550170898438,31.86862564086914]},"j":true},{"t":6.090707778930664,"c":{"r":[-0.5344797372817993,-5.791067678728723e-7,-0.8451812863349915,4.20210994889203e-8,1,-7.117599807315855e-7,0.8451812863349915,-4.159367392730928e-7,-0.5344797372817993],"p":[121.04562377929688,101.13347625732422,31.907875061035156]},"j":false},{"t":6.092945337295532,"c":{"r":[-0.5344797372817993,-5.791067678728723e-7,-0.8451812863349915,4.20210994889203e-8,1,-7.117599807315855e-7,0.8451812863349915,-4.159367392730928e-7,-0.5344797372817993],"p":[121.04562377929688,101.13347625732422,31.907875061035156]},"j":true},{"t":6.136673212051392,"c":{"r":[-0.6896117925643921,4.901691141867559e-8,-0.7241792678833008,-1.601459409528161e-8,1,8.29363244747583e-8,0.7241792678833008,6.879130154402446e-8,-0.6896117925643921],"p":[121.95759582519531,98.62379455566406,32.523040771484375]},"j":true},{"t":6.147823810577393,"c":{"r":[-0.7144690752029419,-6.106847649789415e-8,-0.6996670365333557,-3.066748277547049e-8,1,-5.5965916345712685e-8,0.6996670365333557,-1.852889042197603e-8,-0.7144690752029419],"p":[122.10116577148438,99.0633316040039,32.649879455566406]},"j":true},{"t":6.1553285121917725,"c":{"r":[-0.7457614541053772,-1.3064310167010262e-7,-0.6662130355834961,-2.619789540858619e-8,1,-1.6677206815529644e-7,0.6662130355834961,-1.06918797371236e-7,-0.7457614541053772],"p":[122.32484436035156,99.69709014892578,32.85249328613281]},"j":false},{"t":6.157592535018921,"c":{"r":[-0.7457614541053772,-1.3064310167010262e-7,-0.6662130355834961,-2.619789540858619e-8,1,-1.6677206815529644e-7,0.6662130355834961,-1.06918797371236e-7,-0.7457614541053772],"p":[122.32484436035156,99.69709014892578,32.85249328613281]},"j":true},{"t":6.2172815799713135,"c":{"r":[-0.804811418056488,-8.702750164957251e-8,-0.5935305953025818,2.0394804067791483e-8,1,-1.7428162379928835e-7,0.5935305953025818,-1.5236877004554117e-7,-0.804811418056488],"p":[123.5172119140625,102.40605163574219,34.18437957763672]},"j":false},{"t":6.285808563232422,"c":{"r":[-0.8209494352340698,1.8229041387485267e-8,-0.571000874042511,4.956651977749971e-8,1,-3.9338935664545716e-8,0.571000874042511,-6.05978058842993e-8,-0.8209494352340698],"p":[124.77436065673828,104.45086669921875,35.90707778930664]},"j":false},{"t":6.347714185714722,"c":{"r":[-0.8290349841117859,1.6080894837955384e-8,-0.5591967105865479,8.909947979418575e-8,1,-1.0333696565112405e-7,0.5591967105865479,-1.3549409061397455e-7,-0.8290349841117859],"p":[125.89920043945312,105.57592010498047,37.560752868652344]},"j":false},{"t":6.41629433631897,"c":{"r":[-0.817154586315155,-2.5114585966434788e-8,-0.5764186382293701,2.391678499691352e-8,1,-7.74754553845014e-8,0.5764186382293701,-7.70955068674084e-8,-0.817154586315155],"p":[127.11227416992188,105.93122863769531,39.31553649902344]},"j":false},{"t":6.473829030990601,"c":{"r":[-0.8289233446121216,-8.653598371211046e-8,-0.5593621730804443,-7.342812580191094e-8,1,-4.589100299767779e-8,0.5593621730804443,3.0327953481901204e-9,-0.8289233446121216],"p":[128.1765899658203,105.52680969238281,40.848995208740234]},"j":true},{"t":6.483087778091431,"c":{"r":[-0.8289980292320251,-9.927375543838934e-8,-0.5592515468597412,-8.687234043236458e-8,1,-4.873791681347939e-8,0.5592515468597412,8.179855015555404e-9,-0.8289980292320251],"p":[128.3257598876953,105.41453552246094,41.070030212402344]},"j":false},{"t":6.553630113601685,"c":{"r":[-0.8443042039871216,-1.030263376833318e-7,-0.5358641743659973,-6.251426754033673e-8,1,-9.376495313517808e-8,0.5358641743659973,-4.56669901893747e-8,-0.8443042039871216],"p":[129.567138671875,103.91009521484375,42.966400146484375]},"j":false},{"t":6.619627475738525,"c":{"r":[-0.8443267941474915,-1.3312607904936158e-8,-0.5358285903930664,7.5466381588285e-8,1,-1.4376033163898683e-7,0.5358285903930664,-1.6181775208679028e-7,-0.8443267941474915],"p":[130.710205078125,101.59489440917969,44.767608642578125]},"j":false},{"t":6.682202100753784,"c":{"r":[-0.8405706286430359,4.242061635295613e-8,-0.5417019724845886,5.191821372818595e-8,1,-2.2527355536539062e-9,0.5417019724845886,-3.0017783814173526e-8,-0.8405706286430359],"p":[131.78684997558594,101.84542083740234,46.453033447265625]},"j":false},{"t":6.748030424118042,"c":{"r":[-0.9191346168518066,3.650841051694442e-8,-0.3939436078071594,9.27221854851723e-9,1,7.104060983920135e-8,0.3939436078071594,6.164314925172221e-8,-0.9191346168518066],"p":[132.85523986816406,103.37840270996094,48.29700469970703]},"j":false},{"t":6.815125942230225,"c":{"r":[-0.9271830320358276,-7.563289017298302e-8,-0.3746086359024048,-6.631476878737885e-8,1,-3.77646465210546e-8,0.3746086359024048,-1.0172655606766057e-8,-0.9271830320358276],"p":[133.64645385742188,103.48115539550781,50.27787399291992]},"j":false},{"t":6.8362767696380615,"c":{"r":[-0.9245452880859375,-1.1006445532757425e-7,-0.3810722529888153,-8.934733841670095e-8,1,-7.205667174048358e-8,0.3810722529888153,-3.2571865204999995e-8,-0.9245452880859375],"p":[133.88754272460938,103.3811264038086,50.89942169189453]},"j":true},{"t":6.846033334732056,"c":{"r":[-0.9245452880859375,-1.2379913982840662e-7,-0.3810722529888153,-9.855347826714933e-8,1,-8.576324006526193e-8,0.3810722529888153,-4.173600132162392e-8,-0.9245452880859375],"p":[133.98397827148438,103.82066345214844,51.148040771484375]},"j":true},{"t":6.853816986083984,"c":{"r":[-0.9245452880859375,-1.3752794814081426e-7,-0.3810722529888153,-1.077556817108416e-7,1,-9.946395351789761e-8,0.3810722529888153,-5.089622590048748e-8,-0.9245452880859375],"p":[134.08425903320312,104.24657440185547,51.395118713378906]},"j":true},{"t":6.877236366271973,"c":{"r":[-0.9245452880859375,-1.147474364415757e-7,-0.3810722529888153,-8.708073551133566e-8,1,-8.98447893860066e-8,0.3810722529888153,-4.988152468854423e-8,-0.9245452880859375],"p":[134.388916015625,105.44257354736328,52.13484191894531]},"j":false},{"t":6.934193134307861,"c":{"r":[-0.9393895268440247,-1.3145409205606029e-8,-0.3428516685962677,1.3725987457746669e-8,1,-7.59496288083028e-8,0.3428516685962677,-7.605226670648335e-8,-0.9393895268440247],"p":[135.0375518798828,107.61321258544922,53.742156982421875]},"j":true},{"t":6.9403910636901855,"c":{"r":[-0.9462726712226868,-1.0286401952441793e-8,-0.32336971163749695,2.565849577251811e-8,1,-1.068941628545872e-7,0.32336971163749695,-1.0944820871827687e-7,-0.9462726712226868],"p":[135.12979125976562,107.89606475830078,53.99235534667969]},"j":false},{"t":7.010859251022339,"c":{"r":[-0.9380846619606018,-5.620228549219064e-8,-0.3464060127735138,5.448807627317365e-9,1,-1.769996060829726e-7,0.3464060127735138,-1.6792812118637812e-7,-0.9380846619606018],"p":[135.8293914794922,109.75019073486328,56.148155212402344]},"j":false},{"t":7.0751566886901855,"c":{"r":[-0.9106879234313965,-1.4909481649283407e-8,-0.413095086812973,6.569087052099576e-9,1,-5.057399832253395e-8,0.413095086812973,-4.877078652043565e-8,-0.9106879234313965],"p":[136.54347229003906,111.27364349365234,57.82928466796875]},"j":false},{"t":7.138457298278809,"c":{"r":[-0.9297756552696228,3.0527345984410204e-8,-0.36812666058540344,1.6990452378351506e-9,1,7.863493323156945e-8,0.36812666058540344,7.248738143061928e-8,-0.9297756552696228],"p":[137.2965545654297,113.27168273925781,59.568294525146484]},"j":false},{"t":7.206840991973877,"c":{"r":[-0.9795748591423035,-2.137787502576316e-9,-0.20107991993427277,-1.2148412942281084e-8,1,4.855030866224297e-8,0.20107991993427277,5.000146074962686e-8,-0.9795748591423035],"p":[137.9638671875,113.71243286132812,61.5921745300293]},"j":false},{"t":7.266840991973877,"j":false,"c":{"p":[137.6056137084961,113.64797592163086,61.76102256774902],"r":[-0.9795748591423035,-2.137787502576316e-9,-0.20107991993427277,-1.2148412942281084e-8,1,4.855030866224297e-8,0.20107991993427277,5.000146074962686e-8,-0.9795748591423035]}},{"t":7.266840991973877,"c":{"r":[-0.9895095825195312,-8.395707027375465e-7,-0.14446744322776794,2.723689931372064e-7,1,-0.000007677039320697077,0.14446744322776794,-0.000007635851943632588,-0.9895095825195312],"p":[137.2473602294922,113.5835189819336,61.92987060546875]},"j":false},{"t":7.335794744491577,"c":{"r":[-0.9977141618728638,-5.3839617208950585e-8,-0.06757595390081406,8.988176602997555e-8,1,-0.000002123771992046386,0.06757595390081406,-0.0000021249911696941126,-0.9977141618728638],"p":[137.19985961914062,113.06584167480469,64.19605255126953]},"j":false},{"t":7.401330528259277,"c":{"r":[-0.9996004104614258,1.2152323591863023e-8,-0.028266971930861473,3.0728060096407717e-8,1,-6.567190666828537e-7,0.028266971930861473,-6.573252449015854e-7,-0.9996004104614258],"p":[137.15518188476562,113.10511016845703,66.3289566040039]},"j":false},{"t":7.466292915344238,"c":{"r":[-0.9999721050262451,9.104391018865954e-9,-0.007468555122613907,1.0736053823734437e-8,1,-2.1843088404693844e-7,0.007468555122613907,-2.185049794434235e-7,-0.9999721050262451