{"d":[{"c":{"r":[0.9685825705528259,4.5987505359335049e-8,-0.24869227409362794,-6.256880169530632e-8,1,-5.876960429418432e-8,0.24869227409362794,7.248358713241032e-8,0.9685825705528259],"p":[-410.7723083496094,248.9215545654297,746.098388671875]},"t":0.07139754295349121},{"c":{"r":[0.8253573179244995,-8.988716615476733e-8,0.5646107792854309,9.127123234975443e-8,1,2.578022240129485e-8,-0.5646107792854309,3.0254827976250456e-8,0.8253573179244995],"p":[-410.79241943359377,248.9215545654297,746.0523071289063]},"t":0.3375697135925293},{"c":{"r":[0.6211478114128113,-1.639059377112062e-8,0.7836934328079224,2.4169825252329248e-8,1,1.7577796995738027e-9,-0.7836934328079224,1.784989223097e-8,0.6211478114128113],"p":[-411.5841064453125,248.9215545654297,745.18017578125]},"t":0.39978909492492678},{"c":{"r":[0.621149480342865,8.85314435095097e-8,0.7836921215057373,-8.353526936843991e-8,1,-4.675759157635184e-8,-0.7836921215057373,-3.6422477478481599e-8,0.621149480342865],"p":[-412.75830078125,248.9215545654297,744.2466430664063]},"t":0.4607388973236084},{"c":{"r":[0.621149480342865,8.007508434104693e-9,0.7836921215057373,-1.0683090856389299e-8,1,-1.7503200000490438e-9,-0.7836921215057373,-7.285043235327748e-9,0.621149480342865],"p":[-413.85546875,248.9215545654297,743.3767700195313]},"t":0.5212688446044922},{"c":{"r":[0.621149480342865,-7.879484087425226e-8,0.7836921215057373,7.160468129541187e-8,1,4.3789682990791337e-8,-0.7836921215057373,2.8916083749663813e-8,0.621149480342865],"p":[-415.1875915527344,248.44985961914063,742.32080078125]},"t":0.5886893272399902},{"c":{"r":[0.621149480342865,5.215562026705811e-8,0.7836921215057373,-4.388277830003062e-8,1,-3.1769946673421148e-8,-0.7836921215057373,-1.4656700741966234e-8,0.621149480342865],"p":[-416.44097900390627,247.967529296875,741.327392578125]},"t":0.6582190990447998},{"c":{"r":[0.7749450206756592,4.3026865625961366e-8,0.6320286393165588,-3.550420046849467e-8,1,-2.454487280090234e-8,-0.6320286393165588,-3.418743954597403e-9,0.7749450206756592],"p":[-417.5462341308594,247.99160766601563,740.3173828125]},"t":0.7195336818695068},{"c":{"r":[0.7922908067703247,-9.669752643048924e-8,0.6101436614990234,9.037123049893126e-8,1,4.113332607857956e-8,-0.6101436614990234,2.2549876632638189e-8,0.7922908067703247],"p":[-418.5326232910156,247.9941864013672,739.0580444335938]},"t":0.7863602638244629},{"c":{"r":[0.7922908067703247,8.698439302179395e-9,0.6101436614990234,-1.0143580198018754e-8,1,-1.0846202824765783e-9,-0.6101436614990234,-5.329706453949257e-9,0.7922908067703247],"p":[-419.5086975097656,247.99436950683595,737.7904663085938]},"t":0.8524737358093262},{"c":{"r":[0.796530544757843,7.89358054475997e-8,0.6045982837677002,-7.561762060959154e-8,1,-3.0936341488541078e-8,-0.6045982837677002,-2.107654317740071e-8,0.796530544757843],"p":[-420.4839782714844,247.99436950683595,736.5222778320313]},"t":0.921302318572998},{"c":{"r":[0.8443287014961243,-6.016185949420105e-8,0.5358256101608276,6.227914184364636e-8,1,1.414226780127592e-8,-0.5358256101608276,2.143003641208452e-8,0.8443287014961243],"p":[-421.3979797363281,247.99436950683595,735.2100830078125]},"t":0.984950065612793},{"c":{"r":[0.8443286418914795,-3.519278024555206e-8,0.5358256697654724,3.48512187997585e-8,1,1.076264055654974e-8,-0.5358256697654724,9.58697121689056e-9,0.8443286418914795],"p":[-422.2018127441406,247.99436950683595,733.9439086914063]},"t":1.0489888191223145},{"c":{"r":[0.8443287014961243,1.0169186737130076e-7,0.5358256101608276,-1.0606367339960343e-7,1,-2.265525012035141e-8,-0.5358256101608276,-3.770315615270192e-8,0.8443287014961243],"p":[-423.0592346191406,247.99436950683595,732.5933227539063]},"t":1.1162300109863282},{"c":{"r":[0.8480488061904907,-2.3980193830652753e-8,0.5299180746078491,2.6398431884899766e-8,1,3.006190851806423e-9,-0.5299180746078491,1.1439610148045177e-8,0.8480488061904907],"p":[-423.9633483886719,247.99436950683595,731.154052734375]},"t":1.1868679523468018},{"c":{"r":[0.848048985004425,-6.67134614218412e-8,0.5299177765846252,7.05734919392853e-8,1,1.2952358297013689e-8,-0.5299177765846252,2.6413914611111978e-8,0.848048985004425],"p":[-424.7580261230469,247.99436950683595,729.8823852539063]},"t":1.2511043548583985},{"c":{"r":[0.848048985004425,6.439570654492855e-8,0.5299177765846252,-6.952294739903664e-8,1,-1.0259771698883924e-8,-0.5299177765846252,-2.8140659580344619e-8,0.848048985004425],"p":[-425.6056823730469,247.99436950683595,728.5259399414063]},"t":1.3175206184387208},{"c":{"r":[0.848048985004425,1.7057669055020598e-8,0.5299177765846252,-1.798779436512632e-8,1,-3.4026736983605589e-9,-0.5299177765846252,-6.646418082567607e-9,0.848048985004425],"p":[-426.4533386230469,247.99436950683595,727.1694946289063]},"t":1.3830747604370118},{"c":{"r":[0.848048985004425,-1.1088898332900499e-7,0.5299177765846252,1.201104851134005e-7,1,1.7039257116380214e-8,-0.5299177765846252,4.919855811635898e-8,0.848048985004425],"p":[-427.3009948730469,247.99436950683595,725.8130493164063]},"t":1.4515328407287598},{"c":{"r":[0.8553653359413147,3.856328234519424e-8,0.5180252194404602,-4.249237761655422e-8,1,-4.279280929608831e-9,-0.5180252194404602,-1.835177521058995e-8,0.8553653359413147],"p":[-428.1952819824219,247.99436950683595,724.36767578125]},"t":1.5198192596435547},{"c":{"r":[0.8925867080688477,3.032058160101769e-8,0.45087578892707827,-3.226633538133683e-8,1,-3.371393164641745e-9,-0.45087578892707827,-1.153884898741353e-8,0.8925867080688477],"p":[-429.03594970703127,247.99436950683595,722.8905029296875]},"t":1.591416597366333},{"c":{"r":[0.919136106967926,-8.544241580921153e-8,0.39394015073776247,9.135853673569727e-8,1,3.735304066054823e-9,-0.39394015073776247,3.255654235090333e-8,0.919136106967926],"p":[-429.7384033203125,247.99436950683595,721.453125]},"t":1.6578378677368165},{"c":{"r":[0.9420580267906189,1.5370421602156626e-9,0.33545002341270449,-1.9698469522211328e-9,1,9.49971656893922e-10,-0.33545002341270449,-1.555713557976901e-9,0.9420580267906189],"p":[-430.3206481933594,247.99436950683595,719.9635009765625]},"t":1.724653959274292},{"c":{"r":[0.9443768262863159,7.144100067080217e-8,0.3288653790950775,-7.545484237425626e-8,1,-5.570510719365984e-10,-0.3288653790950775,-2.4288418387641287e-8,0.9443768262863159],"p":[-430.8557434082031,247.99436950683595,718.4559936523438]},"t":1.7887420654296876},{"c":{"r":[0.9685835838317871,-4.152307297999869e-8,0.24868819117546082,4.4516365704794228e-8,1,-6.4126384202722878e-9,-0.24868819117546082,1.72818719335055e-8,0.9685835838317871],"p":[-431.6368103027344,247.99436950683595,717.2887573242188]},"t":1.8534455299377442},{"c":{"r":[0.9735793471336365,-3.860854036474848e-8,0.22834895551204682,4.041904588802936e-8,1,-3.252072611203971e-9,-0.22834895551204682,1.239579727752016e-8,0.9735793471336365],"p":[-433.0954284667969,247.98580932617188,716.4159545898438]},"t":1.921790361404419},{"c":{"r":[0.9912158250808716,9.561593827811521e-8,0.1322542428970337,-9.963949310076714e-8,1,2.3804927806736488e-8,-0.1322542428970337,-3.67735673023617e-8,0.9912158250808716],"p":[-434.33258056640627,247.89126586914063,715.5751342773438]},"t":1.9855766296386719},{"c":{"r":[0.9912158250808716,-6.138071717565197e-10,0.1322542428970337,6.993833845392317e-10,1,-6.006063424379704e-10,-0.1322542428970337,6.878269065424547e-10,0.9912158250808716],"p":[-435.4289245605469,247.6608123779297,714.6266479492188]},"t":2.0505776405334474},{"c":{"r":[0.9912158250808716,-1.1288885559679329e-7,0.1322542428970337,1.1775426145277379e-7,1,-2.8967175325078643e-8,-0.1322542428970337,4.428622446539521e-8,0.9912158250808716],"p":[-435.670654296875,247.30026245117188,713.2106323242188]},"t":2.1124143600463869},{"c":{"r":[0.9912158250808716,4.5976669582614707e-8,0.1322542428970337,-4.7997165353308449e-8,1,1.2089459211495069e-8,-0.1322542428970337,-1.8331093087908813e-8,0.9912158250808716],"p":[-435.87396240234377,246.6665802001953,711.6876831054688]},"t":2.1807384490966799},{"t":2.2365527153015138,"c":{"r":[0.9921149015426636,6.025513243912428e-8,0.12533143162727357,-6.275107722331086e-8,1,1.5966895361430035e-8,-0.12533143162727357,-2.3705679197405517e-8,0.9921149015426636],"p":[-435.9704895019531,245.66262817382813,710.9347534179688]},"j":true},{"c":{"r":[0.9921148419380188,4.6340023374114028e-8,0.1253320276737213,-4.8263235186141176e-8,1,1.2308499108826254e-8,-0.1253320276737213,-1.826037276941861e-8,0.9921148419380188],"p":[-435.9842224121094,246.10556030273438,710.8262329101563]},"t":2.2416763305664064},{"t":2.244610071182251,"c":{"r":[0.9921148419380188,4.6340023374114028e-8,0.1253320276737213,-4.8263235186141176e-8,1,1.2308499108826254e-8,-0.1253320276737213,-1.826037276941861e-8,0.9921148419380188],"p":[-435.9842224121094,246.10556030273438,710.8262329101563]},"j":true},{"t":2.26397705078125,"c":{"r":[0.9921148419380188,1.8527668288470524e-8,0.1253323256969452,-1.9306110488059859e-8,1,4.996396629763922e-9,-0.1253323256969452,-7.3766788233342599e-9,0.9921148419380188],"p":[-436.0126037597656,246.95738220214845,710.601806640625]},"j":true},{"c":{"r":[0.9929138422012329,-6.509635852580686e-8,0.11883653700351715,6.759309911785749e-8,1,-1.697929263855258e-8,-0.11883653700351715,2.4891503969115548e-8,0.9929138422012329],"p":[-436.1265869140625,249.1858673095703,709.6995849609375]},"t":2.3073856830596926},{"c":{"r":[0.9929656386375427,-1.2947329253165663e-7,0.11840273439884186,1.3435300161290798e-7,1,-3.32308580652807e-8,-0.11840273439884186,4.89048623819599e-8,0.9929656386375427],"p":[-436.31494140625,251.3941650390625,708.1294555664063]},"t":2.374462842941284},{"c":{"r":[0.9929656386375427,2.311125513188017e-8,0.11840265989303589,-2.4008240728790043e-8,1,6.1493850012084298e-9,-0.11840265989303589,-8.948767948879777e-9,0.9929656386375427],"p":[-436.50439453125,252.73048400878907,706.5405883789063]},"t":2.4413721561431886},{"c":{"r":[0.9929656386375427,1.2511314650964779e-7,0.11840265989303589,-1.298660805559848e-7,1,3.242672264036628e-8,-0.11840265989303589,-4.7575110073694307e-8,0.9929656386375427],"p":[-436.69384765625,253.19479370117188,704.9517211914063]},"t":2.504793405532837},{"c":{"r":[0.9929656386375427,1.7374107486034519e-8,0.11840265989303589,-1.8019548519987439e-8,1,4.380699358819129e-9,-0.11840265989303589,-6.4834466684260409e-9,0.9929656386375427],"p":[-436.8714599609375,252.83811950683595,703.462158203125]},"t":2.571732997894287},{"c":{"r":[0.9929656386375427,-9.002003054092711e-8,0.11840265989303589,9.34689268206057e-8,1,-2.3575505991857427e-8,-0.11840265989303589,3.447663843303417e-8,0.9929656386375427],"p":[-437.049072265625,251.71505737304688,701.9725952148438]},"t":2.631948232650757},{"c":{"r":[0.9929656386375427,-8.970395271035159e-8,0.11840265989303589,9.313050952641788e-8,1,-2.340697058400565e-8,-0.11840265989303589,3.426921679761108e-8,0.9929656386375427],"p":[-437.23577880859377,249.89990234375,700.4067993164063]},"t":2.6977016925811769},{"c":{"r":[0.9929656386375427,4.8372818639563778e-8,0.11840265989303589,-5.023232318990267e-8,1,1.2720633435492346e-8,-0.11840265989303589,-1.85787936146653e-8,0.9929656386375427],"p":[-437.3836364746094,250.00164794921876,699.1673583984375]},"t":2.7615766525268556},{"c":{"r":[0.9975641369819641,3.226485034701909e-8,0.06975511461496353,-3.283343374960168e-8,1,7.004587576631138e-9,-0.06975511461496353,-9.277825618880798e-9,0.9975641369819641],"p":[-437.54327392578127,250.91943359375,697.7984619140625]},"t":2.8283369541168215},{"c":{"r":[1,-8.385747207739769e-8,-0.000001202738417305227,8.38574365502609e-8,1,-3.28356932755014e-8,0.000001202738417305227,3.283559379951839e-8,1],"p":[-437.5679931640625,251.866455078125,697.1870727539063]},"t":2.8947365283966066},{"c":{"r":[0.9921145439147949,3.6078032922270967e-11,-0.12533435225486756,5.968128768962799e-10,1,5.012071646603999e-9,0.12533435225486756,-5.047350537523698e-9,0.9921145439147949],"p":[-437.5533447265625,252.6607666015625,695.962158203125]},"t":2.961975336074829},{"c":{"r":[0.8517262935638428,7.352802100513145e-8,-0.5239869952201843,-5.787412504787426e-8,1,4.6251347640691168e-8,0.5239869952201843,-9.068200412798433e-9,0.8517262935638428],"p":[-437.2281494140625,253.67457580566407,694.720947265625]},"t":3.029113531112671},{"t":3.085482597351074,"c":{"r":[0.6374227404594421,-2.2745393124523617e-8,-0.7705142498016357,2.716834313076788e-9,1,-2.7272204050632355e-8,0.7705142498016357,1.5290563482039944e-8,0.6374227404594421],"p":[-436.9591979980469,254.51715087890626,694.2062377929688]},"j":true},{"c":{"r":[0.5591918230056763,-4.773263384549864e-8,-0.8290383219718933,1.2858349052180529e-8,1,-4.8902869309586097e-8,0.8290383219718933,1.6686019677081277e-8,0.5591918230056763],"p":[-436.82305908203127,255.1713409423828,694.0577392578125]},"t":3.0915346145629885},{"t":3.095034122467041,"c":{"r":[0.5591918230056763,-4.773263384549864e-8,-0.8290383219718933,1.2858349052180529e-8,1,-4.8902869309586097e-8,0.8290383219718933,1.6686019677081277e-8,0.5591918230056763],"p":[-436.82305908203127,255.1713409423828,694.0577392578125]},"j":true},{"t":3.1033272743225099,"c":{"r":[0.5137616395950317,-6.57963212802315e-8,-0.857932984828949,2.3439334029262683e-8,1,-6.265535290594926e-8,0.857932984828949,1.208053923562602e-8,0.5137616395950317],"p":[-436.72491455078127,255.59043884277345,693.9574584960938]},"j":true},{"c":{"r":[0.16359342634677888,4.521313101690794e-9,-0.9865278601646423,1.688113968612015e-7,1,3.257662584132959e-8,0.9865278601646423,-1.7186646061873035e-7,0.16359342634677888],"p":[-435.6886291503906,258.29937744140627,693.2698364257813]},"t":3.1597225666046144},{"c":{"r":[-0.006952708121389151,2.244525987293855e-8,-0.9999758005142212,9.808655221377194e-8,1,2.1763819191278345e-8,0.9999758005142212,-9.793286892545439e-8,-0.006952708121389151],"p":[-434.2038269042969,260.34417724609377,692.9798583984375]},"t":3.226855993270874},{"c":{"r":[-0.0069821495562791828,-1.0018167628800257e-8,-0.9999756217002869,8.213013602542674e-10,1,-1.0024145957743258e-8,0.9999756217002869,-8.912714455355797e-10,-0.0069821495562791828],"p":[-432.8041076660156,261.4180603027344,692.9884643554688]},"t":3.288968801498413},{"c":{"r":[-0.006982050370424986,-4.7004924397242578e-8,-0.9999756217002869,-1.0998314792232122e-7,1,-4.623814575666074e-8,0.9999756217002869,1.096576340842148e-7,-0.006982050370424986],"p":[-431.2040100097656,261.8278503417969,692.9992065429688]},"t":3.3524744510650636},{"c":{"r":[-0.040951527655124667,-2.8677293428813756e-8,-0.9991611242294312,-6.702489230292486e-8,1,-2.59542929370582e-8,0.9991611242294312,6.590580170495741e-8,-0.040951527655124667],"p":[-429.6039733886719,261.36566162109377,693.0131225585938]},"t":3.4184606075286867},{"c":{"r":[-0.13225401937961579,3.830603390042597e-8,-0.9912158846855164,1.109083882511186e-7,1,2.3847434249546496e-8,0.9912158846855164,-1.0678022732690806e-7,-0.13225401937961579],"p":[-428.05267333984377,261.0512390136719,693.1636352539063]},"t":3.4860286712646486},{"c":{"r":[-0.02792402170598507,4.4830471779278017e-8,-0.9996100664138794,1.3024443035192235e-7,1,4.120959218312237e-8,0.9996100664138794,-1.2904291679660674e-7,-0.02792402170598507],"p":[-426.5614318847656,260.9998474121094,693.3095092773438]},"t":3.546380043029785},{"c":{"r":[0.35709473490715029,-2.5165775241475786e-8,-0.9340682029724121,-6.347512737647776e-8,1,-5.120869062125166e-8,0.9340682029724121,7.757645192896234e-8,0.35709473490715029],"p":[-425.07666015625,260.988525390625,693.1608276367188]},"t":3.611427068710327},{"c":{"r":[0.4003491699695587,-2.1030698960089468e-8,-0.9163626432418823,-3.368399115188936e-9,1,-2.442181035178237e-8,0.9163626432418823,1.2863926812656246e-8,0.4003491699695587],"p":[-424.3684997558594,260.99853515625,692.9097290039063]},"t":3.674949884414673},{"c":{"r":[0.43836984038352969,9.540860546053409e-9,-0.8987947106361389,6.658272155846135e-8,1,4.308961365495634e-8,0.8987947106361389,-7.873338603303637e-8,0.43836984038352969],"p":[-424.2546081542969,261.0483093261719,692.85595703125]},"t":3.7415153980255129},{"t":3.796070098876953,"c":{"r":[0.47562259435653689,1.4266018588671159e-8,-0.8796494603157044,-1.3249801256165484e-8,1,9.053736427233617e-9,0.8796494603157044,7.349018726898748e-9,0.47562259435653689],"p":[-423.34405517578127,261.0380554199219,692.3944702148438]},"j":true},{"t":3.804419994354248,"c":{"r":[0.47562259435653689,1.5376366846453494e-8,-0.8796494603157044,-2.6446020484627298e-8,1,3.1808600198246497e-9,0.8796494603157044,2.1750338419224137e-8,0.47562259435653689],"p":[-423.16790771484377,261.47760009765627,692.2998657226563]},"j":true},{"c":{"r":[0.47562259435653689,1.6486241705138128e-8,-0.8796494603157044,-3.963660688555137e-8,1,-2.6895070615040596e-9,0.8796494603157044,3.614550792008231e-8,0.47562259435653689],"p":[-422.9919128417969,261.90350341796877,692.204833984375]},"t":3.8080618381500246},{"t":3.8139798641204836,"c":{"r":[0.47562259435653689,1.6486241705138128e-8,-0.8796494603157044,-3.963660688555137e-8,1,-2.6895070615040596e-9,0.8796494603157044,3.614550792008231e-8,0.47562259435653689],"p":[-422.9919128417969,261.90350341796877,692.204833984375]},"j":true},{"c":{"r":[0.47562259435653689,2.534823728694846e-8,-0.8796494603157044,-1.4495870459541039e-7,1,-4.956223875751675e-8,0.8796494603157044,1.5108575723843388e-7,0.47562259435653689],"p":[-421.5846252441406,264.8203125,691.444091796875]},"t":3.874098300933838},{"t":3.898352861404419,"c":{"r":[0.4813693165779114,2.1327066335175006e-8,-0.8765178918838501,-1.282028847526817e-7,1,-4.607534620504339e-8,0.8765178918838501,1.3455137093387749e-7,0.4813693165779114],"p":[-421.1448669433594,265.552978515625,691.2063598632813]},"j":true},{"c":{"r":[0.48175111413002016,-2.0889485696784506e-9,-0.8763080835342407,-1.6937521607474083e-8,1,-1.1695222568164354e-8,0.8763080835342407,2.0476672801805763e-8,0.48175111413002016],"p":[-420.1807556152344,266.8651123046875,690.6768798828125]},"t":3.9398696422576906},{"c":{"r":[0.4817522168159485,-3.619449273628561e-8,-0.876307487487793,1.4452174923462736e-7,1,3.8147778269603808e-8,0.876307487487793,-1.4502326450838155e-7,0.4817522168159485],"p":[-418.7789001464844,268.03790283203127,689.9063720703125]},"t":4.004664897918701},{"c":{"r":[0.47387391328811648,-0.006585458759218454,-0.8805680871009827,-0.008858437649905682,0.9998857975006104,-0.01224492397159338,0.8805481195449829,0.013603007420897484,0.4737614691257477],"p":[-417.83587646484377,268.669189453125,689.305908203125]},"t":4.068927526473999},{"c":{"r":[0.5877768993377686,0.000009657018381403759,-0.8090230226516724,0.00005700621477444656,1,0.00005335318564902991,0.8090230226516724,-0.00007747911149635911,0.5877768993377686],"p":[-417.8734130859375,269.7887878417969,689.2554321289063]},"t":4.136768102645874},{"c":{"r":[0.6095981597900391,0.000001128531835092872,-0.7927106022834778,1.4662754210803542e-7,1,0.0000015363939382950776,0.7927106022834778,-0.0000010528161737966003,0.6095981597900391],"p":[-417.78314208984377,270.685546875,689.189453125]},"t":4.197082281112671},{"c":{"r":[0.6944304704666138,-4.1478148915530258e-8,-0.7195597887039185,1.5060654945386887e-9,1,-5.619031639980676e-8,0.7195597887039185,3.7936565888685439e-8,0.6944304704666138],"p":[-417.322509765625,270.9510498046875,688.8206787109375]},"t":4.25818943977356},{"c":{"r":[0.6946568489074707,2.9017638070172326e-8,-0.7193412780761719,-6.288117049280118e-8,1,-2.0384199217460265e-8,0.7193412780761719,5.939304514868127e-8,0.6946568489074707],"p":[-416.5353698730469,271.2436218261719,688.0679321289063]},"t":4.324300527572632},{"t":4.442253112792969,"c":{"r":[0.27420544624328616,-5.376075584706541e-9,-0.9616711139678955,6.276656705495043e-8,1,1.230655666262237e-8,0.9616711139678955,-6.373532102088575e-8,0.27420544624328616],"p":[-416.5263671875,271.2350158691406,688.0592651367188]},"j":true},{"t":4.450803995132446,"c":{"r":[0.13116878271102906,-8.390300898497572e-9,-0.991360068321228,8.696165565424963e-8,1,3.042641694150916e-9,0.991360068321228,-8.660940409299656e-8,0.13116878271102906],"p":[-416.5263671875,271.674560546875,688.0592651367188]},"j":true},{"c":{"r":[0.08491848409175873,-1.6181763484723889e-8,-0.9963878989219666,1.1392697274459351e-7,1,-6.530846974328597e-9,0.9963878989219666,-1.1296086199763522e-7,0.08491848409175873],"p":[-416.5189514160156,272.1004638671875,688.0582885742188]},"t":4.4546544551849369},{"t":4.4590370655059818,"c":{"r":[0.08491848409175873,-1.6181763484723889e-8,-0.9963878989219666,1.1392697274459351e-7,1,-6.530846974328597e-9,0.9963878989219666,-1.1296086199763522e-7,0.08491848409175873],"p":[-416.5189514160156,272.1004638671875,688.0582885742188]},"j":true},{"c":{"r":[0.048851870000362399,-3.238875123656726e-8,-0.9988060593605042,1.4892279409650656e-7,1,-2.5143615189904268e-8,0.9988060593605042,-1.4751667265500147e-7,0.048851870000362399],"p":[-416.1030578613281,275.01727294921877,688.0287475585938]},"t":4.518181800842285},{"t":4.532325267791748,"c":{"r":[0.048849113285541537,-3.428331751820224e-8,-0.9988061785697937,1.524338557601368e-7,1,-2.6869134472917723e-8,0.9988061785697937,-1.5093934280230315e-7,0.048849113285541537],"p":[-416.0064392089844,275.320556640625,688.0231323242188]},"j":true},{"c":{"r":[0.0488477423787117,-4.5637065682058167e-8,-0.9988062381744385,1.7346853553590336e-7,1,-3.720793628758656e-8,0.9988062381744385,-1.7144392927548325e-7,0.0488477423787117],"p":[-415.21832275390627,276.8541564941406,687.9812622070313]},"t":4.578630685806274},{"c":{"r":[0.06947163492441178,-2.178038904787627e-8,-0.9975839257240295,6.867967528023655e-8,1,-1.7050293621423408e-8,0.9975839257240295,-6.732923196750562e-8,0.06947163492441178],"p":[-413.69708251953127,278.1359558105469,687.8986206054688]},"t":4.6445136070251469},{"c":{"r":[0.192735955119133,5.835028815681653e-8,-0.9812506437301636,-1.1398833521525376e-7,1,3.707578244416254e-8,0.9812506437301636,1.0470529332451406e-7,0.192735955119133],"p":[-412.1073303222656,278.5457458496094,687.7264404296875]},"t":4.710389137268066},{"c":{"r":[0.48658034205436709,-2.368306439848311e-8,-0.8736358284950256,1.360321277843468e-7,1,4.865585623292645e-8,0.8736358284950256,-1.4251752133986884e-7,0.48658034205436709],"p":[-410.60772705078127,278.08355712890627,687.1942749023438]},"t":4.778238534927368},{"c":{"r":[0.4999985098838806,-8.708395426992866e-8,-0.8660262823104858,8.345181612412489e-8,1,-5.2375050074715548e-8,0.8660262823104858,-4.608401837913334e-8,0.4999985098838806],"p":[-409.2196960449219,276.7493591308594,686.3985595703125]},"t":4.8439695835113529},{"c":{"r":[0.5060181021690369,-1.9633720427236768e-8,-0.8625228404998779,-1.133829954369503e-7,1,-8.928177663847237e-8,0.8625228404998779,1.4297361872195325e-7,0.5060181021690369],"p":[-407.83514404296877,274.5431823730469,685.5966186523438]},"t":4.911731958389282},{"c":{"r":[0.4817579984664917,3.6821262483499598e-8,-0.8763042688369751,-6.398376228844427e-8,1,6.843026589820056e-9,0.8763042688369751,5.2772563208236536e-8,0.4817579984664917],"p":[-406.58038330078127,271.4649963378906,684.8661499023438]},"t":4.977170944213867},{"c":{"r":[0.355105996131897,9.82820296258069e-8,-0.9348260760307312,1.7467653989911015e-8,1,1.1176935288403911e-7,0.9348260760307312,-5.601918218189894e-8,0.355105996131897],"p":[-406.43450927734377,271.5697021484375,684.7817993164063]},"t":5.046114206314087},{"t":5.095715284347534,"c":{"r":[0.2756355404853821,2.2149000855620217e-8,-0.9612622261047363,2.3195356746441577e-8,1,2.9692694525351727e-8,0.9612622261047363,-3.048118202286787e-8,0.2756355404853821],"p":[-406.4725646972656,271.6602783203125,684.6624755859375]},"j":true},{"t":5.105341672897339,"c":{"r":[0.255444198846817,-8.661466210924118e-9,-0.9668238162994385,2.197829829242437e-8,1,-3.15180237464574e-9,0.9668238162994385,-2.0444032244881784e-8,0.255444198846817],"p":[-406.5099182128906,272.3144836425781,684.5429077148438]},"j":true},{"c":{"r":[0.283270001411438,-9.336196882259174e-8,-0.9590402245521545,0.0000012228398418301368,1,2.638386433773121e-7,0.9590402245521545,-0.0000012474902177928016,0.283270001411438],"p":[-406.5364074707031,272.73358154296877,684.4559326171875]},"t":5.110745429992676},{"t":5.11648416519165,"c":{"r":[0.283270001411438,-9.336196882259174e-8,-0.9590402245521545,0.0000012228398418301368,1,2.638386433773121e-7,0.9590402245521545,-0.0000012474902177928016,0.283270001411438],"p":[-406.5364074707031,272.73358154296877,684.4559326171875]},"j":true},{"c":{"r":[0.20553679764270783,0.000002574244035713491,-0.978649377822876,0.000018753466065390968,1,0.000006569024208147312,0.978649377822876,-0.000019703245925484226,0.20553679764270783],"p":[-406.6644287109375,275.59588623046877,683.4996948242188]},"t":5.173796653747559},{"c":{"r":[0.108159638941288,0.00000391763887819252,-0.9941335320472717,0.000017181577277369798,1,0.0000058100768001168039,0.9941335320472717,-0.00001770919880073052,0.108159638941288],"p":[-406.1725769042969,277.6816101074219,682.2871704101563]},"t":5.24458909034729},{"c":{"r":[0.1062222421169281,0.0000038006041904736778,-0.9943423867225647,0.000016416342987213285,1,0.000005575931481871521,0.9943423867225647,-0.000016915755622903818,0.1062222346663475],"p":[-405.14544677734377,278.74542236328127,681.1221923828125]},"t":5.309072494506836},{"c":{"r":[0.027956509962677957,-5.9258056239741566e-8,-0.999609112739563,-1.249517396217925e-7,1,-6.277581121594267e-8,0.999609112739563,1.2665789483889967e-7,0.027956509962677957],"p":[-404.0769348144531,278.9609375,680.343017578125]},"t":5.369843482971191},{"c":{"r":[0.027919186279177667,4.163181799299309e-8,-0.999610185623169,3.701678963352606e-8,1,4.26819362076003e-8,0.999610185623169,-3.819400617999236e-8,0.027919186279177667],"p":[-402.7117614746094,278.45098876953127,680.0009765625]},"t":5.431265115737915},{"c":{"r":[0.027919046580791475,6.196906809918801e-8,-0.999610185623169,1.6041701655922226e-7,1,6.647366745937689e-8,0.999610185623169,-1.6221036958086189e-7,0.027919046580791475],"p":[-401.37847900390627,277.0622863769531,679.9530029296875]},"t":5.498756170272827},{"c":{"r":[0.027919046580791475,-6.815609854271543e-9,-0.999610185623169,2.1993654897300986e-8,1,-6.2039862136487049e-9,0.999610185623169,-2.18118731964978e-8,0.027919046580791475],"p":[-400.98602294921877,276.5369873046875,679.9392700195313]},"t":5.559586524963379},{"t":5.674375057220459,"c":{"r":[0.006980288308113813,1.052359177577955e-8,-0.9999756217002869,-1.491109813400726e-8,1,1.0419761942159767e-8,0.9999756217002869,1.4838001050065941e-8,0.006980288308113813],"p":[-400.9841003417969,276.6470031738281,680.0227661132813]},"j":true},{"t":5.683111667633057,"c":{"r":[-0.020945165306329728,1.8423518710619647e-8,-0.9997806549072266,-5.887095699819156e-9,1,1.855089415414568e-8,0.9997806549072266,6.2743561457523359e-9,-0.020945165306329728],"p":[-400.9828186035156,277.0865478515625,680.0895385742188]},"j":true},{"c":{"r":[-0.07072629779577255,3.468242084636586e-7,-0.9974957704544067,0.00000121194693747384,1,2.6176323331128517e-7,0.9974957704544067,-0.0000011903983931915719,-0.07072629779577255],"p":[-400.9819030761719,277.512451171875,680.1637573242188]},"t":5.6868932247161869},{"t":5.690093278884888,"c":{"r":[-0.07072629779577255,3.468242084636586e-7,-0.9974957704544067,0.00000121194693747384,1,2.6176323331128517e-7,0.9974957704544067,-0.0000011903983931915719,-0.07072629779577255],"p":[-400.9819030761719,277.512451171875,680.1637573242188]},"j":true},{"c":{"r":[-0.1285918802022934,0.000004676283879234688,-0.9916976094245911,0.000022457217710325496,1,0.0000018034410231848597,0.9916976094245911,-0.00002203886106144637,-0.1285918802022934],"p":[-400.9476013183594,280.42926025390627,681.069580078125]},"t":5.751852989196777},{"t":5.7654197216033939,"c":{"r":[-0.10128771513700485,0.0000036521469155559318,-0.9948571920394898,0.000020360539565444925,1,0.0000015980929219949758,0.9948571920394898,-0.000020093961211387069,-0.10128771513700485],"p":[-400.9141540527344,280.7325439453125,681.2015380859375]},"j":true},{"c":{"r":[-0.1010315790772438,0.000003476669689916889,-0.9948832392692566,0.000017180518625536935,1,0.0000017498482520750259,0.9948832392692566,-0.000016915821106522345,-0.1010315790772438],"p":[-400.405517578125,282.47406005859377,682.1690673828125]},"t":5.817911863327026},{"c":{"r":[-0.08672603219747544,0.0000041827361201285388,-0.9962322115898132,0.000022853384507470765,1,0.000002209076001236099,0.9962322115898132,-0.000022575693947146648,-0.08672603219747544],"p":[-399.4211730957031,283.6468505859375,683.3665161132813]},"t":5.885682821273804},{"c":{"r":[-0.05961758643388748,0.000003623783413786441,-0.9982212781906128,0.00002802969902404584,1,0.0000019561998669814786,0.9982212781906128,-0.00002786321783787571,-0.05961759015917778],"p":[-398.887451171875,283.9476623535156,684.7554321289063]},"t":5.952067852020264},{"c":{"r":[-0.0034783324226737024,0.0000023852383037592519,-0.9999939799308777,0.000008835261724016164,1,0.0000023545208023278976,0.9999939799308777,-0.000008827018064039294,-0.0034783324226737024],"p":[-398.8318176269531,283.37646484375,686.3363037109375]},"t":6.017413854598999},{"c":{"r":[0.0069755129516124729,3.0608283907440639e-8,-0.9999756813049316,5.507624223355379e-7,1,3.445097362941851e-8,0.9999756813049316,-5.509893412636302e-7,0.0069755129516124729],"p":[-398.82110595703127,282.8234558105469,687.8634643554688]},"t":6.084577560424805},{"c":{"r":[0.006979320663958788,-2.8681196084789918e-8,-0.9999756217002869,-8.443559806892154e-8,1,-2.927121300899671e-8,0.9999756217002869,8.463783274237358e-8,0.006979320663958788],"p":[-398.816650390625,282.5074462890625,688.5021362304688]},"t":6.149129629135132},{"c":{"r":[0.013960534706711769,-8.40143457025988e-8,-0.9999025464057922,-4.267413977743217e-9,1,-8.408211016330825e-8,0.9999025464057922,5.4408291205731988e-9,0.013960534706711769],"p":[-398.816650390625,281.2535400390625,688.502197265625]},"t":6.216557264328003},{"t":6.232926368713379,"c":{"r":[0.013960534706711769,-9.51113250380331e-8,-0.9999025464057922,1.1781230213614436e-8,1,-9.495610697740631e-8,0.9999025464057922,-1.0454444421270637e-8,0.013960534706711769],"p":[-398.816650390625,280.9107971191406,688.502197265625]},"j":true},{"t":6.240457057952881,"c":{"r":[0.013960534706711769,-1.0250536064404514e-7,-0.9999025464057922,2.247461594606648e-8,1,-1.0220156809737091e-7,0.9999025464057922,-2.1045636344751985e-8,0.013960534706711769],"p":[-398.816650390625,281.350341796875,688.502197265625]},"j":true},{"t":6.2486350536346439,"c":{"r":[0.013960530050098896,-1.098962414403104e-7,-0.9999025464057922,3.3163434665084426e-8,1,-1.094439312510076e-7,0.9999025464057922,-3.1632307440077059e-8,0.013960530050098896],"p":[-398.8092041015625,281.7762451171875,688.5020751953125]},"j":true},{"c":{"r":[0.034659359604120257,-1.4747028842521105e-7,-0.9993991851806641,8.977288246114768e-8,1,-1.4444559326420859e-7,0.9993991851806641,-8.471255341646611e-8,0.034659359604120257],"p":[-398.623046875,283.7014465332031,688.4989624023438]},"t":6.285024166107178},{"t":6.331235647201538,"c":{"r":[0.0757441446185112,-4.196239089537812e-8,-0.9971272945404053,5.1555630875554928e-8,1,-3.8166998450606118e-8,0.9971272945404053,-4.851660051485851e-8,0.0757441446185112],"p":[-398.1888122558594,285.2860107421875,688.4864501953125]},"j":true},{"c":{"r":[0.13781164586544038,2.336112103762389e-8,-0.9904584288597107,5.566074534613108e-8,1,3.1330763761161509e-8,0.9904584288597107,-5.9447398115253239e-8,0.13781164586544038],"p":[-397.8099365234375,286.0732421875,688.4663696289063]},"t":6.351482629776001},{"c":{"r":[0.17364110052585603,7.998788476015761e-8,-0.9848089814186096,5.45729150758234e-8,1,9.08439972135966e-8,0.9848089814186096,-6.951815123557026e-8,0.17364110052585603],"p":[-396.40777587890627,287.5730285644531,688.2681884765625]},"t":6.417617559432983},{"c":{"r":[0.3530069887638092,2.3714189723023084e-8,-0.9356206655502319,1.368889570585452e-7,1,7.69937500422202e-8,0.9356206655502319,-1.552554635964043e-7,0.3530069887638092],"p":[-394.9561767578125,288.1871337890625,687.9020385742188]},"t":6.481290578842163},{"c":{"r":[0.33595189452171328,-7.751330599603534e-8,-0.941879153251648,9.923429189484523e-8,1,-4.690130595008668e-8,0.941879153251648,-7.771012633384089e-8,0.33595189452171328],"p":[-393.55279541015627,288.03485107421877,687.3724975585938]},"t":6.544963598251343},{"c":{"r":[0.16781218349933625,-7.729563122893524e-8,-0.9858189821243286,1.3275446519855905e-7,1,-5.580924522519126e-8,0.9858189821243286,-1.2150640316122009e-7,0.16781218349933625],"p":[-392.01318359375,287.02764892578127,686.9463500976563]},"t":6.611617088317871},{"c":{"r":[0.11146851629018784,5.848903228411473e-8,-0.9937679767608643,5.395796165430511e-8,1,6.490815707138609e-8,0.9937679767608643,-6.085691239832158e-8,0.11146851629018784],"p":[-390.43328857421877,286.1264343261719,686.7107543945313]},"t":6.677778720855713},{"c":{"r":[0.10452602803707123,3.2466804356090509e-8,-0.9945221543312073,-4.606268433349214e-8,1,2.7804361479866203e-8,0.9945221543312073,4.290408028850834e-8,0.10452602803707123],"p":[-388.8431396484375,286.17315673828127,686.5414428710938]},"t":6.743269205093384},{"c":{"r":[0.10452602803707123,-4.919758467281099e-8,-0.9945221543312073,-3.8241168454078436e-8,1,-5.3487777762484259e-8,0.9945221543312073,4.36225562339132e-8,0.10452602803707123],"p":[-387.2518615722656,286.17767333984377,686.3744506835938]},"t":6.81122899055481},{"c":{"r":[0.10452614724636078,-1.7796212503640164e-8,-0.9945221543312073,9.294965508388487e-8,1,-8.125050854346228e-9,0.9945221543312073,-9.159121105994928e-8,0.10452614724636078],"p":[-385.6606750488281,286.176513671875,686.2074584960938]},"t":6.8774683475494389},{"c":{"r":[0.10452673584222794,2.171333512990259e-8,-0.9945220947265625,-5.957323079286425e-9,1,2.1206805200790769e-8,0.9945220947265625,3.708011009351253e-9,0.10452673584222794],"p":[-384.06939697265627,286.1757507324219,686.0404663085938]},"t":6.944747447967529},{"c":{"r":[0.1114664301276207,3.244777957434053e-8,-0.9937682151794434,-7.860776207735398e-8,1,2.383418440388141e-8,0.9937682151794434,7.546118041545924e-8,0.1114664301276207],"p":[-382.5775451660156,286.1781005859375,685.8839111328125]},"t":7.007146835327148},{"c":{"r":[0.1114664301276207,-4.073752890576543e-8,-0.9937682151794434,4.7405841030467857e-8,1,-3.567569351048405e-8,0.9937682151794434,-4.313377388598383e-8,0.1114664301276207],"p":[-380.98907470703127,286.1900939941406,685.706298828125]},"t":7.0730366706848148},{"c":{"r":[0.09063155949115753,-9.457978400462253e-9,-0.9958844780921936,2.460668646619979e-8,1,-7.257705547658588e-9,0.9958844780921936,-2.3847640306939867e-8,0.09063155949115753],"p":[-379.30194091796877,285.9873352050781,685.5167236328125]},"t":7.143059968948364},{"c":{"r":[0.09063149988651276,9.50861718251872e-8,-0.9958844780921936,-1.066873451804895e-7,1,8.576992627240543e-8,0.9958844780921936,9.847482118630069e-8,0.09063149988651276],"p":[-377.6123962402344,284.8482971191406,685.3341064453125]},"t":7.214329719543457},{"c":{"r":[0.09063155949115753,2.137177190775219e-8,-0.9958844780921936,-3.0660533667514758e-8,1,1.8669796375547777e-8,0.9958844780921936,2.8842276122986733e-8,0.09063155949115753],"p":[-375.9208984375,283.0423889160156,685.1802978515625]},"t":7.285089015960693},{"c":{"r":[0.09063155949115753,-6.434172661329285e-8,-0.9958844780921936,6.048863099294977e-8,1,-5.9102788441123269e-8,0.9958844780921936,-5.488311316526051e-8,0.09063155949115753],"p":[-374.4272155761719,283.15264892578127,685.0447998046875]},"t":7.351574897766113},{"c":{"r":[0.09063155949115753,-7.298792237264706e-9,-0.9958844780921936,1.0422363416751068e-8,1,-6.380456163412873e-9,0.9958844780921936,-9.801199851722231e-9,0.09063155949115753],"p":[-372.93353271484377,283.1723327636719,684.9093017578125]},"t":7.412359952926636},{"c":{"r":[0.09063155949115753,6.149738851490838e-8,-0.9958844780921936,-5.537306435599021e-8,1,5.6712238460931988e-8,0.9958844780921936,5.0005258600549499e-8,0.09063155949115753],"p":[-371.2406921386719,283.1755065917969,684.7557373046875]},"t":7.482300758361816},{"c":{"r":[0.09063155949115753,-4.5932360137612707e-8,-0.9958844780921936,3.71387010034141e-8,1,-4.274232878742623e-8,0.9958844780921936,-3.311205531986161e-8,0.09063155949115753],"p":[-369.5478515625,283.1719665527344,684.6021728515625]},"t":7.551562786102295},{"t":7.601145505905151,"c":{"r":[0.09063155949115753,-8.028005282767481e-8,-0.9958844780921936,6.730381585384748e-8,1,-7.448675631849255e-8,0.9958844780921936,-6.027597265756413e-8,0.09063155949115753],"p":[-368.5524597167969,283.1787414550781,684.5118408203125]},"j":true},{"t":7.60948634147644,"c":{"r":[0.09063155949115753,-6.421436182790785e-8,-0.9958844780921936,5.4055799836305599e-8,1,-5.956032111953391e-8,0.9958844780921936,-4.84352895568918e-8,0.09063155949115753],"p":[-368.3533630371094,283.6182861328125,684.4937744140625]},"j":true},{"c":{"r":[0.09063152223825455,-4.012870036262939e-8,-0.9958844780921936,3.419439664753554e-8,1,-3.7182637413479827e-8,0.9958844780921936,-3.068375065140572e-8,0.09063152223825455],"p":[-368.05462646484377,284.2520446777344,684.4666748046875]},"t":7.613603591918945},{"t":7.618815183639526,"c":{"r":[0.09063152223825455,-4.012870036262939e-8,-0.9958844780921936,3.419439664753554e-8,1,-3.7182637413479827e-8,0.9958844780921936,-3.068375065140572e-8,0.09063152223825455],"p":[-368.05462646484377,284.2520446777344,684.4666748046875]},"j":true},{"c":{"r":[0.08392474800348282,7.179410488333815e-8,-0.9964721202850342,-5.8165134930732168e-8,1,6.714951439334982e-8,0.9964721202850342,5.232442745750632e-8,0.08392474800348282],"p":[-366.6605224609375,286.80426025390627,684.3402099609375]},"t":7.6747472286224369},{"c":{"r":[0.06283850222826004,7.636572973979128e-8,-0.9980236887931824,-5.595198615537811e-8,1,7.299404813920774e-8,0.9980236887931824,5.125457036569969e-8,0.06283850222826004],"p":[-365.164306640625,288.7978820800781,684.2340698242188]},"t":7.735434055328369},{"c":{"r":[0.06278955191373825,-1.1953995127100825e-8,-0.9980267882347107,1.9221522151724458e-8,1,-1.0768332892041599e-8,0.9980267882347107,-1.8507455123994988e-8,0.06278955191373825],"p":[-363.7672119140625,289.9671325683594,684.1460571289063]},"t":7.796126842498779},{"c":{"r":[0.06278945505619049,-1.1256391729830284e-7,-0.9980267882347107,1.0486108692475682e-7,1,-1.061892831444311e-7,0.9980267882347107,-9.798660727255992e-8,0.06278945505619049],"p":[-362.1705322265625,290.4859313964844,684.0454711914063]},"t":7.8596031665802},{"c":{"r":[0.06278875470161438,-2.4435202305994609e-8,-0.9980268478393555,1.8867178042114575e-8,1,-2.329652204480226e-8,0.9980268478393555,-1.7367190352501895e-8,0.06278875470161438],"p":[-360.5738525390625,290.13275146484377,683.9448852539063]},"t":7.927417278289795},{"c":{"r":[0.06975521892309189,9.067810680107869e-8,-0.9975641369819641,-9.145632162699258e-8,1,8.450439281659783e-8,0.9975641369819641,8.533892525974807e-8,0.06975521892309189],"p":[-359.09356689453127,288.9075622558594,683.8516845703125]},"t":7.994484186172485},{"c":{"r":[0.08367539942264557,-6.848412947846327e-9,-0.9964930415153503,1.2003313010211514e-8,1,-5.864597696358942e-9,0.9964930415153503,-1.1470495664411829e-8,0.08367539942264557],"p":[-357.9484558105469,288.1307678222656,683.77197265625]},"t":8.059985399246216},{"c":{"r":[0.0975811630487442,-5.573149408633071e-8,-0.995227575302124,6.17443376427218e-8,1,-4.994476654474056e-8,0.995227575302124,-5.6575995444063668e-8,0.0975811630487442],"p":[-356.75946044921877,288.73956298828127,683.6649780273438]},"t":8.127245903015137},{"c":{"r":[0.09758104383945465,4.39883436342825e-8,-0.995227575302124,-5.263022728740907e-8,1,3.903894096879412e-8,0.995227575302124,4.85695927920915e-8,0.09758104383945465],"p":[-355.4989929199219,289.2628173828125,683.54296875]},"t":8.193169832229615},{"t":8.21608304977417,"c":{"r":[0.09758210927248001,6.886514114512465e-8,-0.9952274560928345,-8.116283822801052e-8,1,6.123735118990226e-8,0.9952274560928345,7.47998143424411e-8,0.09758210927248001],"p":[-355.2338562011719,289.3659362792969,683.5169677734375]},"j":true},{"t":8.224137783050537,"c":{"r":[0.09758056700229645,8.129541839707599e-8,-0.9952276349067688,-9.541998480244729e-8,1,7.23294633075966e-8,0.9952276