{"v":1,"name":"merged_macro_cleaned_deduplicated","d":[{"c":{"r":[-0.06931626796722412,9.667782130406977e-9,-0.9975947141647339,-1.1637843577716467e-8,1,1.0499728197999048e-8,0.9975947141647339,1.233765356545291e-8,-0.06931626796722412],"p":[-411.2356262207031,248.9215545654297,746.6365356445312]},"t":0},{"c":{"r":[0.8854407072067261,-1.29115704794458e-7,0.46475234627723694,1.2776234825651045e-7,1,3.4404823878730895e-8,-0.46475234627723694,2.8914421079662134e-8,0.8854407072067261],"p":[-411.2355651855469,248.9215545654297,746.6363525390625]},"t":0.19680547714233398},{"c":{"r":[0.3488302230834961,-5.974599037728012e-9,0.9371859431266785,6.168551891505558e-8,1,-1.6584939643848884e-8,-0.9371859431266785,6.359612569895035e-8,0.3488302230834961],"p":[-411.9129638671875,248.9215545654297,746.046630859375]},"t":0.26082944869995117},{"c":{"r":[0.32226356863975525,5.274636194485538e-8,0.946649968624115,2.712277624716819e-10,1,-5.581130224641129e-8,-0.946649968624115,1.8242706900650774e-8,0.32226356863975525],"p":[-413.4188232421875,248.9215545654297,745.5095825195312]},"t":0.32782721519470215},{"c":{"r":[0.3222649097442627,-2.3643570656872726e-8,0.9466495513916016,-8.834820164338453e-8,1,5.505215483481152e-8,-0.9466495513916016,-1.0137615902294783e-7,0.3222649097442627],"p":[-415.0294189453125,248.7607879638672,744.9657592773438]},"t":0.3983793258666992},{"c":{"r":[0.4067365229129791,-1.8622200670392886e-8,0.9135454893112183,4.047931412287653e-8,1,2.361989270838194e-9,-0.9135454893112183,3.6018988680552866e-8,0.4067365229129791],"p":[-416.52716064453125,247.9195098876953,744.4063720703125]},"t":0.4632740020751953},{"c":{"r":[0.564965546131134,-1.4334912812330458e-8,0.8251144886016846,4.904705974695389e-8,1,-1.6209856568139003e-8,-0.8251144886016846,4.9627452369804814e-8,0.564965546131134],"p":[-417.9606018066406,247.9837188720703,743.6990356445312]},"t":0.5305428504943848},{"c":{"r":[0.7477970123291016,3.348803190306171e-8,0.6639273762702942,-8.917199778579743e-8,1,4.999721525678069e-8,-0.6639273762702942,-9.659149924345911e-8,0.7477970123291016],"p":[-419.2657165527344,247.99362182617188,742.618408203125]},"t":0.6019680500030518},{"c":{"r":[0.7749432325363159,-6.313899181265015e-9,0.6320307850837708,1.0567342556555559e-8,1,-2.9669307011204182e-9,-0.6320307850837708,8.978088494870917e-9,0.7749432325363159],"p":[-420.2933654785156,247.99435424804688,741.392333984375]},"t":0.6710712909698486},{"c":{"r":[0.8171442151069641,-2.866241466392694e-8,0.5764333009719849,5.592766427753304e-8,1,-2.9558584913047525e-8,-0.5764333009719849,5.639219580189092e-8,0.8171442151069641],"p":[-421.35107421875,247.99436950683594,740.061767578125]},"t":0.7414252758026123},{"c":{"r":[0.8589593172073364,3.252712588164286e-8,0.5120438933372498,-6.443641353826024e-8,1,4.4568697177282957e-8,-0.5120438933372498,-7.127696477482459e-8,0.8589593172073364],"p":[-422.281982421875,247.99436950683594,738.6402587890625]},"t":0.8093359470367432},{"c":{"r":[0.8796480894088745,6.494913051824369e-9,0.47562506794929504,-1.1058570059674366e-8,1,6.796818663445947e-9,-0.47562506794929504,-1.1238541652858203e-8,0.8796480894088745],"p":[-423.08221435546875,247.99436950683594,737.2548828125]},"t":0.8782491683959961},{"c":{"r":[0.8894159197807312,-3.544849747072476e-8,0.45709875226020813,6.465771207331272e-8,1,-4.8258936402589825e-8,-0.45709875226020813,7.247722777492527e-8,0.8894159197807312],"p":[-423.876708984375,247.99436950683594,735.7518920898438]},"t":0.9465703964233398},{"c":{"r":[0.8925853967666626,2.0796841582182424e-8,0.45087841153144836,-3.833082473647664e-8,1,2.9756789032830966e-8,-0.45087841153144836,-4.384301632853749e-8,0.8925853967666626],"p":[-424.60028076171875,247.99436950683594,734.3251953125]},"t":1.014970064163208},{"c":{"r":[0.8987931609153748,2.6841274092248568e-8,0.4383729100227356,-4.8117097861677394e-8,1,3.7424857879386764e-8,-0.4383729100227356,-5.473043884762774e-8,0.8987931609153748],"p":[-425.2635498046875,247.99436950683594,732.9797973632812]},"t":1.0803139209747314},{"c":{"r":[0.9135451912879944,-4.445626089477628e-8,0.4067372679710388,7.64976491041125e-8,1,-6.251651996080909e-8,-0.4067372679710388,8.822610908509887e-8,0.9135451912879944],"p":[-426.0558776855469,247.99436950683594,731.6450805664062]},"t":1.144284963607788},{"c":{"r":[0.9372814297676086,-3.890597288780384e-10,0.34857359528541565,-5.793995838665467e-10,1,2.674098720234497e-9,-0.34857359528541565,-2.7083464360089238e-9,0.9372814297676086],"p":[-427.5198669433594,247.99436950683594,731.0231323242188]},"t":1.2128880023956299},{"c":{"r":[0.9396923780441284,4.9831403003963715e-8,0.3420208990573883,-8.031381071305077e-8,1,7.496287679487068e-8,-0.3420208990573883,-9.791104105261184e-8,0.9396923780441284],"p":[-429.06207275390625,247.99436950683594,730.3080444335938]},"t":1.2811915874481201},{"c":{"r":[0.9531905055046082,-1.2577249464129636e-8,0.30237048864364624,2.171469581924157e-8,1,-2.6857751578290845e-8,-0.30237048864364624,3.216643662540264e-8,0.9531905055046082],"p":[-430.31976318359375,247.99436950683594,729.6937255859375]},"t":1.3424150943756104},{"c":{"r":[0.9650161862373352,-2.172360957786168e-8,0.2621902525424957,3.071978937896347e-8,1,-3.021274253001138e-8,-0.2621902525424957,3.721021712976835e-8,0.9650161862373352],"p":[-431.81988525390625,247.99436950683594,728.8944702148438]},"t":1.409754753112793},{"c":{"r":[0.9795750975608826,3.330404751977767e-8,0.20107872784137726,-4.901454531136551e-8,1,7.315234284988037e-8,-0.20107872784137726,-8.151399555345051e-8,0.9795750975608826],"p":[-433.17926025390625,247.99436950683594,728.05126953125]},"t":1.4756991863250732},{"c":{"r":[0.998440682888031,6.011397157834608e-9,0.055823154747486115,-5.933662006185614e-9,1,-1.5582664047997241e-9,-0.055823154747486115,1.2246007541349968e-9,0.998440682888031],"p":[-434.2497253417969,247.99436950683594,726.9900512695312]},"t":1.5430779457092285},{"c":{"r":[0.998440682888031,-3.3033135338200736e-8,0.05582315847277641,3.724470687416215e-8,1,-7.44045323131104e-8,-0.05582315847277641,7.636762688889576e-8,0.998440682888031],"p":[-434.3514709472656,247.99436950683594,725.3981323242188]},"t":1.610077142715454},{"c":{"r":[0.998440682888031,1.1755370898924866e-8,0.05582315847277641,-1.411999761558036e-8,1,4.196481739882074e-8,-0.05582315847277641,-4.268760278591799e-8,0.998440682888031],"p":[-434.43524169921875,247.99436950683594,723.9003295898438]},"t":1.6734788417816162},{"c":{"r":[0.998440682888031,1.7916779171400776e-8,0.05582315847277641,-2.064316007022171e-8,1,4.8262961627187906e-8,-0.05582315847277641,-4.934006980761296e-8,0.998440682888031],"p":[-434.52459716796875,247.99436950683594,722.3026733398438]},"t":1.740450382232666},{"c":{"r":[0.998440682888031,-3.208774401741721e-8,0.05582315847277641,3.801856252039215e-8,1,-1.0518095194811394e-7,-0.05582315847277641,1.0713925746586028e-7,0.998440682888031],"p":[-434.6195373535156,247.99436950683594,720.6051635742188]},"t":1.8110406398773193},{"c":{"r":[0.9975639581680298,-1.0803425931626975e-9,0.06975746154785156,1.0887295509576234e-9,1,-8.220959329952038e-11,-0.06975746154785156,1.57956342450305e-10,0.9975639581680298],"p":[-434.69976806640625,247.99436950683594,719.2073364257812]},"t":1.8710856437683105},{"c":{"r":[0.9975639581680298,2.6441965061962946e-8,0.06975746154785156,-3.303051343550578e-8,1,9.329588834816605e-8,-0.06975746154785156,-9.537274792137396e-8,0.9975639581680298],"p":[-434.8183898925781,247.99436950683594,717.5119018554688]},"t":1.939136028289795},{"c":{"r":[0.9975639581680298,-1.2037662422414996e-8,0.06975746154785156,1.5218674320749415e-8,1,-4.5069572962574966e-8,-0.06975746154785156,4.602140180054448e-8,0.9975639581680298],"p":[-434.923095703125,247.9706268310547,716.0167846679688]},"t":2.0023112297058105},{"c":{"r":[0.9964928030967712,-1.0745927703226243e-8,0.08367859572172165,1.3960698375115044e-8,1,-3.783294744152954e-8,-0.08367859572172165,3.886847110834424e-8,0.9964928030967712],"p":[-435.0439758300781,247.62733459472656,714.4525146484375]},"t":2.0709874629974365},{"c":{"r":[0.9964928030967712,2.1117898540978786e-8,0.08367862552404404,-2.866705628434829e-8,1,8.901455572640771e-8,-0.08367862552404404,-9.110117815680496e-8,0.9964928030967712],"p":[-435.1738586425781,247.24053955078125,712.9056396484375]},"t":2.1355109214782715},{"c":{"r":[0.9929654002189636,-3.750371124766616e-9,0.11840497702360153,5.428133942331215e-9,1,-1.3847204272110503e-8,-0.11840497702360153,1.439251295920485e-8,0.9929654002189636],"p":[-435.31146240234375,246.5639190673828,711.4512939453125]},"t":2.206294059753418},{"t":2.222036600112915,"c":{"r":[0.9929653406143188,-7.820141867398434e-9,0.11840531975030899,1.1669933464020232e-8,1,-3.182034191695493e-8,-0.11840531975030899,3.297827788628638e-8,0.9929653406143188],"p":[-435.32684326171875,246.42361450195312,711.3201904296875]},"j":true},{"t":2.231088161468506,"c":{"r":[0.9929653406143188,-1.3921545694017823e-8,0.11840519309043884,2.1027627639114144e-8,1,-5.876565722928717e-8,-0.11840519309043884,6.084204073886212e-8,0.9929653406143188],"p":[-435.35009765625,247.08460998535156,711.1237182617188]},"j":true},{"t":2.240339517593384,"c":{"r":[0.9921458959579468,-1.7634869564631117e-8,0.12508626282215118,2.744041438518252e-8,1,-7.666728407684786e-8,-0.12508626282215118,7.949755342906428e-8,0.9921458959579468],"p":[-435.366455078125,247.51052856445312,710.9854125976562]},"j":true},{"c":{"r":[0.9921153783798218,-3.305595797087335e-8,0.125327929854393,5.105202305344392e-8,1,-1.4038003826044587e-7,-0.125327929854393,1.4567145001365134e-7,0.9921153783798218],"p":[-435.4576110839844,249.25852966308594,710.2412719726562]},"t":2.2723169326782227},{"c":{"r":[0.9921146035194397,-6.6213643457047056e-9,0.12533390522003174,9.93051418873847e-9,1,-2.5777891821121557e-8,-0.12533390522003174,2.6819252596510523e-8,0.9921146035194397],"p":[-435.6446228027344,251.55873107910156,708.7604370117188]},"t":2.3388967514038086},{"c":{"r":[0.9921146035194397,2.1481161738279297e-8,0.12533392012119293,-3.3787163289389355e-8,1,9.605999906625584e-8,-0.12533392012119293,-9.953720336852712e-8,0.9921146035194397],"p":[-435.8453063964844,253.16754150390625,707.1735229492188]},"t":2.4020864963531494},{"c":{"r":[0.9921146035194397,2.1082332324340314e-8,0.12533392012119293,-3.294201889048054e-8,1,9.25521703720733e-8,-0.12533392012119293,-9.595111549742796e-8,0.9921146035194397],"p":[-436.033447265625,253.88385009765625,705.685791015625]},"t":2.4638612270355225},{"c":{"r":[0.9921146035194397,-1.1783352960037519e-8,0.12533393502235413,1.869774202134522e-8,1,-5.399136071559951e-8,-0.12533393502235413,5.5909080032279235e-8,0.9921146035194397],"p":[-436.234130859375,253.8031463623047,704.098876953125]},"t":2.530771255493164},{"c":{"r":[0.9921146035194397,-2.4232495121623288e-8,0.12533392012119293,3.817874016931455e-8,1,-1.0887069379350578e-7,-0.12533392012119293,1.127973021652906e-7,0.9921146035194397],"p":[-436.4222717285156,252.935546875,702.6111450195312]},"t":2.594665288925171},{"c":{"r":[0.9921146035194397,-1.7915921524114253e-10,0.12533392012119293,1.4721064645062398e-10,1,2.64169408570325e-10,-0.12533392012119293,-2.4363583372988273e-10,0.9921146035194397],"p":[-436.61041259765625,251.30154418945312,701.1234130859375]},"t":2.6555347442626953},{"c":{"r":[0.9921146035194397,2.53929002269615e-8,0.12533389031887054,-4.028558109325786e-8,1,1.1628949181385906e-7,-0.12533389031887054,-1.2042166019909928e-7,0.9921146035194397],"p":[-436.81109619140625,249.13768005371094,699.5364990234375]},"t":2.7207813262939453},{"c":{"r":[0.9921146035194397,-3.175743890082572e-9,0.12533389031887054,5.132875013913463e-9,1,-1.529240378772556e-8,-0.12533389031887054,1.581513942028323e-8,0.9921146035194397],"p":[-436.9527587890625,249.7254180908203,698.4150390625]},"t":2.7838356494903564},{"c":{"r":[0.9929654002189636,-1.3614188887345335e-8,0.1184050440788269,2.1155305063302876e-8,1,-6.243227801405737e-8,-0.1184050440788269,6.449798917174121e-8,0.9929654002189636],"p":[-437.10107421875,251.0027313232422,697.2412109375]},"t":2.849249839782715},{"c":{"r":[0.9964928030967712,1.3116626895737227e-8,0.08367875218391418,-1.843953079117e-8,1,6.283831766040748e-8,-0.08367875218391418,-6.416092901417869e-8,0.9964928030967712],"p":[-437.1934509277344,252.1520233154297,696.4036865234375]},"t":2.9162158966064453},{"c":{"r":[0.9997807145118713,1.0173485165410057e-8,-0.02094072662293911,-9.546228696422077e-9,1,3.005388293786382e-8,0.02094072662293911,-2.984738500799722e-8,0.9997807145118713],"p":[-437.2376403808594,253.1479034423828,695.8692626953125]},"t":2.981840133666992},{"c":{"r":[0.9631630778312683,-3.106022106180717e-8,-0.26891809701919556,5.630771848785798e-9,1,-9.533337674838549e-8,0.26891809701919556,9.03073740232685e-8,0.9631630778312683],"p":[-437.1033935546875,253.76596069335938,694.4193725585938]},"t":3.0485758781433105},{"c":{"r":[0.9466496706008911,1.1323598059220785e-8,-0.32226455211639404,-5.941598324454844e-9,1,1.7684186559563386e-8,0.32226455211639404,-1.4825962679765325e-8,0.9466496706008911],"p":[-436.90045166015625,254.7379150390625,693.6259765625]},"t":3.1115336418151855},{"c":{"r":[0.8480485677719116,5.25008303497998e-8,-0.5299185514450073,-4.828760058472881e-9,1,9.134575407188095e-8,0.5299185514450073,-7.490677944588242e-8,0.8480485677719116],"p":[-436.8350830078125,255.23960876464844,693.4218139648438]},"t":3.182692527770996},{"c":{"r":[0.38751617074012756,7.592414874579845e-8,-0.9218629002571106,9.220882724036983e-9,1,8.623558755971317e-8,0.9218629002571106,-4.1918074344948764e-8,0.38751617074012756],"p":[-436.8350830078125,255.29603576660156,693.4218139648438]},"t":3.3705945014953613},{"c":{"r":[0.1529880166053772,6.372441685442709e-9,-0.9882280230522156,-1.887065792516296e-8,1,3.5269767106882455e-9,0.9882280230522156,1.81089276907187e-8,0.1529880166053772],"p":[-436.8350830078125,255.39730834960938,693.4218139648438]},"t":3.436030149459839},{"c":{"r":[0.07672108709812164,-6.10314501159337e-8,-0.9970526099205017,-3.407385307241384e-8,1,-6.383378092778003e-8,0.9970526099205017,3.8870819452085925e-8,0.07672108709812164],"p":[-436.7102355957031,255.58607482910156,693.4115600585938]},"t":3.5018181800842285},{"t":3.52557373046875,"c":{"r":[0.06279163807630539,-3.7379777495516464e-8,-0.9980266690254211,-1.4173766160752166e-8,1,-3.834544060055123e-8,0.9980266690254211,1.6553569182065075e-8,0.06279163807630539],"p":[-436.46038818359375,255.67271423339844,693.392822265625]},"j":true},{"t":3.5348236560821533,"c":{"r":[0.048850059509277344,-1.9479477586514804e-8,-0.9988061189651489,1.0054160837214e-9,1,-1.9453587185580545e-8,0.9988061189651489,-5.3906826918970197e-11,0.048850059509277344],"p":[-436.2354431152344,256.326904296875,693.3770751953125]},"j":true},{"t":3.5456173419952393,"c":{"r":[0.03540102392435074,-7.347377817268352e-9,-0.999373197555542,1.158152862501538e-8,1,-6.9417311898689604e-9,0.999373197555542,-1.1328524784914862e-8,0.03540102392435074],"p":[-436.07806396484375,256.7460021972656,693.3666381835938]},"j":true},{"c":{"r":[-0.004507164936512709,2.59131169855209e-8,-0.9999898672103882,4.8547924791364494e-8,1,2.569456469814213e-8,0.9999898672103882,-4.843162315637528e-8,-0.004507164936512709],"p":[-435.6413879394531,257.7341613769531,693.344482421875]},"t":3.5641942024230957},{"c":{"r":[-0.11080997437238693,5.622219845236032e-8,-0.9938415884971619,1.4559545036263444e-7,1,4.033718070672876e-8,0.9938415884971619,-1.4022906213995157e-7,-0.11080997437238693],"p":[-434.1556091308594,260.1876220703125,693.4186401367188]},"t":3.626674175262451},{"c":{"r":[-0.11840242147445679,-3.08522771774733e-8,-0.9929656982421875,1.5069435477244042e-8,1,-3.286773875288418e-8,0.9929656982421875,-1.8855052630328828e-8,-0.11840242147445679],"p":[-432.5664367675781,261.9599304199219,693.6051025390625]},"t":3.686845541000366},{"c":{"r":[-0.11840298771858215,-1.0750905943268663e-7,-0.9929656386375427,-9.777117071507746e-8,1,-9.661226840762538e-8,0.9929656386375427,8.564423126244947e-8,-0.11840298771858215],"p":[-431.1761779785156,262.7953796386719,693.7708740234375]},"t":3.7492947578430176},{"c":{"r":[-0.11840161681175232,-2.5630541244936467e-8,-0.992965817451477,-4.5412114957343874e-8,1,-2.039715063517633e-8,0.992965817451477,4.267761966048056e-8,-0.11840161681175232],"p":[-429.5873107910156,262.93267822265625,693.9603271484375]},"t":3.8166823387145996},{"c":{"r":[-0.1322323977947235,1.0368877667588094e-7,-0.9912187457084656,5.888975351808767e-8,1,9.67512434613127e-8,0.9912187457084656,-4.5578978813409776e-8,-0.1322323977947235],"p":[-427.9003601074219,262.12310791015625,694.1705322265625]},"t":3.8843486309051514},{"c":{"r":[-0.04884939268231392,-1.5372657813372825e-8,-0.9988061785697937,1.6602822228151126e-8,1,-1.6203038910589385e-8,0.9988061785697937,-1.7374508942680222e-8,-0.04884939268231392],"p":[-426.3905029296875,261.9171142578125,694.3615112304688]},"t":3.9531948566436768},{"c":{"r":[0.05582236498594284,-6.204031421930267e-8,-0.9984407424926758,-1.3976060309062177e-8,1,-6.291860188412102e-8,0.9984407424926758,1.7466533108745352e-8,0.05582236498594284],"p":[-425.8346862792969,261.2877502441406,694.3828735351562]},"t":4.0183446407318115},{"c":{"r":[0.11840591579675674,6.446114753089205e-8,-0.9929652810096741,-2.1965160357240165e-8,1,6.229859650375147e-8,0.9929652810096741,1.4434118789097283e-8,0.11840591579675674],"p":[-425.83465576171875,260.6717834472656,694.3828735351562]},"t":4.084811449050903},{"c":{"r":[0.49394330382347107,1.3521375130665092e-8,-0.8694940805435181,-1.814005834432919e-8,1,5.245825551725147e-9,0.8694940805435181,1.3181534086470492e-8,0.49394330382347107],"p":[-425.83465576171875,260.78662109375,694.3828735351562]},"t":4.276827096939087},{"c":{"r":[0.5060350894927979,8.30530453299616e-8,-0.8625128865242004,-6.521108986135005e-8,1,5.803269687021384e-8,0.8625128865242004,2.687882627583349e-8,0.5060350894927979],"p":[-425.83465576171875,260.7894287109375,694.3828735351562]},"t":4.339130163192749},{"c":{"r":[0.5180283188819885,-4.531123920514801e-8,-0.8553634881973267,4.4303529733724645e-8,1,-2.6141817599523165e-8,0.8553634881973267,-2.435342061346546e-8,0.5180283188819885],"p":[-425.3267517089844,261.0752868652344,694.07763671875]},"t":4.401179552078247},{"c":{"r":[0.5180279016494751,-5.0619128444395756e-8,-0.8553637266159058,4.406629372510906e-8,1,-3.249092728196956e-8,0.8553637266159058,-2.0861500971136593e-8,0.5180279016494751],"p":[-424.3585510253906,261.03802490234375,693.4912109375]},"t":4.461942195892334},{"t":4.510318994522095,"c":{"r":[0.5180274248123169,2.716783598089023e-8,-0.8553640246391296,-2.9160553083329432e-8,1,1.4101446232928083e-8,0.8553640246391296,1.7637951543747477e-8,0.5180274248123169],"p":[-423.642333984375,260.9040832519531,693.0575561523438]},"j":true},{"t":4.51910924911499,"c":{"r":[0.5180276036262512,4.270530951089313e-8,-0.8553639054298401,-4.3787164116793065e-8,1,2.3407990212831464e-8,0.8553639054298401,2.5327974384481422e-8,0.5180276036262512],"p":[-423.47625732421875,261.3470153808594,692.9569702148438]},"j":true},{"c":{"r":[0.5180271863937378,6.599906754445328e-8,-0.8553641438484192,-6.571536914634635e-8,1,3.736036902068918e-8,0.8553641438484192,3.685688199084325e-8,0.5180271863937378],"p":[-423.2271423339844,261.9909973144531,692.8060913085938]},"t":4.522530794143677},{"t":4.539544343948364,"c":{"r":[0.5180274844169617,8.151997832328561e-8,-0.8553639650344849,-8.032637310861901e-8,1,4.665698938310925e-8,0.8553639650344849,4.453868029941077e-8,0.5180274844169617],"p":[-423.057373046875,262.4032897949219,692.7033081054688]},"j":true},{"c":{"r":[0.5120474100112915,9.549522417273693e-8,-0.8589571714401245,-9.119820987280036e-8,1,5.6810069537505115e-8,0.8589571714401245,4.9245908684270034e-8,0.5120474100112915],"p":[-421.85699462890625,264.9078063964844,691.9832153320312]},"t":4.590372323989868},{"c":{"r":[0.5120447278022766,-3.0833561481813376e-8,-0.8589587807655334,3.376582569103448e-8,1,-1.576786878842995e-8,0.8589587807655334,-2.0929597610575e-8,0.5120447278022766],"p":[-420.48248291015625,266.9526062011719,691.1638793945312]},"t":4.657461643218994},{"c":{"r":[0.5120446085929871,-1.2570271223921736e-7,-0.8589588403701782,1.2704342111646838e-7,1,-7.060968698624492e-8,0.8589588403701782,-7.296976178849945e-8,0.5120446085929871],"p":[-419.10797119140625,268.1253967285156,690.3445434570312]},"t":4.7226243019104},{"c":{"r":[0.5120447278022766,-3.4206772969724852e-9,-0.8589587807655334,1.5562344746200552e-9,1,-3.0546467577607928e-9,0.8589587807655334,2.273744525993493e-10,0.5120447278022766],"p":[-417.7655029296875,268.7403259277344,689.5443115234375]},"t":4.787575960159302},{"c":{"r":[0.5118343234062195,-0.0012398288818076253,-0.8590832948684692,0.0006525336066260934,0.9999992251396179,-0.0010544249089434743,0.8590839505195618,-0.00002088985638692975,0.5118347406387329],"p":[-417.8184814453125,269.7579650878906,689.4034423828125]},"t":4.849781274795532},{"c":{"r":[0.5120446085929871,0.00003166859096381813,-0.858958899974823,-0.000016762565792305395,1,0.000026876034098677337,0.858958899974823,6.366273055391503e-7,0.5120446085929871],"p":[-417.7231140136719,270.65472412109375,689.3463134765625]},"t":4.913258075714111},{"c":{"r":[0.5120446085929871,-3.685476031023427e-7,-0.8589588403701782,1.9562911290904594e-7,1,-3.124442855551024e-7,0.8589588403701782,-8.051950217691228e-9,0.5120446085929871],"p":[-417.165283203125,270.91754150390625,689.0133666992188]},"t":4.977800130844116},{"c":{"r":[0.5120447278022766,-8.601251977324864e-8,-0.8589587807655334,4.518587815027786e-8,1,-7.319947314954334e-8,0.8589587807655334,-1.3314022107024925e-9,0.5120447278022766],"p":[-416.30419921875,271.2820129394531,688.5000610351562]},"t":5.042285203933716},{"c":{"r":[0.506034255027771,-6.512139094638769e-8,-0.8625133633613586,3.5443179058347596e-8,1,-5.470747765912165e-8,0.8625133633613586,-2.8863569312420623e-9,0.506034255027771],"p":[-416.3003234863281,271.1782531738281,688.497802734375]},"t":5.104037046432495},{"c":{"r":[0.24869225919246674,2.3366522938772505e-8,-0.9685825705528259,-7.689540559852048e-9,1,2.2150093315076447e-8,0.9685825705528259,1.939398641681578e-9,0.24869225919246674],"p":[-416.3003234863281,271.2174987792969,688.497802734375]},"t":5.49432897567749},{"c":{"r":[0.2419235110282898,-5.0500425174959673e-8,-0.9702953100204468,1.000601290712666e-8,1,-4.955164811804025e-8,0.9702953100204468,2.278921273912715e-9,0.2419235110282898],"p":[-416.17889404296875,271.18438720703125,688.467041015625]},"t":5.558718919754028},{"t":5.574260950088501,"c":{"r":[0.2419235110282898,-6.032943389300272e-8,-0.9702953100204468,1.231668456114221e-8,1,-5.910544231824133e-8,0.9702953100204468,2.348175431876598e-9,0.2419235110282898],"p":[-416.0735778808594,271.14697265625,688.440673828125]},"j":true},{"t":5.583862781524658,"c":{"r":[0.2419235110282898,-7.50650670511277e-8,-0.9702953100204468,1.578084152242809e-8,1,-7.342848107327882e-8,0.9702953100204468,2.4520001584704687e-9,0.2419235110282898],"p":[-415.9034729003906,271.8079833984375,688.398193359375]},"j":true},{"t":5.591659784317017,"c":{"r":[0.2419234961271286,-8.48835739475362e-8,-0.9702953100204468,1.8089043152258455e-8,1,-8.297207187979438e-8,0.9702953100204468,2.5211797094470967e-9,0.2419234961271286],"p":[-415.7828369140625,272.23388671875,688.3680419921875]},"j":true},{"c":{"r":[0.2419234812259674,-1.2411567240633303e-7,-0.9702953100204468,2.7311985562050722e-8,1,-1.211056712691061e-7,0.9702953100204468,2.7976114758132553e-9,0.2419234812259674],"p":[-415.203857421875,273.8013000488281,688.2234497070312]},"t":5.620512247085571},{"c":{"r":[0.24192214012145996,-1.2758130196743878e-7,-0.9702956676483154,2.8774438831646876e-8,1,-1.2431274853952345e-7,0.9702956676483154,2.154293632372628e-9,0.24192214012145996],"p":[-413.7962341308594,276.152587890625,687.87255859375]},"t":5.682456731796265},{"c":{"r":[0.2882292568683624,6.041013733693035e-8,-0.9575614333152771,-8.707798926366195e-9,1,6.046640521617519e-8,0.9575614333152771,-9.089934138728495e-9,0.2882292568683624],"p":[-412.344970703125,277.73748779296875,687.4942626953125]},"t":5.743802309036255},{"c":{"r":[0.34820041060447693,9.099660758238315e-8,-0.937420129776001,2.8657421324851384e-8,1,1.0771599079362204e-7,0.937420129776001,-6.43707949166128e-8,0.34820041060447693],"p":[-410.8262023925781,278.5832824707031,686.992431640625]},"t":5.809202432632446},{"c":{"r":[0.34857288002967834,-3.6524250290881355e-10,-0.9372816681861877,1.1444340231037131e-7,1,4.217155336050382e-8,0.9372816681861877,-1.2196557008792297e-7,0.34857288002967834],"p":[-409.42034912109375,278.5842590332031,686.4697265625]},"t":5.87285852432251},{"c":{"r":[0.34857243299484253,-5.0500357673399776e-8,-0.9372818470001221,1.0214873213953979e-7,1,-1.5890766036363857e-8,0.9372818470001221,-9.020307345508627e-8,0.34857243299484253],"p":[-407.92083740234375,277.7405700683594,685.912109375]},"t":5.940306901931763},{"c":{"r":[0.3485724925994873,-2.2337085070489593e-8,-0.9372818470001221,-8.232625248183467e-8,1,-5.444867312576207e-8,0.9372818470001221,9.614220886078328e-8,0.3485724925994873],"p":[-406.42132568359375,276.0248718261719,685.3544921875]},"t":6.006603956222534},{"c":{"r":[0.3485724925994873,1.0622733803700157e-8,-0.9372818470001221,-8.013413577145911e-8,1,-1.8468107043645432e-8,0.9372818470001221,8.154574260288427e-8,0.3485724925994873],"p":[-405.1031799316406,273.43719482421875,684.8643188476562]},"t":6.0724194049835205},{"c":{"r":[0.34857216477394104,4.569017519884255e-8,-0.9372819662094116,6.4687948331254574e-9,1,5.11532469715803e-8,0.9372819662094116,-2.389368169986028e-8,0.34857216477394104],"p":[-404.6076965332031,270.9982604980469,684.6800537109375]},"t":6.138904333114624},{"c":{"r":[0.34202244877815247,4.2422971802125176e-8,-0.9396917819976807,4.9252598444127216e-8,1,6.307224253987442e-8,0.9396917819976807,-6.785438699807855e-8,0.34202244877815247],"p":[-404.607666015625,271.2363586425781,684.6800537109375]},"t":6.206468105316162},{"c":{"r":[0.2890331745147705,-7.864959883363554e-8,-0.9573190808296204,-4.232951411609065e-8,1,-9.493619756995031e-8,0.9573190808296204,6.796256002417067e-8,0.2890331745147705],"p":[-403.8957214355469,271.4649658203125,684.4376831054688]},"t":6.2731404304504395},{"t":6.216217279434204,"c":{"r":[0.2890331745147705,-7.864959883363554e-8,-0.9573190808296204,-4.232951411609065e-8,1,-9.493619756995031e-8,0.9573190808296204,6.796256002417067e-8,0.2890331745147705],"p":[-403.8957214355469,271.4649658203125,684.4376831054688]},"j":true},{"t":6.216217279434204,"c":{"r":[0.2890331745147705,-7.864959883363554e-8,-0.9573190808296204,-4.232951411609065e-8,1,-9.493619756995031e-8,0.9573190808296204,6.796256002417067e-8,0.2890331745147705],"p":[-403.8957214355469,271.4649658203125,684.4376831054688]},"j":true},{"t":6.2868547439575195,"c":{"r":[0.2621901333332062,-9.555766666835552e-8,-0.96501624584198,-5.490651133754909e-8,1,-1.1393964882699947e-7,0.96501624584198,8.285952901587734e-8,0.2621901333332062],"p":[-403.7590026855469,271.9045104980469,684.3948364257812]},"j":true},{"t":6.295040130615234,"c":{"r":[0.24917635321617126,-1.1175072245350748e-7,-0.9684581160545349,-6.739527691479452e-8,1,-1.3273060517349222e-7,0.9684581160545349,9.834283076770589e-8,0.24917635321617126],"p":[-403.6149597167969,272.3304138183594,684.3507690429688]},"j":true},{"c":{"r":[0.20849767327308655,-6.123275397840189e-8,-0.9780228734016418,-3.156500127943218e-8,1,-6.933782970008906e-8,0.9780228734016418,4.532806840984449e-8,0.20849767327308655],"p":[-402.74761962890625,274.255615234375,684.1233520507812]},"t":6.333229303359985},{"t":6.381447792053223,"c":{"r":[0.23608948290348053,1.2097234503016807e-7,-0.9717313051223755,0.0000072651528171263635,1,0.0000018896154188041692,0.9717313051223755,-0.000007505894700443605,0.23608948290348053],"p":[-401.70001220703125,275.9798889160156,683.8563232421875]},"j":true},{"c":{"r":[0.263294517993927,3.227263505323208e-7,-0.9647154808044434,0.00001355406129732728,1,0.000004033765435451642,0.9647154808044434,-0.000014137881407805253,0.263294517993927],"p":[-401.35504150390625,276.5047302246094,683.7056274414062]},"t":6.3939337730407715},{"c":{"r":[0.206192284822464,0.0000020771101389982505,-0.9785115122795105,0.000016462901839986444,1,0.000005591793069470441,0.9785115122795105,-0.00001726212394714821,0.206192284822464],"p":[-400.1940612792969,278.05902099609375,682.7710571289062]},"t":6.4613096714019775},{"c":{"r":[0.2455991953611374,0.0000028760719033016358,-0.9693714380264282,0.000026262994651915506,1,0.000009620916898711585,0.9693714380264282,-0.00002782148658297956,0.2455991953611374],"p":[-399.4911804199219,278.7413024902344,681.4570922851562]},"t":6.526949405670166},{"c":{"r":[0.24560905992984772,0.000003054040007555159,-0.9693689346313477,0.000026260879167239182,1,0.000009804264664126094,0.9693689346313477,-0.000027864498406415805,0.24560905992984772],"p":[-399.389892578125,278.5890197753906,680.0780029296875]},"t":6.589733123779297},{"c":{"r":[0.1533937007188797,-6.981967430874647e-7,-0.9881651401519775,-0.0000034593456348375184,1,-0.0000012435558573997696,0.9881651401519775,0.000003609158511608257,0.1533937007188797],"p":[-399.6319580078125,277.5818176269531,678.69921875]},"t":6.656481981277466},{"c":{"r":[0.12533427774906158,3.503893353240528e-8,-0.9921145439147949,2.0948344570115296e-7,1,6.178156297664827e-8,0.9921145439147949,-2.155749285748243e-7,0.12533427774906158],"p":[-399.6805725097656,276.8390197753906,678.4332885742188]},"t":6.723717927932739},{"c":{"r":[0.1045282855629921,-1.6572265337799763e-8,-0.9945219159126282,-1.1234714492047715e-7,1,-2.8471690782794212e-8,0.9945219159126282,1.1470779526234764e-7,0.1045282855629921],"p":[-399.6805725097656,276.9069519042969,678.4332885742188]},"t":6.789440631866455},{"c":{"r":[0.07672064751386642,-8.689337582801215e-10,-0.9970526099205017,-1.5160880550979527e-8,1,-2.0380934717678656e-9,0.9970526099205017,1.527256010547262e-8,0.07672064751386642],"p":[-399.5892639160156,276.85833740234375,679.3472290039062]},"t":6.856481313705444},{"c":{"r":[0.06279072165489197,9.841581771752317e-9,-0.9980267286300659,7.141539271060537e-8,1,1.435413121697593e-8,0.9980267286300659,-7.217578001927905e-8,0.06279072165489197],"p":[-399.4662170410156,276.8832702636719,680.6984252929688]},"t":6.922604322433472},{"c":{"r":[0.06279072165489197,-1.007648964268526e-9,-0.9980267286300659,9.531182065813937e-9,1,-4.0998821004833985e-10,0.9980267286300659,-9.486631036281779e-9,0.06279072165489197],"p":[-399.45098876953125,276.9383239746094,680.8662109375]},"t":6.989495754241943},{"t":7.1806862354278564,"c":{"r":[0.048849862068891525,-4.536155007173193e-9,-0.9988061189651489,-2.144202859710731e-8,1,-5.590269136490633e-9,0.9988061189651489,2.168951418468623e-8,0.048849862068891525],"p":[-399.4363098144531,276.9353942871094,681.099609375]},"j":true},{"c":{"r":[0.027923235669732094,3.626624001107359e-10,-0.9996100664138794,5.608771225240616e-9,1,5.194800145602585e-10,0.9996100664138794,-5.621089815832647e-9,0.027923235669732094],"p":[-399.4289855957031,277.37493896484375,681.21630859375]},"t":7.184231758117676},{"t":7.126530885696411,"c":{"r":[0.027923235669732094,3.626624001107359e-10,-0.9996100664138794,5.608771225240616e-9,1,5.194800145602585e-10,0.9996100664138794,-5.621089815832647e-9,0.027923235669732094],"p":[-399.4289855957031,277.37493896484375,681.21630859375]},"j":true},{"t":7.126530885696411,"c":{"r":[0.027923235669732094,3.626624001107359e-10,-0.9996100664138794,5.608771225240616e-9,1,5.194800145602585e-10,0.9996100664138794,-5.621089815832647e-9,0.027923235669732094],"p":[-399.4289855957031,277.37493896484375,681.21630859375]},"j":true},{"t":7.1992058753967285,"c":{"r":[-0.04163084551692009,6.831413656982477e-7,-0.9991330504417419,0.0000030511876047967235,1,5.566003551393806e-7,0.9991330504417419,-0.000003025370688192197,-0.04163084551692009],"p":[-399.4184265136719,278.0086975097656,681.4061889648438]},"j":true},{"c":{"r":[-0.05422192066907883,0.000003735465952559025,-0.9985288977622986,0.000027632328055915423,1,0.0000022404840365197742,0.9985288977622986,-0.000027470194254419766,-0.05422192066907883],"p":[-399.38909912109375,280.2371826171875,682.388427734375]},"t":7.245522737503052},{"t":7.3007495403289795,"c":{"r":[-0.12217443436384201,0.000005317612249200465,-0.9925086498260498,0.000028004315026919357,1,0.00000191051367437467,0.9925086498260498,-0.000027561107344808988,-0.12217443436384201],"p":[-399.42779541015625,281.97515869140625,683.583251953125]},"j":true},{"c":{"r":[-0.12217456102371216,0.000005342270014807582,-0.9925086498260498,0.000027950900403084233,1,0.0000019419289856159594,0.9925086498260498,-0.000027504254831001163,-0.12217456102371216],"p":[-399.4559326171875,282.5545349121094,684.0823364257812]},"t":7.315868377685547},{"c":{"r":[-0.15516725182533264,0.0000062464482653012965,-0.9878882169723511,0.000027963335014646873,1,0.0000019308401988382684,0.9878882169723511,-0.00002732504617597442,-0.15516725182533264],"p":[-399.54632568359375,283.8363342285156,685.679443359375]},"t":7.3799450397491455},{"c":{"r":[-0.15516726672649384,0.000006248733370739501,-0.9878882169723511,0.000027963362299487926,1,0.000001933148496391368,0.9878882169723511,-0.000027324715119902976,-0.15516726672649384],"p":[-399.6367492675781,284.2461242675781,687.2764892578125]},"t":7.445324897766113},{"c":{"r":[-0.05610974505543709,-0.000001041355403685884,-0.9984245896339417,-0.0000054372494560084306,1,-7.374345045718655e-7,0.9984245896339417,0.000005387306373449974,-0.05610974505543709],"p":[-399.6788024902344,283.7405700683594,688.0270385742188]},"t":7.50768256187439},{"c":{"r":[-0.05581899359822273,2.976483060024293e-9,-0.9984409213066101,-5.1097821085477335e-8,1,5.837813787934465e-9,0.9984409213066101,5.1344013485277173e-8,-0.05581899359822273],"p":[-399.67889404296875,282.3425598144531,688.0288696289062]},"t":7.575798273086548},{"c":{"r":[0.02792351134121418,-4.3072208910643894e-8,-0.9996100664138794,-9.323300531605128e-8,1,-4.56934188264313e-8,0.9996100664138794,9.447256843486684e-8,0.02792351134121418],"p":[-399.67889404296875,282.5300598144531,688.0288696289062]},"t":7.64454984664917},{"c":{"r":[0.05582384020090103,-8.800927986385432e-8,-0.9984406232833862,-9.404546119640145e-8,1,-9.340490692011372e-8,0.9984406232833862,9.911303067156041e-8,0.05582384020090103],"p":[-399.71759033203125,282.7824401855469,687.3368530273438]},"t":7.71474552154541},{"c":{"r":[0.06279195845127106,3.2533328919726046e-8,-0.9980266094207764,5.4162278217972926e-8,1,3.6005335601885236e-8,0.9980266094207764,-5.6316242336151845e-8,0.06279195845127106],"p":[-399.7926940917969,282.3619384765625,686.115478515625]},"t":7.776730537414551},{"c":{"r":[0.06279195845127106,4.29936939383424e-8,-0.9980266094207764,4.1741046175047813e-8,1,4.5704890538900145e-8,0.9980266094207764,-4.452857638170826e-8,0.06279195845127106],"p":[-399.8038330078125,282.45703125,685.9378051757812]},"t":7.838326692581177},{"c":{"r":[-0.20107565820217133,7.376697030991863e-10,-0.9795756936073303,-8.140046503513076e-8,1,1.7461971424381773e-8,0.9795756936073303,8.324909828161253e-8,-0.20107565820217133],"p":[-399.8038330078125,282.3883361816406,685.9378051757812]},"t":8.025995254516602},{"c":{"r":[-0.20107565820217133,-8.628561865009488e-9,-0.9795756936073303,-1.205998643172279e-7,1,1.5946838516356365e-8,0.9795756936073303,1.2134321991652541e-7,-0.20107565820217133],"p":[-399.632080078125,282.4309997558594,685.97314453125]},"t":8.086569547653198},{"t":8.119821548461914,"c":{"r":[-0.17364661395549774,-7.039242078121788e-9,-0.9848080277442932,-1.0511563175441552e-7,1,1.1386718234973614e-8,0.9848080277442932,1.054959852808679e-7,-0.17364661395549774],"p":[-399.0782775878906,282.375,686.0868530273438]},"j":true},{"t":8.126790523529053,"c":{"r":[-0.15298575162887573,-3.597147468781259e-9,-0.9882283806800842,-7.560062442735216e-8,1,8.063592460416658e-9,0.9882283806800842,7.59442997377846e-8,-0.15298575162887573],"p":[-398.8911437988281,282.81793212890625,686.1253051757812]},"j":true},{"t":8.1353919506073,"c":{"r":[-0.15298572182655334,-2.3663055959133317e-9,-0.9882283806800842,-4.6098222128421185e-8,1,4.741883774528333e-9,0.9882283806800842,4.628101279990915e-8,-0.15298572182655334],"p":[-398.697998046875,283.25067138671875,686.1592407226562]},"j":true},{"c":{"r":[-0.10603626072406769,4.437557432623862e-9,-0.9943622350692749,3.597025610702076e-8,1,6.269403884928693e-10,0.9943622350692749,-3.570098527916343e-8,-0.10603626072406769],"p":[-398.2041931152344,284.27288818359375,686.2332153320312]},"t":8.153513669967651},{"c":{"r":[-0.09063553065061569,1.9444884813424324e-8,-0.995884120464325,1.4713286589085328e-7,1,6.134667884793998e-9,0.995884120464325,-1.4597127062643267e-7,-0.09063553065061569],"p":[-396.61175537109375,286.9716796875,686.3871459960938]},"t":8.218308925628662},{"c":{"r":[-0.05711816996335983,1.8902538201359675e-8,-0.998367428779602,1.5615265169799386e-7,1,9.999708616703629e-9,0.998367428779602,-1.5532656050254445e-7,-0.05711816996335983],"p":[-395.11749267578125,288.7098388671875,686.516357421875]},"t":8.281841278076172},{"c":{"r":[-0.04884984344244003,4.8586277223705565e-9,-0.9988061189651489,-2.236600415983503e-8,1,5.9583169509380696e-9,0.9988061189651489,2.2630365137388253e-8,-0.04884984344244003],"p":[-393.61932373046875,289.6816101074219,686.5916137695312]},"t":8.344044923782349},{"c":{"r":[-0.04884934425354004,-4.851115509296733e-9,-0.9988061785697937,-1.208029800636723e-7,1,1.0512865022960227e-9,0.9988061785697937,1.2071012633896316e-7,-0.04884934425354004],"p":[-392.02117919921875,289.8734130859375,686.6697387695312]},"t":8.40889859199524},{"c":{"r":[-0.008810729719698429,-2.8499613780041955e-9,-0.9999611973762512,-1.2534862925406287e-8,1,-2.7396263035939228e-9,0.9999611973762512,1.2510238178720101e-8,-0.008810729719698429],"p":[-390.42266845703125,289.1932067871094,686.7396240234375]},"t":8.47533893585205},{"c":{"r":[0.11677032709121704,1.530183091347226e-8,-0.9931589365005493,1.5731630753634818e-7,1,3.390364256006251e-8,0.9931589365005493,-1.6019903625874576e-7,0.11677032709121704],"p":[-388.8257751464844,287.6410217285156,686.6703491210938]},"t":8.54509449005127},{"c":{"r":[0.12533345818519592,1.0810099482227997e-8,-0.9921146631240845,3.386352886991517e-8,1,1.5173984735383783e-8,0.9921146631240845,-3.549831006921522e-8,0.12533345818519592],"p":[-387.23797607421875,286.8601379394531,686.4736328125]},"t":8.611191749572754},{"c":{"r":[0.14608418941497803,8.12370881675406e-9,-0.9892721772193909,-8.69083010002214e-8,1,-4.621801608095666e-9,0.9892721772193909,8.665113426786775e-8,0.14608418941497803],"p":[-385.6524963378906,286.123779296875,686.2593383789062]},"t":8.677887678146362},{"c":{"r":[0.14608418941497803,-3.590648889328918e-9,-0.9892721772193909,-8.954373242886504e-9,1,-4.951864251978577e-9,0.9892721772193909,9.58170165432648e-9,0.14608418941497803],"p":[-384.1686096191406,286.168701171875,686.04052734375]},"t":8.738208532333374},{"c":{"r":[0.14608418941497803,-1.5159001165443442e-8,-0.9892721772193909,1.0973008812698026e-7,1,8.802731876755843e-10,0.9892721772193909,-1.0868151179010965e-7,0.14608418941497803],"p":[-382.7835693359375,286.1742858886719,685.8363037109375]},"t":8.798927068710327},{"c":{"r":[0.12533576786518097,6.440616928671261e-9,-0.9921143651008606,-2.0305137127252237e-8,1,3.926620806282699e-9,0.9921143651008606,1.965287310667918e-8,0.12533576786518097],"p":[-381.2994079589844,286.1789855957031,685.6184692382812]},"t":8.860343933105469},{"c":{"r":[0.01396207045763731,8.102609250215664e-9,-0.9999025464057922,-6.114400719070545e-8,1,7.2496191272364285e-9,0.9999025464057922,6.10368289244434e-8,0.01396207045763731],"p":[-379.6198425292969,286.31036376953125,685.4752197265625]},"t":8.930514097213745},{"c":{"r":[0.013962785713374615,-9.667211919861529e-9,-0.9999024868011475,8.197888234917627e-8,1,-8.523389105619117e-9,0.9999024868011475,-8.185187994058651e-8,0.013962785713374615],"p":[-378.0422058105469,286.55792236328125,685.3756103515625]},"t":8.994809627532959},{"c":{"r":[0.013962917029857635,-1.3284408240110679e-8,-0.9999024868011475,1.0896960134232359e-7,1