{"d":[{"t":0,"c":{"r":[-0.06931626796722412,9.667782130406977e-9,-0.9975947141647339,-1.1637843577716467e-8,1,1.0499728197999048e-8,0.9975947141647339,1.233765356545291e-8,-0.06931626796722412],"p":[-411.2356262207031,248.9215545654297,746.6365356445313]},"j":false},{"t":0.19680547714233399,"c":{"r":[0.8854407072067261,-1.29115704794458e-7,0.46475234627723696,1.2776234825651046e-7,1,3.4404823878730897e-8,-0.46475234627723696,2.8914421079662135e-8,0.8854407072067261],"p":[-411.2355651855469,248.9215545654297,746.6363525390625]},"j":false},{"t":0.26082944869995119,"c":{"r":[0.3488302230834961,-5.974599037728012e-9,0.9371859431266785,6.168551891505558e-8,1,-1.6584939643848885e-8,-0.9371859431266785,6.359612569895035e-8,0.3488302230834961],"p":[-411.9129638671875,248.9215545654297,746.046630859375]},"j":false},{"t":0.32782721519470217,"c":{"r":[0.32226356863975527,5.274636194485538e-8,0.946649968624115,2.712277624716819e-10,1,-5.581130224641129e-8,-0.946649968624115,1.8242706900650775e-8,0.32226356863975527],"p":[-413.4188232421875,248.9215545654297,745.5095825195313]},"j":false},{"t":0.3983793258666992,"c":{"r":[0.3222649097442627,-2.3643570656872727e-8,0.9466495513916016,-8.834820164338453e-8,1,5.505215483481152e-8,-0.9466495513916016,-1.0137615902294783e-7,0.3222649097442627],"p":[-415.0294189453125,248.7607879638672,744.9657592773438]},"j":false},{"t":0.4632740020751953,"c":{"r":[0.4067365229129791,-1.8622200670392887e-8,0.9135454893112183,4.047931412287653e-8,1,2.361989270838194e-9,-0.9135454893112183,3.6018988680552869e-8,0.4067365229129791],"p":[-416.52716064453127,247.9195098876953,744.4063720703125]},"j":false},{"t":0.5305428504943848,"c":{"r":[0.564965546131134,-1.4334912812330458e-8,0.8251144886016846,4.904705974695389e-8,1,-1.6209856568139004e-8,-0.8251144886016846,4.9627452369804817e-8,0.564965546131134],"p":[-417.9606018066406,247.9837188720703,743.6990356445313]},"j":false},{"t":0.6019680500030518,"c":{"r":[0.7477970123291016,3.348803190306171e-8,0.6639273762702942,-8.917199778579743e-8,1,4.999721525678069e-8,-0.6639273762702942,-9.659149924345911e-8,0.7477970123291016],"p":[-419.2657165527344,247.99362182617188,742.618408203125]},"j":false},{"t":0.6710712909698486,"c":{"r":[0.7749432325363159,-6.313899181265015e-9,0.6320307850837708,1.0567342556555559e-8,1,-2.9669307011204184e-9,-0.6320307850837708,8.978088494870918e-9,0.7749432325363159],"p":[-420.2933654785156,247.99435424804688,741.392333984375]},"j":false},{"t":0.7414252758026123,"c":{"r":[0.8171442151069641,-2.866241466392694e-8,0.5764333009719849,5.592766427753304e-8,1,-2.9558584913047526e-8,-0.5764333009719849,5.639219580189092e-8,0.8171442151069641],"p":[-421.35107421875,247.99436950683595,740.061767578125]},"j":false},{"t":0.8093359470367432,"c":{"r":[0.8589593172073364,3.252712588164286e-8,0.5120438933372498,-6.443641353826024e-8,1,4.4568697177282959e-8,-0.5120438933372498,-7.127696477482459e-8,0.8589593172073364],"p":[-422.281982421875,247.99436950683595,738.6402587890625]},"j":false},{"t":0.8782491683959961,"c":{"r":[0.8796480894088745,6.494913051824369e-9,0.47562506794929507,-1.1058570059674367e-8,1,6.796818663445947e-9,-0.47562506794929507,-1.1238541652858203e-8,0.8796480894088745],"p":[-423.08221435546877,247.99436950683595,737.2548828125]},"j":false},{"t":0.9465703964233398,"c":{"r":[0.8894159197807312,-3.544849747072476e-8,0.45709875226020815,6.465771207331272e-8,1,-4.8258936402589828e-8,-0.45709875226020815,7.247722777492527e-8,0.8894159197807312],"p":[-423.876708984375,247.99436950683595,735.7518920898438]},"j":false},{"t":1.014970064163208,"c":{"r":[0.8925853967666626,2.0796841582182425e-8,0.45087841153144839,-3.833082473647664e-8,1,2.9756789032830967e-8,-0.45087841153144839,-4.384301632853749e-8,0.8925853967666626],"p":[-424.60028076171877,247.99436950683595,734.3251953125]},"j":false},{"t":1.0803139209747315,"c":{"r":[0.8987931609153748,2.6841274092248569e-8,0.4383729100227356,-4.8117097861677396e-8,1,3.7424857879386766e-8,-0.4383729100227356,-5.473043884762774e-8,0.8987931609153748],"p":[-425.2635498046875,247.99436950683595,732.9797973632813]},"j":false},{"t":1.144284963607788,"c":{"r":[0.9135451912879944,-4.445626089477628e-8,0.4067372679710388,7.64976491041125e-8,1,-6.251651996080909e-8,-0.4067372679710388,8.822610908509887e-8,0.9135451912879944],"p":[-426.0558776855469,247.99436950683595,731.6450805664063]},"j":false},{"t":1.2128880023956299,"c":{"r":[0.9372814297676086,-3.890597288780384e-10,0.34857359528541567,-5.793995838665467e-10,1,2.674098720234497e-9,-0.34857359528541567,-2.7083464360089239e-9,0.9372814297676086],"p":[-427.5198669433594,247.99436950683595,731.0231323242188]},"j":false},{"t":1.2811915874481202,"c":{"r":[0.9396923780441284,4.9831403003963717e-8,0.3420208990573883,-8.031381071305077e-8,1,7.496287679487068e-8,-0.3420208990573883,-9.791104105261184e-8,0.9396923780441284],"p":[-429.06207275390627,247.99436950683595,730.3080444335938]},"j":false},{"t":1.3424150943756104,"c":{"r":[0.9531905055046082,-1.2577249464129637e-8,0.30237048864364626,2.171469581924157e-8,1,-2.6857751578290846e-8,-0.30237048864364626,3.216643662540264e-8,0.9531905055046082],"p":[-430.31976318359377,247.99436950683595,729.6937255859375]},"j":false},{"t":1.409754753112793,"c":{"r":[0.9650161862373352,-2.172360957786168e-8,0.2621902525424957,3.071978937896347e-8,1,-3.021274253001138e-8,-0.2621902525424957,3.721021712976835e-8,0.9650161862373352],"p":[-431.81988525390627,247.99436950683595,728.8944702148438]},"j":false},{"t":1.4756991863250733,"c":{"r":[0.9795750975608826,3.330404751977767e-8,0.20107872784137727,-4.901454531136551e-8,1,7.315234284988037e-8,-0.20107872784137727,-8.151399555345052e-8,0.9795750975608826],"p":[-433.17926025390627,247.99436950683595,728.05126953125]},"j":false},{"t":1.5430779457092286,"c":{"r":[0.998440682888031,6.011397157834608e-9,0.055823154747486117,-5.933662006185614e-9,1,-1.5582664047997242e-9,-0.055823154747486117,1.2246007541349969e-9,0.998440682888031],"p":[-434.2497253417969,247.99436950683595,726.9900512695313]},"j":false},{"t":1.610077142715454,"c":{"r":[0.998440682888031,-3.3033135338200739e-8,0.05582315847277641,3.724470687416215e-8,1,-7.44045323131104e-8,-0.05582315847277641,7.636762688889576e-8,0.998440682888031],"p":[-434.3514709472656,247.99436950683595,725.3981323242188]},"j":false},{"t":1.6734788417816163,"c":{"r":[0.998440682888031,1.1755370898924867e-8,0.05582315847277641,-1.411999761558036e-8,1,4.196481739882074e-8,-0.05582315847277641,-4.268760278591799e-8,0.998440682888031],"p":[-434.43524169921877,247.99436950683595,723.9003295898438]},"j":false},{"t":1.740450382232666,"c":{"r":[0.998440682888031,1.7916779171400777e-8,0.05582315847277641,-2.064316007022171e-8,1,4.8262961627187909e-8,-0.05582315847277641,-4.934006980761296e-8,0.998440682888031],"p":[-434.52459716796877,247.99436950683595,722.3026733398438]},"j":false},{"t":1.8110406398773194,"c":{"r":[0.998440682888031,-3.208774401741721e-8,0.05582315847277641,3.801856252039215e-8,1,-1.0518095194811394e-7,-0.05582315847277641,1.0713925746586028e-7,0.998440682888031],"p":[-434.6195373535156,247.99436950683595,720.6051635742188]},"j":false},{"t":1.8710856437683106,"c":{"r":[0.9975639581680298,-1.0803425931626976e-9,0.06975746154785156,1.0887295509576234e-9,1,-8.220959329952038e-11,-0.06975746154785156,1.57956342450305e-10,0.9975639581680298],"p":[-434.69976806640627,247.99436950683595,719.2073364257813]},"j":false},{"t":1.939136028289795,"c":{"r":[0.9975639581680298,2.6441965061962948e-8,0.06975746154785156,-3.303051343550578e-8,1,9.329588834816605e-8,-0.06975746154785156,-9.537274792137396e-8,0.9975639581680298],"p":[-434.8183898925781,247.99436950683595,717.5119018554688]},"j":false},{"t":2.0023112297058107,"c":{"r":[0.9975639581680298,-1.2037662422414997e-8,0.06975746154785156,1.5218674320749416e-8,1,-4.5069572962574969e-8,-0.06975746154785156,4.602140180054448e-8,0.9975639581680298],"p":[-434.923095703125,247.9706268310547,716.0167846679688]},"j":false},{"t":2.0709874629974367,"c":{"r":[0.9964928030967712,-1.0745927703226244e-8,0.08367859572172165,1.3960698375115044e-8,1,-3.783294744152954e-8,-0.08367859572172165,3.886847110834424e-8,0.9964928030967712],"p":[-435.0439758300781,247.62733459472657,714.4525146484375]},"j":false},{"t":2.1355109214782717,"c":{"r":[0.9964928030967712,2.1117898540978787e-8,0.08367862552404404,-2.866705628434829e-8,1,8.901455572640771e-8,-0.08367862552404404,-9.110117815680496e-8,0.9964928030967712],"p":[-435.1738586425781,247.24053955078126,712.9056396484375]},"j":false},{"t":2.206294059753418,"c":{"r":[0.9929654002189636,-3.750371124766616e-9,0.11840497702360153,5.428133942331215e-9,1,-1.3847204272110503e-8,-0.11840497702360153,1.439251295920485e-8,0.9929654002189636],"p":[-435.31146240234377,246.5639190673828,711.4512939453125]},"j":false},{"t":2.222036600112915,"c":{"r":[0.9929653406143189,-7.820141867398434e-9,0.11840531975030899,1.1669933464020233e-8,1,-3.182034191695493e-8,-0.11840531975030899,3.297827788628638e-8,0.9929653406143189],"p":[-435.32684326171877,246.42361450195313,711.3201904296875]},"j":true},{"t":2.231088161468506,"c":{"r":[0.9929653406143189,-1.3921545694017823e-8,0.11840519309043884,2.1027627639114145e-8,1,-5.876565722928717e-8,-0.11840519309043884,6.084204073886213e-8,0.9929653406143189],"p":[-435.35009765625,247.08460998535157,711.1237182617188]},"j":true},{"t":2.240339517593384,"c":{"r":[0.9921458959579468,-1.7634869564631118e-8,0.12508626282215119,2.744041438518252e-8,1,-7.666728407684787e-8,-0.12508626282215119,7.949755342906428e-8,0.9921458959579468],"p":[-435.366455078125,247.51052856445313,710.9854125976563]},"j":true},{"t":2.2723169326782228,"c":{"r":[0.9921153783798218,-3.305595797087335e-8,0.125327929854393,5.105202305344392e-8,1,-1.4038003826044588e-7,-0.125327929854393,1.4567145001365135e-7,0.9921153783798218],"p":[-435.4576110839844,249.25852966308595,710.2412719726563]},"j":false},{"t":2.3388967514038088,"c":{"r":[0.9921146035194397,-6.6213643457047059e-9,0.12533390522003175,9.93051418873847e-9,1,-2.5777891821121558e-8,-0.12533390522003175,2.6819252596510524e-8,0.9921146035194397],"p":[-435.6446228027344,251.55873107910157,708.7604370117188]},"j":false},{"t":2.4020864963531496,"c":{"r":[0.9921146035194397,2.1481161738279299e-8,0.12533392012119294,-3.3787163289389358e-8,1,9.605999906625584e-8,-0.12533392012119294,-9.953720336852712e-8,0.9921146035194397],"p":[-435.8453063964844,253.16754150390626,707.1735229492188]},"j":false},{"t":2.4638612270355226,"c":{"r":[0.9921146035194397,2.1082332324340315e-8,0.12533392012119294,-3.294201889048054e-8,1,9.25521703720733e-8,-0.12533392012119294,-9.595111549742797e-8,0.9921146035194397],"p":[-436.033447265625,253.88385009765626,705.685791015625]},"j":false},{"t":2.530771255493164,"c":{"r":[0.9921146035194397,-1.1783352960037519e-8,0.12533393502235413,1.869774202134522e-8,1,-5.399136071559951e-8,-0.12533393502235413,5.5909080032279238e-8,0.9921146035194397],"p":[-436.234130859375,253.8031463623047,704.098876953125]},"j":false},{"t":2.594665288925171,"c":{"r":[0.9921146035194397,-2.4232495121623289e-8,0.12533392012119294,3.817874016931455e-8,1,-1.0887069379350578e-7,-0.12533392012119294,1.127973021652906e-7,0.9921146035194397],"p":[-436.4222717285156,252.935546875,702.6111450195313]},"j":false},{"t":2.6555347442626955,"c":{"r":[0.9921146035194397,-1.7915921524114254e-10,0.12533392012119294,1.4721064645062399e-10,1,2.64169408570325e-10,-0.12533392012119294,-2.4363583372988275e-10,0.9921146035194397],"p":[-436.61041259765627,251.30154418945313,701.1234130859375]},"j":false},{"t":2.7207813262939455,"c":{"r":[0.9921146035194397,2.53929002269615e-8,0.12533389031887055,-4.028558109325786e-8,1,1.1628949181385906e-7,-0.12533389031887055,-1.2042166019909929e-7,0.9921146035194397],"p":[-436.81109619140627,249.13768005371095,699.5364990234375]},"j":false},{"t":2.7838356494903566,"c":{"r":[0.9921146035194397,-3.175743890082572e-9,0.12533389031887055,5.132875013913463e-9,1,-1.529240378772556e-8,-0.12533389031887055,1.581513942028323e-8,0.9921146035194397],"p":[-436.9527587890625,249.7254180908203,698.4150390625]},"j":false},{"t":2.849249839782715,"c":{"r":[0.9929654002189636,-1.3614188887345336e-8,0.1184050440788269,2.1155305063302877e-8,1,-6.243227801405738e-8,-0.1184050440788269,6.449798917174121e-8,0.9929654002189636],"p":[-437.10107421875,251.0027313232422,697.2412109375]},"j":false},{"t":2.9162158966064455,"c":{"r":[0.9964928030967712,1.3116626895737227e-8,0.08367875218391419,-1.843953079117e-8,1,6.283831766040748e-8,-0.08367875218391419,-6.416092901417869e-8,0.9964928030967712],"p":[-437.1934509277344,252.1520233154297,696.4036865234375]},"j":false},{"t":2.981840133666992,"c":{"r":[0.9997807145118713,1.0173485165410057e-8,-0.02094072662293911,-9.546228696422077e-9,1,3.005388293786382e-8,0.02094072662293911,-2.984738500799722e-8,0.9997807145118713],"p":[-437.2376403808594,253.1479034423828,695.8692626953125]},"j":false},{"t":3.0485758781433107,"c":{"r":[0.9631630778312683,-3.106022106180717e-8,-0.26891809701919558,5.630771848785798e-9,1,-9.533337674838549e-8,0.26891809701919558,9.03073740232685e-8,0.9631630778312683],"p":[-437.1033935546875,253.76596069335938,694.4193725585938]},"j":false},{"t":3.1115336418151857,"c":{"r":[0.9466496706008911,1.1323598059220786e-8,-0.32226455211639407,-5.941598324454844e-9,1,1.7684186559563387e-8,0.32226455211639407,-1.4825962679765326e-8,0.9466496706008911],"p":[-436.90045166015627,254.7379150390625,693.6259765625]},"j":false},{"t":3.182692527770996,"c":{"r":[0.8480485677719116,5.25008303497998e-8,-0.5299185514450073,-4.828760058472881e-9,1,9.134575407188095e-8,0.5299185514450073,-7.490677944588242e-8,0.8480485677719116],"p":[-436.8350830078125,255.23960876464845,693.4218139648438]},"j":false},{"t":3.3705945014953615,"c":{"r":[0.38751617074012759,7.592414874579845e-8,-0.9218629002571106,9.220882724036983e-9,1,8.623558755971317e-8,0.9218629002571106,-4.1918074344948766e-8,0.38751617074012759],"p":[-436.8350830078125,255.29603576660157,693.4218139648438]},"j":false},{"t":3.436030149459839,"c":{"r":[0.1529880166053772,6.372441685442709e-9,-0.9882280230522156,-1.887065792516296e-8,1,3.5269767106882456e-9,0.9882280230522156,1.81089276907187e-8,0.1529880166053772],"p":[-436.8350830078125,255.39730834960938,693.4218139648438]},"j":false},{"t":3.5018181800842287,"c":{"r":[0.07672108709812164,-6.10314501159337e-8,-0.9970526099205017,-3.407385307241384e-8,1,-6.383378092778003e-8,0.9970526099205017,3.8870819452085928e-8,0.07672108709812164],"p":[-436.7102355957031,255.58607482910157,693.4115600585938]},"j":false},{"t":3.52557373046875,"c":{"r":[0.06279163807630539,-3.7379777495516467e-8,-0.9980266690254211,-1.4173766160752166e-8,1,-3.834544060055123e-8,0.9980266690254211,1.6553569182065077e-8,0.06279163807630539],"p":[-436.46038818359377,255.67271423339845,693.392822265625]},"j":true},{"t":3.5348236560821535,"c":{"r":[0.048850059509277347,-1.9479477586514805e-8,-0.9988061189651489,1.0054160837214e-9,1,-1.9453587185580546e-8,0.9988061189651489,-5.3906826918970199e-11,0.048850059509277347],"p":[-436.2354431152344,256.326904296875,693.3770751953125]},"j":true},{"t":3.5456173419952394,"c":{"r":[0.03540102392435074,-7.347377817268352e-9,-0.999373197555542,1.158152862501538e-8,1,-6.9417311898689608e-9,0.999373197555542,-1.1328524784914862e-8,0.03540102392435074],"p":[-436.07806396484377,256.7460021972656,693.3666381835938]},"j":true},{"t":3.5641942024230959,"c":{"r":[-0.004507164936512709,2.59131169855209e-8,-0.9999898672103882,4.8547924791364497e-8,1,2.569456469814213e-8,0.9999898672103882,-4.843162315637528e-8,-0.004507164936512709],"p":[-435.6413879394531,257.7341613769531,693.344482421875]},"j":false},{"t":3.626674175262451,"c":{"r":[-0.11080997437238693,5.622219845236032e-8,-0.9938415884971619,1.4559545036263445e-7,1,4.033718070672876e-8,0.9938415884971619,-1.4022906213995157e-7,-0.11080997437238693],"p":[-434.1556091308594,260.1876220703125,693.4186401367188]},"j":false},{"t":3.686845541000366,"c":{"r":[-0.11840242147445679,-3.08522771774733e-8,-0.9929656982421875,1.5069435477244043e-8,1,-3.286773875288418e-8,0.9929656982421875,-1.8855052630328829e-8,-0.11840242147445679],"p":[-432.5664367675781,261.9599304199219,693.6051025390625]},"j":false},{"t":3.7492947578430177,"c":{"r":[-0.11840298771858216,-1.0750905943268663e-7,-0.9929656386375427,-9.777117071507746e-8,1,-9.661226840762538e-8,0.9929656386375427,8.564423126244947e-8,-0.11840298771858216],"p":[-431.1761779785156,262.7953796386719,693.7708740234375]},"j":false},{"t":3.8166823387145998,"c":{"r":[-0.11840161681175232,-2.5630541244936468e-8,-0.992965817451477,-4.5412114957343877e-8,1,-2.039715063517633e-8,0.992965817451477,4.267761966048056e-8,-0.11840161681175232],"p":[-429.5873107910156,262.93267822265627,693.9603271484375]},"j":false},{"t":3.8843486309051515,"c":{"r":[-0.1322323977947235,1.0368877667588095e-7,-0.9912187457084656,5.888975351808767e-8,1,9.67512434613127e-8,0.9912187457084656,-4.5578978813409779e-8,-0.1322323977947235],"p":[-427.9003601074219,262.12310791015627,694.1705322265625]},"j":false},{"t":3.9531948566436769,"c":{"r":[-0.04884939268231392,-1.5372657813372826e-8,-0.9988061785697937,1.6602822228151127e-8,1,-1.6203038910589386e-8,0.9988061785697937,-1.7374508942680224e-8,-0.04884939268231392],"p":[-426.3905029296875,261.9171142578125,694.3615112304688]},"j":false},{"t":4.0183446407318119,"c":{"r":[0.49394330382347109,1.3521375130665092e-8,-0.8694940805435181,-1.814005834432919e-8,1,5.245825551725147e-9,0.8694940805435181,1.3181534086470493e-8,0.49394330382347109],"p":[-425.83465576171877,260.78662109375,694.3828735351563]},"j":false},{"t":4.080647706985474,"c":{"r":[0.5180283188819885,-4.531123920514801e-8,-0.8553634881973267,4.4303529733724648e-8,1,-2.6141817599523166e-8,0.8553634881973267,-2.435342061346546e-8,0.5180283188819885],"p":[-425.3267517089844,261.0752868652344,694.07763671875]},"j":false},{"t":4.1414103507995609,"c":{"r":[0.5180279016494751,-5.0619128444395758e-8,-0.8553637266159058,4.406629372510906e-8,1,-3.249092728196956e-8,0.8553637266159058,-2.0861500971136594e-8,0.5180279016494751],"p":[-424.3585510253906,261.03802490234377,693.4912109375]},"j":false},{"t":4.189787149429321,"c":{"r":[0.5180274248123169,2.716783598089023e-8,-0.8553640246391296,-2.9160553083329434e-8,1,1.4101446232928084e-8,0.8553640246391296,1.7637951543747478e-8,0.5180274248123169],"p":[-423.642333984375,260.9040832519531,693.0575561523438]},"j":true},{"t":4.198577404022217,"c":{"r":[0.5180276036262512,4.270530951089313e-8,-0.8553639054298401,-4.3787164116793068e-8,1,2.3407990212831465e-8,0.8553639054298401,2.5327974384481423e-8,0.5180276036262512],"p":[-423.47625732421877,261.3470153808594,692.9569702148438]},"j":true},{"t":4.201998949050903,"c":{"r":[0.5180271863937378,6.599906754445328e-8,-0.8553641438484192,-6.571536914634635e-8,1,3.736036902068918e-8,0.8553641438484192,3.685688199084325e-8,0.5180271863937378],"p":[-423.2271423339844,261.9909973144531,692.8060913085938]},"j":false},{"t":4.219012498855591,"c":{"r":[0.5180274844169617,8.151997832328562e-8,-0.8553639650344849,-8.032637310861901e-8,1,4.665698938310925e-8,0.8553639650344849,4.453868029941077e-8,0.5180274844169617],"p":[-423.057373046875,262.4032897949219,692.7033081054688]},"j":true},{"t":4.269840478897095,"c":{"r":[0.5120474100112915,9.549522417273693e-8,-0.8589571714401245,-9.119820987280036e-8,1,5.6810069537505117e-8,0.8589571714401245,4.9245908684270037e-8,0.5120474100112915],"p":[-421.85699462890627,264.9078063964844,691.9832153320313]},"j":false},{"t":4.336929798126221,"c":{"r":[0.5120447278022766,-3.0833561481813379e-8,-0.8589587807655335,3.376582569103448e-8,1,-1.576786878842995e-8,0.8589587807655335,-2.0929597610575e-8,0.5120447278022766],"p":[-420.48248291015627,266.9526062011719,691.1638793945313]},"j":false},{"t":4.402092456817627,"c":{"r":[0.5120446085929871,-1.2570271223921737e-7,-0.8589588403701782,1.2704342111646839e-7,1,-7.060968698624493e-8,0.8589588403701782,-7.296976178849946e-8,0.5120446085929871],"p":[-419.10797119140627,268.1253967285156,690.3445434570313]},"j":false},{"t":4.467044115066528,"c":{"r":[0.5120447278022766,-3.4206772969724854e-9,-0.8589587807655335,1.5562344746200552e-9,1,-3.0546467577607929e-9,0.8589587807655335,2.273744525993493e-10,0.5120447278022766],"p":[-417.7655029296875,268.7403259277344,689.5443115234375]},"j":false},{"t":4.529249429702759,"c":{"r":[0.5118343234062195,-0.0012398288818076254,-0.8590832948684692,0.0006525336066260934,0.9999992251396179,-0.0010544249089434744,0.8590839505195618,-0.00002088985638692975,0.5118347406387329],"p":[-417.8184814453125,269.7579650878906,689.4034423828125]},"j":false},{"t":4.592726230621338,"c":{"r":[0.5120446085929871,0.00003166859096381813,-0.858958899974823,-0.000016762565792305396,1,0.000026876034098677338,0.858958899974823,6.366273055391503e-7,0.5120446085929871],"p":[-417.7231140136719,270.65472412109377,689.3463134765625]},"j":false},{"t":4.657268285751343,"c":{"r":[0.5120446085929871,-3.685476031023427e-7,-0.8589588403701782,1.9562911290904595e-7,1,-3.124442855551024e-7,0.8589588403701782,-8.051950217691229e-9,0.5120446085929871],"p":[-417.165283203125,270.91754150390627,689.0133666992188]},"j":false},{"t":4.721753358840942,"c":{"r":[0.506034255027771,-6.512139094638769e-8,-0.8625133633613586,3.5443179058347599e-8,1,-5.470747765912165e-8,0.8625133633613586,-2.8863569312420624e-9,0.506034255027771],"p":[-416.3003234863281,271.1782531738281,688.497802734375]},"j":false},{"t":5.1120452880859379,"c":{"r":[0.2419235110282898,-6.032943389300272e-8,-0.9702953100204468,1.231668456114221e-8,1,-5.910544231824133e-8,0.9702953100204468,2.348175431876598e-9,0.2419235110282898],"p":[-416.0735778808594,271.14697265625,688.440673828125]},"j":true},{"t":5.121647119522095,"c":{"r":[0.2419235110282898,-7.50650670511277e-8,-0.9702953100204468,1.578084152242809e-8,1,-7.342848107327882e-8,0.9702953100204468,2.4520001584704689e-9,0.2419235110282898],"p":[-415.9034729003906,271.8079833984375,688.398193359375]},"j":true},{"t":5.129444122314453,"c":{"r":[0.2419234961271286,-8.48835739475362e-8,-0.9702953100204468,1.8089043152258456e-8,1,-8.297207187979439e-8,0.9702953100204468,2.5211797094470968e-9,0.2419234961271286],"p":[-415.7828369140625,272.23388671875,688.3680419921875]},"j":true},{"t":5.158296585083008,"c":{"r":[0.2419234812259674,-1.2411567240633304e-7,-0.9702953100204468,2.7311985562050724e-8,1,-1.211056712691061e-7,0.9702953100204468,2.7976114758132555e-9,0.2419234812259674],"p":[-415.203857421875,273.8013000488281,688.2234497070313]},"j":false},{"t":5.220241069793701,"c":{"r":[0.24192214012145997,-1.2758130196743878e-7,-0.9702956676483154,2.8774438831646877e-8,1,-1.2431274853952346e-7,0.9702956676483154,2.154293632372628e-9,0.24192214012145997],"p":[-413.7962341308594,276.152587890625,687.87255859375]},"j":false},{"t":5.281586647033691,"c":{"r":[0.2882292568683624,6.041013733693035e-8,-0.9575614333152771,-8.707798926366195e-9,1,6.046640521617519e-8,0.9575614333152771,-9.089934138728495e-9,0.2882292568683624],"p":[-412.344970703125,277.73748779296877,687.4942626953125]},"j":false},{"t":5.346986770629883,"c":{"r":[0.34820041060447695,9.099660758238315e-8,-0.937420129776001,2.8657421324851385e-8,1,1.0771599079362204e-7,0.937420129776001,-6.43707949166128e-8,0.34820041060447695],"p":[-410.8262023925781,278.5832824707031,686.992431640625]},"j":false},{"t":5.410642862319946,"c":{"r":[0.34857288002967837,-3.6524250290881357e-10,-0.9372816681861877,1.1444340231037131e-7,1,4.217155336050382e-8,0.9372816681861877,-1.2196557008792298e-7,0.34857288002967837],"p":[-409.42034912109377,278.5842590332031,686.4697265625]},"j":false},{"t":5.478091239929199,"c":{"r":[0.34857243299484255,-5.0500357673399779e-8,-0.9372818470001221,1.0214873213953979e-7,1,-1.5890766036363858e-8,0.9372818470001221,-9.020307345508627e-8,0.34857243299484255],"p":[-407.92083740234377,277.7405700683594,685.912109375]},"j":false},{"t":5.544388294219971,"c":{"r":[0.3485724925994873,-2.2337085070489594e-8,-0.9372818470001221,-8.232625248183467e-8,1,-5.444867312576207e-8,0.9372818470001221,9.614220886078329e-8,0.3485724925994873],"p":[-406.42132568359377,276.0248718261719,685.3544921875]},"j":false},{"t":5.610203742980957,"c":{"r":[0.3485724925994873,1.0622733803700158e-8,-0.9372818470001221,-8.013413577145912e-8,1,-1.8468107043645433e-8,0.9372818470001221,8.154574260288428e-8,0.3485724925994873],"p":[-405.1031799316406,273.43719482421877,684.8643188476563]},"j":false},{"t":5.6766886711120609,"c":{"r":[0.34857216477394106,4.569017519884255e-8,-0.9372819662094116,6.4687948331254578e-9,1,5.11532469715803e-8,0.9372819662094116,-2.389368169986028e-8,0.34857216477394106],"p":[-404.6076965332031,270.9982604980469,684.6800537109375]},"j":false},{"t":5.744252443313599,"c":{"r":[0.2890331745147705,-7.864959883363554e-8,-0.9573190808296204,-4.232951411609065e-8,1,-9.493619756995031e-8,0.9573190808296204,6.796256002417067e-8,0.2890331745147705],"p":[-403.8957214355469,271.4649658203125,684.4376831054688]},"j":false},{"t":5.744252443313599,"c":{"r":[0.2890331745147705,-7.864959883363554e-8,-0.9573190808296204,-4.232951411609065e-8,1,-9.493619756995031e-8,0.9573190808296204,6.796256002417067e-8,0.2890331745147705],"p":[-403.8957214355469,271.4649658203125,684.4376831054688]},"j":true},{"t":5.757966756820679,"c":{"r":[0.2621901333332062,-9.555766666835552e-8,-0.96501624584198,-5.490651133754909e-8,1,-1.1393964882699947e-7,0.96501624584198,8.285952901587734e-8,0.2621901333332062],"p":[-403.7590026855469,271.9045104980469,684.3948364257813]},"j":true},{"t":5.7661521434783939,"c":{"r":[0.24917635321617127,-1.1175072245350748e-7,-0.9684581160545349,-6.739527691479452e-8,1,-1.3273060517349223e-7,0.9684581160545349,9.834283076770589e-8,0.24917635321617127],"p":[-403.6149597167969,272.3304138183594,684.3507690429688]},"j":true},{"t":5.8043413162231449,"c":{"r":[0.20849767327308656,-6.123275397840189e-8,-0.9780228734016419,-3.156500127943218e-8,1,-6.933782970008906e-8,0.9780228734016419,4.532806840984449e-8,0.20849767327308656],"p":[-402.74761962890627,274.255615234375,684.1233520507813]},"j":false},{"t":5.852559804916382,"c":{"r":[0.23608948290348054,1.2097234503016808e-7,-0.9717313051223755,0.0000072651528171263639,1,0.0000018896154188041692,0.9717313051223755,-0.000007505894700443605,0.23608948290348054],"p":[-401.70001220703127,275.9798889160156,683.8563232421875]},"j":true},{"t":5.865045785903931,"c":{"r":[0.263294517993927,3.227263505323208e-7,-0.9647154808044434,0.00001355406129732728,1,0.000004033765435451642,0.9647154808044434,-0.000014137881407805253,0.263294517993927],"p":[-401.35504150390627,276.5047302246094,683.7056274414063]},"j":false},{"t":5.932421684265137,"c":{"r":[0.206192284822464,0.0000020771101389982506,-0.9785115122795105,0.000016462901839986445,1,0.000005591793069470441,0.9785115122795105,-0.00001726212394714821,0.206192284822464],"p":[-400.1940612792969,278.05902099609377,682.7710571289063]},"j":false},{"t":5.998061418533325,"c":{"r":[0.2455991953611374,0.0000028760719033016359,-0.9693714380264282,0.000026262994651915507,1,0.000009620916898711585,0.9693714380264282,-0.00002782148658297956,0.2455991953611374],"p":[-399.4911804199219,278.7413024902344,681.4570922851563]},"j":false},{"t":6.060845136642456,"c":{"r":[0.24560905992984773,0.000003054040007555159,-0.9693689346313477,0.000026260879167239183,1,0.000009804264664126095,0.9693689346313477,-0.000027864498406415806,0.24560905992984773],"p":[-399.389892578125,278.5890197753906,680.0780029296875]},"j":false},{"t":6.127593994140625,"c":{"r":[0.1533937007188797,-6.981967430874647e-7,-0.9881651401519775,-0.0000034593456348375186,1,-0.0000012435558573997696,0.9881651401519775,0.000003609158511608257,0.1533937007188797],"p":[-399.6319580078125,277.5818176269531,678.69921875]},"j":false},{"t":6.194829940795898,"c":{"r":[0.07672064751386643,-8.689337582801215e-10,-0.9970526099205017,-1.5160880550979529e-8,1,-2.0380934717678658e-9,0.9970526099205017,1.527256010547262e-8,0.07672064751386643],"p":[-399.5892639160156,276.85833740234377,679.3472290039063]},"j":false},{"t":6.260952949523926,"c":{"r":[0.06279072165489197,9.841581771752317e-9,-0.9980267286300659,7.141539271060538e-8,1,1.435413121697593e-8,0.9980267286300659,-7.217578001927905e-8,0.06279072165489197],"p":[-399.4662170410156,276.8832702636719,680.6984252929688]},"j":false},{"t":6.3278443813323979,"c":{"r":[0.06279072165489197,-1.007648964268526e-9,-0.9980267286300659,9.531182065813937e-9,1,-4.0998821004833987e-10,0.9980267286300659,-9.486631036281779e-9,0.06279072165489197],"p":[-399.45098876953127,276.9383239746094,680.8662109375]},"j":false},{"t":6.464879512786865,"c":{"r":[0.027923235669732095,3.626624001107359e-10,-0.9996100664138794,5.608771225240616e-9,1,5.194800145602585e-10,0.9996100664138794,-5.621089815832647e-9,0.027923235669732095],"p":[-399.4289855957031,277.37493896484377,681.21630859375]},"j":true},{"t":6.464879512786865,"c":{"r":[0.027923235669732095,3.626624001107359e-10,-0.9996100664138794,5.608771225240616e-9,1,5.194800145602585e-10,0.9996100664138794,-5.621089815832647e-9,0.027923235669732095],"p":[-399.4289855957031,277.37493896484377,681.21630859375]},"j":true},{"t":6.5190348625183109,"c":{"r":[0.048849862068891528,-4.536155007173193e-9,-0.9988061189651489,-2.144202859710731e-8,1,-5.590269136490633e-9,0.9988061189651489,2.168951418468623e-8,0.048849862068891528],"p":[-399.4363098144531,276.9353942871094,681.099609375]},"j":true},{"t":6.52258038520813,"c":{"r":[0.027923235669732095,3.626624001107359e-10,-0.9996100664138794,5.608771225240616e-9,1,5.194800145602585e-10,0.9996100664138794,-5.621089815832647e-9,0.027923235669732095],"p":[-399.4289855957031,277.37493896484377,681.21630859375]},"j":false},{"t":6.537554502487183,"c":{"r":[-0.04163084551692009,6.831413656982477e-7,-0.9991330504417419,0.0000030511876047967236,1,5.566003551393806e-7,0.9991330504417419,-0.000003025370688192197,-0.04163084551692009],"p":[-399.4184265136719,278.0086975097656,681.4061889648438]},"j":true},{"t":6.583871364593506,"c":{"r":[-0.05422192066907883,0.000003735465952559025,-0.9985288977622986,0.000027632328055915424,1,0.0000022404840365197744,0.9985288977622986,-0.000027470194254419768,-0.05422192066907883],"p":[-399.38909912109377,280.2371826171875,682.388427734375]},"j":false},{"t":6.639098167419434,"c":{"r":[-0.12217443436384201,0.000005317612249200465,-0.9925086498260498,0.000028004315026919359,1,0.00000191051367437467,0.9925086498260498,-0.000027561107344808989,-0.12217443436384201],"p":[-399.42779541015627,281.97515869140627,683.583251953125]},"j":true},{"t":6.654217004776001,"c":{"r":[-0.12217456102371216,0.000005342270014807582,-0.9925086498260498,0.000027950900403084235,1,0.0000019419289856159596,0.9925086498260498,-0.000027504254831001164,-0.12217456102371216],"p":[-399.4559326171875,282.5545349121094,684.0823364257813]},"j":false},{"t":6.7182936668396,"c":{"r":[-0.15516725182533265,0.0000062464482653012969,-0.9878882169723511,0.000027963335014646874,1,0.0000019308401988382686,0.9878882169723511,-0.00002732504617597442,-0.15516725182533265],"p":[-399.54632568359377,283.8363342285156,685.679443359375]},"j":false},{"t":6.783673524856567,"c":{"r":[-0.15516726672649384,0.000006248733370739501,-0.9878882169723511,0.000027963362299487927,1,0.000001933148496391368,0.9878882169723511,-0.000027324715119902977,-0.15516726672649384],"p":[-399.6367492675781,284.2461242675781,687.2764892578125]},"j":false},{"t":6.846031188964844,"c":{"r":[-0.05610974505543709,-0.000001041355403685884,-0.9984245896339417,-0.0000054372494560084309,1,-7.374345045718655e-7,0.9984245896339417,0.000005387306373449974,-0.05610974505543709],"p":[-399.6788024902344,283.7405700683594,688.0270385742188]},"j":false},{"t":6.914146900177002,"c":{"r":[-0.05581899359822273,2.976483060024293e-9,-0.9984409213066101,-5.1097821085477338e-8,1,5.837813787934465e-9,0.9984409213066101,5.1344013485277176e-8,-0.05581899359822273],"p":[-399.67889404296877,282.3425598144531,688.0288696289063]},"j":false},{"t":6.982898473739624,"c":{"r":[0.02792351134121418,-4.3072208910643897e-8,-0.9996100664138794,-9.323300531605128e-8,1,-4.56934188264313e-8,0.9996100664138794,9.447256843486685e-8,0.02792351134121418],"p":[-399.67889404296877,282.5300598144531,688.0288696289063]},"j":false},{"t":7.053094148635864,"c":{"r":[0.05582384020090103,-8.800927986385432e-8,-0.9984406232833862,-9.404546119640145e-8,1,-9.340490692011372e-8,0.9984406232833862,9.911303067156041e-8,0.05582384020090103],"p":[-399.71759033203127,282.7824401855469,687.3368530273438]},"j":false},{"t":7.115079164505005,"c":{"r":[-0.17364661395549775,-7.039242078121788e-9,-0.9848080277442932,-1.0511563175441552e-7,1,1.1386718234973614e-8,0.9848080277442932,1.054959852808679e-7,-0.17364661395549775],"p":[-399.0782775878906,282.375,686.0868530273438]},"j":true},{"t":7.1220481395721439,"c":{"r":[-0.15298575162887574,-3.597147468781259e-9,-0.9882283806800842,-7.560062442735216e-8,1,8.063592460416658e-9,0.9882283806800842,7.59442997377846e-8,-0.15298575162887574],"p":[-398.8911437988281,282.81793212890627,686.1253051757813]},"j":true},{"t":7.130649566650391,"c":{"r":[-0.15298572182655335,-2.3663055959133318e-9,-0.9882283806800842,-4.6098222128421187e-8,1,4.741883774528333e-9,0.9882283806800842,4.628101279990915e-8,-0.15298572182655335],"p":[-398.697998046875,283.25067138671877,686.1592407226563]},"j":true},{"t":7.148771286010742,"c":{"r":[-0.10603626072406769,4.437557432623862e-9,-0.9943622350692749,3.597025610702076e-8,1,6.269403884928693e-10,0.9943622350692749,-3.570098527916343e-8,-0.10603626072406769],"p":[-398.2041931152344,284.27288818359377,686.2332153320313]},"j":false},{"t":7.213566541671753,"c":{"r":[-0.09063553065061569,1.9444884813424325e-8,-0.995884120464325,1.4713286589085329e-7,1,6.134667884793998e-9,0.995884120464325,-1.4597127062643268e-7,-0.09063553065061569],"p":[-396.61175537109377,286.9716796875,686.3871459960938]},"j":false},{"t":7.277098894119263,"c":{"r":[-0.05711816996335983,1.8902538201359677e-8,-0.998367428779602,1.5615265169799387e-7,1,9.999708616703629e-9,0.998367428779602,-1.5532656050254446e-7,-0.05711816996335983],"p":[-395.11749267578127,288.7098388671875,686.516357421875]},"j":false},{"t":7.3393025398254398,"c":{"r":[-0.04884984344244003,4.8586277223705569e-9,-0.9988061189651489,-2.236600415983503e-8,1,5.9583169509380699e-9,0.9988061189651489,2.2630365137388254e-8,-0.04884984344244003],"p":[-393.61932373046877,289.6816101074219,686.5916137695313]},"j":false},{"t":7.40415620803833,"c":{"r":[-0.04884934425354004,-4.851115509296733e-9,-0.9988061785697937,-1.208029800636723e-7,1,1.0512865022960228e-9,0.9988061785697937,1.2071012633896317e-7,-0.04884934425354004],"p":[-392.02117919921877,289.8734130859375,686.6697387695313]},"j":false},{"t":7.470596551895142,"c":{"r":[-0.008810729719698429,-2.8499613780041956e-9,-0.9999611973762512,-1.2534862925406287e-8,1,-2.7396263035939229e-9,0.9999611973762512,1.2510238178720101e-8,-0.008810729719698429],"p":[-390.42266845703127,289.1932067871094,686.7396240234375]},"j":false},{"t":7.54035210609436,"c":{"r":[0.11677032709121704,1.530183091347226e-8,-0.9931589365005493,1.5731630753634818e-7,1,3.390364256006251e-8,0.9931589365005493,-1.6019903625874577e-7,0.11677032709121704],"p":[-388.8257751464844,287.6410217285156,686.6703491210938]},"j":false},{"t":7.606449365615845,"c":{"r":[0.12533345818519593,1.0810099482227998e-8,-0.9921146631240845,3.386352886991517e-8,1,1.5173984735383784e-8,0.9921146631240845,-3.549831006921522e-8,0.12533345818519593],"p":[-387.23797607421877,286.8601379394531,686.4736328125]},"j":false},{"t":7.673145294189453,"c":{"r":[0.14608418941497804,8.12370881675406e-9,-0.9892721772193909,-8.69083010002214e-8,1,-4.621801608095666e-9,0.9892721772193909,8.665113426786775e-8,0.14608418941497804],"p":[-385.6524963378906,286.123779296875,686.2593383789063]},"j":false},{"t":7.733466148376465,"c":{"r":[0.14608418941497804,-3.590648889328918e-9,-0.9892721772193909,-8.954373242886504e-9,1,-4.951864251978577e-9,0.9892721772193909,9.58170165432648e-9,0.14608418941497804],"p":[-384.1686096191406,286.168701171875,686.04052734375]},"j":false},{"t":7.794184684753418,"c":{"r":[0.14608418941497804,-1.5159001165443443e-8,-0.9892721772193909,1.0973008812698026e-7,1,8.802731876755843e-10,0.9892721772193909,-1.0868151179010965e-7,0.14608418941497804],"p":[-382.7835693359375,286.1742858886719,685.8363037109375]},"j":false},{"t":7.85560154914856,"c":{"r":[0.12533576786518098,6.440616928671261e-9,-0.9921143651008606,-2.0305137127252239e-8,1,3.926620806282699e-9,0.9921143651008606,1.965287310667918e-8,0.12533576786518098],"p":[-381.2994079589844,286.1789855957031,685.6184692382813]},"j":false},{"t":7.925771713256836,"c":{"r":[0.01396207045763731,8.102609250215665e-9,-0.9999025464057922,-6.114400719070545e-8,1,7.2496191272364289e-9,0.9999025464057922,6.10368289244434e-8,0.01396207045763731],"p":[-379.6198425292969,286.31036376953127,685.4752197265625]},"j":false},{"t":7.99006724357605,"c":{"r":[0.013962785713374615,-9.667211919861529e-9,-0.9999024868011475,8.197888234917628e-8,1,-8.523389105619117e-9,0.9999024868011475,-8.185187994058652e-8,0.013962785713374615],"p":[-378.0422058105469,286.55792236328127,685.3756103515625]},"j":false},{"t":8.053800106048584,"c":{"r":[0.013962917029857636,-1.3284408240110679e-8,-0.9999024868011475,1.0896960134232359e-7,1,-1.1764021756732746e-8,0.9999024868011475,-1.0879472256419831e-7,0.013962917029857636],"p":[-376.5477294921875,286.52423095703127,685.3362426757813]},"j":false},{"t":8.11774468421936,"c":{"r":[0.013962860219180584,2.559206180308138e-9,-0.9999024868011475,-2.398425458238762e-8,1,2.224534112471588e-9,0.9999024868011475,2.3950855521093218e-8,0.013962860219180584],"p":[-375.048095703125,285.7343444824219,685.315185546875]},"j":false},{"t":8.18503189086914,"c":{"r":[0.013962815515697003,1.940310490056163e-8,-0.9999024868011475,-1.653325369943559e-7,1,1.7096263960070247e-8,0.9999024868011475,1.650777079476029e-7,0.013962815515697003],"p":[-373.448486328125,284.04705810546877,685.292724609375]},"j":false},{"t":8.252318143844605,"c":{"r":[0.034901510924100879,-8.259584127756625e-9,-0.9993907809257507,6.712227929028814e-8,1,-5.92052185055536e-9,0.9993907809257507,-6.687474751743139e-8,0.034901510924100879],"p":[-371.848876953125,283.8746643066406,685.2692260742188]},"j":false},{"t":8.265616178512574,"c":{"r":[0.048850346356630328,-1.2569630669645449e-8,-0.9988061189651489,9.619989072007229e-8,1,-7.879640051555726e-9,0.9988061189651489,-9.570011627602071e-8,0.048850346356630328],"p":[-371.6490783691406,283.80084228515627,685.2630004882813]},"j":true},{"t":8.27295446395874,"c":{"r":[0.06975793093442917,-1.7946938157820115e-8,-0.9975639581680298,1.2529970661034896e-7,1,-9.22877063658234e-9,0.9975639581680298,-1.2435069152161305e-7,0.06975793093442917],"p":[-371.4493103027344,284.2403869628906,685.2564086914063]},"j":true},{"t":8.281716108322144,"c":{"r":[0.0764693021774292,-1.9698006781254663e-8,-0.9970719218254089,1.3625022177166103e-7,1,-9.306296178124285e-9,0.9970719218254089,-1.3513962926481327e-7,0.0764693021774292],"p":[-371.249755859375,284.6662902832031,685.2443237304688]},"j":true},{"t":8.3179190158844,"c":{"r":[0.12483660131692887,-1.660455417606954e-8,-0.9921773076057434,1.1279324496626941e-7,1,-2.543727228854209e-9,0.9921773076057434,-1.1159335144839133e-7,0.12483660131692887],"p":[-370.25445556640627,286.59149169921877,685.1492309570313]},"j":false},{"t":8.38563585281372,"c":{"r":[0.13225749135017396,-1.8451822014764475e-10,-0.9912154078483582,9.787891031010077e-8,1,1.2873792698542275e-8,0.9912154078483582,-9.872174189240468e-8,0.13225749135017396],"p":[-368.66827392578127,288.9632873535156,684.9397583007813]},"j":false},{"t":8.446271419525147,"c":{"r":[0.13225848972797395,1.606160004996582e-8,-0.9912152886390686,8.44522460852204e-8,1,2.747246519163582e-8,0.9912152886390686,-8.73438210646782e-8,0.13225848972797395],"p":[-367.18145751953127,290.3948974609375,684.741088867