{"v":1,"name":"merged_macro","d":[{"t":0.06715631484985352,"c":{"r":[-0.7477980852127075,2.1333228517050884e-8,-0.6639262437820435,7.81452325071541e-9,1,2.3330215981332003e-8,0.6639262437820435,1.2258023041056276e-8,-0.7477980852127075],"p":[-346.26678466796875,388.2543640136719,518.3201904296875]},"j":false},{"t":0.5216760635375977,"c":{"r":[-0.7615383863449097,3.6263578806483565e-8,-0.6481198668479919,1.2357062928458618e-8,1,4.143246101762088e-8,0.6481198668479919,2.3543551108673455e-8,-0.7615383863449097],"p":[-346.26678466796875,388.2543640136719,518.3201904296875]},"j":false},{"t":0.5818984508514404,"c":{"r":[-0.7615376114845276,5.183266793551411e-8,-0.6481207609176636,1.8728114170585286e-8,1,5.796837143634548e-8,0.6481207609176636,3.2007015704493824e-8,-0.7615376114845276],"p":[-345.9095458984375,388.2543640136719,518.7399291992188]},"j":false},{"t":0.6423499584197998,"c":{"r":[-0.7615383863449097,-6.020352572022603e-8,-0.6481198668479919,-2.073082860931663e-8,1,-6.853084499880424e-8,0.6481198668479919,-3.875280540910353e-8,-0.7615383863449097],"p":[-345.00531005859375,388.2543640136719,519.802490234375]},"j":false},{"t":0.7038097381591797,"c":{"r":[-0.7615383863449097,-2.506541463276335e-8,-0.6481198668479919,-8.929245787214768e-9,1,-2.8182213895888708e-8,0.6481198668479919,-1.5674615383431956e-8,-0.7615383863449097],"p":[-344.03302001953125,388.1426086425781,520.945068359375]},"j":false},{"t":0.7648875713348389,"c":{"r":[-0.7615383863449097,8.723948496935918e-8,-0.6481198668479919,2.9765745424015222e-8,1,9.962930391793634e-8,0.6481198668479919,5.657976487327687e-8,-0.7615383863449097],"p":[-343.06072998046875,387.287353515625,522.087646484375]},"j":false},{"t":0.8299126625061035,"c":{"r":[-0.7615383863449097,-5.275339276522573e-9,-0.6481198668479919,-1.6129237945250452e-9,1,-6.244270878141833e-9,0.6481198668479919,-3.7098839555937957e-9,-0.7615383863449097],"p":[-342.08843994140625,386.957763671875,523.230224609375]},"j":false},{"t":0.8943867683410645,"c":{"r":[-0.7615383863449097,-8.236727921939746e-8,-0.6481198668479919,-2.7834939686499638e-8,1,-9.438054604515855e-8,0.6481198668479919,-5.383402879033383e-8,-0.7615383863449097],"p":[-341.11614990234375,386.9905700683594,524.372802734375]},"j":false},{"t":0.9566841125488281,"c":{"r":[-0.7615383863449097,3.358083233706566e-8,-0.6481198668479919,1.1213692197031833e-8,1,3.863664232994779e-8,0.6481198668479919,2.2155468570872472e-8,-0.7615383863449097],"p":[-340.14385986328125,386.9940185546875,525.515380859375]},"j":false},{"t":1.0193145275115967,"c":{"r":[-0.7615383863449097,3.863285868987987e-8,-0.6481198668479919,1.3007923627128548e-8,1,4.432332190162924e-8,0.6481198668479919,2.5323217300865508e-8,-0.7615383863449097],"p":[-339.10675048828125,386.99432373046875,526.734130859375]},"j":false},{"t":1.0829286575317383,"c":{"r":[-0.7615383863449097,-6.729800361426896e-8,-0.6481198668479919,-2.2493560791758682e-8,1,-7.740589325067049e-8,0.6481198668479919,-4.436903111582069e-8,-0.7615383863449097],"p":[-338.13446044921875,386.99432373046875,527.876708984375]},"j":false},{"t":1.1470391750335693,"c":{"r":[-0.7615383863449097,-1.311866171249676e-8,-0.6481198668479919,-4.416857546374331e-9,1,-1.505131308476848e-8,0.6481198668479919,-8.59949977893848e-9,-0.7615383863449097],"p":[-337.3211364746094,386.99432373046875,529.070556640625]},"j":false},{"t":1.2162091732025146,"c":{"r":[-0.7524145245552063,8.408284202232608e-8,-0.6586898565292358,2.748268101981921e-8,1,9.6258460757781e-8,0.6586898565292358,5.4323699316682905e-8,-0.7524145245552063],"p":[-337.43963623046875,386.99432373046875,530.7605590820312]},"j":false},{"t":1.278550624847412,"c":{"r":[-0.6896193623542786,-2.2563442669820688e-8,-0.724172055721283,-2.759623862758076e-9,1,-2.8529617779327054e-8,0.724172055721283,-1.7676134334010385e-8,-0.6896193623542786],"p":[-337.4912109375,386.99432373046875,532.1590576171875]},"j":false},{"t":1.3391852378845215,"c":{"r":[-0.6845468878746033,-6.170399302618534e-8,-0.7289688587188721,-1.2740160038049453e-8,1,-7.268178592312324e-8,0.7289688587188721,-4.046690804671016e-8,-0.6845468878746033],"p":[-337.4469299316406,386.99432373046875,533.65869140625]},"j":false},{"t":1.3993351459503174,"c":{"r":[-0.6101451516151428,5.309584949486634e-8,-0.792289674282074,2.65385979858479e-9,1,6.497195670362998e-8,0.792289674282074,3.753969934905399e-8,-0.6101451516151428],"p":[-337.37042236328125,386.99432373046875,535.1564331054688]},"j":false},{"t":1.4644365310668945,"c":{"r":[-0.5475628972053528,3.241720492042077e-8,-0.8367645144462585,2.5397122183079546e-9,1,3.707919304929419e-8,0.8367645144462585,1.8178049288053444e-8,-0.5475628972053528],"p":[-337.1388244628906,386.99432373046875,536.6380004882812]},"j":false},{"t":1.531862497329712,"c":{"r":[-0.4632967710494995,-9.278065249418432e-8,-0.8862032294273376,1.0530082583670719e-8,1,-1.1019956502877903e-7,0.8862032294273376,-6.038689548404363e-8,-0.4632967710494995],"p":[-336.7376403808594,386.99432373046875,538.18603515625]},"j":false},{"t":1.5955777168273926,"c":{"r":[-0.38107067346572876,5.0206074853065275e-9,-0.9245458841323853,-6.230999716194674e-9,1,7.998584905521966e-9,0.9245458841323853,8.80887096599281e-9,-0.38107067346572876],"p":[-336.2856140136719,386.99432373046875,539.6161499023438]},"j":false},{"t":1.6625983715057373,"c":{"r":[-0.34857094287872314,6.842173405630092e-8,-0.937282383441925,-1.9547648832940467e-8,1,8.026980680142515e-8,0.937282383441925,4.630139116557075e-8,-0.34857094287872314],"p":[-335.6539001464844,386.99432373046875,541.0856323242188]},"j":false},{"t":1.7265338897705078,"c":{"r":[-0.2554469108581543,-4.946160458985105e-8,-0.9668231010437012,2.6733555813507337e-8,1,-5.822224480311888e-8,0.9668231010437012,-4.071931059002054e-8,-0.2554469108581543],"p":[-334.960693359375,386.99432373046875,542.52685546875]},"j":false},{"t":1.7881639003753662,"c":{"r":[-0.21473638713359833,-3.025705197501338e-8,-0.9766720533370972,1.3839197343656906e-8,1,-3.4022509254327815e-8,0.9766720533370972,-2.0822227497774293e-8,-0.21473638713359833],"p":[-334.180419921875,386.99432373046875,543.8077392578125]},"j":false},{"t":1.8484282493591309,"c":{"r":[-0.21473638713359833,7.93078953620352e-8,-0.9766720533370972,-4.174087919750491e-8,1,9.0379550954367e-8,0.9766720533370972,6.017492637511168e-8,-0.21473638713359833],"p":[-333.3724670410156,386.99432373046875,545.0711669921875]},"j":false},{"t":1.9176709651947021,"c":{"r":[-0.2079107016324997,-6.5434622165128076e-9,-0.9781478047370911,3.729248465589308e-9,1,-7.482317876394973e-9,0.9781478047370911,-5.203410591292368e-9,-0.2079107016324997],"p":[-332.50372314453125,386.99432373046875,546.4146118164062]},"j":false},{"t":1.9843430519104004,"c":{"r":[-0.17364691197872162,-6.558889253938105e-8,-0.9848079681396484,3.471108911412557e-8,1,-7.272114999068435e-8,0.9848079681396484,-4.68115608498465e-8,-0.17364691197872162],"p":[-331.6219177246094,386.99432373046875,547.7495727539062]},"j":false},{"t":2.05965256690979,"c":{"r":[-0.09063124656677246,6.356628290404842e-8,-0.9958845376968384,-4.095198846698622e-8,1,6.755583825679423e-8,0.9958845376968384,4.6906119877121455e-8,-0.09063124656677246],"p":[-330.53826904296875,386.99432373046875,549.1861572265625]},"j":false},{"t":2.1197807788848877,"c":{"r":[-0.06278932094573975,2.289785250297882e-8,-0.9980267882347107,-1.2866746779138793e-8,1,2.375261587417299e-8,0.9980267882347107,1.4332768749625302e-8,-0.06278932094573975],"p":[-329.62811279296875,386.99432373046875,550.2498168945312]},"j":false},{"t":2.18349289894104,"c":{"r":[-0.06278932094573975,-8.328668599233424e-8,-0.9980267882347107,5.6523365543625914e-8,1,-8.700742881728729e-8,0.9980267882347107,-6.18749709246913e-8,-0.06278932094573975],"p":[-328.6361389160156,386.99432373046875,551.375]},"j":false},{"t":2.2437732219696045,"c":{"r":[-0.06278932094573975,2.8014905950612956e-9,-0.9980267882347107,-3.0422968588794674e-9,1,2.998430836953503e-9,0.9980267882347107,3.224563283055204e-9,-0.06278932094573975],"p":[-327.6441650390625,386.99432373046875,552.5001831054688]},"j":false},{"t":2.3051528930664062,"c":{"r":[-0.06278932094573975,6.28310914407848e-8,-0.9980267882347107,-4.370860295921375e-8,1,6.570517285808819e-8,0.9980267882347107,4.774794248874059e-8,-0.06278932094573975],"p":[-326.6521911621094,386.99432373046875,553.6253662109375]},"j":false},{"t":2.368710517883301,"c":{"r":[-0.006980578880757093,-2.7889974774097936e-8,-0.9999756217002869,2.4807183862662896e-8,1,-2.806382681797004e-8,0.9999756217002869,-2.5002481862657078e-8,-0.006980578880757093],"p":[-325.63299560546875,386.99432373046875,554.7256469726562]},"j":false},{"t":2.4292755126953125,"c":{"r":[0.020941894501447678,-6.39330792751025e-8,-0.9997807145118713,5.085718868258482e-8,1,-6.288182419211807e-8,0.9997807145118713,-4.952917009859448e-8,0.020941894501447678],"p":[-324.5708312988281,386.99432373046875,555.7848510742188]},"j":false},{"t":2.4909443855285645,"c":{"r":[0.04187493398785591,5.7897295846487395e-8,-0.9991228580474854,-4.901111694266547e-8,1,5.589398455185801e-8,0.9991228580474854,4.662757291384878e-8,0.04187493398785591],"p":[-323.473876953125,386.99432373046875,556.8078002929688]},"j":false},{"t":2.5575356483459473,"c":{"r":[0.05582042410969734,2.1550274453829843e-8,-0.9984408020973206,-1.802250260141136e-8,1,2.0576331749566634e-8,0.9984408020973206,1.6845822514710562e-8,0.05582042410969734],"p":[-322.3618469238281,386.99432373046875,557.8143310546875]},"j":false},{"t":2.6227786540985107,"c":{"r":[0.05582054331898689,-7.992689887714732e-8,-0.9984408020973206,6.55975824770394e-8,1,-7.638430332690405e-8,0.9984408020973206,-6.123148921233224e-8,0.05582054331898689],"p":[-321.13714599609375,386.99432373046875,558.789794921875]},"j":false},{"t":2.686936140060425,"c":{"r":[0.05582042410969734,1.3121026931628421e-8,-0.9984408020973206,-1.0627253743678011e-8,1,1.2547372918447763e-8,0.9984408020973206,9.910284148872961e-9,0.05582042410969734],"p":[-319.5599060058594,386.99432373046875,558.7587890625]},"j":false},{"t":2.751007556915283,"c":{"r":[0.09063272178173065,5.770595734588824e-8,-0.995884358882904,-4.6922760787992956e-8,1,5.367412114765102e-8,0.995884358882904,4.186501456615588e-8,0.09063272178173065],"p":[-318.0634460449219,386.99432373046875,558.6566162109375]},"j":false},{"t":2.8115732669830322,"c":{"r":[0.15298551321029663,-3.158129402436316e-8,-0.988228440284729,2.996511483388531e-8,1,-2.7318648676555313e-8,0.988228440284729,-2.5433021022536195e-8,0.15298551321029663],"p":[-316.6727294921875,386.99432373046875,558.4979248046875]},"j":false},{"t":2.8720052242279053,"c":{"r":[0.16676712036132812,-5.648495360333072e-8,-0.9859963059425354,5.073108155784212e-8,1,-4.870675240908895e-8,0.9859963059425354,-4.189797664366779e-8,0.16676712036132812],"p":[-315.1919250488281,386.99432373046875,558.2587890625]},"j":false},{"t":2.9413630962371826,"c":{"r":[0.16676712036132812,7.867187434840162e-8,-0.9859963059425354,-7.162599757748467e-8,1,6.76747120564869e-8,0.9859963059425354,5.933705082838969e-8,0.16676712036132812],"p":[-313.51568603515625,386.99432373046875,557.9755249023438]},"j":false},{"t":3.0094220638275146,"c":{"r":[0.13225768506526947,-2.330060810962209e-9,-0.9912153482437134,4.766905203901217e-10,1,-2.2871062821394617e-9,0.9912153482437134,-1.7001558494378344e-10,0.13225768506526947],"p":[-311.9396057128906,386.94140625,557.7191162109375]},"j":false},{"t":3.0755434036254883,"c":{"r":[0.12533187866210938,-8.208021995415038e-8,-0.9921149015426636,7.080372199652629e-8,1,-7.3788086751847e-8,0.9921149015426636,-6.099742222431814e-8,0.12533187866210938],"p":[-310.4104919433594,386.4930114746094,557.52197265625]},"j":false},{"t":3.080728054046631,"c":{"r":[0.12533187866210938,-8.208021995415038e-8,-0.9921149015426636,7.080372199652629e-8,1,-7.3788086751847e-8,0.9921149015426636,-6.099742222431814e-8,0.12533187866210938],"p":[-310.4104919433594,386.4930114746094,557.52197265625]},"j":true},{"t":3.0898618698120117,"c":{"r":[0.12533187866210938,-6.62465708956006e-8,-0.9921149015426636,5.7282331766828065e-8,1,-5.9536727547992996e-8,0.9921149015426636,-4.93688041558471e-8,0.12533187866210938],"p":[-310.2220764160156,386.93255615234375,557.4981689453125]},"j":true},{"t":3.0969488620758057,"c":{"r":[0.12533193826675415,-5.0419682651181574e-8,-0.9921148419380188,4.376671824957157e-8,1,-4.5291447037243415e-8,0.9921148419380188,-3.7745149228385344e-8,0.12533193826675415],"p":[-310.02716064453125,387.35845947265625,557.4735717773438]},"j":true},{"t":3.1420018672943115,"c":{"r":[0.12533198297023773,4.439974077286024e-8,-0.9921148419380188,-3.72057513686741e-8,1,4.005248754879176e-8,0.9921148419380188,3.189252240076712e-8,0.12533198297023773],"p":[-308.8371887207031,389.6278381347656,557.3234252929688]},"j":false},{"t":3.207798719406128,"c":{"r":[0.11185915023088455,9.59886321538761e-8,-0.9937240481376648,-8.244960980618998e-8,1,8.731386458293855e-8,0.9937240481376648,7.21653137247813e-8,0.11185915023088455],"p":[-307.2496643066406,391.890625,557.1242065429688]},"j":false},{"t":3.2743723392486572,"c":{"r":[0.06300877034664154,-1.1506527286542223e-8,-0.9980129599571228,2.751751004836933e-8,1,-9.79214043184129e-9,0.9980129599571228,-2.6845841105682666e-8,0.06300877034664154],"p":[-305.6563415527344,393.2814025878906,556.9801025390625]},"j":false},{"t":3.341886043548584,"c":{"r":[0.06279090791940689,-8.149613961450086e-8,-0.9980267286300659,1.0924479454388347e-7,1,-7.478412555883551e-8,0.9980267286300659,-1.0433345920546344e-7,0.06279090791940689],"p":[-304.0596618652344,393.8002014160156,556.8794555664062]},"j":false},{"t":3.406386137008667,"c":{"r":[0.04886908456683159,-7.901860499259783e-9,-0.9988051652908325,6.407521624396395e-9,1,-7.597808604487e-9,0.9988051652908325,-6.028567867133461e-9,0.04886908456683159],"p":[-302.4620056152344,393.447021484375,556.7927856445312]},"j":false},{"t":3.466940402984619,"c":{"r":[0.04884864389896393,5.542460712604225e-8,-0.9988061785697937,-8.196182221809067e-8,1,5.148234549778863e-8,0.9988061785697937,7.934912815699136e-8,0.04884864389896393],"p":[-301.0636291503906,392.42266845703125,556.7244262695312]},"j":false},{"t":3.538520336151123,"c":{"r":[0.04884868860244751,5.040924477839326e-8,-0.9988061785697937,-7.175779614954081e-8,1,4.696003230719725e-8,0.9988061785697937,6.937819563290759e-8,0.04884868860244751],"p":[-299.3656005859375,390.28125,556.6414184570312]},"j":false},{"t":3.6040165424346924,"c":{"r":[0.048848576843738556,-4.0607371687428895e-8,-0.9988061785697937,6.164648880258028e-8,1,-3.764096589975452e-8,0.9988061785697937,-5.97341909269744e-8,0.048848576843738556],"p":[-297.7674560546875,389.53424072265625,556.5632934570312]},"j":false},{"t":3.6663808822631836,"c":{"r":[0.048848576843738556,-1.5125840135965518e-8,-0.9988061785697937,2.14565680778378e-8,1,-1.4094544198428594e-8,0.9988061785697937,-2.0742454864830506e-8,0.048848576843738556],"p":[-296.26947021484375,388.8568420410156,556.4900512695312]},"j":false},{"t":3.730008840560913,"c":{"r":[-0.01076030544936657,0.013986877165734768,-0.9998442530632019,0.0016958453925326467,0.9999009966850281,0.0139694195240736,0.9999406933784485,-0.0015452661318704486,-0.010782959870994091],"p":[-294.9845275878906,388.628662109375,556.4512329101562]},"j":true},{"t":3.7361819744110107,"c":{"r":[-0.0052250828593969345,0.023822829127311707,-0.999702513217926,-0.0008642974426038563,0.9997156858444214,0.02382766082882881,0.9999859929084778,0.0009885418694466352,-0.0052030072547495365],"p":[-294.8890075683594,389.12548828125,556.4389038085938]},"j":false},{"t":3.7387168407440186,"c":{"r":[-0.0052250828593969345,0.023822829127311707,-0.999702513217926,-0.0008642974426038563,0.9997156858444214,0.02382766082882881,0.9999859929084778,0.0009885418694466352,-0.0052030072547495365],"p":[-294.8890075683594,389.12548828125,556.4389038085938]},"j":true},{"t":3.7985222339630127,"c":{"r":[-0.004213509149849415,0.10680847615003586,-0.9942706823348999,-0.018729908391833305,0.9940966367721558,0.1068691611289978,0.9998157024383545,0.019072894006967545,-0.0021881223656237125],"p":[-293.8150329589844,392.44744873046875,556.3535766601562]},"j":false},{"t":3.818746566772461,"c":{"r":[0.02327035367488861,0.09916770458221436,-0.9947986006736755,-0.01651209220290184,0.994970440864563,0.09879858046770096,0.9995928406715393,0.014127128757536411,0.024790780618786812],"p":[-293.5359191894531,393.32476806640625,556.3292236328125]},"j":true},{"t":3.858854055404663,"c":{"r":[0.048738930374383926,-0.0008241207106038928,-0.9988111853599548,0.0001296352274948731,0.9999996423721313,-0.0008187755011022091,0.9988115429878235,-0.00008957487443694845,0.04873901978135109],"p":[-292.60662841796875,395.46697998046875,556.2620239257812]},"j":false},{"t":3.924130439758301,"c":{"r":[-0.0065155974589288235,0.00001786500433809124,-0.99997878074646,2.6005898234870983e-7,1,0.000017863689208752476,0.99997878074646,-1.436608414451257e-7,-0.0065155974589288235],"p":[-291.00732421875,397.8438720703125,556.2173461914062]},"j":false},{"t":3.9906272888183594,"c":{"r":[-0.08347155898809433,-1.64611606123799e-7,-0.9965101480484009,-8.018425035061227e-8,1,-1.584715505487111e-7,0.9965101480484009,6.667655583214582e-8,-0.08347155898809433],"p":[-289.50909423828125,399.2802734375,556.2804565429688]},"j":false},{"t":4.056303977966309,"c":{"r":[-0.08367671817541122,1.0019382301607038e-7,-0.9964929819107056,3.0467187883687075e-8,1,9.798807809602295e-8,0.9964929819107056,-2.216101613328192e-8,-0.08367671817541122],"p":[-287.914794921875,399.9676818847656,556.4136962890625]},"j":false},{"t":4.1232805252075195,"c":{"r":[-0.09063304215669632,7.22363182603658e-8,-0.995884358882904,-3.341504495324443e-8,1,7.557586911843828e-8,0.995884358882904,4.01271904593159e-8,-0.09063304215669632],"p":[-286.32135009765625,399.7830810546875,556.5565795898438]},"j":false},{"t":4.191352367401123,"c":{"r":[-0.03536677733063698,-2.271011112497945e-8,-0.9993743896484375,-7.875683394331645e-8,1,-1.993720921689146e-8,0.9993743896484375,7.800245072075995e-8,-0.03536677733063698],"p":[-284.62579345703125,398.6315002441406,556.6751098632812]},"j":false},{"t":4.2728917598724365,"c":{"r":[-0.03490081802010536,-1.0923793780648339e-7,-0.9993907809257507,-9.657436095267258e-8,1,-1.0593195298724822e-7,0.9993907809257507,9.281841073516262e-8,-0.03490081802010536],"p":[-283.0267028808594,396.6484069824219,556.7312622070312]},"j":false},{"t":4.340909242630005,"c":{"r":[-0.11028502881526947,-1.861916310019751e-8,-0.9939000010490417,2.999630765998518e-8,1,-2.206188476350235e-8,0.9939000010490417,-3.224642597388083e-8,-0.11028502881526947],"p":[-281.02923583984375,392.9432678222656,556.8258666992188]},"j":false},{"t":4.35348105430603,"c":{"r":[-0.1442212611436844,6.613444902825449e-9,-0.989545464515686,6.420559373054857e-8,1,-2.674325871865335e-9,0.989545464515686,-6.392004792132866e-8,-0.1442212611436844],"p":[-280.830322265625,392.4978332519531,556.8466796875]},"j":true},{"t":4.37866473197937,"c":{"r":[-0.19371116161346436,4.670863518185797e-8,-0.9810585975646973,9.936282197031687e-8,1,2.799113829610178e-8,0.9810585975646973,-9.205855633354076e-8,-0.19371116161346436],"p":[-280.23785400390625,391.0797119140625,556.941162109375]},"j":true},{"t":4.40704607963562,"c":{"r":[-0.20790761709213257,3.704203166421394e-8,-0.9781484603881836,3.126580239154464e-8,1,3.122392300269894e-8,0.9781484603881836,-2.4090905270668372e-8,-0.20790761709213257],"p":[-279.5524597167969,390.41717529296875,557.0820922851562]},"j":false},{"t":4.430518388748169,"c":{"r":[-0.20791037380695343,2.9202430695818293e-8,-0.9781478643417358,-1.7267639762508225e-8,1,3.352514710286414e-8,0.9781478643417358,2.3860531328523393e-8,-0.20791037380695343],"p":[-279.06341552734375,390.4734191894531,557.1861572265625]},"j":true},{"t":4.437572240829468,"c":{"r":[-0.20791152119636536,2.606884841327428e-8,-0.9781476259231567,-3.666643166866379e-8,1,3.4444926910737195e-8,0.9781476259231567,4.3026680884850066e-8,-0.20791152119636536],"p":[-278.8677978515625,390.9129638671875,557.227783203125]},"j":true},{"t":4.449681997299194,"c":{"r":[-0.20791180431842804,2.293662682006925e-8,-0.978147566318512,-5.605692621202252e-8,1,3.536431947281926e-8,0.978147566318512,6.218460413265348e-8,-0.20791180431842804],"p":[-278.67218017578125,391.3388671875,557.2694091796875]},"j":true},{"t":4.470057487487793,"c":{"r":[-0.20791202783584595,1.3548031141397132e-8,-0.9781475067138672,-1.1417871093044596e-7,1,3.8120177237033204e-8,0.9781475067138672,1.1960926826759533e-7,-0.20791202783584595],"p":[-278.0853271484375,392.5348815917969,557.394287109375]},"j":false},{"t":4.53574275970459,"c":{"r":[-0.20791202783584595,-1.121633808054412e-8,-0.9781475067138672,-6.142712294376906e-8,1,1.589841258642366e-9,0.9781475067138672,6.041533140432875e-8,-0.20791202783584595],"p":[-276.5203857421875,395.1246643066406,557.727294921875]},"j":false},{"t":4.599725961685181,"c":{"r":[-0.20791202783584595,-3.582525209822052e-8,-0.9781475067138672,6.015280007432011e-8,1,-4.9411507774266283e-8,0.9781475067138672,-6.911155736588626e-8,-0.20791202783584595],"p":[-274.9554443359375,396.84246826171875,558.060302734375]},"j":false},{"t":4.664170742034912,"c":{"r":[-0.2011091560125351,-3.8566607685197596e-8,-0.9795688390731812,1.117290509000668e-7,1,-6.230939675333502e-8,0.9795688390731812,-1.21977294043063e-7,-0.2011091560125351],"p":[-273.4879455566406,397.66094970703125,558.3707885742188]},"j":false},{"t":4.732600212097168,"c":{"r":[-0.20107929408550262,2.614807925738205e-8,-0.979574978351593,-2.260013864940902e-8,1,3.133246551101365e-8,0.979574978351593,2.8438840615763183e-8,-0.20107929408550262],"p":[-271.8226013183594,397.66204833984375,558.7122802734375]},"j":false},{"t":4.798254728317261,"c":{"r":[-0.2619416415691376,8.804479278978761e-8,-0.9650837182998657,-1.1397450805361586e-7,1,1.2216501943385083e-7,0.9650837182998657,1.4199504505540972e-7,-0.2619416415691376],"p":[-270.3614501953125,396.8455505371094,559.0496826171875]},"j":false},{"t":4.858280420303345,"c":{"r":[-0.21586932241916656,2.982291036346396e-8,-0.9764222502708435,1.6757160992142417e-8,1,2.683834132710672e-8,0.9764222502708435,-1.0568490083073812e-8,-0.21586932241916656],"p":[-268.913818359375,395.26263427734375,559.4419555664062]},"j":false},{"t":4.924771785736084,"c":{"r":[-0.20108039677143097,-2.2541182254087744e-9,-0.9795747399330139,1.1254296339302527e-7,1,-2.5403169345850074e-8,0.9795747399330139,-1.1535232857795563e-7,-0.20108039677143097],"p":[-267.3474426269531,392.7294616699219,559.7681274414062]},"j":false},{"t":4.991502523422241,"c":{"r":[-0.20107895135879517,-3.639557277779204e-8,-0.9795750379562378,4.7465640307109425e-8,1,-4.6897799421685704e-8,0.9795750379562378,-5.5926317799048775e-8,-0.20107895135879517],"p":[-266.17926025390625,393.0909423828125,560.0077514648438]},"j":false},{"t":4.994640827178955,"c":{"r":[-0.20107895135879517,-3.639557277779204e-8,-0.9795750379562378,4.7465640307109425e-8,1,-4.6897799421685704e-8,0.9795750379562378,-5.5926317799048775e-8,-0.20107895135879517],"p":[-266.17926025390625,393.0909423828125,560.0077514648438]},"j":true},{"t":5.002829074859619,"c":{"r":[-0.20107895135879517,-3.8525527656929626e-8,-0.9795750379562378,4.340569148553186e-8,1,-4.823877475246263e-8,0.9795750379562378,-5.2218933177528015e-8,-0.20107895135879517],"p":[-266.1034240722656,393.3124084472656,560.0233154296875]},"j":true},{"t":5.010447263717651,"c":{"r":[-0.20107890665531158,-4.278407317315214e-8,-0.9795750379562378,3.5288394428789616e-8,1,-5.091986210459254e-8,0.9795750379562378,-4.4806540699937614e-8,-0.20107890665531158],"p":[-265.9444274902344,393.7451477050781,560.055908203125]},"j":true},{"t":5.058026075363159,"c":{"r":[-0.20107890665531158,-7.042030603088278e-8,-0.9795750379562378,-1.7389574225035176e-8,1,-6.831903931470151e-8,0.9795750379562378,3.2968749952289045e-9,-0.20107890665531158],"p":[-264.7250061035156,396.22576904296875,560.30615234375]},"j":false},{"t":5.121981859207153,"c":{"r":[-0.20107883214950562,-1.0221303625712608e-7,-0.9795750379562378,-7.79903430725426e-8,1,-8.833507081362768e-8,0.9795750379562378,5.863508079073654e-8,-0.20107883214950562],"p":[-263.2555847167969,398.3726806640625,560.6073608398438]},"j":false},{"t":5.1892454624176025,"c":{"r":[-0.20107890665531158,-1.3601318471501145e-7,-0.9795750379562378,-1.424174627118191e-7,1,-1.0961492336036827e-7,0.9795750379562378,1.174673371906465e-7,-0.20107890665531158],"p":[-261.6882019042969,399.8179626464844,560.9286499023438]},"j":false},{"t":5.256770849227905,"c":{"r":[-0.2010788768529892,2.303898760658285e-8,-0.9795750379562378,8.847126586886134e-9,1,2.1703305819187335e-8,0.9795750379562378,-4.302347811346863e-9,-0.2010788768529892],"p":[-260.1208190917969,400.3912658691406,561.2499389648438]},"j":false},{"t":5.322031259536743,"c":{"r":[-0.16741013526916504,9.132398304245726e-8,-0.985887348651886,8.931071704409987e-8,1,7.746571384359413e-8,0.985887348651886,-7.50817576999907e-8,-0.16741013526916504],"p":[-258.5521545410156,400.0925598144531,561.5645751953125]},"j":false},{"t":5.382608413696289,"c":{"r":[-0.14608605206012726,5.0106493176826916e-8,-0.989271879196167,9.470223005791922e-8,1,3.666516690259414e-8,0.989271879196167,-8.832998332763964e-8,-0.14608605206012726],"p":[-257.1689147949219,399.11590576171875,561.7804565429688]},"j":false},{"t":5.4477128982543945,"c":{"r":[-0.14608296751976013,6.628234405781086e-9,-0.9892723560333252,1.0479070766677978e-7,1,-8.774027726587974e-9,0.9892723560333252,-1.049482847292893e-7,-0.14608296751976013],"p":[-255.5859832763672,397.1822204589844,562.0138549804688]},"j":false},{"t":5.5088677406311035,"c":{"r":[-0.1256410777568817,-3.556250760539115e-8,-0.9920757412910461,1.17284585599009e-7,1,-5.07000308402894e-8,0.9920757412910461,-1.2272519711586938e-7,-0.1256410777568817],"p":[-254.10072326660156,394.5774230957031,562.2233276367188]},"j":false},{"t":5.575267553329468,"c":{"r":[-0.12533433735370636,-3.1159487434706534e-8,-0.9921145439147949,5.009354353546769e-8,1,-3.7735489399892685e-8,0.9921145439147949,-5.442808514999342e-8,-0.12533433735370636],"p":[-252.67486572265625,391.3628845214844,562.40380859375]},"j":false},{"t":5.629130601882935,"c":{"r":[-0.12533429265022278,2.5131509318043754e-8,-0.9921145439147949,-8.458857081450333e-8,1,3.601736864311533e-8,0.9921145439147949,8.84357689301396e-8,-0.12533429265022278],"p":[-251.7471160888672,391.8214111328125,562.52099609375]},"j":true},{"t":5.636789560317993,"c":{"r":[-0.12533429265022278,2.6656385543333272e-8,-0.9921145439147949,-8.055283728936047e-8,1,3.7044529221930134e-8,0.9921145439147949,8.456059674699645e-8,-0.12533429265022278],"p":[-251.5951690673828,392.2609558105469,562.5401611328125]},"j":true},{"t":5.642181396484375,"c":{"r":[-0.12533427774906158,2.7418577630555774e-8,-0.9921145439147949,-7.853562067339226e-8,1,3.755794253379463e-8,0.9921145439147949,8.262362882760499e-8,-0.12533427774906158],"p":[-251.5167236328125,392.4756164550781,562.550048828125]},"j":false},{"t":5.64591383934021,"c":{"r":[-0.12533427774906158,2.7418577630555774e-8,-0.9921145439147949,-7.853562067339226e-8,1,3.755794253379463e-8,0.9921145439147949,8.262362882760499e-8,-0.12533427774906158],"p":[-251.5167236328125,392.4756164550781,562.550048828125]},"j":true},{"t":5.708186149597168,"c":{"r":[-0.12533412873744965,4.0350997210225614e-8,-0.9921146035194397,-4.430875932825984e-8,1,4.626924976491864e-8,0.9921146035194397,4.9758480002992655e-8,-0.12533412873744965],"p":[-249.90870666503906,395.6036682128906,562.7531127929688]},"j":false},{"t":5.744113445281982,"c":{"r":[-0.12533403933048248,4.566245337400687e-8,-0.9921146035194397,-3.025142802925984e-8,1,4.984704915500515e-8,0.9921146035194397,3.626041689130943e-8,-0.12533403933048248],"p":[-249.21421813964844,396.6055603027344,562.8406982421875]},"j":true},{"t":5.774044752120972,"c":{"r":[-0.12533405423164368,5.247979473210762e-8,-0.9921146035194397,-1.220858081296683e-8,1,5.443922290737646e-8,0.9921146035194397,1.893539902653174e-8,-0.12533405423164368],"p":[-248.32130432128906,397.6484680175781,562.9533081054688]},"j":false},{"t":5.838979721069336,"c":{"r":[-0.12533405423164368,6.381296913104961e-8,-0.9921146035194397,1.7785861672336978e-8,1,6.207326208595987e-8,0.9921146035194397,-9.865719796664507e-9,-0.12533405423164368],"p":[-246.83311462402344,398.77349853515625,563.1409912109375]},"j":false},{"t":5.899541139602661,"c":{"r":[-0.11176499724388123,7.41405017379293e-8,-0.9937346577644348,4.63426417240953e-8,1,6.939580288189973e-8,0.9937346577644348,-3.829626749052295e-8,-0.11176499724388123],"p":[-245.44386291503906,399.132080078125,563.3139038085938]},"j":false},{"t":5.966175556182861,"c":{"r":[-0.0907013937830925,8.752334679229534e-8,-0.9958781599998474,8.636535397954503e-8,1,8.001971707471967e-8,0.9958781599998474,-7.875146934566146e-8,-0.0907013937830925],"p":[-243.85276794433594,398.7243957519531,563.4822387695312]},"j":false},{"t":6.0279552936553955,"c":{"r":[-0.09063141793012619,-1.9658790151311223e-8,-0.9958844780921936,-7.517309441595899e-9,1,-1.9055910627230332e-8,0.9958844780921936,5.759307697417171e-9,-0.09063141793012619],"p":[-242.36012268066406,397.7327575683594,563.617919921875]},"j":false},{"t":6.090821743011475,"c":{"r":[-0.05582244694232941,-4.467543135433516e-8,-0.998440682888031,-4.910908657507207e-8,1,-4.19995309641763e-8,0.998440682888031,4.668799391538414e-8,-0.05582244694232941],"p":[-240.76583862304688,397.5296325683594,563.7517700195312]},"j":false},{"t":6.157211065292358,"c":{"r":[-0.020940706133842468,-3.2617364364995183e-9,-0.9997807145118713,-3.3921423892024904e-8,1,-2.5519573121357553e-9,0.9997807145118713,3.386054459042498e-8,-0.020940706133842468],"p":[-239.26678466796875,397.5511779785156,563.8010864257812]},"j":false},{"t":6.223785400390625,"c":{"r":[-2.60770320892334e-8,4.216949278657012e-8,-1,-1.7204786928459725e-8,1,4.216949278657012e-8,1,1.7204788704816565e-8,-2.60770320892334e-8],"p":[-237.5671844482422,397.55047607421875,563.8353271484375]},"j":false},{"t":6.290237188339233,"c":{"r":[0.08367753773927689,8.260958850314637e-8,-0.996492862701416,-5.397805757922924e-9,1,8.244706606319596e-8,0.996492862701416,-1.5200924963210127e-9,0.08367753773927689],"p":[-236.0690460205078,397.5521545410156,563.7744750976562]},"j":false},{"t":6.350538969039917,"c":{"r":[0.1391739547252655,1.2130996651649184e-7,-0.9902679324150085,4.41594272260204e-9,1,1.231227884090913e-7,0.9902679324150085,-2.1508453684759843e-8,0.1391739547252655],"p":[-234.57559204101562,397.5552978515625,563.6354370117188]},"j":false},{"t":6.38338303565979,"c":{"r":[0.23514115810394287,1.0068333011759023e-7,-0.9719612002372742,4.8899759796938724e-9,1,1.0477080536475114e-7,0.9719612002372742,-2.938879717362397e-8,0.23514115810394287],"p":[-233.98484802246094,397.5654296875,563.5352783203125]},"j":true},{"t":6.393186569213867,"c":{"r":[0.2689206302165985,5.719502382817154e-8,-0.963162362575531,4.733148539770582e-9,1,6.070406044500487e-8,0.963162362575531,-2.088336437111593e-8,0.2689206302165985],"p":[-233.69142150878906,398.2264404296875,563.4743041992188]},"j":true},{"t":6.402205467224121,"c":{"r":[0.2883112132549286,2.8439517407718995e-8,-0.9575367569923401,5.907582423247959e-9,1,3.147945903947402e-8,0.9575367569923401,-1.4732608910605904e-8,0.2883112132549286],"p":[-233.49745178222656,398.65234375,563.4264526367188]},"j":true},{"t":6.418065786361694,"c":{"r":[0.3331533670425415,-4.490085103725505e-8,-0.9428726434707642,2.9005081003674604e-8,1,-3.737271470072301e-8,0.9428726434707642,-1.4897252320622556e-8,0.3331533670425415],"p":[-233.0197296142578,399.65753173828125,563.2793579101562]},"j":false},{"t":6.485128164291382,"c":{"r":[0.361228883266449,-1.0570254005415336e-7,-0.9324771761894226,8.238061610654768e-8,1,-8.144358076833669e-8,0.9324771761894226,-4.739827375033201e-8,0.361228883266449],"p":[-231.51858520507812,402.30181884765625,562.7257080078125]},"j":false},{"t":6.547757863998413,"c":{"r":[0.38106438517570496,-8.626971492731172e-8,-0.9245485067367554,9.323996863486173e-8,1,-5.488006848963778e-8,0.9245485067367554,-6.529203488980784e-8,0.38106438517570496],"p":[-230.1280059814453,403.9888916015625,562.16357421875]},"j":false},{"t":6.615280866622925,"c":{"r":[0.38106897473335266,-6.502159521915019e-8,-0.9245465993881226,1.0817534956686359e-7,1,-2.5741620390817843e-8,0.9245465993881226,-9.020381952495882e-8,0.38106897473335266],"p":[-228.6487579345703,404.9436950683594,561.55419921875]},"j":false},{"t":6.675748586654663,"c":{"r":[0.37473663687705994,-4.443952406063545e-8,-0.9271312952041626,1.2247005543031264e-7,1,1.5688140786451754e-9,0.9271312952041626,-1.1413371936441763e-7,0.37473663687705994],"p":[-227.26156616210938,405.046875,560.9838256835938]},"j":false},{"t":6.740888833999634,"c":{"r":[0.2962489426136017,-1.5826627119963632e-8,-0.9551107883453369,1.6026972105009918e-7,1,3.3140768351813676e-8,0.9551107883453369,-1.6289324378249148e-7,0.2962489426136017],"p":[-225.85743713378906,404.3836364746094,560.4569091796875]},"j":false},{"t":6.807055473327637,"c":{"r":[0.21475686132907867,1.5332476621665592e-8,-0.9766675233840942,1.2113569880511932e-7,1,4.2334978189728645e-8,0.9766675233840942,-1.2740103727537644e-7,0.21475686132907867],"p":[-224.3074951171875,402.8314514160156,560.063232421875]},"j":false},{"t":6.875201463699341,"c":{"r":[0.09936126321554184,4.7518625478915055e-8,-0.9950514435768127,1.4240150392197393e-7,1,6.197450375111657e-8,0.9950514435768127,-1.4785469204525725e-7,0.09936126321554184],"p":[-222.6383819580078,400.226806640625,559.7444458007812]},"j":false},{"t":6.936421632766724,"c":{"r":[-0.07607030123472214,3.903285517026234e-8,-0.9971024394035339,1.2955032957506774e-7,1,2.926271314152018e-8,0.9971024394035339,-1.269489189326123e-7,-0.07607030123472214],"p":[-221.34933471679688,397.7125244140625,559.6821899414062]},"j":false},{"t":7.000191688537598,"c":{"r":[-0.34857115149497986,-4.873589176668247e-8,-0.9372823238372803,-8.662222938937703e-8,1,-1.978260044666058e-8,0.9372823238372803,7.429384396573369e-8,-0.34857115149497986],"p":[-220.10458374023438,397.25811767578125,559.9049682617188]},"j":false},{"t":7.044339418411255,"c":{"r":[-0.41945189237594604,-2.6592747559561758e-8,-0.9077775478363037,-6.222603587957565e-8,1,-5.418927528921813e-10,0.9077775478363037,5.626010235459944e-8,-0.41945189237594604],"p":[-219.4005584716797,396.6980895996094,560.1516723632812]},"j":true},{"t":7.052874803543091,"c":{"r":[-0.41945189237594604,-2.1100843738963704e-8,-0.9077775478363037,-5.72963188005815e-8,1,3.230093303940862e-9,0.9077775478363037,5.3367180896657374e-8,-0.41945189237594604],"p":[-219.2452850341797,397.13763427734375,560.2199096679688]},"j":true},{"t":7.0609612464904785,"c":{"r":[-0.41945189237594604,-1.5611286485750497e-8,-0.9077775478363037,-5.236870848079889e-8,1,7.000467316942149e-9,0.9077775478363037,5.047549578307553e-8,-0.41945189237594604],"p":[-219.0836181640625,397.56353759765625,560.2919311523438]},"j":true},{"t":7.065171241760254,"c":{"r":[-0.41945189237594604,-1.0124077576278978e-8,-0.9077775478363037,-4.74432049202278e-8,1,1.0769229952245496e-8,0.9077775478363037,4.758505056656759e-8,-0.41945189237594604],"p":[-218.91342163085938,397.975830078125,560.3690185546875]},"j":false},{"t":7.131066560745239,"c":{"r":[-0.41945189237594604,3.095533429586794e-8,-0.9077775478363037,-1.0568945718603118e-8,1,3.8983667849379344e-8,0.9077775478363037,2.594602577232763e-8,-0.41945189237594604],"p":[-217.55575561523438,400.6336975097656,560.9957275390625]},"j":false},{"t":7.191285133361816,"c":{"r":[-0.349980890750885,9.214322460593394e-8,-0.9367568492889404,5.924748336383345e-8,1,7.622868025691787e-8,0.9367568492889404,-2.882190486275249e-8,-0.349980890750885],"p":[-216.18060302734375,402.525146484375,561.5936279296875]},"j":false},{"t":7.257330417633057,"c":{"r":[-0.3288685381412506,6.226362359029736e-8,-0.9443756937980652,7.970062654294452e-8,1,3.817611116119224e-8,0.9443756937980652,-6.271241659305815e-8,-0.3288685381412506],"p":[-214.76687622070312,403.6501770019531,562.094970703125]},"j":false},{"t":7.325278043746948,"c":{"r":[-0.3093189299106598,-4.9125802092930826e-8,-0.9509583711624146,2.872250526309017e-8,1,-6.100184890556193e-8,0.9509583711624146,-4.6182933033378504e-8,-0.3093189299106598],"p":[-213.15948486328125,403.9987487792969,562.6483764648438]},"j":false},{"t":7.390866279602051,"c":{"r":[-0.2891191840171814,-1.3804320531107805e-7,-0.9572930932044983,4.257020957965096e-9,1,-1.4548730575825175e-7,0.9572930932044983,-4.61383891092737e-8,-0.2891191840171814],"p":[-211.7276611328125,403.4888000488281,563.0953369140625]},"j":false},{"t":7.458432674407959,"c":{"r":[-0.2491106241941452,-4.163043598737204e-8,-0.9684750437736511,-1.94679627973926e-9,1,-4.248479967827734e-8,0.9684750437736511,-8.697990772077446e-9,-0.2491106241941452],"p":[-210.0911865234375,401.9843444824219,563.5552978515625]},"j":false},{"t":7.524858236312866,"c":{"r":[-0.24192214012145996,1.41421153898591e-7,-0.9702956676483154,3.951797111767519e-9,1,1.4476528065188177e-7,0.9702956676483154,3.118751479291859e-8,-0.24192214012145996],"p":[-208.63648986816406,399.83941650390625,563.9208984375]},"j":false},{"t":7.592869758605957,"c":{"r":[-0.08367761969566345,5.54208945402479e-8,-0.996492862701416,6.372690819489435e-9,1,5.508081812877208e-8,0.996492862701416,-1.7413090969142786e-9,-0.08367761969566345],"p":[-206.9796142578125,399.11273193359375,564.2940063476562]},"j":false},{"t":7.596807956695557,"c":{"r":[-0.08367761969566345,5.54208945402479e-8,-0.996492862701416,6.372690819489435e-9,1,5.508081812877208e-8,0.996492862701416,-1.7413090969142786e-9,-0.08367761969566345],"p":[-206.9796142578125,399.11273193359375,564.2940063476562]},"j":true},{"t":7.605933666229248,"c":{"r":[-0.04187426343560219,4.50215544844923e-8,-0.9991229176521301,8.310360399832462e-9,1,4.471278458595407e-8,0.9991229176521301,-6.43075637185575e-9,-0.04187426343560219],"p":[-206.782470703125,399.5522766113281,564.3274536132812]},"j":true},{"t":7.6152074337005615,"c":{"r":[-0.0015028556808829308,3.499205902812719e-8,-0.9999988675117493,1.3276464372324881e-8,1,3.497214606795751e-8,0.9999988675117493,-1.3223891315305991e-8,-0.0015028556808829308],"p":[-206.58456420898438,399.9781799316406,564.3535766601562]},"j":true},{"t":7.6535890102386475,"c":{"r":[0.1445332020521164,2.9611950669305998e-9,-0.9894999265670776,1.3217140804044902e-7,1,2.2298486612726265e-8,0.9894999265670776,-1.3400646992067777e-7,0.1445332020521164],"p":[-205.4894561767578,402.0771789550781,564.3268432617188]},"j":false},{"t":7.714004993438721,"c":{"r":[0.23444879055023193,-1.609195621199433e-8,-0.9721284508705139,1.1824862156117888e-7,1,1.1964765178618109e-8,0.9721284508705139,-1.1775797759128181e-7,0.23444879055023193],"p":[-204.11318969726562,404.1524963378906,564.0740356445312]},"j":false},{"t":7.776754140853882,"c":{"r":[0.2615649402141571,-4.973118805651211e-9,-0.9651858806610107,1.9506684267867058e-8,1,1.3380410668339948e-10,0.9651858806610107,-1.8862575501543688e-8,0.2615649402141571],"p":[-202.65660095214844,405.63519287109375,563.7159423828125]},"j":false},{"t":7.8391642570495605,"c":{"r":[0.30888739228248596,5.972396355247156e-9,-0.951098620891571,-4.631063532656299e-8,1,-8.760789427242344e-9,0.951098620891571,4.6752077764722344e-8,0.30888739228248596],"p":[-201.21795654296875,406.3514709472656,563.2919921875]},"j":false},{"t":7.907207012176514,"c":{"r":[0.5101829171180725,-2.06193817575695e-8,-0.8600659370422363,8.970285136911116e-8,1,2.9236691290179806e-8,0.8600659370422363,-9.206642914705299e-8,0.5101829171180725],"p":[-199.6488494873047,406.2367858886719,562.6480102539062]},"j":false},{"t":7.974666357040405,"c":{"r":[0.5299178957939148,-4.411235110524103e-8,-0.848048985004425,1.3792534048207017e-7,1,3.416872473849253e-8,0.848048985004425,-1.3507406038115732e-7,0.5299178957939148],"p":[-198.28819274902344,405.2295837402344,561.8064575195312]},"j":false},{"t":8.040391206741333,"c":{"r":[0.5299190878868103,8.318577826571527e-9,-0.848048210144043,-4.1088657809496e-8,1,-1.5865946778603757e-8,0.848048210144043,4.325283242678779e-8,0.5299190878868103],"p"