{"v":1,"name":"macro1_macro2_merged","d":[{"t":0.06396031379699707,"c":{"r":[-0.07671980559825897,-5.56817738583959e-8,0.9970526695251465,-1.1602026717127956e-7,1,4.6919005569634464e-8,-0.9970526695251465,-1.1207870187490698e-7,-0.07671980559825897],"p":[232.32984924316406,314.2543640136719,-144.5996856689453]},"j":false},{"t":0.3323540687561035,"c":{"r":[0.47562408447265625,2.5698545513819226e-8,0.8796486258506775,-2.290066625221243e-8,1,-1.6832217397677596e-8,-0.8796486258506775,-1.2138732685684772e-8,0.47562408447265625],"p":[232.32989501953125,314.2543640136719,-144.5996551513672]},"j":false},{"t":0.3961906433105469,"c":{"r":[0.47562408447265625,-3.325047259750136e-8,0.8796486258506775,1.0694157026591711e-7,1,-2.0023351865461336e-8,-0.8796486258506775,1.0359459423625594e-7,0.47562408447265625],"p":[231.585205078125,314.2543640136719,-145.0023193359375]},"j":false},{"t":0.46397972106933594,"c":{"r":[0.47562408447265625,-1.8311722138619757e-9,0.8796486258506775,-2.3609873167629303e-8,1,1.4847515217297769e-8,-0.8796486258506775,-2.783022878816155e-8,0.47562408447265625],"p":[230.17796325683594,314.2543640136719,-145.76318359375]},"j":false},{"t":0.5349717140197754,"c":{"r":[0.5649665594100952,1.6399908986386436e-8,0.825113832950592,-4.6254324814754e-8,1,1.1795026289007637e-8,-0.825113832950592,-4.482888016354991e-8,0.5649665594100952],"p":[228.69229125976562,314.2543640136719,-146.58905029296875]},"j":false},{"t":0.6022529602050781,"c":{"r":[0.7966592907905579,-7.79619213631122e-8,0.6044285893440247,8.671814555327728e-8,1,1.4686770022365181e-8,-0.6044285893440247,4.07145748226867e-8,0.7966592907905579],"p":[227.56394958496094,313.6375732421875,-147.56582641601562]},"j":false},{"t":0.6627254486083984,"c":{"r":[0.8480479121208191,-8.846589594213583e-8,0.5299195647239685,6.337491953445351e-8,1,6.552112097324425e-8,-0.5299195647239685,-2.198144066767327e-8,0.8480479121208191],"p":[226.68031311035156,312.933349609375,-148.8983917236328]},"j":false},{"t":0.7299098968505859,"c":{"r":[0.8480479717254639,-9.617425433816607e-8,0.5299195051193237,4.0647030630225345e-8,1,1.1643961528307045e-7,-0.5299195051193237,-7.720672101640957e-8,0.8480479717254639],"p":[225.83241271972656,312.9885559082031,-150.2553253173828]},"j":false},{"t":0.7966732978820801,"c":{"r":[0.8480479717254639,4.143450738069987e-8,0.5299195051193237,-2.5875257492202763e-8,1,-3.678115234606594e-8,-0.5299195051193237,1.7480378033951638e-8,0.8480479717254639],"p":[224.98451232910156,312.993896484375,-151.6122589111328]},"j":false},{"t":0.8620915412902832,"c":{"r":[0.8480479717254639,4.488450144890521e-8,0.5299195051193237,-1.695743101493008e-8,1,-5.756306009629952e-8,-0.5299195051193237,3.98301622794861e-8,0.8480479717254639],"p":[224.18960571289062,312.99432373046875,-152.88438415527344]},"j":false},{"t":0.9226593971252441,"c":{"r":[0.8517268896102905,-1.3772593732142013e-8,0.5239859819412231,2.2858042569851023e-8,1,-1.0870930822193259e-8,-0.5239859819412231,2.123635667317103e-8,0.8517268896102905],"p":[223.396728515625,312.99432373046875,-154.15774536132812]},"j":false},{"t":0.9883153438568115,"c":{"r":[0.8517268896102905,-7.591145134711041e-8,0.5239859819412231,6.537250385463267e-8,1,3.8611595698512247e-8,-0.5239859819412231,1.3677409205214985e-9,0.8517268896102905],"p":[222.558349609375,312.99432373046875,-155.52053833007812]},"j":false},{"t":1.0548202991485596,"c":{"r":[0.8517268896102905,-1.0299677200009683e-7,0.5239859819412231,8.063878453867801e-8,1,6.548754072355223e-8,-0.5239859819412231,-1.3523905550982818e-8,0.8517268896102905],"p":[221.719970703125,312.99432373046875,-156.88333129882812]},"j":false},{"t":1.1228182315826416,"c":{"r":[0.8517268896102905,9.570556613880399e-8,0.5239859819412231,-7.896854725686353e-8,1,-5.428757887671054e-8,-0.5239859819412231,4.859776137067229e-9,0.8517268896102905],"p":[220.881591796875,312.99432373046875,-158.24612426757812]},"j":false},{"t":1.1879982948303223,"c":{"r":[0.8517268896102905,2.7489896581300854e-8,0.5239859819412231,-1.9745362678236233e-8,1,-2.036741619804161e-8,-0.5239859819412231,7.001182300570008e-9,0.8517268896102905],"p":[220.043212890625,312.99432373046875,-159.60891723632812]},"j":false},{"t":1.25532865524292,"c":{"r":[0.8517268896102905,-4.049311641551867e-8,0.5239859819412231,3.9275874996747007e-8,1,1.343699640443674e-8,-0.5239859819412231,9.135357359468799e-9,0.8517268896102905],"p":[219.204833984375,312.99432373046875,-160.97171020507812]},"j":false},{"t":1.3214473724365234,"c":{"r":[0.8517268896102905,-1.082442580013776e-7,0.5239859819412231,9.809584611275568e-8,1,4.71260506174076e-8,-0.5239859819412231,1.1262323518224093e-8,0.8517268896102905],"p":[218.366455078125,312.99432373046875,-162.33450317382812]},"j":false},{"t":1.3872041702270508,"c":{"r":[0.8517268896102905,1.6328000285170674e-8,0.5239859819412231,-1.5557604982063822e-8,1,-5.872618835667254e-9,-0.5239859819412231,-3.15009951457057e-9,0.8517268896102905],"p":[217.528076171875,312.99432373046875,-163.69729614257812]},"j":false},{"t":1.455460786819458,"c":{"r":[0.8517268896102905,5.917007683819975e-8,0.5239859819412231,-5.3533813826334153e-8,1,-2.590505943089738e-8,-0.5239859819412231,-5.986932283263968e-9,0.8517268896102905],"p":[216.689697265625,312.99432373046875,-165.06008911132812]},"j":false},{"t":1.5213291645050049,"c":{"r":[0.8517268896102905,-2.894328510194555e-8,0.5239859819412231,2.777501251216563e-8,1,1.0089125979106939e-8,-0.5239859819412231,5.96053739698732e-9,0.8517268896102905],"p":[215.851318359375,312.99432373046875,-166.42288208007812]},"j":false},{"t":1.5883255004882812,"c":{"r":[0.8517268896102905,-1.1675613365014215e-7,0.5239859819412231,1.0880657441703079e-7,1,4.596048341909409e-8,-0.5239859819412231,1.786733960784659e-8,0.8517268896102905],"p":[215.012939453125,312.99432373046875,-167.78567504882812]},"j":false},{"t":1.6497070789337158,"c":{"r":[0.8517268896102905,2.0034782721722877e-8,0.5239859819412231,-1.8974775528590726e-8,1,-7.392290335417329e-9,-0.5239859819412231,-3.6463037034195622e-9,0.8517268896102905],"p":[214.27935791015625,312.99432373046875,-168.97811889648438]},"j":false},{"t":1.7144687175750732,"c":{"r":[0.8517269492149353,5.454534601767591e-8,0.5239858627319336,-5.0881197921626153e-8,1,-2.139076293872222e-8,-0.5239858627319336,-8.441939591818937e-9,0.8517269492149353],"p":[213.44097900390625,312.99432373046875,-170.34091186523438]},"j":false},{"t":1.7807962894439697,"c":{"r":[0.8625136017799377,-3.673941151305371e-8,0.5060338973999023,3.5260818265214766e-8,1,1.2502082924470415e-8,-0.5060338973999023,7.0599526225123554e-9,0.8625136017799377],"p":[212.6134796142578,312.99432373046875,-171.7102508544922]},"j":false},{"t":1.8472685813903809,"c":{"r":[0.8625136017799377,-1.1053944604100252e-7,0.5060338973999023,1.0508868086844814e-7,1,3.932351333446604e-8,-0.5060338973999023,1.9261367611989044e-8,0.8625136017799377],"p":[211.8039093017578,312.99432373046875,-173.0903778076172]},"j":false},{"t":1.9139823913574219,"c":{"r":[0.8625136017799377,7.347752273290098e-8,0.5060338973999023,-7.007936630998302e-8,1,-2.575542978888734e-8,-0.5060338973999023,-1.324812437530909e-8,0.8625136017799377],"p":[210.9943389892578,312.99432373046875,-174.4705047607422]},"j":false},{"t":1.979806661605835,"c":{"r":[0.8625136017799377,3.092898737122596e-8,0.5060338973999023,-2.9379949140206918e-8,1,-1.1043494119178376e-8,-0.5060338973999023,-5.342086328852247e-9,0.8625136017799377],"p":[210.23536682128906,312.99432373046875,-175.76437377929688]},"j":false},{"t":2.04687237739563,"c":{"r":[0.8625136017799377,-7.77914195282392e-8,0.5060338973999023,7.439044935608763e-8,1,2.6932269747703685e-8,-0.5060338973999023,1.441464192453168e-8,0.8625136017799377],"p":[209.3751983642578,312.99432373046875,-177.2307586669922]},"j":false},{"t":2.112980604171753,"c":{"r":[0.8625136017799377,-2.2062399906985775e-8,0.5060338973999023,2.1044833431460575e-8,1,7.728621298497274e-9,-0.5060338973999023,3.983357643733143e-9,0.8625136017799377],"p":[208.5656280517578,312.99432373046875,-178.6108856201172]},"j":false},{"t":2.18046236038208,"c":{"r":[0.8625136017799377,8.322403033389492e-8,0.5060338973999023,-7.958657022300031e-8,1,-2.881138527754956e-8,-0.5060338973999023,-1.542328931236625e-8,0.8625136017799377],"p":[207.7560577392578,312.99432373046875,-179.9910125732422]},"j":false},{"t":2.256455898284912,"c":{"r":[0.8625136017799377,-4.363004890706179e-8,0.5060338973999023,4.1788670301912134e-8,1,1.4992576069516872e-8,-0.5060338973999023,8.215183200377396e-9,0.8625136017799377],"p":[206.8452911376953,312.99432373046875,-181.5436553955078]},"j":false},{"t":2.3225350379943848,"c":{"r":[0.8625136017799377,-6.792604523297996e-8,0.5060338973999023,6.500918914298381e-8,1,2.3426764528267086e-8,-0.5060338973999023,1.2690949624527548e-8,0.8625136017799377],"p":[206.0357208251953,312.99432373046875,-182.9237823486328]},"j":false},{"t":2.390765905380249,"c":{"r":[0.8729221224784851,1.0115817161704399e-7,0.4878595769405365,-9.78339755874913e-8,1,-3.229768097412489e-8,-0.4878595769405365,-1.953588046887944e-8,0.8729221224784851],"p":[205.2431640625,312.99432373046875,-184.3136444091797]},"j":false},{"t":2.45521879196167,"c":{"r":[0.8729221224784851,5.527137081351441e-10,0.4878595769405365,-2.9803437495701246e-10,1,-5.996662055807178e-10,-0.4878595769405365,3.7806296981912624e-10,0.8729221224784851],"p":[204.462646484375,312.99432373046875,-185.7103729248047]},"j":false},{"t":2.5209591388702393,"c":{"r":[0.8729221224784851,-1.1762573137730215e-7,0.4878595769405365,1.1421658996368933e-7,1,3.673914150681412e-8,-0.4878595769405365,2.3651246294775774e-8,0.8729221224784851],"p":[203.68212890625,312.99432373046875,-187.1071014404297]},"j":false},{"t":2.5820555686950684,"c":{"r":[0.8729218244552612,2.2105691499518798e-8,0.4878600835800171,-2.1586364695735938e-8,1,-6.687334241917142e-9,-0.4878600835800171,-4.693605060168693e-9,0.8729218244552612],"p":[202.99917602539062,312.99432373046875,-188.32923889160156]},"j":false},{"t":2.6460840702056885,"c":{"r":[0.8729218244552612,5.73195464426135e-8,0.4878600835800171,-5.572332284486947e-8,1,-1.7786737416258802e-8,-0.4878600835800171,-1.1658753962251467e-8,0.8729218244552612],"p":[202.21865844726562,312.99432373046875,-189.72596740722656]},"j":false},{"t":2.7145910263061523,"c":{"r":[0.8367643356323242,-6.662182272521022e-8,0.5475631952285767,6.36345447446729e-8,1,2.44258693271604e-8,-0.5475631952285767,1.4405239667780734e-8,0.8367643356323242],"p":[201.40591430664062,312.99432373046875,-191.10386657714844]},"j":false},{"t":2.7809834480285645,"c":{"r":[0.8251136541366577,-2.9258929501452258e-8,0.5649667978286743,2.76611942240379e-8,1,1.139058181109931e-8,-0.5649667978286743,6.229131432888835e-9,0.8251136541366577],"p":[200.51617431640625,312.99432373046875,-192.43359375]},"j":false},{"t":2.846450090408325,"c":{"r":[0.7880105972290039,9.610754858613291e-8,0.6156616806983948,-9.096279995901568e-8,1,-3.967746664557126e-8,-0.6156616806983948,-2.4736046100315434e-8,0.7880105972290039],"p":[199.58456420898438,312.99432373046875,-193.73403930664062]},"j":false},{"t":2.9137954711914062,"c":{"r":[0.7705135941505432,-2.675463939283418e-8,0.637423574924469,2.5789248070395843e-8,1,1.0799211302980893e-8,-0.637423574924469,8.117735816881577e-9,0.7705135941505432],"p":[198.573974609375,312.99432373046875,-194.97439575195312]},"j":false},{"t":2.9794557094573975,"c":{"r":[0.7705135941505432,-7.847398109106507e-8,0.637423574924469,7.500851495478855e-8,1,3.244138113700501e-8,-0.637423574924469,2.281566935380397e-8,0.7705135941505432],"p":[197.55419921875,312.99432373046875,-196.20730590820312]},"j":false},{"t":3.0483896732330322,"c":{"r":[0.7615385055541992,7.981225280673243e-8,0.6481196880340576,-7.626230313917404e-8,1,-3.3536355914520755e-8,-0.6481196880340576,-2.388787478935228e-8,0.7615385055541992],"p":[196.5303955078125,312.99432373046875,-197.4368438720703]},"j":false},{"t":3.114222526550293,"c":{"r":[0.7289687395095825,1.1347527362204346e-8,0.6845470070838928,-1.0785489834574946e-8,1,-5.0913122606743855e-9,-0.6845470070838928,-3.67176755666776e-9,0.7289687395095825],"p":[195.47833251953125,312.99432373046875,-198.64224243164062]},"j":false},{"t":3.1788370609283447,"c":{"r":[0.6996634006500244,-1.0753237233984692e-7,0.7144725918769836,1.0131666527968264e-7,1,5.128931590547836e-8,-0.7144725918769836,3.650272617505834e-8,0.6996634006500244],"p":[194.36158752441406,312.99432373046875,-199.78785705566406]},"j":false},{"t":3.246908187866211,"c":{"r":[0.6320294737815857,3.127843939410013e-8,0.7749443054199219,-2.4269960263723078e-8,1,-2.0568068137549744e-8,-0.7749443054199219,-5.808242331539759e-9,0.6320294737815857],"p":[193.17959594726562,312.99432373046875,-200.8650360107422]},"j":false},{"t":3.31455659866333,"c":{"r":[0.5877854228019714,4.6801567066268035e-8,0.8090168833732605,-4.3011368688894436e-8,1,-2.660032549783864e-8,-0.8090168833732605,-1.9161639386311435e-8,0.5877854228019714],"p":[191.92181396484375,312.99432373046875,-201.8537139892578]},"j":false},{"t":3.379990816116333,"c":{"r":[0.5649673342704773,-7.285559888714488e-8,0.8251132965087891,5.37966293734371e-8,1,5.14623401670633e-8,-0.8251132965087891,1.5313773360503546e-8,0.5649673342704773],"p":[190.61871337890625,312.99432373046875,-202.78199768066406]},"j":false},{"t":3.441073417663574,"c":{"r":[0.535827100276947,-3.7714304568226e-8,0.8443277478218079,3.042102747485842e-8,1,2.5362062672229513e-8,-0.8443277478218079,1.2095636492404083e-8,0.535827100276947],"p":[189.4574737548828,312.99432373046875,-203.56387329101562]},"j":false},{"t":3.5045173168182373,"c":{"r":[0.4067365825176239,1.0165396702177532e-7,0.9135454893112183,-6.599711355192994e-8,1,-8.189032030259114e-8,-0.9135454893112183,-2.6983574485939243e-8,0.4067365825176239],"p":[188.06729125976562,312.99432373046875,-204.35337829589844]},"j":false},{"t":3.57181715965271,"c":{"r":[0.31564947962760925,-1.994795795212667e-8,0.9488758444786072,9.21203380244151e-9,1,1.7958285525310203e-8,-0.9488758444786072,3.0725522126573424e-9,0.31564947962760925],"p":[186.58192443847656,312.99432373046875,-204.94610595703125]},"j":false},{"t":3.6379666328430176,"c":{"r":[0.2215486466884613,-8.642749804721461e-8,0.9751493334770203,4.6139778220322114e-8,1,7.814730196287201e-8,-0.9751493334770203,2.7679744718511756e-8,0.2215486466884613],"p":[185.04229736328125,312.99432373046875,-205.37820434570312]},"j":false},{"t":3.703641414642334,"c":{"r":[0.20791137218475342,5.925371837633975e-8,0.9781476855278015,-3.07484917527745e-8,1,-5.404169556300076e-8,-0.9781476855278015,-1.884068190349808e-8,0.20791137218475342],"p":[183.57688903808594,312.99432373046875,-205.69821166992188]},"j":false},{"t":3.772650718688965,"c":{"r":[0.20791137218475342,1.8441683735659353e-8,0.9781476855278015,-9.900360531389651e-9,1,-1.6749297060414392e-8,-0.9781476855278015,-6.201645419423585e-9,0.20791137218475342],"p":[181.9141387939453,312.99432373046875,-206.05177307128906]},"j":false},{"t":3.83833909034729,"c":{"r":[0.19423474371433258,-1.0011757467509597e-7,0.9809550642967224,5.0370633886132055e-8,1,9.208764595314278e-8,-0.9809550642967224,3.1524709953600905e-8,0.19423474371433258],"p":[180.34619140625,312.99432373046875,-206.3702392578125]},"j":false},{"t":3.905050754547119,"c":{"r":[0.19423450529575348,2.0040625159367664e-8,0.9809551239013672,-9.919888022125178e-9,1,-1.8465513562659908e-8,-0.9809551239013672,-6.144325492840608e-9,0.19423450529575348],"p":[178.776611328125,312.99432373046875,-206.6810302734375]},"j":false},{"t":3.973234176635742,"c":{"r":[0.19423474371433258,5.516159617968697e-8,0.9809550642967224,-2.768397067143269e-8,1,-5.075095543816133e-8,-0.9809550642967224,-1.729913279291395e-8,0.19423474371433258],"p":[177.20703125,312.99432373046875,-206.9918212890625]},"j":false},{"t":4.034892320632935,"c":{"r":[0.19423462450504303,-4.012702703448667e-8,0.9809551239013672,1.9946467588738415e-8,1,3.695656758395671e-8,-0.9809551239013672,1.2388344572400456e-8,0.19423462450504303],"p":[175.9372100830078,312.9210510253906,-207.24325561523438]},"j":true},{"t":4.040332078933716,"c":{"r":[0.19423462450504303,-6.207915959066668e-8,0.9809551239013672,3.091933109544698e-8,1,5.716220741192046e-8,-0.9809551239013672,1.9227597292115206e-8,0.19423462450504303],"p":[175.6475372314453,313.57525634765625,-207.3006134033203]},"j":false},{"t":4.041749715805054,"c":{"r":[0.19423462450504303,-6.207915959066668e-8,0.9809551239013672,3.091933109544698e-8,1,5.716220741192046e-8,-0.9809551239013672,1.9227597292115206e-8,0.19423462450504303],"p":[175.6475372314453,313.57525634765625,-207.3006134033203]},"j":true},{"t":4.050147533416748,"c":{"r":[0.19423459470272064,-7.670610102650244e-8,0.9809551239013672,3.82306666324439e-8,1,7.062543971869673e-8,-0.9809551239013672,2.378466312791261e-8,0.19423459470272064],"p":[175.45213317871094,313.9943542480469,-207.33929443359375]},"j":true},{"t":4.104023456573486,"c":{"r":[0.194234699010849,-1.289145501459643e-7,0.9809550642967224,6.435622879052971e-8,1,1.1867447824442934e-7,-0.9809550642967224,4.0079871865827954e-8,0.194234699010849],"p":[174.07888793945312,316.54656982421875,-207.61122131347656]},"j":false},{"t":4.1712377071380615,"c":{"r":[0.194234699010849,2.0797189748122946e-8,0.9809550642967224,-1.0323785382126971e-8,1,-1.9156791708496712e-8,-0.9809550642967224,-6.406256414237532e-9,0.194234699010849],"p":[172.50930786132812,318.6458435058594,-207.92201232910156]},"j":false},{"t":4.2354185581207275,"c":{"r":[0.13964591920375824,1.5170903111538792e-7,0.990201473236084,-5.654225176954242e-8,1,-1.4523624258799828e-7,-0.990201473236084,-3.5706573697780186e-8,0.13964591920375824],"p":[171.03244018554688,319.8219909667969,-208.18316650390625]},"j":false},{"t":4.297314643859863,"c":{"r":[0.11189624667167664,3.026399397754176e-8,0.9937198758125305,6.6103909013293105e-9,1,-3.119960823028123e-8,-0.9937198758125305,1.0059995503297614e-8,0.11189624667167664],"p":[169.54541015625,320.2317199707031,-208.3797607421875]},"j":false},{"t":4.362767934799194,"c":{"r":[0.07022015750408173,-1.2022850626181025e-7,0.997531533241272,9.27497865177429e-8,1,1.1399700383663003e-7,-0.997531533241272,8.451594624148129e-8,0.07022015750408173],"p":[167.9535369873047,319.82403564453125,-208.53976440429688]},"j":false},{"t":4.4301252365112305,"c":{"r":[0.035097356885671616,-4.545444554082678e-8,0.9993839263916016,3.281180838143882e-8,1,4.43301502173199e-8,-0.9993839263916016,3.1235721564826235e-8,0.035097356885671616],"p":[166.3561248779297,318.5443420410156,-208.6287841796875]},"j":false},{"t":4.490253448486328,"c":{"r":[-0.006958749610930681,1.4938907000328072e-8,0.9999758005142212,-3.5461129588298945e-9,1,-1.496394474997942e-8,-0.9999758005142212,-3.650157509582641e-9,-0.006958749610930681],"p":[165.0906524658203,317.3182678222656,-208.6581268310547]},"j":false},{"t":4.554742813110352,"c":{"r":[-0.03489913418889046,7.761098430592028e-8,0.9993908405303955,-3.6535237057933045e-8,1,-7.893412146131595e-8,-0.9993908405303955,-3.92677144134268e-8,-0.03489913418889046],"p":[164.02877807617188,316.7535095214844,-208.64080810546875]},"j":false},{"t":4.621906280517578,"c":{"r":[-0.03489913418889046,2.282298083855494e-8,0.9993908405303955,-1.1645643560598273e-8,1,-2.324356174199238e-8,-0.9993908405303955,-1.244973013569961e-8,-0.03489913418889046],"p":[162.78799438476562,316.7776794433594,-208.6016387939453]},"j":false},{"t":4.688565731048584,"c":{"r":[-0.03489913418889046,-6.545374020561212e-8,0.9993908405303955,3.1148260859481525e-8,1,6.658135021098133e-8,-0.9993908405303955,3.3452916881060446e-8,-0.03489913418889046],"p":[161.6565704345703,316.0771484375,-208.5620880126953]},"j":false},{"t":4.7555413246154785,"c":{"r":[-0.03489913418889046,6.8334671254888235e-9,0.9993908405303955,-2.076871563616578e-9,1,-6.910157335227041e-9,-0.9993908405303955,-2.316765002063903e-9,-0.03489913418889046],"p":[160.52493286132812,316.4122619628906,-208.5225372314453]},"j":false},{"t":4.821780443191528,"c":{"r":[-0.04187570512294769,7.870082896488384e-8,0.9991227984428406,-3.499679834817471e-8,1,-8.023672393164816e-8,-0.9991227984428406,-3.832607120557441e-8,-0.04187570512294769],"p":[159.36338806152344,316.2518615722656,-208.4802703857422]},"j":false},{"t":4.88848614692688,"c":{"r":[-0.048849642276763916,2.402486209973631e-8,0.9988061189651489,-1.1088311602236445e-8,1,-2.4595884440259397e-8,-0.9988061189651489,-1.2276573535530133e-8,-0.048849642276763916],"p":[158.18728637695312,316.6445617675781,-208.43099975585938]},"j":false},{"t":4.954658269882202,"c":{"r":[-0.11146847903728485,-7.149783698423562e-8,0.9937679767608643,2.8107338678751148e-8,1,7.509893151791402e-8,-0.9937679767608643,3.630333722526302e-8,-0.11146847903728485],"p":[156.92291259765625,317.623046875,-208.37802124023438]},"j":false},{"t":5.020837306976318,"c":{"r":[-0.11146844923496246,1.618066036712662e-8,0.9937679767608643,-7.51831397138858e-9,1,-1.7125440621157395e-8,-0.9937679767608643,-9.380405785464063e-9,-0.11146844923496246],"p":[155.57513427734375,318.4794921875,-208.29293823242188]},"j":false},{"t":5.089078187942505,"c":{"r":[-0.11146892607212067,1.0356002633216121e-7,0.9937679171562195,-4.302237854858504e-8,1,-1.0903519864768896e-7,-0.9937679171562195,-5.490829835252953e-8,-0.11146892607212067],"p":[153.98617553710938,318.5593566894531,-208.11495971679688]},"j":false},{"t":5.1175971031188965,"c":{"r":[-0.11146925389766693,1.3080487804018048e-7,0.9937678575515747,-5.409254555388543e-8,1,-1.3769265194696345e-7,-0.9937678575515747,-6.910392613690419e-8,-0.11146925389766693],"p":[153.48927307128906,318.4054870605469,-208.05918884277344]},"j":true},{"t":5.1567442417144775,"c":{"r":[-0.11146920919418335,8.212489177594762e-8,0.9937679171562195,-3.373972035092265e-8,1,-8.642443560802349e-8,-0.9937679171562195,-4.316311219554336e-8,-0.11146920919418335],"p":[152.39608764648438,317.7672424316406,-207.93649291992188]},"j":false},{"t":5.220938682556152,"c":{"r":[-0.11840402334928513,-7.900920451220372e-8,0.9929655194282532,3.335687637218143e-8,1,8.354650304909228e-8,-0.9929655194282532,4.301446665522235e-8,-0.11840402334928513],"p":[150.80712890625,316.1031188964844,-207.74880981445312]},"j":false},{"t":5.2930450439453125,"c":{"r":[-0.07671896368265152,-2.1922151205444607e-8,0.9970527291297913,8.757827352212644e-9,1,2.2660829657183967e-8,-0.9970527291297913,1.0470531108808245e-8,-0.07671896368265152],"p":[149.14479064941406,314.6800537109375,-207.5823516845703]},"j":false},{"t":5.354061841964722,"c":{"r":[-0.06975647807121277,7.29064737470253e-8,0.9975640773773193,-3.3255250997399344e-8,1,-7.540993607335622e-8,-0.9975640773773193,-3.8434571081324975e-8,-0.06975647807121277],"p":[147.6649169921875,314.30926513671875,-207.4766387939453]},"j":false},{"t":5.421087741851807,"c":{"r":[-0.06975647807121277,1.3035249324389042e-8,0.9975640773773193,-5.561053395553017e-9,1,-1.3455947467377882e-8,-0.9975640773773193,-6.486146286732719e-9,-0.06975647807121277],"p":[146.11280822753906,314.3433532714844,-207.36810302734375]},"j":false},{"t":5.488287448883057,"c":{"r":[-0.06975647807121277,-6.539521990589492e-8,0.9975640773773193,2.9890873776139415e-8,1,6.76450824244057e-8,-0.9975640773773193,3.4536743243052115e-8,-0.06975647807121277],"p":[144.539306640625,314.60595703125,-207.25814819335938]},"j":false},{"t":5.555356740951538,"c":{"r":[-0.06975588202476501,2.671772669771144e-8,0.9975640773773193,-1.272275262920175e-8,1,-2.767262152758576e-8,-0.9975640773773193,-1.4622089317128939e-8,-0.06975588202476501],"p":[142.9482421875,314.9049072265625,-207.1468963623047]},"j":false},{"t":5.620895624160767,"c":{"r":[-0.06975588202476501,8.772277482194113e-8,0.9975640773773193,-4.0857198513322146e-8,1,-9.079397500499908e-8,-0.9975640773773193,-4.7091084809380845e-8,-0.06975588202476501],"p":[141.3541717529297,314.9361877441406,-207.03543090820312]},"j":false},{"t":5.687461853027344,"c":{"r":[-0.06975588202476501,-6.666621032991316e-8,0.9975640773773193,3.1270676714711954e-8,1,6.9015641201986e-8,-0.9975640773773193,3.600874975973056e-8,-0.06975588202476501],"p":[139.75927734375,314.99566650390625,-206.9238739013672]},"j":false},{"t":5.754871368408203,"c":{"r":[-0.08367736637592316,-1.7127989693221934e-8,0.9964929223060608,8.966019926504032e-9,1,1.7941163221735223e-8,-0.9964929223060608,1.0435845076983696e-8,-0.08367736637592316],"p":[138.16500854492188,315.03924560546875,-206.8034210205078]},"j":false},{"t":5.817690849304199,"c":{"r":[-0.10452815890312195,6.60362360349609e-8,0.9945219159126282,-2.8581739641708737e-8,1,-6.940403096677983e-8,-0.9945219159126282,-3.567984308006089e-8,-0.10452815890312195],"p":[136.7769317626953,315.2779846191406,-206.6820831298828]},"j":true},{"t":5.824023485183716,"c":{"r":[-0.11146891862154007,7.771240717602268e-8,0.9937679171562195,-3.3662058029904074e-8,1,-8.197556411460027e-8,-0.9937679171562195,-4.25899990830203e-8,-0.11146891862154007],"p":[136.5782928466797,315.717529296875,-206.6626739501953]},"j":false},{"t":5.825609445571899,"c":{"r":[-0.11146891862154007,7.771240717602268e-8,0.9937679171562195,-3.3662058029904074e-8,1,-8.197556411460027e-8,-0.9937679171562195,-4.25899990830203e-8,-0.11146891862154007],"p":[136.5782928466797,315.717529296875,-206.6626739501953]},"j":true},{"t":5.833602666854858,"c":{"r":[-0.11815540492534637,8.93283100822373e-8,0.9929951429367065,-3.860470698668905e-8,1,-9.455198579644275e-8,-0.9929951429367065,-4.950611298681906e-8,-0.11815540492534637],"p":[136.37957763671875,316.1434326171875,-206.64112854003906]},"j":true},{"t":5.888343811035156,"c":{"r":[-0.1596236228942871,1.2205305210954975e-7,0.9871779680252075,-4.2404103339777066e-8,1,-1.3049495350969664e-7,-0.9871779680252075,-6.269047503337788e-8,-0.1596236228942871],"p":[134.9931640625,318.74334716796875,-206.44789123535156]},"j":false},{"t":5.955132961273193,"c":{"r":[-0.20745742321014404,-3.433209982972585e-8,0.9782440662384033,3.6000450620576885e-8,1,4.273029929890981e-8,-0.9782440662384033,4.408194342886418e-8,-0.20745742321014404],"p":[133.418701171875,320.8971252441406,-206.16424560546875]},"j":false},{"t":6.02049994468689,"c":{"r":[-0.2552969455718994,-7.091855991347984e-8,0.966862678527832,5.976455241807344e-8,1,8.912979154729328e-8,-0.966862678527832,8.053867617263677e-8,-0.2552969455718994],"p":[131.8633270263672,322.1789245605469,-205.7900390625]},"j":false},{"t":6.087817430496216,"c":{"r":[-0.25544607639312744,-2.230324369634218e-8,0.9668232798576355,2.862340586773371e-8,1,3.063122377966465e-8,-0.9668232798576355,3.549840243977087e-8,-0.25544607639312744],"p":[130.3164520263672,322.5887145996094,-205.38134765625]},"j":false},{"t":6.170047998428345,"c":{"r":[-0.25544583797454834,2.6131152353059406e-8,0.9668233394622803,-2.4132043030533623e-9,1,-2.7665441493240905e-8,-0.9668233394622803,-9.400164202588712e-9,-0.25544583797454834],"p":[128.7695770263672,322.12652587890625,-204.97265625]},"j":false},{"t":6.231395244598389,"c":{"r":[-0.25544559955596924,8.042227506166455e-8,0.9668234586715698,-3.72027351147608e-8,1,-9.301135150963091e-8,-0.9668234586715698,-5.972781735863464e-8,-0.25544559955596924],"p":[127.02934265136719,320.5642395019531,-204.51287841796875]},"j":false},{"t":6.296874284744263,"c":{"r":[-0.21545729041099548,1.3244952867808024e-7,0.9765132665634155,-6.23806570843044e-8,1,-1.4939877246433753e-7,-0.9765132665634155,-9.310459603284471e-8,-0.21545729041099548],"p":[125.48018646240234,318.2490539550781,-204.1131591796875]},"j":false},{"t":6.356926441192627,"c":{"r":[-0.007086761295795441,4.01395077176403e-8,0.9999749064445496,9.30944423771507e-8,1,-3.948075999460343e-8,-0.9999749064445496,9.28123142784898e-8,-0.007086761295795441],"p":[124.16716003417969,316.64630126953125,-203.92393493652344]},"j":false},{"t":6.419385671615601,"c":{"r":[0.207911878824234,-9.299536429807631e-8,0.978147566318512,-2.9166675741265635e-9,1,9.569289716182539e-8,-0.978147566318512,-2.2748620764900807e-8,0.207911878824234],"p":[123.13616943359375,316.4903259277344,-204.00128173828125]},"j":true},{"t":6.4241673946380615,"c":{"r":[0.2486896514892578,-7.209620633830127e-8,0.9685832262039185,-2.2493876983276095e-8,1,8.021014963333073e-8,-0.9685832262039185,-4.173462642143022e-8,0.2486896514892578],"p":[122.97135925292969,316.92987060546875,-204.03176879882812]},"j":false},{"t":6.42606520652771,"c":{"r":[0.2486896514892578,-7.209620633830127e-8,0.9685832262039185,-2.2493876983276095e-8,1,8.021014963333073e-8,-0.9685832262039185,-4.173462642143022e-8,0.2486896514892578],"p":[122.97135925292969,316.92987060546875,-204.03176879882812]},"j":true},{"t":6.433318376541138,"c":{"r":[0.2746744751930237,-5.159181171165983e-8,0.9615373015403748,-4.142647824778578e-8,1,6.548950892693028e-8,-0.9615373015403748,-5.782139922416718e-8,0.2746744751930237],"p":[122.80035400390625,317.35577392578125,-204.06637573242188]},"j":true},{"t":6.4879350662231445,"c":{"r":[0.2823389768600464,7.111218991440182e-8,0.9593147039413452,-1.4778719048536004e-7,1,-3.0632396175178656e-8,-0.9593147039413452,-1.3312570956713898e-7,0.2823389768600464],"p":[121.47926330566406,319.9556884765625,-204.436767578125]},"j":false},{"t":6.554380178451538,"c":{"r":[0.2823418378829956,5.171113315327602e-8,0.9593138694763184,-1.875612021251527e-8,1,-4.838405587292982e-8,-0.9593138694763184,-4.332163516806986e-9,0.2823418378829956],"p":[119.94435119628906,322.1094665527344,-204.888427734375]},"j":false},{"t":6.621171474456787,"c":{"r":[0.25588878989219666,2.2189896142776888e-8,0.9667062163352966,1.3197158921229857e-7,1,-5.7887227455921675e-8,-0.9667062163352966,1.423904478770055e-7,0.25588878989219666],"p":[118.40827178955078,323.3912658691406,-205.3358917236328]},"j":false},{"t":6.688920736312866,"c":{"r":[0.06529250741004944,-4.182902202387595e-8,0.997866153717041,1.4055414965241653e-7,1,3.272171156254444e-8,-0.997866153717041,1.38117755454914e-7,0.06529250741004944],"p":[116.83644104003906,323.8010559082031,-205.6190643310547]},"j":false},{"t":6.754803419113159,"c":{"r":[-0.04823463037610054,-5.2106802428397714e-8,0.9988360404968262,9.145337998006653e-8,1,5.65838824684306e-8,-0.9988360404968262,9.407623480228722e-8,-0.04823463037610054],"p":[115.23751831054688,323.3388671875,-205.62657165527344]},"j":false},{"t":6.820829391479492,"c":{"r":[-0.11123965680599213,-6.50739622187757e-8,0.9937936067581177,8.707061738277844e-8,1,7.52265520986839e-8,-0.9937936067581177,9.489839669640787e-8,-0.11123965680599213],"p":[113.64293670654297,322.0046691894531,-205.4997100830078]},"j":false},{"t":6.887584924697876,"c":{"r":[-0.1322440654039383,-3.2815567152510994e-8,0.9912171959877014,4.22632595586947e-8,1,3.874492193745027e-8,-0.9912171959877014,4.7015856097232245e-8,-0.1322440654039383],"p":[112.10047912597656,320.494384765625,-205.30860900878906]},"j":false},{"t":6.925522565841675,"c":{"r":[-0.14608268439769745,3.9460072542851776e-8,0.9892723560333252,-5.364287147813229e-8,1,-4.7809244563268294e-8,-0.9892723560333252,-6.005151220733751e-8,-0.14608268439769745],"p":[111.34237670898438,320.3957824707031,-205.20533752441406]},"j":true},{"t":6.93560266494751,"c":{"r":[-0.14608292281627655,5.7508675155304445e-8,0.9892723560333252,-7.746145769260693e-8,1,-6.957080245229008e-8,-0.9892723560333252,-8.679358387553293e-8,-0.14608292281627655],"p":[111.16082763671875,320.8387145996094,-205.1800079345703]},"j":true},{"t":6.942370891571045,"c":{"r":[-0.1527378410100937,7.493861886587183e-8,0.9882667660713196,-1.0106841585866277e-7,1,-9.144858381660015e-8,-0.9882667660713196,-1.1385021281284935e-7,-0.1527378410100937],"p":[110.97203063964844,321.2714538574219,-205.1529541015625]},"j":true},{"t":6.94807505607605,"c":{"r":[-0.1594942808151245,7.174915594987397e-8,0.9871988296508789,-9.695411051779956e-8,1,-8.834368259158509e-8,-0.9871988296508789,-1.0980330245047298e-7,-0.1594942808151245],"p":[110.77603912353516,321.6905517578125,-205.1231231689453]},"j":false},{"t":7.013684034347534,"c":{"r":[-0.18020856380462646,5.0754607627823134e-8,0.9836284518241882,-5.950710146862548e-8,1,-6.250154882536663e-8,-0.9836284518241882,-6.979618660807319e-8,-0.18020856380462646],"p":[109.19783782958984,324.5528564453125,-204.8617401123047]},"j":false},{"t":7.077935218811035,"c":{"r":[-0.1942206621170044,3.186823960277252e-8,0.9809578657150269,-1.6577050843125107e-8,1,-3.57689629026936e-8,-0.9809578657150269,-2.320846093084583e-8,-0.1942206621170044],"p":[107.72381591796875,326.4443054199219,-204.5839385986328]},"j":false},{"t":7.141912221908569,"c":{"r":[-0.19423429667949677,1.2522812120607796e-8,0.980955183506012,3.2445630182564855e-8,1,-6.341531300080305e-9,-0.980955183506012,3.0595966649116235e-8,-0.19423429667949677],"p":[106.15423583984375,327.6170959472656,-204.2731475830078]},"j":false},{"t":7.204777956008911,"c":{"r":[-0.1467890590429306,-8.93649421129794e-9,0.9891678094863892,8.584277821910291e-8,1,2.1773125524759962e-8,-0.9891678094863892,8.810896900968146e-8,-0.1467890590429306],"p":[104.67909240722656,327.9246520996094,-204.00180053710938]},"j":false},{"t":7.2702956199646,"c":{"r":[0.02757980488240719,-3.409772020290802e-8,0.9996196031570435,1.363254540365233e-7,1,3.034943674151691e-8,-0.9996196031570435,1.354365650740874e-7,0.02757980488240719],"p":[103.18474578857422,327.4657897949219,-203.90403747558594]},"j":false},{"t":7.33810567855835,"c":{"r":[0.027921276167035103,-5.77482228703019e-10,0.9996101260185242,5.5316103697578e-8,1,-9.673911671725932e-10,-0.9996101260185242,5.532154645493392e-8,0.027921276167035103],"p":[101.48541259765625,326.0192565917969,-203.9508514404297]},"j":false},{"t":7.403730869293213,"c":{"r":[0.00020808794943150133,3.044089424975027e-8,1,-1.6023363968997728e-8,1,-3.043756180431956e-8,-1,-1.6017031256865266e-8,0.00020808794943150133],"p":[99.88579559326172,323.7585754394531,-203.98175048828125]},"j":false},{"t":7.472585678100586,"c":{"r":[-0.027921335771679878,5.7286836607772784e-8,0.9996101260185242,-7.467808416095068e-8,1,-5.939510216990129e-8,-0.9996101260185242,-7.630735865404858e-8,-0.027921335771679878],"p":[98.4442138671875,323.1505126953125,-203.9640350341797]},"j":false},{"t":7.536531448364258,"c":{"r":[-0.02792191505432129,1.8023053272031575e-8,0.9996101260185242,-3.080787180920197e-8,1,-1.8890633057822015e-8,-0.9996101260185242,-3.132332082600442e-8,-0.02792191505432129],"p":[96.8449935913086,322.2236633300781,-203.91976928710938]},"j":false},{"t":7.604153394699097,"c":{"r":[-0.06975694745779037,-4.274834353168444e-8,0.9975640177726746,5.810173320242029e-8,1,4.6915630491639604e-8,-0.9975640177726746,6.123288898152168e-8,-0.06975694745779037],"p":[95.24592590332031,320.4248046875,-203.86907958984375]},"j":false},{"t":7.669940948486328,"c":{"r":[-0.09062819182872772,-5.9584062128692494e-9,0.9958847761154175,3.585323327115475e-8,1,9.245767707000141e-9,-0.9958847761154175,3.654361435678766e-8,-0.09062819182872772],"p":[93.75455474853516,318.5790710449219,-203.743408203125]},"j":false},{"t":7.736529588699341,"c":{"r":[-0.09758230298757553,3.327548725451379e-8,0.9952274560928345,1.8719140015832636e-8,1,-3.1599640237800486e-8,-0.9952274560928345,1.554623629829166e-8,-0.09758230298757553],"p":[92.06510162353516,318.311279296875,-203.58656311035156]},"j":false},{"t":7.80366325378418,"c":{"r":[-0.09758230298757553,6.992097922875473e-8,0.9952274560928345,2.8229079074293395e-9,1,-6.997949242304458e-8,-0.9952274560928345,-4.0193248729281095e-9,-0.09758230298757553],"p":[90.47693634033203,318.2947082519531,-203.4308319091797]},"j":false},{"t":7.8720383644104,"c":{"r":[-0.09758230298757553,1.0644141923421557e-7,0.9952274560928345,-1.3019077371723142e-8,1,-1.0822837737123336e-7,-0.9952274560928345,-2.3518117231446922e-8,-0.09758230298757553],"p":[88.9023208618164,318.05572509765625,-203.2764434814453]},"j":false},{"t":7.9378345012664795,"c":{"r":[-0.1333737075328827,0.008111178874969482,0.991032600402832,-0.00895408634096384,0.9999158382415771,-0.009388930164277554,-0.9910253882408142,-0.010126028209924698,-0.1332898586988449],"p":[87.58522033691406,317.8238220214844,-203.148681640625]},"j":false},{"t":7.984423637390137,"c":{"r":[-0.13226830959320068,-0.0005437374929897487,0.9912137985229492,0.000601037114392966,0.9999996423721313,0.0006287598516792059,-0.9912137389183044,0.000678921293001622,-0.13226793706417084],"p":[87.32807159423828,318.5210876464844,-203.1148223876953]},"j":true},{"t":7.993339538574219,"c":{"r":[-0.1322695016860962,-0.00021488528000190854,0.9912137389183044,0.0002291175042046234,0.9999999403953552,0.00024736393243074417,-0.9912137389183044,0.0002598231367301196,-0.13226944208145142],"p":[87.69608306884766,319.08343505859375,-203.16416931152344]},"j":true},{"t":7.999175071716309,"c":{"r":[-0.13226057589054108,-0.0000726974249118939,0.9912149906158447,0.00007132185419322923,1,0.00008285840158350766,-0.9912149906158447,0.00008165418694261461,-0.13226057589054108],"p":[87.93399810791016,319.4412841796875,-203.19602966308594]},"j":true},{"t":8.003489017486572,"c":{"r":[-0.13225749135017395,-0.000031615825719200075,0.9912154078483582,0.000026859817808144726,1,0.00003547991582308896,-0.9912154078483582,0.00003131635094177909,-0.13225749135017395],"p":[88.04925537109375,319.6151123046875,-203.21145629882812]},"j":false},{"t":8.070100545883179,"c":{"r":[-0.1322564333677292,-4.2829185531445546e-8,0.9912155270576477,1.412533663369686e-7,1,6.205598168662618e-8,-0.9912155270576477,1.4821983995716437e-7,-0.1322564333677292],"p":[89.63178253173828,322.0489501953125,-203.42295837402344]},"j":false},{"t":8.075441122055054,"c":{"r":[-0.1322564333677292,-4.2829185531445546e-8,0.9912155270576477,1.412533663369686e-7,1,6.205598168662618e-8,-0.9912155270576477,1.4821983995716437e-7,-0.1322564333677292],"p":[89.63178253173828,322.0489501953125,-203.42295837402344]},"j":true},{"t":8.136468887329102,"c":{"r":[-0.12533500790596008,4.058498603853877e-8,0.9921144843101501,-8.166919229779523e-8,1,-5.122493007547746e-8,-0.9921144843101501,-8.744546420302868e-8,-0.12533500790596008],"p":[90.47146606445312,323.4403991699219,-203.53582763671875]},"j":false},{"t":8.204221963882446,"c":{"r":[-0.1321161687374115,9.119700195014957e-8,0.9912342429161072,-7.616935704390926e-8,1,-1.0215567414206816e-7,-0.9912342429161072,-8.899809245122015e-8,-0.1321161687374115],"p":[90.68085479736328,323.9598388671875,-203.56715393066406]},"j":false},{"t":8.269963264465332,"c":{"r":[-0.13916952908039093,-5.041890016599382e-9,0.9902685880661011,4.823024823963351e-8,1,1.1869579097378846e-8,-0.9902685880661011,4.941278319847697e-8,-0.13916952908039093],"p":[90.30512237548828,323.65484619140625,-203.51942443847656]},"j":false},{"t":8.336251735687256,"c":{"r":[-0.13917264342308044,-4.8889180703781676e-8,0.9902681112289429,7.639624755029217e-8,1,6.010639452824762e-8,-0.9902681112289429,8.401793394341439e-8,-0.13917264342308044],"p":[89.21097564697266,322.3827209472656,-203.36871337890625]},"j":false},{"t":8.39654803276062,"c":{"r":[-0.13917259871959686,-2.5073868314962056e-8,0.9902681112289429,-5.087526400160414e-9,1,2.4605279591582985e-8,-0.9902681112289429,-1.6136346703277127e-9,-0.13917259871959686],"p":[87.86593627929688,320.5959167480469,-203.1798858642578]},"j":false},{"t":8.463081121444702,"c":{"r":[-0.13225607573986053,2.663826492721455e-9,0.9912155866622925,-9.794880639901749e-8,1,-1.5756564053504007e-8,-0.9912155866622925,-9.917228283029544e-8,-0.13225607573986053],"p":[86.30284881591797,318.4271240234375,-202.96022033691406]},"j":false},{"t":8.529313564300537,"c":{"r":[-0.06279011070728302,9.135030509810349e-9,0.9980267286300659,1.4848564156011435e-8,1,-8.21890555613436e-9,-0.9980267286300659,1.4303198625498226e-8,-0.06279011070728302],"p":[84.73728942871094,317.9135437011719,-202.8046112060547]},"j":false},{"t":8.53394079208374,"c":{"r":[-0.06279011070728302,9.135030509810349e-9,0.9980267286300659,1.4848564156011435e-8,1,-8.21890555613436e-9,-0.9980267286300659,1.4303198625498226e-8,-0.06279011070728302],"p":[84.73728942871094,317.9135437011719,-202.8046112060547]},"j":true},{"t":8.542033433914185,"c":{"r":[-0.06279011070728302,8.083439695383277e-9,0.9980267286300659,3.755758726242675e-8,1,-5.7365143746324065e-9,-0.9980267286300659,3.712328