
{"d":[{"t":0.06514334678649903,"c":{"r":[-0.166768416762352,-3.14413703961236e-8,0.9859960675239563,-7.339574281672867e-9,1,3.06465324229066e-8,-0.9859960675239563,-2.1259174420862338e-9,-0.166768416762352],"p":[-72.40746307373047,406.04931640625,-188.78298950195313]},"j":false},{"t":0.843576192855835,"c":{"r":[-0.18051938712596894,-3.6106904133248465e-9,0.9835714101791382,-9.24351928333067e-10,1,3.501349210566218e-9,-0.9835714101791382,-2.771047558081108e-10,-0.18051938712596894],"p":[-72.40746307373047,406.04931640625,-188.78298950195313]},"j":true},{"t":0.8504087924957275,"c":{"r":[-0.18051938712596894,1.7697812992878427e-8,0.9835714101791382,4.721168345156457e-9,1,-1.7126922102761456e-8,-0.9835714101791382,1.5518648588397355e-9,-0.18051938712596894],"p":[-72.40746307373047,406.4888610839844,-188.78298950195313]},"j":true},{"t":0.8585808277130127,"c":{"r":[-0.18051938712596894,3.899720724120925e-8,0.9835714101791382,1.036427477174584e-8,1,-3.774637136189085e-8,-0.9835714101791382,3.3800522381000066e-9,-0.18051938712596894],"p":[-72.40746307373047,406.9147644042969,-188.78298950195313]},"j":true},{"t":0.862619161605835,"c":{"r":[-0.18051938712596894,6.02874905553108e-8,0.9835714101791382,1.60049680175689e-8,1,-5.8357006338383147e-8,-0.9835714101791382,5.207458464440151e-9,-0.18051938712596894],"p":[-72.40746307373047,407.3270568847656,-188.78298950195313]},"j":false},{"t":0.9300332069396973,"c":{"r":[-0.18051938712596894,1.0459748267521718e-7,0.9835714101791382,2.7724951223717654e-8,1,-1.0125608440603173e-7,-0.9835714101791382,8.99078411720211e-9,-0.18051938712596894],"p":[-72.40746307373047,410.1348571777344,-188.78298950195313]},"j":false},{"t":0.9976110458374023,"c":{"r":[-0.24215959012508393,-2.63148109524991e-7,0.9702364206314087,0.00001161114232672844,1,0.0000031692250104242705,-0.9702364206314087,0.000012033011444145814,-0.24215959012508393],"p":[-72.3984146118164,412.0706481933594,-188.731689453125]},"j":false},{"t":1.063596487045288,"c":{"r":[-0.24560755491256715,-0.0000031165232030616609,0.9693693518638611,0.00002646954271767754,1,0.000009921546734403819,-0.9693693518638611,0.000028095570087316447,-0.24560755491256715],"p":[-72.29564666748047,413.13446044921877,-188.1647186279297]},"j":false},{"t":1.1337502002716065,"c":{"r":[-0.21067988872528077,-0.0000020229995243425948,0.9775550961494446,0.00002082677383441478,1,0.000006557974757015472,-0.9775550961494446,0.00002174095243390184,-0.21067988872528077],"p":[-72.07678985595703,413.4524230957031,-186.96607971191407]},"j":false},{"t":1.1953125,"c":{"r":[-0.18052485585212708,-2.578837552391633e-7,0.983570396900177,6.852046681160573e-7,1,3.8795414525338858e-7,-0.983570396900177,7.439824116772797e-7,-0.18052485585212708],"p":[-71.78887939453125,413.9209289550781,-185.3978271484375]},"j":false},{"t":1.2635188102722169,"c":{"r":[-0.18051943182945252,-6.9107413125379939e-9,0.9835714101791382,-1.0311416787089911e-7,1,-1.1898850793556904e-8,-0.9835714101791382,-1.0356811941392152e-7,-0.18051943182945252],"p":[-71.65800476074219,414.2513732910156,-184.6847381591797]},"j":false},{"t":1.5990920066833497,"c":{"r":[0.13917265832424165,-1.1871741634195132e-7,0.9902681112289429,2.5827088023788748e-8,1,1.1625436968643044e-7,-0.9902681112289429,9.396313060960893e-9,0.13917265832424165],"p":[-71.6510009765625,414.3460998535156,-184.7341766357422]},"j":false},{"t":1.663456678390503,"c":{"r":[0.13917265832424165,3.7082614312566878e-8,0.9902681112289429,7.1242772792246e-10,1,-3.754716715320683e-8,-0.9902681112289429,5.931033886241721e-9,0.13917265832424165],"p":[-71.48621368408203,414.14727783203127,-185.90672302246095]},"j":false},{"t":1.6847822666168213,"c":{"r":[0.13917265832424165,7.854502825921372e-8,0.9902681112289429,-5.971226624268411e-9,1,-7.847773275670989e-8,-0.9902681112289429,5.008839565334711e-9,0.13917265832424165],"p":[-71.43873596191406,413.9765625,-186.24452209472657]},"j":true},{"t":1.6931169033050538,"c":{"r":[0.13917265832424165,9.926295518880579e-8,0.9902681112289429,-9.310911153193047e-9,1,-9.892990249227296e-8,-0.9902681112289429,4.54803883442878e-9,0.13917265832424165],"p":[-71.41603088378906,414.4161071777344,-186.4060516357422]},"j":true},{"t":1.7009468078613282,"c":{"r":[0.1814732849597931,-3.4832754636227039e-7,0.9833958745002747,0.0000011948634437430883,1,1.3371192153499579e-7,-0.9833958745002747,0.0000011507586350489874,0.1814732849597931],"p":[-71.39222717285156,414.8420104980469,-186.57492065429688]},"j":true},{"t":1.724945068359375,"c":{"r":[0.23637913167476655,-0.000006670155926258303,0.9716609120368958,0.000018402050045551733,1,0.000002387968606853974,-0.9716609120368958,0.000017316086086793804,0.23637913167476655],"p":[-71.30996704101563,416.2254333496094,-187.22476196289063]},"j":false},{"t":1.7892951965332032,"c":{"r":[0.23001182079315186,-0.000005607505045190919,0.9731878638267517,0.00001724235698929988,1,0.0000016867858221303323,-0.9731878638267517,0.000016392070392612369,0.23001182079315186],"p":[-71.52806091308594,418.7607116699219,-188.66012573242188]},"j":false},{"t":1.8553647994995118,"c":{"r":[0.22522342205047608,-0.000008312505087815225,0.974307119846344,0.000027370981115382166,1,0.0000022045605874154718,-0.974307119846344,0.00002617122299852781,0.22522342205047608],"p":[-71.92121124267578,420.3456115722656,-189.9788055419922]},"j":false},{"t":1.9212884902954102,"c":{"r":[0.22525249421596528,-0.000008200810952985194,0.9743004441261292,0.000027963285901932978,1,0.0000019521812646416949,-0.9743004441261292,0.000026804907975019888,0.22525249421596528],"p":[-71.79745483398438,421.19140625,-191.5238494873047]},"j":false},{"t":1.9891974925994874,"c":{"r":[0.1599276214838028,9.91655042525963e-7,0.987128734588623,-0.0000035467546695144849,1,-4.299651834571705e-7,-0.987128734588623,-0.000003432340008657775,0.1599276214838028],"p":[-71.60284423828125,421.09271240234377,-192.72409057617188]},"j":false},{"t":2.0566904544830324,"c":{"r":[0.1598806232213974,6.188744183788231e-9,0.9871363639831543,-3.862976782897931e-8,1,-1.2756990776241484e-11,-0.9871363639831543,-3.8130810509073856e-8,0.1598806232213974],"p":[-71.5959701538086,419.99090576171877,-192.76649475097657]},"j":false},{"t":2.1225266456604006,"c":{"r":[0.11146820336580277,4.385623952884998e-8,0.9937679767608643,-1.263547630969697e-7,1,-2.9958403757746058e-8,-0.9937679767608643,-1.2222791667682032e-7,0.11146820336580277],"p":[-71.7184829711914,419.6385803222656,-191.78604125976563]},"j":false},{"t":2.19114351272583,"c":{"r":[0.10452791303396225,-2.582796376771057e-8,0.994521975517273,9.366112152520145e-8,1,1.612610134316128e-8,-0.994521975517273,9.14624180836654e-8,0.10452791303396225],"p":[-71.89258575439453,420.12677001953127,-190.1867218017578]},"j":false},{"t":2.25575590133667,"c":{"r":[0.10452791303396225,-1.760666634709196e-8,0.994521975517273,4.465910308226739e-8,1,1.300981189444883e-8,-0.994521975517273,4.305456968722865e-8,0.10452791303396225],"p":[-71.9239501953125,420.2663269042969,-189.888427734375]},"j":false},{"t":2.3223888874053957,"c":{"r":[0.10452791303396225,-8.866275713614869e-9,0.994521975517273,-7.4370083424923909e-9,1,9.69676960949073e-9,-0.994521975517273,-8.40985148187201e-9,0.10452791303396225],"p":[-71.9239501953125,419.7128601074219,-189.888427734375]},"j":false},{"t":2.8436810970306398,"c":{"r":[-0.7144728302955627,-1.8051903083460276e-8,0.6996631622314453,-1.0277702955363566e-7,1,-7.915164701444155e-8,-0.6996631622314453,-1.2846101071772865e-7,-0.7144728302955627],"p":[-71.961181640625,419.7203674316406,-189.8549041748047]},"j":true},{"t":2.8533856868743898,"c":{"r":[-0.7384553551673889,-2.1890224743970067e-8,0.674302339553833,-1.0667537253539195e-7,1,-8.436094134367522e-8,-0.674302339553833,-1.3422824451936322e-7,-0.7384553551673889],"p":[-71.9984130859375,420.159912109375,-189.8213653564453]},"j":true},{"t":2.8635408878326418,"c":{"r":[-0.7563399076461792,-2.4299618317513706e-8,0.6541787981987,-1.0938395433868209e-7,1,-8.932089201607596e-8,-0.6541787981987,-1.3911362373164594e-7,-0.7563399076461792],"p":[-72.04048156738281,420.5858154296875,-189.7821807861328]},"j":true},{"t":2.8866031169891359,"c":{"r":[-0.7874472141265869,-6.747558067843329e-10,0.6163821220397949,-7.711918925679129e-8,1,-9.742744566665351e-8,-0.6163821220397949,-1.2425385875758367e-7,-0.7874472141265869],"p":[-72.2354965209961,421.96923828125,-189.58311462402345]},"j":false},{"t":2.938387870788574,"c":{"r":[-0.8089976906776428,1.0320852794620805e-7,0.5878117680549622,6.260980711658704e-8,1,-8.941184859168061e-8,-0.5878117680549622,-3.55311939870262e-8,-0.8089976906776428],"p":[-72.72257232666016,423.95245361328127,-189.00399780273438]},"j":true},{"t":2.951920509338379,"c":{"r":[-0.8090146780014038,1.424041897735151e-7,0.587788462638855,1.1380390674275987e-7,1,-8.5634823676628e-8,-0.587788462638855,-2.3872115395562334e-9,-0.8090146780014038],"p":[-72.92375946044922,424.5045166015625,-188.7416534423828]},"j":false},{"t":3.0154306888580324,"c":{"r":[-0.7753629088401794,4.4975475788078259e-8,0.6315159201622009,8.861313460784004e-8,1,3.7579198419734897e-8,-0.6315159201622009,8.509812232659897e-8,-0.7753629088401794],"p":[-73.86651611328125,426.1678161621094,-187.48934936523438]},"j":false},{"t":3.0811245441436769,"c":{"r":[-0.7247058749198914,-1.982131259126163e-8,0.6890583038330078,6.7032644324172e-8,1,9.92662876342365e-8,-0.6890583038330078,1.1812826272716848e-7,-0.7247058749198914],"p":[-74.84342193603516,426.9352111816406,-186.3516387939453]},"j":false},{"t":3.1467111110687258,"c":{"r":[-0.6951442360877991,-1.3590606862123878e-8,0.7188702821731567,5.571851868779731e-9,1,2.4293459688351505e-8,-0.7188702821731567,2.0892898078272993e-8,-0.6951442360877991],"p":[-75.96400451660156,426.90899658203127,-185.20968627929688]},"j":false},{"t":3.2134318351745607,"c":{"r":[-0.5487483739852905,7.221590436756742e-8,0.8359875679016113,1.1527463783522762e-7,1,-1.0716825649126349e-8,-0.8359875679016113,9.04873260765271e-8,-0.5487483739852905],"p":[-77.18624114990235,426.01080322265627,-184.180419921875]},"j":false},{"t":3.281752109527588,"c":{"r":[-0.3288916349411011,-1.7558937415174115e-8,0.9443676471710205,9.459076188989002e-9,1,2.188760639398879e-8,-0.9443676471710205,1.613149613888254e-8,-0.3288916349411011],"p":[-78.49430084228516,425.6873779296875,-183.4265899658203]},"j":false},{"t":3.3475167751312258,"c":{"r":[0.04884966462850571,-2.451077740772689e-8,0.9988061189651489,-7.881117625174739e-8,1,2.839457557968217e-8,-0.9988061189651489,-8.010415086801004e-8,0.04884966462850571],"p":[-78.80017852783203,425.7292785644531,-183.25975036621095]},"j":false},{"t":3.537505626678467,"c":{"r":[0.1667691171169281,7.247624012052256e-8,0.9859959483146668,-1.1588772252935087e-7,1,-5.390462476384528e-8,-0.9859959483146668,-1.0527519833658516e-7,0.1667691171169281],"p":[-78.80017852783203,425.7292785644531,-183.25975036621095]},"j":false},{"t":3.6060311794281008,"c":{"r":[0.3354516923427582,-2.841705093459268e-9,0.9420574307441711,2.4320904401520239e-8,1,-5.64379964984596e-9,-0.9420574307441711,2.4804910125908465e-8,0.3354516923427582],"p":[-78.80017852783203,426.1073913574219,-183.25975036621095]},"j":false},{"t":3.6714563369750978,"c":{"r":[0.3616243600845337,-4.329119818180516e-8,0.9323238730430603,6.336148317132029e-8,1,2.1857363918798e-8,-0.9323238730430603,5.116927326298537e-8,0.3616243600845337],"p":[-79.77619171142578,427.0964660644531,-183.63455200195313]},"j":false},{"t":3.7404062747955324,"c":{"r":[0.450877845287323,-3.35863887812593e-8,0.8925856947898865,7.618167430223366e-9,1,3.37799832550445e-8,-0.8925856947898865,-8.430777853618565e-9,0.450877845287323],"p":[-81.11393737792969,427.1329345703125,-184.17340087890626]},"j":false},{"t":3.804555892944336,"c":{"r":[0.5239858627319336,-2.1578760112106467e-8,0.8517269492149353,-3.9876336899169476e-8,1,4.9867384888102609e-8,-0.8517269492149353,-6.009355502101244e-8,0.5239858627319336],"p":[-81.19266510009766,427.1834411621094,-184.20626831054688]},"j":false},{"t":3.871354579925537,"c":{"r":[0.6845473647117615,8.650880012339713e-9,0.7289683818817139,-8.855580091449156e-8,1,7.129219881107929e-8,-0.7289683818817139,-1.1335726668448842e-7,0.6845473647117615],"p":[-81.19266510009766,427.0758972167969,-184.20626831054688]},"j":false},{"t":3.9382858276367189,"c":{"r":[0.8367645740509033,-4.306122569630588e-9,0.5475627779960632,8.229140036064564e-9,1,-4.71129579793228e-9,-0.5475627779960632,8.448216348710958e-9,0.8367645740509033],"p":[-81.19266510009766,427.2220153808594,-184.20626831054688]},"j":false},{"t":4.00433087348938,"c":{"r":[0.821149468421936,-2.0166766034890317e-8,0.5707131624221802,5.0471125945250608e-8,1,-3.728242958800365e-8,-0.5707131624221802,5.941898351125019e-8,0.821149468421936],"p":[-81.29275512695313,427.2350158691406,-184.35028076171876]},"j":false},{"t":4.018819093704224,"c":{"r":[0.8211494088172913,-1.8068510243551829e-8,0.570713222026825,4.5266926207432337e-8,1,-3.3471103222382229e-8,-0.570713222026825,5.331921215656621e-8,0.8211494088172913],"p":[-81.36425018310547,427.206787109375,-184.45314025878907]},"j":true},{"t":4.0276618003845219,"c":{"r":[0.821149468421936,-1.4922816760076786e-8,0.5707131624221802,3.746479393385016e-8,1,-2.7757165455000178e-8,-0.5707131624221802,4.417443477677807e-8,0.821149468421936],"p":[-81.47864532470703,427.8609924316406,-184.61770629882813]},"j":true},{"t":4.034539699554443,"c":{"r":[0.8172008991241455,-1.3577918345220042e-8,0.5763528943061829,3.48622286594491e-8,1,-2.587221459293687e-8,-0.5763528943061829,4.123574370851202e-8,0.8172008991241455],"p":[-81.51819610595703,428.0722351074219,-184.6746063232422]},"j":true},{"t":4.0710129737854,"c":{"r":[0.7258813977241516,-5.714438344739392e-8,0.6878198981285095,7.18663599741376e-8,1,7.237258792258672e-9,-0.6878198981285095,4.417771748421728e-8,0.7258813977241516],"p":[-82.00639343261719,429.9974365234375,-185.3413543701172]},"j":false},{"t":4.139933824539185,"c":{"r":[0.5360680818557739,-1.0064255206998496e-7,0.8441747426986694,1.3461593084684865e-7,1,3.373620316438064e-8,-0.8441747426986694,9.555446212061725e-8,0.5360680818557739],"p":[-83.20667266845703,432.3692321777344,-186.35829162597657]},"j":false},{"t":4.206024885177612,"c":{"r":[0.5301316976547241,-3.62042982260391e-8,0.8479152917861939,5.468044150802598e-8,1,8.510831150942977e-9,-0.8479152917861939,4.1852523224861218e-8,0.5301316976547241],"p":[-84.55757904052735,433.8690185546875,-187.2157440185547]},"j":false},{"t":4.274245500564575,"c":{"r":[0.4944835901260376,2.0234736552993128e-8,0.8691869974136353,-1.1716449144216768e-8,1,-1.661454440693433e-8,-0.8691869974136353,-1.96816607456185e-9,0.4944835901260376],"p":[-86.01219177246094,434.5071105957031,-188.09539794921876]},"j":false},{"t":4.339087009429932,"c":{"r":[0.2989405393600464,-2.087549155760371e-8,0.9542717337608337,8.230199455283582e-8,1,-3.906549750354316e-9,-0.9542717337608337,7.970628956854853e-8,0.2989405393600464],"p":[-87.35633087158203,434.25262451171877,-188.7579803466797]},"j":false},{"t":4.405125141143799,"c":{"r":[0.04895453527569771,-3.743592458249623e-8,0.9988009929656982,1.1558007884104882e-7,1,3.181590102485643e-8,-0.9988009929656982,1.1388396359279796e-7,0.04895453527569771],"p":[-88.92170715332031,433.1364440917969,-189.0341033935547]},"j":false},{"t":4.473021507263184,"c":{"r":[-0.08367767930030823,4.60893412324026e-9,0.996492862701416,-6.542610719861841e-8,1,-1.011912775794599e-8,-0.996492862701416,-6.604339120031e-8,-0.08367767930030823],"p":[-90.51029205322266,432.36138916015627,-189.07980346679688]},"j":false},{"t":4.538649559020996,"c":{"r":[-0.4257791042327881,-1.5659823437985665e-9,0.9048271179199219,-2.5948299509082063e-8,1,-1.047963849032385e-8,-0.9048271179199219,-2.7940735947140639e-8,-0.4257791042327881],"p":[-91.9874267578125,432.13128662109377,-188.7711639404297]},"j":false},{"t":4.605337381362915,"c":{"r":[-0.4694715142250061,1.1541498423639496e-8,0.8829476237297058,7.941734736505168e-8,1,2.9155390990354136e-8,-0.8829476237297058,8.380898464110942e-8,-0.4694715142250061],"p":[-93.407470703125,432.24420166015627,-188.05215454101563]},"j":false},{"t":4.672154664993286,"c":{"r":[0.17729799449443818,-5.171224515265749e-8,0.9841572046279907,1.1410075728690572e-7,1,3.1989205950822e-8,-0.9841572046279907,1.0662146365802983e-7,0.17729799449443818],"p":[-94.90642547607422,432.3097839355469,-187.60435485839845]},"j":false},{"t":4.7195963859558109,"c":{"r":[0.22837384045124055,-3.4934455328539119e-8,0.9735735058784485,1.3541341559175636e-7,1,4.118408725162226e-9,-0.9735735058784485,1.3089437800317683e-7,0.22837384045124055],"p":[-95.8842544555664,432.2876892089844,-187.8063201904297]},"j":true},{"t":4.725631237030029,"c":{"r":[0.22837623953819276,-2.900480033929398e-8,0.9735729694366455,1.43306550626221e-7,1,-3.824067285052024e-9,-0.9735729694366455,1.4039270013199713e-7,0.22837623953819276],"p":[-96.17633056640625,432.94189453125,-187.8748016357422]},"j":true},{"t":4.73483681678772,"c":{"r":[0.22835595905780793,-2.702664581022418e-8,0.9735777378082275,1.4593682351460303e-7,1,-6.469846436374382e-9,-0.9735777378082275,1.4355826749579138e-7,0.22835595905780793],"p":[-96.27368927001953,433.15313720703127,-187.8976287841797]},"j":true},{"t":4.739091157913208,"c":{"r":[0.23490285873413087,-2.4109471752353785e-8,0.972018837928772,1.5122896002139897e-7,1,-1.1743233052641245e-8,-0.972018837928772,1.4975591966503999e-7,0.23490285873413087],"p":[-96.4684066772461,433.5654296875,-187.9432830810547]},"j":false},{"t":4.801087379455566,"c":{"r":[0.27450621128082278,-7.235342547318169e-9,0.9615853428840637,1.42542162961945e-7,1,-3.3167488311391938e-8,-0.9615853428840637,1.4617114629800199e-7,0.27450621128082278],"p":[-97.8285140991211,436.0699462890625,-188.27508544921876]},"j":true},{"t":4.804988384246826,"c":{"r":[0.28800681233406069,-9.310081594549047e-9,0.9576283693313599,1.2125472892421386e-7,1,-2.6745350822920956e-8,-0.9576283693313599,1.2381981662201725e-7,0.28800681233406069],"p":[-98.02108764648438,436.37322998046877,-188.3290252685547]},"j":false},{"t":4.873091697692871,"c":{"r":[0.704984724521637,-1.792007680023744e-7,0.7092224955558777,2.0879120654626605e-7,1,4.5128519587933627e-8,-0.7092224955558777,1.1626450202584238e-7,0.704984724521637],"p":[-99.48079681396485,438.30902099609377,-188.9634246826172]},"j":false},{"t":4.93956184387207,"c":{"r":[0.8582173585891724,-1.3596451253761189e-7,0.5132864117622376,1.3785437147362246e-7,1,3.439698659235546e-8,-0.5132864117622376,4.123867825001071e-8,0.8582173585891724],"p":[-100.59046173095703,439.3728332519531,-190.0826873779297]},"j":false},{"t":5.0058465003967289,"c":{"r":[0.9481635093688965,-1.648907499429697e-7,0.31778281927108767,1.6168664274118783e-7,1,3.645689261588814e-8,-0.31778281927108767,1.681413941412302e-8,0.9481635093688965],"p":[-101.35160827636719,439.54766845703127,-191.5970001220703]},"j":false},{"t":5.072049856185913,"c":{"r":[0.9573192596435547,8.456967748315947e-8,0.2890326678752899,-7.888782960208118e-8,1,-3.13073194035951e-8,-0.2890326678752899,7.169937532580661e-9,0.9573192596435547],"p":[-101.75743865966797,439.4854736328125,-192.8716278076172]},"j":false},{"t":5.139169454574585,"c":{"r":[0.9573193788528442,8.61706084265279e-8,0.28903213143348696,-8.625459457789475e-8,1,-1.2446403019339414e-8,-0.28903213143348696,-1.3015165833962783e-8,0.9573193788528442],"p":[-102.12482452392578,439.6068420410156,-194.08804321289063]},"j":false},{"t":5.2057294845581059,"c":{"r":[0.9245460033416748,8.481765689793974e-8,0.3810705244541168,-9.42432194506182e-8,1,6.073751279700446e-9,-0.3810705244541168,-4.1528771532739486e-8,0.9245460033416748],"p":[-102.1821517944336,440.7134704589844,-194.2718505859375]},"j":false},{"t":5.271699905395508,"c":{"r":[0.6946580410003662,5.8620631904204859e-8,0.7193400859832764,-1.067780246444272e-7,1,2.162201795385954e-8,-0.7193400859832764,-9.182962656950622e-8,0.6946580410003662],"p":[-102.54251098632813,441.432373046875,-194.97396850585938]},"j":false},{"t":5.338839292526245,"c":{"r":[0.46947139501571658,3.008975113516499e-8,0.8829476833343506,-1.2395487658523053e-7,1,3.18291952794425e-8,-0.8829476833343506,-1.2438856344942907e-7,0.46947139501571658],"p":[-102.54810333251953,441.5790710449219,-194.98397827148438]},"j":false},{"t":5.405371427536011,"c":{"r":[0.14608269929885865,-1.058262188990966e-8,0.9892723560333252,-2.3527471526563205e-8,1,1.4171606110835456e-8,-0.9892723560333252,-2.534530274544977e-8,0.14608269929885865],"p":[-102.54810333251953,441.47064208984377,-194.98397827148438]},"j":false},{"t":5.475614309310913,"c":{"r":[-0.04885023459792137,3.978415374916722e-9,0.9988061189651489,7.67115864164225e-8,1,-2.313123859121191e-10,-0.9988061189651489,7.66087069337118e-8,-0.04885023459792137],"p":[-103.52603912353516,441.4213562011719,-195.0159149169922]},"j":false},{"t":5.5389745235443119,"c":{"r":[-0.3616250455379486,4.218906113351295e-8,0.9323236346244812,5.809326353301003e-8,1,-2.2718595005244425e-8,-0.9323236346244812,4.594610913954966e-8,-0.3616250455379486],"p":[-103.8157958984375,440.9168701171875,-195.01068115234376]},"j":false},{"t":5.605706453323364,"c":{"r":[-0.4939423203468323,6.582707356983519e-8,0.8694946765899658,4.6243354034913867e-8,1,-4.9437364424420596e-8,-0.8694946765899658,1.5789144214295449e-8,-0.4939423203468323],"p":[-103.8157958984375,441.0859375,-195.01068115234376]},"j":false},{"t":5.737546682357788,"c":{"r":[-0.6045994162559509,1.0149661022751389e-7,0.7965297102928162,2.941814791768138e-8,1,-1.0509390335755597e-7,-0.7965297102928162,-4.01072810518599e-8,-0.6045994162559509],"p":[-103.8157958984375,441.03271484375,-195.01068115234376]},"j":false},{"t":5.768186092376709,"c":{"r":[-0.6045994162559509,1.0825937124536722e-7,0.7965297102928162,2.6730946345310259e-8,1,-1.1562389090613579e-7,-0.7965297102928162,-4.861414026890998e-8,-0.6045994162559509],"p":[-103.95549774169922,440.961669921875,-194.90463256835938]},"j":true},{"t":5.776437997817993,"c":{"r":[-0.6045992374420166,1.105117135580258e-7,0.7965298295021057,2.5835978689769946e-8,1,-1.1913088826531748e-7,-0.7965298295021057,-5.1447315740915658e-8,-0.6045992374420166],"p":[-104.03531646728516,441.4012145996094,-194.84405517578126]},"j":true},{"t":5.784969091415405,"c":{"r":[-0.6045992374420166,1.127630824271364e-7,0.7965298295021057,2.4941391174593265e-8,1,-1.2263637927389937e-7,-0.7965298295021057,-5.4279301053838938e-8,-0.6045992374420166],"p":[-104.12107849121094,441.8271179199219,-194.77896118164063]},"j":true},{"t":5.805826663970947,"c":{"r":[-0.6152713894844055,1.2021710915632867e-7,0.7883153557777405,2.274890320563827e-8,1,-1.34743501689627e-7,-0.7883153557777405,-6.497050719644904e-8,-0.6152713894844055],"p":[-104.48311614990235,443.2105407714844,-194.50332641601563]},"j":false},{"t":5.868383884429932,"c":{"r":[-0.6156614422798157,1.3706754486975115e-7,0.7880107760429382,2.2425638235290536e-8,1,-1.5642038420082827e-7,-0.7880107760429382,-7.86303502309238e-8,-0.6156614422798157],"p":[-105.39923095703125,445.3368835449219,-193.79270935058595]},"j":true},{"t":5.87233304977417,"c":{"r":[-0.6156616806983948,1.396673781073332e-7,0.7880105972290039,2.2390414855522068e-8,1,-1.5974715950051178e-7,-0.7880105972290039,-8.070632873113937e-8,-0.6156616806983948],"p":[-105.55677795410156,445.6129150390625,-193.66961669921876]},"j":false},{"t":5.939205884933472,"c":{"r":[-0.6636438965797424,1.6487797438458075e-7,0.7480486631393433,4.4034717205931886e-8,1,-1.8134463175556449e-7,-0.7480486631393433,-8.740814649854656e-8,-0.6636438965797424],"p":[-106.79427337646485,447.3307189941406,-192.656005859375]},"j":false},{"t":6.006003379821777,"c":{"r":[-0.684542715549469,9.249189858451246e-9,0.7289727330207825,3.603644671557049e-8,1,2.1152088081066723e-8,-0.7289727330207825,4.0749096541503607e-8,-0.684542715549469],"p":[-107.97126770019531,448.176513671875,-191.57237243652345]},"j":false},{"t":6.0720367431640629,"c":{"r":[-0.45378169417381289,-9.966053760024352e-9,0.8911128640174866,1.27746702105469e-7,1,7.623632569675465e-8,-0.8911128640174866,1.4843138274045487e-7,-0.45378169417381289],"p":[-109.21249389648438,448.1502990722656,-190.57046508789063]},"j":false},{"t":6.138485431671143,"c":{"r":[-0.1811276078224182,1.3697406764379139e-8,0.9834595918655396,1.7195871748754144e-7,1,1.7742530999953489e-8,-0.9834595918655396,1.723281144450084e-7,-0.1811276078224182],"p":[-110.71495056152344,447.2521057128906,-190.0465545654297]},"j":false},{"t":6.205873250961304,"c":{"r":[0.12532424926757813,-3.456703367987757e-8,0.99211585521698,-3.606787046805948e-8,1,3.939783255191287e-8,-0.99211585521698,-4.0721012339872689e-8,0.12532424926757813],"p":[-112.30250549316406,446.4647216796875,-189.9224090576172]},"j":false},{"t":6.252031087875366,"c":{"r":[0.2689191401004791,-1.7305116228882867e-9,0.9631627798080444,-7.288874570576809e-8,1,2.2147546019368748e-8,-0.9631627798080444,-7.61596297138567e-8,0.2689191401004791],"p":[-113.37841033935547,445.7664489746094,-190.1357879638672]},"j":true},{"t":6.2588512897491459,"c":{"r":[0.2689192593097687,1.5961462151992123e-9,0.9631627202033997,-7.19570394380753e-8,1,1.8433528481409668e-8,-0.9631627202033997,-7.426346826377994e-8,0.2689192593097687],"p":[-113.47467041015625,445.9879150390625,-190.1617889404297]},"j":true},{"t":6.271312713623047,"c":{"r":[0.2689191401004791,1.4895632283185023e-8,0.9631627798080444,-6.823218967610956e-8,1,3.5853842117461456e-9,-0.9631627798080444,-6.668287966249409e-8,0.2689191401004791],"p":[-113.85978698730469,446.8397521972656,-190.26710510253907]},"j":false},{"t":6.276337385177612,"c":{"r":[0.2689191401004791,1.4895632283185023e-8,0.9631627798080444,-6.823218967610956e-8,1,3.5853842117461456e-9,-0.9631627798080444,-6.668287966249409e-8,0.2689191401004791],"p":[-113.85978698730469,446.8397521972656,-190.26710510253907]},"j":true},{"t":6.338192701339722,"c":{"r":[0.14811918139457704,4.277343634839781e-8,0.9889695048332214,-3.6681520043657658e-9,1,-4.270112796689318e-8,-0.9889695048332214,2.6971658240171338e-9,0.14811918139457704],"p":[-115.4095687866211,449.7020568847656,-190.66165161132813]},"j":false},{"t":6.351429462432861,"c":{"r":[0.10699982196092606,3.53924001217365e-8,0.9942590594291687,3.593860142814265e-8,1,-3.946438553725784e-8,-0.9942590594291687,3.995496200559501e-8,0.10699982196092606],"p":[-115.6070785522461,449.99853515625,-190.69287109375]},"j":true},{"t":6.404808282852173,"c":{"r":[-0.20668886601924897,-1.0536695960183806e-8,0.9784067273139954,1.5858678636959667e-7,1,4.4270770160892428e-8,-0.9784067273139954,1.643126523731553e-7,-0.20668886601924897],"p":[-116.99893188476563,451.6923522949219,-190.68772888183595]},"j":false},{"t":6.471792459487915,"c":{"r":[-0.21473544836044312,-1.9094132497343709e-8,0.9766722321510315,4.826661736956339e-9,1,2.0611405915360593e-8,-0.9766722321510315,9.140066481450049e-9,-0.21473544836044312],"p":[-118.56268310546875,452.8106384277344,-190.35092163085938]},"j":false},{"t":6.53961706161499,"c":{"r":[-0.21473607420921327,-1.7851034428417735e-8,0.9766721129417419,-1.272056380230424e-7,1,-9.69066871192581e-9,-0.9766721129417419,-1.2631913648419869e-7,-0.21473607420921327],"p":[-120.12530517578125,453.05694580078127,-190.00741577148438]},"j":false},{"t":6.605376958847046,"c":{"r":[-0.24806489050388337,9.437501446996066e-9,0.9687434434890747,-2.827331080368367e-8,1,-1.6981914541247535e-8,-0.9687434434890747,-3.16022017443629e-8,-0.24806489050388337],"p":[-121.68631744384766,452.4312438964844,-189.6569366455078]},"j":false},{"t":6.671776056289673,"c":{"r":[-0.37982264161109927,4.079637960785476e-8,0.9250593185424805,1.3192554604302132e-7,1,1.0066304234612744e-8,-0.9250593185424805,1.2586237119194267e-7,-0.37982264161109927],"p":[-123.21180725097656,450.9335632324219,-189.17823791503907]},"j":false},{"t":6.738413333892822,"c":{"r":[-0.42572349309921267,8.008155027994235e-9,0.9048532843589783,7.143319180613617e-8,1,2.475830207515628e-8,-0.9048532843589783,7.517675015833447e-8,-0.42572349309921267],"p":[-124.6727066040039,448.5638732910156,-188.52647399902345]},"j":false},{"t":6.806277751922607,"c":{"r":[-0.4257799983024597,-5.1351712215819137e-8,0.9048267006874085,-9.49979366282605e-8,1,1.2050365150173548e-8,-0.9048267006874085,-8.082586333557629e-8,-0.4257799983024597],"p":[-126.1204605102539,445.32220458984377,-187.84532165527345]},"j":false},{"t":6.835314512252808,"c":{"r":[-0.4257799983024597,-4.1655056293166129e-8,0.9048267006874085,-9.330958050668414e-8,1,2.128256015865304e-9,-0.9048267006874085,-8.352282776513676e-8,-0.4257799983024597],"p":[-126.74337768554688,444.6149597167969,-187.5522003173828]},"j":true},{"t":6.859695672988892,"c":{"r":[-0.4257799983024597,-1.567397944768345e-8,0.9048267006874085,-5.231043331832552e-8,1,-7.292839665495876e-9,-0.9048267006874085,-5.04370234466478e-8,-0.4257799983024597],"p":[-127.17792510986328,444.3475646972656,-187.3477325439453]},"j":true},{"t":6.86762547492981,"c":{"r":[-0.4257802367210388,-5.289333859792578e-9,0.9048266410827637,-3.592303698951582e-8,1,-1.1058455484658225e-8,-0.9048266410827637,-3.721259034250579e-8,-0.4257802367210388],"p":[-127.34241485595703,444.787109375,-187.2703399658203]},"j":true},{"t":6.872365951538086,"c":{"r":[-0.4257791340351105,5.090939669827321e-9,0.9048271179199219,-1.9542630624869163e-8,1,-1.482248279671694e-8,-0.9048271179199219,-2.3993806053113077e-8,-0.4257791340351105],"p":[-127.5136489868164,445.2130126953125,-187.18975830078126]},"j":false},{"t":6.876096487045288,"c":{"r":[-0.4257791340351105,5.090939669827321e-9,0.9048271179199219,-1.9542630624869163e-8,1,-1.482248279671694e-8,-0.9048271179199219,-2.3993806053113077e-8,-0.4257791340351105],"p":[-127.5136489868164,445.2130126953125,-187.18975830078126]},"j":true},{"t":6.950642347335815,"c":{"r":[-0.22347471117973329,3.572599283074851e-8,0.9747097492218018,1.3977579271795549e-7,1,-4.606127035344798e-9,-0.9747097492218018,1.3521147934625334e-7,-0.22347471117973329],"p":[-129.001220703125,448.12982177734377,-186.61671447753907]},"j":false},{"t":7.0122644901275639,"c":{"r":[-0.07000774145126343,-4.124607499988997e-8,0.9975464344024658,1.2618890821158858e-7,1,5.020345383854874e-8,-0.9975464344024658,1.2939392490807223e-7,-0.07000774145126343],"p":[-130.7789306640625,450.368896484375,-186.35800170898438]},"j":false},{"t":7.079751014709473,"c":{"r":[-0.05632232129573822,-7.735090434835002e-8,0.9984126091003418,1.0784690829268584e-7,1,8.355772962431729e-8,-0.9984126091003418,1.1238188335482846e-7,-0.05632232129573822],"p":[-132.37510681152345,451.4327087402344,-186.24635314941407]},"j":false},{"t":7.147248983383179,"c":{"r":[-0.041878193616867068,-1.1650519127215375e-7,0.9991227388381958,1.0848430065379944e-7,1,1.2115459924189055e-7,-0.9991227388381958,1.1346286044044973e-7,-0.041878193616867068],"p":[-133.8094024658203,451.62451171875,-186.17315673828126]},"j":false},{"t":7.213568925857544,"c":{"r":[-0.03489988297224045,-1.2693000428498636e-7,0.9993908405303955,9.246233645399116e-8,1,1.3023627332131583e-7,-0.9993908405303955,9.695123992514709e-8,-0.03489988297224045],"p":[-134.63385009765626,450.9443054199219,-186.13238525390626]},"j":false},{"t":7.280746698379517,"c":{"r":[-0.03489988297224045,5.9463722834607327e-8,0.9993908405303955,-6.008733777207454e-8,1,-6.159829268881367e-8,-0.9993908405303955,-6.220050607907979e-8,-0.03489988297224045],"p":[-135.21041870117188,449.3921203613281,-186.10760498046876]},"j":false},{"t":7.347314834594727,"c":{"r":[-0.03489965200424194,7.60159437618313e-8,0.9993908405303955,-6.076278680211544e-8,1,-7.81841720254306e-8,-0.9993908405303955,-6.34543724231662e-8,-0.03489965200424194],"p":[-136.3925018310547,446.9679260253906,-186.06451416015626]},"j":false},{"t":7.413296699523926,"c":{"r":[-0.027922488749027253,5.3819476875105468e-8,0.9996100664138794,-2.6506072003940063e-8,1,-5.4580873154463919e-8,-0.9996100664138794,-2.8019771391996075e-8,-0.027922488749027253],"p":[-137.72903442382813,445.44110107421877,-186.01950073242188]},"j":false}],"v":1}

