{"v":1,"d":[{"t":0.07146954536437988,"c":{"r":[-0.6078804731369019,-2.2589661696770236e-8,-0.7940285801887512,-5.5934279430402967e-8,1,1.4371892120834673e-8,0.7940285801887512,5.3149808110219965e-8,-0.6078804731369019],"p":[-832.7093505859375,57.96897888183594,-443.5556945800781]},"j":false},{"t":0.04,"j":false,"c":{"p":[-832.793597651106,57.96863597807918,-443.5960629654714],"r":[-0.6185718638841583,-1.801634713651412e-7,-0.7861053805732662,-2.754887080406433e-7,1,-2.120288529411997e-8,0.7861053805732662,2.1054367238886794e-7,-0.6185718638841583]}},{"t":0.08,"j":false,"c":{"p":[-832.6865137206672,57.96907183281148,-443.5447519154694],"r":[-0.6049823561572905,2.0123895794255335e-8,-0.7961763231607664,3.5803742331059517e-9,1,2.401515265722767e-8,0.7961763231607664,1.04850284444266e-8,-0.6049823561572905]}},{"t":0.12,"j":false,"c":{"p":[-832.5794297902283,57.96950768754378,-443.4934408654675],"r":[-0.5913928484304227,2.2041126295365181e-7,-0.8062472657482666,2.8264945650685514e-7,1,6.92331906085753e-8,0.8062472657482666,-1.8957361550001473e-7,-0.5913928484304227]}},{"t":0.16,"j":false,"c":{"p":[-832.2059237200207,57.96231231422911,-443.3144714863347],"r":[-0.5690756290462937,3.1623055984347005e-7,-0.8216274536512705,4.217873291445666e-7,1,9.054286770627145e-8,0.8216274536512705,-2.9326002564852496e-7,-0.5690756290462937]}},{"t":0.2,"j":false,"c":{"p":[-831.3719879695041,57.94192868301259,-442.91488349149125],"r":[-0.531675213154296,2.3150855397806453e-7,-0.8461830581522325,3.1909664288755706e-7,1,7.053421084679092e-8,0.8461830581522325,-2.303963253752566e-7,-0.531675213154296]}},{"t":0.24000000000000002,"j":false,"c":{"p":[-830.4686114233449,57.895871607533024,-442.4820083689694],"r":[-0.5017992062686683,1.5656192336254774e-7,-0.8647423281517427,2.2326859500724663e-7,1,5.0258244144654246e-8,0.8647423281517427,-1.6687181935139645e-7,-0.5017992062686683]}},{"t":0.28,"j":false,"c":{"p":[-829.5027453673645,57.82671109649263,-442.0191782859271],"r":[-0.4786943866390533,9.041211602693983e-8,-0.8779055193728865,1.3361620949185968e-7,1,2.9741726324354288e-8,0.8779055193728865,-1.027526567274872e-7,-0.4786943866390533]}},{"t":0.32,"j":false,"c":{"p":[-828.5486572888165,57.75379483109174,-441.56201535756196],"r":[-0.4650858175149147,7.720171359393422e-8,-0.8851898625778886,1.1690150667450919e-7,1,2.5740374156767453e-8,0.8851898625778886,-9.146539230437846e-8,-0.4650858175149147]}},{"t":0.36,"j":false,"c":{"p":[-827.6302865006245,57.67538137843026,-441.1219765782425],"r":[-0.4541823911366285,7.033997203509979e-8,-0.8909016975627898,1.0845314725155202e-7,1,2.3635058564684505e-8,0.8909016975627898,-8.58648092402868e-8,-0.4541823911366285]}},{"t":0.39999999999999997,"j":false,"c":{"p":[-826.8452111633783,57.577527186417214,-440.74583315003014],"r":[-0.4486161251099162,5.9052266228584206e-8,-0.8937093636456541,9.202575907186779e-8,1,1.9818187196192967e-8,0.8937093636456541,-7.330651532425767e-8,-0.4486161251099162]}},{"t":0.43999999999999995,"j":false,"c":{"p":[-825.9786556473438,57.46418673211228,-440.3306686609535],"r":[-0.44379565891722694,5.688822162879882e-8,-0.8961225781038447,8.981811751930251e-8,1,1.903732546460762e-8,0.8961225781038447,-7.206409333290492e-8,-0.44379565891722694]}},{"t":0.4799999999999999,"j":false,"c":{"p":[-824.9996664407738,57.32947693807387,-439.8616593970272],"r":[-0.44000431451816546,6.731382663361903e-8,-0.8979914926775824,1.0723216329656079e-7,1,2.2445823317819187e-8,0.8979914926775824,-8.643633077204267e-8,-0.44000431451816546]}},{"t":0.5199999999999999,"j":false,"c":{"p":[-824.0827867585294,57.21837207197894,-439.4223647499153],"r":[-0.4375862230463198,3.338901344757408e-8,-0.8991750147300049,5.3334019006244455e-8,1,1.1083424892654607e-8,0.8991750147300049,-4.304091956710046e-8,-0.4375862230463198]}},{"t":0.5599999999999999,"j":false,"c":{"p":[-823.1911686468829,57.12314370820433,-438.9951629718317],"r":[-0.4358479329435001,-1.388598384897204e-8,-0.9000201579098746,-2.2101242406166134e-8,1,-4.7302423331163374e-9,0.9000201579098746,1.7833088899121956e-8,-0.4358479329435001]}},{"t":0.6,"j":false,"c":{"p":[-822.2952046304712,57.067355481869264,-438.5659288685568],"r":[-0.43480755104489616,-2.736015989231782e-8,-0.9005229388804208,-4.3652231511522486e-8,1,-9.319247663719624e-9,0.9005229388804208,3.5267347277094774e-8,-0.43480755104489616]}},{"t":0.64,"j":false,"c":{"p":[-821.390875879847,57.02665321263135,-438.13265115315596],"r":[-0.4339781501081636,-1.2742001145163262e-8,-0.9009232631408606,-2.0392679684775034e-8,1,-4.294079713397964e-9,0.9009232631408606,1.6490537299666827e-8,-0.4339781501081636]}},{"t":0.68,"j":false,"c":{"p":[-820.4766282429831,57.00383984320379,-437.69457853003223],"r":[-0.4333989300028167,3.518799584137166e-8,-0.901202094425403,5.600312806663667e-8,1,1.2131556995677253e-8,0.901202094425403,-4.5225290047658126e-8,-0.4333989300028167]}},{"t":0.7200000000000001,"j":false,"c":{"p":[-819.5581046549927,56.996023195156944,-437.2544273160207],"r":[-0.4330120269646133,2.9410742320973145e-8,-0.9013880980172533,4.684242178716904e-8,1,1.0116140533347369e-8,0.9013880980172533,-3.78359140102581e-8,-0.4330120269646133]}},{"t":0.7600000000000001,"j":false,"c":{"p":[-818.6378468954125,56.99428867653258,-436.81343310049743],"r":[-0.43270312079404677,1.8517646345670474e-9,-0.9015364540442383,2.9830785148210925e-9,1,6.216978740169552e-10,0.9015364540442383,-2.4199593572275574e-9,-0.43270312079404677]}},{"t":0.8000000000000002,"j":false,"c":{"p":[-817.7412759139078,56.994331800999035,-436.3837897614073],"r":[-0.43253618791411413,-2.8942335605619736e-8,-0.9016165407392326,-4.6052833061050103e-8,1,-1.0012844684638393e-8,0.9016165407392326,3.7194912174148156e-8,-0.43253618791411413]}},{"t":0.8400000000000002,"j":false,"c":{"p":[-816.840865581822,56.99439304520187,-435.952306577578],"r":[-0.43239470439806704,-3.5736049146954296e-8,-0.9016844105537667,-5.688843862807656e-8,1,-1.2349132377038339e-8,0.9016844105537667,4.595356745347973e-8,-0.43239470439806704]}},{"t":0.8800000000000002,"j":false,"c":{"p":[-815.9300933385225,56.99439522091816,-435.5158578904868],"r":[-0.43230482011897703,1.3967626172937476e-8,-0.9017275169326949,2.2201802113150538e-8,1,4.850068251159032e-9,0.9017275169326949,-1.7926192282680563e-8,-0.43230482011897703]}},{"t":0.9200000000000003,"j":false,"c":{"p":[-815.0235705844652,56.9943962097168,-435.08144558956593],"r":[-0.43223783099688606,3.1158996283844413e-8,-0.9017596301824875,4.956551477774517e-8,1,1.0794999223659273e-8,0.9017596301824875,-4.002985272730826e-8,-0.43223783099688606]}},{"t":0.9600000000000003,"j":false,"c":{"p":[-814.1205879995297,56.9943962097168,-434.64872976345157],"r":[-0.4321899153970995,2.1264979795465716e-8,-0.9017825852642986,3.3836835149983506e-8,1,7.3642109859164056e-9,0.9017825852642986,-2.733063491867064e-8,-0.4321899153970995]}},{"t":1.0000000000000002,"j":false,"c":{"p":[-813.2432684383115,56.9943962097168,-434.228311845064],"r":[-0.4321616376457013,-2.7388039671701193e-8,-0.90179615452759,-4.355487190209856e-8,1,-9.49965020583167e-9,0.90179615452759,3.517336363549003e-8,-0.4321616376457013]}},{"t":1.0400000000000003,"j":false,"c":{"p":[-812.3642326193875,56.9943962097168,-433.8070714834939],"r":[-0.4321378052513289,-6.412257557142679e-8,-0.9018075915317924,-1.0199108236177668e-7,1,-2.2231009272109416e-8,0.9018075915317924,8.236925415600044e-8,-0.4321378052513289]}},{"t":1.0800000000000003,"j":false,"c":{"p":[-811.4582588744854,56.9943962097168,-433.37292227175556],"r":[-0.4321233148991643,-1.165847004703015e-8,-0.90181452390564,-1.8549469565386985e-8,1,-4.038586336860296e-9,0.90181452390564,1.49824263724984e-8,-0.4321233148991643]}},{"t":1.1200000000000003,"j":false,"c":{"p":[-810.5554666152314,56.9943962097168,-432.9402976510929],"r":[-0.4321114360754021,2.6244208419302802e-8,-0.9018202070668778,4.1733937829205833e-8,1,9.104453525549315e-9,0.9018202070668778,-3.370243490259954e-8,-0.4321114360754021]}},{"t":1.1600000000000004,"j":false,"c":{"p":[-809.6574735062029,56.9943962097168,-432.50997281814386],"r":[-0.4321034966430145,4.218152740388004e-8,-0.9018240058383551,6.70840722297129e-8,1,1.4630690864844094e-8,0.9018240058383551,-5.4176090247481623e-8,-0.4321034966430145]}},{"t":1.2000000000000004,"j":false,"c":{"p":[-808.7735125507867,56.9943962097168,-432.0863722953242],"r":[-0.4320984912200727,-4.964054887620385e-10,-0.9018264214439671,-7.855163509661388e-10,1,-1.7435160378968333e-10,0.9018264214439671,6.332546638576235e-10,-0.4320984912200727]}},{"t":1.2400000000000004,"j":false,"c":{"p":[-807.885545328591,56.9943962097168,-431.66066699762774],"r":[-0.4321340963830464,-4.490983306882244e-8,-0.9018093635778727,-7.141635417643381e-8,1,-1.558099113523736e-8,0.9018093635778727,5.767295322383679e-8,-0.4321340963830464]}},{"t":1.2800000000000005,"j":false,"c":{"p":[-806.9488320511201,56.9943962097168,-431.2102934944161],"r":[-0.43245281648032113,-1.640675318540552e-8,-0.9016565127412571,-2.609156216693105e-8,1,-5.693155103739192e-9,0.9016565127412571,2.107130864817316e-8,-0.43245281648032113]}},{"t":1.3200000000000005,"j":false,"c":{"p":[-806.0306722906003,56.9943962097168,-430.754503407546],"r":[-0.43580804381724647,1.653976456299627e-8,-0.900008637646617,2.608854050394356e-8,1,5.439468734744144e-9,0.900008637646617,-2.089590737097393e-8,-0.43580804381724647]}},{"t":1.3600000000000005,"j":false,"c":{"p":[-805.1519579953117,56.9943962097168,-430.28719746290426],"r":[-0.44561899817687384,5.8933196029931205e-8,-0.8951822855254454,9.28432879205123e-8,1,1.9218557622989347e-8,0.8951822855254454,-7.42705273006483e-8,-0.44561899817687384]}},{"t":1.4000000000000006,"j":false,"c":{"p":[-804.3032668178205,56.9943962097168,-429.8060287048787],"r":[-0.45918428194470995,7.908494208160335e-8,-0.8882226920366042,1.2284394624841372e-7,1,2.5543595747804047e-8,0.8882226920366042,-9.738950043731795e-8,-0.45918428194470995]}},{"t":1.4400000000000006,"j":false,"c":{"p":[-803.4800304782775,56.9943962097168,-429.31310648172104],"r":[-0.4759326410791969,8.037926960113409e-8,-0.8794544485039755,1.2168297146388026e-7,1,2.5548782099633107e-8,0.8794544485039755,-9.485648794951636e-8,-0.4759326410791969]}},{"t":1.4800000000000006,"j":false,"c":{"p":[-802.6313556761642,56.9943962097168,-428.7997507794536],"r":[-0.48759135926825653,8.097334004505132e-8,-0.8730157544147799,1.2033502689206025e-7,1,2.5553032581752046e-8,0.8730157544147799,-9.260000510472512e-8,-0.48759135926825653]}},{"t":1.5200000000000007,"j":false,"c":{"p":[-801.7683905524473,56.9943962097168,-428.2772545383347],"r":[-0.4971589594346574,7.603771402671896e-8,-0.8676454523059983,1.1135230510074464e-7,1,2.3899725223640118e-8,0.8676454523059983,-8.47843328186834e-8,-0.4971589594346574]}},{"t":1.5600000000000007,"j":false,"c":{"p":[-800.8826395961394,56.9943962097168,-427.74094653497235],"r":[-0.5036428382862732,6.060942554545909e-8,-0.8639003171638575,8.773958767257505e-8,1,1.9062886952936342e-8,0.8639003171638575,-6.624034428808131e-8,-0.5036428382862732]}},{"t":1.6000000000000008,"j":false,"c":{"p":[-800.0345254552811,56.9943962097168,-427.2274297808271],"r":[-0.507858461374867,6.262117820407054e-8,-0.8614348103257541,8.970191590396117e-8,1,1.9786103683175306e-8,0.8614348103257541,-6.720350145002937e-8,-0.507858461374867]}},{"t":1.6400000000000008,"j":false,"c":{"p":[-799.2021845003015,56.99435953826597,-426.7234644354833],"r":[-0.5110556315420361,6.52665601225259e-8,-0.8595471242919193,9.291321844764352e-8,1,2.07063653022608e-8,0.8595471242919193,-6.929569575801691e-8,-0.5110556315420361]}},{"t":1.6800000000000008,"j":false,"c":{"p":[-798.3834491446326,56.99407914944553,-426.22773700095496],"r":[-0.5129818964797427,2.9852587906156595e-8,-0.8583981090559475,4.2437451283336094e-8,1,9.459954841252523e-9,0.8583981090559475,-3.1610841250309456e-8,-0.5129818964797427]}},{"t":1.7200000000000009,"j":false,"c":{"p":[-797.5180740346619,56.99204611961625,-425.7037701535481],"r":[-0.5144748002565563,-1.3463841497371092e-8,-0.8575047941867263,-1.9224937291980262e-8,1,-4.116260823192684e-9,0.8575047941867263,1.4326843813182678e-8,-0.5144748002565563]}},{"t":1.760000000000001,"j":false,"c":{"p":[-796.6226875693299,56.98885779016205,-425.16163204714155],"r":[-0.5156788470797239,-6.034973365116595e-8,-0.856781978123758,-8.592735445164308e-8,1,-1.8721086532281553e-8,0.856781978123758,6.396794873125186e-8,-0.5156788470797239]}},{"t":1.800000000000001,"j":false,"c":{"p":[-795.7392801898258,56.98431028428083,-424.62674703105824],"r":[-0.5163367685427728,-5.583058313465847e-9,-0.8563854525695196,-7.886364833986885e-9,1,-1.7961251354845298e-9,0.8563854525695196,5.8519452412682e-9,-0.5163367685427728]}},{"t":1.840000000000001,"j":false,"c":{"p":[-794.8860955247025,56.97369717062904,-424.1101161447027],"r":[-0.5168674658378746,3.4689058793721394e-8,-0.8560654241291241,4.9495568631574404e-8,1,1.0633309196839264e-8,0.8560654241291241,-3.6872041163810194e-8,-0.5168674658378746]}},{"t":1.880000000000001,"j":false,"c":{"p":[-794.0780512186072,56.9540245228455,-423.6207494530611],"r":[-0.5172081423245928,5.3312241452635304e-8,-0.8558596510511018,7.602133212719553e-8,1,1.634826702139744e-8,0.8558596510511018,-5.660665710319577e-8,-0.5172081423245928]}},{"t":1.920000000000001,"j":false,"c":{"p":[-793.2216050633072,56.91964044343197,-423.10211929604117],"r":[-0.5174398486707255,-7.344712726115518e-10,-0.8557195658478132,-1.0789200485266303e-9,1,-1.93822086871323e-10,0.8557195658478132,8.132308315974486e-10,-0.5174398486707255]}},{"t":1.960000000000001,"j":false,"c":{"p":[-792.35506618047,56.88189140202223,-422.57738516102637],"r":[-0.5176245775487398,-4.051773039155801e-8,-0.8556078401181708,-5.781998792410262e-8,1,-1.2376942187620328e-8,0.8556078401181708,4.306568650953242e-8,-0.5176245775487398]}},{"t":2.000000000000001,"j":false,"c":{"p":[-791.4839896632811,56.842109168819356,-422.0499032535991],"r":[-0.5177457413038323,-2.241177643477155e-8,-0.8555345223812546,-3.196860670644807e-8,1,-6.851066132478526e-9,0.8555345223812546,2.3804224939635213e-8,-0.5177457413038323]}},{"t":2.040000000000001,"j":false,"c":{"p":[-790.6130012223051,56.80833019913378,-421.52243680090135],"r":[-0.5178299992903914,2.158799318157665e-8,-0.8554835306627676,3.083011607500802e-8,1,6.569623352371845e-9,0.8554835306627676,-2.2969860306005133e-8,-0.5178299992903914]}},{"t":2.080000000000001,"j":false,"c":{"p":[-789.7435019300976,56.77767930833826,-420.9958445889504],"r":[-0.5178953666379141,7.34490381070584e-8,-0.8554439662514086,1.0484374278635361e-7,1,2.23873254887304e-8,0.8554439662514086,-7.809380182751028e-8,-0.5178953666379141]}},{"t":2.120000000000001,"j":false,"c":{"p":[-788.9079038182831,56.753169289471316,-420.4895603320319],"r":[-0.5179309379034905,1.9879411397746215e-8,-0.8554224146879881,2.8369379378636412e-8,1,6.064147783395469e-9,0.8554224146879881,-2.112828841316157e-8,-0.5179309379034905]}},{"t":2.160000000000001,"j":false,"c":{"p":[-788.0505098794226,56.71887087915134,-419.9701726371637],"r":[-0.5179603156002004,-2.3807807683187733e-8,-0.8554046296916819,-3.399563892225485e-8,1,-7.2468874037536836e-9,0.8554046296916819,2.532605569413909e-8,-0.5179603156002004]}},{"t":2.200000000000001,"j":false,"c":{"p":[-787.165642029137,56.67223407950532,-419.4342678955767],"r":[-0.5179818862262227,-5.503812887823288e-8,-0.85539159250013,-7.857565200561307e-8,1,-1.6761079435087595e-8,0.85539159250013,5.8530939989319686e-8,-0.5179818862262227]}},{"t":2.240000000000001,"j":false,"c":{"p":[-786.3653216987698,56.61470421102814,-418.9495203275099],"r":[-0.5179937913411614,-6.145867576823701e-9,-0.8553843721304631,-8.76842802766352e-9,1,-1.8755643645133957e-9,0.8553843721304631,6.529268402551374e-9,-0.5179937913411614]}},{"t":2.280000000000001,"j":false,"c":{"p":[-785.5432308464802,56.55433586959812,-418.4515826630311],"r":[-0.5180035175364145,2.8929474122665713e-8,-0.8553784695225962,4.130952999666791e-8,1,8.804273061674954e-9,0.8553784695225962,-3.0774633932670666e-8,-0.5180035175364145]}},{"t":2.320000000000001,"j":false,"c":{"p":[-784.6730757082555,56.49039559198235,-417.9245326222053],"r":[-0.5180106620599185,3.024641182503222e-8,-0.855374131776183,4.318614770037771e-8,1,9.207107825644611e-9,0.855374131776183,-3.21709290525989e-8,-0.5180106620599185]}},{"t":2.360000000000001,"j":false,"c":{"p":[-783.7924937287592,56.42906165209469,-417.3911955990896],"r":[-0.518015480881378,-1.1654995711138723e-8,-0.8553712321766024,-1.664604705302683e-8,1,-3.5445469223986075e-9,0.8553712321766024,1.2402250790688892e-8,-0.518015480881378]}},{"t":2.4000000000000012,"j":false,"c":{"p":[-782.9166245751098,56.372210507063656,-416.86072643345636],"r":[-0.5180192091033202,-5.8069222177015606e-8,-0.8553689999757395,-8.292065820202691e-8,1,-1.7670439921426587e-8,0.8553689999757395,6.177415102664474e-8,-0.5180192091033202]}},{"t":2.4400000000000013,"j":false,"c":{"p":[-782.1023019527357,56.3407338772549,-416.36755613247635],"r":[-0.518021243979647,-2.2521405439525522e-8,-0.8553677645151125,-3.215836743888159e-8,1,-6.8540586396574376e-9,0.8553677645151125,2.3956732704979885e-8,-0.518021243979647]}},{"t":2.4800000000000013,"j":false,"c":{"p":[-781.2516145088887,56.29704935088074,-415.85232716651706],"r":[-0.5180229069013044,1.2539071489718845e-8,-0.8553667524710569,1.7907384075478804e-8,1,3.814275874845887e-9,0.8553667524710569,-1.33414696864388e-8,-0.5180229069013044]}},{"t":2.5200000000000014,"j":false,"c":{"p":[-780.3617871319027,56.240225305708364,-415.3133561708309],"r":[-0.5180241694832844,4.707501820712346e-8,-0.8553659808931802,6.722344128303706e-8,1,1.4323265716736338e-8,0.8553659808931802,-5.0080833178849915e-8,-0.5180241694832844]}},{"t":2.5600000000000014,"j":false,"c":{"p":[-779.5109432636883,56.19131970775223,-414.7980493190726],"r":[-0.518024936380695,1.2043988158095346e-8,-0.8553655280518,1.719773637908089e-8,1,3.665294640053081e-9,0.8553655280518,-1.2811669056996807e-8,-0.518024936380695]}},{"t":2.6000000000000014,"j":false,"c":{"p":[-778.6709595465063,56.14462005624425,-414.28933490050485],"r":[-0.5180255651887067,-4.236723362746297e-8,-0.8553651640050564,-6.050291555656653e-8,1,-1.2889436367119753e-8,0.8553651640050564,4.50750282964399e-8,-0.5180255651887067]}},{"t":2.6400000000000015,"j":false,"c":{"p":[-777.8140636458744,56.12009506009675,-413.7704295360395],"r":[-0.5180257881038622,-3.098596300561893e-8,-0.8553650164370248,-4.424927403490532e-8,1,-9.427203204355994e-9,0.8553650164370248,3.2965749735215534e-8,-0.5180257881038622]}},{"t":2.6800000000000015,"j":false,"c":{"p":[-776.9669946075932,56.10314164887748,-413.25749787009516],"r":[-0.5180259346961975,-2.3335629060157976e-9,-0.8553649187088013,-3.3317314394977817e-9,1,-7.10387397738449e-10,0.8553649187088013,2.4818485138401296e-9,-0.5180259346961975]}},{"t":2.7200000000000015,"j":false,"c":{"p":[-776.1416501252,56.10147635621466,-412.7577687451393],"r":[-0.5180259346961975,6.056496503670058e-8,-0.8553649187088013,8.64907321666225e-8,1,1.8425490194091494e-8,0.8553649187088013,-6.443625274396104e-8,-0.5180259346961975]}},{"t":2.7600000000000016,"j":false,"c":{"p":[-775.2703649833952,56.10185488145305,-412.2302234948959],"r":[-0.5180259346961975,3.967771382946946e-8,-0.8553649187088013,5.6661997320236175e-8,1,1.2071253452457186e-8,0.8553649187088013,-4.221346020968224e-8,-0.5180259346961975]}},{"t":2.8000000000000016,"j":false,"c":{"p":[-774.3792933419601,56.10311367272734,-411.6906979256981],"r":[-0.5180259346961975,-1.7295812790830727e-8,-0.8553649187088013,-2.4700137879611446e-8,1,-5.261496534268625e-9,0.8553649187088013,1.840203901759329e-8,-0.5180259346961975]}},{"t":2.8400000000000016,"j":false,"c":{"p":[-773.4952095831637,56.089199000600104,-411.1554033758516],"r":[-0.5180259346961975,-3.143134458500646e-8,-0.8553649187088013,-4.4886454644705934e-8,1,-9.561996143904593e-9,0.8553649187088013,3.3440935651299876e-8,-0.5180259346961975]}},{"t":2.8800000000000017,"j":false,"c":{"p":[-772.6324202268802,56.07720512427314,-410.63300214917035],"r":[-0.5180259346961975,-2.4969754740255166e-8,-0.8553649187088013,-3.5658502648552477e-8,1,-7.5964359911682e-9,0.8553649187088013,2.6565880635838354e-8,-0.5180259346961975]}},{"t":2.9200000000000017,"j":false,"c":{"p":[-771.8229428266679,56.07006444321134,-410.1428802164391],"r":[-0.5180259346961975,3.295684279740288e-8,-0.8553649187088013,4.706542619752549e-8,1,1.0025817148531096e-8,0.8553649187088013,-3.506448039625833e-8,-0.5180259346961975]}},{"t":2.9600000000000017,"j":false,"c":{"p":[-770.9934408719752,56.059467389371925,-409.6405712939311],"r":[-0.5180259346961975,3.6927794114404815e-8,-0.8553649187088013,5.2736090077876625e-8,1,1.1233956338618708e-8,0.8553649187088013,-3.928911998167086e-8,-0.5180259346961975]}},{"t":3.0000000000000018,"j":false,"c":{"p":[-770.152382650075,56.04687564609132,-409.1312292007001],"r":[-0.5180259346961975,9.760681127261365e-9,-0.8553649187088013,1.3938942201603415e-8,1,2.9694310077704173e-9,0.8553649187088013,-1.0384640169225273e-8,-0.5180259346961975]}},{"t":3.040000000000002,"j":false,"c":{"p":[-769.2966059045335,56.07394635432275,-408.6129279783326],"r":[-0.5180259346961975,-3.864015147506976e-8,-0.8553649187088013,-5.518181293409854e-8,1,-1.1754677912273487e-8,0.8553649187088013,4.1111359424816823e-8,-0.5180259346961975]}},{"t":3.080000000000002,"j":false,"c":{"p":[-768.4373853192499,56.10218361950053,-408.09255717041503],"r":[-0.5180259346961975,-5.744804214944903e-8,-0.8553649187088013,-8.204108382544235e-8,1,-1.7476318257169443e-8,0.8553649187088013,6.112187992456797e-8,-0.5180259346961975]}},{"t":3.120000000000002,"j":false,"c":{"p":[-767.5716626709193,56.12678633924921,-407.5682981162279],"r":[-0.5180259346961975,4.479967848233071e-9,-0.8553649187088013,6.3980285899773185e-9,1,1.3627214017699953e-9,0.8553649187088013,-4.7667235898269525e-9,-0.5180259346961975]}},{"t":3.160000000000002,"j":false,"c":{"p":[-766.693855157196,56.126649705609424,-407.03661911283643],"r":[-0.5180259346961975,3.119156137911023e-8,-0.8553649187088013,4.454467699109783e-8,1,9.48865561113228e-9,0.8553649187088013,-3.318658333631713e-8,-0.5180259346961975]}},{"t":3.200000000000002,"j":false,"c":{"p":[-765.8052406142823,56.10438962205681,-406.49830473494666],"r":[-0.5180259346961975,2.6410471427928944e-8,-0.8553649187088013,3.771671384342338e-8,1,8.034272659278914e-9,0.8553649187088013,-2.8099590133551753e-8,-0.5180259346961975]}},{"t":3.240000000000002,"j":false,"c":{"p":[-764.9549525716609,56.11416077505325,-405.9832981644552],"r":[-0.5180259346961975,-2.476989456850607e-8,-0.8553649187088013,-3.537406430321603e-8,1,-7.535043864426688e-9,0.8553649187088013,2.6354385304851637e-8,-0.5180259346961975]}},{"t":3.280000000000002,"j":false,"c":{"p":[-764.1549353153941,56.129444671657744,-405.49875318335694],"r":[-0.5180259346961975,-5.992745929298276e-8,-0.8553649187088013,-8.558262218403236e-8,1,-1.8230162636816023e-8,0.8553649187088013,6.376067349437601e-8,-0.5180259346961975]}},{"t":3.320000000000002,"j":false,"c":{"p":[-763.5023152164538,56.15375764055961,-405.1035020285069],"r":[-0.5180259346961975,-3.307736996897827e-8,-0.8553649187088013,-4.723786636660037e-8,1,-1.0062290181399295e-8,0.8553649187088013,3.51930844600314e-8,-0.5180259346961975]}},{"t":3.360000000000002,"j":false,"c":{"p":[-762.6129288532265,56.178268745353606,-404.56495612478756],"r":[-0.5180259346961975,7.030080373530703e-9,-0.8553649187088013,1.003981251728307e-8,1,2.138498906593183e-9,0.8553649187088013,-7.479905803478359e-9,-0.5180259346961975]}},{"t":3.400000000000002,"j":false,"c":{"p":[-761.5688758084443,56.202909281682224,-403.93280345931663],"r":[-0.5180259346961975,5.579785249408304e-8,-0.8553649187088013,7.96853529782593e-8,1,1.6973775785434777e-8,0.8553649187088013,-5.93671969585813e-8,-0.5180259346961975]}},{"t":3.440000000000002,"j":false,"c":{"p":[-760.6911804252569,56.20082180388905,-403.4013769396333],"r":[-0.5180259346961975,1.7908814957582968e-9,-0.8553649187088013,2.5574989198413526e-9,1,5.448338725202768e-10,0.8553649187088013,-1.905355802844562e-9,-0.5180259346961975]}},{"t":3.480000000000002,"j":false,"c":{"p":[-759.8507872834026,56.18698905052528,-402.89248280586037],"r":[-0.5180259346961975,-3.318162611247431e-8,-0.8553649187088013,-4.738704674905387e-8,1,-1.0093826455829841e-8,0.8553649187088013,3.5304352926003804e-8,-0.5180259346961975]}},{"t":3.5200000000000022,"j":false,"c":{"p":[-759.0734267108587,56.15250733289352,-402.42165600039516],"r":[-0.5180259346961975,-3.012275219566963e-8,-0.8553649187088013,-4.3018602167938306e-8,1,-9.163340071944987e-9,0.8553649187088013,3.204975317793961e-8,-0.5180259346961975]}},{"t":3.5600000000000023,"j":false,"c":{"p":[-758.2331958761646,56.138460802750174,-401.9127926508509],"r":[-0.5180259346961975,-2.073528366766369e-9,-0.8553649187088013,-2.9611149694048286e-9,1,-6.30835930621518e-10,0.8553649187088013,2.2060426459767966e-9,-0.5180259346961975]}},{"t":3.6000000000000023,"j":false,"c":{"p":[-757.3352112387229,56.143186419357185,-401.3689882180534],"r":[-0.5180259346961975,4.893229990527241e-8,-0.8553649187088013,6.98809965822923e-8,1,1.4885024395831696e-8,0.8553649187088013,-5.206292407118086e-8,-0.5180259346961975]}},{"t":3.6400000000000023,"j":false,"c":{"p":[-756.5007725594752,56.183656460742974,-400.86366042472264],"r":[-0.5180259346961975,3.3438210839241745e-8,-0.8553649187088013,4.775357859624699e-8,1,1.0171817698131587e-8,0.8553649187088013,-3.557746972157016e-8,-0.5180259346961975]}},{"t":3.6800000000000024,"j":false,"c":{"p":[-755.702401908314,56.244414667631155,-400.38017157366914],"r":[-0.5180259346961975,-1.980054294583132e-8,-0.8553649187088013,-2.827756129525695e-8,1,-6.023198044894924e-9,0.8553649187088013,2.1067461623755133e-8,-0.5180259346961975]}},{"t":3.7200000000000024,"j":false,"c":{"p":[-754.7354306664104,56.2652664065265,-399.7945920794828],"r":[-0.5180259346961975,-2.638959128583779e-8,-0.8553649187088013,-3.768744437973279e-8,1,-8.027588442894503e-9,0.8553649187088013,2.8078019202913887e-8,-0.5180259346961975]}},{"t":3.7600000000000025,"j":false,"c":{"p":[-753.8103075239604,56.27242055023443,-399.23434399102763],"r":[-0.5180259346961975,-1.1108521628645169e-8,-0.8553649187088013,-1.586417626527297e-8,1,-3.379220720499439e-9,0.8553649187088013,1.1819137018525986e-8,-0.5180259346961975]}},{"t":3.8000000000000025,"j":false,"c":{"p":[-752.9862086365177,56.25319838438766,-398.7352500670757],"r":[-0.5180259346961975,4.7486791443370135e-8,-0.8553649187088013,6.781703398096052e-8,1,1.4445074221032826e-8,0.8553649187088013,-5.052538504245004e-8,-0.5180259346961975]}},{"t":3.8400000000000025,"j":false,"c":{"p":[-752.1377913063426,56.271339458447486,-398.2214779454152],"r":[-0.5180259346961975,3.718977101596059e-8,-0.8553649187088013,5.3111549801003924e-8,1,1.131284557663806e-8,0.8553649187088013,-3.956940650052194e-8,-0.5180259346961975]}},{"t":3.8800000000000026,"j":false,"c":{"p":[-751.2918068921446,56.301577166279834,-397.7092029222077],"r":[-0.5180259346961975,-4.249529502583911e-9,-0.8553649187088013,-6.06893697326423e-9,1,-1.2926213559698895e-9,0.8553649187088013,4.521544141476147e-9,-0.5180259346961975]}},{"t":3.9200000000000026,"j":false,"c":{"p":[-750.5227695690257,56.30774133735204,-397.24354209090563],"r":[-0.5180259346961975,-5.3848807277966834e-8,-0.8553649187088013,-7.690293300779626e-8,1,-1.6380253663333256e-8,0.8553649187088013,5.7294670425821136e-8,-0.5180259346961975]}},{"t":3.9600000000000026,"j":false,"c":{"p":[-749.6660384849438,56.33706769955267,-396.724697869458],"r":[-0.5180259346961975,-3.687790210590822e-8,-0.8553649187088013,-5.2666261006606086e-8,1,-1.121791850064975e-8,0.8553649187088013,3.923769555435914e-8,-0.5180259346961975]}},{"t":4.000000000000003,"j":false,"c":{"p":[-748.7594835783977,56.37955382233358,-396.17563713363637],"r":[-0.5180259346961975,1.7915317221028096e-8,-0.8553649187088013,2.5585474708621384e-8,1,5.449577041161149e-9,0.8553649187088013,-1.9061895739710357e-8,-0.5180259346961975]}},{"t":4.040000000000003,"j":false,"c":{"p":[-747.8834557061343,56.42039650964913,-395.6450996565206],"r":[-0.5180259346961975,2.650480117077202e-8,-0.8553649187088013,3.7852316649242524e-8,1,8.062428485810152e-9,0.8553649187088013,-2.8200995970925794e-8,-0.5180259346961975]}},{"t":4.080000000000003,"j":false,"c":{"p":[-747.0114649668677,56.456600975188955,-395.11702781962225],"r":[-0.5180259346961975,2.0611320590727025e-8,-0.8553649187088013,2.9435596038537084e-8,1,6.269742126669747e-9,0.8553649187088013,-2.193028617518358e-8,-0.5180259346961975]}},{"t":4.120000000000003,"j":false,"c":{"p":[-746.136425459452,56.46438243382225,-394.58720937814593],"r":[-0.5180259346961975,-3.480837951157729e-8,-0.8553649187088013,-4.971109067991023e-8,1,-1.0588164496109399e-8,0.8553649187088013,3.703617647523186e-8,-0.5180259346961975]}},{"t":4.160000000000003,"j":false,"c":{"p":[-745.2862058334309,56.46387959056488,-394.0724188648565],"r":[-0.5180259346961975,-3.767506420110927e-8,-0.8553649187088013,-5.380502852612187e-8,1,-1.1460211571826855e-8,0.8553649187088013,4.0086244279655806e-8,-0.5180259346961975]}},{"t":4.200000000000003,"j":false,"c":{"p":[-744.4520975766078,56.457999145207616,-393.56738345456085],"r":[-0.5180259346961975,-6.427926172849367e-9,-0.8553649187088013,-9.179855786565922e-9,1,-1.9553321420588403e-9,0.8553649187088013,6.839213510158373e-9,-0.5180259346961975]}},{"t":4.240000000000003,"j":false,"c":{"p":[-743.6319114284001,56.448549450526116,-393.0707775949611],"r":[-0.5180259346961975,4.160758324922123e-8,-0.8553649187088013,5.9421449428512394e-8,1,1.265627434520662e-8,0.8553649187088013,-4.4270739916860834e-8,-0.5180259346961975]}},{"t":4.280000000000003,"j":false,"c":{"p":[-742.7933363187392,56.4503425038671,-392.5629866863496],"r":[-0.5180259346961975,5.140247250619934e-8,-0.8553649187088013,7.340984834804073e-8,1,1.5635747329456086e-8,0.8553649187088013,-5.469247959471045e-8,-0.5180259346961975]}},{"t":4.320000000000003,"j":false,"c":{"p":[-741.9211629105469,56.471723373308215,-392.0347671172753],"r":[-0.5180259346961975,-6.324714791654774e-9,-0.8553649187088013,-9.032639708942026e-9,1,-1.9238235915633248e-9,0.8553649187088013,6.729614543935903e-9,-0.5180259346961975]}},{"t":4.360000000000003,"j":false,"c":{"p":[-741.054741767891,56.49172635678379,-391.51010349165455],"r":[-0.5180259346961975,-3.202177688168909e-8,-0.8553649187088013,-4.573161888875644e-8,1,-9.740417510750817e-9,0.8553649187088013,3.4071432448146054e-8,-0.5180259346961975]}},{"t":4.400000000000003,"j":false,"c":{"p":[-740.1933141121935,56.51053321056828,-390.988526746698],"r":[-0.5180259346961975,-2.991379216215134e-8,-0.8553649187088013,-4.2721093428444765e-8,1,-9.099225834570659e-9,0.8553649187088013,3.182848695123476e-8,-0.5180259346961975]}},{"t":4.440000000000003,"j":false,"c":{"p":[-739.342462291466,56.52257836589217,-390.47335345250406],"r":[-0.5180259346961975,2.3165234342714544e-8,-0.8553649187088013,3.3083395850067756e-8,1,7.046319133611455e-9,0.8553649187088013,-2.464820097694879e-8,-0.5180259346961975]}},{"t":4.480000000000003,"j":false,"c":{"p":[-738.490201680836,56.5339863070111,-389.95880920407217],"r":[-0.5177420231070368,7.306997778088488e-8,-0.8555357084702386,1.0435302771361582e-7,1,2.2227222175334377e-8,0.8555357084702386,-7.774563891055562e-8,-0.5177420231070368]}},{"t":4.520000000000003,"j":false,"c":{"p":[-737.6113335464785,56.54804099188317,-389.44199748451234],"r":[-0.5148062637589166,2.850783024265607e-8,-0.8573017428902674,4.069613045139363e-8,1,8.681723206107095e-9,0.8573017428902674,-3.031266799655088e-8,-0.5148062637589166]}},{"t":4.560000000000003,"j":false,"c":{"p":[-736.7301167826478,56.560990786907915,-388.9661177495052],"r":[-0.5038525623522495,3.818940573521217e-8,-0.8635719919248371,5.6622336821361903e-8,1,1.2977482774723214e-8,0.8635719919248371,-4.37719533827012e-8,-0.5038525623522495]}},{"t":4.600000000000003,"j":false,"c":{"p":[-735.8447278368195,56.571977819571345,-388.56295092687395],"r":[-0.478655527163681,1.4423130000519003e-7,-0.8778436747078385,2.1392256412537047e-7,1,4.896703591133057e-8,0.8778436747078385,-1.6540222889114422e-7,-0.478655527163681]}},{"t":4.640000000000003,"j":false,"c":{"p":[-734.9216341365556,56.58430770983749,-388.19497274811596],"r":[-0.448968392027694,1.489632273014151e-7,-0.8931342930291928,2.2740849644140056e-7,1,5.185141200483078e-8,0.8931342930291928,-1.7936268424769624e-7,-0.448968392027694]}},{"t":4.680000000000003,"j":false,"c":{"p":[-733.9786247061885,56.59694329601452,-387.84635997650196],"r":[-0.4176827250726566,1.3204844661628224e-7,-0.90842105955695,2.1225361821077383e-7,1,4.8252387530485904e-8,0.90842105955695,-1.729908804126796e-7,-0.4176827250726566]}},{"t":4.720000000000003,"j":false,"c":{"p":[-733.0037452062609,56.60904016547702,-387.530719806421],"r":[-0.3858080795709217,1.616489540181392e-7,-0.9223211467879714,2.7178728103846626e-7,1,6.230048066357011e-8,0.9223211467879714,-2.2714094814713206e-7,-0.3858080795709217]}},{"t":4.760000000000003,"j":false,"c":{"p":[-732.0388823611978,56.61895671522301,-387.2571245051539],"r":[-0.3544677096000407,1.3637667119554444e-7,-0.93462961252209,2.3712615059748988e-7,1,5.414912833738278e-8,0.93462961252209,-2.0129246975345985e-7,-0.3544677096000407]}},{"t":4.800000000000003,"j":false,"c":{"p":[-731.0789411727369,56.627801970702336,-387.00418783783005],"r":[-0.32338985448360386,8.414278952207988e-8,-0.9461560392866868,1.5618266018242964e-7,1,3.5090137804054786e-8,0.9461560392866868,-1.3613691948433232e-7,-0.32338985448360386]}},{"t":4.840000000000003,"j":false,"c":{"p":[-730.1165030638234,56.623538920494035,-386.77428571775897],"r":[-0.29847670697623263,7.249686163335061e-8,-0.9542109434208937,1.413549464702418e-7,1,3.166773276297998e-8,0.9542109434208937,-1.2537933755493446e-7,-0.29847670697623263]}},{"t":4.8800000000000034,"j":false,"c":{"p":[-729.1458668033927,56.62221009745233,-386.54806864937166],"r":[-0.27675683242134314,6.546547744989747e-8,-0.9608788366011778,1.3311296245061446e-7,1,2.9710601000967476e-8,0.9608788366011778,-1.1963853855401285e-7,-0.27675683242134314]}},{"t":4.9200000000000035,"j":false,"c":{"p":[-728.1574677314669,56.6312681020927,-386.323530366309],"r":[-0.260461661307654,5.715700398538966e-8,-0.9654189323088344,1.2069157834257555e-7,1,2.6557016354106897e-8,0.9654189323088344,-1.0955339116986494e-7,-0.260461661307654]}},{"t":4.9600000000000035,"j":false,"c":{"p":[-727.181243649186,56.631666749549936,-386.10246719442637],"r":[-0.24890680904221257,5.07104856739682e-8,-0.9684965464853947,1.1007941683802648e-7,1,2.4011386582407844e-8,0.9684965464853947,-1.0060600961736814e-7,-0.24890680904221257]}},{"t":5.0000000000000036,"j":false,"c":{"p":[-726.2112039514014,56.62766680646432,-385.88316923338425],"r":[-0.2397598400890104,4.520976254738162e-8,-0.9708312813354965,1.0038626459309287e-7,1,2.1774572408426883e-8,0.9708312813354965,-9.223656542456638e-8,-0.2397598400890104]}},{"t":5.040000000000004,"j":false,"c":{"p":[-725.2302204634348,56.62473424034186,-385.6911611342649],"r":[-0.22701973947209933,4.978991072904254e-8,-0.9738398120101791,1.1277251126946682e-7,1,2.49269135828079e-8,0.9738398120101791,-1.0420857431237557e-7,-0.22701973947209933]}},{"t":5.080000000000004,"j":false,"c":{"p":[-724.2386040452996,56.61917756625594,-385.5160900128733],"r":[-0.21158124670379144,5.182783309174465e-8,-0.9772691345970528,1.2074647764370888e-7,1,2.6905680439318747e-8,0.9772691345970528,-1.1231476525598882e-7,-0.21158124670379144]}},{"t":5.120000000000004,"j":false,"c":{"p":[-723.2327637804328,56.61004602949326,-385.363506902397],"r":[-0.19254704574819076,5.024746870286786e-8,-0.9812572342248265,1.2236204648065245e-7,1,2.7201528978226078e-8,0.9812572342248265,-1.1483297641898338e-7,-0.19254704574819076]}},{"t":5.160000000000004,"j":false,"c":{"p":[-722.2849659021284,56.57748786464031,-385.22314447731196],"r":[-0.1805238701056706,4.548290466182179e-8,-0.983514186155405,1.1445496209590576e-7,1,2.5152199162821745e-8,0.983514186155405,-1.0798889477108095e-7,-0.1805238701056706]}},{"t":5.200000000000004,"j":false,"c":{"p":[-721.3418470005142,56.54164910071113,-385.0839284462882],"r":[-0.16950814767527508,4.021652840180595e-8,-0.9855277558919862,1.0500660561927803e-7,1,2.273955519276798e-8,0.9855277558919862,-9.962971220050564e-8,-0.16950814767527508]}},{"t":5.240000000000004,"j":false,"c":{"p":[-720.3086201808685,56.49344951883331,-384.93138471463095],"r":[-0.16308954024147498,3.131310477076458e-8,-0.9865943995142935,8.326172797973924e-8,1,1.7867787919662045e-8,0.9865943995142935,-7.918865261083595e-8,-0.16308954024147498]}},{"t":5.280000000000004,"j":false,"c":{"p":[-719.2890498949745,56.44074250990871,-384.78086429778307],"r":[-0.15740822962350956,2.5404168546309094e-8,-0.9875318609776266,6.944512506111717e-8,1,1.4667928303605761e-8,0.9875318609776266,-6.627472390490232e-8,-0.15740822962350956]}},{"t":5.320000000000004,"j":false,"c":{"p":[-718.3140709252309,56.37331784948328,-384.63695040876854],"r":[-0.15413434068436918,2.9272833071996606e-8,-0.9880475168351937,8.151592600603577e-8,1,1.6927181831851025e-8,0.9880475168351937,-7.793838414236415e-8,-0.15413434068436918]}},{"t":5.360000000000004,"j":false,"c":{"p":[-717.3459552375678,56.30447845440063,-384.4762565947254],"r":[-0.15639926190831646,3.6157876989147856e-8,-0.9876852785660911,1.0054856867341235e-7,1,2.0615756902054542e-8,0.9876852785660911,-9.606032111092699e-8,-0.15639926190831646]}},{"t":5.400000000000004,"j":false,"c":{"p":[-716.3788680289694,56.23214226741722,-384.30300552152806],"r":[-0.1623170140980522,4.4107768234497305e-8,-0.9867247749701004,1.214224383800678e-7,1,2.4738660906261814e-8,0.9867247749701004,-1.1579838554733815e-7,-0.1623170140980522]}},{"t":5.440000000000004,"j":false,"c":{"p":[-715.3720656837428,56.118188317923504,-384.0745843164618],"r":[-0.1789837828763882,4.3894917109524365e-8,-0.9837679923417089,1.1410986586414773e-7,1,2.3928446473092238e-8,0.9837679923417089,-1.0799509992660696e-7,-0.1789837828763882]}},{"t":5.480000000000004,"j":true,"c":{"p":[-714.4121903989984,56.000850371285885,-383.85666104598727],"r":[-0.19217374907660822,4.303246607769147e-8,-0.9813434654242862,1.0713122450117686e-7,1,2.28948102202512e-8,0.9813434654242862,-1.0074221297211465e-7,-0.19217374907660822]}},{"t":5.520000000000004,"j":false,"c":{"p":[-713.5084805306562,56.129441456559704,-383.6512924108436],"r":[-0.20102488156146647,3.9768517098002524e-8,-0.9795857770286288,9.668209500308896e-8,1,2.076021655661815e-8,0.9795857770286288,-9.053656890970787e-8,-0.20102488156146647]}},{"t":5.560000000000004,"j":false,"c":{"p":[-712.5797764167207,57.956869201731955,-383.4403026094718],"r":[-0.20688126279269492,4.756717132174821e-8,-0.9783623715222327,1.1350819722136424e-7,1,2.4561465527125428e-8,0.9783623715222327,-1.0594635106149895e-7,-0.20688126279269492]}},{"t":5.600000000000004,"j":false,"c":{"p":[-711.6289170852442,59.51876916373907,-383.22175730127515],"r":[-0.21168806445423377,6.098326543841462e-8,-0.977330399581108,1.4422063283900034e-7,1,3.112077606504606e-8,0.977330399581108,-1.3434671459169873e-7,-0.21168806445423377]}},{"t":5.640000000000004,"j":false,"c":{"p":[-710.557818457866,60.958069603614,-382.9709671163157],"r":[-0.2167737622257108,6.814303884624919e-8,-0.9762133226294942,1.6002374507544258e-7,1,3.422076486692127e-8,0.9762133226294942,-1.4877857884076627e-7,-0.2167737622257108]}},{"t":5.680000000000004,"j":false,"c":{"p":[-709.5238989569895,62.02841902716209,-382.7315387208243],"r":[-0.219805743451251,5.1736156262851414e-8,-0.9755431293406797,1.2078819994247327e-7,1,2.5880828025300335e-8,0.9755431293406797,-1.1217353460326159e-7,-0.219805743451251]}},{"t":5.720000000000004,"j":false,"c":{"p":[-708.5215331575963,62.78564193789115,-382.50175300785196],"r":[-0.2210947477722954,1.532839420551535e-8,-0.9752522035339315,3.4841676685898645e-8,1,7.831894961580356e-9,0.9752522035339315,-3.2253772497336387e-8,-0.2210947477722954]}},{"t":5.760000000000004,"j":false,"c":{"p":[-707.5375605948108,63.04185350608187,-382.32283429526876],"r":[-0.21007519517133558,4.0134470461183656e-8,-0.9776312322117181,9.368654617944092e-8,1,2.150047199812993e-8,0.977