{"v":1,"d":[{"t":0.0633854866027832,"c":{"r":[-0.5115434527397156,3.567362938383667e-8,-0.8592574000358582,8.142084340079236e-8,1,-6.95562274444228e-9,0.8592574000358582,-7.35195655465759e-8,-0.5115434527397156],"p":[135.95384216308594,141.5288848876953,-175.24424743652344]},"j":false},{"t":0.04,"j":false,"c":{"p":[135.96974197073175,141.5288848876953,-175.3767856283123],"r":[-0.43547266215189395,-0.000005655430715509792,-0.920062802430499,-0.000007085661852709256,1,-7.118490692839566e-7,0.920062802430499,0.000004343658957355065,-0.43547266215189395]}},{"t":0.08,"j":false,"c":{"p":[135.94254594455384,141.5288848876953,-175.15008400941488],"r":[-0.5655889036993641,0.000004078990366352677,-0.816057436320385,0.000005173364983631305,1,4.938448014702608e-7,0.816057436320385,-0.0000032117596626294076,-0.5655889036993641]}},{"t":0.12,"j":false,"c":{"p":[135.9153499183759,141.5288848876953,-174.92338239051747],"r":[-0.6957051452468341,0.000013813411448215144,-0.712052070210271,0.000017432391819971866,1,0.000001699538672224478,0.712052070210271,-0.00001076717828261388,-0.6957051452468341]}},{"t":0.16,"j":false,"c":{"p":[135.81891710514927,141.5288848876953,-174.1149174933777],"r":[-0.8198337254048854,0.000011944055818408031,-0.5356870149091459,0.000014303222168240695,1,0.000001598210133263876,0.5356870149091459,-0.0000075471334227497525,-0.8198337254048854]}},{"t":0.2,"j":false,"c":{"p":[135.70194153992765,141.52856727911302,-173.1338378423612],"r":[-0.9403791029681562,0.000006686862002064779,-0.3393793082940181,0.000006711070436034907,1,0.000001110630908814435,0.3393793082940181,-0.0000012446030946813342,-0.9403791029681562]}},{"t":0.24000000000000002,"j":false,"c":{"p":[135.58351360232925,141.51240927138437,-172.1403585236264],"r":[-0.9706942596877783,0.0000039310919664339445,-0.21769503750541064,0.000003920156539571148,1,6.727688755082219e-7,0.21769503750541064,-4.3285266259548294e-7,-0.9706942596877783]}},{"t":0.28,"j":false,"c":{"p":[135.46661290520015,141.37484699150826,-171.15957183363122],"r":[-0.9923093240318658,0.0000018299950085877523,-0.11516268109845938,0.0000018028890245939735,1,3.3421301919505064e-7,0.11516268109845938,9.676197562786155e-8,-0.9923093240318658]}},{"t":0.32,"j":false,"c":{"p":[135.35250133016382,141.0155702243517,-170.20196505010443],"r":[-0.9980358493137463,9.244944099948346e-7,-0.04760649811981428,9.158678546397846e-7,1,1.7701501566851716e-7,0.04760649811981428,1.1112627073566324e-7,-0.9980358493137463]}},{"t":0.36,"j":false,"c":{"p":[135.23343504332095,140.94592665353156,-169.2029121734024],"r":[-0.9994112855981246,4.766593438676356e-7,-0.00022799322480885828,4.752745505407729e-7,1,9.516763297345133e-8,0.00022799322480885828,8.682853597526742e-8,-0.9994112855981246]}},{"t":0.39999999999999997,"j":false,"c":{"p":[135.11256915792666,140.98148062011035,-168.18880568063702],"r":[-0.9992063648884478,1.950527611351296e-7,0.039821786677079446,1.968281022174784e-7,1,4.068831392998168e-8,-0.039821786677079446,4.848838347953079e-8,-0.9992063648884478]}},{"t":0.43999999999999995,"j":false,"c":{"p":[134.99276537382158,140.98831879160383,-167.18364014781136],"r":[-0.9979790089058947,1.4981079460560612e-7,0.06086854425881347,1.5186406757709373e-7,1,3.169552888921725e-8,-0.06086854425881347,4.017552675333753e-8,-0.9979790089058947]}},{"t":0.4799999999999999,"j":false,"c":{"p":[134.8741479328363,140.99357658338042,-166.1884224572567],"r":[-0.996820633210707,1.1598418410308487e-7,0.07941476066836614,1.1835294219086305e-7,1,2.5067491176098196e-8,-0.07941476066836614,3.4388804873245925e-8,-0.996820633210707]}},{"t":0.5199999999999999,"j":false,"c":{"p":[134.75908204502917,140.99412727415464,-165.22298557269482],"r":[-0.9958697199051901,1.1613224900425375e-7,0.09048989743239025,1.1893148692428457e-7,1,2.54805422454613e-8,-0.09048989743239025,3.614007942072556e-8,-0.9958697199051901]}},{"t":0.5599999999999999,"j":false,"c":{"p":[134.64123242828862,140.9943415537244,-164.23418263053708],"r":[-0.9951120109167624,1.0234076745865043e-7,0.09861297756869591,1.0506298091986408e-7,1,2.2686199796883696e-8,-0.09861297756869591,3.2845717285471e-8,-0.9951120109167624]}},{"t":0.6,"j":false,"c":{"p":[134.52183897212163,140.99436926165112,-163.2324210125096],"r":[-0.9944614518876943,8.081849677869655e-8,0.10509886474548187,8.318222693492327e-8,1,1.8113056075770865e-8,-0.10509886474548187,2.675307520676863e-8,-0.9944614518876943]}},{"t":0.64,"j":false,"c":{"p":[134.40316917203,140.99436950683594,-162.2368075075722],"r":[-0.9940716074006308,5.136341703301193e-8,0.1086879158397838,5.295220768589128e-8,1,1.1936564949668002e-8,-0.1086879158397838,1.7550822006554717e-8,-0.9940716074006308]}},{"t":0.68,"j":false,"c":{"p":[134.28381580323267,140.99436950683594,-161.2354595206275],"r":[-0.9937381695880462,3.3197936541118253e-8,0.11172559816764295,3.434605628701269e-8,1,8.332761356429715e-9,-0.11172559816764295,1.2122541111147642e-8,-0.9937381695880462]}},{"t":0.7200000000000001,"j":false,"c":{"p":[134.16305353869296,140.99436950683594,-160.22229084779065],"r":[-0.993515149858321,3.822806214021798e-8,0.11369030702970659,3.962560906042328e-8,1,1.0011074712565243e-8,-0.11369030702970659,1.445660688474048e-8,-0.993515149858321]}},{"t":0.7600000000000001,"j":false,"c":{"p":[134.0415003472069,140.99436950683594,-159.2024812005128],"r":[-0.993348859535706,4.94514240429299e-8,0.11514045922681711,5.1300349520991396e-8,1,1.3064085327284425e-8,-0.11514045922681711,1.8893294723968943e-8,-0.993348859535706]}},{"t":0.8000000000000002,"j":false,"c":{"p":[133.92037827735788,140.99436950683594,-158.18628502290596],"r":[-0.9932262378142314,6.50093244728709e-8,0.11619618484398817,6.745058101549737e-8,1,1.7073869754094582e-8,-0.11619618484398817,2.4796914658966493e-8,-0.9932262378142314]}},{"t":0.8400000000000002,"j":false,"c":{"p":[133.81068997861678,140.99436950683594,-157.2660164868095],"r":[-0.9931594926654512,8.158437471426811e-8,0.11676462778713813,8.464655274597793e-8,1,2.1246565748793277e-8,-0.11676462778713813,3.099117502474151e-8,-0.9931594926654512]}},{"t":0.8800000000000002,"j":false,"c":{"p":[133.69704816448956,140.99436950683594,-156.3125785437792],"r":[-0.9931026526364335,9.912630615097998e-8,0.11724776379022998,1.028443382316499e-7,1,2.565041385825036e-8,-0.11724776379022998,3.753508042090855e-8,-0.9931026526364335]}},{"t":0.9200000000000003,"j":false,"c":{"p":[133.57728598315825,140.99436950683594,-155.3077916288721],"r":[-0.9930611465480295,1.1816504925530713e-7,0.11759883762909083,1.2259301386268248e-7,1,3.041210446587673e-8,-0.11759883762909083,4.462026510097368e-8,-0.9930611465480295]}},{"t":0.9600000000000003,"j":false,"c":{"p":[133.45448414400244,140.99436950683594,-154.27750243625167],"r":[-0.9930330940095403,3.066476846305826e-8,0.11783553499487998,3.1805714696475285e-8,1,7.857859259418949e-9,-0.11783553499487998,1.1533551644111794e-8,-0.9930330940095403]}},{"t":1.0000000000000002,"j":false,"c":{"p":[133.3310215269382,140.99436950683594,-153.2416694151149],"r":[-0.9930102365444448,-8.557124433817886e-8,0.11802811382649042,-8.879471702562439e-8,1,-2.2053139995537335e-8,-0.11802811382649042,-3.2379091070207604e-8,-0.9930102365444448]}},{"t":1.0400000000000003,"j":false,"c":{"p":[133.21433229505806,140.99436950683594,-152.26266408972452],"r":[-0.9929980889378617,-6.432383922869356e-8,0.11813049878151043,-6.674206772699857e-8,1,-1.651879237299708e-8,-0.11813049878151043,-2.4286176141922474e-8,-0.9929980889378617]}},{"t":1.0800000000000003,"j":false,"c":{"p":[133.0966785565341,140.99436950683594,-151.27556669683602],"r":[-0.992988335067686,-4.2921183817935095e-8,0.1182124864096213,-4.4527349591751664e-8,1,-1.0948291051960209e-8,-0.1182124864096213,-1.613450009998317e-8,-0.992988335067686]}},{"t":1.1200000000000003,"j":false,"c":{"p":[132.9779283591893,140.99436950683594,-150.27927017728095],"r":[-0.9929813024160894,-2.134203863039564e-8,0.11827128619433604,-2.2128390314530534e-8,1,-5.336689919037959e-9,-0.11827128619433604,-7.9160239568706e-9,-0.9929813024160894]}},{"t":1.1600000000000004,"j":false,"c":{"p":[132.8594942726167,140.99436950683594,-149.28562578015763],"r":[-0.9929768751080044,1.2599039531387048e-10,0.11830852574611807,1.5600373976903173e-10,1,2.4268845790275705e-10,-0.11830852574611807,2.5997934423035605e-10,-0.9929768751080044]}},{"t":1.2000000000000004,"j":false,"c":{"p":[132.7410730091042,140.99436950683594,-148.2920889666044],"r":[-0.9929731327400516,2.15761479037848e-8,0.11834008011289028,2.242204683091587e-8,1,5.816560727045771e-9,-0.11834008011289028,8.429137172267949e-9,-0.9929731327400516]}},{"t":1.2400000000000004,"j":false,"c":{"p":[132.62096616901596,140.99436950683594,-147.28441041591344],"r":[-0.9929710278741825,4.3260511789638755e-8,0.11835762671026573,4.4931584581496054e-8,1,1.1449677378888309e-8,-0.11835762671026573,1.668743433781202e-8,-0.9929710278741825]}},{"t":1.2800000000000005,"j":false,"c":{"p":[132.50309173978087,140.99436950683594,-146.29546146073426],"r":[-0.9929693003712666,6.451609629143532e-8,0.11837203336371119,6.699607508263333e-8,1,1.6971201589626293e-8,-0.11837203336371119,2.478243133306007e-8,-0.9929693003712666]}},{"t":1.3200000000000005,"j":false,"c":{"p":[132.38865753445407,140.99436950683594,-145.33537547322143],"r":[-0.9929681543979797,8.511091663042747e-8,0.11838160125274937,8.837473206630095e-8,1,2.2320757910434472e-8,-0.11838160125274937,3.26257770028866e-8,-0.9929681543979797]}},{"t":1.3600000000000005,"j":false,"c":{"p":[132.26704023585268,140.99436950683594,-144.31502439993082],"r":[-0.9929673934999873,1.0693829053063719e-7,0.11838803155485765,1.1103289037680897e-7,1,2.7990331266892684e-8,-0.11838803155485765,4.093852735175163e-8,-0.9929673934999873]}},{"t":1.4000000000000006,"j":false,"c":{"p":[132.1486637120643,140.99436950683594,-143.3218629460181],"r":[-0.9929668106151402,8.293943031661332e-8,0.11839294050702627,8.611239617354308e-8,1,2.1685249004345142e-8,-0.11839294050702627,3.172767233596053e-8,-0.9929668106151402]}},{"t":1.4400000000000006,"j":false,"c":{"p":[132.03720868044195,140.99436950683594,-142.38677178343414],"r":[-0.9929664401724275,-1.7343326049889516e-8,0.11839600086898247,-1.800908904482651e-8,1,-4.5528067764752075e-9,-0.11839600086898247,-6.6531557443315655e-9,-0.9929664401724275]}},{"t":1.4800000000000006,"j":false,"c":{"p":[131.92080530936423,140.99436950683594,-141.41016478772147],"r":[-0.9929661628309809,-5.644159601333779e-8,0.1183983042871929,-5.8602600337291706e-8,1,-1.4770531234538738e-8,-0.1183983042871929,-2.1605085586692406e-8,-0.9929661628309809]}},{"t":1.5200000000000007,"j":false,"c":{"p":[131.8011872696213,140.99436950683594,-140.40658719933353],"r":[-0.9929659459723944,-5.579161244404761e-8,0.11840011595996776,-5.7925420928952355e-8,1,-1.458071239967337e-8,-0.11840011595996776,-2.1336526676081888e-8,-0.9929659459723944]}},{"t":1.5600000000000007,"j":false,"c":{"p":[131.66250390840185,140.99436950683594,-139.41743111841322],"r":[-0.9922918052890181,1.4926691868226085e-9,0.12382039384250108,1.4673734313527383e-9,1,-1.0750493774747343e-9,-0.12382039384250108,-6.184663364396394e-10,-0.9922918052890181]}},{"t":1.6000000000000008,"j":false,"c":{"p":[131.5029466969986,140.99436950683594,-138.4264022874723],"r":[-0.9908268194919364,6.9659359240704e-8,0.13416838474647014,7.261801056204045e-8,1,1.4634616727934409e-8,-0.13416838474647014,2.512817186106013e-8,-0.9908268194919364]}},{"t":1.6400000000000008,"j":false,"c":{"p":[131.25456717443103,140.99436950683594,-137.4241931836001],"r":[-0.9859869979934399,1.748374201823293e-7,0.16530207431935212,1.8425001191984627e-7,1,3.7472727866570473e-8,-0.16530207431935212,6.911585826124824e-8,-0.9859869979934399]}},{"t":1.6800000000000008,"j":false,"c":{"p":[130.96154419479618,140.99650969949138,-136.43661309046325],"r":[-0.9791691276608858,2.412443822483962e-7,0.2009214254490883,2.574956456846346e-7,1,5.227955010777813e-8,-0.2009214254490883,1.0382126738525972e-7,-0.9791691276608858]}},{"t":1.7200000000000009,"j":false,"c":{"p":[130.63388659864953,141.0015875299082,-135.46449838319313],"r":[-0.9708274633504664,2.7388404667122287e-7,0.23958967159006994,2.968775757161229e-7,1,6.006575720320391e-8,-0.23958967159006994,1.293242502783492e-7,-0.9708274633504664]}},{"t":1.760000000000001,"j":false,"c":{"p":[130.28822547564607,141.03015174466046,-134.5711892004718],"r":[-0.9618791519330294,2.2555681399338142e-7,0.27243103421778203,2.484534860163087e-7,1,5.062219756085984e-8,-0.27243103421778203,1.156382885770289e-7,-0.9618791519330294]}},{"t":1.800000000000001,"j":false,"c":{"p":[129.9213391373873,141.12141251102372,-133.67483940795316],"r":[-0.9527050498246069,1.7939670659334673e-7,0.3029246807816991,2.0091903802005608e-7,1,4.121039821024308e-8,-0.3029246807816991,9.930792013853447e-8,-0.9527050498246069]}},{"t":1.840000000000001,"j":false,"c":{"p":[129.53586548087304,141.26757782107705,-132.77582689652624],"r":[-0.9433332185821335,1.3513439135954554e-7,0.33136238844811056,1.5416366591436874e-7,1,3.182641194152548e-8,-0.33136238844811056,8.06617952269195e-8,-0.9433332185821335]}},{"t":1.880000000000001,"j":false,"c":{"p":[129.1416669825039,141.51712151640558,-131.86965913126213],"r":[-0.9360810780583532,1.1055900648415061e-7,0.3514652715764531,1.280227067441108e-7,1,2.6762638693664725e-8,-0.3514652715764531,6.984110073849724e-8,-0.9360810780583532]}},{"t":1.920000000000001,"j":false,"c":{"p":[128.75096173895705,141.80777479815396,-130.9753909183643],"r":[-0.9299717509775101,9.485164730994689e-8,0.3675994486930523,1.113401783259946e-7,1,2.3646499579029032e-8,-0.3675994486930523,6.291700356529482e-8,-0.9299717509775101]}},{"t":1.960000000000001,"j":false,"c":{"p":[128.3907784209002,142.1458085641573,-130.15094693385765],"r":[-0.9263207649037689,9.33199263695475e-8,0.3766698117810745,1.1035694665469493e-7,1,2.3648995515818693e-8,-0.3766698117810745,6.347004852484556e-8,-0.9263207649037689]}},{"t":2.000000000000001,"j":false,"c":{"p":[128.02477688243226,142.5004769350463,-129.31320677321216],"r":[-0.9234767298215462,9.579490972613118e-8,0.38362808745131904,1.1403396599709699e-7,1,2.4753727784959183e-8,-0.38362808745131904,6.662760613076415e-8,-0.9234767298215462]}},{"t":2.040000000000001,"j":false,"c":{"p":[127.65411281143639,142.86847573704438,-128.46481148963156],"r":[-0.9212793590078676,1.0148073553871772e-7,0.3888938049867154,1.214455588695924e-7,1,2.674175638698001e-8,-0.3888938049867154,7.187233542750388e-8,-0.9212793590078676]}},{"t":2.080000000000001,"j":false,"c":{"p":[127.29161042665498,143.276936853471,-127.64582859494949],"r":[-0.9193934056002112,5.5663837843756365e-8,0.3933200318711523,6.675517645996412e-8,1,1.4824481446132968e-8,-0.3933200318711523,3.971686644633398e-8,-0.9193934056002112]}},{"t":2.120000000000001,"j":false,"c":{"p":[126.93419359339751,143.70335729090877,-126.84366234356706],"r":[-0.9175468291587827,2.318351819428323e-8,0.3976186929812531,2.80362864915079e-8,1,6.284984917581537e-9,-0.3976186929812531,1.697338598215827e-8,-0.9175468291587827]}},{"t":2.160000000000001,"j":false,"c":{"p":[126.5907237874481,144.17368639299505,-126.08650255095776],"r":[-0.9156942718444098,6.07534973672987e-8,0.40185895950855904,7.340217118892408e-8,1,1.5882633373412506e-8,-0.40185895950855904,4.414995123593371e-8,-0.9156942718444098]}},{"t":2.200000000000001,"j":false,"c":{"p":[126.21722123662832,144.6125161000122,-125.2800383494768],"r":[-0.913411744719467,8.114604828807005e-8,0.4070057418380483,9.81480165230867e-8,1,2.0878762114194896e-8,-0.4070057418380483,5.902864731509872e-8,-0.913411744719467]}},{"t":2.240000000000001,"j":false,"c":{"p":[125.81241418470425,145.01851254946388,-124.42218191166744],"r":[-0.9106810404309686,8.363378151694812e-8,0.41309742697455637,1.0140065343412667e-7,1,2.1078516776521515e-8,-0.41309742697455637,6.108871290215924e-8,-0.9106810404309686]}},{"t":2.280000000000001,"j":false,"c":{"p":[125.39731352653743,145.36990671058618,-123.55374617651317],"r":[-0.9083293530881348,6.600076967534777e-8,0.4182320658485779,8.042200106330349e-8,1,1.6984857488919984e-8,-0.4182320658485779,4.898641441393131e-8,-0.9083293530881348]}},{"t":2.320000000000001,"j":false,"c":{"p":[124.98671555522064,145.7189902288787,-122.69966690866377],"r":[-0.9061170186136246,4.694995287816004e-8,0.423019678385494,5.7812368525292253e-8,1,1.2867115116302122e-8,-0.423019678385494,3.610120786229837e-8,-0.9061170186136246]}},{"t":2.360000000000001,"j":false,"c":{"p":[124.6000669186206,146.09780708005636,-121.90634080717035],"r":[-0.9041563603180603,3.675200071762343e-8,0.42718980618102115,4.614825901855126e-8,1,1.167276916610752e-8,-0.42718980618102115,3.0246056807295895e-8,-0.9041563603180603]}},{"t":2.4000000000000012,"j":false,"c":{"p":[124.20491699123795,146.52086012222563,-121.09596392940854],"r":[-0.9026159183607125,5.340369052482417e-8,0.43044119586135315,6.748295354736257e-8,1,1.7336378724123773e-8,-0.43044119586135315,4.4751688423036586e-8,-0.9026159183607125]}},{"t":2.4400000000000013,"j":false,"c":{"p":[123.80664511884873,146.97293217661894,-120.27942791783471],"r":[-0.9013919966629552,7.909243387899944e-8,0.43300364667641705,9.964179292261603e-8,1,2.4791435180315745e-8,-0.43300364667641705,6.547917391044544e-8,-0.9013919966629552]}},{"t":2.4800000000000013,"j":false,"c":{"p":[123.43526679830593,147.43021333145916,-119.51799564281377],"r":[-0.900681814392897,1.0491768323356619e-8,0.43447792599307306,1.2705813466346726e-8,1,2.2906962718053317e-9,-0.43447792599307306,7.532602855810754e-9,-0.900681814392897]}},{"t":2.5200000000000014,"j":false,"c":{"p":[123.05676502646969,147.93242350871395,-118.74195163117696],"r":[-0.9001262341832448,-3.157508390523788e-8,0.4356285531413736,-4.0539545548642717e-8,1,-1.1259973500056703e-8,-0.4356285531413736,-2.7808221470696805e-8,-0.9001262341832448]}},{"t":2.5600000000000014,"j":false,"c":{"p":[122.67259436431168,148.46666586835974,-117.95427951051057],"r":[-0.8996947656245445,-4.887116209369004e-8,0.4365195895933219,-6.230186004465745e-8,1,-1.6459043223180277e-8,-0.4365195895933219,-4.200042017549599e-8,-0.8996947656245445]}},{"t":2.6000000000000014,"j":false,"c":{"p":[122.28083732971143,148.9924392338065,-117.15104623787943],"r":[-0.8994442589570946,1.738523437482499e-8,0.43703528894126287,2.2493353979727115e-8,1,6.467598636825462e-9,-0.43703528894126287,1.567028181926863e-8,-0.8994442589570946]}},{"t":2.6400000000000015,"j":false,"c":{"p":[121.89306274255193,149.48468285929536,-116.35598605688541],"r":[-0.8992447894862431,4.531208796493152e-8,0.4374457114190784,5.815145706570946e-8,1,1.5963729116929374e-8,-0.4374457114190784,3.979008687762767e-8,-0.8992447894862431]}},{"t":2.6800000000000015,"j":false,"c":{"p":[121.5103863940812,149.9340024738537,-115.57138888202297],"r":[-0.8991106566743519,2.417033202977511e-8,0.43772136084080454,3.09053476625264e-8,1,8.266424217029446e-9,-0.43772136084080454,2.0958796322420068e-8,-0.8991106566743519]}},{"t":2.7200000000000015,"j":false,"c":{"p":[121.1102991050449,150.38034762809554,-114.75111884132185],"r":[-0.8990216404850636,-3.437342857086264e-8,0.4379041566754923,-4.431769143806117e-8,1,-1.2473190344776694e-8,-0.4379041566754923,-3.062860186358001e-8,-0.8990216404850636]}},{"t":2.7600000000000016,"j":false,"c":{"p":[120.71171659357023,150.81978289946568,-113.93393954155053],"r":[-0.8989491886532822,-7.503388395338482e-8,0.43805289474731834,-9.65172525208972e-8,1,-2.6781543589528616e-8,-0.43805289474731834,-6.635320307674659e-8,-0.8989491886532822]}},{"t":2.8000000000000016,"j":false,"c":{"p":[120.33325815616608,151.23390439574834,-113.15802262292294],"r":[-0.8989066839427087,-1.3689438337128495e-8,0.43814013164900245,-1.7534772115913744e-8,1,-4.7369027752959765e-9,-0.43814013164900245,-1.1937629823000996e-8,-0.8989066839427087]}},{"t":2.8400000000000016,"j":false,"c":{"p":[119.93966517706379,151.64998620072708,-112.35019068461443],"r":[-0.8989137657065914,2.997146765354541e-8,0.4381255855229013,3.866249493636597e-8,1,1.0919972606346921e-8,-0.4381255855229013,2.6753404222741168e-8,-0.8989137657065914]}},{"t":2.8800000000000017,"j":false,"c":{"p":[119.53465038418588,152.06639526657216,-111.5174366023606],"r":[-0.899000734830234,5.999397446809811e-8,0.4379453154925024,7.725101023889936e-8,1,2.1591672777558207e-8,-0.4379453154925024,5.324011739166863e-8,-0.899000734830234]}},{"t":2.9200000000000017,"j":false,"c":{"p":[119.14137069427453,152.37251477990526,-110.63047281525944],"r":[-0.9030581945438326,7.607723847414953e-8,0.4294504118568565,9.450897968926043e-8,1,2.169389678628795e-8,-0.4294504118568565,6.008171149503421e-8,-0.9030581945438326]}},{"t":2.9600000000000017,"j":false,"c":{"p":[118.7595977759193,152.69784835921737,-109.75252380333185],"r":[-0.9073476109739543,8.644383629057676e-8,0.4203088669926756,1.0551901301858899e-7,1,2.2132317751771368e-8,-0.4203088669926756,6.443760129494794e-8,-0.9073476109739543]}},{"t":3.0000000000000018,"j":false,"c":{"p":[118.39922114504851,153.05890956877107,-108.8913373316425],"r":[-0.9120683397462447,8.618056867088616e-8,0.40996492390953815,1.0491131006298643e-7,1,2.3195880765396454e-8,-0.40996492390953815,6.417144366665435e-8,-0.9120683397462447]}},{"t":3.040000000000002,"j":false,"c":{"p":[118.06911124490438,153.5006560009873,-108.08646585305368],"r":[-0.9159067633167443,9.019427693774048e-8,0.40133240144039906,1.0900716897644415e-7,1,2.408186068933743e-8,-0.40133240144039906,6.577305015651497e-8,-0.9159067633167443]}},{"t":3.080000000000002,"j":false,"c":{"p":[117.75489195366592,153.98476370867064,-107.31116081621141],"r":[-0.9192819598864902,9.645347883672843e-8,0.39359840732226736,1.1557248727089775e-7,1,2.487460611590498e-8,-0.39359840732226736,6.835526830865716e-8,-0.9192819598864902]}},{"t":3.120000000000002,"j":false,"c":{"p":[117.37059203351801,154.29534976309034,-106.3600288223548],"r":[-0.9214896958449125,8.04904674082782e-8,0.38837439160509823,9.594494190962392e-8,1,2.027675011808434e-8,-0.38837439160509823,5.6011678194616165e-8,-0.9214896958449125]}},{"t":3.160000000000002,"j":true,"c":{"p":[116.99582368939328,154.56787306855642,-105.43246870625018],"r":[-0.9233561318428364,6.695285921299432e-8,0.383940542226957,7.936891753511726e-8,1,1.6480077674337105e-8,-0.383940542226957,4.569813555916706e-8,-0.9233561318428364]}},{"t":3.200000000000002,"j":true,"c":{"p":[116.64429114358242,154.75623387148582,-104.56241928439994],"r":[-0.9244605111028359,5.941134129019422e-8,0.38127465111117875,7.030327448737976e-8,1,1.4626992904249847e-8,-0.38127465111117875,4.033338246528779e-8,-0.9244605111028359]}},{"t":3.240000000000002,"j":false,"c":{"p":[116.28253895631666,156.27106714922127,-103.66707796963318],"r":[-0.9252667774796737,-3.0902546688725285e-9,0.3793156777915056,-3.6404211031986066e-9,1,-8.199572258375618e-10,-0.3793156777915056,-2.0910162291918694e-9,-0.9252667774796737]}},{"t":3.280000000000002,"j":false,"c":{"p":[115.88019989770908,158.16834786247682,-102.67131030213613],"r":[-0.9258884996509074,-8.452521659645522e-8,0.3777961992940623,-9.987935551824534e-8,1,-2.1090855196427755e-8,-0.3777961992940623,-5.723806567247949e-8,-0.9258884996509074]}},{"t":3.320000000000002,"j":false,"c":{"p":[115.50389293011624,159.52093540733506,-101.7399990055939],"r":[-0.9262562712100766,-7.580034575686238e-8,0.3768936783288834,-8.95516219296539e-8,1,-1.894226274925702e-8,-0.3768936783288834,-5.130898011192289e-8,-0.9262562712100766]}},{"t":3.360000000000002,"j":false,"c":{"p":[115.12848087873854,160.6526565663202,-100.81090511019617],"r":[-0.9265450944246058,-3.841249395822118e-8,0.37618360944933266,-4.5364152341555425e-8,1,-9.597077859148756e-9,-0.37618360944933266,-2.5970925947657967e-8,-0.9265450944246058]}},{"t":3.400000000000002,"j":false,"c":{"p":[114.74544688821611,161.45570748384978,-99.86294278643791],"r":[-0.9267387019442532,3.4310807787743576e-8,0.3757064355574861,4.054259165709111e-8,1,8.70173522681328e-9,-0.3757064355574861,2.3284948829110693e-8,-0.9267387019442532]}},{"t":3.440000000000002,"j":false,"c":{"p":[114.3739515157507,161.8539476323762,-98.94353713247122],"r":[-0.9268644149774445,7.205379328608656e-8,0.3753961812901766,8.51164087536283e-8,1,1.822399320474082e-8,-0.3753961812901766,4.8838178186268204e-8,-0.9268644149774445]}},{"t":3.480000000000002,"j":false,"c":{"p":[114.00636418865692,162.09410965838302,-98.03380341327664],"r":[-0.9269660657548409,9.267852372395667e-8,0.37514511536866596,1.0946648824587928e-7,1,2.3437514598905847e-8,-0.37514511536866596,6.279268498942443e-8,-0.9269660657548409]}},{"t":3.5200000000000022,"j":false,"c":{"p":[113.64367995305693,161.87311926393141,-97.13620424642225],"r":[-0.927024156979853,2.5772248329638304e-8,0.37500156763082615,3.0434733498871455e-8,1,6.499682893607676e-9,-0.37500156763082615,1.7444480379629752e-8,-0.927024156979853]}},{"t":3.5600000000000023,"j":false,"c":{"p":[113.29352350158784,161.6590810279203,-96.26959238076594],"r":[-0.9270720535691817,-3.05841313210662e-8,0.3748831935199065,-3.613185989110674e-8,1,-7.773516736762187e-9,-0.3748831935199065,-2.0749690597208273e-8,-0.9270720535691817]}},{"t":3.6000000000000023,"j":false,"c":{"p":[112.95845501150909,161.45341569305708,-95.44030037943539],"r":[-0.9271076721476528,-7.423463912815495e-8,0.3747951375168866,-8.76859122511622e-8,1,-1.8837540231441663e-8,-0.3747951375168866,-5.032783003076897e-8,-0.9271076721476528]}},{"t":3.6400000000000023,"j":false,"c":{"p":[112.67042316842318,161.63891977889992,-94.72738807502976],"r":[-0.9271290011058939,-1.641084943686715e-8,0.3747423592193575,-1.9379593181133282e-8,1,-4.149363487027516e-9,-0.3747423592193575,-1.1111696155072214e-8,-0.9271290011058939]}},{"t":3.6800000000000024,"j":true,"c":{"p":[112.39794934602394,161.91837025950292,-94.05297338928233],"r":[-0.9271457289304879,4.0383302197772587e-8,0.3747009491140237,4.7708156945798004e-8,1,1.0272663499445419e-8,-0.3747009491140237,2.7400450752922483e-8,-0.9271457289304879]}},{"t":3.7200000000000024,"j":true,"c":{"p":[112.14599195974277,162.27558104314582,-93.42933015684349],"r":[-0.9271565523837915,5.079179879225827e-8,0.3746741392957831,5.999944627456354e-8,1,1.2910212224677384e-8,-0.3746741392957831,3.444996559803381e-8,-0.9271565523837915]}},{"t":3.7600000000000025,"j":false,"c":{"p":[111.842630811495,163.97267302572808,-92.67845736501238],"r":[-0.9271645585204916,-1.7878061141519174e-9,0.37465434536280123,-2.1163325947823902e-9,1,-4.662754155748911e-10,-0.37465434536280123,-1.2247501380716602e-9,-0.9271645585204916]}},{"t":3.8000000000000025,"j":false,"c":{"p":[111.46511673056774,165.88508008270313,-91.74408320677341],"r":[-0.9271709859954788,-6.829294019032991e-8,0.37463842677334624,-8.068185668496299e-8,1,-1.7384615495994297e-8,-0.37463842677334624,-4.634501517262782e-8,-0.9271709859954788]}},{"t":3.8400000000000025,"j":false,"c":{"p":[111.09946372042047,167.14641720453668,-90.83911903811999],"r":[-0.9271743719093788,-8.668370105512976e-8,0.3746300143480894,-1.0240630068611678e-7,1,-2.2061423902471228e-8,-0.3746300143480894,-5.881914728584502e-8,-0.9271743719093788]}},{"t":3.8800000000000026,"j":false,"c":{"p":[110.73345801306638,168.2298422146708,-89.93328835971487],"r":[-0.9271772361422783,-7.040429546049876e-8,0.3746229209202342,-8.317265761845037e-8,1,-1.791502064677794e-8,-0.3746229209202342,-4.776896165993106e-8,-0.9271772361422783]}},{"t":3.9200000000000026,"j":false,"c":{"p":[110.36682830503965,168.99850069070555,-89.02592463070009],"r":[-0.9271791774041732,7.214431155286169e-9,0.37461816109539575,8.525052042797063e-9,1,1.841628184653892e-9,-0.37461816109539575,4.901032145810206e-9,-0.9271791774041732]}},{"t":3.9600000000000026,"j":false,"c":{"p":[109.98949385531513,169.40860497860422,-88.09206797399189],"r":[-0.927180523479938,7.205418163455821e-8,0.374614862330605,8.512550226431087e-8,1,1.8345775782849723e-8,-0.374614862330605,4.889901311422843e-8,-0.927180523479938]}},{"t":4.000000000000003,"j":false,"c":{"p":[109.62836649083823,169.63875923586087,-87.19831170715862],"r":[-0.9271815662084288,1.0504327849096126e-7,0.3746122959865891,1.2409768288675576e-7,1,2.6741731396735514e-8,-0.3746122959865891,7.128298714546206e-8,-0.9271815662084288]}},{"t":4.040000000000003,"j":false,"c":{"p":[109.333800946522,169.6317382927066,-86.46925312014876],"r":[-0.9271821994103727,4.277198964537376e-8,0.3746106931941685,5.052974592128603e-8,1,1.088667362279834e-8,-0.3746106931941685,2.9022949841881612e-8,-0.9271821994103727]}},{"t":4.080000000000003,"j":false,"c":{"p":[109.03038058582527,169.7937537242373,-85.70188865712693],"r":[-0.9279146223453321,-1.575542252551196e-8,0.3727870599770717,-1.8585257504295488e-8,1,-4.159505112567406e-9,-0.3727870599770717,-1.069902969603981e-8,-0.9279146223453321]}},{"t":4.120000000000003,"j":false,"c":{"p":[108.73403239741344,170.05714858663308,-84.92099976501622],"r":[-0.929878352281962,-4.174018854092459e-8,0.36776370973551936,-4.948362023595112e-8,1,-1.079875303739978e-8,-0.36776370973551936,-2.8694464301016376e-8,-0.929878352281962]}},{"t":4.160000000000003,"j":false,"c":{"p":[108.47816532695842,170.458506597987,-84.1452532734794],"r":[-0.9354923464063535,5.2058955200690956e-8,0.35313565736384356,6.020280175329985e-8,1,1.374305216462085e-8,-0.35313565736384356,3.322422177109233e-8,-0.9354923464063535]}},{"t":4.200000000000003,"j":false,"c":{"p":[108.25295047157474,170.94343286916848,-83.34423420687799],"r":[-0.9436928775343122,1.389290339361947e-7,0.3298704911485494,1.5893496875983536e-7,1,3.618424250991535e-8,-0.3298704911485494,8.515231824246954e-8,-0.9436928775343122]}},{"t":4.240000000000003,"j":false,"c":{"p":[108.0589172879281,171.51337087733253,-82.51750603123568],"r":[-0.9545246230000681,2.1875036170990412e-7,0.29781902195318033,2.465236675961271e-7,1,5.6488534012631876e-8,-0.29781902195318033,1.2691725734774708e-7,-0.9545246230000681]}},{"t":4.280000000000003,"j":false,"c":{"p":[107.89061182661402,172.0588365714448,-81.71051079876925],"r":[-0.9617799715363923,1.735598476795488e-7,0.2729863654270766,1.9355829204351308e-7,1,4.3780113266553286e-8,-0.2729863654270766,9.61018707723254e-8,-0.9617799715363923]}},{"t":4.320000000000003,"j":true,"c":{"p":[107.7284134667871,172.79847608299139,-80.92031648127195],"r":[-0.968095294748188,1.5720458195305524e-7,0.25056463291602793,1.721577085113794e-7,1,3.798346972059918e-8,-0.25056463291602793,7.979621835995891e-8,-0.968095294748188]}},{"t":4.360000000000003,"j":false,"c":{"p":[107.53013761352258,174.73043236669304,-79.95438583862709],"r":[-0.9717677630390127,1.6808003344772978e-7,0.23584538069923597,1.8294445444317423e-7,1,4.071773931948323e-8,-0.23584538069923597,8.291033790382629e-8,-0.9717677630390127]}},{"t":4.400000000000003,"j":false,"c":{"p":[107.3205693318821,176.3655146916472,-78.93339232987027],"r":[-0.9742094847860281,1.4953935128177062e-7,0.2255569658968446,1.6166177412250797e-7,1,3.530293635612304e-8,-0.2255569658968446,7.082402371922755e-8,-0.9742094847860281]}},{"t":4.440000000000003,"j":false,"c":{"p":[107.1164359671156,177.75089955869544,-77.93883751337715],"r":[-0.9760118769295858,1.5291693248910023e-7,0.21771055761030503,1.6447604588861737e-7,1,3.492092905233696e-8,-0.21771055761030503,6.991507828034607e-8,-0.9760118769295858]}},{"t":4.480000000000003,"j":false,"c":{"p":[106.91269130666247,178.6793885587457,-76.94618101874859],"r":[-0.977041786123464,1.1395573038047572e-7,0.21302098581780224,1.2224930381207128e-7,1,2.5554705084997964e-8,-0.21302098581780224,5.1102911094695305e-8,-0.977041786123464]}},{"t":4.520000000000003,"j":false,"c":{"p":[106.71451546305369,179.33597201738877,-75.97620509101769],"r":[-0.9778642658033294,1.0527791262460017e-7,0.20922823902367146,1.12587231306464e-7,1,2.3076660532675978e-8,-0.20922823902367146,4.609546951347584e-8,-0.9778642658033294]}},{"t":4.560000000000003,"j":false,"c":{"p":[106.52066284246281,179.7450017799865,-75.02241124470511],"r":[-0.9785150016649947,1.201877084556864e-7,0.2061739053200551,1.283098039194907e-7,1,2.601212362049309e-8,-0.2061739053200551,5.191304929023918e-8,-0.9785150016649947]}},{"t":4.600000000000003,"j":false,"c":{"p":[106.31908437365031,179.6947520499799,-74.00445280328162],"r":[-0.9792078177985404,9.486888633189118e-8,0.20284303068978837,1.0123544626015186e-7,1,2.090596230048298e-8,-0.20284303068978837,4.1057120539941225e-8,-0.9792078177985404]}},{"t":4.640000000000003,"j":false,"c":{"p":[106.13234394724228,179.60498564318914,-73.03116817384571],"r":[-0.980058473425723,7.278840829213432e-8,0.1986710396874563,7.767103835439031e-8,1,1.6683667315587306e-8,-0.1986710396874563,3.1833194550273995e-8,-0.980058473425723]}},{"t":4.680000000000003,"j":false,"c":{"p":[105.96481961385959,179.46404293453602,-72.11573862418032],"r":[-0.9811135400061921,5.490176657327482e-8,0.19340975604057295,5.8652211269898604e-8,1,1.3606028563268031e-8,-0.19340975604057295,2.4722803217740184e-8,-0.9811135400061921]}},{"t":4.720000000000003,"j":false,"c":{"p":[105.79195406590456,179.08801930043532,-71.14281343678667],"r":[-0.9821130398114413,6.543518008137935e-8,0.18824924859974881,6.96598426880832e-8,1,1.594397201609691e-8,-0.18824924859974881,2.8716079944081095e-8,-0.9821130398114413]}},{"t":4.760000000000003,"j":false,"c":{"p":[105.62004837502118,178.75841955472558,-70.16788688550608],"r":[-0.9829877246217441,8.206774645812581e-8,0.18366338708183153,8.707271034124546e-8,1,1.9204873799665212e-8,-0.18366338708183153,3.485920213223386e-8,-0.9829877246217441]}},{"t":4.800000000000003,"j":false,"c":{"p":[105.45552685066859,178.7665673245328,-69.23480623874636],"r":[-0.9835278345495516,9.3610633009378e-8,0.18074722228159978,9.899021778969393e-8,1,2.076570332797967e-8,-0.18074722228159978,3.830245327713288e-8,-0.9835278345495516]}},{"t":4.840000000000003,"j":true,"c":{"p":[105.30846944833326,179.01598155672792,-68.3696311893728],"r":[-0.9841954094652908,4.0299873607723574e-8,0.17706870706196193,4.251319109337859e-8,1,8.417322939786192e-9,-0.17706870706196193,1.5936637013680766e-8,-0.9841954094652908]}},{"t":4.8800000000000034,"j":false,"c":{"p":[105.14995163963309,180.38951124207952,-67.40400389562299],"r":[-0.9850838559835396,-2.3499909858140427e-8,0.17207417801609223,-2.493117247007294e-8,1,-6.159851297617278e-9,-0.17207417801609223,-1.0356633819298951e-8,-0.9850838559835396]}},{"t":4.9200000000000035,"j":false,"c":{"p":[105.00563310158574,182.06915028848547,-66.42130423214341],"r":[-0.9862624861424665,4.6560461569109955e-8,0.16506133176197638,4.870951422633536e-8,1,9.998403008691194e-9,-0.16506133176197638,1.7477348715987666e-8,-0.9862624861424665]}},{"t":4.9600000000000035,"j":false,"c":{"p":[104.86506006760328,183.65251083700386,-65.42781095044957],"r":[-0.9875504831003284,1.1392367547591549e-7,0.15721448193668666,1.1942975516753408e-7,1,2.578003304363938e-8,-0.15721448193668666,4.415724364215218e-8,-0.9875504831003284]}},{"t":5.0000000000000036,"j":false,"c":{"p":[104.74987611217853,184.769162977944,-64.47333979036925],"r":[-0.9891361973299083,1.4400440472768268e-7,0.14685659108789437,1.5057513831179842e-7,1,3.3959182645617914e-8,-0.14685659108789437,5.558266365302775e-8,-0.9891361973299083]}},{"t":5.040000000000004,"j":false,"c":{"p":[104.63781910083816,185.5736499253582,-63.4944355767074],"r":[-0.9904448584752221,1.4695417976585487e-7,0.13770826673033792,1.5315491455355753e-7,1,3.4159676731283776e-8,-0.13770826673033792,5.499267812075138e-8,-0.9904448584752221]}},{"t":5.080000000000004,"j":false,"c":{"p":[104.52728321278072,186.22628198468507,-62.503645737440266],"r":[-0.9916187452575449,1.367059170302687e-7,0.1291483442445153,1.4183875643335152e-7,1,3.047889940795017e-8,-0.1291483442445153,4.8557716588844195e-8,-0.9916187452575449]}},{"t":5.120000000000004,"j":false,"c":{"p":[104.41739618486989,186.40220465927834,-61.46469948579273],"r":[-0.9924801077143901,1.4407256833910333e-7,0.12229212821077474,1.4905660423044156e-7,1,3.168840481646173e-8,-0.12229212821077474,4.964089146891085e-8,-0.9924801077143901]}},{"t":5.160000000000004,"j":false,"c":{"p":[104.31012522193564,186.37269409006544,-60.44426014215921],"r":[-0.9931775751898949,1.3424564114085776e-7,0.11659154593465684,1.3863858883087435e-7,1,2.9365439103667134e-8,-0.11659154593465684,4.539902610888656e-8,-0.9931775751898949]}},{"t":5.200000000000004,"j":false,"c":{"p":[104.20852242174334,186.00776006224626,-59.477507896403395],"r":[-0.9935899758144554,8.152922044653517e-8,0.11302977821394504,8.410775460115495e-8,1,1.7903201419035977e-8,-0.11302977821394504,2.7342443372721188e-8,-0.9935899758144554]}},{"t":5.240000000000004,"j":false,"c":{"p":[104.11136864189237,185.54509978985556,-58.501931326747936],"r":[-0.9940047444753178,5.758449945922201e-8,0.10928553544668275,5.9327631710087425e-8,1,1.2538230814518471e-8,-0.10928553544668275,1.899747005775567e-8,-0.9940047444753178]}},{"t":5.280000000000004,"j":false,"c":{"p":[104.01535256150565,185.0769569173058,-57.52507850289659],"r":[-0.9944118267049332,4.2394520047807674e-8,0.10556869537036474,4.359196375900335e-8,1,9.048423240743915e-9,-0.10556869537036474,1.3595526431385235e-8,-0.9944118267049332]}},{"t":5.320000000000004,"j":false,"c":{"p":[103.92123587265894,184.98141605148416,-56.56527863234078],"r":[-0.994643808146418,6.91641601378942e-8,0.10334700492378229,7.106986711212331e-8,1,1.4872620185452376e-8,-0.10334700492378229,2.210074526980413e-8,-0.994643808146418]}},{"t":5.360000000000004,"j":false,"c":{"p":[103.82687850235018,184.82394812856285,-55.6030103466428],"r":[-0.9948318128644728,7.896362013124322e-8,0.10153304522326755,8.111756915180584e-8,1,1.705864324879923e-8,-0.10153304522326755,2.5215295165825747e-8,-0.9948318128644728]}},{"t":5.400000000000004,"j":false,"c":{"p":[103.7321685747685,184.57576763398947,-54.637126253962556],"r":[-0.9949553991867248,6.390466201025853e-8,0.10031634149210866,6.563300049097091e-8,1,1.3915362380190645e-8,-0.10031634149210866,2.043343490460771e-8,-0.9949553991867248]}},{"t":5.440000000000004,"j":false,"c":{"p":[103.64128143138193,184.72941334472725,-53.71011493604319],"r":[-0.9950327400683612,-1.8247425024295775e-8,0.09954651533479147,-1.872383395951484e-8,1,-3.9838665976696485e-9,-0.09954651533479147,-5.786714352152431e-9,-0.9950327400683612]}},{"t":5.480000000000004,"j":false,"c":{"p":[103.55198576046446,185.02908367650545,-52.79930959705204],"r":[-0.9950937906246725,-7.820805706924529e-8,0.09893567996567404,-8.029307342575049e-8,1,-1.7071610065781588e-8,-0.09893567996567404,-2.49382931593359e-8,-0.9950937906246725]}},{"t":5.520000000000004,"j":false,"c":{"p":[103.46529560887674,185.53755449595891,-51.91506868859001],"r":[-0.9951323881988434,-3.0480175328482644e-8,0.09854663114045223,-3.129467081844664e-8,1,-6.686770666259811e-9,-0.09854663114045223,-9.748297904669447e-9,-0.9951323881988434]}},{"t":5.560000000000004,"j":false,"c":{"p":[103.37104789276668,185.90520873402872,-50.95378857479809],"r":[-0.9951614750326905,1.8553677822045387e-8,0.09825275145130855,1.9037814833650666e-8,1,4.013283772835115e-9,-0.09825275145130855,5.8571792469410125e-9,-0.9951614750326905]}},{"t":5.600000000000004,"j":false,"c":{"p":[103.27100757144966,186.16493205597598,-49.93346064201421],"r":[-0.9951832722213406,6.858851174700216e-8,0.0980318155301684,7.039282783155679e-8,1,1.4954939361897174e-8,-0.0980318155301684,2.178110853912234e-8,-0.9951832722213406]}},{"t":5.640000000000004,"j":false,"c":{"p":[103.17395667330658,186.2251140975415,-48.94355362436769],"r":[-0.9951959938039747,6.21368136295839e-8,0.09790277307086175,6.377179809518789e-8,1,1.3567161735688246e-8,-0.09790277307086175,1.974655514030597e-8,-0.9951959938039747]}},{"t":5.680000000000004,"j":false,"c":{"p":[103.07720683700482,186.2550762716566,-47.95669990927786],"r":[-0.9952058474463189,2.5475967170725114e-8,0.09780267621123985,2.6147190840785275e-8,1,5.574483567248225e-9,-0.09780267621123985,8.107126781430288e-9,-0.9952058474463189]}},{"t":5.720000000000004,"j":false,"c":{"p":[102.97990747492072,186.29507168782987,-46.96422685835918],"r":[-0.9952122266051867,-6.533925563585835e-8,0.097737514249362,-6.705410751024838e-8,1,-1.4267763565304812e-8,-0.097737514249362,-2.0750992825145314e-8,-0.9952122266051867]}},{"t":5.760000000000004,"j":false,"c":{"p":[102.88607372511063,186.374