{"v":1,"d":[{"t":0.06716728210449219,"c":{"r":[0.8122800588607788,1.166093799298551e-8,0.5832675695419312,6.39836557070339e-8,1,-1.0909844405659896e-7,-0.5832675695419312,1.2593808662586525e-7,0.8122800588607788],"p":[326.2303466796875,89.54301452636719,-433.5572509765625]},"j":false},{"t":0.04,"j":false,"c":{"p":[326.2047378584175,89.54301452636719,-433.22528565394583],"r":[0.7651313341277461,0.000002526021465142602,0.6706700234609815,-0.000002460286261597358,1,-5.144730819004259e-7,-0.6706700234609815,-4.001323258424897e-7,0.7651313341277461]}},{"t":0.08,"j":false,"c":{"p":[326.24244324414065,89.54301452636719,-433.71405787832936],"r":[0.8345511966692942,-0.0000011760205977752193,0.5419822090776677,0.0000012563459839035593,1,8.238402921529683e-8,-0.5419822090776677,3.7443232945862745e-7,0.8345511966692942]}},{"t":0.12,"j":false,"c":{"p":[326.28014862986385,89.54301452636719,-434.2028301027129],"r":[0.9039710592108423,-0.00000487806266069304,0.4132943946943538,0.000004972978229404476,1,6.792411403310195e-7,-0.4132943946943538,0.0000011489969847597445,0.9039710592108423]}},{"t":0.16,"j":false,"c":{"p":[326.3420630974676,89.54301452636719,-435.00678307266253],"r":[0.951718535881148,-0.000004868782977654596,0.29087251509677325,0.000004925701631004087,1,7.284205856359869e-7,-0.29087251509677325,9.631348445474828e-7,0.951718535881148]}},{"t":0.2,"j":false,"c":{"p":[326.42192995240606,89.54301452636719,-436.04446018187303],"r":[0.9833947270914716,-0.0000021073507827763225,0.17309717636522523,0.000002087276248382606,1,3.714664303492132e-7,-0.17309717636522523,6.506255424774584e-8,0.9833947270914716]}},{"t":0.24000000000000002,"j":false,"c":{"p":[326.50064848582645,89.49993025290777,-437.06727934129015],"r":[0.9931711011562601,-0.0000011208732443313246,0.10284196507125974,0.0000011039521363281058,1,2.1159132480011782e-7,-0.10284196507125974,-6.214603118582292e-8,0.9931711011562601]}},{"t":0.28,"j":false,"c":{"p":[326.5785715383029,89.41437378002955,-438.07974519715054],"r":[0.9989319320089756,-4.660747889128455e-7,0.043746491303897364,4.6225034056059517e-7,1,9.316420956850023e-8,-0.043746491303897364,-7.144960006253831e-8,0.9989319320089756]}},{"t":0.32,"j":false,"c":{"p":[326.65272960657677,89.1119238994791,-439.04313290470645],"r":[0.9997118092029972,-2.5225961947101406e-7,0.010113877012400997,2.5129272010183553e-7,1,5.13789752321767e-8,-0.010113877012400997,-4.583745042788209e-8,0.9997118092029972]}},{"t":0.36,"j":false,"c":{"p":[326.72794548627127,88.99584442428768,-440.0202707291104],"r":[0.9997523181294535,-1.5210085516632132e-7,-0.014975860202533898,1.5251462867152694e-7,1,3.17753348861264e-8,0.014975860202533898,-3.359738670951211e-8,0.9997523181294535]}},{"t":0.39999999999999997,"j":false,"c":{"p":[326.803773080155,88.98753975580937,-441.0053600100919],"r":[0.9993652630766765,-1.1766763924879189e-7,-0.03512539822690284,1.1860803352259609e-7,1,2.4998929638291675e-8,0.03512539822690284,-2.9090170769212383e-8,0.9993652630766765]}},{"t":0.43999999999999995,"j":false,"c":{"p":[326.8808294401562,88.99073047563975,-442.0061881318719],"r":[0.9988793012307347,-1.0960654054893952e-7,-0.046375445072139684,1.1081872379769208e-7,1,2.369135839334665e-8,0.046375445072139684,-2.8751951467160855e-8,0.9988793012307347]}},{"t":0.4799999999999999,"j":false,"c":{"p":[326.9582392130106,88.99391834921911,-443.01160056499026],"r":[0.9984114566330968,-1.0143707246012632e-7,-0.05626211358204785,1.0284891996296473e-7,1,2.2297885940797524e-8,0.05626211358204785,-2.8026379660718314e-8,0.9984114566330968]}},{"t":0.5199999999999999,"j":false,"c":{"p":[327.0369065104252,88.99424362748451,-444.03337466079876],"r":[0.9980482162047616,-8.625023280630902e-8,-0.06232874871131859,8.7606115825901e-8,1,1.9168839583009035e-8,0.06232874871131859,-2.455501224243257e-8,0.9980482162047616]}},{"t":0.5599999999999999,"j":false,"c":{"p":[327.113093183835,88.99436682975109,-445.023079885022],"r":[0.9977786197558232,-6.784226059097102e-8,-0.06656624123059908,6.899278340462358e-8,1,1.5160605557329652e-8,0.06656624123059908,-1.9678503621248372e-8,0.9977786197558232]}},{"t":0.6,"j":false,"c":{"p":[327.1880982784817,88.994384765625,-445.9975023035814],"r":[0.9975623514459161,-4.4458907819760394e-8,-0.06977849545411566,4.526143348927541e-8,1,9.977553103479636e-9,0.06977849545411566,-1.3097668959219385e-8,0.9975623514459161]}},{"t":0.64,"j":false,"c":{"p":[327.264639913944,88.994384765625,-446.9916671336517],"r":[0.9974265859596638,3.1566033298514786e-8,-0.07167896262718366,-3.215385329755102e-8,1,-6.6651882796053286e-9,0.07167896262718366,9.046720258776736e-9,0.9974265859596638]}},{"t":0.68,"j":false,"c":{"p":[327.3412352194022,88.994384765625,-447.9865290591261],"r":[0.9973134792086478,6.106733664454006e-8,-0.07324805021496829,-6.219364814661893e-8,1,-1.3186132558885357e-8,0.07324805021496829,1.7683395545084436e-8,0.9973134792086478]}},{"t":0.7200000000000001,"j":false,"c":{"p":[327.4179152239752,88.994384765625,-448.9824911032555],"r":[0.9972361312607799,1.7147525021536633e-8,-0.07429417227824713,-1.746797737787976e-8,1,-3.733398414959309e-9,0.07429417227824713,5.002919700557762e-9,0.9972361312607799]}},{"t":0.7600000000000001,"j":false,"c":{"p":[327.4941418802797,88.994384765625,-449.9725648109046],"r":[0.9971835625078946,-2.7649092917564277e-8,-0.07499802620285372,2.8173410872206834e-8,1,5.863993693146362e-9,0.07499802620285372,-7.978315219430865e-9,0.9971835625078946]}},{"t":0.8000000000000002,"j":false,"c":{"p":[327.57033545917716,88.99467915683441,-450.9622088910121],"r":[0.9971413587426847,-6.853265165285312e-8,-0.07555893138184162,6.983591232998779e-8,1,1.4611944729591142e-8,0.07555893138184162,-1.98453854413327e-8,0.9971413587426847]}},{"t":0.8400000000000002,"j":false,"c":{"p":[327.6502326385052,89.00256374689967,-451.99995736907806],"r":[0.9971173463540477,2.854382359233783e-10,-0.07587423504764935,-2.9152831122295536e-10,1,5.115125181929872e-12,0.07587423504764935,3.6524452602773807e-11,0.9971173463540477]}},{"t":0.8800000000000002,"j":false,"c":{"p":[327.7291437268343,89.01492356169165,-453.0249866711609],"r":[0.9970950177691572,5.9321891557964745e-8,-0.07616736279362088,-6.04516684410125e-8,1,-1.2527564081630436e-8,0.07616736279362088,1.7095525214482722e-8,0.9970950177691572]}},{"t":0.9200000000000003,"j":false,"c":{"p":[327.8017869008672,89.05572935669684,-453.96916876434597],"r":[0.9970833919871386,5.6183089508117006e-8,-0.07631953319881243,-5.7256412933482856e-8,1,-1.1876270466466118e-8,0.07631953319881243,1.6211199726226533e-8,0.9970833919871386]}},{"t":0.9600000000000003,"j":false,"c":{"p":[327.8765505616152,89.17483517473933,-454.94063156203975],"r":[0.9970745146507002,-3.4726848508489623e-9,-0.07643559946060764,3.538871957976811e-9,1,7.094157253884644e-10,0.07643559946060764,-9.834216159824744e-10,0.9970745146507002]}},{"t":1.0000000000000002,"j":false,"c":{"p":[327.95271039373904,89.34549531288744,-455.9300565277942],"r":[0.9970674469464654,-1.0034037778661817e-7,-0.0765278940235758,1.0225918212738236e-7,1,2.1152947564005574e-8,0.0765278940235758,-2.8917071899112695e-8,0.9970674469464654]}},{"t":1.0400000000000003,"j":false,"c":{"p":[328.0275967567843,89.58830293577377,-456.9032904686706],"r":[0.99706341119328,-3.971177263904304e-8,-0.07658061014535478,4.047193131763448e-8,1,8.381482088301491e-9,0.07658061014535478,-1.1454329720113077e-8,0.99706341119328]}},{"t":1.0800000000000003,"j":false,"c":{"p":[328.1026666438359,89.84668741803979,-457.87842450227015],"r":[0.9970601935856087,2.6497363483042295e-8,-0.07662255068391538,-2.700333379452849e-8,1,-5.563332242072321e-9,0.07662255068391538,7.61710828623161e-9,0.9970601935856087]}},{"t":1.1200000000000003,"j":false,"c":{"p":[328.1780492606005,90.12312113972932,-458.8569380260011],"r":[0.9970579596783331,9.296841367370247e-8,-0.076651518446915,-9.474660288568544e-8,1,-1.9558493316300006e-8,0.076651518446915,2.676428170017822e-8,0.9970579596783331]}},{"t":1.1600000000000004,"j":false,"c":{"p":[328.2489635137855,90.39254611090267,-459.7783400733613],"r":[0.9970564714121737,5.4789344380655666e-8,-0.07667068300730699,-5.583757123504319e-8,1,-1.1531255554371433e-8,0.07667068300730699,1.577756880319109e-8,0.9970564714121737]}},{"t":1.2000000000000004,"j":false,"c":{"p":[328.31798739591017,90.66075127659053,-460.67562542360713],"r":[0.9970553344503537,-2.9377782427901074e-8,-0.07668523493927928,2.9939389176750765e-8,1,6.173866232535895e-9,0.07668523493927928,-8.451599298141303e-9,0.9970553344503537]}},{"t":1.2400000000000004,"j":false,"c":{"p":[328.3930848172208,91.00854393350134,-461.65233263570343],"r":[0.9970546233458961,-4.015115968062637e-8,-0.07669443251403882,4.09192656605568e-8,1,8.44347832859048e-9,0.07669443251403882,-1.1556946859510866e-8,0.9970546233458961]}},{"t":1.2800000000000005,"j":false,"c":{"p":[328.4667838118433,91.36103241634801,-462.61079733048945],"r":[0.99705406384091,-1.9681144941834412e-8,-0.07670179216195899,2.0057965532323294e-8,1,4.14303906743081e-9,0.07670179216195899,-5.669154431394943e-9,0.99705406384091]}},{"t":1.3200000000000005,"j":false,"c":{"p":[328.5386421029714,91.71970186190232,-463.5452499940101],"r":[0.9970537038813694,4.1913528887521184e-8,-0.076706732606653,-4.2714838108975583e-8,1,-8.805344768578144e-9,0.076706732606653,1.2056015203450624e-8,0.9970537038813694]}},{"t":1.3600000000000005,"j":false,"c":{"p":[328.6089138776495,92.10561455265326,-464.45880654312384],"r":[0.9970534567294635,5.5180299887982564e-8,-0.07670994164956152,-5.6235531368999574e-8,1,-1.1596030719894393e-8,0.07670994164956152,1.5875685347045838e-8,0.9970534567294635]}},{"t":1.4000000000000006,"j":false,"c":{"p":[328.67923549665403,92.49499413996861,-465.37290214876833],"r":[0.9970532529894482,4.3200522622169646e-8,-0.07671251963407263,-4.4026837070232384e-8,1,-9.080476694158762e-9,0.07671251963407263,1.2431103207772532e-8,0.9970532529894482]}},{"t":1.4400000000000006,"j":false,"c":{"p":[328.753707722828,92.84840747340448,-466.34070642663346],"r":[0.9970531376416554,-6.094921568949534e-8,-0.07671402876769537,6.211471112009394e-8,1,1.2806381501952173e-8,0.07671402876769537,-1.753379167758996e-8,0.9970531376416554]}},{"t":1.4800000000000006,"j":false,"c":{"p":[328.8264941203134,93.10981920306003,-467.28658857722445],"r":[0.9970530489870961,-7.286372033555321e-8,-0.07671513830409442,7.425715780277189e-8,1,1.5311377898516726e-8,0.07671513830409442,-2.096287333248742e-8,0.9970530489870961]}},{"t":1.5200000000000007,"j":false,"c":{"p":[328.89794982207667,93.2986101845892,-468.215166667693],"r":[0.9970529814026324,-1.1973062928111838e-8,-0.07671593242154269,1.2202147112936792e-8,1,2.5174529053404426e-9,0.07671593242154269,-3.4461178524182743e-9,0.9970529814026324]}},{"t":1.5600000000000007,"j":false,"c":{"p":[328.9768591387958,93.45662808413962,-469.2407859131757],"r":[0.9970529391329961,5.471970508727764e-8,-0.0767164752647524,-5.576594977082139e-8,1,-1.1495452607237193e-8,0.0767164752647524,1.573976417130603e-8,0.9970529391329961]}},{"t":1.6000000000000008,"j":false,"c":{"p":[329.0567006267938,93.60418883277652,-470.2787028132246],"r":[0.9970529079437256,1.0281010442138776e-7,-0.07671692148139621,-1.0477597756598623e-7,1,-2.160000696474307e-8,0.07671692148139621,2.9574435105671642e-8,0.9970529079437256]}},{"t":1.6400000000000008,"j":false,"c":{"p":[329.1297621309794,93.73447068248193,-471.2294544239173],"r":[0.9970529079437256,1.3219949283126105e-8,-0.07671714961264829,-1.3472771025168109e-8,1,-2.7779971982574473e-9,0.07671714961264829,3.803388324668469e-9,0.9970529079437256]}},{"t":1.6800000000000008,"j":false,"c":{"p":[329.20385113646677,93.86639872425876,-472.19290053391626],"r":[0.9970528946634967,-3.922572960718268e-8,-0.07671734374298998,3.997573465959415e-8,1,8.240507078684447e-9,0.07671734374298998,-1.1283053363204996e-8,0.9970528946634967]}},{"t":1.7200000000000009,"j":false,"c":{"p":[329.279504417275,94.00083294060317,-473.1756728403305],"r":[0.9970528611653525,-3.512239255045619e-8,-0.07671748611010284,3.579397338111371e-8,1,7.378898861233428e-9,0.07671748611010284,-1.0103175941720572e-8,0.9970528611653525]}},{"t":1.760000000000001,"j":false,"c":{"p":[329.35504016834665,94.16483627945458,-474.1573049695594],"r":[0.9970528483390808,5.2559097298323716e-9,-0.07671758501125453,-5.356357573048034e-9,1,-1.1035522255765526e-9,0.07671758501125453,1.511229273467361e-9,0.9970528483390808]}},{"t":1.800000000000001,"j":false,"c":{"p":[329.43050299577135,94.34718636451397,-475.13822965332906],"r":[0.9970528483390808,6.814173080790776e-8,-0.07671765694309193,-6.944456790971639e-8,1,-1.4314505823139134e-8,0.07671765694309193,1.9599943396062953e-8,0.9970528483390808]}},{"t":1.840000000000001,"j":false,"c":{"p":[329.50714217757564,94.55436059622173,-476.13512581554824],"r":[0.9970528483390808,3.8763777244087725e-8,-0.07671769690176494,-3.9504931983604784e-8,1,-8.143212998499098e-9,0.07671769690176494,1.1149940149793736e-8,0.9970528483390808]}},{"t":1.880000000000001,"j":false,"c":{"p":[329.58380632744667,94.75075734556296,-477.1322257258839],"r":[0.9970528483390808,1.964979092638309e-9,-0.07671772688627243,-2.0025622960325466e-9,1,-4.129479193808104e-10,0.07671772688627243,5.653632658468429e-10,0.9970528483390808]}},{"t":1.920000000000001,"j":false,"c":{"p":[329.66038633586356,94.90613291743952,-478.1277137045972],"r":[0.9970528483390808,-4.719886256936037e-8,-0.07671772688627243,4.810128135466806e-8,1,9.915046327537772e-9,0.07671772688627243,-1.357604524905102e-8,0.9970528483390808]}},{"t":1.960000000000001,"j":false,"c":{"p":[329.7343455498179,95.05676877551325,-479.0894688325285],"r":[0.9970528483390808,-4.2140046509765604e-8,-0.07671772688627243,4.294575166220733e-8,1,8.852451831102495e-9,0.07671772688627243,-1.212106191652617e-8,0.9970528483390808]}},{"t":2.000000000000001,"j":false,"c":{"p":[329.8053185338525,95.20200402878164,-480.0127875055156],"r":[0.9970528483390808,2.4702066607621248e-8,-0.07671772688627243,-2.5174347122711462e-8,1,-5.188999799322285e-9,0.07671772688627243,7.105025803515714e-9,0.9970528483390808]}},{"t":2.040000000000001,"j":false,"c":{"p":[329.8817861543312,95.36058748935518,-481.0076361454034],"r":[0.9970528483390808,3.885420745348428e-8,-0.07671772688627243,-3.959707381215879e-8,1,-8.161982350310921e-9,0.07671772688627243,1.1175725395525931e-8,0.9970528483390808]}},{"t":2.080000000000001,"j":false,"c":{"p":[329.96071431399406,95.52514837672449,-482.03451643801264],"r":[0.9970528483390808,2.9411385700800297e-8,-0.07671772688627243,-2.997371674768369e-8,1,-6.1784218876374785e-9,0.07671772688627243,8.459729139517456e-9,0.9970528483390808]}},{"t":2.120000000000001,"j":false,"c":{"p":[330.0338213546955,95.64941809111536,-482.9840381674123],"r":[0.9970528483390808,-4.6846132012588124e-8,-0.07671772688627243,4.7741796645523365e-8,1,9.840798443852084e-9,0.07671772688627243,-1.3474439027469255e-8,0.9970528483390808]}},{"t":2.160000000000001,"j":false,"c":{"p":[330.1073609761993,95.76954868817568,-483.9392199356335],"r":[0.9970528483390808,-9.1511621762797e-8,-0.07671772688627243,9.326126370380876e-8,1,1.9223580315529337e-8,0.07671772688627243,-2.6321719334006484e-8,0.9970528483390808]}},{"t":2.200000000000001,"j":false,"c":{"p":[330.1844270042153,95.89202550638541,-484.94099096300135],"r":[0.9970528483390808,-1.3348464720400804e-8,-0.07671772688627243,1.3603679587158985e-8,1,2.804092937190409e-9,0.07671772688627243,-3.839472535193255e-9,0.9970528483390808]}},{"t":2.240000000000001,"j":false,"c":{"p":[330.2617493792322,96.01446674385677,-485.9459200904989],"r":[0.9970528483390808,3.536141060442475e-8,-0.07671772688627243,-3.6037496907945124e-8,1,-7.428243646394663e-9,0.07671772688627243,1.0171066783814215e-8,0.9970528483390808]}},{"t":2.280000000000001,"j":false,"c":{"p":[330.339330978356,96.13687200124998,-486.95404276300707],"r":[0.9970528483390808,5.4287435824788087e-8,-0.07671772688627243,-5.532537716097965e-8,1,-1.1403988057613395e-8,0.07671772688627243,1.5614816563818897e-8,0.9970528483390808]}},{"t":2.320000000000001,"j":false,"c":{"p":[330.41679370043806,96.23738056649312,-487.96086122790905],"r":[0.9970528483390808,-8.6466958883876e-9,-0.07671772688627243,8.812012524804995e-9,1,1.8163884976547487e-9,0.07671772688627243,-2.487073493730973e-9,0.9970528483390808]}},{"t":2.360000000000001,"j":false,"c":{"p":[330.4940721417979,96.34310850450966,-488.9654264575181],"r":[0.9970528483390808,-6.974777424736847e-8,-0.07671772688627243,7.108130283221205e-8,1,1.4651703820540378e-8,0.07671772688627243,-2.0061720623939317e-8,0.9970528483390808]}},{"t":2.4000000000000012,"j":false,"c":{"p":[330.5708242336055,96.4931977446538,-489.9633818219798],"r":[0.9970528483390808,-2.8798230040922648e-8,-0.07671772688627243,2.934883174596826e-8,1,6.0495571273147056e-9,0.07671772688627243,-8.283304174041431e-9,0.9970528483390808]}},{"t":2.4400000000000013,"j":false,"c":{"p":[330.6476322202324,96.65847041364677,-490.9615512235685],"r":[0.9970528483390808,3.4530755588876963e-8,-0.07671772688627243,-3.5190962984736683e-8,1,-7.253787562570886e-9,0.07671772688627243,9.932180274492647e-9,0.9970528483390808]}},{"t":2.4800000000000013,"j":false,"c":{"p":[330.7231797743933,96.85661284055027,-491.9431110870409],"r":[0.9970528483390808,8.753723108369627e-8,-0.07671772688627243,-8.92108883405427e-8,1,-1.838871405267014e-8,0.07671772688627243,2.5178576303345554e-8,0.9970528483390808]}},{"t":2.5200000000000014,"j":false,"c":{"p":[330.7915154670121,97.19803245632377,-492.8310421101129],"r":[0.9970528483390808,2.247163055989349e-8,-0.07671772688627243,-2.2901273846070928e-8,1,-4.720554023513823e-9,0.07671772688627243,6.463575561231055e-9,0.9970528483390808]}},{"t":2.5600000000000014,"j":false,"c":{"p":[330.8621945181457,97.54394492680609,-493.74929894435263],"r":[0.9970528483390808,-2.4338485437141818e-8,-0.07671772688627243,2.4803821779564e-8,1,5.112725230496367e-9,0.07671772688627243,-7.000550247664132e-9,0.9970528483390808]}},{"t":2.6000000000000014,"j":false,"c":{"p":[330.934948611071,97.8938358159664,-494.6944092562574],"r":[0.9970528483390808,-5.4983386815806774e-8,-0.07671772688627243,5.6034633200619566e-8,1,1.1550221114571718e-8,0.07671772688627243,-1.5815031172839465e-8,0.9970528483390808]}},{"t":2.6400000000000015,"j":false,"c":{"p":[331.0080947604783,98.2184233392992,-495.64487879430976],"r":[0.9970528483390808,-3.5545314604761215e-9,-0.07671772688627243,3.6224881581654706e-9,1,7.466639427835932e-10,0.07671772688627243,-1.0223728105532932e-9,0.9970528483390808]}},{"t":2.6800000000000015,"j":false,"c":{"p":[331.0817728647522,98.51958383175032,-496.6025798797844],"r":[0.9970528483390808,5.472320254381399e-8,-0.07671772688627243,-5.5769480738994506e-8,1,-1.1495616535787234e-8,0.07671772688627243,1.5740245019146746e-8,0.9970528483390808]}},{"t":2.7200000000000015,"j":false,"c":{"p":[331.1570528632214,98.7595608700772,-497.5820232122886],"r":[0.9970528483390808,4.389350129653877e-8,-0.07671772688627243,-4.4732718332174456e-8,1,-9.220629131937896e-9,0.07671772688627243,1.262524681654281e-8,0.9970528483390808]}},{"t":2.7600000000000016,"j":false,"c":{"p":[331.2318979586524,98.9640709423549,-498.5554027626341],"r":[0.9970528483390808,-1.5338221464516133e-8,-0.07671772688627243,1.5631484414862528e-8,1,3.2220959902109708e-9,0.07671772688627243,-4.411812492493612e-9,0.9970528483390808]}},{"t":2.8000000000000016,"j":false,"c":{"p":[331.30650664793706,99.14930175459963,-499.52548614062437],"r":[0.9970528483390808,-1.0088048789009844e-7,-0.07671772688627243,1.0280927329613081e-7,1,2.1191836283216315e-8,0.07671772688627243,-2.901667548379419e-8,0.9970528483390808]}},{"t":2.8400000000000016,"j":false,"c":{"p":[331.38271706250777,99.32711383577643,-500.5156530746454],"r":[0.9970528483390808,-4.244795344952061e-8,-0.07671772688627243,4.3259535763675944e-8,1,8.916967553341004e-9,0.07671772688627243,-1.2209461664687524e-8,0.9970528483390808]}},{"t":2.8800000000000017,"j":false,"c":{"p":[331.4579406919384,99.501703506377,-501.4925577783901],"r":[0.9970528483390808,3.1330220288337513e-8,-0.07671772688627243,-3.192924088567121e-8,1,-6.581542236478589e-9,0.07671772688627243,9.011684061757195e-9,0.9970528483390808]}},{"t":2.9200000000000017,"j":false,"c":{"p":[331.5304097053441,99.67193145328734,-502.4329696267704],"r":[0.9970528483390808,8.608080177597379e-8,-0.07671772688627243,-8.772662499110445e-8,1,-1.808295250713134e-8,0.07671772688627243,2.475984615123995e-8,0.9970528483390808]}},{"t":2.9600000000000017,"j":false,"c":{"p":[331.60799698225503,99.84858850033027,-503.4402868280325],"r":[0.9970528483390808,2.5270510846089522e-8,-0.07671772688627243,-2.5753669442692132e-8,1,-5.3085458812664905e-9,0.07671772688627243,7.268663600671541e-9,0.9970528483390808]}},{"t":3.0000000000000018,"j":false,"c":{"p":[331.685348157018,100.01929089422431,-504.44502895370056],"r":[0.9970528483390808,-4.039682214732585e-8,-0.07671772688627243,4.116919197900399e-8,1,8.48616923383126e-9,0.07671772688627243,-1.1619565964455668e-8,0.9970528483390808]}},{"t":3.040000000000002,"j":false,"c":{"p":[331.75885603878623,100.17142322597051,-505.40077366706396],"r":[0.9970528483390808,-4.4034052437653214e-8,-0.07671772688627243,4.487596443709474e-8,1,9.250231070012757e-9,0.07671772688627243,-1.2665751236135176e-8,0.9970528483390808]}},{"t":3.080000000000002,"j":false,"c":{"p":[331.83586397083667,100.33655425355452,-506.40178933625805],"r":[0.9970528483390808,2.6493213324604442e-9,-0.07671772688627243,-2.6999780153083377e-9,1,-5.565723970862884e-10,0.07671772688627243,7.620683275042491e-10,0.9970528483390808]}},{"t":3.120000000000002,"j":false,"c":{"p":[331.915454966313,100.51127841640685,-507.4362153112574],"r":[0.9970528483390808,8.646967927074419e-8,-0.07671772688627243,-8.812294967754118e-8,1,-1.8164753942641316e-8,0.07671772688627243,2.4871812292798907e-8,0.9970528483390808]}},{"t":3.160000000000002,"j":false,"c":{"p":[331.98953391600395,100.69689053694997,-508.39938242923404],"r":[0.9970528483390808,4.7778102759521896e-8,-0.07671772688627243,-4.869160229806817e-8,1,-1.003676747567843e-8,0.07671772688627243,1.374269677805855e-8,0.9970528483390808]}},{"t":3.200000000000002,"j":false,"c":{"p":[332.0623236998881,100.9016786790544,-509.3456971405288],"r":[0.9970528483390808,-1.480524768387571e-8,-0.07671772688627243,1.5088321214180456e-8,1,3.1101789891176782e-9,0.07671772688627243,-4.2585547885323566e-9,0.9970528483390808]}},{"t":3.240000000000002,"j":false,"c":{"p":[332.13545437224104,101.14591243663419,-510.2959694134681],"r":[0.9970528483390808,-5.8324733621588324e-8,-0.07671772688627243,5.943988587797963e-8,1,1.2252361932881168e-8,0.07671772688627243,-1.6776346425132816e-8,0.9970528483390808]}},{"t":3.280000000000002,"j":false,"c":{"p":[332.2096650062777,101.415834493136,-511.26051637570316],"r":[0.9970528483390808,-3.539931049264748e-8,-0.07671772688627243,3.607613405273954e-8,1,7.436359699681266e-9,0.07671772688627243,-1.0182123686426995e-8,0.9970528483390808]}},{"t":3.320000000000002,"j":false,"c":{"p":[332.2849381822644,101.71103049744508,-512.239107777133],"r":[0.9970528483390808,5.289926828616579e-8,-0.07671772688627243,-5.391068922975358e-8,1,-1.1112682806747315e-8,0.07671772688627243,1.5215837488976245e-8,0.9970528483390808]}},{"t":3.360000000000002,"j":false,"c":{"p":[332.35727129063366,101.9842346547246,-513.1798369244619],"r":[0.9970528483390808,3.626249101044005e-8,-0.07671772688627243,-3.695581960482253e-8,1,-7.617729236045182e-9,0.07671772688627243,1.0430444966902288e-8,0.9970528483390808]}},{"t":3.400000000000002,"j":false,"c":{"p":[332.42969381515394,102.25583755772284,-514.1218161001873],"r":[0.9970528483390808,7.887892553834256e-9,-0.07671772688627243,-8.038703915766807e-9,1,-1.6569816408172256e-9,0.07671772688627243,2.26880920191432e-9,0.9970528483390808]}},{"t":3.440000000000002,"j":false,"c":{"p":[332.50278645021336,102.52172204388359,-515.0728907095414],"r":[0.9970528483390808,-6.714088548573127e-8,-0.07671772688627243,6.842461088275224e-8,1,1.4104531930309507e-8,0.07671772688627243,-1.931234424119062e-8,0.9970528483390808]}},{"t":3.480000000000002,"j":false,"c":{"p":[332.57584615546335,102.79711388165408,-516.0232608953796],"r":[0.9970528483390808,-7.925014803864768e-8,-0.07671772688627243,8.076539869750941e-8,1,1.6648334851679874e-8,0.07671772688627243,-2.2795407292611317e-8,0.9970528483390808]}},{"t":3.5200000000000022,"j":false,"c":{"p":[332.6488535628707,103.08760492542513,-516.972512343191],"r":[0.9970528483390808,8.566916400759888e-9,-0.07671772688627243,-8.730716543878535e-9,1,-1.7997161257252145e-9,0.07671772688627243,2.464212819188105e-9,0.9970528483390808]}},{"t":3.5600000000000023,"j":false,"c":{"p":[332.72094859292423,103.39635826839128,-517.9103425414434],"r":[0.9970528483390808,3.818639771903624e-8,-0.07671772688627243,-3.891651790717984e-8,1,-8.021974194465636e-9,0.07671772688627243,1.0983919109320934e-8,0.9970528483390808]}},{"t":3.6000000000000023,"j":false,"c":{"p":[332.79247514895735,103.71649028334943,-518.84105651347],"r":[0.9970528483390808,3.1544770729603914e-8,-0.07671772688627243,-3.214790295354986e-8,1,-6.626720039614445e-9,0.07671772688627243,9.073504497598647e-9,0.9970528483390808]}},{"t":3.6400000000000023,"j":false,"c":{"p":[332.8652308191405,104.06247078466149,-519.7868352291963],"r":[0.9970528483390808,-3.070323610682457e-8,-0.07671772688627243,3.1290283722234625e-8,1,6.45000829324023e-9,0.07671772688627243,-8.831518639722369e-9,0.9970528483390808]}},{"t":3.6800000000000024,"j":false,"c":{"p":[332.9375798752487,104.42536492959955,-520.7270718519138],"r":[0.9970528483390808,-6.772721729363369e-8,-0.07671772688627243,6.902216125679454e-8,1,1.422779306234944e-8,0.07671772688627243,-1.948108529897881e-8,0.9970528483390808]}},{"t":3.7200000000000024,"j":false,"c":{"p":[333.00833123773145,104.81555437958455,-521.6463908970131],"r":[0.9970528483390808,-1.6140887954304005e-8,-0.07671772688627243,1.644949991040954e-8,1,3.390769952514486e-9,0.07671772688627243,-4.642745195138996e-9,0.9970528483390808]}},{"t":3.7600000000000025,"j":false,"c":{"p":[333.08102315076,105.16764934946332,-522.5909033293602],"r":[0.9970528483390808,3.221711051511148e-8,-0.07671772688627243,-3.2833104217184926e-8,1,-6.768055014235702e-9,0.07671772688627243,9.266989192332098e-9,0.9970528483390808]}},{"t":3.8000000000000025,"j":false,"c":{"p":[333.15546102058255,105.48546986228382,-523.5580828165397],"r":[0.9970528483390808,7.767050738707671e-8,-0.07671772688627243,-7.915557016859064e-8,1,-1.6316689920187024e-8,0.07671772688627243,2.2341236216254957e-8,0.9970528483390808]}},{"t":3.8400000000000025,"j":false,"c":{"p":[333.22554519238014,105.80241519903873,-524.4691265834057],"r":[0.9970528483390808,5.495766259182629e-9,-0.07671772688627243,-5.600842782554676e-9,1,-1.1544891979995352e-9,0.07671772688627243,1.580770229916296e-9,0.9970528483390808]}},{"t":3.8800000000000026,"j":false,"c":{"p":[333.2961541614752,106.13627151032877,-525.3868330198483],"r":[0.9970528483390808,-3.7895833764923016e-8,-0.07671772688627243,3.8620407296709347e-8,1,7.961048133994987e-9,0.07671772688627243,-1.0900455591712209e-8,0.9970528483390808]}},{"t":3.9200000000000026,"j":false,"c":{"p":[333.36744117822553,106.48871748497277,-526.3131679114274],"r":[0.9970528483390808,-4.6931746177587874e-8,-0.07671772688627243,4.7829086097933915e-8,1,9.859262509308679e-9,0.07671772688627243,-1.3499544703888142e-8,0.9970528483390808]}},{"t":3.9600000000000026,"j":false,"c":{"p":[333.4384485175312,106.87518154466656,-527.2360731219399],"r":[0.9970528483390808,1.260049960311143e-8,-0.07671772688627243,-1.2841424819107573e-8,1,-2.647107141376461e-9,0.07671772688627243,3.624470419197364e-9,0.9970528483390808]}},{"t":4.000000000000003,"j":false,"c":{"p":[333.5093391687126,107.27583876369661,-528.157547387419],"r":[0.9970528483390808,1.0074102222268103e-7,-0.07671772688627243,-1.0266720630792833e-7,1,-2.116341403439553e-8,0.07671772688627243,2.8977436719490665e-8,0.9970528483390808]}},{"t":4.040000000000003,"j":false,"c":{"p":[333.5833037106272,107.64040408292209,-529.118911190519],"r":[0.9970528483390808,3.65717714575833e-8,-0.07671772688627243,-3.7271028188277106e-8,1,-7.682886679342251e-9,0.07671772688627243,1.0519592502244381e-8,0.9970528483390808]}},{"t":4.080000000000003,"j":false,"c":{"p":[333.65829172351187,107.95765789861319,-530.093634077544],"r":[0.9970528483390808,-2.692720697669751e-8,-0.07671772688627243,2.7442063200514135e-8,1,5.656831014434673e-9,0.07671772688627243,-7.745452111770073e-9,0.9970528483390808]}},{"t":4.120000000000003,"j":false,"c":{"p":[333.7344869881542,108.21096345449205,-531.084132791479],"r":[0.9970528483390808,-7.778333997050989e-8,-0.07671772688627243,7.92705778522279e-8,1,1.6340572306532667e-8,0.07671772688627243,-2.2373872362687293e-8,0.9970528483390808]}},{"t":4.160000000000003,"j":false,"c":{"p":[333.80458687925034,108.46423385959615,-531.9950419098489],"r":[0.9970528483390808,-1.8258874188839813e-8,-0.07671772688627243,1.8607988801930123e-8,1,3.835768577552786e-9,0.07671772688627243,-5.2520261375631514e-9,0.9970528483390808]}},{"t":4.200000000000003,"j":false,"c":{"p":[333.8758560745586,108.7344653020045,-532.9211937919374],"r":[0.9970528483390808,3.459912206610569e-8,-0.07671772688627243,-3.5260665924514985e-8,1,-7.268549010206319e-9,0.07671772688627243,9.952246121767949e-9,0.9970528483390808]}},{"t":4.240000000000003,"j":false,"c":{"p":[333.95094434787666,109.03689682597326,-533.897164832911],"r":[0.9970528483390808,4.583360869911505e-8,-0.07671772688627243,-4.670995860243137e-8,1,-9.628666085442582e-9,0.07671772688627243,1.3183771226460241e-8,0.9970528483390808]}},{"t":4.280000000000003,"j":false,"c":{"p":[334.0226995993794,109.40198598916724,-534.8299890739656],"r":[0.9970528483390808,-3.466407634553548e-9,-0.07671772688627243,3.532688825703608e-9,1,7.282343708375194e-10,0.07671772688627243,-9.97108286083747e-10,0.9970528483390808]}},{"t":4.320000000000003,"j":false,"c":{"p":[334.0921404332391,109.80411104378578,-535.7327853036389],"r":[0.9970528483390808,-7.919771643082647e-8,-0.07671772688627243,8.071200240475315e-8,1,1.663778708606063e-8,0.07671772688627243,-2.2780795595994168e-8,0.9970528483390808]}},{"t":4.360000000000003,"j":false,"c":{"p":[334.159047331332,110.18496208206851,-536.6020626748792],"r":[0.9970528483390808,-3.484170834452575e-8,-0.07671772688627243,3.550789244936439e-8,1,7.319507810200155e-9,0.07671772688627243,-1.0022021428317604e-8,0.9970528483390808]}},{"t":4.400000000000003,"j":false,"c":{"p":[334.22895331243285,110.54793963123517,-537.5102064133928],"r":[0.9970528483390808,9.458470551826838e-9,-0.07671772688627243,-9.639321099208533e-9,1,-1.9870448200874274e-9,0.07671772688627243,2.7206954717090273e-9,0.9970528483390808]}},{"t":4.440000000000003,"j":false,"c":{"p":[334.30589764692485,110.86897104806954,-538.5095631083884],"r":[0.9970528483390808,5.362762754337035e-8,-0.07671772688627243,-5.465300816092526e-8,1,-1.1266076946470007e-8,0.07671772688627243,1.542572861176211e-8,0.9970528483390808]}},{"t":4.480000000000003,"j":false,"c":{"p":[334.38194176126416,111.17941437926794,-539.4973275748368],"r":[0.9970528483390808,3.241942842012777e-8,-0.07671772688627243,-3.303930028090731e-8,1,-6.810650161421573e-9,0.07671772688627243,9.325278152784117e-9,0.9970528483390808]}},{"t":4.520000000000003,"j":false,"c":{"p":[334.45711004244384,111.4795564564123,-540.4738138465838],"r":[0.9970528483390808,-5.2395052128677874e-8,-0.07671772688627243,5.339686425941662e-8,1,1.1007168599443332e-8,0.07671772688627243,-1.5071214746999367e-8,0.9970528483390808]}},{"t":4.560000000000003,"j":false,"c":{"p":[334.52757686144304,111.78581341819574,-541.3895715984352],"r":[0.9970528483390808,-5.266161373520912e-8,-0.07671772688627243,5.3668523272939406e-8,1,1.1063158742385546e-8,0.07671772688627243,-1.5147880868783386e-8,0.9970528483390808]}},{"t":4.600000000000003,"j":false,"c":{"p":[334.59830097291155,112.0783801779961,-542.3086535317899],"r":[0.9970528483390808,-1.3152311138218778e-8,-0.07671772688627243,1.3403786180764252e-8,1,2.7630165957187216e-9,0.07671772688627243,-3.783181310277674e-9,0.9970528483390808]}},{"t":4.640000000000003,"j":false,"c":{"p":[334.66938537060753,112.35606111964398,-543.2323900707331],"r":[0.9970528483390808,6.781035214167939e-8,-0.07671772688627243,-6.91069180773731e-8,1,-1.4245667758728608e-8,0.07671772688627243,1.950540964874956e-8,0.9970528483390808]}},{"t":4.680000000000003,"j":false,"c":{"p":[334.73757960875196,112.64138849889382,-544.2638483763459],"r":[0.997273878128226,1.1420832390313212e-8,-0.07373924669617796,-1.165254796810702e-8,1,-2.1343353868494815e-9,0.07373924669617796,3.134918875773174e-9,0.997273878128226]}},{"t":4.720000000000003,"j":false,"c":{"p":[334.802588828231,112.91970174788563,-545.2762988717473],"r":[0.9975074361771058,-4.4188389692174466e-8,-0.07053489411164085,4.4985897469794926e-8,1,9.84797390137767e-9,0.07053489411164085,-1.2964880615756893e-8,0.9975074361771058]}},{"t":4.760000000000003,"j":false,"c":{"p":[334.85619028723715,113.17058214563497,-546.2000622493613],"r":[0.9977512944049164,-7.423731678599047e-8,-0.06697887645115573,7.550025812010167e-8,1,1.654709765053353e-8,0.06697887645115573,-2.151504068596677e-8,0.9977512944049164]}},{"t":4.800000000000003,"j":false,"c":{"p":[334.88073344895645,113.52080892405078,-547.1052315251098],"r":[0.9983566147278728,-1.0255405760972767e-7,-0.056027683406547776,1.0394675235755907e-7,1,2.3087982496320023e-8,0.056027683406547776,-2.8630709112994437e-8,0.9983566147278728]}},{"t":4.840000000000003,"j":false,"c":{"p":[334.8827220935983,113.9362624100362,-548.0005847997428],"r":[0.9991886961906211,-1.2980750152374362e-7,-0.039515950972944726,1.3106648382437801e-7,1,2.952665917000521e-8,0.039515950972944726,-3.462531012069128e-8,0.9991886961906211]}},{"t":4.8800000000000034,"j":false,"c":{"p":[334.8168833700772,114.33107205554035,-548.9506340170218],"r":[0.9997212712247407,-1.5899305344888255e-7,-0.009556035157979245,1.5927279666822546e-7,1,3.603402171036543e-8,0.009556035157979245,-3.710916844459222e-8,0.9997212712247407]}},{"t":4.9200000000000035,"j":false,"c":{"p":[334.7410959205492,114.67270984640855,-549.8898466143806],"r":[0.9997200794290693,-1.603185889007938e-7,0.01699020586376546,1.5981956842096784e-7,1,3.602108848711002e-8,-0.01699020586376546,-3.361008670096284e-8,0.9997200794290693]}},{"t":4.9600000000000035,"j":false,"c":{"p":[334.6554892594519,114.96186798412033,-550.8183636650318],"r":[0.999192069483351,-1.3414679495806987e-7,0.04016721197046419,1.3306687633393e-7,1,2.9572741970582705e-8,-0.04016721197046419,-2.420595195984749e-8,0.999192069483351]}},{"t":5.0000000000000036,"j":false,"c":{"p":[334.5592727022405,115.16959661969203,-551.8004147740224],"r":[0.9983686050341642,-1.2134254352471747e-7,0.05586779775511068,1.200806752086391e-7,1,2.647406655377384e-8,-0.05586779775511068,-1.983807275944944e-8,0.9983686050341642]}},{"t":5.040000000000004,"j":false,"c":{"p":[334.4583996912271,115.35652317869442,-552.7826311504487],"r":[0.997521820199053,-1.1438666208652261e-7,0.06986675015358373,1.129338103644496e-7,1,2.4791028806586405e-8,-0.06986675015358373,-1.683704709869233e-8,0.997521820199053]}},{"t":5.080000000000004,"j":false,"c":{"p":[334.3515280977095,115.51674745748457,-553.764911139907],"r":[0.9966456738831148,-1.1496470764333975e-7,0.08168371582044265,1.1330805678674557e-7,1,2.493130917823587e-8,-0.08168371582044265,-1.559144554748986e-8,0.9966456738831148]}},{"t":5.120000000000004,"j":false,"c":{"p":[334.24031313227374,115.73309079351147,-554.6932932606207],"r":[0.9957397509180212,-1.0979362910344766e-7,0.09190628576137189,1.0807374420224717e-7,1,2.377089604966931e-8,-0.09190628576137189,-1.3770913341385497e-8,0.9957397509180212]}},{"t":5.160000000000004,"j":false,"c":{"p":[334.1144063229824,116.00408895545375,-555.6256261281998],"r":[0.994518918977498,-1.0907987039207957e-7,0.10397210072251258,1.0720735979404611e-7,1,2.359293993269205e-8,-0.10397210072251258,-1.2254173130849877e-8,0.994518918977498]}},{"t":5.200000000000004,"j":false,"c":{"p":[333.9645125849744,116.35461203237683,-556.5777871608179],"r":[0.9927685613985691,-1.173602894561301e-7,0.11956705973175731,1.1514863643483251e-7,1,2.5405568852225958e-8,-0.11956705973175731,-1.1394919620773455e-8,0.9927685613985691]}},{"t":5.240000000000004,"j":false,"c":{"p":[333.81117402308365,116.71590151908396,-557.46793723796],"r":[0.9909172438539616,-1.1741931225372973e-7,0.1340507345390892,1.1505417543577948e-7,1,2.5455707570134144e-8,-0.1340507345390892,-9.836034733747653e-9,0.9909172438539616]}},{"t":5.280000000000004,"j":false,"c":{"p":[333.654442298247,117.09314831217432,-558.3289463810881],"r":[0.9890387130224414,-1.1305539048774873e-7,0.14756435474414403,1.1065198501751323e-7,1,2.4516732835637897e-8,-0.14756435474414403,-7.934144171410284e-9,0.9890387130224414]}},{"t":5.320000000000004,"j":false,"c":{"p":[333.4868569807484,117.5400014294149,-559.2075250964656],"r":[0.9873236692970229,-1.0729095411808548e-7,0.1584071357192562,1.0498314385283978e-7,1,2.3004637697095728e-8,-0.1584071357192562,-6.135631025574837e-9,0.9873236692970229]}},{"t":5.360000000000004,"j":false,"c":{"p":[333.31635713047046,117.97788441073598,-560.1013376976169],"r":[0.9858015895797348,-9.819117425532586e-8,0.1678761703257438,9.606449165428957e-8,1,2.0805468853960698e-8,-0.1678761703257438,-4.422279440250757e-9,0.9858015895797348]}},{"t":5.400000000000004,"j":false,"c":{"p":[333.13807406306404,118.39181277537712,-561.0358321677542],"r":[0.9847948174218059,-8.018440841262598e-8,0.1736766353619133,7.84672666562334e-8,1,1.6771479739192142e-8,-0.1736766353619133,-2.936350555789306e-9,0.9847948174218059]}},{"t":5.440000000000004,"j":false,"c":{"p":[332.965853114156,118.82220669080425,-561.938722573148],"r":[0.9840699657671884,-5.125374224840061e-8,0.17776151915896068,5.0217872108655155e-8,1,1.0346888790066104e-8,-0.17776151915896068,-1.333748869950897e-9,0.9840699657671884]}},{"t":5.480000000000004,"j":false,"c":{"p":[332.7969550018301,119.26162588914403,-562.8242898030704],"r":[0.9834996435500819,-1.6335344960403606e-8,0.1809060392691838,1.61296905646702e-8,1,2.6119342723599247e-9,-0.1809060392691838,3.3280482419409097e-10,0.9834996435500819]}},{"t":5.520000000000004,"j":true,"c":{"p":[332.6495419758147,119.74803162523999,-563.5970702607277],"r":[0.9831705135986181,-7.041360656895754e-9,0.18268656333120412,7.131523593696349e-9,1,1.6651475989425156e-10,-0.18268656333120412,1.1336766936839507e-9,0.9831705135986181]}},{"t":5.560000000000004,"j":true,"c":{"p":[332.50103174170994,120.99298283937298,-564.3755914268287],"r":[0.9828895253440089,-3.1436273367388834e-9,0.18419603965212977,3.418135419941898e-9,1,-1.1727570728913345e-9,-0.18419603965212977,1.7822994268669497e-9,0.9828895253440089]}},{"t":5.600000000000004,"j":false,"c":{"p":[332.3179549137208,122.78223371178333,-565.3351143331058],"r":[0.9827196151491052,-5.667873976151694e-9,0.18509937001510177,5.990435113822415e-9,1,-1.182309721483506e-9,-0.18509937001510177,2.2717907009430098e-9,0.9827196151491052]}},{"t":5.640000000000004,"j":false,"c":{"p":[332.1137605296819,124.30689624279518,-566.3268089286195],"r":[0.981845497602451,-4.5586017135394224e-8,0.18958062675789686,4.496532819085956e-8,1,7.516537053153068e-9,-0.18958062675789686,1.5055006810425468e-9,0.981845497602451]}},{"t":5.680000000000004,"j":false,"c":{"p":[331.8939263667022,125.58461589728408,-567.3305506047703],"r":[0.9803433476711173,-1.1870157237898556e-7,0.19725313150573395,1.1625582791911721e-7,1,2.3955486339794504e-8,-0.19725313150573395,-3.8301743206611407e-10,0.9803433476711173]}},{"t":5.720000000000004,"j":false,"c":{"p":[331.6685018950097,126.41047113919659,-568.3068062459445],"r":[0.9787222500782488,-1.4599799375079678e-7,0.20509245821663705,1.4249299087204815e-7,1,3.181238198767693e-8,-0.20509245821663705,-1.8308327933156478e-9,0.9787222500782488]}},{"t":5.760000000000004,"j":false,"c":{"p":[331.4647643318112,127.02862799218916,-569.2345802180561],"r":[0.9709136850787895,0.0001486544702110447,0.23333044789023197,-0.0012720408156673192,0.9999670474833413,0.0029532601329816995,-0.23331602473363594,-0.00