{"v":1,"d":[{"t":0.06572818756103516,"c":{"r":[0.767755925655365,1.3343655069775195e-8,-0.6407424211502075,-4.264254371832976e-8,1,-3.027021122647966e-8,0.6407424211502075,5.056302043726646e-8,0.767755925655365],"p":[475.9325866699219,169.56117248535156,-939.0460205078125]},"j":false},{"t":0.04,"j":false,"c":{"p":[475.6905230334258,169.56117248535156,-938.9998558777297],"r":[0.8265362658191033,0.0000013354822954407017,-0.5840450302594595,-0.00000268453729817224,1,-4.106113286091226e-7,0.5840450302594595,0.000002370994355613619,0.8265362658191033]}},{"t":0.08,"j":false,"c":{"p":[476.06686300828306,169.56117248535156,-939.0716287221608],"r":[0.7351495872599653,-7.200665258424267e-7,-0.6721933162687159,0.000001422856194955133,1,1.8071072465305471e-7,0.6721933162687159,-0.0000012366151266658106,0.7351495872599653]}},{"t":0.12,"j":false,"c":{"p":[476.44320298314034,169.56117248535156,-939.1434015665918],"r":[0.6437629087008272,-0.000002775615347125555,-0.7603416022779724,0.000005530249688082505,1,7.72032777915232e-7,0.7603416022779724,-0.000004844224608945239,0.6437629087008272]}},{"t":0.16,"j":false,"c":{"p":[477.2319473352721,169.56117248535156,-939.2938920844445],"r":[0.5413397154086745,-0.000002294442888469698,-0.8346077312107489,0.000004962731667371422,1,7.360200033621664e-7,0.8346077312107489,-0.000004437048797558714,0.5413397154086745]}},{"t":0.2,"j":false,"c":{"p":[478.2330767293909,169.55571010311058,-939.4849226277988],"r":[0.43443663641612784,-5.450801869495211e-7,-0.9005802227071334,0.0000020397948534718492,1,3.817005249240924e-7,0.9005802227071334,-0.0000020022440046485507,0.43443663641612784]}},{"t":0.24000000000000002,"j":false,"c":{"p":[479.2123168891171,169.35887268154755,-939.6718113899209],"r":[0.3702957529306743,-2.6875072466746313e-7,-0.9271941702256731,0.0000011911655461193794,1,2.2764999989912553e-7,0.9271941702256731,-0.000001180330362722732,0.3702957529306743]}},{"t":0.28,"j":false,"c":{"p":[480.19855106686714,169.1726755091477,-939.8362382797528],"r":[0.3096958484881809,-7.916037518218387e-8,-0.9500587795110488,6.623619651368328e-7,1,1.3121669812454338e-7,0.9500587795110488,-6.700949148491607e-7,0.3096958484881809]}},{"t":0.32,"j":false,"c":{"p":[481.1974395714215,169.00572981561604,-939.9600247434909],"r":[0.2555026627393051,-4.65077224979494e-8,-0.9661396843306037,7.122213570142181e-7,1,1.3903065022921455e-7,0.9661396843306037,-7.237810513739641e-7,0.2555026627393051]}},{"t":0.36,"j":false,"c":{"p":[482.1851934417859,168.97046636010538,-939.9652958535137],"r":[0.18769906388469326,1.99926242041411e-8,-0.9802505512800452,0.0000010204886911373072,1,1.9333520229116537e-7,0.9802505512800452,-0.0000010366923173946699,0.18769906388469326]}},{"t":0.39999999999999997,"j":false,"c":{"p":[483.16785462620146,168.99095801597645,-939.9164760584658],"r":[0.11347323465492014,1.0719809346132637e-7,-0.9933761368101975,0.000001453693991804468,1,2.6956083474909306e-7,0.9933761368101975,-0.0000014740114301570672,0.11347323465492014]}},{"t":0.43999999999999995,"j":false,"c":{"p":[484.12007213044416,168.9928199631243,-939.5533431661443],"r":[-0.014659268029248412,7.292150939716915e-7,-0.9939837979468996,0.00000316479175638854,1,5.285630964553961e-7,0.9939837979468996,-0.000003114935570702245,-0.014659268029248412]}},{"t":0.4799999999999999,"j":false,"c":{"p":[485.0198948425274,168.9941779460063,-939.1142370403538],"r":[-0.14747289116659185,0.0000012572705543709735,-0.9842226922441194,0.000004193399146526006,1,6.882910581441662e-7,0.9842226922441194,-0.000004040576160772898,-0.14747289116659185]}},{"t":0.5199999999999999,"j":false,"c":{"p":[485.791881442954,168.9943063251527,-938.4897666377648],"r":[-0.29170780661688833,0.0000015560727352362747,-0.9491632165926955,0.00000355682356491476,1,6.058033342923019e-7,0.9491632165926955,-0.000003221022924208385,-0.29170780661688833]}},{"t":0.5599999999999999,"j":false,"c":{"p":[486.56291713554316,168.99436950683594,-937.8544591751524],"r":[-0.4021581174479788,0.0000013923019228228199,-0.9129835738358407,0.000002577599007859346,1,4.5503661529394487e-7,0.9129835738358407,-0.0000022121610294303492,-0.4021581174479788]}},{"t":0.6,"j":false,"c":{"p":[487.333031320533,168.99436950683594,-937.2086497135305],"r":[-0.47986837853407266,7.802599827363508e-7,-0.8757183973819698,0.0000012663195214194198,1,2.3810195611008342e-7,0.8757183973819698,-0.0000010198435353659523,-0.47986837853407266]}},{"t":0.64,"j":false,"c":{"p":[488.0797762317711,168.99436950683594,-936.5822175872466],"r":[-0.5290618414931061,4.3546125087097533e-7,-0.8478529425713329,6.3604775800545e-7,1,1.260480048367261e-7,0.8478529425713329,-4.799292410981839e-7,-0.5290618414931061]}},{"t":0.68,"j":false,"c":{"p":[488.83259391515514,168.99436950683594,-935.9665287416208],"r":[-0.5620323707974302,2.1880487379191468e-7,-0.8270747635877624,2.992924029772683e-7,1,6.17227436029477e-8,0.8270747635877624,-2.1330625818859975e-7,-0.5620323707974302]}},{"t":0.7200000000000001,"j":false,"c":{"p":[489.6313239692282,168.99436950683594,-935.3644218640609],"r":[-0.5736645594833013,1.2391617680243953e-7,-0.8190255854334124,1.6472705585116433e-7,1,3.680126581600491e-8,0.8190255854334124,-1.1453158364127518e-7,-0.5736645594833013]}},{"t":0.7600000000000001,"j":false,"c":{"p":[490.4810639002492,168.99436950683594,-934.8770236952789],"r":[-0.5549837545091765,2.00968130883543e-7,-0.8309930226860809,2.7486410785876137e-7,1,6.559581986165422e-8,0.8309930226860809,-1.9837898034194383e-7,-0.5549837545091765]}},{"t":0.8000000000000002,"j":false,"c":{"p":[491.36918596632614,168.99436950683594,-934.475937539304],"r":[-0.5134940841500754,4.073959957856728e-7,-0.8580218653348136,5.691262958995911e-7,1,1.3480874211029567e-7,0.8580218653348136,-4.196394707852495e-7,-0.5134940841500754]}},{"t":0.8400000000000002,"j":false,"c":{"p":[492.35138829147934,168.99436950683594,-934.0622705254425],"r":[-0.4785280262031353,2.305461422602809e-7,-0.877557410727554,3.3124104643765047e-7,1,7.708178607769638e-8,0.877557410727554,-2.497482342927003e-7,-0.4785280262031353]}},{"t":0.8800000000000002,"j":false,"c":{"p":[493.2919964786514,168.99436950683594,-933.6670104753226],"r":[-0.450636082735476,1.0743541588228825e-7,-0.8925938859668651,1.6466760867832406e-7,1,3.688342935184599e-8,0.8925938859668651,-1.3010770448917106e-7,-0.450636082735476]}},{"t":0.9200000000000003,"j":false,"c":{"p":[494.16805191598354,168.99436950683594,-933.2989402324671],"r":[-0.43265522043336935,8.0132666952905e-8,-0.9014855381023189,1.2634710507103949e-7,1,2.80268014105156e-8,0.9014855381023189,-1.0160851077735238e-7,-0.43265522043336935]}},{"t":0.9600000000000003,"j":false,"c":{"p":[495.0815622835312,168.99436950683594,-932.9151538923987],"r":[-0.4199860786645249,6.927732368744769e-8,-0.9074811785908065,1.1183823946349477e-7,1,2.4534312864314233e-8,0.9074811785908065,-9.115244129951766e-8,-0.4199860786645249]}},{"t":1.0000000000000002,"j":false,"c":{"p":[496.0132926773141,168.99436950683594,-932.5237272713704],"r":[-0.40988346034297124,6.275898231541693e-8,-0.9121297878849937,1.0322108769484661e-7,1,2.2394234541160106e-8,0.9121297878849937,-8.495394733771896e-8,-0.40988346034297124]}},{"t":1.0400000000000003,"j":false,"c":{"p":[496.97063803220504,168.99436950683594,-932.1215711149019],"r":[-0.40334710973731347,5.3496123394937695e-8,-0.9150336401802546,8.915198869665994e-8,1,1.9122068051078068e-8,0.9150336401802546,-7.383435019113904e-8,-0.40334710973731347]}},{"t":1.0800000000000003,"j":false,"c":{"p":[497.9028814119697,168.99436950683594,-931.7299550506426],"r":[-0.3986115833955643,4.429100050805191e-8,-0.9171150803653868,7.454906070328454e-8,1,1.5861461394077903e-8,0.9171150803653868,-6.202729938283543e-8,-0.3986115833955643]}},{"t":1.1200000000000003,"j":false,"c":{"p":[498.81839545827296,168.99436950683594,-931.34536351292],"r":[-0.3951085125899895,3.4147451784089144e-8,-0.9186343391163225,5.7932856878509427e-8,1,1.2248232858876338e-8,0.9186343391163225,-4.837543939633663e-8,-0.3951085125899895]}},{"t":1.1600000000000004,"j":false,"c":{"p":[499.7285564096712,168.99436950683594,-930.9630207173215],"r":[-0.3930650624909483,-8.527284036364222e-9,-0.9195091404690072,-1.4013389899212204e-8,1,-3.3660282393478444e-9,0.9195091404690072,1.161641133384075e-8,-0.3930650624909483]}},{"t":1.2000000000000004,"j":false,"c":{"p":[500.63881070782384,168.99436950683594,-930.5806387083741],"r":[-0.3914074682317835,-3.596690837472023e-8,-0.9202170257152383,-6.030655672838531e-8,1,-1.344281885111886e-8,0.9202170257152383,5.02390951834614e-8,-0.3914074682317835]}},{"t":1.2400000000000004,"j":false,"c":{"p":[501.54918078522934,168.99436950683594,-930.1982080625748],"r":[-0.39022845623487223,-4.451021609617455e-8,-0.920717882637475,-7.478185852413946e-8,1,-1.66514092733654e-8,0.920717882637475,6.235730982135958e-8,-0.39022845623487223]}},{"t":1.2800000000000005,"j":false,"c":{"p":[502.49508203595,168.99436950683594,-929.8008513884557],"r":[-0.38946236552270436,1.3898075708347678e-8,-0.9210421693436093,2.3264685641689965e-8,1,5.303808044515989e-9,0.9210421693436093,-1.9396179730084363e-8,-0.38946236552270436]}},{"t":1.3200000000000005,"j":false,"c":{"p":[503.43528667299523,168.99436950683594,-929.4058877627252],"r":[-0.38884116866216717,5.661208201275197e-8,-0.9213047648010203,9.500071342414505e-8,1,2.1344599589921722e-8,0.9213047648010203,-7.921993137629283e-8,-0.38884116866216717]}},{"t":1.3600000000000005,"j":false,"c":{"p":[504.34143464729055,168.99436950683594,-929.0252307490556],"r":[-0.3884608663249022,2.019287464417115e-8,-0.9214651565197386,3.394099167228828e-8,1,7.595711125267786e-9,0.9214651565197386,-2.8318410129082508e-8,-0.3884608663249022]}},{"t":1.4000000000000006,"j":false,"c":{"p":[505.223961095265,168.99436950683594,-928.6544967280126],"r":[-0.38819118879304,-1.50366998727796e-8,-0.9215788218368788,-2.511491057316514e-8,1,-5.744299220512573e-9,0.9215788218368788,2.0920144386108267e-8,-0.38819118879304]}},{"t":1.4400000000000006,"j":false,"c":{"p":[506.10715548986974,168.99436950683594,-928.2834821142003],"r":[-0.38798738775978703,-4.3005748973116753e-8,-0.9216646668244893,-7.200311454703723e-8,1,-1.6349317929381422e-8,0.9216646668244893,6.001878307830483e-8,-0.38798738775978703]}},{"t":1.4800000000000006,"j":false,"c":{"p":[507.09013066741653,168.99436950683594,-927.870551327827],"r":[-0.38785089477014734,-1.9489501533451038e-8,-0.9217221205582643,-3.264929216186272e-8,1,-7.4029740345217014e-9,0.9217221205582643,2.7220204271880404e-8,-0.38785089477014734]}},{"t":1.5200000000000007,"j":false,"c":{"p":[508.03383196031325,168.99520485443574,-927.4741188177509],"r":[-0.38774563298299825,6.965806308281144e-9,-0.9217664204036459,1.1640869073297718e-8,1,2.662136082043246e-9,0.9217664204036459,-9.699187493328535e-9,-0.38774563298299825]}},{"t":1.5600000000000007,"j":false,"c":{"p":[508.9301830988223,168.99704733026263,-927.0975772845101],"r":[-0.38767802477335545,3.6964562042490706e-8,-0.9217948613990112,6.188247638361822e-8,1,1.4076075167107432e-8,0.9217948613990112,-5.1586794945371214e-8,-0.38767802477335545]}},{"t":1.6000000000000008,"j":false,"c":{"p":[509.85416026005015,169.0067759308313,-926.7093344772196],"r":[-0.38763182243234556,1.5127274239038225e-8,-0.9218142817958704,2.5343644620874843e-8,1,5.751183212631683e-9,0.9218142817958704,-2.1131536275630336e-8,-0.38763182243234556]}},{"t":1.6400000000000008,"j":false,"c":{"p":[510.7878905281449,169.01928865339082,-926.3169606454439],"r":[-0.38759317723144504,-2.50102400327152e-8,-0.9218305175554721,-4.1832203003270244e-8,1,-9.542316945528766e-9,0.9218305175554721,3.4863689240398244e-8,-0.38759317723144504]}},{"t":1.6800000000000008,"j":false,"c":{"p":[511.67745540442667,169.10562368693715,-925.94296906644],"r":[-0.3875731635736113,-2.980304055100853e-8,-0.921838945768094,-4.986361220798179e-8,1,-1.1365708964599979e-8,0.921838945768094,4.1561254672739844e-8,-0.3875731635736113]}},{"t":1.7200000000000009,"j":false,"c":{"p":[512.5713691873248,169.21318800105172,-925.5671578401473],"r":[-0.3875548267802089,-2.403591086965911e-8,-0.9218466679489199,-4.0224667728114327e-8,1,-9.162474995537522e-9,0.9218466679489199,3.352983562564931e-8,-0.3875548267802089]}},{"t":1.760000000000001,"j":false,"c":{"p":[513.4877172451944,169.41860371923877,-925.181963695983],"r":[-0.38754370330968607,3.0460200984536286e-8,-0.9218513515154558,5.095440336616615e-8,1,1.1621986926433924e-8,0.9218513515154558,-4.2468784689953114e-8,-0.38754370330968607]}},{"t":1.800000000000001,"j":false,"c":{"p":[514.3862335588268,169.64813785138367,-924.8042065240005],"r":[-0.3875348658896374,4.2624359700771557e-8,-0.9218550637292494,7.131187538859446e-8,1,1.62588868448168e-8,0.9218550637292494,-5.9438190861772095e-8,-0.3875348658896374]}},{"t":1.840000000000001,"j":false,"c":{"p":[515.2623429794832,169.90797853756564,-924.4357944523923],"r":[-0.38752890105948407,1.5953180882524927e-9,-0.9218575553671615,2.676819833702273e-9,1,6.051921459710567e-10,0.9218575553671615,-2.233065020714563e-9,-0.38752890105948407]}},{"t":1.880000000000001,"j":false,"c":{"p":[516.1590974327088,170.18386006839427,-924.058869096711],"r":[-0.3875250667444107,-4.0181702964043415e-8,-0.9218591636010659,-6.720941066926872e-8,1,-1.533477400272556e-8,0.9218591636010659,5.6015093046250946e-8,-0.3875250667444107]}},{"t":1.920000000000001,"j":false,"c":{"p":[517.0546815202467,170.45393993217442,-923.6825026900485],"r":[-0.38752206199520994,-5.066082935890727e-8,-0.9218604272891712,-8.474231581690274e-8,1,-1.9331827506949082e-8,0.9218604272891712,7.062902745536624e-8,-0.38752206199520994]}},{"t":1.960000000000001,"j":false,"c":{"p":[517.9410201196051,170.70658323463795,-923.3101087671624],"r":[-0.3875200948019408,4.6981209366874195e-9,-0.9218612595632466,7.854941613119278e-9,1,1.7944434997830538e-9,0.9218612595632466,-6.545823528545321e-9,-0.3875200948019408]}},{"t":2.000000000000001,"j":false,"c":{"p":[518.8229119959149,170.95854434622706,-922.9394176365146],"r":[-0.3875187362660749,2.565512040997278e-8,-0.9218618370451328,4.291046949919893e-8,1,9.791617926178291e-9,0.9218618370451328,-3.5763096583943354e-8,-0.3875187362660749]}},{"t":2.040000000000001,"j":false,"c":{"p":[519.7031822865832,171.2139201964074,-922.569350149577],"r":[-0.38751766694099127,2.605003787355573e-8,-0.9218622898558362,4.357324750809495e-8,1,9.941423074126343e-9,0.9218622898558362,-3.631605019605085e-8,-0.38751766694099127]}},{"t":2.080000000000001,"j":false,"c":{"p":[520.5828731066679,171.48701699700152,-922.1995176220312],"r":[-0.3875170038713197,-1.7010733892940747e-8,-0.9218625550837047,-2.844924689647774e-8,1,-6.49357972176995e-9,0.9218625550837047,2.370993783580042e-8,-0.3875170038713197]}},{"t":2.120000000000001,"j":false,"c":{"p":[521.4938342182703,171.7564998327129,-921.8165911474438],"r":[-0.38751651430323714,-3.010136208397387e-8,-0.9218627509109378,-5.034525355161528e-8,1,-1.1489500374841395e-8,0.9218627509109378,4.195904234014315e-8,-0.38751651430323714]}},{"t":2.160000000000001,"j":false,"c":{"p":[522.4258604555989,172.0235481332496,-921.4248439798827],"r":[-0.38751614161391096,-2.3002704796676464e-8,-0.9218628999866683,-3.847372190146672e-8,1,-8.779522175274694e-9,0.9218628999866683,3.206529107844396e-8,-0.38751614161391096]}},{"t":2.200000000000001,"j":false,"c":{"p":[523.3096264907084,172.238000672721,-921.0534348197903],"r":[-0.38751597308143637,3.2483524699627227e-8,-0.9218629748599412,5.432853780157467e-8,1,1.239919636583e-8,0.9218629748599412,-4.5278585224727616e-8,-0.38751597308143637]}},{"t":2.240000000000001,"j":false,"c":{"p":[524.1905659207373,172.44690332136258,-920.6831634619198],"r":[-0.3875158727169037,4.8617510739440786e-8,-0.9218630194664001,8.131352075873972e-8,1,1.855724104369501e-8,0.9218630194664001,-6.776870031278269e-8,-0.3875158727169037]}},{"t":2.280000000000001,"j":false,"c":{"p":[525.0674507702329,172.64773158229258,-920.3145217542569],"r":[-0.3875158727169037,6.365412406459649e-9,-0.9218630194664001,1.0646809243145398e-8,1,2.429434133562813e-9,0.9218630194664001,-8.873454702942302e-9,-0.3875158727169037]}},{"t":2.320000000000001,"j":false,"c":{"p":[525.9795365426231,172.84986237357506,-919.9310842460455],"r":[-0.3875158727169037,-2.8657438538258095e-8,-0.9218630194664001,-4.79292073592331e-8,1,-1.0938837921574478e-8,0.9218630194664001,3.99451936006684e-8,-0.3875158727169037]}},{"t":2.360000000000001,"j":false,"c":{"p":[526.9050903529251,173.05453094170036,-919.5419844883235],"r":[-0.3875158727169037,-5.4574276997753346e-8,-0.9218630194664001,-9.127550042349353e-8,1,-2.0831264120509953e-8,0.9218630194664001,7.607106948227294e-8,-0.3875158727169037]}},{"t":2.4000000000000012,"j":false,"c":{"p":[527.7950095558897,173.28662376716662,-919.167844399629],"r":[-0.3875158727169037,1.5450499033161134e-9,-0.9218630194664001,2.583950179688321e-9,1,5.898142237667363e-10,0.9218630194664001,-2.1534841608888012e-9,-0.3875158727169037]}},{"t":2.4400000000000013,"j":false,"c":{"p":[528.6852045932943,173.5055289045233,-918.793607868479],"r":[-0.3875158727169037,2.820528748608724e-8,-0.9218630194664001,4.7173219781069425e-8,1,1.0766150591959767e-8,0.9218630194664001,-3.931519348069144e-8,-0.3875158727169037]}},{"t":2.4800000000000013,"j":false,"c":{"p":[529.5756794548868,173.7110556032975,-918.4192734999024],"r":[-0.3875158727169037,2.4980331101153216e-8,-0.9218630194664001,4.177965046461091e-8,1,9.535097836846804e-9,0.9218630194664001,-3.482011381391066e-8,-0.3875158727169037]}},{"t":2.5200000000000014,"j":false,"c":{"p":[530.493482977721,173.87311581860826,-918.0335020222967],"r":[-0.3875158727169037,-1.4469899095164113e-8,-0.9218630194664001,-2.4200911875905323e-8,1,-5.523228717779077e-9,0.9218630194664001,2.0169586108647614e-8,-0.3875158727169037]}},{"t":2.5600000000000014,"j":false,"c":{"p":[531.4107230073338,174.01458747169175,-917.6479725223803],"r":[-0.3875158727169037,-4.1079698463779177e-8,-0.9218630194664001,-6.870585151895568e-8,1,-1.5680300392106327e-8,0.9218630194664001,5.726101788088611e-8,-0.3875158727169037]}},{"t":2.6000000000000014,"j":false,"c":{"p":[532.3180062095026,174.10813056767398,-917.2666282440357],"r":[-0.3875158727169037,-1.859888827650441e-8,-0.9218630194664001,-3.110667286259172e-8,1,-7.099274794007149e-9,0.9218630194664001,2.592500987549286e-8,-0.3875158727169037]}},{"t":2.6400000000000015,"j":false,"c":{"p":[533.2523726424113,174.17630436038988,-916.8739113654052],"r":[-0.3875158727169037,1.4376499521545035e-8,-0.9218630194664001,2.404489172725682e-8,1,5.4874985798371515e-9,0.9218630194664001,-2.003960572632132e-8,-0.3875158727169037]}},{"t":2.6800000000000015,"j":false,"c":{"p":[534.198716162466,174.2301396290875,-916.4761693581064],"r":[-0.3875158727169037,4.86067156542113e-8,-0.9218630194664001,8.129521205703888e-8,1,1.8553223575916182e-8,0.9218630194664001,-6.7753386354554e-8,-0.3875158727169037]}},{"t":2.7200000000000015,"j":false,"c":{"p":[535.1176056429558,174.24924178166984,-916.090037160647],"r":[-0.3875158727169037,6.578195090488365e-9,-0.9218630194664001,1.1001904399027352e-8,1,2.510983323450734e-9,0.9218630194664001,-9.169204198947426e-9,-0.3875158727169037]}},{"t":2.7600000000000016,"j":false,"c":{"p":[536.022446011367,174.24867925056517,-915.7098086269408],"r":[-0.3875158727169037,-2.8443183219022802e-8,-0.9218630194664001,-4.757193959510478e-8,1,-1.085660335925856e-8,0.9218630194664001,3.964770606242071e-8,-0.3875158727169037]}},{"t":2.8000000000000016,"j":false,"c":{"p":[536.9121774489657,174.22696859681662,-915.3359291099333],"r":[-0.3875158727169037,-5.592882354595969e-8,-0.9218630194664001,-9.354224219342585e-8,1,-2.1347769417893256e-8,0.9218630194664001,7.796053361370799e-8,-0.3875158727169037]}},{"t":2.8400000000000016,"j":false,"c":{"p":[537.8390338042368,174.1973449006911,-914.9463818731971],"r":[-0.3875158727169037,-7.667948340621677e-9,-0.9218630194664001,-1.2824606353376823e-8,1,-2.92690955265709e-9,0.9218630194664001,1.068830295383899e-8,-0.3875158727169037]}},{"t":2.8800000000000017,"j":false,"c":{"p":[538.7683793263808,174.1580407303927,-914.5557686039733],"r":[-0.3875158727169037,3.6571795342020213e-8,-0.9218630194664001,6.116751904924149e-8,1,1.3959135266594858e-8,0.9218630194664001,-5.0978692336136135e-8,-0.3875158727169037]}},{"t":2.9200000000000017,"j":false,"c":{"p":[539.6854547241422,174.0882666421433,-914.1702774798931],"r":[-0.3875158727169037,2.2872536958737022e-8,-0.9218630194664001,3.825497257906919e-8,1,8.730286986118088e-9,0.9218630194664001,-3.18827209842607e-8,-0.3875158727169037]}},{"t":2.9600000000000017,"j":false,"c":{"p":[540.6304753651358,173.98012449423223,-913.7730116717881],"r":[-0.3875158727169037,-9.357666366152388e-9,-0.9218630194664001,-1.565138465931554e-8,1,-3.5715791434689536e-9,0.9218630194664001,1.3044390285394199e-8,-0.3875158727169037]}},{"t":3.0000000000000018,"j":false,"c":{"p":[541.5858359295336,173.85186969102722,-913.3713977661768],"r":[-0.3875158727169037,-4.743679675012836e-8,-0.9218630194664001,-7.934031801135352e-8,1,-1.810590763807409e-8,0.9218630194664001,6.61245811765014e-8,-0.3875158727169037]}},{"t":3.040000000000002,"j":false,"c":{"p":[542.4698766552835,173.73195609685445,-912.9999647712416],"r":[-0.3875158727169037,-2.296558974324331e-8,-0.9218630194664001,-3.8410963633162154e-8,1,-8.765653975492125e-9,0.9218630194664001,3.20128181214457e-8,-0.3875158727169037]}},{"t":3.080000000000002,"j":false,"c":{"p":[543.3745460256243,173.6089209348334,-912.6197994949528],"r":[-0.3875158727169037,7.987041058301917e-9,-0.9218630194664001,1.3358954265483842e-8,1,3.0484296670496647e-9,0.9218630194664001,-1.1133810631773468e-8,-0.3875158727169037]}},{"t":3.120000000000002,"j":false,"c":{"p":[544.3049421950808,173.4819927420025,-912.2287438449787],"r":[-0.3875158727169037,4.702291199785457e-8,-0.9218630194664001,7.864856798148262e-8,1,1.7947724587565885e-8,0.9218630194664001,-6.554817798172955e-8,-0.3875158727169037]}},{"t":3.160000000000002,"j":false,"c":{"p":[545.2298010754644,173.33612309523238,-911.839988450414],"r":[-0.3875158727169037,1.4050258324290653e-8,-0.9218630194664001,2.3499668475244993e-8,1,5.362796467019015e-9,0.9218630194664001,-1.9585306717649503e-8,-0.3875158727169037]}},{"t":3.200000000000002,"j":false,"c":{"p":[546.1355484803164,173.20144552517894,-911.4592953454979],"r":[-0.3875158727169037,-2.5251549119678455e-8,-0.9218630194664001,-4.223520774871587e-8,1,-9.63780511571266e-9,0.9218630194664001,3.520027375640571e-8,-0.3875158727169037]}},{"t":3.240000000000002,"j":false,"c":{"p":[547.009117178736,173.08946873926965,-911.0921832220639],"r":[-0.3875158727169037,-6.301156094391824e-8,-0.9218630194664001,-1.0539150090394053e-7,1,-2.4049866710820795e-8,0.9218630194664001,8.78368234419349e-8,-0.3875158727169037]}},{"t":3.280000000000002,"j":false,"c":{"p":[547.9142381591909,172.96285086648138,-910.7117557474104],"r":[-0.3875158727169037,-2.2757703409913388e-8,-0.9218630194664001,-3.806378752456959e-8,1,-8.686086389867163e-9,0.9218630194664001,3.1723601259924364e-8,-0.3875158727169037]}},{"t":3.320000000000002,"j":false,"c":{"p":[548.834921232422,172.8263422758644,-910.3247486082727],"r":[-0.3875158727169037,2.0234687401828243e-8,-0.9218630194664001,3.384428337106766e-8,1,7.722938405567855e-9,0.9218630194664001,-2.820703405072475e-8,-0.3875158727169037]}},{"t":3.360000000000002,"j":false,"c":{"p":[549.7810972324219,172.670795662003,-909.9269499548074],"r":[-0.3875158727169037,2.9750030727981396e-8,-0.9218630194664001,4.9759382127914494e-8,1,1.1354704295217202e-8,0.9218630194664001,-4.147120737901111e-8,-0.3875158727169037]}},{"t":3.400000000000002,"j":false,"c":{"p":[550.6942197369519,172.49746257681838,-909.5429810429757],"r":[-0.3875158727169037,3.6789318129897275e-9,-0.9218630194664001,6.153026365615562e-9,1,1.4042621147910313e-9,0.9218630194664001,-5.1280735746821934e-9,-0.3875158727169037]}},{"t":3.440000000000002,"j":false,"c":{"p":[551.5981448540531,172.32610056716368,-909.1628770124322],"r":[-0.3875158727169037,-2.939548705764099e-8,-0.9218630194664001,-4.916699622693792e-8,1,-1.1219124595872155e-8,0.9218630194664001,4.097764757255144e-8,-0.3875158727169037]}},{"t":3.480000000000002,"j":false,"c":{"p":[552.5059490286261,172.18527627873863,-908.7812184166067],"r":[-0.3875158727169037,-4.637587202364257e-8,-0.9218630194664001,-7.756832444589387e-8,1,-1.7699937056791418e-8,0.9218630194664001,6.464836211196534e-8,-0.3875158727169037]}},{"t":3.5200000000000022,"j":false,"c":{"p":[553.4251181656792,172.02407729991316,-908.3901204631793],"r":[-0.38861888947546974,-1.0183682706829485e-8,-0.9213974597326006,-1.6948912830795855e-8,1,-4.01539348821551e-9,0.9213974597326006,1.4129857899771295e-8,-0.38861888947546974]}},{"t":3.5600000000000023,"j":false,"c":{"p":[554.3447430692042,171.84943787962777,-907.9947230993832],"r":[-0.3906215275742206,5.243683358420357e-8,-0.9205497948834792,8.797031713483232e-8,1,1.9621995204169437e-8,0.9205497948834792,-7.330920777369405e-8,-0.3906215275742206]}},{"t":3.6000000000000023,"j":false,"c":{"p":[555.204965087452,171.6634132614913,-907.6120496231109],"r":[-0.39484671919244335,6.401518090734112e-8,-0.9187416798419391,1.0793886212643472e-7,1,2.324896732146398e-8,0.9187416798419391,-8.996430742964304e-8,-0.39484671919244335]}},{"t":3.6400000000000023,"j":false,"c":{"p":[556.0911831297558,171.4556614238869,-907.2079223155567],"r":[-0.40038319389059107,6.716680990614631e-8,-0.9163310980843175,1.1299490991489119e-7,1,2.3950107396862187e-8,0.9163310980843175,-9.396740296334296e-8,-0.40038319389059107]}},{"t":3.6800000000000024,"j":false,"c":{"p":[556.9964430864784,171.23199454278273,-906.7880802195278],"r":[-0.4068801747081827,6.414592387652977e-8,-0.9134792134711821,1.0712765285857488e-7,1,2.2508094995323428e-8,0.9134792134711821,-8.870298977318585e-8,-0.4068801747081827]}},{"t":3.7200000000000024,"j":false,"c":{"p":[557.8750066741444,171.005369011176,-906.373256705841],"r":[-0.4123760870569882,6.263045939316638e-8,-0.9110021843967325,1.0329904542819086e-7,1,2.2001749365339928e-8,0.9110021843967325,-8.503948682569813e-8,-0.4123760870569882]}},{"t":3.7600000000000025,"j":false,"c":{"p":[558.7418616249164,170.77793814766665,-905.9566277946715],"r":[-0.4184122895572076,6.22930579369047e-8,-0.9082405951339579,1.0153045029718911e-7,1,2.1807866006274174e-8,0.9082405951339579,-8.308622270304611e-8,-0.4184122895572076]}},{"t":3.8000000000000025,"j":false,"c":{"p":[559.5919225639634,170.54945660369154,-905.5365594648476],"r":[-0.4254311918176697,6.375522567765059e-8,-0.9049756148659377,1.0296390497503298e-7,1,2.2041386657993602e-8,0.9049756148659377,-8.379984766804182e-8,-0.4254311918176697]}},{"t":3.8400000000000025,"j":false,"c":{"p":[560.4481440285538,170.30537247822812,-905.1026594806751],"r":[-0.4328616449162143,6.349035655672777e-8,-0.9014364736884819,1.0163687046635464e-7,1,2.1639268475808263e-8,0.9014364736884819,-8.22616107470308e-8,-0.4328616449162143]}},{"t":3.8800000000000026,"j":false,"c":{"p":[561.312026148743,170.05775698919433,-904.6586226166994],"r":[-0.4403822581246042,6.319107507882634e-8,-0.8978058496512415,1.0016910492062302e-7,1,2.124096054847199e-8,0.8978058496512415,-8.057123736053705e-8,-0.4403822581246042]}},{"t":3.9200000000000026,"j":false,"c":{"p":[562.2162300112201,169.8471112185061,-904.1859549886985],"r":[-0.4469015388379291,7.010809841625468e-8,-0.8945668984743523,1.0948453688280987e-7,1,2.3643021492107804e-8,0.8945668984743523,-8.73500167084026e-8,-0.4469015388379291]}},{"t":3.9600000000000026,"j":false,"c":{"p":[563.0772527920911,169.6566860404915,-903.7358518690971],"r":[-0.45185007651585646,5.600103392632926e-8,-0.8920895884465401,8.658504758257894e-8,1,1.901737749811582e-8,0.8920895884465401,-6.871922010828128e-8,-0.45185007651585646]}},{"t":4.000000000000003,"j":false,"c":{"p":[563.8955693152186,169.48625910731784,-903.3080651361108],"r":[-0.45524514321936743,2.110106476176366e-8,-0.8903655444790245,3.1824875792286156e-8,1,7.441305973114733e-9,0.8903655444790245,-2.4958254016472553e-8,-0.45524514321936743]}},{"t":4.040000000000003,"j":false,"c":{"p":[564.779795878764,169.33759346819713,-902.8441111064158],"r":[-0.4578209438138378,3.4182599017457875e-9,-0.8890418622794096,3.5400875115790268e-9,1,2.060773420005823e-9,0.8890418622794096,-2.2307025816337413e-9,-0.4578209438138378]}},{"t":4.080000000000003,"j":false,"c":{"p":[565.6825042562112,169.21705615941713,-902.3657660514111],"r":[-0.46089733590801873,1.7573120837060117e-9,-0.8874483331621217,-1.831097667635167e-10,1,2.0207911157569006e-9,0.8874483331621217,1.136136535741551e-9,-0.46089733590801873]}},{"t":4.120000000000003,"j":false,"c":{"p":[566.6069709361891,169.13566767760761,-901.8693146365958],"r":[-0.46476312905979256,2.2025080384311705e-8,-0.8854324426252416,2.970427870936677e-8,1,9.255216115161488e-9,0.8854324426252416,-2.1978011447993893e-8,-0.46476312905979256]}},{"t":4.160000000000003,"j":false,"c":{"p":[567.5030268925966,169.0825858403621,-901.3853592879715],"r":[-0.4677435163349765,3.4694029312719884e-8,-0.8838609257379612,5.041836209146096e-8,1,1.2538474165399407e-8,0.8838609257379612,-3.867755577950334e-8,-0.4677435163349765]}},{"t":4.200000000000003,"j":false,"c":{"p":[568.3787873037759,169.04117640676228,-900.91183135329],"r":[-0.47018354035815,3.382507665634933e-8,-0.8825680593416537,5.1768275463167193e-8,1,1.0768743602418793e-8,0.8825680593416537,-4.0644945164441656e-8,-0.47018354035815]}},{"t":4.240000000000003,"j":false,"c":{"p":[569.2183896938068,169.0141807661099,-900.4580008643952],"r":[-0.471729645240073,2.7837368267411833e-9,-0.8817426713128829,9.056306957957547e-9,1,-1.6682181168777937e-9,0.8817426713128829,-8.789328429729294e-9,-0.471729645240073]}},{"t":4.280000000000003,"j":false,"c":{"p":[570.0704955043842,169.00046126568608,-899.999238697122],"r":[-0.47242331984236946,-2.443178501569538e-8,-0.8813716795372695,-2.7847207961752354e-8,1,-1.2785990553040945e-8,0.8813716795372695,1.8496398681561865e-8,-0.47242331984236946]}},{"t":4.320000000000003,"j":false,"c":{"p":[570.9448005204798,168.99356660387065,-899.5387934627581],"r":[-0.47084683610449035,-3.029120535131401e-8,-0.8822002819092576,-3.2645457277652797e-8,1,-1.66799393612458e-8,0.8822002819092576,2.078227858912133e-8,-0.47084683610449035]}},{"t":4.360000000000003,"j":false,"c":{"p":[571.8719046997778,168.9940661404334,-899.078078027162],"r":[-0.46347158086555884,2.2329467578583855e-8,-0.8860893566376415,5.041776676865251e-8,1,-8.16166560421425e-10,0.8860893566376415,-4.5304153748411186e-8,-0.46347158086555884]}},{"t":4.400000000000003,"j":false,"c":{"p":[572.7721535553644,168.99432091845202,-898.6424863048882],"r":[-0.45537330342376203,5.4035546388809804e-8,-0.8902726474803953,9.08355654323665e-8,1,1.422085983251778e-8,0.8902726474803953,-7.446902601352311e-8,-0.45537330342376203]}},{"t":4.440000000000003,"j":false,"c":{"p":[573.6526188406274,168.99436950683594,-898.2274452504035],"r":[-0.4466346919905456,6.76069487973299e-8,-0.894712069762295,9.573606495206968e-8,1,2.7777309849840094e-8,0.894712069762295,-7.324910729772495e-8,-0.4466346919905456]}},{"t":4.480000000000003,"j":false,"c":{"p":[574.5902728304344,168.99436950683594,-897.8038731358151],"r":[-0.4370646932784704,6.567143789928158e-8,-0.8993921308467276,1.0115467779585109e-7,1,2.3907675330438283e-8,0.8993921308467276,-8.052150344397703e-8,-0.4370646932784704]}},{"t":4.520000000000003,"j":false,"c":{"p":[575.5146867928883,168.99425109824375,-897.3966398527838],"r":[-0.42712576670196684,6.739345210275817e-8,-0.9041527642858692,1.089452452832041e-7,1,2.312992618973948e-8,0.9041527642858692,-8.867184564322877e-8,-0.42712576670196684]}},{"t":4.560000000000003,"j":false,"c":{"p":[576.4210895623997,168.9939716114345,-897.0116332494853],"r":[-0.41668496571305685,7.409101420645579e-8,-0.9090230050685449,1.1996252307838844e-7,1,2.6558251751662943e-8,0.9090230050685449,-9.801650982777288e-8,-0.41668496571305685]}},{"t":4.600000000000003,"j":false,"c":{"p":[577.3548679633213,168.9925323952687,-896.6375773908901],"r":[-0.40445335285673034,7.525032470033924e-8,-0.9144862050073495,1.2389445885537178e-7,1,2.7504065294130874e-8,0.9144862050073495,-1.0218098639378222e-7,-0.40445335285673034]}},{"t":4.640000000000003,"j":false,"c":{"p":[578.2957027756374,168.99064349553854,-896.2701317842433],"r":[-0.39173530480487895,7.374718728473036e-8,-0.9200678649565626,1.240840595619498e-7,1,2.730633036400283e-8,0.9200678649565626,-1.0345805178736211e-7,-0.39173530480487895]}},{"t":4.680000000000003,"j":false,"c":{"p":[579.2050459656879,168.98851017800757,-895.9297491204112],"r":[-0.38081731160482857,6.568421323541703e-8,-0.9246073868860297,1.1236155962222269e-7,1,2.469055906389895e-8,0.9246073868860297,-9.44413133530687e-8,-0.38081731160482857]}},{"t":4.720000000000003,"j":false,"c":{"p":[580.1351685518622,168.98633088352338,-895.5852503229935],"r":[-0.3711311702904405,5.983351894260316e-8,-0.9285563508008949,1.0415424204344441e-7,1,2.278852745337282e-8,0.9285563508008949,-8.824231370184826e-8,-0.3711311702904405]}},{"t":4.760000000000003,"j":false,"c":{"p":[581.08799803806,168.98410134724804,-895.2362535780294],"r":[-0.3627911478644409,5.640031623403283e-8,-0.9318599763375041,9.97881763450891e-8,1,2.1666442270429197e-8,0.9318599763375041,-8.512242724807172e-8,-0.3627911478644409]}},{"t":4.800000000000003,"j":false,"c":{"p":[582.0523978579089,168.98202565034734,-894.9068505264127],"r":[-0.35195819007475376,5.765875031511714e-8,-0.9359635571900053,1.0357616266589412e-7,1,2.2694156092894833e-8,0.9359635571900053,-8.898242369651453e-8,-0.35195819007475376]}},{"t":4.840000000000003,"j":false,"c":{"p":[583.0149717549565,168.9802194611006,-894.5834187922053],"r":[-0.3414668522909076,5.874401740522422e-8,-0.9398846218919558,1.0712803819918866e-7,1,2.3573541447331506e-8,0.9398846218919558,-9.263260311966446e-8,-0.3414668522909076]}},{"t":4.8800000000000034,"j":false,"c":{"p":[583.9612703529373,168.9793609829871,-894.2683390590527],"r":[-0.33427695539104674,5.5477431533049966e-8,-0.9424574519729375,1.0337338148687528e-7,1,2.2185493843299866e-8,0.9424574519729375,-8.999784434372743e-8,-0.33427695539104674]}},{"t":4.9200000000000035,"j":false,"c":{"p":[584.9078101539426,168.9780476723856,-893.9553419055902],"r":[-0.32826897967951313,4.524458427276324e-8,-0.9445754547886507,8.55028040401741e-8,1,1.809505193604891e-8,0.9445754547886507,-7.477277351087301e-8,-0.32826897967951313]}},{"t":4.9600000000000035,"j":false,"c":{"p":[585.8545632210884,168.97633220940875,-893.644186120964],"r":[-0.3233060313700967,2.8852329673995874e-8,-0.9462913098468569,5.5151255679983095e-8,1,1.1615215434572521e-8,0.9462913098468569,-4.841563970239286e-8,-0.3233060313700967]}},{"t":5.0000000000000036,"j":false,"c":{"p":[586.7968201386375,168.9721453999555,-893.3393672576561],"r":[-0.3191200421181605,4.2086893691147817e-8,-0.9477074566292596,8.07831590590989e-8,1,1.7305082688871377e-8,0.9477074566292596,-7.109229593858057e-8,-0.3191200421181605]}},{"t":5.040000000000004,"j":false,"c":{"p":[587.7364799359341,168.91273011039164,-893.0399337068073],"r":[-0.3144151124144965,5.68088504308079e-8,-0.949275978932779,1.0920960277320496e-7,1,2.3667960030647155e-8,0.949275978932779,-9.622724469033643e-8,-0.3144151124144965]}},{"t":5.080000000000004,"j":false,"c":{"p":[588.6673635984215,168.59410245052658,-892.7610252416758],"r":[-0.3066509697173455,5.5475178390880515e-8,-0.9517985485194927,1.0722102288750018e-7,1,2.3729064194061082e-8,0.9517985485194927,-9.477322854599284e-8,-0.3066509697173455]}},{"t":5.120000000000004,"j":false,"c":{"p":[589.3493247536219,168.32465097456472,-892.5606569176288],"r":[-0.30107917285491753,4.254362834049724e-8,-0.9535970339791433,8.29618948803087e-8,1,1.8348044901879218e-8,0.9535970339791433,-7.354719404684091e-8,-0.30107917285491753]}},{"t":5.160000000000004,"j":false,"c":{"p":[589.6998583862021,168.12067505957407,-892.4648607540889],"r":[-0.2984263717741427,1.4170099906751009e-8,-0.9544314386450692,2.9050676864272267e-8,1,5.721117980289603e-9,0.9544314386450692,-2.5995733486546565e-8,-0.2984263717741427]}},{"t":5.200000000000004,"j":false,"c":{"p":[589.7743067639981,168.0812027312861,-892.4445190429688],"r":[-0.2978630445580473,1.1230314271300126e-8,-0.9546086192131042,2.2525752215767482e-8,1,4.735684731804412e-9,0.9546086192131042,-2.0092691858175382e-8,-0.2978630445580473]}},{"t":5.320000000000004,"j":false,"c":{"p":[589.8386683335034,168.07705064056827,-892.4354695557809],"r":[-0.29044034520429185,6.20638312588887e-8,-0.956825687559844,1.2204148458210286e-7,1,2.9126570931105638e-8,0.956825687559844,-1.090181607827582e-7,-0.29044034520429185]}},{"t":5.360000000000004,"j":false,"c":{"p":[589.9592975571959,168.04670252312835,-892.418496417045],"r":[-0.27651852255678205,1.3928421854817443e-7,-0.9609840014902205,2.7977539124401404e-7,1,6.491251207596642e-8,0.9609840014902205,-2.511687649572582e-7,-0.27651852255678205]}},{"t":5.400000000000004,"j":false,"c":{"p":[590.6734034406637,167.68402103732905,-892.318085940164],"r":[-0.24575248545156217,1.151671509269815e-7,-0.9688552100032042,2.4255570144884736e-7,1,5.5576267127799494e-8,0.9688552100032042,-2.2044109951543008e-7,-0.24575248545156217]}},{"t":5.440000000000004,"j":false,"c":{"p":[591.4819200684337,167.2462372621085,-892.2044013727715],"r":[-0.21335654125075654,7.601283837000455e-8,-0.9769388088798817,1.754145553375265e-7,1,3.9386310490379334e-8,0.9769388088798817,-1.6291627509439972e-7,-0.21335654125075654]}},{"t":5.480000000000004,"j":false,"c":{"p":[592.2260809607778,166.645207160518,-892.0997573527162],"r":[-0.19219532967582179,5.755955463940044e-8,-0.9812294967284536,1.392006029594905e-7,1,3.099654792378186e-8,0.9812294967284536,-1.304520484232048e-7,-0.19219532967582179]}},{"t":5.520000000000004,"j":false,"c":{"p":[592.7657848735175,166.00599774875482,-892.024748118183],"r":[-0.17522578365239855,4.7850753724476405e-8,-0.9844770981723726,1.2199275788904866e-7,1,2.6898172184081527e-8,0.9844770981723726,-1.153866622838096e-7,-0.17522578365239855]}},{"t":5.560000000000004,"j":false,"c":{"p":[593.1116346239486,165.33058894577815,-891.9778368558179],"r":[-0.16223052999961698,4.64329605038643e-8,-0.986735706031525,1.2280539330301226e-7,1,2.6868638701955683e-8,0.986735706031525,-1.1681784017934976e-7,-0.16223052999961698]}},{"t":5.600000000000004,"j":false,"c":{"p":[593.2048805892784,164.7591286527405,-891.9653440284765],"r":[-0.15880363915790324,3.3781147949351987e-8,-0.987308718691523,9.242715292715137e-8,1,1.9301642817924172e-8,0.987308718691523,-8.81690684154949e-8,-0.15880363915790324]}},{"t":5.640000000000004,"j":false,"c":{"p":[593.2492065429688,164.32378335135493,-891.95947265625],"r":[-0.15720793051165038,1.9947533334823258e-8,-0.9875655174255371,5.872595083899444e-8,1,1.0850265239790428e-8,0.9875655174255371,-5.6289975657972975e-8,-0.15720793051165038]}},{"t":5.720000000000004,"j":false,"c":{"p":[593.3870688025451,164.20665875461066,-891.9623331877466],"r":[-0.1343787076409943,3.725927236689832e-8,-0.9903482812217618,1.240099982868907e-7,1,2.604115896658287e-8,0.9903482812217618,-1.212763843687713e-7,-0.1343787076409943]}},{"t":5.760000000000004,"j":false,"c":{"p":[593.64704115548,163.91608597954536,-891.9677274059038],"r":[-0.0913288068098146,1.0320524086190924e-7,-0.9955958497295627,3.269711512984254e-7,1,7.569555651241017e-8,0.9955958497295627,-3.193806663315367e-7,-0.0913288068098146]}},{"t":5.800000000000004,"j":false,"c":{"p":[593.9308053817431,163.14592971603446,-891.9736029697032],"r":[-0.05094205399676965,9.291039052944248e-8,-0.9981664431633581,3.261682406809972e-7,1,7.542149638685249e-8,0.9981664431633581,-3.2142157099528595e-7,-0.05094205399676965]}},{"t":5.840000000000004,"j":false,"c":{"p":[594.2108223543523,162.18557722441136,-891.9793961898872],"r":[-0.013619960068751314,6.930668187207699e-8,-0.9997916783672975,2.8469987988021423e-7,1,6.49930622237641e-8,0.9997916783672975,-2.836386869243991e-7,-0.013619960068751314]}},{"t":5.880000000000004,"j":false,"c":{"p":[594.4596888801503,160.83527369727764,-891.9845341728276],"r":[0.013843339075083116,4.8549726477505844e-8,-0.9996857088825517,2.31321155771542e-7,1,5.09181007737759e-8,0.9996857088825517,-2.