{"v":1,"d":[{"t":0.04,"j":false,"c":{"p":[930.8355768374938,133.13356018066406,-626.8176314833032],"r":[-0.9674585720779036,0.000006691112369060199,-0.33114999098053305,0.000006578016759874835,1,0.0000010286134366112474,0.33114999098053305,-8.979019937741384e-7,-0.9674585720779036]}},{"t":0.06768918037414551,"j":false,"c":{"p":[930.5794677734375,133.13356018066406,-626.2531127929688],"r":[-0.9769480228424072,0.000005910023446631385,-0.2134772539138794,0.00000584526105740224,1,9.345582725472923e-7,0.2134772539138794,-3.348154677951243e-7,-0.9769480228424072]}},{"t":0.08,"j":false,"c":{"p":[930.4655997408869,133.13356018066406,-626.0021235011867],"r":[-0.9811671046329001,0.000005562745386904024,-0.16115906242776248,0.000005519472313890731,1,8.92740633165208e-7,0.16115906242776248,-8.446292714898037e-8,-0.9811671046329001]}},{"t":0.12,"j":false,"c":{"p":[930.09562264428,133.13356018066406,-625.1866155190703],"r":[-0.9948756371878966,0.000004434378404747849,0.008831866125008053,0.000004460927867906626,1,7.568678297191687e-7,-0.008831866125008053,7.289761394761774e-7,-0.9948756371878966]}},{"t":0.16,"j":false,"c":{"p":[929.6791690874305,133.13356018066406,-624.2797700546378],"r":[-0.9880417659410202,0.000002846370588338698,0.12969615066726276,0.0000029133749458266787,1,5.141456271035288e-7,-0.12969615066726276,7.741785608592874e-7,-0.9880417659410202]}},{"t":0.2,"j":false,"c":{"p":[929.2300120977989,133.10780038833886,-623.3566362116583],"r":[-0.9717244569322144,0.0000013635474400169308,0.23188316715912202,0.0000014751555392086315,1,2.78547246067124e-7,-0.23188316715912202,6.235030171229715e-7,-0.9717244569322144]}},{"t":0.24000000000000002,"j":false,"c":{"p":[928.6683937763291,132.89868354395318,-622.5540207880869],"r":[-0.9410855125549813,0.0000018193618657703002,0.32830737516069763,0.0000020811332212116794,1,3.702721921344762e-7,-0.32830737516069763,0.0000010674206623298036,-0.9410855125549813]}},{"t":0.28,"j":false,"c":{"p":[928.0614343430568,132.77160897198624,-621.7683216472797],"r":[-0.9065938105167127,0.0000017522964825822474,0.4175301996689304,0.0000020803275787106696,1,3.6829659306507835e-7,-0.4175301996689304,0.0000011742389982936629,-0.9065938105167127]}},{"t":0.32,"j":false,"c":{"p":[927.3939682254892,132.75401794990984,-621.0051969017615],"r":[-0.8669606908511358,9.874598655988329e-7,0.49714294140239246,0.000001269783365805079,1,2.4127974384732604e-7,-0.49714294140239246,8.312059594296511e-7,-0.8669606908511358]}},{"t":0.36,"j":false,"c":{"p":[926.705957372592,132.63947082735567,-620.3271602040709],"r":[-0.8272792388331089,7.876207534673306e-7,0.5588839302384818,0.000001089279806028008,1,2.0918713721070559e-7,-0.5588839302384818,7.784283748956415e-7,-0.8272792388331089]}},{"t":0.39999999999999997,"j":false,"c":{"p":[925.9947599224007,132.5040067651958,-619.6540194803109],"r":[-0.7891589405730935,6.056834002603906e-7,0.6133599876546513,8.933371037210252e-7,1,1.7204606015063518e-7,-0.6133599876546513,6.784393068441601e-7,-0.7891589405730935]}},{"t":0.43999999999999995,"j":false,"c":{"p":[925.2320525545639,132.34589762527233,-618.9672256092729],"r":[-0.754941691470039,2.967023074471206e-7,0.6551702514854506,4.675500188198539e-7,1,9.349521731863185e-8,-0.6551702514854506,3.7268843629499254e-7,-0.754941691470039]}},{"t":0.4799999999999999,"j":false,"c":{"p":[924.4771641400055,132.31077798042273,-618.2874026601351],"r":[-0.7313794819343646,1.5854546187889136e-7,0.6815198056543883,2.6401500046227313e-7,1,5.420986078407938e-8,-0.6815198056543883,2.1786213233955203e-7,-0.7313794819343646]}},{"t":0.5199999999999999,"j":false,"c":{"p":[923.7299144476783,132.3154378525294,-617.614456327915],"r":[-0.7120318027630773,7.868654518300953e-8,0.702108624367299,1.3927521454108064e-7,1,2.9244543867464115e-8,-0.702108624367299,1.1857577005829015e-7,-0.7120318027630773]}},{"t":0.5599999999999999,"j":false,"c":{"p":[923.016660247693,132.35545017737718,-616.9722308125457],"r":[-0.7005203215804788,6.686030763594336e-8,0.7135304202736888,1.2135579587253308e-7,1,2.5631652335903305e-8,-0.7135304202736888,1.0445624260099084e-7,-0.7005203215804788]}},{"t":0.6,"j":false,"c":{"p":[922.2909028509521,132.39794192428613,-616.3176291507474],"r":[-0.6915332595291342,5.895810086515287e-8,0.7223134148205711,1.0972387428218618e-7,1,2.3456195457662133e-8,-0.7223134148205711,9.545930576395045e-8,-0.6915332595291342]}},{"t":0.64,"j":false,"c":{"p":[921.5533088323173,132.4427809094276,-615.6513111440297],"r":[-0.6849360338806154,5.4770725549586624e-8,0.7285982887223112,1.0404424849490597e-7,1,2.264154020647883e-8,-0.7285982887223112,9.131186217844759e-8,-0.6849360338806154]}},{"t":0.68,"j":false,"c":{"p":[920.7898505769273,132.3706872402758,-614.9005619374246],"r":[-0.6892994497450972,5.378433383508422e-8,0.7244546973354272,1.0197300614351034e-7,1,2.2775844084401954e-8,-0.7244546973354272,8.958066695896705e-8,-0.6892994497450972]}},{"t":0.7200000000000001,"j":false,"c":{"p":[920.0483939901237,132.3078889040883,-614.1636226706362],"r":[-0.6941872793883663,5.06629541512696e-8,0.7197824636203394,9.529394879772674e-8,1,2.1458235563130785e-8,-0.7197824636203394,8.351121545513456e-8,-0.6941872793883663]}},{"t":0.7600000000000001,"j":false,"c":{"p":[919.3615575217841,132.28296670558876,-613.4704885613262],"r":[-0.698760637834363,4.2144872084708705e-8,0.7153405972229699,7.742826376343979e-8,1,1.6641997833747825e-8,-0.7153405972229699,6.704652710215834e-8,-0.698760637834363]}},{"t":0.8000000000000002,"j":false,"c":{"p":[918.7006128018742,132.3072734398947,-612.7765474847828],"r":[-0.7055912541859559,4.8643216061380736e-8,0.708550735861806,8.771078651487323e-8,1,1.8991258774570652e-8,-0.708550735861806,7.54190946765916e-8,-0.7055912541859559]}},{"t":0.8400000000000002,"j":false,"c":{"p":[918.0572479959401,132.36500551070122,-612.0820584956646],"r":[-0.7139544978110561,6.533737507868483e-8,0.7001666388084564,1.1710530831869216e-7,1,2.6205731910690547e-8,-0.7001666388084564,1.0065559957030661e-7,-0.7139544978110561]}},{"t":0.8800000000000002,"j":false,"c":{"p":[917.3893472286286,132.3350434339999,-611.3322419237377],"r":[-0.7232232834978997,6.503615022497935e-8,0.6905352805114466,1.1419721019634374e-7,1,2.532837334671026e-8,-0.6905352805114466,9.72140892537642e-8,-0.7232232834978997]}},{"t":0.9200000000000003,"j":false,"c":{"p":[916.717466095535,132.2614880428215,-610.5702522720493],"r":[-0.7316937738080558,6.428584154061264e-8,0.6816084658205658,1.1026349144748227e-7,1,2.4084970604328465e-8,-0.6816084658205658,9.276194691288171e-8,-0.7316937738080558]}},{"t":0.9600000000000003,"j":false,"c":{"p":[916.0471207003146,132.12625067546796,-609.8044120063155],"r":[-0.7379456477608468,6.987836529670687e-8,0.6748340162482679,1.1799185414835691e-7,1,2.5513327435594045e-8,-0.6748340162482679,9.843436636848966e-8,-0.7379456477608468]}},{"t":1.0000000000000002,"j":false,"c":{"p":[915.4153578170134,131.90850288889112,-609.0524288771163],"r":[-0.7458450694976864,7.274104540867333e-8,0.6660426404466061,1.2121712525804943e-7,1,2.6543317884973174e-8,-0.6660426404466061,1.0053079003172392e-7,-0.7458450694976864]}},{"t":1.0400000000000003,"j":false,"c":{"p":[914.8020302813236,131.66422149278495,-608.3015304073224],"r":[-0.7547346504238336,7.424847645838176e-8,0.6559938891421606,1.2205788940399386e-7,1,2.724021521703255e-8,-0.6559938891421606,1.0063051004033847e-7,-0.7547346504238336]}},{"t":1.0800000000000003,"j":false,"c":{"p":[914.1921064398925,131.51029565422664,-607.5099223942108],"r":[-0.7653065451983789,7.512969023469435e-8,0.6435431389531209,1.207378003983257e-7,1,2.6820840018443657e-8,-0.6435431389531209,9.823326025304034e-8,-0.7653065451983789]}},{"t":1.1200000000000003,"j":false,"c":{"p":[913.6018541283186,131.35340321359078,-606.728316965548],"r":[-0.775103758000986,7.72628950209937e-8,0.6317403030255829,1.2155860820156405e-7,1,2.687561583068422e-8,-0.6317403030255829,9.760692301471176e-8,-0.775103758000986]}},{"t":1.1600000000000004,"j":false,"c":{"p":[913.0338576822946,131.19315443527006,-605.9580282049972],"r":[-0.7840245154421233,8.081257040163185e-8,0.6206705007154985,1.2480157187584328e-7,1,2.7466833964601716e-8,-0.6206705007154985,9.898415092242001e-8,-0.7840245154421233]}},{"t":1.2000000000000004,"j":false,"c":{"p":[912.4600568972579,130.95324021050322,-605.171009489201],"r":[-0.7908598230803875,7.727132059539887e-8,0.611935569206172,1.1766784512243804e-7,1,2.569514605960346e-8,-0.611935569206172,9.237750595678777e-8,-0.7908598230803875]}},{"t":1.2400000000000004,"j":false,"c":{"p":[911.8845112215233,130.68720533915442,-604.3785820958537],"r":[-0.7969998724622774,7.141412227513374e-8,0.6039788988909656,1.0715160409021573e-7,1,2.315555844800103e-8,-0.6039788988909656,8.317250459657743e-8,-0.7969998724622774]}},{"t":1.2800000000000005,"j":false,"c":{"p":[911.3361949646672,130.44971688723098,-603.6043447166514],"r":[-0.8020621462580313,6.953125066632773e-8,0.5972050098569742,1.0349862954235413e-7,1,2.2551122069930524e-8,-0.5972050098569742,7.991020167737984e-8,-0.8020621462580313]}},{"t":1.3200000000000005,"j":false,"c":{"p":[910.7954228742973,130.22122442670727,-602.8350913823643],"r":[-0.8066893149024246,6.814018488791986e-8,0.5909526478700959,1.0060082026441447e-7,1,2.2011386359720594e-8,-0.5909526478700959,7.721149390532711e-8,-0.8066893149024246]}},{"t":1.3600000000000005,"j":false,"c":{"p":[910.265561568951,130.0057424595783,-602.0730462456584],"r":[-0.810687210746717,6.746039552403542e-8,0.5854545467423198,9.879517218579995e-8,1,2.156522428408081e-8,-0.5854545467423198,7.532788817299498e-8,-0.810687210746717]}},{"t":1.4000000000000006,"j":false,"c":{"p":[909.7020196857812,129.8202863905596,-601.2624913028636],"r":[-0.8138074049252905,5.3951135842398384e-8,0.5811254278000233,7.82629239351277e-8,1,1.6636270644115753e-8,-0.5811254278000233,5.908205038236392e-8,-0.8138074049252905]}},{"t":1.4400000000000006,"j":false,"c":{"p":[909.1109799152011,129.65934441301422,-600.4123314223767],"r":[-0.8162110157450355,2.996749142235345e-8,0.577750702831897,4.244168789412952e-8,1,8.047424398774809e-9,-0.577750702831897,3.111043276177714e-8,-0.8162110157450355]}},{"t":1.4800000000000006,"j":false,"c":{"p":[908.564172481322,129.51287161302741,-599.6256306787247],"r":[-0.8175622261220824,3.276080733626325e-8,0.5758374506175261,4.5524879395818467e-8,1,7.759496089566584e-9,-0.5758374506175261,3.254796389274703e-8,-0.8175622261220824]}},{"t":1.5200000000000007,"j":false,"c":{"p":[908.0169510157672,129.36741612351756,-598.8383086089775],"r":[-0.818688204291877,4.108453641393747e-8,0.5742380082286165,5.6616178183017e-8,1,9.178437407521442e-9,-0.5742380082286165,4.0021269136731666e-8,-0.818688204291877]}},{"t":1.5600000000000007,"j":false,"c":{"p":[907.4176522343002,129.21298762090385,-597.9760812802947],"r":[-0.8194090478093878,5.8315286305581054e-8,0.5732083745021888,8.04592356086022e-8,1,1.3305623861684191e-8,-0.5732083745021888,5.7009417032875296e-8,-0.8194090478093878]}},{"t":1.6000000000000008,"j":false,"c":{"p":[906.8358608623616,129.01415547898588,-597.1390784350239],"r":[-0.8199697647829102,7.273121107905168e-8,0.5724066603407788,1.0046936664705588e-7,1,1.686600978807132e-8,-0.5724066603407788,7.133543129663636e-8,-0.8199697647829102]}},{"t":1.6400000000000008,"j":false,"c":{"p":[906.2750701372864,128.7620598804167,-596.3323330911609],"r":[-0.8203384053102656,8.377067126512301e-8,0.5718783423257544,1.1588179101851131e-7,1,1.9746501998220822e-8,-0.5718783423257544,8.24681388506368e-8,-0.8203384053102656]}},{"t":1.6800000000000008,"j":false,"c":{"p":[905.7207672744559,128.73121833941403,-595.5349370497092],"r":[-0.8205555592596131,4.01165727043292e-9,0.5715666761394301,5.658556978052442e-9,1,1.0653579676190437e-9,-0.5715666761394301,4.131413671934708e-9,-0.8205555592596131]}},{"t":1.7200000000000009,"j":false,"c":{"p":[905.1616654555165,128.72346152592127,-594.7306152053008],"r":[-0.8207405159948525,-6.305187663689172e-8,0.5713011139280417,-8.70570978931233e-8,1,-1.469968846776735e-8,-0.5713011139280417,-6.18019537960113e-8,-0.8207405159948525]}},{"t":1.760000000000001,"j":false,"c":{"p":[904.579737293323,128.71696828455902,-593.8933566036325],"r":[-0.8208561672333347,-3.807173289126903e-8,0.5711349060857536,-5.2659854154634986e-8,1,-9.019335768530275e-9,-0.5711349060857536,-3.748272569647004e-8,-0.8208561672333347]}},{"t":1.800000000000001,"j":false,"c":{"p":[904.0089262728453,128.65736795471034,-593.0720458620822],"r":[-0.8209465129636772,-1.3507637862274196e-8,0.5710050410324313,-1.8835250794662862e-8,1,-3.4214913802300376e-9,-0.5710050410324313,-1.3565330713626471e-8,-0.8209465129636772]}},{"t":1.840000000000001,"j":false,"c":{"p":[903.4512204198977,128.5351636472,-592.2695348609627],"r":[-0.8210070279216792,1.0566008428063637e-8,0.5709180177769448,1.4314309619320469e-8,1,2.0790901265603697e-9,-0.5709180177769448,9.878373238915788e-9,-0.8210070279216792]}},{"t":1.880000000000001,"j":false,"c":{"p":[902.9029368132625,128.38488145903867,-591.4805730027184],"r":[-0.8210473496116616,3.4293194203515253e-8,0.570860064663635,4.698654763886566e-8,1,7.507558842398241e-9,-0.570860064663635,3.298600609344516e-8,-0.8210473496116616]}},{"t":1.920000000000001,"j":false,"c":{"p":[902.3461074675206,128.22650730434498,-590.679371957415],"r":[-0.8210781717211795,5.837939572498932e-8,0.5708157628557744,8.015298493006609e-8,1,1.302134355930311e-8,-0.5708157628557744,5.6443801723561965e-8,-0.8210781717211795]}},{"t":1.960000000000001,"j":false,"c":{"p":[901.75665725141,128.0695430886752,-589.8314036959753],"r":[-0.8210995026038894,8.379293099343252e-8,0.570785055350367,1.1514690356299068e-7,1,1.8841632903058826e-8,-0.570785055350367,8.119458888377124e-8,-0.8210995026038894]}},{"t":2.000000000000001,"j":false,"c":{"p":[901.1666079438284,127.92508669464661,-588.9822587322833],"r":[-0.8211144647184059,3.046348213805745e-8,0.5707635353163981,4.189188014316907e-8,1,6.89124730829523e-9,-0.5707635353163981,2.9570173196358435e-8,-0.8211144647184059]}},{"t":2.040000000000001,"j":false,"c":{"p":[900.5762553218304,127.78696289389174,-588.1325180152313],"r":[-0.8211262023850702,-6.273280411869884e-8,0.5707466668134075,-8.616857159141462e-8,1,-1.4056265029502904e-8,-0.5707466668134075,-6.07222943474057e-8,-0.8211262023850702]}},{"t":2.080000000000001,"j":false,"c":{"p":[900.0345462918132,127.67699445833962,-587.3530954872731],"r":[-0.8211322703699567,-4.445733086632005e-8,0.5707379465817322,-6.109013533204839e-8,1,-9.996935962764577e-9,-0.5707379465817322,-4.307538827514679e-8,-0.8211322703699567]}},{"t":2.120000000000001,"j":false,"c":{"p":[899.4789789485052,127.62986589121633,-586.55369476257],"r":[-0.8211372225830174,-1.7811810708342525e-8,0.570730836551684,-2.4513784550668164e-8,1,-4.060180019752177e-9,-0.570730836551684,-1.732483912802464e-8,-0.8211372225830174]}},{"t":2.160000000000001,"j":false,"c":{"p":[898.903472074355,127.66249302135064,-585.7255408466868],"r":[-0.8211409802193479,1.4840498091132823e-8,0.5707254518975609,2.0313633218237428e-8,1,3.2237716169988573e-9,-0.5707254518975609,1.42406461969165e-8,-0.8211409802193479]}},{"t":2.200000000000001,"j":false,"c":{"p":[898.3443565714632,127.82686153767041,-584.9212379404966],"r":[-0.8211432552123827,4.691158570978049e-8,0.57072217730192,6.434298420141242e-8,1,1.0378606088338874e-8,-0.57072217730192,4.524420737743108e-8,-0.8211432552123827]}},{"t":2.240000000000001,"j":false,"c":{"p":[897.7878447803998,128.00365414169502,-584.1176208171088],"r":[-0.8214146769247073,6.290115918223825e-8,0.5703302058973998,8.637217280188691e-8,1,1.4064834091720381e-8,-0.5703302058973998,6.08397203559823e-8,-0.8214146769247073]}},{"t":2.280000000000001,"j":false,"c":{"p":[897.2338476996101,128.17210976579165,-583.3072446225232],"r":[-0.8225903515925672,2.5116105510790634e-8,0.5686323406143393,3.483660870898077e-8,1,6.1538902843591196e-9,-0.5686323406143393,2.4914510553262927e-8,-0.8225903515925672]}},{"t":2.320000000000001,"j":false,"c":{"p":[896.6850796019113,128.32616288106698,-582.4879822285466],"r":[-0.8248712032949278,-2.786844544391523e-9,0.5653033634726543,-1.2607653880782348e-9,1,3.0124860621250642e-9,-0.5653033634726543,1.8410585758005957e-9,-0.8248712032949278]}},{"t":2.360000000000001,"j":false,"c":{"p":[896.140570474347,128.4684852536975,-581.6614820873526],"r":[-0.828052213957753,-2.2640890360045623e-8,0.5606458571367985,-2.4783841771471597e-8,1,3.755838454276225e-9,-0.5606458571367985,-1.0764726590838385e-8,-0.828052213957753]}},{"t":2.4000000000000012,"j":false,"c":{"p":[895.5774714755038,128.61744029251653,-580.8016265883386],"r":[-0.8304869304482382,1.6576921815860244e-8,0.5570282014635427,3.128306199214223e-8,1,1.711591568536894e-8,-0.5570282014635427,3.1516364971194014e-8,-0.8304869304482382]}},{"t":2.4400000000000013,"j":false,"c":{"p":[895.0221489526645,128.77004821321606,-579.9529898763911],"r":[-0.8325061416312357,5.070969504514538e-8,0.5540141662880627,7.588134220841375e-8,1,2.246249512176202e-8,-0.5540141662880627,6.073770814213218e-8,-0.8325061416312357]}},{"t":2.4800000000000013,"j":false,"c":{"p":[894.4921564232234,128.9295418669951,-579.1430281301574],"r":[-0.8337394595729654,5.29733934363577e-8,0.5521562871008895,6.61022011387912e-8,1,3.840559571462606e-9,-0.5521562871008895,3.969891920506998e-8,-0.8337394595729654]}},{"t":2.5200000000000014,"j":false,"c":{"p":[893.9789565921732,129.12996742111937,-578.3587484608234],"r":[-0.8345919205339976,6.1672194391394e-8,0.5508677470889475,6.567255235549562e-8,1,-1.2473485501377543e-8,-0.5508677470889475,2.575729434958561e-8,-0.8345919205339976]}},{"t":2.5600000000000014,"j":false,"c":{"p":[893.4705467153591,129.35232751850972,-577.5815369735504],"r":[-0.8352822625390625,7.346113324189341e-8,0.5498212011363842,6.965575985223299e-8,1,-2.7790722731373098e-8,-0.5498212011363842,1.5082907062814256e-8,-0.8352822625390625]}},{"t":2.6000000000000014,"j":false,"c":{"p":[892.9290238772151,129.63477450995603,-576.7501514816208],"r":[-0.8359895844723894,8.977923598568769e-8,0.5487443876275981,7.916569572866098e-8,1,-4.301307649336601e-8,-0.5487443876275981,7.470968061275848e-9,-0.8359895844723894]}},{"t":2.6400000000000015,"j":false,"c":{"p":[892.3952561467532,129.8630169282489,-575.9203326282202],"r":[-0.837377508181529,8.909055584965494e-8,0.5466165398210967,7.912471222794436e-8,1,-4.172424603214618e-8,-0.5466165398210967,8.360362349971613e-9,-0.837377508181529]}},{"t":2.6800000000000015,"j":false,"c":{"p":[891.8708654266551,130.02571843272636,-575.0924080600217],"r":[-0.8395883746745705,6.78382954443392e-8,0.5432178444769065,6.753533073536948e-8,1,-2.0471083426856134e-8,-0.5432178444769065,1.952905818234864e-8,-0.8395883746745705]}},{"t":2.7200000000000015,"j":false,"c":{"p":[891.3606221857108,130.03850777642052,-574.2783935471473],"r":[-0.8417107674796124,1.870400886473858e-8,0.539920565505791,5.3155117058315534e-8,1,4.8484696428215504e-8,-0.539920565505791,6.964072228714836e-8,-0.8417107674796124]}},{"t":2.7600000000000016,"j":false,"c":{"p":[890.8452415424458,129.9924640954652,-573.453418036821],"r":[-0.8436196839519425,-2.1178401622113782e-8,0.5369393542495708,3.51577484672035e-8,1,9.456516564524769e-8,-0.5369393542495708,9.86403021677432e-8,-0.8436196839519425]}},{"t":2.8000000000000016,"j":false,"c":{"p":[890.2989980865126,129.90822409516923,-572.5790420679291],"r":[-0.8449296812510697,-3.05083522656682e-9,0.5348747774911362,8.317712123045237e-9,1,1.867711258633435e-8,-0.5348747774911362,2.0209414684765733e-8,-0.8449296812510697]}},{"t":2.8400000000000016,"j":false,"c":{"p":[889.7655781671305,129.88390851865142,-571.7253035811664],"r":[-0.8458654720027612,2.1489640615375495e-8,0.5333952851059854,-8.21014697042103e-9,1,-5.340320421030531e-8,-0.5333952851059854,-4.957352191831e-8,-0.8458654720027612]}},{"t":2.8800000000000017,"j":false,"c":{"p":[889.2413780910201,129.910507995416,-570.8856684664436],"r":[-0.846614445152132,4.6507455170720057e-8,0.5322061557991135,-1.602060637285021e-8,1,-1.1282437430031091e-7,-0.5322061557991135,-1.040384580193123e-7,-0.846614445152132]}},{"t":2.9200000000000017,"j":false,"c":{"p":[888.7413546992074,130.17231147530916,-570.0734770001235],"r":[-0.8479413890550993,1.9099100587671148e-8,0.5300863088566544,1.5951511631586612e-8,1,-1.02064105014304e-8,-0.5300863088566544,-1.5591052689032927e-10,-0.8479413890550993]}},{"t":2.9600000000000017,"j":false,"c":{"p":[888.2295369805934,130.39436352562913,-569.2363614630432],"r":[-0.8494696779925319,4.603225182120955e-9,0.5276318136707323,3.5002161878157106e-8,1,4.760945241448699e-8,-0.5276318136707323,5.8904203249279544e-8,-0.8494696779925319]}},{"t":3.0000000000000018,"j":false,"c":{"p":[887.7006795565388,130.55898519758262,-568.3632371879235],"r":[-0.8512888576384428,8.76249181236073e-9,0.5246938396401968,3.538468395040043e-8,1,4.069804305492106e-8,-0.5246938396401968,5.3207669144570637e-8,-0.8512888576384428]}},{"t":3.040000000000002,"j":false,"c":{"p":[887.1897386667817,130.59796154363283,-567.4991824480863],"r":[-0.8539264412435318,4.234232231125122e-8,0.520375904273564,6.254961246405021e-8,1,2.1263929587144057e-8,-0.520375904273564,5.0566883097604425e-8,-0.8539264412435318]}},{"t":3.080000000000002,"j":false,"c":{"p":[886.6826617023327,130.59426914232984,-566.6354327355562],"r":[-0.8565517228901939,7.667248185641242e-8,0.51605800866618,9.004566045572781e-8,1,8.675355414522434e-10,-0.51605800866618,4.7205323773918736e-8,-0.8565517228901939]}},{"t":3.120000000000002,"j":false,"c":{"p":[886.1712542949252,130.56436296949033,-565.7634919948154],"r":[-0.8582931580753791,8.356288457229556e-8,0.5131551923081553,9.128370779649763e-8,1,-1.0185375478903227e-8,-0.5131551923081553,3.8091532133760675e-8,-0.8582931580753791]}},{"t":3.160000000000002,"j":false,"c":{"p":[885.6888824927016,130.53204872136342,-564.9412020169312],"r":[-0.8594920185174593,8.995310375209953e-8,0.5111471706771987,9.604597900488141e-8,1,-1.4476465390369083e-8,-0.5111471706771987,3.664449558835222e-8,-0.8594920185174593]}},{"t":3.200000000000002,"j":false,"c":{"p":[885.216342764009,130.4870166990382,-564.1357479820023],"r":[-0.8603935683418679,8.389764073138117e-8,0.5096299718705584,8.969579073709472e-8,1,-1.320836745036491e-8,-0.5096299718705584,3.436698805724567e-8,-0.8603935683418679]}},{"t":3.240000000000002,"j":false,"c":{"p":[884.7020439524107,130.332831546995,-563.2591050205743],"r":[-0.8610007599775292,-3.759319043219267e-8,0.5086030326721408,-3.815705656473008e-8,1,9.26980226811684e-9,-0.5086030326721408,-1.1358296118471166e-8,-0.8610007599775292]}},{"t":3.280000000000002,"j":false,"c":{"p":[884.2120788626075,130.04312387046323,-562.4239363561288],"r":[-0.8614549870383534,-6.588557429268606e-8,0.5078336867853873,-6.854672021438184e-8,1,1.3470122015174542e-8,-0.5078336867853873,-2.3221680909093574e-8,-0.8614549870383534]}},{"t":3.320000000000002,"j":false,"c":{"p":[883.7394481867938,129.65597530020113,-561.6183138659954],"r":[-0.8617940963625398,-2.5544790015039722e-8,0.507258224367822,-2.715830732377411e-8,1,4.219047956920177e-9,-0.507258224367822,-1.0140986815968055e-8,-0.8617940963625398]}},{"t":3.360000000000002,"j":false,"c":{"p":[883.2427487528456,129.36066853472124,-560.7717375945423],"r":[-0.8619959711388137,2.7777670990520057e-8,0.5069150136462731,2.8006227869927575e-8,1,-7.166422301248444e-9,-0.5069150136462731,8.008635372670557e-9,-0.8619959711388137]}},{"t":3.400000000000002,"j":false,"c":{"p":[882.769129151703,129.1532592536745,-559.9645395981827],"r":[-0.8621491108008681,7.214358656182657e-8,0.5066545903332976,7.39704155663811e-8,1,-1.651768085544434e-8,-0.5066545903332976,2.323301202802054e-8,-0.8621491108008681]}},{"t":3.440000000000002,"j":false,"c":{"p":[882.3178509603416,129.03222010945956,-559.1954591791663],"r":[-0.8622544936397093,1.0728079964234025e-7,0.5064752924339128,1.1045343878375971e-7,1,-2.3775790008643693e-8,-0.5064752924339128,3.544123349371597e-8,-0.8622544936397093]}},{"t":3.480000000000002,"j":false,"c":{"p":[881.7964674268925,129.04451118827404,-558.3065119412353],"r":[-0.8623269052208398,-4.452279147719977e-9,0.5063519566212699,-4.321692861633239e-9,1,1.4276614103068185e-9,-0.5063519566212699,-9.489898208222776e-10,-0.8623269052208398]}},{"t":3.5200000000000022,"j":false,"c":{"p":[881.2844055809074,129.06930816292171,-557.4334577171551],"r":[-0.862383232543928,-5.2369132432640646e-8,0.5062560047334815,-5.36481589851229e-8,1,1.205737776822888e-8,-0.5062560047334815,-1.6762478160643863e-8,-0.862383232543928]}},{"t":3.5600000000000023,"j":false,"c":{"p":[880.7820993378839,129.10719317070684,-556.5770363112839],"r":[-0.8624227269023846,-3.3499176898853104e-8,0.5061887114656523,-3.4479387775923553e-8,1,7.4349658532711394e-9,-0.5061887114656523,-1.10414044985346e-8,-0.8624227269023846]}},{"t":3.6000000000000023,"j":false,"c":{"p":[880.289799901833,129.1129320029989,-555.7378742301919],"r":[-0.8624477052727126,1.830007041438286e-8,0.5061461461252993,1.846596956092312e-8,1,-4.689448309926241e-9,-0.5061461461252993,5.300215667386044e-9,-0.8624477052727126]}},{"t":3.6400000000000023,"j":false,"c":{"p":[879.7968849439003,129.12344187681003,-554.8976812233606],"r":[-0.8624684629721613,6.85615109093005e-8,0.5061107733657428,6.987993658554393e-8,1,-1.6384375181630053e-8,-0.5061107733657428,2.1236121173347504e-8,-0.8624684629721613]}},{"t":3.6800000000000024,"j":false,"c":{"p":[879.2765843018751,129.24800545416917,-554.0105411157476],"r":[-0.8624812121608493,3.3257659439876e-8,0.5060890681354145,3.395622394115726e-8,1,-7.846904596895791e-9,-0.5060890681354145,1.0417651481741691e-8,-0.8624812121608493]}},{"t":3.7200000000000024,"j":false,"c":{"p":[878.7681482038868,129.38789984734942,-553.1436698879428],"r":[-0.8624914706720503,-7.457688088722846e-9,0.5060716026502249,-7.528949083303398e-9,1,1.9047344479985034e-9,-0.5060716026502249,-2.1670463222402773e-9,-0.8624914706720503]}},{"t":3.7600000000000025,"j":false,"c":{"p":[878.2775332441889,129.55082189232996,-552.3072435309167],"r":[-0.8624979880611491,-5.6301373236363034e-8,0.5060605054741919,-5.736771363399726e-8,1,1.3480115220254979e-8,-0.5060605054741919,-1.7404707050457632e-8,-0.8624979880611491]}},{"t":3.8000000000000025,"j":false,"c":{"p":[877.7818566264533,129.74444889003325,-551.4748748601012],"r":[-0.8616132152457878,-2.0810898503528848e-8,0.5075613290014586,-1.9212222311542435e-8,1,8.29692918324322e-9,-0.5075613290014586,-2.4841076361629456e-9,-0.8616132152457878]}},{"t":3.8400000000000025,"j":false,"c":{"p":[877.2826123448763,129.95263340056385,-550.6425133550923],"r":[-0.8603222280787615,4.764703396698448e-8,0.5097493858385117,5.358254544262089e-8,1,-3.0491891956126e-9,-0.5097493858385117,2.4694714182042907e-8,-0.8603222280787615]}},{"t":3.8800000000000026,"j":false,"c":{"p":[876.7420317147546,130.21338459750828,-549.7634822435031],"r":[-0.8579628757736347,6.421123390244091e-8,0.5136982803460162,7.897416473193368e-8,1,6.777507099433634e-9,-0.5136982803460162,4.6433780890502155e-8,-0.8579628757736347]}},{"t":3.9200000000000026,"j":true,"c":{"p":[876.2278764694468,130.46286888240815,-548.9276617813716],"r":[-0.8559656721710657,7.957221071040279e-8,0.5170318594411729,1.0508139672997334e-7,1,2.0046434065490224e-8,-0.5170318594411729,7.149358367945535e-8,-0.8559656721710657]}},{"t":3.9600000000000026,"j":false,"c":{"p":[875.7273145750862,131.92566338995263,-548.1142208725214],"r":[-0.854715768471069,1.0041904965226316e-7,0.5190958995509013,1.430129888799547e-7,1,4.201093797898962e-8,-0.5190958995509013,1.1015018914243398e-7,-0.854715768471069]}},{"t":4.000000000000003,"j":false,"c":{"p":[875.2135204789404,133.58585242698388,-547.2787362658746],"r":[-0.8539056840756114,6.804242293650287e-8,0.5204267819863277,1.0078310230628514e-7,1,3.4726464793954394e-8,-0.5204267819863277,8.205027955461338e-8,-0.8539056840756114]}},{"t":4.040000000000003,"j":false,"c":{"p":[874.697341906839,135.10642371656917,-546.4392243600183],"r":[-0.853223795669286,2.4133271623996035e-9,0.5215449585643654,8.944750627214626e-9,1,1.001518306807203e-8,-0.5215449585643654,1.3205771153887592e-8,-0.853223795669286]}},{"t":4.080000000000003,"j":false,"c":{"p":[874.1669236162335,136.199743968262,-545.576553001472],"r":[-0.8528073205276218,-6.810269630753031e-8,0.5222253712540718,-9.058370625249965e-8,1,-1.7457489106709117e-8,-0.5222253712540718,-6.222200081543461e-8,-0.8528073205276218]}},{"t":4.120000000000003,"j":false,"c":{"p":[873.660837132774,137.01202684146241,-544.753454850521],"r":[-0.8524920822428268,-8.203518838682502e-8,0.5227400072261912,-1.1230221165152213e-7,1,-2.6228151146687505e-8,-0.5227400072261912,-8.105398606477391e-8,-0.8524920822428268]}},{"t":4.160000000000003,"j":false,"c":{"p":[873.1780594057793,137.55508878201806,-543.9682660193687],"r":[-0.8522738242286654,-4.176324981336894e-8,0.5230958366980547,-5.94823484568323e-8,1,-1.7083144324988325e-8,-0.5230958366980547,-4.5669800617335016e-8,-0.8522738242286654]}},{"t":4.200000000000003,"j":false,"c":{"p":[872.6129372459637,137.84675267206035,-543.0492406661136],"r":[-0.8521124792467948,1.3823578292415834e-8,0.5233586233379837,1.391546612500614e-8,1,-3.7760979588210995e-9,-0.5233586233379837,4.076505336319873e-9,-0.8521124792467948]}},{"t":4.240000000000003,"j":false,"c":{"p":[872.0600331958665,138.1369058808949,-542.1501677287355],"r":[-0.8519775761610933,5.9317867649006236e-8,0.5235782600608552,7.449918351414577e-8,1,7.934269198613597e-9,-0.5235782600608552,4.576530499791835e-8,-0.8519775761610933]}},{"t":4.280000000000003,"j":false,"c":{"p":[871.6616761581588,138.70453641978742,-541.5027547705132],"r":[-0.8519105521853771,3.690897803370342e-8,0.5236873166660642,4.758401941926234e-8,1,6.930174575624297e-9,-0.5236873166660642,3.082169586330874e-8,-0.8519105521853771]}},{"t":4.320000000000003,"j":false,"c":{"p":[871.2657632420521,139.29773921721497,-540.859287730586],"r":[-0.8518591786911831,-9.428121412528013e-9,0.5237708820205428,-1.0381050710036613e-8,1,1.1215708182515265e-9,-0.5237708820205428,-4.485079719526158e-9,-0.8518591786911831]}},{"t":4.360000000000003,"j":false,"c":{"p":[870.8714831025228,139.90802536464722,-540.2184567309298],"r":[-0.8518182603804145,-7.17502768118159e-8,0.5238374181416553,-8.908877099178182e-8,1,-7.896648195872365e-9,-0.5238374181416553,-5.3395311530647175e-8,-0.8518182603804145]}},{"t":4.400000000000003,"j":false,"c":{"p":[870.443095056889,140.55108168526192,-539.5221554082837],"r":[-0.8517923735113121,-2.4386386535498506e-8,0.5238795151467731,-3.1230483891622986e-8,1,-4.231119109237829e-9,-0.5238795151467731,-1.996351284013705e-8,-0.8517923735113121]}},{"t":4.440000000000003,"j":false,"c":{"p":[870.0084498445946,141.18101843568985,-538.8157251311688],"r":[-0.8517720108632256,3.507388157871467e-8,0.5239126357990683,4.1688175552421874e-8,1,8.292334883316599e-10,-0.5239126357990683,2.2547969368536678e-8,-0.8517720108632256]}},{"t":4.480000000000003,"j":false,"c":{"p":[869.569728223559,141.78380652233957,-538.1027419446827],"r":[-0.8517579371833722,9.461116874674402e-8,0.5239355400231434,1.1470211660930544e-7,1,5.892056544674541e-9,-0.5239355400231434,6.51154089565868e-8,-0.8517579371833722]}},{"t":4.520000000000003,"j":false,"c":{"p":[869.1697400758637,142.41585744986475,-537.4650122860737],"r":[-0.8505027153853842,3.6361352688366256e-8,0.5259656286073168,4.5625295630370335e-8,1,4.825987014842427e-9,-0.5259656286073168,2.7955159832687024e-8,-0.8505027153853842]}},{"t":4.560000000000003,"j":false,"c":{"p":[868.7686023693694,143.05201286242996,-536.8324973011084],"r":[-0.8487302666465631,-1.817770188466914e-8,0.5288162584637085,-1.5629443299862977e-8,1,9.093422418313234e-9,-0.5288162584637085,-4.825383485278031e-10,-0.8487302666465631]}},{"t":4.600000000000003,"j":false,"c":{"p":[868.3375232367032,143.68687990248927,-536.173759983522],"r":[-0.8455405216583453,1.9256291057890275e-8,0.5338906572945841,4.841777471855649e-8,1,4.019700353152701e-8,-0.5338906572945841,5.997647071859024e-8,-0.8455405216583453]}},{"t":4.640000000000003,"j":false,"c":{"p":[867.8534318156651,144.23721521429587,-535.4593692066718],"r":[-0.8408270028458578,5.5295167907574975e-8,0.541239513748603,9.399618267050775e-8,1,4.394101693925992e-8,-0.541239513748603,8.803430993947987e-8,-0.8408270028458578]}},{"t":4.680000000000003,"j":false,"c":{"p":[867.3128687805466,144.6975026658414,-534.6856932948031],"r":[-0.8344902760943684,8.98478901313468e-8,0.5510112479368414,1.1990059527857982e-7,1,1.854010949334999e-8,-0.5510112479368414,8.157663557845752e-8,-0.8344902760943684]}},{"t":4.720000000000003,"j":false,"c":{"p":[866.7417617283289,145.01711017240376,-533.8976797027649],"r":[-0.827944582171608,8.039521239898235e-8,0.5607280402543411,1.1238803581237982e-7,1,2.25770785141963e-8,-0.5607280402543411,8.162204773182557e-8,-0.827944582171608]}},{"t":4.760000000000003,"j":false,"c":{"p":[866.1625206837781,145.29180852200184,-533.1003296923602],"r":[-0.822170315530621,6.76347471529738e-8,0.569226495301321,9.942599903588981e-8,1,2.486869219740122e-8,-0.569226495301321,7.700818256404875e-8,-0.822170315530621]}},{"t":4.800000000000003,"j":false,"c":{"p":[865.5681171138885,145.4781392334236,-532.2821273450555],"r":[-0.8183509060815146,5.3964350068517824e-8,0.5747016528716342,7.846129511003621e-8,1,1.79172199127697e-8,-0.5747016528716342,5.971516968087403e-8,-0.8183509060815146]}},{"t":4.840000000000003,"j":false,"c":{"p":[865.0029302391125,145.42938103121952,-531.5042027028628],"r":[-0.8156617660573352,6.165554310182815e-8,0.5785214337050592,8.690900834121052e-8,1,1.589873211115663e-8,-0.5785214337050592,6.329359552999027e-8,-0.8156617660573352]}},{"t":4.8800000000000034,"j":false,"c":{"p":[864.4531755431361,145.2564495050051,-530.7475526348309],"r":[-0.8135696312655839,8.06298698659408e-8,0.5814668490537895,1.1089228022224773e-7,1,1.648583328054335e-8,-0.5814668490537895,7.78962584828241e-8,-0.8135696312655839]}},{"t":4.9200000000000035,"j":false,"c":{"p":[863.9350623169526,144.7631260514153,-530.0345073165565],"r":[-0.812373238651402,2.6725493006458035e-8,0.5831358990641841,3.683497708662431e-8,1,5.5866863205930236e-9,-0.5831358990641841,2.595651125768728e-8,-0.812373238651402]}},{"t":4.9600000000000035,"j":true,"c":{"p":[863.4423337646178,145.23366270602546,-529.3564547407135],"r":[-0.8113678582575516,-3.069858408480604e-8,0.5845358869166782,-4.181124069227267e-8,1,-5.5162819285876276e-9,-0.5845358869166782,-2.8917224753916073e-8,-0.8113678582575516]}},{"t":5.0000000000000036,"j":false,"c":{"p":[862.8222336372446,147.18341949002527,-528.5029480788305],"r":[-0.8106404113691489,-1.0228281054255106e-7,0.5855440703001107,-1.3934357758986597e-7,1,-1.820801387823808e-8,-0.5855440703001107,-9.636594655966619e-8,-0.8106404113691489]}},{"t":5.040000000000004,"j":false,"c":{"p":[862.198167064872,148.714093175379,-527.6437391470961],"r":[-0.8101720107751021,-6.8228917612723e-8,0.5861918918769548,-9.280913780264124e-8,1,-1.1927881136328884e-8,-0.5861918918769548,-6.403639806761165e-8,-0.8101720107751021]}},{"t":5.080000000000004,"j":false,"c":{"p":[861.5757512327323,150.07729687064347,-526.786753838836],"r":[-0.809783647808629,-3.5104748123521967e-9,0.5867285456427075,-4.455964342623646e-9,1,-1.7260632055287453e-10,-0.5867285456427075,-2.7506501663289426e-9,-0.809783647808629]}},{"t":5.120000000000004,"j":false,"c":{"p":[861.0027703791046,150.87495705600773,-525.9978340393745],"r":[-0.8095760056241276,5.658869325823216e-8,0.5870149973899813,7.768228249531581e-8,1,1.0715264717265936e-8,-0.5870149973899813,5.428708399117793e-8,-0.8095760056241276]}},{"t":5.160000000000004,"j":false,"c":{"p":[860.4333031817299,151.43485917005268,-525.2137520856613],"r":[-0.80941276824175,7.716355648357923e-8,0.5872401271445306,1.0571956195325186e-7,1,1.4319487093513874e-8,-0.5872401271445306,7.367131562565211e-8,-0.80941276824175]}},{"t":5.200000000000004,"j":false,"c":{"p":[859.8672138767529,151.76618992601905,-524.4343210485993],"r":[-0.8092922199082461,5.974129100807577e-8,0.5874063043214477,8.174627655931252e-8,1,1.0921493069266768e-8,-0.5874063043214477,5.68569351148231e-8,-0.8092922199082461]}},{"t":5.240000000000004,"j":false,"c":{"p":[859.279689153084,151.62167833678842,-523.6253762396392],"r":[-0.8092192903350066,-2.2522931725706314e-9,0.5875067355794175,-3.257088674637988e-9,1,-6.442238312817184e-10,-0.5875067355794175,-2.4400222376760895e-9,-0.8092192903350066]}},{"t":5.280000000000004,"j":false,"c":{"p":[858.681374092081,151.28522870162726,-522.8015745454767],"r":[-0.8091566158641356,-5.058426727396433e-8,0.5875930485464808,-6.951091534269234e-8,1,-9.633095070151214e-9,-0.5875930485464808,-4.863945283836402e-8,-0.8091566158641356]}},{"t":5.320000000000004,"j":false,"c":{"p":[858.0612298198178,150.56128454941327,-521.947716878482],"r":[-0.8091144565395372,-7.066967619458795e-8,0.5876511197307422,-9.699963730636066e-8,1,-1.3296145257358102e-8,-0.5876511197307422,-6.776071797842491e-8,-0.8091144565395372]}},{"t":5.360000000000004,"j":false,"c":{"p":[857.4826391605264,149.56355039393443,-521.1510731093083],"r":[-0.8090859869565372,-4.0988110167117e-8,0.5876903157536677,-5.6195524927297296e-8,1,-7.623347064988697e-9,-0.5876903157536677,-3.9192191210456065e-8,-0.8090859869565372]}},{"t":5.400000000000004,"j":false,"c":{"p":[856.926342641102,148.41886478343557,-520.3851254617641],"r":[-0.8090648640393633,1.5397743798615532e-8,0.587719382334048,2.125359907336919e-8,1,3.0589371451730824e-9,-0.587719382334048,1.4966030272465614e-8,-0.8090648640393633]}},{"t":5.440000000000004,"j":false,"c":{"p":[856.3223571849521,146.86073720566418,-519.5535512830071],"r":[-0.809051628032698,5.852683690079858e-8,0.5877376212360897,8.047713317811867e-8,1,1.1200304752868186e-8,-0.5877376212360897,5.6361560907104746e-8,-0.809051628032698]}},{"t":5.480000000000004,"j":false,"c":{"p":[855.7805265637078,146.0563675266807,-518.807650532437],"r":[-0.8090412719958725,4.562544583397608e-8,0.5877518855906032,6.26846024904295e-8,1,8.65917053120346e-9,-0.5877518855906032,4.3848142256944065e-8,-0.8090412719958725]}},{"t":5.520000000000004,"j":false,"c":{"p":[855.3041692957569,146.04599975084884,-518.1519974132873],"r":[-0.8090339496938012,-2.6297961633916128e-8,0.5877619631919077,-3.623596959726032e-8,1,-5.134816624502288e-9,-0.5877619631919077,-2.545248671348686e-8,-0.8090339496938012]}},{"t":5.560000000000004,"j":false,"c":{"p":[854.8624111941273,146.33564120066993,-517.5437388031293],"r":[-0.8090294692796011,-3.259078460656173e-8,0.587768078327041,-4.484971638872176e-8,1,-6.284726681107183e-9,-0.587768078327041,-3.144575942654193e-8,-0.8090294692796011]}},{"t":5.600000000000004,"j":false,"c":{"p":[854.4081300820422,146.75091853447267,-516.9182367086149],"r":[-0.8090257634065806,-1.6689045695436522e-8,0.587773149027005,-2.2922473133553343e-8,1,-3.157543378398906e-9,-0.587773149027005,-1.6027656132410145e-8,-0.8090257634065806]}},{"t":5.640000000000004,"j":false,"c":{"p":[853.9166130147216,147.38717249477122,-516.2415209372293],"r":[-0.8090231858563274,3.527144715262895e-8,0.5877767289579122,4.862477365532146e-8,1,6.919321602263605e-9,-0.5877767289579122,3.417850751421135e-8,-0.8090231858563274]}},{"t":5.680000000000004,"j":false,"c":{"p":[853.4048611768928,147.93394440223045,-515.5371299985904],"r":[-0.8090214265173649,4.080917936801337e-8,0.5877791416556483,5.6226549347781984e-8,1,7.961040845616292e-9,-0.5877791416556483,3.94894128474635e-8,-0.8090214265173649]}},{"t":5.720000000000004,"j":false,"c":{"p":[852.8815316007847,148.42951732089642,-514.8169041463227],"r":[-0.8090201353347463,1.978517852111065e-8,0.5877808864970248,2.724061438588239e-8,1,3.8331164490270745e-9,-0.5877808864970248,1.9112576848015966e-8,-0.8090201353347463]}},{"t":5.760000000000004,"j":false,"c":{"p":[852.3102287422341,148.72683211555838,-514.0306382069167],"r":[-0.8090193804071589,-2.403368522124967e-8,0.5877819388754425,-3.313019108063811e-8,1,-4.711344833442494e-9,-0.5877819388754425,-2.3284936597461187e-8,-0.8090193804071589]}},{"t":5.800000000000004,"j":false,"c":{"p":[851.7434483979509,148.9875024271297,-513.2505899570864],"r":[-0.8090187453760673,-4.686248977122933e-8,0.5877828209222729,-6.457382597371208e-8,1,-9.151264035477783e-9,-0.5877828209