{"v":1,"d":[{"t":0.06512451171875,"j":false,"c":{"p":[923.6737060546875,101.41950988769531,279.44488525390625],"r":[-0.9983922243118286,9.53440171258535e-9,0.056682709604501724,6.924250950390842e-9,1,-4.624484617465896e-8,-0.056682709604501724,-4.577800893912354e-8,-0.9983922243118286]}},{"t":0.13149237632751465,"j":false,"c":{"p":[923.3297119140625,101.41950988769531,280.2239685058594],"r":[-0.981808602809906,0.000004202172021905426,0.18987338244915009,0.0000013246283288026461,1,-0.000015281979358405806,-0.18987338244915009,-0.0000147524679050548,-0.981808602809906]}},{"t":0.19266533851623535,"j":false,"c":{"p":[922.681396484375,101.41950988769531,281.6455383300781],"r":[-0.9580641388893127,0.0000018597849020807189,0.2865537703037262,5.126333917360171e-7,1,-0.000004776239165948937,-0.2865537703037262,-0.000004429046384757385,-0.9580641388893127]}},{"t":0.25385403633117676,"j":false,"c":{"p":[922.0765380859375,101.21218872070312,282.97265625],"r":[-0.9408348202705383,7.774083883305138e-7,0.33886557817459106,1.9771344739183405e-7,1,-0.0000017452131260142778,-0.33886557817459106,-0.0000015749590147606796,-0.9408348202705383]}},{"t":0.32192373275756836,"j":false,"c":{"p":[921.2989501953125,100.97118377685547,284.5634460449219],"r":[-0.9224767088890076,5.921106662754028e-7,0.38605281710624695,1.3722140579375264e-7,1,-0.0000012058637821610318,-0.38605281710624695,-0.0000010594064860924846,-0.9224767088890076]}},{"t":0.38922739028930664,"j":false,"c":{"p":[920.3390502929688,100.99232482910156,285.9163513183594],"r":[-0.8805791139602661,0.000005966477147012483,0.47389912605285645,0.0000010517313739910605,1,-0.000010635899343469646,-0.47389912605285645,-0.000008867335964168888,-0.8805791139602661]}},{"t":0.450930118560791,"j":false,"c":{"p":[919.1260986328125,100.99418640136719,286.8971862792969],"r":[-0.7900410294532776,0.000013856385521648917,0.6130539774894714,0.0000017178227835756843,1,-0.000020388473785715178,-0.6130539774894714,-0.000015054612049425486,-0.7900410294532776]}},{"t":0.517554759979248,"j":false,"c":{"p":[917.73193359375,100.994384765625,287.8113098144531],"r":[-0.6929833889007568,0.000007172152891143924,0.7209535241127014,9.052833433997876e-7,1,-0.00000907798676053062,-0.7209535241127014,-0.000005638227321469458,-0.6929833889007568]}},{"t":0.580451488494873,"j":false,"c":{"p":[916.4119262695312,100.994384765625,288.6473693847656],"r":[-0.6295403242111206,0.000003464254177742987,0.7769678235054016,4.4085510353397694e-7,1,-0.000004101480499230092,-0.7769678235054016,-0.0000022395172436517896,-0.6295403242111206]}},{"t":0.6435253620147705,"j":false,"c":{"p":[915.058837890625,100.994384765625,289.42877197265625],"r":[-0.5769515037536621,0.000002265731836814666,0.8167783617973328,2.8436178922675026e-7,1,-0.000002573120127635775,-0.8167783617973328,-0.0000012523049690571497,-0.5769515037536621]}},{"t":0.7070393562316895,"j":false,"c":{"p":[913.6724243164062,100.994384765625,290.1493835449219],"r":[-0.5295324325561523,0.000001824155219765089,0.8482897281646729,2.24253255964868e-7,1,-0.0000020104050690861186,-0.8482897281646729,-8.743428452362423e-7,-0.5295324325561523]}},{"t":0.7701022624969482,"j":false,"c":{"p":[912.2379150390625,100.994384765625,290.76629638671875],"r":[-0.4743894934654236,0.0000032673115129000507,0.8803150653839111,3.8025791582185775e-7,1,-0.000003506609346004552,-0.8803150653839111,-0.0000013287518640936469,-0.4743894934654236]}},{"t":0.835054874420166,"j":false,"c":{"p":[910.6748046875,100.994384765625,291.34503173828125],"r":[-0.4192354679107666,0.0000015071592542881262,0.9078775644302368,1.7975683874738024e-7,1,-0.0000015770835943840211,-0.9078775644302368,-4.979721666131809e-7,-0.4192354679107666]}},{"t":0.9018700122833252,"j":false,"c":{"p":[909.1117553710938,100.994384765625,291.9234924316406],"r":[-0.38757622241973877,4.726634585949796e-7,0.9218376874923706,5.768749744561319e-8,1,-4.884863642473647e-7,-0.9218376874923706,-1.361471930749758e-7,-0.38757622241973877]}},{"t":0.965261697769165,"j":false,"c":{"p":[907.625732421875,100.994384765625,292.40325927734375],"r":[-0.35399895906448364,0.00000154370786731306,0.9352458119392395,1.8043604654849332e-7,1,-0.0000015822938621568028,-0.9352458119392395,-3.913783359621448e-7,-0.35399895906448364]}},{"t":1.0291876792907715,"j":false,"c":{"p":[906.1097412109375,100.994384765625,292.78125],"r":[-0.307644248008728,0.000001266084495910036,0.9515014290809631,1.4627069333528198e-7,1,-0.0000012833245364163304,-0.9515014290809631,-2.55630624224068e-7,-0.307644248008728]}},{"t":1.090282678604126,"j":false,"c":{"p":[904.5911254882812,100.994384765625,293.1495056152344],"r":[-0.27752885222435,5.328881798050134e-7,0.9607173204421997,6.307411837269683e-8,1,-5.36456752797676e-7,-0.9607173204421997,-8.82858302020395e-8,-0.27752885222435]}},{"t":1.1525490283966064,"j":false,"c":{"p":[903.072021484375,100.994384765625,293.51458740234375],"r":[-0.25911492109298706,1.7640539340391115e-7,0.9658464789390564,2.130643395048537e-8,1,-1.769272586216175e-7,-0.9658464789390564,-2.526575038075407e-8,-0.25911492109298706]}},{"t":1.2241013050079346,"j":false,"c":{"p":[901.3500366210938,100.994384765625,293.9284973144531],"r":[-0.24734045565128326,1.2886465583505924e-7,0.9689286351203918,1.576721686546989e-8,1,-1.289721325292703e-7,-0.9689286351203918,-1.662271742475241e-8,-0.24734045565128326]}},{"t":1.2906293869018555,"j":false,"c":{"p":[899.7291870117188,100.994384765625,294.31805419921875],"r":[-0.24129101634025574,1.2390376014081994e-7,0.9704527854919434,1.5287181298617725e-8,1,-1.2387526737711596e-7,-0.9704527854919434,-1.5054501645295204e-8,-0.24129101634025574]}},{"t":1.3511955738067627,"j":false,"c":{"p":[898.3112182617188,100.994384765625,294.6589660644531],"r":[-0.23827946186065674,1.089962609057693e-7,0.9711966514587402,1.3631564321769929e-8,1,-1.0888437174116916e-7,-0.9711966514587402,-1.2705980267924133e-8,-0.23827946186065674]}},{"t":1.4162578582763672,"j":false,"c":{"p":[896.6912231445312,100.994384765625,295.0484924316406],"r":[-0.23628215491771698,1.3671453302777081e-8,0.9716845154762268,1.8386063782571682e-9,1,-1.3622758920917022e-8,-0.9716845154762268,-1.4322695252033668e-9,-0.23628215491771698]}},{"t":1.4763195514678955,"j":false,"c":{"p":[895.17236328125,100.99380493164062,295.4138488769531],"r":[-0.23522251844406128,-5.3387108067681766e-8,0.9719415307044983,-6.2431833036669104e-9,1,5.3417377188225146e-8,-0.9719415307044983,6.496961191260198e-9,-0.23522251844406128]}},{"t":1.543299674987793,"j":false,"c":{"p":[893.5523071289062,100.99230194091797,295.8035888671875],"r":[-0.23458151519298553,-1.0607085698666197e-7,0.9720964431762695,-1.2455648068510072e-8,1,1.0610983025571841e-7,-0.9720964431762695,1.2783313962927423e-8,-0.23458151519298553]}},{"t":1.6097211837768555,"j":false,"c":{"p":[891.9321899414062,100.98700714111328,296.19329833984375],"r":[-0.23422729969024658,-3.137229853678036e-8,0.9721818566322327,-3.676909443584009e-9,1,3.1384111309762375e-8,-0.9721818566322327,3.776391643839361e-9,-0.23422729969024658]}},{"t":1.6767847537994385,"j":false,"c":{"p":[890.3120727539062,100.95030975341797,296.5829772949219],"r":[-0.23402716219425201,7.40045393854416e-8,0.972230076789856,8.667899287218006e-9,1,-7.403188106991365e-8,-0.972230076789856,-8.898278558433503e-9,-0.23402716219425201]}},{"t":1.7385189533233643,"j":false,"c":{"p":[888.793212890625,100.90796661376953,296.94830322265625],"r":[-0.2339235544204712,2.0963851099509156e-8,0.9722549915313721,2.4580255608697144e-9,1,-2.0970691849697687e-8,-0.9722549915313721,-2.515711194917003e-9,-0.2339235544204712]}},{"t":1.807485580444336,"j":false,"c":{"p":[887.1739501953125,100.84341430664062,297.337646484375],"r":[-0.23386147618293762,-3.5248973517809645e-8,0.9722699522972107,-4.111918361360267e-9,1,3.5265262710026946e-8,-0.9722699522972107,4.249292029356866e-9,-0.23386147618293762]}},{"t":1.8677775859832764,"j":false,"c":{"p":[885.6569213867188,100.75472259521484,297.7024841308594],"r":[-0.23382872343063354,-8.772082082941779e-8,0.972277820110321,-1.0240007952688757e-8,1,8.77592967185592e-8,-0.972277820110321,1.0564511931931975e-8,-0.23382872343063354]}},{"t":1.9279303550720215,"j":false,"c":{"p":[884.2410278320312,100.67626953125,298.04302978515625],"r":[-0.23381082713603973,-1.1890811180137462e-7,0.9722821116447449,-1.388204395880166e-8,1,1.189596474659993e-7,-0.9722821116447449,1.4316791308033316e-8,-0.23381082713603973]}},{"t":1.988938331604004,"j":false,"c":{"p":[882.7232666015625,100.60971069335938,298.4078674316406],"r":[-0.23379956185817719,9.280987711690614e-8,0.9722847938537598,1.0833079322480899e-8,1,-9.285047042340011e-8,-0.9722847938537598,-1.1175560921117267e-8,-0.23379956185817719]}},{"t":2.0503573417663574,"j":false,"c":{"p":[881.3065185546875,100.55247497558594,298.7483825683594],"r":[-0.23379342257976532,4.4906556695423205e-8,0.9722862839698792,5.242295042506839e-9,1,-4.492601135552832e-8,-0.9722862839698792,-5.406393555063005e-9,-0.23379342257976532]}},{"t":2.118680953979492,"j":false,"c":{"p":[879.5859375,100.48670196533203,299.1620788574219],"r":[-0.23378920555114746,-3.5902115058661366e-8,0.9722872972488403,-4.188465130283703e-9,1,3.5918287011327266e-8,-0.9722872972488403,4.324916424991443e-9,-0.23378920555114746]}},{"t":2.180593490600586,"j":false,"c":{"p":[878.0670776367188,100.4984359741211,299.5273742675781],"r":[-0.23378713428974152,-1.0696023622358553e-7,0.9722878336906433,-1.2481002897857252e-8,1,1.0700775732175316e-7,-0.9722878336906433,1.2881910649298334e-8,-0.23378713428974152]}},{"t":2.240705728530884,"j":false,"c":{"p":[876.6494750976562,100.51776885986328,299.8683166503906],"r":[-0.23378600180149078,-5.82059067610885e-10,0.9722880721092224,-6.820397718820814e-11,1,5.822491933038521e-10,-0.9722880721092224,6.980778455289993e-11,-0.23378600180149078]}},{"t":2.300907611846924,"j":false,"c":{"p":[875.1309204101562,100.53812408447266,300.2334899902344],"r":[-0.23378527164459229,6.587529099988387e-8,0.9722882509231567,7.686738356937894e-9,1,-6.590457246602455e-8,-0.9722882509231567,-7.933792289804842e-9,-0.23378527164459229]}},{"t":2.3624088764190674,"j":false,"c":{"p":[873.7141723632812,100.59190368652344,300.5740051269531],"r":[-0.23378491401672363,-1.1361402929566111e-9,0.9722883105278015,-1.3212261840145345e-10,1,1.1367533581108091e-9,-0.9722883105278015,1.372944952171551e-10,-0.23378491401672363]}},{"t":2.4232184886932373,"j":false,"c":{"p":[872.1962280273438,100.6594009399414,300.9388427734375],"r":[-0.23378467559814453,-7.271196977853833e-8,0.9722883701324463,-8.48354364535453e-9,1,7.27445197412635e-8,-0.9722883701324463,8.758101799344331e-9,-0.23378467559814453]}},{"t":2.4837758541107178,"j":false,"c":{"p":[870.67919921875,100.73539733886719,301.3036804199219],"r":[-0.23378467559814453,-9.080380181103465e-8,0.9722883701324463,-1.0594645161177141e-8,1,9.08443809066739e-8,-0.9722883701324463,1.0936973104946901e-8,-0.23378467559814453]}},{"t":2.5446994304656982,"j":false,"c":{"p":[869.2633056640625,100.817626953125,301.6441955566406],"r":[-0.23378467559814453,9.088290653380682e-8,0.9722883701324463,1.0603719680091217e-8,1,-9.092355668371965e-8,-0.9722883701324463,-1.094666046697057e-8,-0.23378467559814453]}},{"t":2.607532262802124,"j":false,"c":{"p":[867.7486572265625,100.91877746582031,302.00848388671875],"r":[-0.23378467559814453,3.304165119288882e-8,0.9722883701324463,3.855205932268291e-9,1,-3.305640916551056e-8,-0.9722883701324463,-3.9797103390526445e-9,-0.23378467559814453]}},{"t":2.6685407161712646,"j":false,"c":{"p":[866.2489013671875,101.09907531738281,302.369140625],"r":[-0.23378467559814453,-4.257845986899156e-8,0.9722883701324463,-4.967669386957141e-9,1,4.2597541494160396e-8,-0.9722883701324463,5.128644620100431e-9,-0.23378467559814453]}},{"t":2.7314441204071045,"j":false,"c":{"p":[864.7861938476562,101.45032501220703,302.7208557128906],"r":[-0.23378467559814453,-1.1795624743626831e-7,0.9722883701324463,-1.3762280204332455e-8,1,1.1800905497239e-7,-0.9722883701324463,1.4207802934151914e-8,-0.23378467559814453]}},{"t":2.7923054695129395,"j":false,"c":{"p":[863.4150390625,101.83708953857422,303.050537109375],"r":[-0.23378467559814453,2.338738447349442e-8,0.9722883701324463,2.72866151895812e-9,1,-2.3397857873419525e-8,-0.9722883701324463,-2.8170143995254193e-9,-0.23378467559814453]}},{"t":2.863136053085327,"j":false,"c":{"p":[861.8129272460938,102.14793395996094,303.43572998046875],"r":[-0.23378467559814453,5.212541864807463e-8,0.9722883701324463,6.081626757747927e-9,1,-5.214875287151699e-8,-0.9722883701324463,-6.278483954957892e-9,-0.23378467559814453]}},{"t":2.9296324253082275,"j":false,"c":{"p":[860.006591796875,102.4182357788086,303.87005615234375],"r":[-0.23378467559814453,-3.1870232675146326e-8,0.9722883701324463,-3.7183858214717702e-9,1,3.188450392599407e-8,-0.9722883701324463,3.838764417452012e-9,-0.23378467559814453]}},{"t":3.000277042388916,"j":false,"c":{"p":[858.287353515625,102.56478118896484,304.2834777832031],"r":[-0.23378467559814453,-1.109029739154721e-7,0.9722883701324463,-1.2939377569409771e-8,1,1.1095261953641966e-7,-0.9722883701324463,1.335821497860934e-8,-0.23378467559814453]}},{"t":3.068514347076416,"j":false,"c":{"p":[856.667236328125,102.60186004638672,304.6731262207031],"r":[-0.23378467559814453,2.670318899333779e-8,0.9722883701324463,3.1155515944902845e-9,1,-2.6715140322153275e-8,-0.9722883701324463,-3.2163758323378033e-9,-0.23378467559814453]}},{"t":3.139545440673828,"j":false,"c":{"p":[854.9489135742188,102.52449035644531,305.0863952636719],"r":[-0.23378467559814453,4.808615727824872e-8,0.9722883701324463,5.610366837771608e-9,1,-4.8107679617714894e-8,-0.9722883701324463,-5.791943369359842e-9,-0.23378467559814453]}},{"t":3.2103824615478516,"j":false,"c":{"p":[853.236083984375,102.34626770019531,305.498291015625],"r":[-0.23378467559814453,-3.904330370119169e-8,0.9722883701324463,-4.555331223343728e-9,1,3.906077594706403e-8,-0.9722883701324463,4.702714662130347e-9,-0.23378467559814453]}},{"t":3.2792961597442627,"j":false,"c":{"p":[851.625244140625,102.1671142578125,305.88568115234375],"r":[-0.23378467559814453,-1.2075851429926843e-7,0.9722883701324463,-1.408934302560283e-8,1,1.2081255817975034e-7,-0.9722883701324463,1.4545219251260733e-8,-0.23378467559814453]}},{"t":3.3400659561157227,"j":false,"c":{"p":[850.1213989257812,101.94661712646484,306.2474060058594],"r":[-0.23378467559814453,4.64168650182728e-8,0.9722883701324463,5.415639936501293e-9,1,-4.643763418243907e-8,-0.9722883701324463,-5.5908428997497595e-9,-0.23378467559814453]}},{"t":3.4002785682678223,"j":false,"c":{"p":[848.62109375,101.70096588134766,306.608154296875],"r":[-0.23378467559814453,4.842425838091913e-8,0.9722883701324463,5.649842815813599e-9,1,-4.844592638164613e-8,-0.9722883701324463,-5.832638372282872e-9,-0.23378467559814453]}},{"t":3.469125509262085,"j":false,"c":{"p":[847.0296020507812,101.38208770751953,306.9908142089844],"r":[-0.23378467559814453,-4.6341984472064723e-8,0.9722883701324463,-5.406925573936405e-9,1,4.6362711003666845e-8,-0.9722883701324463,5.581799911169583e-9,-0.23378467559814453]}},{"t":3.5306241512298584,"j":false,"c":{"p":[845.5375366210938,101.07952117919922,307.349609375],"r":[-0.23378467559814453,-1.0006039019572199e-7,0.9722883701324463,-1.1674474720280159e-8,1,1.0010515438807488e-7,-0.9722883701324463,1.2052093545378284e-8,-0.23378467559814453]}},{"t":3.5911197662353516,"j":false,"c":{"p":[844.1642456054688,100.69942474365234,307.6798095703125],"r":[-0.23378467559814453,6.094840898640541e-8,0.9722883701324463,7.1111361243936244e-9,1,-6.097566540574917e-8,-0.9722883701324463,-7.341101060376332e-9,-0.23378467559814453]}},{"t":3.6539976596832275,"j":false,"c":{"p":[842.6814575195312,100.35994720458984,308.036376953125],"r":[-0.23378467559814453,3.768526468661548e-8,0.9722883701324463,4.396901509551299e-9,1,-3.770212231302139e-8,-0.9722883701324463,-4.539121967184201e-9,-0.23378467559814453]}},{"t":3.714522361755371,"j":false,"c":{"p":[841.1953735351562,100.03604125976562,308.3937072753906],"r":[-0.23378467559814453,-5.6385225377653114e-8,0.9722883701324463,-6.578775746390875e-9,1,5.6410431881204204e-8,-0.9722883701324463,6.7914269763491575e-9,-0.23378467559814453]}},{"t":3.7837636470794678,"j":false,"c":{"p":[839.6034545898438,99.7403564453125,308.7764892578125],"r":[-0.23378467559814453,-6.735448465633453e-8,0.9722883701324463,-7.858603545685128e-9,1,6.738459745747605e-8,-0.9722883701324463,8.112656324499312e-9,-0.23378467559814453]}},{"t":3.8472025394439697,"j":false,"c":{"p":[838.0936889648438,99.56653594970703,309.1394958496094],"r":[-0.23378467559814453,1.0574734687907039e-7,0.9722883701324463,1.2338145616297425e-8,1,-1.0579461218185315e-7,-0.9722883701324463,-1.2736923515888066e-8,-0.23378467559814453]}},{"t":3.9098432064056396,"j":false,"c":{"p":[836.585693359375,99.37898254394531,309.5020446777344],"r":[-0.23378467559814453,1.3904337237136133e-8,0.9722883701324463,1.622285528135592e-9,1,-1.3910555374252453e-8,-0.9722883701324463,-1.67474534240597e-9,-0.23378467559814453]}},{"t":3.9710452556610107,"j":false,"c":{"p":[835.0701904296875,99.297119140625,309.866455078125],"r":[-0.23378467559814453,-7.764439402535572e-8,0.9722883701324463,-9.059251127041534e-9,1,7.767908982714289e-8,-0.9722883701324463,9.351976970606302e-9,-0.23378467559814453]}},{"t":4.041367530822754,"j":false,"c":{"p":[833.3488159179688,99.29241180419922,310.28045654296875],"r":[-0.23378467559814453,-2.0173203552076302e-8,0.9722883701324463,-2.3537218840630203e-9,1,2.0182222115749937e-8,-0.9722883701324463,2.429797474334805e-9,-0.23378467559814453]}},{"t":4.102578639984131,"j":false,"c":{"p":[831.8299560546875,99.2672348022461,310.645751953125],"r":[-0.23378467559814453,8.361654835198351e-8,0.9722883701324463,9.756075058930946e-9,1,-8.365391579445713e-8,-0.9722883701324463,-1.0071284251012003e-8,-0.23378467559814453]}},{"t":4.163238763809204,"j":false,"c":{"p":[830.412353515625,99.27473449707031,310.9866943359375],"r":[-0.23378467559814453,-6.177955924613343e-9,0.9722883701324463,-7.208439400940847e-10,1,6.180711054071253e-9,-0.9722883701324463,7.440873472930321e-10,-0.23378467559814453]}},{"t":4.227251052856445,"j":false,"c":{"p":[828.792236328125,99.30010986328125,311.3763427734375],"r":[-0.23378467559814453,-1.0847144693570954e-7,0.9722883701324463,-1.2656126813226365e-8,1,1.0851989884486102e-7,-0.9722883701324463,1.3064883397362337e-8,-0.23378467559814453]}},{"t":4.2924888134002686,"j":false,"c":{"p":[827.2733764648438,99.32730102539062,311.74163818359375],"r":[-0.23378467559814453,2.1748320477854577e-8,0.9722883701324463,2.5375443968300715e-9,1,-2.1758031820695578e-8,-0.9722883701324463,-2.6194693081293963e-9,-0.23378467559814453]}},{"t":4.360702753067017,"j":false,"c":{"p":[825.552001953125,99.35765075683594,312.1556396484375],"r":[-0.23378467559814453,4.733275815738125e-8,0.9722883701324463,5.522651225220443e-9,1,-4.735390035648379e-8,-0.9722883701324463,-5.701005889591215e-9,-0.23378467559814453]}},{"t":4.42725944519043,"j":false,"c":{"p":[823.931884765625,99.3841781616211,312.5452880859375],"r":[-0.23378467559814453,-6.296202315070332e-8,0.9722883701324463,-7.346285801901331e-9,1,6.299013222132999e-8,-0.9722883701324463,7.583419225909438e-9,-0.23378467559814453]}},{"t":4.495254039764404,"j":false,"c":{"p":[822.311767578125,99.40445709228516,312.9349365234375],"r":[-0.23378467559814453,-4.672767772717634e-8,0.9722883701324463,-5.4520779002587005e-9,1,4.674854281461194e-8,-0.9722883701324463,5.62810109627776e-9,-0.23378467559814453]}},{"t":4.56129002571106,"j":false,"c":{"p":[820.691650390625,99.42245483398438,313.3245849609375],"r":[-0.23378467559814453,9.558112878949032e-8,0.9722883701324463,1.1152247125778558e-8,1,-9.562378977534536e-8,-0.9722883701324463,-1.1512176989469936e-8,-0.23378467559814453]}},{"t":4.630957365036011,"j":false,"c":{"p":[818.9702758789062,99.43782806396484,313.73858642578125],"r":[-0.23378467559814453,-1.9441326770675005e-8,0.9722883701324463,-2.2684145672968725e-9,1,1.9449997168408117e-8,-0.9722883701324463,2.3415578365160172e-9,-0.23378467559814453]}},{"t":4.699584245681763,"j":false,"c":{"p":[817.2489013671875,99.44159698486328,314.152587890625],"r":[-0.23378467559814453,-9.913043896858653e-8,0.9722883701324463,-1.1566441138199934e-8,1,9.91746702538876e-8,-0.9722883701324463,1.1939602195809584e-8,-0.23378467559814453]}},{"t":4.76050066947937,"j":false,"c":{"p":[815.85400390625,99.44371032714844,314.5708312988281],"r":[-0.25508731603622437,0.0000013393691915553063,0.9669180512428284,1.7576969923993602e-7,1,-0.0000013388234947342426,-0.9669180512428284,-1.7156200726731186e-7,-0.25508731603622437]}},{"t":4.824122905731201,"j":false,"c":{"p":[814.4337768554688,99.42545318603516,315.21929931640625],"r":[-0.32375627756118774,0.000004302433353586821,0.9461405277252197,6.129900498308416e-7,1,-0.000004337594418757362,-0.9461405277252197,-8.243487741310673e-7,-0.32375627756118774]}},{"t":4.893921613693237,"j":false,"c":{"p":[812.8560791015625,99.39213562011719,316.0228576660156],"r":[-0.3850323557853699,0.0000016021330111470888,0.9229030609130859,2.190699603943358e-7,1,-0.0000016445757182736997,-0.9229030609130859,-4.310344934310706e-7,-0.3850323557853699]}},{"t":4.9624245166778564,"j":false,"c":{"p":[811.4134521484375,99.3479232788086,316.8562927246094],"r":[-0.4366048574447632,0.0000015367888863693224,0.8996533751487732,2.158691216891384e-7,1,-0.0000016034391592256725,-0.8996533751487732,-5.058619194642233e-7,-0.4366048574447632]}},{"t":5.022731781005859,"j":false,"c":{"p":[810.0656127929688,99.29525756835938,317.64495849609375],"r":[-0.4658927917480469,4.865199798587128e-7,0.8848411440849304,6.637862526304161e-8,1,-5.148885975359008e-7,-0.8848411440849304,-1.811483514302381e-7,-0.4658927917480469]}},{"t":5.089269161224365,"j":false,"c":{"p":[808.6277465820312,99.24042510986328,318.486083984375],"r":[-0.48331418633461,1.4705150874760875e-7,0.8754469752311707,1.9855091792919666e-8,1,-1.5701151312441652e-7,-0.8754469752311707,-5.850381157301854e-8,-0.48331418633461]}},{"t":5.156948089599609,"j":false,"c":{"p":[807.19091796875,99.17387390136719,319.32781982421875],"r":[-0.4932025372982025,1.220827385850498e-7,0.8699145317077637,1.6393240542811327e-8,1,-1.3104454410495237e-7,-0.8699145317077637,-5.0370783100106564e-8,-0.4932025372982025]}},{"t":5.217885971069336,"j":false,"c":{"p":[805.8540649414062,99.09185791015625,320.1325988769531],"r":[-0.502712070941925,1.1394540422315913e-7,0.864453911781311,1.5419223231560863e-8,1,-1.228451509405204e-7,-0.864453911781311,-4.842653922310092e-8,-0.502712070941925]}},{"t":5.285243034362793,"j":false,"c":{"p":[804.4304809570312,98.98050689697266,320.9920959472656],"r":[-0.5090082287788391,1.0102475300755032e-7,0.8607616424560547,1.3546398669461723e-8,1,-1.0935607974715822e-7,-0.8607616424560547,-4.400292041850662e-8,-0.5090082287788391]}},{"t":5.368400573730469,"j":false,"c":{"p":[802.7440795898438,98.79203796386719,322.01031494140625],"r":[-0.5129934549331665,6.777175798333701e-8,0.8583925366401672,9.042355308963579e-9,1,-7.354804409942517e-8,-0.8583925366401672,-2.996777581643073e-8,-0.5129934549331665]}},{"t":5.43064022064209,"j":false,"c":{"p":[801.41455078125,98.61785888671875,322.81292724609375],"r":[-0.5147464871406555,8.170461995860023e-8,0.8573424220085144,1.0681332263118293e-8,1,-8.888682145880011e-8,-0.8573424220085144,-3.659661729216168e-8,-0.5147464871406555]}},{"t":5.502174377441406,"j":false,"c":{"p":[799.9075927734375,98.42596435546875,323.7227478027344],"r":[-0.515775203704834,1.7390851425602705e-8,0.856723964214325,2.25515361940154e-9,1,-1.8941571866548657e-8,-0.856723964214325,-7.837550164424556e-9,-0.515775203704834]}},{"t":5.5680975914001465,"j":false,"c":{"p":[798.40478515625,98.1824951171875,324.6299743652344],"r":[-0.5163042545318604,-6.107354266760012e-8,0.8564052581787109,-8.049245714403241e-9,1,6.646115480180015e-8,-0.8564052581787109,2.7420760773111397e-8,-0.5163042545318604]}},{"t":5.636267900466919,"j":false,"c":{"p":[796.9926147460938,97.94152069091797,325.4824523925781],"r":[-0.5165430903434753,3.347620847193866e-8,0.8562611937522888,4.451234492108824e-9,1,-3.641056522951658e-8,-0.8562611937522888,-1.4996206942896606e-8,-0.5165430903434753]}},{"t":5.6971845626831055,"j":false,"c":{"p":[795.7579345703125,97.73211669921875,326.2298889160156],"r":[-0.517035722732544,1.0225414825981716e-7,0.8559638261795044,1.3607082571809315e-8,1,-1.1124161858333537e-7,-0.8559638261795044,-4.586872037748435e-8,-0.517035722732544]}},{"t":5.763384580612183,"j":false,"c":{"p":[794.28369140625,97.45652770996094,327.17218017578125],"r":[-0.5272249579429626,1.327004923723507e-7,0.8497257828712463,1.8288750069928028e-8,1,-1.4482108667834837e-7,-0.8497257828712463,-6.081286585413181e-8,-0.5272249579429626]}},{"t":5.7839789390563965,"j":true,"c":{"p":[793.9406127929688,97.37620544433594,327.39605712890625],"r":[-0.5299388766288757,1.2771774038355943e-7,0.8480358719825745,1.7592073575656286e-8,1,-1.3961086153813085e-7,-0.8480358719825745,-5.9066511681749034e-8,-0.5299388766288757]}},{"t":5.800702810287476,"j":true,"c":{"p":[793.5975952148438,98.24165344238281,327.6198425292969],"r":[-0.5325563549995422,2.485755601355777e-7,0.8463945388793945,3.413988025613435e-8,1,-2.7220653464610223e-7,-0.8463945388793945,-1.1606951488829509e-7,-0.5325563549995422]}},{"t":5.816030025482178,"j":true,"c":{"p":[793.2506713867188,99.0526123046875,327.8486022949219],"r":[-0.5351865887641907,2.2888364981099585e-7,0.8447338938713074,3.186236696706146e-8,1,-2.5076695919779013e-7,-0.8447338938713074,-1.0729188204550155e-7,-0.5351865887641907]}},{"t":5.8312976360321045,"j":false,"c":{"p":[792.90576171875,99.80906677246094,328.0821838378906],"r":[-0.5386609435081482,2.1461546850787272e-7,0.8425226211547852,3.01629832222261e-8,1,-2.3544511407180835e-7,-0.8425226211547852,-1.0141208406366786e-7,-0.5386609435081482]}},{"t":5.896205902099609,"j":false,"c":{"p":[791.54638671875,102.28987121582031,329.0458068847656],"r":[-0.5573684573173523,3.715046545949008e-7,0.8302652835845947,5.351412468712624e-8,1,-4.11528191079924e-7,-0.8302652835845947,-1.8494189646389714e-7,-0.5573684573173523]}},{"t":5.962139368057251,"j":false,"c":{"p":[790.2962646484375,103.82367706298828,329.982666015625],"r":[-0.5763294100761414,4.2284756318622385e-7,0.8172174692153931,6.195742940917626e-8,1,-4.7372907374665374e-7,-0.8172174692153931,-2.223913071475181e-7,-0.5763294100761414]}},{"t":6.022848129272461,"j":false,"c":{"p":[789.0607299804688,104.59107208251953,330.9384765625],"r":[-0.5922034978866577,3.4513993796281284e-7,0.8057884573936462,5.054903340351302e-8,1,-3.9117537653510226e-7,-0.8057884573936462,-1.9092360048489354e-7,-0.5922034978866577]}},{"t":6.095358848571777,"j":false,"c":{"p":[787.7067260742188,104.53428649902344,332.0789794921875],"r":[-0.6178689002990723,6.696546961393324e-7,0.7862811088562012,1.0220988855280666e-7,1,-7.71355701090215e-7,-0.7862811088562012,-3.9623097336516366e-7,-0.6178689002990723]}},{"t":6.164956569671631,"j":false,"c":{"p":[786.363037109375,103.49310302734375,333.23150634765625],"r":[-0.6341683268547058,2.0182218918307626e-7,0.7731950283050537,3.038325857573909e-8,1,-2.361035456033278e-7,-0.7731950283050537,-1.2623719669591082e-7,-0.6341683268547058]}},{"t":6.231329917907715,"j":false,"c":{"p":[785.1091918945312,101.61390686035156,334.3293151855469],"r":[-0.6457276344299316,1.6913902811666048e-7,0.7635678648948669,2.5584339979900506e-8,1,-1.9987551524991432e-7,-0.7635678648948669,-1.0952975770806006e-7,-0.6457276344299316]}},{"t":6.297508239746094,"j":false,"c":{"p":[783.8663940429688,98.86271667480469,335.4395751953125],"r":[-0.6554693579673767,1.5451077217676357e-7,0.7552217841148376,2.3346764521647856e-8,1,-1.8432689330438734e-7,-0.7552217841148376,-1.0318863985503413e-7,-0.6554693579673767]}},{"t":6.364671468734741,"j":false,"c":{"p":[782.6303100585938,97.90377807617188,336.5494689941406],"r":[-0.6611587405204773,1.0585350196379295e-7,0.7502460479736328,1.5301731437489252e-8,1,-1.2760696677105443e-7,-0.7502460479736328,-7.288839753982757e-8,-0.6611587405204773]}},{"t":6.431370496749878,"j":false,"c":{"p":[781.3967895507812,97.48368835449219,337.66510009765625],"r":[-0.6655059456825256,9.151590774081342e-8,0.746392548084259,1.4037394358012989e-8,1,-1.1009479550239121e-7,-0.746392548084259,-6.279133657471903e-8,-0.6655059456825256]}},{"t":6.508649110794067,"j":false,"c":{"p":[780.0896606445312,97.62303924560547,338.8553161621094],"r":[-0.6691268682479858,7.035416871303823e-8,0.7431482076644897,1.0265728711544853e-8,1,-8.542723151094833e-8,-0.7431482076644897,-4.9532697943277526e-8,-0.6691268682479858]}},{"t":6.574911594390869,"j":false,"c":{"p":[778.7854614257812,97.46728515625,340.04833984375],"r":[-0.6718682646751404,6.709716160457901e-8,0.7406706809997559,9.931154565379074e-9,1,-8.158111342027041e-8,-0.7406706809997559,-4.745604798017666e-8,-0.6718682646751404]}},{"t":6.640172481536865,"j":false,"c":{"p":[777.5618286132812,97.54419708251953,341.17840576171875],"r":[-0.6747876405715942,9.123850475134532e-8,0.7380119562149048,1.4051215302401943e-8,1,-1.1077993633534788e-7,-0.7380119562149048,-6.438296651367637e-8,-0.6747876405715942]}},{"t":6.701096057891846,"j":false,"c":{"p":[776.4136352539062,97.70398712158203,342.2383117675781],"r":[-0.6763403415679932,2.3039188334905703e-8,0.736589252948761,3.2035269992292115e-9,1,-2.8336707202925027e-8,-0.736589252948761,-1.680557382144343e-8,-0.6763403415679932]}},{"t":6.7655065059661865,"j":false,"c":{"p":[775.2697143554688,97.70655059814453,343.3025207519531],"r":[-0.6784216165542603,8.655586469785703e-8,0.7346728444099426,1.2114886871472663e-8,1,-1.0662823513030162e-7,-0.7346728444099426,-6.343842073874839e-8,-0.6784216165542603]}},{"t":6.827831506729126,"j":false,"c":{"p":[774.0995483398438,97.69840240478516,344.337890625],"r":[-0.671817421913147,1.0578148135209631e-7,0.7407167553901672,1.5533270669720878e-8,1,-1.28721211467564e-7,-0.7407167553901672,-7.497139620227244e-8,-0.671817421913147]}},{"t":6.891188859939575,"j":false,"c":{"p":[772.9054565429688,97.68781280517578,345.3457336425781],"r":[-0.6603963375091553,1.422369564352266e-7,0.7509171962738037,2.055407399836895e-8,1,-1.7134128427187534e-7,-0.7509171962738037,-9.771875397746044e-8,-0.6603963375091553]}},{"t":6.961528301239014,"j":false,"c":{"p":[771.5473022460938,97.67948913574219,346.48199462890625],"r":[-0.6516070365905762,1.0899792357577098e-7,0.7585566639900208,1.593311438341516e-8,1,-1.300045084917656e-7,-0.7585566639900208,-7.262568857413498e-8,-0.6516070365905762]}},{"t":7.027920484542847,"j":false,"c":{"p":[770.2693481445312,97.7082290649414,347.5512390136719],"r":[-0.6471943259239197,9.373033549309184e-8,0.7623251080513,1.3742458726540008e-8,1,-1.1128624777256846e-7,-0.7623251080513,-6.154760257004455e-8,-0.6471943259239197]}},{"t":7.093229055404663,"j":false,"c":{"p":[768.9913940429688,97.73688507080078,348.6205139160156],"r":[-0.6447535753250122,7.462942619440582e-8,0.7643904685974121,1.1073866268418442e-8,1,-8.829193376413969e-8,-0.7643904685974121,-4.846178214279462e-8,-0.6447535753250122]}},{"t":7.157816648483276,"j":false,"c":{"p":[767.7930908203125,97.7675552368164,349.6229248046875],"r":[-0.6434620022773743,3.506390200413989e-8,0.7654780149459839,5.219173093706786e-9,1,-4.1419298213440925e-8,-0.7654780149459839,-2.265658238798096e-8,-0.6434620022773743]}},{"t":7.2181572914123535,"j":false,"c":{"p":[766.5947875976562,97.79620361328125,350.6255798339844],"r":[-0.642719030380249,-7.473929031220905e-8,0.7661020159721375,-1.0921334947511241e-8,1,8.839546694616729e-8,-0.7661020159721375,4.844659073910407e-8,-0.642719030380249]}},{"t":7.282070636749268,"j":false,"c":{"p":[765.3964233398438,97.82687377929688,351.6281433105469],"r":[-0.6422937512397766,-6.807543861953036e-9,0.7664585709571838,-1.0019156615470592e-9,1,8.042208676783957e-9,-0.7664585709571838,4.397533892586125e-9,-0.6422937512397766]}},{"t":7.342621803283691,"j":false,"c":{"p":[764.2779541015625,97.85549926757812,352.5638427734375],"r":[-0.6420621275901794,8.484646940587481e-8,0.7666526436805725,1.233395252597802e-8,1,-1.0034180775164714e-7,-0.7666526436805725,-5.496981358987796e-8,-0.6420621275901794]}},{"t":7.409760475158691,"j":false,"c":{"p":[762.9197387695312,97.8902587890625,353.7000427246094],"r":[-0.6418997049331665,-3.023186323503069e-8,0.7667886018753052,-4.368547745770002e-9,1,3.576956331130532e-8,-0.7667886018753052,1.9610720158880213e-8,-0.6418997049331665]}},{"t":7.478587627410889,"j":false,"c":{"p":[761.6419677734375,97.93523406982422,354.7691345214844],"r":[-0.6418184041976929,-4.989195545590519e-8,0.7668566703796387,-7.222896947212121e-9,1,5.901515720552197e-8,-0.7668566703796387,3.2338089539507564e-8,-0.6418184041976929]}},{"t":7.543106317520142,"j":false,"c":{"p":[760.3673095703125,97.99374389648438,355.83575439453125],"r":[-0.6417732834815979,7.673391877460745e-8,0.7668944597244263,1.1092814666824324e-8,1,-9.077500351395429e-8,-0.7668944597244263,-4.9749949937449855e-8,-0.6417732834815979]}},{"t":7.607085227966309,"j":false,"c":{"p":[759.1732788085938,98.08369445800781,356.8363037109375],"r":[-0.6419407725334167,9.84870851539199e-9,0.7667542099952698,1.4305543416526234e-9,1,-1.16469882627257e-8,-0.7667542099952698,-6.379793582311777e-9,-0.6419407725334167]}},{"t":7.670988321304321,"j":false,"c":{"p":[757.9063110351562,98.15034484863281,357.91156005859375],"r":[-0.6441524028778076,-8.0109217037716e-9,0.7648971676826477,-1.1487925055675419e-9,1,9.505753517657922e-9,-0.7648971676826477,5.244446210639353e-9,-0.6441524028778076]}},{"t":7.7414422035217285,"j":false,"c":{"p":[756.5603637695312,98.26516723632812,359.05426025390625],"r":[-0.6455062031745911,8.867672818269057e-8,0.7637550234794617,1.3140359023111614e-8,1,-1.050003533009658e-7,-0.7637550234794617,-5.7742362002954906e-8,-0.6455062031745911]}},{"t":7.808670520782471,"j":false,"c":{"p":[755.372802734375,98.38809967041016,360.06219482421875],"r":[-0.6461642980575562,-2.8481766944921105e-10,0.7631983160972595,-9.810799395104652e-11,1,2.90126145330305e-10,-0.7631983160972595,1.1259330273682977e-10,-0.6461642980575562]}},{"t":7.872872352600098,"j":false,"c":{"p":[754.1077880859375,98.49575805664062,361.1358642578125],"r":[-0.6465601921081543,-1.0077725676183036e-7,0.7628629803657532,-1.5201763403638324e-8,1,1.1921983400497993e-7,-0.7628629803657532,6.548593489696941e-8,-0.6465601921081543]}},{"t":7.935893535614014,"j":false,"c":{"p":[752.9202880859375,98.60437774658203,362.143798828125],"r":[-0.6467695236206055,2.9976291671118815e-8,0.7626854777336121,4.538805331577578e-9,1,-3.545462590182069e-8,-0.7626854777336121,-1.9469291956397683e-8,-0.6467695236206055]}},{"t":7.9970009326934814,"j":false,"c":{"p":[751.7318725585938,98.39586639404297,363.15240478515625],"r":[-0.6468905806541443,4.345518078707755e-8,0.7625828385353088,6.571719168846357e-9,1,-5.1409493551091145e-8,-0.7625828385353088,-2.8244839356261764e-8,-0.6468905806541443]}},{"t":8.060490846633911,"j":false,"c":{"p":[750.540771484375,97.91002655029297,364.16351318359375],"r":[-0.6469603180885315,-4.5683357541292935e-8,0.7625237107276917,-6.93702295606613e-9,1,5.402505109941558e-8,-0.7625237107276917,2.9662418299380988e-8,-0.6469603180885315]}},{"t":8.122300148010254,"j":false,"c":{"p":[749.3496704101562,97.95440673828125,365.1747131347656],"r":[-0.6470004916191101,-5.8413075265661973e-8,0.7624895572662354,-8.863207057174805e-9,1,6.908760497026378e-8,-0.7624895572662354,3.794161074210933e-8,-0.6470004916191101]}},{"t":8.184112787246704,"j":false,"c":{"p":[748.1585693359375,97.95960235595703,366.1859130859375],"r":[-0.6470237374305725,8.072864687846959e-8,0.7624698877334595,1.2259269155379116e-8,1,-9.54747321202376e-8,-0.7624698877334595,-5.2427090224682615e-8,-0.6470237374305725]}},{"t":8.244261264801025,"j":false,"c":{"p":[747.0468139648438,97.96012115478516,367.12969970703125],"r":[-0.6470364928245544,1.811512184701769e-8,0.7624590396881104,2.748230087945558e-9,1,-2.1426615148811834e-8,-0.7624590396881104,-1.1768388930022411e-8,-0.6470364928245544]}},{"t":8.305583953857422,"j":false,"c":{"p":[745.8564453125,97.96016693115234,368.14166259765625],"r":[-0.6472353935241699,-6.405191044223102e-8,0.7622901797294617,-9.755980023840038e-9,1,7.574215032946086e-8,-0.7622901797294617,4.1586115884229e-8,-0.6472353935241699]}},{"t":8.368443250656128,"j":false,"c":{"p":[744.6878662109375,97.96016693115234,369.1789855957031],"r":[-0.6541225910186768,9.739161299648913e-8,0.7563885450363159,1.466405663563819e-8,1,-1.1607727401496959e-7,-0.7563885450363159,-6.483703884896386e-8,-0.6541225910186768]}},{"t":8.428767442703247,"j":false,"c":{"p":[743.5252685546875,97.96016693115234,370.222900390625],"r":[-0.6600446701049805,9.893090435753038e-8,0.7512263059616089,1.4711500462283311e-8,1,-1.1876667826982157e-7,-0.7512263059616089,-6.733964852401186e-8,-0.6600446701049805]}},{"t":8.490528345108032,"j":false,"c":{"p":[742.4509887695312,97.96016693115234,371.2090759277344],"r":[-0.6664906740188599,1.1193920812502256e-7,0.745513379573822,1.7012128594728892e-8,1,-1.3494162942606636e-7,-0.745513379573822,-7.72545618588083e-8,-0.6664906740188599]}},{"t":8.552933931350708,"j":false,"c":{"p":[741.3104858398438,97.96016693115234,372.277099609375],"r":[-0.6737026572227478,9.89756472336012e-8,0.739002525806427,1.4981702989302903e-8,1,-1.202735120386933e-7,-0.739002525806427,-6.995706769430399e-8,-0.6737026572227478]}},{"t":8.61588716506958,"j":false,"c":{"p":[740.1700439453125,97.7316665649414,373.34515380859375],"r":[-0.6778679490089417,8.641185189617318e-8,0.7351836562156677,1.3032610546304113e-8,1,-1.0552119533713267e-7,-0.7351836562156677,-6.19480715613463e-8,-0.6778679490089417]}},{"t":8.676498651504517,"j":false,"c":{"p":[739.0298461914062,97.54669952392578,374.4130554199219],"r":[-0.6802641153335571,7.78055309069714e-8,0.7329670786857605,1.1700096891331668e-8,1,-9.529264843877172e-8,-0.7329670786857605,-5.62483783994594e-8,-0.6802641153335571]}},{"t":8.741188764572144,"j":false,"c":{"p":[737.8933715820312,97.45532989501953,375.4773254394531],"r":[-0.6816420555114746,2.338741822427437e-8,0.7316857576370239,3.4709237706209706e-9,1,-2.8730216428130007e-8,-0.7316857576370239,-1.7044099465124418e-8,-0.6816420555114746]}},{"t":8.811086654663086,"j":false,"c":{"p":[736.6024780273438,97.36318969726562,376.6864929199219],"r":[-0.6825171709060669,-6.955079356885108e-8,0.7308695912361145,-1.0786313175970008e-8,1,8.50889847470171e-8,-0.7308695912361145,5.019130355776724e-8,-0.6825171709060669]}},{"t":8.874065399169922,"j":false,"c":{"p":[735.4635009765625,97.29289245605469,377.7534484863281],"r":[-0.6829442977905273,-2.3227929801805658e-8,0.7304704189300537,-3.6055067820228714e-9,1,2.8427665554886516e-8,-0.7304704189300537,1.6780795419890637e-8,-0.6829442977905273]}},{"t":8.936721801757812,"j":false,"c":{"p":[734.3245239257812,97.22994232177734,378.8204650878906],"r":[-0.6831910014152527,6.797205998054778e-8,0.730239748954773,1.0576470366174817e-8,1,-8.318680499996844e-8,-0.730239748954773,-4.91091149967815e-8,-0.6831910014152527]}},{"t":9.003124713897705,"j":false,"c":{"p":[733.1096801757812,97.13968658447266,379.9586181640625],"r":[-0.6833398938179016,-5.84197401565234e-9,0.7301003932952881,-9.240947451694126e-10,1,7.136693902509705e-9,-0.7301003932952881,4.202106218542667e-9,-0.6833398938179016]}},{"t":9.00881838798523,"j":true,"c":{"p":[733.1096801757812,97.13968658447266,379.9586181640625],"r":[-0.6833398938179016,-5.84197401565234e-9,0.7301003932952881,-9.240947451694126e-10,1,7.136693902509705e-9,-0.7301003932952881,4.202106218542667e-9,-0.6833398938179016]}},{"t":9.01643967628479,"j":true,"c":{"p":[732.8818969726562,97.79388427734375,380.1720275878906],"r":[-0.6833609342575073,-1.9584287969109937e-8,0.7300807237625122,-3.0689053520660536e-9,1,2.3952308580987847e-8,-0.7300807237625122,1.4127522263152059e-8,-0.6833609342575073]}},{"t":9.02450156211853,"j":true,"c":{"p":[732.7298583984375,98.21298217773438,380.31439208984375],"r":[-0.6833733916282654,-2.8732834778111283e-8,0.7300690412521362,-4.497205274844873e-9,1,3.5146765497984234e-8,-0.7300690412521362,2.073509