{"v":1,"name":"macro1_macro2_merged_macro2_merged_macro2_merged","d":[{"t":0.06704926490783691,"c":{"r":[-0.020942503586411476,-2.3997563936006827e-9,0.9997806549072266,1.1416177336798228e-8,1,2.6394186836142808e-9,-0.9997806549072266,1.146894934578313e-8,-0.020942503586411476],"p":[-6.805352687835693,13.728201866149902,-7.896377086639404]},"j":false},{"t":0.12844181060791016,"c":{"r":[-0.020942503586411476,-1.4190580266415509e-8,0.9997806549072266,6.750754266704462e-8,1,1.560777995734952e-8,-0.9997806549072266,6.78196059311631e-8,-0.020942503586411476],"p":[-7.213285446166992,13.728201866149902,-7.887832164764404]},"j":false},{"t":0.18947362899780273,"c":{"r":[-0.020942503586411476,6.163019428129246e-9,0.9997806549072266,-2.9318787397869528e-8,1,-6.778514638483557e-9,-0.9997806549072266,-2.945431631928841e-8,-0.020942503586411476],"p":[-8.087995529174805,13.728201866149902,-7.869509220123291]},"j":false},{"t":0.2507929801940918,"c":{"r":[-0.020942503586411476,2.061881332338089e-8,0.9997806549072266,-9.808803014266232e-8,1,-2.267799636967993e-8,-0.9997806549072266,-9.854144877863291e-8,-0.020942503586411476],"p":[-9.02529525756836,13.728201866149902,-7.849875450134277]},"j":false},{"t":0.3130054473876953,"c":{"r":[-0.020942503586411476,-1.2242533209416706e-8,0.9997806549072266,5.8240214428906256e-8,1,1.3465181858407504e-8,-0.9997806549072266,5.850943551877208e-8,-0.020942503586411476],"p":[-9.962594985961914,13.728201866149902,-7.830241680145264]},"j":false},{"t":0.37685060501098633,"c":{"r":[0.006981160491704941,-1.0030411168315823e-8,0.9999756217002869,3.668496972863977e-8,1,9.77454561734703e-9,-0.9999756217002869,3.661583747316399e-8,0.006981160491704941],"p":[-10.899949073791504,13.728201866149902,-7.815086841583252]},"j":false},{"t":0.4372100830078125,"c":{"r":[0.013962137512862682,1.2759702627818115e-8,0.9999025464057922,-7.376505806178102e-8,1,-1.1730928228814719e-8,-0.9999025464057922,-7.359407305784771e-8,0.013962137512862682],"p":[-11.837377548217773,13.728201866149902,-7.826315879821777]},"j":false},{"t":0.501201868057251,"c":{"r":[0.013962137512862682,5.995758112220528e-9,0.9999025464057922,-2.756525852021241e-8,1,-5.611434872321297e-9,-0.9999025464057922,-2.748422289755581e-8,0.013962137512862682],"p":[-12.774791717529297,13.728201866149902,-7.839405059814453]},"j":false},{"t":0.5612189769744873,"c":{"r":[0.013962137512862682,-1.8772400522948374e-8,0.9999025464057922,1.1252724618771026e-7,1,1.7202957280915143e-8,-0.9999025464057922,1.1227608354147378e-7,0.013962137512862682],"p":[-13.649711608886719,13.728201866149902,-7.851621627807617]},"j":false},{"t":0.6315548419952393,"c":{"r":[0.013962137512862682,2.4612154536640674e-9,0.9999025464057922,-2.066519755317131e-8,1,-2.172896973462457e-9,-0.9999025464057922,-2.0632844766055314e-8,0.013962137512862682],"p":[-14.712114334106445,13.728201866149902,-7.866456031799316]},"j":false},{"t":0.6928901672363281,"c":{"r":[0.013962137512862682,1.5565056799005106e-8,0.9999025464057922,-1.0159161689671237e-7,1,-1.4147999216618246e-8,-0.9999025464057922,-1.0138418105043456e-7,0.013962137512862682],"p":[-15.649528503417969,13.728201866149902,-7.879545211791992]},"j":false},{"t":0.7537178993225098,"c":{"r":[0.013962137512862682,-5.970157701540302e-9,0.9999025464057922,4.2369009634057875e-8,1,5.379120260329273e-9,-0.9999025464057922,4.2289777013593266e-8,0.013962137512862682],"p":[-16.52444839477539,13.306855201721191,-7.891761779785156]},"j":false},{"t":0.8252949714660645,"c":{"r":[0.013962137512862682,-4.2223851082212605e-9,0.9999025464057922,2.740135407464095e-8,1,3.840177953406965e-9,-0.9999025464057922,2.7345066655470873e-8,0.013962137512862682],"p":[-17.64934539794922,12.95260238647461,-7.907468795776367]},"j":false},{"t":0.8967180252075195,"c":{"r":[0.013962137512862682,1.5024712141098462e-8,0.9999025464057922,-1.063233838749511e-7,1,-1.3541531451721767e-8,-0.9999025464057922,-1.0612395584530532e-7,0.013962137512862682],"p":[-18.711748123168945,12.988908767700195,-7.922303199768066]},"j":false},{"t":0.9570980072021484,"c":{"r":[0.013962137512862682,3.696552612619808e-12,0.9999025464057922,8.577027421630135e-10,1,-1.567344344588495e-11,-0.9999025464057922,8.578379673274128e-10,0.013962137512862682],"p":[-19.586668014526367,12.99375057220459,-7.9345197677612305]},"j":false},{"t":1.017110824584961,"c":{"r":[0.013962137512862682,-1.1467022886790801e-8,0.9999025464057922,8.199480561188466e-8,1,1.0323206289797326e-8,-0.9999025464057922,8.184267841215842e-8,0.013962137512862682],"p":[-20.52408218383789,12.994340896606445,-7.947608947753906]},"j":false},{"t":1.0882892608642578,"c":{"r":[0.013962137512862682,6.899291804529639e-9,0.9999025464057922,-5.042722150960799e-8,1,-6.19582429806087e-9,-0.9999025464057922,-5.0335799528511416e-8,0.013962137512862682],"p":[-21.586484909057617,12.994402885437012,-7.9624433517456055]},"j":false},{"t":1.148465633392334,"c":{"r":[0.013962137512862682,8.265324424883147e-9,0.9999025464057922,-5.977865669137827e-8,1,-7.43141104209144e-9,-0.9999025464057922,-5.966906968524199e-8,0.013962137512862682],"p":[-22.52389907836914,12.994404792785645,-7.975532531738281]},"j":false},{"t":1.2086122035980225,"c":{"r":[0.013962137512862682,-1.1130752319843396e-8,0.9999025464057922,8.122673023081006e-8,1,9.997628502844691e-9,-0.9999025464057922,8.107922866429362e-8,0.013962137512862682],"p":[-23.398818969726562,12.994404792785645,-7.987749099731445]},"j":false},{"t":1.2785568237304688,"c":{"r":[0.013962137512862682,-5.908251110575691e-10,0.9999025464057922,4.0793817213113925e-9,1,5.339202413523481e-10,-0.9999025464057922,4.071529335902824e-9,0.013962137512862682],"p":[-24.46122169494629,12.994404792785645,-8.002583503723145]},"j":false},{"t":1.3487539291381836,"c":{"r":[0.013962137512862682,1.6142591263701433e-8,0.9999025464057922,-1.1816626255267693e-7,1,-1.4494149880306395e-8,-0.9999025464057922,-1.1795237497835842e-7,0.013962137512862682],"p":[-25.461130142211914,12.994404792785645,-8.016546249389648]},"j":false},{"t":1.418654203414917,"c":{"r":[0.013962137512862682,-6.817486131183159e-9,0.9999025464057922,5.005668413105013e-8,1,6.119184270403366e-9,-0.9999025464057922,4.9966370596621346e-8,0.013962137512862682],"p":[-26.52353286743164,12.994404792785645,-8.031379699707031]},"j":false},{"t":1.4902098178863525,"c":{"r":[0.013962137512862682,-3.630500344797838e-9,0.9999025464057922,2.656403808032337e-8,1,3.259927439103194e-9,-0.9999025464057922,2.6515932560755573e-8,0.013962137512862682],"p":[-27.585935592651367,12.994404792785645,-8.04621410369873]},"j":false},{"t":1.5502638816833496,"c":{"r":[0.013962137512862682,1.1696000612460011e-8,0.9999025464057922,-8.592309796995323e-8,1,-1.049735320890477e-8,-0.9999025464057922,-8.576815702099339e-8,0.013962137512862682],"p":[-28.52334976196289,12.994404792785645,-8.059304237365723]},"j":false},{"t":1.6123144626617432,"c":{"r":[0.013962137512862682,3.785258329003227e-9,0.9999025464057922,-2.777397689612826e-8,1,-3.3978055924421824e-9,-0.9999025464057922,-2.7723828566195152e-8,0.013962137512862682],"p":[-29.398269653320312,12.994404792785645,-8.071520805358887]},"j":false},{"t":1.6784534454345703,"c":{"r":[0.013962137512862682,-1.1048721049178312e-8,0.9999025464057922,8.118354344333056e-8,1,9.916191423542386e-9,-0.9999025464057922,8.103717874519134e-8,0.013962137512862682],"p":[-30.46067237854004,12.994404792785645,-8.08635425567627]},"j":false},{"t":1.7468109130859375,"c":{"r":[0.013962137512862682,4.567052958037721e-9,0.9999025464057922,-3.359824418680546e-8,1,-4.0983492155532986e-9,-0.9999025464057922,-3.3537745025569166e-8,0.013962137512862682],"p":[-31.460580825805664,12.994404792785645,-8.100317001342773]},"j":false},{"t":1.8158700466156006,"c":{"r":[0.013962137512862682,1.0616390433426659e-8,0.9999025464057922,-7.80491475893541e-8,1,-9.527585831392571e-9,-0.9999025464057922,-7.790851697109247e-8,0.013962137512862682],"p":[-32.460472106933594,12.994404792785645,-8.114278793334961]},"j":false},{"t":1.885969877243042,"c":{"r":[0.013962137512862682,-1.3247182018005788e-8,0.9999025464057922,9.741579276578705e-8,1,1.1888207751553637e-8,-0.9999025464057922,9.724031713176373e-8,0.013962137512862682],"p":[-33.52284240722656,12.994404792785645,-8.129112243652344]},"j":false},{"t":1.9555447101593018,"c":{"r":[0.013962137512862682,7.381695810160238e-10,0.9999025464057922,-5.438461236906278e-9,1,-6.623015469386928e-10,-0.9999025464057922,-5.428683724773009e-9,0.013962137512862682],"p":[-34.58521270751953,12.994404792785645,-8.14394760131836]},"j":false},{"t":2.0263450145721436,"c":{"r":[0.013962137512862682,1.4676859727558167e-8,0.9999025464057922,-1.0794624927257246e-7,1,-1.3170983415022874e-8,-0.9999025464057922,-1.0775183056921378e-7,0.013962137512862682],"p":[-35.6475830078125,12.994404792785645,-8.158782005310059]},"j":false},{"t":2.0970077514648438,"c":{"r":[0.013962137512862682,-8.997023570600504e-9,0.9999025464057922,6.617794667818089e-8,1,8.073825163990023e-9,-0.9999025464057922,6.60587744505392e-8,0.013962137512862682],"p":[-36.70995330810547,12.994404792785645,-8.173615455627441]},"j":false},{"t":2.1663999557495117,"c":{"r":[0.013962137512862682,-2.105672525232194e-9,0.9999025464057922,1.548519179550567e-8,1,1.8896502140819393e-9,-0.9999025464057922,1.5457299440413408e-8,0.013962137512862682],"p":[-37.77232360839844,12.994404792785645,-8.18844985961914]},"j":false},{"t":2.2360682487487793,"c":{"r":[0.013962137512862682,1.3169088042275234e-8,0.9999025464057922,-9.686974777878277e-8,1,-1.1817731682128851e-8,-0.9999025464057922,-9.66953024317263e-8,0.013962137512862682],"p":[-38.77220153808594,12.994404792785645,-8.202412605285645]},"j":false},{"t":2.304990291595459,"c":{"r":[0.013962137512862682,-3.4381806290895156e-9,0.9999025464057922,2.5292065330972946e-8,1,3.0853501975514064e-9,-0.9999025464057922,2.5246521317967563e-8,0.013962137512862682],"p":[-39.834571838378906,12.994404792785645,-8.217246055603027]},"j":false},{"t":2.365445852279663,"c":{"r":[0.013962137512862682,-8.789247551987955e-9,0.9999025464057922,6.465280932843598e-8,1,7.88732545942139e-9,-0.9999025464057922,6.453638690118169e-8,0.013962137512862682],"p":[-40.70946502685547,12.994404792785645,-8.229462623596191]},"j":false},{"t":2.435750961303711,"c":{"r":[0.06279050558805466,6.65547039702119e-9,0.9980267286300659,-5.5166783141658016e-8,1,-3.1978304448898598e-9,-0.9980267286300659,-5.4857128617413764e-8,0.06279050558805466],"p":[-41.771217346191406,12.994404792785645,-8.264313697814941]},"j":false},{"t":2.506108045578003,"c":{"r":[0.08367776870727539,4.916361984186324e-9,0.996492862701416,-3.6217610244193565e-8,1,-1.8923900224621093e-9,-0.996492862701416,-3.5932242070657594e-8,0.08367776870727539],"p":[-42.83061599731445,12.994404792785645,-8.344999313354492]},"j":false},{"t":2.5747182369232178,"c":{"r":[0.08367776870727539,-1.3733236770008261e-8,0.996492862701416,9.341647455585189e-8,1,5.937176528192367e-9,-0.996492862701416,9.25920389249768e-8,0.08367776870727539],"p":[-43.8271369934082,12.994404792785645,-8.428678512573242]},"j":false},{"t":2.639971971511841,"c":{"r":[0.08367776870727539,3.243868063051991e-9,0.996492862701416,-1.9871498224688366e-8,1,-1.5866299385436378e-9,-0.996492862701416,-1.9669041506631402e-8,0.08367776870727539],"p":[-44.82365798950195,12.994404792785645,-8.512357711791992]},"j":false},{"t":2.707878828048706,"c":{"r":[0.10452842712402344,1.3673257193147492e-8,0.9945219159126282,-8.783175786675201e-8,1,-4.517086704680651e-9,-0.9945219159126282,-8.687844399446476e-8,0.10452842712402344],"p":[-45.88091278076172,12.994404792785645,-8.617424964904785]},"j":false},{"t":2.7742130756378174,"c":{"r":[0.10452842712402344,-1.2597797471869399e-8,0.9945219159126282,7.694402626157171e-8,1,4.580050116942402e-9,-0.9945219159126282,7.604377572079102e-8,0.10452842712402344],"p":[-46.87541961669922,12.994404792785645,-8.72194766998291]},"j":false},{"t":2.8428263664245605,"c":{"r":[0.12533323466777802,-3.9717868993705e-9,0.9921147227287292,1.544426453392589e-8,1,2.0522903376729573e-9,-0.9921147227287292,1.506526103867145e-8,0.12533323466777802],"p":[-47.869083404541016,12.994404792785645,-8.833945274353027]},"j":false},{"t":2.911130428314209,"c":{"r":[0.15298569202423096,1.512601421893578e-8,0.9882283806800842,-9.79441949766624e-8,1,-1.4364492928464756e-10,-0.9882283806800842,-9.676926282509157e-8,0.15298569202423096],"p":[-48.85918045043945,12.994404792785645,-8.97404956817627]},"j":false},{"t":2.9777190685272217,"c":{"r":[0.15298569202423096,-1.93826621419646e-9,0.9882283806800842,1.5318164514610544e-8,1,-4.1002051753835644e-10,-0.9882283806800842,1.5200573244555926e-8,0.15298569202423096],"p":[-49.847442626953125,12.994404792785645,-9.126775741577148]},"j":false},{"t":3.046856164932251,"c":{"r":[0.15298569202423096,-7.80913289588625e-9,0.9882283806800842,5.115191470395075e-8,1,-1.6573060632185665e-11,-0.9882283806800842,5.0552309005524876e-8,0.15298569202423096],"p":[-50.89742660522461,12.994404792785645,-9.289321899414062]},"j":false},{"t":3.1168863773345947,"c":{"r":[0.16676869988441467,8.496918724176794e-9,0.9859960675239563,-6.264258445298765e-8,1,1.977596975066831e-9,-0.9859960675239563,-6.209513969679392e-8,0.16676869988441467],"p":[-51.88449478149414,12.994404792785645,-9.44954776763916]},"j":false},{"t":3.1842100620269775,"c":{"r":[0.18051910400390625,3.762553379971223e-9,0.983571469783783,-2.6073076142552054e-8,1,9.599046002506384e-10,-0.983571469783783,-2.581801439305309e-8,0.18051910400390625],"p":[-52.93054962158203,12.994404792785645,-9.635676383972168]},"j":false},{"t":3.249091386795044,"c":{"r":[0.18051910400390625,-1.4453153340809877e-8,0.983571469783783,9.408908141494976e-8,1,-2.5740105602523045e-9,-0.983571469783783,9.300799774791813e-8,0.18051910400390625],"p":[-53.852657318115234,12.994404792785645,-9.804917335510254]},"j":false},{"t":3.3142411708831787,"c":{"r":[0.18051910400390625,3.2851306119852097e-9,0.983571469783783,-2.0051645677199303e-8,1,3.401627868271362e-10,-0.983571469783783,-1.9783632509984272e-8,0.18051910400390625],"p":[-54.836238861083984,12.994404792785645,-9.985428810119629]},"j":false},{"t":3.3786721229553223,"c":{"r":[0.18051910400390625,1.5484978632684943e-8,0.983571469783783,-9.881816254164733e-8,1,2.392899434155993e-9,-0.983571469783783,-9.7626688955188e-8,0.18051910400390625],"p":[-55.819820404052734,12.994404792785645,-10.16594123840332]},"j":false},{"t":3.445230722427368,"c":{"r":[0.18738120794296265,-1.0313526921379434e-8,0.9822872877120972,6.713604250307981e-8,1,-2.3073749577662284e-9,-0.9822872877120972,6.637923632979437e-8,0.18738120794296265],"p":[-56.80280685424805,12.994404792785645,-10.349638938903809]},"j":false},{"t":3.5124590396881104,"c":{"r":[0.18738120794296265,-3.69772790165257e-9,0.9822872877120972,2.2752209005716395e-8,1,-5.758074017592207e-10,-0.9822872877120972,2.2457099291273153e-8,0.18738120794296265],"p":[-57.78510665893555,12.994404792785645,-10.537016868591309]},"j":false},{"t":3.5800514221191406,"c":{"r":[0.19423417747020721,1.384922754255058e-8,0.980955183506012,-9.126040367846144e-8,1,3.951925009459956e-9,-0.980955183506012,-9.028996572624237e-8,0.19423417747020721],"p":[-58.766780853271484,12.994404792785645,-10.72756576538086]},"j":false},{"t":3.649434804916382,"c":{"r":[0.19423417747020721,-7.05292768632404e-10,0.980955183506012,4.9804658175389704e-9,1,-2.6717217327387743e-10,-0.980955183506012,4.937507736002544e-9,0.19423417747020721],"p":[-59.747737884521484,12.994404792785645,-10.921794891357422]},"j":false},{"t":3.7199621200561523,"c":{"r":[0.20107780396938324,-7.790429634724205e-9,0.9795752763748169,5.1352721186503913e-8,1,-2.58832888455629e-9,-0.9795752763748169,5.08243118702012e-8,0.20107780396938324],"p":[-60.85006332397461,12.994404792785645,-11.146469116210938]},"j":false},{"t":3.7885138988494873,"c":{"r":[0.20791150629520416,9.151065682999615e-9,0.9781476259231567,-6.281222653115037e-8,1,3.995633601761028e-9,-0.9781476259231567,-6.227037374628708e-8,0.20791150629520416],"p":[-61.82843780517578,12.994404792785645,-11.353272438049316]},"j":false},{"t":3.849667549133301,"c":{"r":[0.21473519504070282,8.747009339060696e-9,0.9766722917556763,-5.733239305527604e-8,1,3.649405222461155e-9,-0.9766722917556763,-5.6778617363306694e-8,0.21473519504070282],"p":[-62.68354415893555,12.994404792785645,-11.538779258728027]},"j":false},{"t":3.9177637100219727,"c":{"r":[0.21473519504070282,-1.5710790890466342e-8,0.9766722917556763,1.0151286033988072e-7,1,-6.23299500901453e-9,-0.9766722917556763,1.0048324128320019e-7,0.21473519504070282],"p":[-63.72127151489258,12.994404792785645,-11.766937255859375]},"j":false},{"t":3.9878647327423096,"c":{"r":[0.21473519504070282,3.194723374733144e-9,0.9766722917556763,-2.0092221220124884e-8,1,1.1465298710433558e-9,-0.9766722917556763,-1.9869716538778448e-8,0.21473519504070282],"p":[-64.75899505615234,12.994234085083008,-11.995095252990723]},"j":false},{"t":4.058513641357422,"c":{"r":[0.21473519504070282,1.3827611056171918e-8,0.9766722917556763,-8.865221445830684e-8,1,5.3335602601123355e-9,-0.9766722917556763,-8.772946813451199e-8,0.21473519504070282],"p":[-65.79672241210938,12.993512153625488,-12.22325325012207]},"j":false},{"t":4.128044843673706,"c":{"r":[0.21473519504070282,-1.217244705031817e-8,0.9766722917556763,7.769993004558273e-8,1,-4.620243299058302e-9,-0.9766722917556763,7.687950187573733e-8,0.21473519504070282],"p":[-66.77340698242188,12.992703437805176,-12.437990188598633]},"j":false},{"t":4.193024158477783,"c":{"r":[0.24868981540203094,-3.2430904628455437e-9,0.9685831665992737,1.566423257770566e-8,1,-6.736072810653582e-10,-0.9685831665992737,1.5339631787014696e-8,0.24868981540203094],"p":[-67.74638366699219,12.991850852966309,-12.668450355529785]},"j":false},{"t":4.259619474411011,"c":{"r":[0.24868981540203094,1.7171444710584183e-8,0.9685831665992737,-9.857277660785257e-8,1,7.580764460612954e-9,-0.9685831665992737,-9.736119466197124e-8,0.24868981540203094],"p":[-68.7148208618164,12.975955963134766,-12.917095184326172]},"j":false},{"t":4.328683137893677,"c":{"r":[0.24868981540203094,-4.295249933505829e-9,0.9685831665992737,2.5771795364448735e-8,1,-2.1825004026254646e-9,-0.9685831665992737,2.550489242025833e-8,0.24868981540203094],"p":[-69.74342346191406,12.942630767822266,-13.181196212768555]},"j":false},{"t":4.398167610168457,"c":{"r":[0.2486897110939026,-8.926784644813779e-9,0.9685832262039185,5.147180459630363e-8,1,-3.9993710565511265e-9,-0.9685832262039185,5.084933007992731e-8,0.2486897110939026],"p":[-70.71180725097656,12.923649787902832,-13.429839134216309]},"j":false},{"t":4.458220720291138,"c":{"r":[0.3681243062019348,7.438865079478774e-9,0.9297766089439392,-4.783368368066476e-8,1,1.0937978522918002e-8,-0.9297766089439392,-4.850117463206516e-8,0.3681243062019348],"p":[-71.5487060546875,12.904115676879883,-13.682154655456543]},"j":false},{"t":4.519307374954224,"c":{"r":[0.37460651993751526,1.137514793470018e-8,0.9271838665008545,-6.662880025487539e-8,1,1.4651285518141322e-8,-0.9271838665008545,-6.726561707637302e-8,0.37460651993751526],"p":[-72.4128189086914,12.798908233642578,-14.028623580932617]},"j":false},{"t":4.589904546737671,"c":{"r":[0.3746064007282257,-1.7702076249292986e-8,0.9271839261054993,1.0697979035967364e-7,1,-2.4130311970793628e-8,-0.9271839261054993,1.0822930818221721e-7,0.3746064007282257],"p":[-73.37313842773438,12.558218002319336,-14.416624069213867]},"j":false},{"t":4.659732341766357,"c":{"r":[0.44463497400283813,-8.942184770432959e-10,0.8957118391990662,-1.1797413712599791e-8,1,6.854616430018723e-9,-0.8957118391990662,-1.361488521922638e-8,0.44463497400283813],"p":[-74.32301330566406,12.304168701171875,-14.818573951721191]},"j":false},{"t":4.731901168823242,"c":{"r":[0.5239856243133545,1.7943740715509193e-8,0.8517270684242249,-9.34448962652823e-8,1,3.64201646618767e-8,-0.8517270684242249,-9.867319050727019e-8,0.5239856243133545],"p":[-75.23119354248047,12.059249877929688,-15.311844825744629]},"j":false},{"t":4.8010828495025635,"c":{"r":[0.6045989394187927,-1.1272739186551917e-8,0.79653000831604,6.932247487156928e-8,1,-3.8466289709049306e-8,-0.79653000831604,7.847410898875751e-8,0.6045989394187927],"p":[-76.07270812988281,11.747389793395996,-15.88920783996582]},"j":false},{"t":4.866378307342529,"c":{"r":[0.6534204483032227,-7.024151038592663e-9,0.7569951415061951,2.119904074504575e-8,1,-9.019523794506767e-9,-0.7569951415061951,2.1941113814705204e-8,0.6534204483032227],"p":[-76.71685028076172,11.264289855957031,-16.403501510620117]},"j":false},{"t":4.931960105895996,"c":{"r":[0.6946583986282349,1.3570742751767284e-8,0.7193397879600525,-7.65477565778383e-8,1,5.505576439190918e-8,-0.7193397879600525,-9.33087989096748e-8,0.6946583986282349],"p":[-77.33058166503906,10.700493812561035,-16.961095809936523]},"j":false},{"t":4.996417760848999,"c":{"r":[0.709570586681366,9.549218082938182e-10,0.7046343088150024,3.3134996968442465e-9,1,-4.691914412546794e-9,-0.7046343088150024,5.6640501178151226e-9,0.709570586681366],"p":[-77.92350006103516,10.146466255187988,-17.54540252685547]},"j":false},{"t":5.061056613922119,"c":{"r":[0.709570586681366,-9.693228442131385e-9,0.7046343088150024,5.4288367579147234e-8,1,-4.091228333891195e-8,-0.7046343088150024,6.728360091301511e-8,0.709570586681366],"p":[-78.52119445800781,9.617196083068848,-18.14726448059082]},"j":false},{"t":5.125232696533203,"c":{"r":[0.709570586681366,3.749250687690164e-9,0.7046343088150024,-3.3160826973244184e-8,1,2.8072287605596102e-8,-0.7046343088150024,-4.328552805077379e-8,0.709570586681366],"p":[-79.10897827148438,9.202019691467285,-18.739173889160156]},"j":false},{"t":5.1871178150177,"c":{"r":[0.709570586681366,9.062215866606493e-9,0.7046343088150024,-6.346181180560961e-8,1,5.1045510929270677e-8,-0.7046343088150024,-8.093775960560379e-8,0.709570586681366],"p":[-79.71761322021484,8.846463203430176,-19.35208511352539]},"j":false},{"t":5.2518205642700195,"c":{"r":[0.709570586681366,-7.844377591936791e-9,0.7046343088150024,6.247213946153352e-8,1,-5.1777231391270107e-8,-0.7046343088150024,8.075961943632137e-8,0.709570586681366],"p":[-80.32866668701172,8.490436553955078,-19.9674129486084]},"j":false},{"t":5.318087816238403,"c":{"r":[0.7144726514816284,-2.248494501699838e-9,0.6996634006500244,1.286853201776239e-8,1,-9.92723059312084e-9,-0.6996634006500244,1.6096375787810757e-8,0.7144726514816284],"p":[-80.97320556640625,8.086459159851074,-20.6164493560791]},"j":false},{"t":5.382769584655762,"c":{"r":[0.7144726514816284,9.023843006161769e-9,0.6996634006500244,-7.83838487450339e-8,1,6.714553535402956e-8,-0.6996634006500244,-1.0281596019012795e-7,0.7144726514816284],"p":[-81.60874938964844,7.667743682861328,-21.265113830566406]},"j":false},{"t":5.449164390563965,"c":{"r":[0.7144726514816284,-7.039617777593321e-10,0.6996634006500244,8.780636662208963e-9,1,-7.960346160018617e-9,-0.6996634006500244,1.1830939783408212e-8,0.7144726514816284],"p":[-82.20441436767578,7.2751970291137695,-21.873395919799805]},"j":false},{"t":5.519165277481079,"c":{"r":[0.7046341896057129,-3.745757481965484e-9,0.7095707058906555,4.3254686943328124e-8,1,-3.7674858788250276e-8,-0.7095707058906555,5.723925511347261e-8,0.7046341896057129],"p":[-82.87950134277344,6.830310821533203,-22.562782287597656]},"j":false},{"t":5.586170196533203,"c":{"r":[0.6845471262931824,7.248462274844769e-9,0.728968620300293,-5.30214663285733e-8,1,3.984702345860569e-8,-0.728968620300293,-6.592814827399707e-8,0.6845471262931824],"p":[-83.53470611572266,6.411497116088867,-23.191417694091797]},"j":false},{"t":5.65383505821228,"c":{"r":[0.6794410347938538,1.4198636710816004e-9,0.733730137348175,-2.239997343167488e-8,1,1.8807456925173938e-8,-0.733730137348175,-2.9214092478468956e-8,0.6794410347938538],"p":[-84.18498229980469,5.945206642150879,-23.799766540527344]},"j":false},{"t":5.718234300613403,"c":{"r":[0.6794410347938538,-1.1208125094697152e-8,0.733730137348175,7.801162382747862e-8,1,-5.696395888321604e-8,-0.733730137348175,9.594312899707802e-8,0.6794410347938538],"p":[-84.80977630615234,5.409741401672363,-24.37833595275879]},"j":false},{"t":5.7843804359436035,"c":{"r":[0.6794410347938538,4.696909527979187e-9,0.733730137348175,-2.2796394105739637e-8,1,1.4708263051943504e-8,-0.733730137348175,-2.6719797929786182e-8,0.6794410347938538],"p":[-85.45384216308594,4.935844421386719,-24.974754333496094]},"j":false},{"t":5.84815526008606,"c":{"r":[0.6794410347938538,1.2274373517584536e-8,0.733730137348175,-7.33646174921887e-8,1,5.120759993815227e-8,-0.733730137348175,-8.862237166340492e-8,0.6794410347938538],"p":[-86.10790252685547,4.650625228881836,-25.580411911010742]},"j":false},{"t":5.912617206573486,"c":{"r":[0.674302339553833,-1.0622470902887926e-8,0.7384554147720337,5.893650723010069e-8,1,-3.9431700571412875e-8,-0.7384554147720337,7.011087177488662e-8,0.674302339553833],"p":[-86.82259368896484,4.420252799987793,-26.24081039428711]},"j":false},{"t":5.977278470993042,"c":{"r":[0.6639261841773987,-3.1887594786894624e-9,0.7477981448173523,2.2069530203339127e-8,1,-1.5330044789152453e-8,-0.7477981448173523,2.668157073060229e-8,0.6639261841773987],"p":[-87.50101470947266,4.204035758972168,-26.850637435913086]},"j":false},{"t":6.042314052581787,"c":{"r":[0.6639261245727539,1.3957771827222132e-8,0.7477981448173523,-7.956864322977708e-8,1,5.1979174742200485e-8,-0.7477981448173523,-9.40116180458972e-8,0.6639261245727539],"p":[-88.2361831665039,4.0231451988220215,-27.503353118896484]},"j":false},{"t":6.109020471572876,"c":{"r":[0.6639261841773987,-1.8240384758172468e-9,0.7477981448173523,8.982159016568403e-9,1,-5.535520042343478e-9,-0.7477981448173523,1.0392017912863594e-8,0.6639261841773987],"p":[-88.98139190673828,3.9553117752075195,-28.164987564086914]},"j":false},{"t":6.175252676010132,"c":{"r":[0.6586893796920776,-1.1008467915019082e-8,0.7524149417877197,6.335184821182338e-8,1,-4.082949800476854e-8,-0.7524149417877197,7.45608375041229e-8,0.6586893796920776],"p":[-89.72977447509766,3.913550615310669,-28.826894760131836]},"j":false},{"t":6.243067502975464,"c":{"r":[0.6586892008781433,8.870074452715926e-9,0.7524151802062988,-5.328040231233899e-8,1,3.485462940489015e-8,-0.7524151802062988,-6.304735222784075e-8,0.6586892008781433],"p":[-90.48152923583984,3.872079372406006,-29.485017776489258]},"j":false},{"t":6.309519290924072,"c":{"r":[0.6586892008781433,3.7254190843327706e-9,0.7524151802062988,-2.159290524161861e-8,1,1.3951863664374287e-8,-0.7524151802062988,-2.543677091182417e-8,0.6586892008781433],"p":[-91.23323822021484,3.8293344974517822,-30.143098831176758]},"j":false},{"t":6.37639307975769,"c":{"r":[0.6586889624595642,-1.6349380516089695e-8,0.7524152994155884,9.858816696350914e-8,1,-6.457810997062552e-8,-0.7524152994155884,1.1671613719954621e-7,0.6586889624595642],"p":[-91.98516082763672,3.7941675186157227,-30.801374435424805]},"j":false},{"t":6.436774730682373,"c":{"r":[0.6586892604827881,1.216533540571163e-9,0.752415120601654,-7.77922082306759e-9,1,5.193350638421634e-9,-0.752415120601654,-9.274007339854506e-9,0.6586892604827881],"p":[-92.64337921142578,3.776386022567749,-31.377595901489258]},"j":false},{"t":6.5026655197143555,"c":{"r":[0.6586890816688538,1.125768545051642e-8,0.7524152398109436,-6.838129706920881e-8,1,4.490117433419982e-8,-0.7524152398109436,-8.10270464057794e-8,0.6586890816688538],"p":[-93.39559936523438,3.7543179988861084,-32.03612518310547]},"j":false},{"t":6.568368673324585,"c":{"r":[0.6586891412734985,-8.59425774990541e-9,0.7524151802062988,5.262865343524936e-8,1,-3.46506361381671e-8,-0.7524151802062988,6.242259331656896e-8,0.6586891412734985],"p":[-94.14768981933594,3.72505259513855,-32.69453048706055]},"j":false},{"t":6.6341235637664795,"c":{"r":[0.6586894392967224,-3.7769405381027354e-9,0.7524149417877197,2.297113077531776e-8,1,-1.5089945293311757e-8,-0.7524149417877197,2.7223409304610868e-8,0.6586894392967224],"p":[-94.89970397949219,3.692493438720703,-33.35287857055664]},"j":false},{"t":6.700324296951294,"c":{"r":[0.6427871584892273,1.4347373067380431e-8,0.7660447955131531,-9.712563553421205e-8,1,6.27688336862775e-8,-0.7660447955131531,-1.1474958938606505e-7,0.6427871584892273],"p":[-95.65390014648438,3.6717112064361572,-34.00916290283203]},"j":false},{"t":6.769750356674194,"c":{"r":[0.6320288777351379,-3.2626210622055396e-9,0.7749448418617249,2.1796838112209116e-8,1,-1.3566913814599957e-8,-0.7749448418617249,2.546602750896909e-8,0.6320288777351379],"p":[-96.42469024658203,3.6628670692443848,-34.64614486694336]},"j":false},{"t":6.840990781784058,"c":{"r":[0.6266036033630371,-5.551752835231127e-9,0.7793381810188293,4.451158019946888e-8,1,-2.8664532081279503e-8,-0.7793381810188293,5.265087210659658e-8,0.6266036033630371],"p":[-97.24842834472656,3.648972749710083,-35.317100524902344]},"j":false},{"t":6.903024196624756,"c":{"r":[0.6266036033630371,1.0107648051871365e-8,0.7793381214141846,-6.587990242223896e-8,1,3.9999246581601255e-8,-0.7793381214141846,-7.640639410055883e-8,0.6266036033630371],"p":[-97.97899627685547,3.636151075363159,-35.904502868652344]},"j":false},{"t":6.963408470153809,"c":{"r":[0.6266035437583923,2.786727071324435e-9,0.7793381810188293,-2.0795868138634432e-8,1,1.3144533461684205e-8,-0.7793381810188293,-2.444342506180419e-8,0.6266035437583923],"p":[-98.70958709716797,3.623077630996704,-36.49188232421875]},"j":false},{"t":7.0257744789123535,"c":{"r":[0.6266034245491028,-1.4709753415331761e-8,0.7793383002281189,9.343465023903263e-8,1,-5.624863774755795e-8,-0.7793383002281189,1.0806279249209183e-7,0.6266034245491028],"p":[-99.39147186279297,3.6209869384765625,-37.04014587402344]},"j":false},{"t":7.089407444000244,"c":{"r":[0.6266034245491028,2.1907755609618107e-9,0.7793383002281189,-1.2168938745560354e-8,1,6.9729959584208245e-9,-0.7793383002281189,-1.3853022728937958e-8,0.6266034245491028],"p":[-100.1706771850586,3.6313607692718506,-37.666683197021484]},"j":false},{"t":7.153287410736084,"c":{"r":[0.6266035437583923,1.2699701734675273e-8,0.7793381810188293,-7.86061846724806e-8,1,4.690545551966352e-8,-0.7793381810188293,-9.065192330126592e-8,0.6266035437583923],"p":[-100.90126037597656,3.645566701889038,-38.25405502319336]},"j":false},{"t":7.217621326446533,"c":{"r":[0.6266035437583923,-8.419769770284802e-9,0.7793381810188293,5.0734854539769e-8,1,-2.998809733867347e-8,-0.7793381810188293,5.8330257957095455e-8,0.6266035437583923],"p":[-101.68055725097656,3.657066583633423,-38.88064193725586]},"j":false},{"t":7.281864166259766,"c":{"r":[0.6266035437583923,-4.17295353827285e-9,0.7793381810188293,2.573392521298956e-8,1,-1.5336109271402165e-8,-0.7793381810188293,2.9665089940067446e-8,0.6266035437583923],"p":[-102.45970153808594,3.668384075164795,-39.507083892822266]},"j":false},{"t":7.346656322479248,"c":{"r":[0.6266035437583923,1.4000526071811237e-8,0.7793381810188293,-8.405744011952265e-8,1,4.961923494306575e-8,-0.7793381810188293,-9.660075761530607e-8,0.6266035437583923],"p":[-103.188720703125,3.7121663093566895,-40.09321975708008]},"j":false},{"t":7.410569667816162,"c":{"r":[0.6266036033630371,-3.327300657218757e-10,0.7793381214141846,1.7073683578061605e-9,1,-9.45819422781824e-10,-0.7793381214141846,1.923271097936663e-9,0.6266036033630371],"p":[-103.91609954833984,3.7917609214782715,-40.67803955078125]},"j":false},{"t":7.473662853240967,"c":{"r":[0.6266036033630371,-1.4394060166011968e-8,0.7793381214141846,8.603171863796888e-8,1,-5.0701643772299576e-8,-0.7793381214141846,9.88176296345955e-8,0.6266036033630371],"p":[-104.63530731201172,3.911120891571045,-41.25631332397461]},"j":false},{"t":7.538872480392456,"c":{"r":[0.6266035437583923,6.719095058116409e-9,0.7793381810188293,-3.99215132063091e-8,1,2.347615790654345e-8,-0.7793381810188293,-4.582260260121984e-8,0.6266035437583923],"p":[-105.373291015625,4.1725664138793945,-41.84967041015625]},"j":false},{"t":7.60423731803894,"c":{"r":[0.6266036033630371,7.949771507753667e-9,0.7793381214141846,-4.740098802358261e-8,1,2.7910681765774825e-8,-0.7793381214141846,-5.4430330465038423e-8,0.6266036033630371],"p":[-106.06985473632812,4.467197418212891,-42.409725189208984]},"j":false},{"t":7.6671600341796875,"c":{"r":[0.6266036033630371,-1.3252725139523136e-8,0.7793381810188293,7.87709026894845e-8,1,-4.6328292313546626e-8,-0.7793381810188293,9.041864501568853e-8,0.6266036033630371],"p":[-106.83470916748047,4.691583633422852,-43.024681091308594]},"j":false},{"t":7.733702182769775,"c":{"r":[0.6266035437583923,-5.962213361909718e-11,0.7793381810188293,4.089564520359801e-10,1,-2.5230567635148304e-10,-0.7793381810188293,4.768110350994448e-10,0.6266035437583923],"p":[-107.61238861083984,4.733370780944824,-43.649940490722656]},"j":false},{"t":7.800593614578247,"c":{"r":[0.6266035437583923,1.444194541733168e-8,0.7793381810188293,-8.57752766592057e-8,1,5.043400364002082e-8,-0.7793381810188293,-9.845007298281416e-8,0.6266035437583923],"p":[-108.32056427001953,4.490975379943848,-44.21932601928711]},"j":false},{"t":7.861833572387695,"c":{"r":[0.6266034245491028,-5.107893219502557e-9,0.7793382406234741,3.029381900887529e-8,1,-1.7802689100676616e-8,-0.7793382406234741,3.4764358503025505e-8,0.6266034245491028],"p":[-108.99211883544922,4.097372055053711,-44.7592658996582]},"j":false},{"t":7.926562547683716,"c":{"r":[0.6266035437583923,-7.817062552817333e-9,0.7793381810188293,4.640561712676572e-8,1,-2.728066128554474e-8,-0.7793381810188293,5.325982854742506e-8,0.6266035437583923],"p":[-109.6999282836914,3.67931866645813,-45.328369140625]},"j":false},{"t":7.991441011428833,"c":{"r":[0.6266035437583923,1.1403598954018435e-8,0.7793381810188293,-6.764989990415415e-8,1,3.975946682999165e-8,-0.7793381810188293,-7.763557619000494e-8,0.6266035437583923],"p":[-110.39192962646484,3.399153232574463,-45.88475799560547]},"j":false},{"t":8.055922985076904,"c":{"r":[0.6427873969078064,1.2795672299503735e-9,0.7660446166992188,-8.102392534681258e-9,1,5.128355073935609e-9,-0.7660446166992188,-9.503236420016492e-9,0.6427873969078064],"p":[-111.15742492675781,3.3727457523345947,-46.51259994506836]},"j":false},{"t":8.119744539260864,"c":{"r":[0.642787516117096,-2.042247260192198e-8,0.766044557094574,1.038358234950465e-7,1,-6.04689347483145e-8,-0.766044557094574,1.1841154190506131e-7,0.642787516117096],"p":[-111.84601593017578,3.548410177230835,-47.090389251708984]},"j":false},{"t":8.1823091506958,"c":{"r":[0.6427874565124512,4.133327902167139e-9,0.766044557094574,-2.0087222551978812e-8,1,1.1459499127397521e-8,-0.766044557094574,-2.2753729567170922e-8,0.6427874565124512],"p":[-112.52362060546875,3.8473217487335205,-47.65897750854492]},"j":false},{"t":8.244948863983154,"c":{"r":[0.6481197476387024,1.308051089665696e-8,0.7615384459495544,-6.411541875195326e-8,1,3.73900448380482e-8,-0.7615384459495544,-7.305958149572689e-8,0.6481197476387024],"p":[-113.20768737792969,4.135296821594238,-48.23429489135742]},"j":false},{"t":8.305909156799316,"c":{"r":[0.6481197476387024,-1.1251118259281156e-8,0.7615384459495544,5.063904140456543e-8,1,-2.832298839905434e-8,-0.7615384459495544,5.692026405768047e-8,0.6481197476387024],"p":[-113.88182830810547,4.428811073303223,-48.80801773071289]},"j":false},{"t":8.367744445800781,"c":{"r":[0.6534203290939331,-8.872867773845883e-9,0.7569953203201294,3.871563336588224e-8,1,-2.16972448896513e-8,-0.7569953203201294,4.348497384398797e-8,0.6534203290939331],"p":[-114.5532455444336,4.744007110595703,-49.380741119384766]},"j":false},{"t":8.428499698638916,"c":{"r":[0.6534203290939331,1.626246692865152e-8,0.7569953203201294,-7.526507062038945e-8,1,4.348409987642299e-8,-0.7569953203201294,-8.538869877838806e-8,0.6534203290939331],"p":[-115.1838150024414,5.024748802185059,-49.925010681152344]},"j":false},{"t":8.492491245269775,"c":{"r":[0.6534203290939331,1.0612447587377005e-9,0.7569953203201294,-3.934088166346328e-9,1,1.9938939388453036e-9,-0.7569953203201294,-4.280936938272362e-9,0.6534203290939331],"p":[-115.90916442871094,5.3179731369018555,-50.55113220214844]},"j":false},{"t":8.556672811508179,"c":{"r":[0.6534203290939331,-1.9398193273900688e-8,0.7569953203201294,9.110548404578367e-8,1,-5.3014833412134976e-8,-0.7569953203201294,1.0360739111092698e-7,0.6534203290939331],"p":[-116.58419799804688,5.599461555480957,-51.13380813598633]},"j":false},{"t":8.619892120361328,"c":{"r":[0.6156613230705261,5.765760313636292e-9,0.788010835647583,-2.5759701927086098e-8,1,1.280882333531963e-8,-0.788010835647583,-2.8184821587728948e-8,0.6156613230705261],"p":[-117.25764465332031,5.899825096130371,-51.70951461791992]},"j":false},{"t":8.683077812194824,"c":{"r":[0.610145092010498,1.1626736018399697e-8,0.7922897338867188,-5.62751409916018e-8,1,2.866282677871368e-8,-0.7922897338867188,-6.20746973822861e-8,0.610145092010498],"p":[-118.00607299804688,6.2236833572387695,-52.28904342651367]},"j":false},{"t":8.745547771453857,"c":{"r":[0.6101449728012085,-1.2224385059766973e-8,0.7922897934913635,5.760243482200167e-8,1,-2.8930640993962697e-8,-0.7922897934913635,6.32897041441538e-8,0.6101449728012085],"p":[-118.66226196289062,6.506285667419434,-52.79439163208008]},"j":false},{"t":8.807009220123291,"c":{"r":[0.610145092010498,-6.828075882481244e-9,0.7922897338867188,3.267160053610496e-8,1,-1.654235859405162e-8,-0.7922897338867188,3.59786120895933e-8,0.610145092010498],"p":[-119.36527252197266,6.808775901794434,-53.335811614990234]},"j":false},{"t":8.86986517906189,"c":{"r":[0.6101449728012085,1.9099463344218748e-8,0.7922897934913635,-8.973333365247527e-8,1,4.49972716864977e-8,-0.7922897934913635,-9.85496626526583e-8,0.6101449728012085],"p":[-120.06652069091797,7.113713264465332,-53.8758544921875]},"j":false},{"t":8.931318998336792,"c":{"r":[0.610144853591919,3.074480600662177e-11,0.7922899127006531,-3.9697076181788304e-10,1,2.669033882796157e-10,-0.7922899127006531,-4.773656470113963e-10,0.610144853591919],"p":[-120.76165008544922,7.435670852661133,-54.41117858886719]},"j":false},{"t":8.99299669265747,"c":{"r":[0.6101449728012085,-1.8987897476563376e-8,0.7922897934913635,8.887117530775868e-8,1,-4.4474134597294324e-8,-0.7922897934913635,9.754739949130453e-8,0.6101449728012085],"p":[-121.44951629638672,7.779139518737793,-54.94091796875]},"j":false},{"t":9.053805828094482,"c":{"r":[0.610145092010498,6.75350841916611e-9,0.7922897338867188,-3.140847582017159e-8,1,1.5663738750504308e-8,-0.7922897338867188,-3.444176499556306e-8,0.610145092010498],"p":[-122.12430572509766,8.152120590209961,-55.4605827331543]},"j":false},{"t":9.1181321144104,"c":{"r":[0.6101449728012085,1.1990420212271147e-8,0.7922897934913635,-5.59864261617804e-8,1,2.7981450045899692e-8,-0.7922897934913635,-6.143021380466962e-8,0.6101449728012085],"p":[-122.77489471435547,8.582808494567871,-55.96160125732422]},"j":false},{"t":9.18921422958374,"c":{"r":[0.6101449728012085,-1.674947647245517e-8,0.7922897934913635,7.799869905511514e-8,1,-3.89264620537233e-8,-0.7922897934913635,8.554835773111336e-8,0.6101449728012085],"p":[-123.50668334960938,9.109055519104004,-56.52515411376953]},"j":false},{"t":9.249694108963013,"c":{"r":[0.6211475729942322,-3.9785992278496e-9,0.7836936116218567,1.641917357630973e-8,1,-7.936942658659518e-9,-0.7836936116218567,1.779761404918645e-8,0.6211475729942322],"p":[-124.12763214111328,9.51555347442627,-57.00334548950195]},"j":false},{"t":9.311657428741455,"c":{"r":[0.6427874565124512,2.1264487060079773e-8,0.7660446166992188,-9.743184392618787e-8,1,5.3996178195347966e-8,-0.7660446166992188,-1.0934520133787373e-7,0.6427874565124512],"p":[-124.78990936279297,9.911598205566406,-57.54475784301758]},"j":false},{"t":9.37288212776184,"c":{"r":[0.6427875757217407,-2.5081208221422457e-9,0.7660444974899292,1.1833378721348708e-8,1,-6.6552634514494e-9,-0.7660444974899292,1.3342814852990159e-8,0.6427875757217407],"p":[-125.44821166992188,10.291300773620605,-58.09714889526367]},"j":false},{"t":9.435245990753174,"c":{"r":[0.6427875757217407,-1.575273955722878e-8,0.7660444974899292,7.252127431911504e-8,1,-4.0288824720846605e-8,-0.7660444974899292,8.1451673850097e-8,0.6427875757217407],"p":[-126.1084213256836,10.663670539855957,-58.65113067626953]},"j":false},{"t":9.49825930595398,"c":{"r":[0.6427874565124512,9.258282140933716e-9,