{"v":1,"d":[{"t":0.06704926490783691,"c":{"r":[-0.020942503586411476,-2.3997563936006827e-9,0.9997806549072266,1.1416177336798228e-8,1,2.6394186836142808e-9,-0.9997806549072266,1.146894934578313e-8,-0.020942503586411476],"p":[-6.805352687835693,13.728201866149902,-7.896377086639404]},"j":false},{"t":0.04,"j":false,"c":{"p":[-6.625619446301864,13.728201866149902,-7.900141938752604],"r":[-0.020942503586411476,2.7952247686975815e-9,0.9997806549072266,-1.3297412604110246e-8,1,-3.0743798812394877e-9,-0.9997806549072266,-1.3358883094249879e-8,-0.020942503586411476]}},{"t":0.08,"j":false,"c":{"p":[-6.891405954210633,13.728201866149902,-7.894574538490856],"r":[-0.020942503586411476,-4.887026383041682e-9,0.9997806549072266,2.324863036617139e-8,1,5.37508975769081e-9,-0.9997806549072266,2.335609977072211e-8,-0.020942503586411476]}},{"t":0.12,"j":false,"c":{"p":[-7.157192462119401,13.728201866149902,-7.889007138229107],"r":[-0.020942503586411476,-1.2569277534780945e-8,0.9997806549072266,5.979467333645302e-8,1,1.3824559396621106e-8,-0.9997806549072266,6.007108263569409e-8,-0.020942503586411476]}},{"t":0.16,"j":false,"c":{"p":[-7.665578482667813,13.728201866149902,-7.878357779559116],"r":[-0.020942503586411476,-3.666188712687857e-9,0.9997806549072266,1.744081119905989e-8,1,4.032327295440702e-9,-0.9997806549072266,1.7521434546520952e-8,-0.020942503586411476]}},{"t":0.2,"j":false,"c":{"p":[-8.248896851332407,13.728201866149902,-7.866138793935731],"r":[-0.020942503586411476,8.644569651738368e-9,0.9997806549072266,-4.11240421592027e-8,1,-9.507895171383903e-9,-0.9997806549072266,-4.131414153852552e-8,-0.020942503586411476]}},{"t":0.24000000000000002,"j":false,"c":{"p":[-8.86031866849624,13.728201866149902,-7.853331241601288],"r":[-0.020942503586411476,1.807441103996655e-8,0.9997806549072266,-8.598377495360617e-8,1,-1.9879486795242168e-8,-0.9997806549072266,-8.638124098528258e-8,-0.020942503586411476]}},{"t":0.28,"j":false,"c":{"p":[-9.465331362326436,13.728201866149902,-7.840657942216624],"r":[-0.020942503586411476,5.1913268029473354e-9,0.9997806549072266,-2.4696275380457385e-8,1,-5.70978131607798e-9,-0.9997806549072266,-2.4810434801400246e-8,-0.020942503586411476]}},{"t":0.32,"j":false,"c":{"p":[-10.065286759743222,13.728201866149902,-7.828581392668515],"r":[-0.017883328156457542,-1.2000184305015624e-8,0.9998020144831518,5.587873082169664e-8,1,1.3060854414918528e-8,-0.9998020144831518,5.611088363005699e-8,-0.017883328156457542]}},{"t":0.36,"j":false,"c":{"p":[-10.652553905897241,13.728201866149902,-7.819086646864029],"r":[-0.00038871141958557107,-1.0614254894892974e-8,0.9999241642594657,4.2374029445626726e-8,1,1.0748612498100638e-8,-0.9999241642594657,4.239419853717146e-8,-0.00038871141958557107]}},{"t":0.39999999999999997,"j":false,"c":{"p":[-11.259476736200766,13.728201866149902,-7.819393463346018],"r":[0.00965854273282548,-1.289822885908631e-9,0.9999475954662581,-5.675425104503566e-9,1,1.526649429164653e-9,-0.9999475954662581,-5.652466283876388e-9,0.00965854273282548]}},{"t":0.43999999999999995,"j":false,"c":{"p":[-11.878246977280567,13.728201866149902,-7.826886542534924],"r":[0.013962137512862682,1.2464807842124925e-8,0.9999025464057922,-7.175083692891066e-8,1,-1.1464130256455156e-8,-0.9999025464057922,-7.158377354252665e-8,0.013962137512862682]}},{"t":0.4799999999999999,"j":false,"c":{"p":[-12.464206045987464,13.728201866149902,-7.835068330233181],"r":[0.013962137512862682,8.236799818675087e-9,0.9999025464057922,-4.287225540106252e-8,1,-7.63895591461384e-9,-0.9999025464057922,-4.276141759501336e-8,0.013962137512862682]}},{"t":0.5199999999999999,"j":false,"c":{"p":[-13.04882790244038,13.728201866149902,-7.843231446342664],"r":[0.013962137512862682,-1.7619483551952472e-9,0.9999025464057922,1.6313519301646265e-8,1,1.5343267551100396e-9,-0.9999025464057922,1.6290506145505197e-8,0.013962137512862682]}},{"t":0.5599999999999999,"j":false,"c":{"p":[-13.631941555958038,13.728201866149902,-7.85137350330846],"r":[0.013962137512862682,-1.826934705000692e-8,0.9999025464057922,1.096818985757033e-7,1,1.6739585765301643e-8,-0.9999025464057922,1.094374830395501e-7,0.013962137512862682]}},{"t":0.6,"j":false,"c":{"p":[-14.235487649843314,13.728201866149902,-7.859800859876521],"r":[0.013962137512862682,-7.064840661973519e-9,0.9999025464057922,3.908904753876433e-8,1,6.519709840135149e-9,-0.9999025464057922,3.899420654359003e-8,0.013962137512862682]}},{"t":0.64,"j":false,"c":{"p":[-14.84118531799085,13.728201866149902,-7.868258259027368],"r":[0.013962137512862682,4.2654613787608725e-9,0.9999025464057922,-3.1807820428804055e-8,1,-3.821728705732574e-9,-0.9999025464057922,-3.175136074908145e-8,0.013962137512862682]}},{"t":0.68,"j":false,"c":{"p":[-15.452522530683119,13.728201866149902,-7.876794403535432],"r":[0.013962137512862682,1.2811167328038347e-8,0.9999025464057922,-8.458420599483547e-8,1,-1.1631324364407658e-8,-0.9999025464057922,-8.441356541953688e-8,0.013962137512862682]}},{"t":0.7200000000000001,"j":false,"c":{"p":[-16.039464657912507,13.54041519029604,-7.884989917748997],"r":[0.013962137512862682,5.967196684601531e-9,0.9999025464057922,-3.743093925919754e-8,1,-5.4451111551948894e-9,-0.9999025464057922,-3.735126642372859e-8,0.013962137512862682]}},{"t":0.7600000000000001,"j":false,"c":{"p":[-16.623177163836694,13.275763515738282,-7.893140336533075],"r":[0.013962137512862682,-5.8167610472238495e-9,0.9999025464057922,4.105534428963484e-8,1,5.244052001466358e-9,-0.9999025464057922,4.097812549930159e-8,0.013962137512862682]}},{"t":0.8000000000000002,"j":false,"c":{"p":[-17.251812546361275,13.077793520801304,-7.901918016603424],"r":[0.013962137512862682,-4.840039009857629e-9,0.9999025464057922,3.269084704984952e-8,1,4.384032299159556e-9,-0.9999025464057922,3.262645091381458e-8,0.013962137512862682]}},{"t":0.8400000000000002,"j":false,"c":{"p":[-17.868079568087612,12.96007737310594,-7.9105229963818395],"r":[0.013962137512862682,-2.5967139856636264e-10,0.9999025464057922,-1.3073793531584807e-10,1,2.615220519631469e-10,-0.9999025464057922,-1.3437704592973371e-10,0.013962137512862682]}},{"t":0.8800000000000002,"j":false,"c":{"p":[-18.463071055886793,12.980410517279255,-7.9188309043833085],"r":[0.013962137512862682,1.0519535729144792e-8,0.9999025464057922,-7.502237638788803e-8,1,-9.472987182575575e-9,-0.9999025464057922,-7.488280378440101e-8,0.013962137512862682]}},{"t":0.9200000000000003,"j":false,"c":{"p":[-19.049109317775386,12.990775723712726,-7.927013797861534],"r":[0.013962137512862682,9.232744427035601e-9,0.9999025464057922,-6.499532655502143e-8,1,-8.326082973725112e-9,-0.9999025464057922,-6.487274402775872e-8,0.013962137512862682]}},{"t":0.9600000000000003,"j":false,"c":{"p":[-19.63199781716825,12.993779118059248,-7.935152710984446],"r":[0.013962137512862682,-5.509840414842943e-10,0.9999025464057922,4.781186065142824e-9,1,4.842756646311713e-10,-0.9999025464057922,4.773958455504826e-9,0.013962137512862682]}},{"t":1.0000000000000002,"j":false,"c":{"p":[-20.25680712304163,12.994172583607176,-7.943876967277352],"r":[0.013962137512862682,-8.196497076630403e-9,0.9999025464057922,5.8861035276127495e-8,1,7.375390052608042e-9,-0.9999025464057922,5.8752321063106504e-8,0.013962137512862682]}},{"t":1.0400000000000003,"j":false,"c":{"p":[-20.86572388896823,12.994360830638307,-7.95237931491695],"r":[0.013962137512862682,-5.560883040617714e-9,0.9999025464057922,3.941124848363467e-8,1,5.0111060446018095e-9,-0.9999025464057922,3.9337440508289375e-8,0.013962137512862682]}},{"t":1.0800000000000003,"j":false,"c":{"p":[-21.46276017172722,12.994395666374412,-7.960715774534293],"r":[0.013962137512862682,4.760397196139904e-9,0.9999025464057922,-3.500568678135616e-8,1,-4.272059729391444e-9,-0.9999025464057922,-3.4942627922556834e-8,0.013962137512862682]}},{"t":1.1200000000000003,"j":false,"c":{"p":[-22.080467762067197,12.994403890539719,-7.969340869073604],"r":[0.013962137512862682,7.61914084585785e-9,0.9999025464057922,-5.535508454182328e-8,1,-6.84693315147762e-9,-0.9999025464057922,-5.525409025940263e-8,0.013962137512862682]}},{"t":1.1600000000000004,"j":false,"c":{"p":[-22.6916833218388,12.994404792785645,-7.977875314933379],"r":[0.013962137512862682,4.54571981303199e-9,0.9999025464057922,-3.2737915700588635e-8,1,-4.089027078328946e-9,-0.9999025464057922,-3.267763082153088e-8,0.013962137512862682]}},{"t":1.2000000000000004,"j":false,"c":{"p":[-23.27354186397371,12.994404792785645,-7.985999846690642],"r":[0.013962137512862682,-8.353487359311239e-9,0.9999025464057922,6.103659974724489e-8,1,7.502017588279667e-9,-0.9999025464057922,6.092590990786168e-8,0.013962137512862682]}},{"t":1.2400000000000004,"j":false,"c":{"p":[-23.875574442455687,12.994404792785645,-7.994406069936652],"r":[0.013962137512862682,-6.4009376651266904e-9,0.9999025464057922,4.660669421684233e-8,1,5.750769379770495e-9,-0.9999025464057922,4.6521860516074774e-8,0.013962137512862682]}},{"t":1.2800000000000005,"j":false,"c":{"p":[-24.48177872695518,12.994404792785645,-8.002870562613769],"r":[0.013962137512862682,-2.4680423897198535e-10,0.9999025464057922,1.5661440052381743e-9,1,2.2495943662302667e-10,-0.9999025464057922,1.5628503526438201e-9,0.013962137512862682]}},{"t":1.3200000000000005,"j":false,"c":{"p":[-25.051550623649792,12.994404792785645,-8.010826871117036],"r":[0.013962137512862682,9.288299111839383e-9,0.9999025464057922,-6.809236602247205e-8,1,-8.338396578912697e-9,-0.9999025464057922,-6.796930690969857e-8,0.013962137512862682]}},{"t":1.3600000000000005,"j":false,"c":{"p":[-25.6320573160354,12.994404792785645,-8.018932764108234],"r":[0.013962137512862682,1.2448604937504426e-8,0.9999025464057922,-9.110131611914685e-8,1,-1.1177724888332435e-8,-0.9999025464057922,-9.093637065929948e-8,0.013962137512862682]}},{"t":1.4000000000000006,"j":false,"c":{"p":[-26.240010710331795,12.994404792785645,-8.027421114387751],"r":[0.013962137512862682,-6.90157467911183e-10,0.9999025464057922,5.163225572198655e-9,1,6.181281975093266e-10,-0.9999025464057922,5.154093827402761e-9,0.013962137512862682]}},{"t":1.4400000000000006,"j":false,"c":{"p":[-26.840458836574587,12.994404792785645,-8.035804959309745],"r":[0.013962137512862682,-5.86677456482675e-9,0.9999025464057922,4.304857935061583e-8,1,5.2662377174839134e-9,-0.9999025464057922,4.2970856913421525e-8,0.013962137512862682]}},{"t":1.4800000000000006,"j":false,"c":{"p":[-27.434348069763317,12.994404792785645,-8.044097476452544],"r":[0.013962137512862682,-4.085231182143595e-9,0.9999025464057922,2.991605510397974e-8,1,3.667896705435688e-9,-0.9999025464057922,2.986192718982756e-8,0.013962137512862682]}},{"t":1.5200000000000007,"j":false,"c":{"p":[-28.05094556956322,12.994404792785645,-8.052707543795472],"r":[0.013962137512862682,3.972303292689632e-9,0.9999025464057922,-2.9235887128868193e-8,1,-3.5644549586991292e-9,-0.9999025464057922,-2.9183270217803846e-8,0.013962137512862682]}},{"t":1.5600000000000007,"j":false,"c":{"p":[-28.660630081430224,12.994404792785645,-8.061221092124041],"r":[0.013962137512862682,1.0454756426993175e-8,0.9999025464057922,-7.679914274089314e-8,1,-9.383390462727631e-9,-0.9999025464057922,-7.666064439926217e-8,0.013962137512862682]}},{"t":1.6000000000000008,"j":false,"c":{"p":[-29.22463440020498,12.994404792785645,-8.06909632410449],"r":[0.013962137512862682,5.355212049665675e-9,0.9999025464057922,-3.931416183857221e-8,1,-4.806770869796049e-9,-0.9999025464057922,-3.924321652698505e-8,0.013962137512862682]}},{"t":1.6400000000000008,"j":false,"c":{"p":[-29.842987565271955,12.994404792785645,-8.077730033644535],"r":[0.013962137512862682,-2.424191419569518e-9,0.9999025464057922,1.7835244340358378e-8,1,2.1753850744534524e-9,-0.9999025464057922,1.7803133032358475e-8,0.013962137512862682]}},{"t":1.6800000000000008,"j":false,"c":{"p":[-30.48329482239677,12.994404792785645,-8.086670156027736],"r":[0.013962137512862682,-1.0695421732902248e-8,0.9999025464057922,7.858666114521763e-8,1,9.599119235930834e-9,-0.9999025464057922,7.844497664160773e-8,0.013962137512862682]}},{"t":1.7200000000000009,"j":false,"c":{"p":[-31.068400433602438,12.994404792785645,-8.094840584890148],"r":[0.013962137512862682,-1.557708155296527e-9,0.9999025464057922,1.1421043942696574e-8,1,1.398382069614582e-9,-0.9999025464057922,1.1400407726264621e-8,0.013962137512862682]}},{"t":1.760000000000001,"j":false,"c":{"p":[-31.65154257608227,12.994404792785645,-8.10298345947292],"r":[0.013962137512862682,5.722370635186613e-9,0.9999025464057922,-4.208758945397465e-8,1,-5.135238471810217e-9,-0.9999025464057922,-4.2011786585650806e-8,0.013962137512862682]}},{"t":1.800000000000001,"j":false,"c":{"p":[-32.230693358910116,12.994404792785645,-8.111070321429386],"r":[0.013962137512862682,9.226230105297435e-9,0.9999025464057922,-6.783416409552043e-8,1,-8.279926995020401e-9,-0.9999025464057922,-6.77119479851359e-8,0.013962137512862682]}},{"t":1.840000000000001,"j":false,"c":{"p":[-32.826164086409015,12.994404792785645,-8.119384803741614],"r":[0.013962137512862682,2.4020069508378747e-9,0.9999025464057922,-1.7650131022990037e-8,1,-2.155783414452919e-9,-0.9999025464057922,-1.7618311354253963e-8,0.013962137512862682]}},{"t":1.880000000000001,"j":false,"c":{"p":[-33.43236829020468,12.994404792785645,-8.127848989851401],"r":[0.013962137512862682,-1.12149003870756e-8,0.9999025464057922,8.247275873843173e-8,1,1.0064385103079996e-8,-0.9999025464057922,8.232420350500008e-8,0.013962137512862682]}},{"t":1.920000000000001,"j":false,"c":{"p":[-34.04246408962184,12.994404792785645,-8.136368445663285],"r":[0.013962137512862682,-6.4067310709403926e-9,0.9999025464057922,4.7108192401157056e-8,1,5.7495602810796255e-9,-0.9999025464057922,4.702332693521577e-8,0.013962137512862682]}},{"t":1.960000000000001,"j":false,"c":{"p":[-34.65206506988166,12.994404792785645,-8.144881094047594],"r":[0.013962137512862682,1.6152972306434876e-9,0.9999025464057922,-1.1889025403478218e-8,1,-1.4494422761995531e-9,-0.9999025464057922,-1.1867628873174569e-8,0.013962137512862682]}},{"t":2.000000000000001,"j":false,"c":{"p":[-35.25227169842845,12.994404792785645,-8.153262077216931],"r":[0.013962137512862682,9.490229555942287e-9,0.9999025464057922,-6.980278093646872e-8,1,-8.516463793590257e-9,-0.9999025464057922,-6.967706779749698e-8,0.013962137512862682]}},{"t":2.040000000000001,"j":false,"c":{"p":[-35.852877220963585,12.994404792785645,-8.161648446051467],"r":[0.013962137512862682,1.0102078935412716e-8,0.9999025464057922,-7.429819850494725e-8,1,-9.065601083108006e-9,-0.9999025464057922,-7.416437863743074e-8,0.013962137512862682]}},{"t":2.080000000000001,"j":false,"c":{"p":[-36.454252342850616,12.994404792785645,-8.170045205627824],"r":[0.013962137512862682,-3.2989775983057337e-9,0.9999025464057922,2.4268148402989395e-8,1,2.9604310312567067e-9,-0.9999025464057922,2.422445409837496e-8,0.013962137512862682]}},{"t":2.120000000000001,"j":false,"c":{"p":[-37.06195656600028,12.994404792785645,-8.178530651894285],"r":[0.013962137512862682,-6.713659645048819e-9,0.9999025464057922,4.9381529397460526e-8,1,6.024775290175935e-9,-0.9999025464057922,4.9292601626491586e-8,0.013962137512862682]}},{"t":2.160000000000001,"j":false,"c":{"p":[-37.674342531394785,12.994404792785645,-8.187081701191318],"r":[0.013962137512862682,-2.7412531671696076e-9,0.9999025464057922,2.016052083879412e-8,1,2.460008893916945e-9,-0.9999025464057922,2.0124209855829185e-8,0.013962137512862682]}},{"t":2.200000000000001,"j":false,"c":{"p":[-38.25455076276464,12.994404792785645,-8.195183896755056],"r":[0.013962137512862682,5.261131064878374e-9,0.9999025464057922,-3.870202564495661e-8,1,-4.721228543574447e-9,-0.9999025464057922,-3.8632333353532396e-8,0.013962137512862682]}},{"t":2.240000000000001,"j":false,"c":{"p":[-38.832805890262925,12.994404792785645,-8.203258799542757],"r":[0.013962137512862682,1.2221703915497851e-8,0.9999025464057922,-8.990086174889132e-8,1,-1.0967565198267634e-8,-0.9999025464057922,-8.973896599273427e-8,0.013962137512862682]}},{"t":2.280000000000001,"j":false,"c":{"p":[-39.44936933290856,12.994404792785645,-8.211867627548845],"r":[0.013962137512862682,2.5834123121520754e-9,0.9999025464057922,-1.900231721125449e-8,1,-2.318325411320009e-9,-0.9999025464057922,-1.896809576710311e-8,0.013962137512862682]}},{"t":2.320000000000001,"j":false,"c":{"p":[-40.05178745089715,12.994404792785645,-8.22027914505264],"r":[0.013962137512862682,-4.766725981359848e-9,0.9999025464057922,3.5064421807390794e-8,1,4.2775688724056735e-9,-0.9999025464057922,3.500128033406891e-8,0.013962137512862682]}},{"t":2.360000000000001,"j":false,"c":{"p":[-40.63065442596114,12.994404792785645,-8.22836215204482],"r":[0.013962137512862682,-8.30722208285185e-9,0.9999025464057922,6.110718350011117e-8,1,7.454762306739105e-9,-0.9999025464057922,6.099714581843608e-8,0.013962137512862682]}},{"t":2.4000000000000012,"j":false,"c":{"p":[-41.23130400831835,12.994404792785645,-8.246591523380063],"r":[0.03796071552283509,-1.1983473611287764e-9,0.9989806036704967,5.762865831069821e-9,1,2.4390995774370307e-9,-0.9989806036704967,5.85585529616145e-9,0.03796071552283509]}},{"t":2.4400000000000013,"j":false,"c":{"p":[-41.835197056406095,12.994404792785645,-8.269186502113156],"r":[0.06405193917599536,6.550441329665716e-9,0.9979340946650149,-5.4022395625681284e-8,1,-3.1189916623022775e-9,-0.9979340946650149,-5.371420781434897e-8,0.06405193917599536]}},{"t":2.4800000000000013,"j":false,"c":{"p":[-42.43749526819265,12.994404792785645,-8.315058565386837],"r":[0.07592694129392868,5.561708819913133e-9,0.9970620483348003,-4.3249252825397066e-8,1,-2.3768117178700145e-9,-0.9970620483348003,-4.295487249398452e-8,0.07592694129392868]}},{"t":2.5200000000000014,"j":false,"c":{"p":[-43.032388124557826,12.994404792785645,-8.361942388411187],"r":[0.08367776870727539,1.1402556827439952e-9,0.996492862701416,-9.969748778269964e-9,1,-3.0708644681071594e-10,-0.996492862701416,-9.909089843492209e-9,0.08367776870727539]}},{"t":2.5600000000000014,"j":false,"c":{"p":[-43.61336361904652,12.994404792785645,-8.410727676764468],"r":[0.08367776870727539,-9.732530641584076e-9,0.996492862701416,6.560741097503062e-8,1,4.257580345187992e-9,-0.996492862701416,6.502105011134896e-8,0.08367776870727539]}},{"t":2.6000000000000014,"j":false,"c":{"p":[-44.21322689129851,12.994404792785645,-8.46109899704728],"r":[0.08367776870727539,-7.155664699612452e-9,0.996492862701416,4.9524432125745654e-8,1,3.0221695369947128e-9,-0.996492862701416,4.909785340275072e-8,0.08367776870727539]}},{"t":2.6400000000000015,"j":false,"c":{"p":[-44.82409437037585,12.994404792785645,-8.512401078197243],"r":[0.08368637479600309,3.2481727831445324e-9,0.99649204919507,-1.989954875492808e-8,1,-1.5878394816879348e-9,-0.99649204919507,-1.9696782121320156e-8,0.08368637479600309]}},{"t":2.6800000000000015,"j":false,"c":{"p":[-45.44686199366338,12.994404792785645,-8.574290117667509],"r":[0.09596829122099836,9.39152246061553e-9,0.9953310784835379,-5.9931005434222e-8,1,-3.3140020022847355e-9,-0.9953310784835379,-5.928595229670403e-8,0.09596829122099836]}},{"t":2.7200000000000015,"j":false,"c":{"p":[-46.06263773888299,12.994404792785645,-8.636524264695057],"r":[0.10452842712402344,8.872781081486226e-9,0.9945219159126282,-5.7722490249811334e-8,1,-2.854778565416327e-9,-0.9945219159126282,-5.710787582449401e-8,0.10452842712402344]}},{"t":2.7600000000000016,"j":false,"c":{"p":[-46.66233208808112,12.994404792785645,-8.699552162878547],"r":[0.10452842712402344,-6.968842586423905e-9,0.9945219159126282,4.1638422169957546e-8,1,2.6308564736498848e-9,-0.9945219159126282,4.113532471615666e-8,0.10452842712402344]}},{"t":2.8000000000000016,"j":false,"c":{"p":[-47.24886815188402,12.994404792785645,-8.76403971540913],"r":[0.1123474953008883,-9.355885013949396e-9,0.9936172208040478,5.383057862221777e-8,1,3.6300424801364624e-9,-0.9936172208040478,5.312622829235648e-8,0.1123474953008883]}},{"t":2.8400000000000016,"j":false,"c":{"p":[-47.82815171426566,12.994404792785645,-8.82933179109063],"r":[0.12447622855661741,-4.327115530025708e-9,0.9922138815056133,1.7977605518920237e-8,1,2.1564155776601054e-9,-0.9922138815056133,1.7577130452611805e-8,0.12447622855661741]}},{"t":2.8800000000000017,"j":false,"c":{"p":[-48.40793137009565,12.994404792785645,-8.910195288434847],"r":[0.140382739613619,6.421953110052846e-9,0.9899996295517149,-4.626599000906417e-8,1,8.571799634004464e-10,-0.9899996295517149,-4.579928341421849e-8,0.140382739613619]}},{"t":2.9200000000000017,"j":false,"c":{"p":[-48.99081645007701,12.994404792785645,-8.99439261376096],"r":[0.15298569202423096,1.2853061083326332e-8,0.9882283806800842,-8.28577085490036e-8,1,-1.791260168666068e-10,-0.9882283806800842,-8.185493983412408e-8,0.15298569202423096]}},{"t":2.9600000000000017,"j":false,"c":{"p":[-49.58446856452313,12.994404792785645,-9.086135693609005],"r":[0.15298569202423096,2.6024955943511918e-9,0.9882283806800842,-1.482066251295049e-8,1,-3.3913864809114664e-10,-0.9882283806800842,-1.4594316573782103e-8,0.15298569202423096]}},{"t":3.0000000000000018,"j":false,"c":{"p":[-50.18582277717422,12.994404792785645,-9.17915977261471],"r":[0.15298569202423096,-3.830280559928263e-9,0.9882283806800842,2.686636908056525e-8,1,-2.8322352603455517e-10,-0.9882283806800842,2.6593438188138957e-8,0.15298569202423096]}},{"t":3.040000000000002,"j":false,"c":{"p":[-50.79330213796213,12.994404792785645,-9.273202575271426],"r":[0.15298569202423096,-7.226932711645023e-9,0.9882283806800842,4.759836510158042e-8,1,-5.559032917524921e-11,-0.9882283806800842,4.704655965211607e-8,0.15298569202423096]}},{"t":3.080000000000002,"j":false,"c":{"p":[-51.364585331617505,12.994404792785645,-9.365153452223433],"r":[0.15950890141606988,-9.1819654044448e-11,0.987171873545118,-2.7046420919366137e-9,1,9.272259154515573e-10,-0.987171873545118,-2.7613727971541484e-9,0.15950890141606988]}},{"t":3.120000000000002,"j":false,"c":{"p":[-51.93287329901347,12.994404792785645,-9.458155945892376],"r":[0.16740463610983938,8.277961201138777e-9,0.9858839333989037,-6.09512977912662e-8,1,1.9305301803850144e-9,-0.9858839333989037,-6.04173753246023e-8,0.16740463610983938]}},{"t":3.160000000000002,"j":false,"c":{"p":[-52.55438107587836,12.994404792785645,-9.568743247929376],"r":[0.17557436370708562,5.465063858494527e-9,0.9844433718780945,-3.92237239203291e-8,1,1.3258738075401467e-9,-0.9844433718780945,-3.886351922210328e-8,0.17557436370708562]}},{"t":3.200000000000002,"j":false,"c":{"p":[-53.15495970236808,12.994404792785645,-9.676863954306695],"r":[0.18051910400390625,-6.705385811457927e-10,0.983571469783783,3.1703621090600456e-9,1,9.986819708311025e-11,-0.983571469783783,3.10025088582182e-9,0.18051910400390625]}},{"t":3.240000000000002,"j":false,"c":{"p":[-53.72344852396936,12.994404792785645,-9.781202731076792],"r":[0.18051910400390625,-1.1900707993313288e-8,0.983571469783783,7.725156065859637e-8,1,-2.0788266265110494e-9,-0.983571469783783,7.635770212667913e-8,0.18051910400390625]}},{"t":3.280000000000002,"j":false,"c":{"p":[-54.319291887863464,12.994404792785645,-9.89055628928192],"r":[0.18051910400390625,-6.037687882398486e-9,0.983571469783783,3.993799505292403e-8,1,-1.1914571403480195e-9,-0.983571469783783,3.949695513752408e-8,0.18051910400390625]}},{"t":3.320000000000002,"j":false,"c":{"p":[-54.924151236211955,12.994404792785645,-10.001562984681952],"r":[0.18051910400390625,4.375551252111069e-9,0.983571469783783,-2.709178548829258e-8,1,5.23636089543063e-10,-0.983571469783783,-2.674123356323608e-8,0.18051910400390625]}},{"t":3.360000000000002,"j":false,"c":{"p":[-55.534777968449234,12.994404792785645,-10.113628644106988],"r":[0.18051910400390625,1.1949456419329168e-8,0.983571469783783,-7.59915855572116e-8,1,1.7980153009695228e-9,-0.983571469783783,-7.5067731273866e-8,0.18051910400390625]}},{"t":3.400000000000002,"j":false,"c":{"p":[-56.134806210735114,12.994404792785645,-10.224804886387835],"r":[0.18271798003556727,7.218167750874443e-9,0.9831599695787734,-4.564019743545434e-8,1,8.867548472453642e-10,-0.9831599695787734,-4.5073025915055266e-8,0.18271798003556727]}},{"t":3.440000000000002,"j":false,"c":{"p":[-56.72555569043723,12.994404792785645,-10.335202462032521],"r":[0.18684192735025706,-8.286068070613703e-9,0.9823882093062484,5.409399550796946e-8,1,-1.9379887195998513e-9,-0.9823882093062484,5.3490301189724784e-8,0.18684192735025706]}},{"t":3.480000000000002,"j":false,"c":{"p":[-57.31083466098698,12.994404792785645,-10.446547436896136],"r":[0.18738120794296265,-6.8919545564265045e-9,0.9822872877120972,4.418152141009767e-8,1,-1.411839334628864e-9,-0.9822872877120972,4.366349634849061e-8,0.18738120794296265]}},{"t":3.5200000000000022,"j":false,"c":{"p":[-57.89462737521226,12.994404792785645,-10.558275501834943],"r":[0.18814576112728468,-1.7400976208396627e-9,0.9821386711877478,1.0032364603371637e-8,1,-7.066985241023068e-11,-0.9821386711877478,9.878446017038811e-9,0.18814576112728468]}},{"t":3.5600000000000023,"j":false,"c":{"p":[-58.47556514306657,12.994404792785645,-10.671039035201433],"r":[0.19220122967611836,8.643886380379812e-9,0.9813503550147267,-5.743832282239787e-8,1,2.6087636863256915e-9,-0.9813503550147267,-5.684331224177692e-8,0.19220122967611836]}},{"t":3.6000000000000023,"j":false,"c":{"p":[-59.04881809254613,12.994404792785645,-10.783409033467079],"r":[0.19423417747020721,9.664623531606313e-9,0.980955183506012,-6.358996728487662e-8,1,2.738882558320826e-9,-0.980955183506012,-6.291089318504574e-8,0.19423417747020721]}},{"t":3.6400000000000023,"j":false,"c":{"p":[-59.614346604822124,12.994404792785645,-10.89538346777459],"r":[0.19423417747020721,1.2738419211359135e-9,0.980955183506012,-8.106440471406143e-9,1,3.065438555145431e-10,-0.980955183506012,-8.011596193125996e-9,0.19423417747020721]}},{"t":3.6800000000000024,"j":false,"c":{"p":[-60.225464734547614,12.994404792785645,-11.01916442115307],"r":[0.19720007484787153,-3.7758561393927055e-9,0.9803571580377424,2.5077318065649314e-8,1,-1.2731172820505348e-9,-0.9803571580377424,2.4823974665108325e-8,0.19720007484787153]}},{"t":3.7200000000000024,"j":false,"c":{"p":[-60.85060394846408,12.994404792785645,-11.146583390389626],"r":[0.20108158009693158,-7.781068201619657e-9,0.9795744874920206,5.1289636582642235e-8,1,-2.5846907567982264e-9,-0.9795744874920206,5.076181866555644e-8,0.20108158009693158]}},{"t":3.7600000000000025,"j":false,"c":{"p":[-61.42148598736825,12.994404792785645,-11.26725324052544],"r":[0.20506904909984264,2.1043034785509496e-9,0.9787414526813767,-1.5325672153156304e-8,1,1.2570549146984604e-9,-0.9787414526813767,-1.5228991555393896e-8,0.20506904909984264]}},{"t":3.8000000000000025,"j":false,"c":{"p":[-61.98904699249575,12.994404792785645,-11.388115004217278],"r":[0.20919315634858085,9.075174350013755e-9,0.9778705232906917,-6.178298426515711e-8,1,3.930603727544838e-9,-0.9778705232906917,-6.123889207649056e-8,0.20919315634858085]}},{"t":3.8400000000000025,"j":false,"c":{"p":[-62.548363631676715,12.994404792785645,-11.50945318750987],"r":[0.2136564639116323,8.810885077295806e-9,0.9769055217507127,-5.81986791906816e-8,1,3.7041391566202694e-9,-0.9769055217507127,-5.764678834597361e-8,0.2136564639116323]}},{"t":3.8800000000000026,"j":false,"c":{"p":[-63.145784814309046,12.994404792785645,-11.640408941628154],"r":[0.21473519504070282,-2.1473643537908948e-9,0.9766722917556763,1.3422929728550833e-8,1,-7.525671582782204e-10,-0.9766722917556763,1.3271405110058684e-8,0.21473519504070282]}},{"t":3.9200000000000026,"j":false,"c":{"p":[-63.75437589290633,12.994399347045913,-11.774215715182683],"r":[0.21473519504070282,-1.510768682093752e-8,0.9766722917556763,9.763354139962708e-8,1,-5.997581075073329e-9,-0.9766722917556763,9.664386629323347e-8,0.21473519504070282]}},{"t":3.9600000000000026,"j":false,"c":{"p":[-64.34650622195998,12.994301940362808,-11.904403828438358],"r":[0.21473519504070282,-4.320104254205667e-9,0.9766722917556763,2.8245063548089532e-8,1,-1.7867866565679178e-9,-0.9766722917556763,2.796985661316453e-8,0.21473519504070282]}},{"t":4.000000000000003,"j":false,"c":{"p":[-64.937244077291,12.994110079895236,-12.034285642855806],"r":[0.21473519504070282,5.021120077309964e-9,0.9766722917556763,-3.1868678315358766e-8,1,1.8657304048300305e-9,-0.9766722917556763,-3.152589407637087e-8,0.21473519504070282]}},{"t":4.040000000000003,"j":false,"c":{"p":[-65.52478456520453,12.993701336733213,-12.163464140643693],"r":[0.21473519504070282,1.1041248563294435e-8,0.9766722917556763,-7.068597618003748e-8,1,4.236343325054731e-9,-0.9766722917556763,-6.994672911880657e-8,0.21473519504070282]}},{"t":4.080000000000003,"j":false,"c":{"p":[-66.09853504096269,12.993262246280636,-12.289610723029405],"r":[0.21473519504070282,5.7931379765491735e-9,0.9766722917556763,-3.724648985262276e-8,1,2.2576607214091242e-9,-0.9766722917556763,-3.686241496120988e-8,0.21473519504070282]}},{"t":4.120000000000003,"j":false,"c":{"p":[-66.66040340381352,12.992797007197536,-12.413144866736436],"r":[0.21473519504070282,-9.164209079364402e-9,0.9766722917556763,5.845278699703419e-8,1,-3.4685762643358896e-9,-0.9766722917556763,5.7834046211128066e-8,0.21473519504070282]}},{"t":4.160000000000003,"j":false,"c":{"p":[-67.25189189952253,12.992284158502377,-12.55132457329435],"r":[0.23143320432131498,-7.78121906482344e-9,0.9726942679846469,4.7192369041377134e-8,1,-2.6793891780474003e-9,-0.9726942679846469,4.661577602829679e-8,0.23143320432131498]}},{"t":4.200000000000003,"j":false,"c":{"p":[-67.84782720398344,12.990185867510137,-12.694495834805567],"r":[0.24868981540203094,-1.1046733666279693e-9,0.9685831665992737,3.6979364368506107e-9,1,1.910359498965667e-10,-0.9685831665992737,3.5342503767128086e-9,0.24868981540203094]}},{"t":4.240000000000003,"j":false,"c":{"p":[-68.42951207551118,12.980638715666917,-12.84384257207201],"r":[0.24868981540203094,1.1157171111382214e-8,0.9685831665992737,-6.491770572038412e-8,1,5.148965273307029e-9,-0.9685831665992737,-6.415869461178256e-8,0.24868981540203094]}},{"t":4.280000000000003,"j":false,"c":{"p":[-69.01835908372749,12.966121775928709,-12.99503078022169],"r":[0.24868981540203094,1.0836673320781434e-8,0.9685831665992737,-6.187898419746567e-8,1,4.699647830776485e-9,-0.9685831665992737,-6.110369968522118e-8,0.24868981540203094]}},{"t":4.320000000000003,"j":false,"c":{"p":[-69.61410077956488,12.946820630503163,-13.147991694905093],"r":[0.24868981540203094,-1.596315930927095e-9,0.9685831665992737,1.0138378161836407e-8,1,-9.54998546729316e-10,-0.9685831665992737,1.0057360059642956e-8,0.24868981540203094]}},{"t":4.360000000000003,"j":false,"c":{"p":[-70.17987696865069,12.934075982683664,-13.29326033054584],"r":[0.24868976839004156,-6.382696655718892e-9,0.9685831934632676,3.7354867364513886e-8,1,-3.0013695092225706e-9,-0.9685831934632676,3.692770723579684e-8,0.24868976839004156]}},{"t":4.400000000000003,"j":false,"c":{"p":[-70.73734339481358,12.923053747059425,-13.437537992685376],"r":[0.2523339975790436,-8.427422495539995e-9,0.9673991268172486,4.844171395547432e-8,1,-3.54359037468883e-9,-0.9673991268172486,4.7817865860650165e-8,0.2523339975790436]}},{"t":4.440000000000003,"j":false,"c":{"p":[-71.29478250296386,12.910042523505446,-13.605599577322566],"r":[0.33188664347134994,2.4733616209593384e-9,0.9415509286601823,-1.7703395314703577e-8,1,6.405835757582478e-9,-0.9415509286601823,-1.83572278249441e-8,0.33188664347134994]}},{"t":4.480000000000003,"j":false,"c":{"p":[-71.85678898460361,12.866605972896952,-13.805681531825718],"r":[0.3704354156718919,8.84227153199947e-9,0.9288522161581101,-5.453472342965969e-8,1,1.2261887192330308e-8,-0.9288522161581101,-5.519127810604776e-8,0.3704354156718919]}},{"t":4.520000000000003,"j":false,"c":{"p":[-72.42224055171246,12.796546834761044,-14.032430232802222],"r":[0.37460651876795936,1.1089872856070176e-8,0.9271838670856325,-6.492553573330274e-8,1,1.4270801356274749e-8,-0.9271838670856325,-6.554384582731853e-8,0.37460651876795936]}},{"t":4.560000000000003,"j":false,"c":{"p":[-72.96635272775754,12.660172968645531,-14.252269344471692],"r":[0.3746064512245796,-5.385135107810243e-9,0.9271839008573223,3.3440212485100945e-8,1,-7.70265537533217e-9,-0.9271839008573223,3.38906900472408e-8,0.3746064512245796]}},{"t":4.600000000000003,"j":false,"c":{"p":[-73.51046794574741,12.521488461525319,-14.474736547933633],"r":[0.3847308817924098,-1.5272056190518876e-8,0.9226338041619175,8.980740632764849e-8,1,-1.9650621664396196e-8,-0.9226338041619175,9.061350978466627e-8,0.3847308817924098]}},{"t":4.640000000000003,"j":false,"c":{"p":[-74.05459217452449,12.375959420522038,-14.70498863155861],"r":[0.42484589515970483,-5.643880037830833e-9,0.9046054033547583,2.1767334878462548e-8,1,-1.901283660477725e-9,-0.9046054033547583,2.0816550936753128e-8,0.42484589515970483]}},{"t":4.680000000000003,"j":false,"c":{"p":[-74.57806368413063,12.235386496903171,-14.95710253669374],"r":[0.46691955207757163,4.39617260043782e-9,0.8833592994959188,-3.472702667015812e-8,1,1.5157708658209575e-8,-0.8833592994959188,-3.750238251985936e-8,0.46691955207757163]}},{"t":4.720000000000003,"j":false,"c":{"p":[-75.08142796139708,12.099638787965551,-15.230500841274543],"r":[0.5109001201685403,1.4837223098711315e-8,0.858980479682111,-7.998062764018723e-8,1,3.154458894299176e-8,-0.858980479682111,-8.464645220024887e-8,0.5109001201685403]}},{"t":4.760000000000003,"j":false,"c":{"p":[-75.57298310428376,11.932584787113212,-15.5463465855314],"r":[0.5567275280876556,6.077175343201961e-9,0.8293082306885147,-2.7335301387708308e-8,1,6.004282622979686e-9,-0.8293082306885147,-2.6723043978871896e-8,0.5567275280876556]}},{"t":4.800000000000003,"j":false,"c":{"p":[-76.05953652659971,11.752271107843544,-15.880170805210275],"r":[0.6033371590268668,-1.081543531047016e-8,0.7973939669318763,6.67747980135071e-8,1,-3.729414761785138e-8,-0.7973939669318763,7.570135378455393e-8,0.6033371590268668]}},{"t":4.840000000000003,"j":false,"c":{"p":[-76.45662728531532,11.459454405658988,-16.195735197960445],"r":[0.6336973495015308,-8.740511833754839e-9,0.7729665873303732,4.0640128651626867e-8,1,-2.0915540259250573e-8,-0.7729665873303732,4.4779528170411405e-8,0.6336973495015308]}},{"t":4.8800000000000034,"j":false,"c":{"p":[-76.84432559365752,11.147186382218369,-16.519316848722738],"r":[0.6619857926143206,-2.746480713694624e-9,0.7491739218350708,8.965046641050604e-10,1,4.289258548552401e-9,-0.7491739218350708,-1.996913573371597e-9,0.6619857926143206]}},{"t":4.9200000000000035,"j":false,"c":{"p":[-77.2186559095771,10.80331289546954,-16.859407734679042],"r":[0.6871378629964051,9.814866638540366e-9,0.7262069679687821,-5.8721742763613296e-8,1,4.337039971864545e-8,-0.7262069679687821,-7.229075440508984e-8,0.6871378629964051]}},{"t":4.9600000000000035,"j":false,"c":{"p":[-77.58850865676983,10.45948482688247,-17.21527661248997],"r":[0.7011453887952478,8.082701284108604e-9,0.7129427187791066,-4.180710132769298e-8,1,2.9064769406772116e-8,-0.7129427187791066,-5.025435940320867e-8,0.7011453887952478]}},{"t":5.0000000000000036,"j":false,"c":{"p":[-77.95662385837032,10.117134479608998,-17.57875728721503],"r":[0.709570586681366,3.648089133496162e-10,0.7046343088150024,6.138490530742637e-9,1,-6.699221433992218e-9,-0.7046343088150024,9.078961689284048e-9,0.709570586681366]}},{"t":5.040000000000004,"j":false,"c":{"p":[-78.32649081519676,9.78960999737821,-17.951203223441354],"r":[0.709570586681366,-6.2245098905468075e-9,0.7046343088150024,3.7682904120284366e-8,1,-2.911321376482293e-8,-0.7046343088150024,4.721054841499243e-8,0.709570586681366]}},{"t":5.080000000000004,"j":false,"c":{"p":[-78.694695476705,9.49464502733998,-18.3219832853769],"r":[0.709570586681366,-5.725300490789995e-9,0.7046343088150024,2.8475264204715475e-8,1,-2.0549535915725853e-8,-0.7046343088150024,3.464599492279379e-8,0.709570586681366]}},{"t":5.120000000000004,"j":false,"c":{"p":[-79.06105240568031,9.235871743144626,-18.690911636554947],"r":[0.709570586681366,2.6531972815248787e-9,0.7046343088150024,-2.6030521124903862e-8,1,2.2447523510642832e-8,-0.7046343088150024,-3.4270102455011794e-8,0.709570586681366]}},{"t":5.160000000000004,"j":false,"c":{"p":[-79.45091178443893,9.002266655165467,-19.083509830620017],"r":[0.709570586681366,6.734095464713613e-9,0.7046343088150024,-5.018403967459305e-8,1,4.097873501111998e-8,-0.7046343088150024,-6.443870013360586e-8,0.709570586681366]}},{"t":5.200000000000004,"j":false,"c":{"p":[-79.8392727151253,8.775579026016285,-19.474595626415468],"r":[0.709570586681366,5.69614770303846e-9,0.7046343088150024,-3.838861979255797e-8,1,3.0573713327664813e-8,-0.7046343088150024,-4.8744142301203654e-8,0.709570586681366]}},{"t":5.240000000000004,"j":false,"c":{"p":[-80.21703314964036,8.555479167145242,-19.854998525639076],"r":[0.709570586681366,-4.755707065984211e-9,0.7046343088150024,3.946522890623067e-8,1,-3.299251438829586e-8,-0.7046343088150024,5.121907775385704e-8,0.709570586681366]}},{"t":5.280000000000004,"j":false,"c":{"p":[-80.60274990893315,8.318649514725632,-20.243408695941735],"r":[0.7116551369815522,-5.464788530826009e-9,0.7025204836148646,4.137873923114504e-8,1,-3.398096894245319e-8,-0.7025204836148646,5.326227098199162e-8,0.7116551369815522]}},{"t":5.320000000000004,"j":false,"c":{"p":[-80.99199411545685,8.074080695943527,-20.63562579026127],"r":[0.7144726514816284,-1.9152509731875777e-9,0.6996634006500244,1.0170842622875981e-8,1,-7.648732414857871e-9,-0.6996634006500244,1.2580976572937442e-8,0.7144726514816284]}},{"t":5.360000000000004,"j":false,"c":{"p":[-81.3850222213932,7.815141902379326,-21.036767868073248],"r":[0.7144726514816284,5.055700986645668e-9,0.6996634006500244,-4.6260750387377786e-8,1,4.001401264173322e-8,-0.6996634006500244,-6.095587245732301e-8,0.7144726514816284]}},{"t":5.400000000000004,"j":false,"c":{"p":[-81.76333309295228,7.565872131411741,-21.422971857268763],"r":[0.7144726514816284,6.499336540303453e-9,0.6996634006500244,-5.576340025828904e-8,1,4.7654469515660964e-8,-0.6996634006500244,-7.306342642709525e-8,0.7144726514816284]}},{"t":5.440000000000004,"j":false,"c":{"p":[-82.12219548881554,7.329379744166697,-21.789435517136617],"r":[0.7144726514816284,6.387547367384654e-10,0.6996634006500244,-3.25056633103528e-9,1,2.406423083903048e-9,-0.6996634006500244,-3.9936259176722315e-9,0.7144726514816284]}},{"t":5.480000000000004,"j":false,"c":{"p":[-82.5017922898172,7.079223264428782,-22.17707276911051],"r":[0.7101387782806173,-2.0438822909120128e-9,0.7040275995683246,2.3966563540616408e-8,1,-2.1049681829026973e-8,-0.7040275995683246,3.1833444584873034e-8,0.7101387782806173]}},{"t":5.520000000000004,"j":false,"c":{"p":[-82.88766364169454,6.825093395169374,-22.570613595170553],"r":[0.704383952394427,-3.6087955553063426e-9,0.709812357939594,4.2055314206096605e-8,1,-3.67091198285396e-8,-0.709812357939594,5.570488112034754e-8,0.704383952394427]}},{"t":5.560000000000004,"j":false,"c":{"p":[-83.2788019534591,6.575073718185041,-22.9458907631081],"r":[0.6923925561825134,2.954435868498654e-9,0.7213923521752694,-1.541876658311053e-8,1,9.569203222071491e-9,-0.7213923521752694,-1.782249873763346e-8,0.6923925561825134]}},{"t":5.600000000000004,"j":false,"c":{"p":[-83.66761397368369,6.316193505721806,-23.31575615835057],"r":[0.6835035086729448,6.057173751131725e-9,0.7299418114565588,-4.676283787481714e-8,1,3.554681411857808e-8,-0.7299418114565588,-5.842428048321548e-8,0.6835035086729448]}},{"t":5.640000000000004,"j":false,"c":{"p":[-84.05202394243005,6.040546463894085,-23.675380832865294],"r":[0.6804850489450311,2.611604834486499e-9,0.7327565764200727,-2.8660979901837935e-8,1,2.3109300164455875e-8,-0.7327565764200727,-3.6720811424396367e-8,0.6804850489450311]}},{"t":5.680000000000004,"j":false,"c":{"p":[-84.43883154081874,5.727651026213608,-24.03483506659636],"r":[0.6794410347938538,-3.710795924175847e-9,0.733730137348175,1.839652508508888e-8,1,-1.1977915850661258e-8,-0.733730137348175,2.1636372404699367e-8,0.6794410347938538]}},{"t":5.720000000000004,"j":false,"c":{"p":[-84.82696894609784,5.397091235442314,-24.3942566949725],"r":[0.6794410347938538,-1.0783557434970202e-8,0.733730137348175,7.532066305493192e-8,1,-5.505074660444133e-8,-0.733730137348175,9.266877511756202e-8,0.6794410347938538]}},{"t":5.760000000000004,"j":false,"c":{"p":[-85.2164495128571