{"v":1,"d":[{"t":0.06480288505554199,"c":{"r":[0.3939438760280609,-1.819110972967053e-9,0.9191344976425171,-7.52327693476218e-8,1,3.4224154177309174e-8,-0.9191344976425171,-8.263143058684363e-8,0.3939438760280609],"p":[-621.7966918945312,250.1001739501953,-383.71527099609375]},"j":false},{"t":0.04,"j":false,"c":{"p":[-621.5812029759181,250.1001739501953,-383.6229046195024],"r":[0.3939438760280609,-5.127835278715033e-9,0.9191344976425171,-9.48415244286002e-8,1,4.6228353436912755e-8,-0.9191344976425171,-1.0538349471792716e-7,0.3939438760280609]}},{"t":0.08,"j":false,"c":{"p":[-621.928725319598,250.1001739501953,-383.771865317235],"r":[0.3939438760280609,2.081960714099788e-10,0.9191344976425171,-6.321817893944794e-8,1,2.6868993858021597e-8,-0.9191344976425171,-6.869088564421011e-8,0.3939438760280609]}},{"t":0.12,"j":false,"c":{"p":[-622.2762476632779,250.1001739501953,-383.92082601496753],"r":[0.3939438760280609,5.544227421534991e-9,0.9191344976425171,-3.1594833450295674e-8,1,7.509634279130445e-9,-0.9191344976425171,-3.199827657049307e-8,0.3939438760280609]}},{"t":0.16,"j":false,"c":{"p":[-622.7369579952765,250.1001739501953,-384.11835784017825],"r":[0.3939438760280609,1.041578292145935e-8,0.9191344976425171,1.0118573791134853e-8,1,-1.5669015667834264e-8,-0.9191344976425171,1.547304404984518e-8,0.3939438760280609]}},{"t":0.2,"j":false,"c":{"p":[-623.2613457000739,250.1001739501953,-384.3432148421822],"r":[0.3939438760280609,1.5026033292557337e-8,0.9191344976425171,5.750845459928818e-8,1,-4.0996324498191166e-8,-0.9191344976425171,6.90082592904428e-8,0.3939438760280609]}},{"t":0.24000000000000002,"j":false,"c":{"p":[-623.8054840373909,250.1001739501953,-384.57654089861944],"r":[0.3971242162982647,9.297862310633963e-9,0.9177582219814465,4.7769105692601946e-8,1,-3.0705889397452864e-8,-0.9177582219814465,5.601149782061841e-8,0.3971242162982647]}},{"t":0.28,"j":false,"c":{"p":[-624.3598767936064,250.1001739501953,-384.8152197840765],"r":[0.4012464375044256,-3.45489027070701e-10,0.9159669043757576,1.3230499642605667e-8,1,-5.310173585524801e-9,-0.9159669043757576,1.4232439800737202e-8,0.4012464375044256]}},{"t":0.32,"j":false,"c":{"p":[-624.9315437445711,250.1001739501953,-385.0648797770153],"r":[0.4054977158532234,-1.3599542944169364e-8,0.9140918870203627,-5.309328651193531e-8,1,3.8570897221609255e-8,-0.9140918870203627,-6.419451207155336e-8,0.4054977158532234]}},{"t":0.36,"j":false,"c":{"p":[-625.4889315914608,250.1001739501953,-385.31154205346985],"r":[0.40673706456621467,-7.671059697618377e-9,0.9135452780892452,-3.752568196607005e-8,1,2.5104556150361824e-8,-0.9135452780892452,-4.449236496209024e-8,0.40673706456621467]}},{"t":0.39999999999999997,"j":false,"c":{"p":[-626.0384830490815,250.1001739501953,-385.5561355910042],"r":[0.40673699975013733,6.096031007553854e-9,0.9135453104972839,1.1544223592943993e-8,1,-1.1812763162251568e-8,-0.9135453104972839,1.5350859525418926e-8,0.40673699975013733]}},{"t":0.43999999999999995,"j":false,"c":{"p":[-626.5774101931984,250.1001739501953,-385.7962031370199],"r":[0.40673699975013733,1.9564457169462923e-8,0.9135453104972839,5.954949018306703e-8,1,-4.792913841967752e-8,-0.9135453104972839,7.38957148837065e-8,0.40673699975013733]}},{"t":0.4799999999999999,"j":false,"c":{"p":[-627.1308037898846,250.1001739501953,-386.0427148300892],"r":[0.40673699975013733,1.3765108865861423e-8,0.9135453104972839,4.465810500328923e-8,1,-3.495088138604993e-8,-0.9135453104972839,5.501302209648184e-8,0.40673699975013733]}},{"t":0.5199999999999999,"j":false,"c":{"p":[-627.6952267062032,250.1001739501953,-386.2941395837221],"r":[0.40673699975013733,-6.7241188099717146e-9,0.9135453104972839,-1.8186105712772917e-8,1,1.545744975762014e-8,-0.9135453104972839,-2.290094824597826e-8,0.40673699975013733]}},{"t":0.5599999999999999,"j":false,"c":{"p":[-628.2309218130215,250.1001739501953,-386.53569475748026],"r":[0.41190153243684074,-1.0190576404506019e-8,0.9112025580116347,-3.096442706369895e-8,1,2.5143794726383692e-8,-0.9112025580116347,-3.855924099753454e-8,0.41190153243684074]}},{"t":0.6,"j":false,"c":{"p":[-628.756910594097,250.1001739501953,-386.7739152754163],"r":[0.41881101670314125,-7.905514675916321e-9,0.9080682547897565,-2.6826880507243928e-8,1,2.107131611694069e-8,-0.9080682547897565,-3.318307631776887e-8,0.41881101670314125]}},{"t":0.64,"j":false,"c":{"p":[-629.2948734679921,250.08428834305138,-387.0219738157322],"r":[0.4194536882114026,7.884106014766789e-9,0.9077767374291458,1.9593988913693427e-8,1,-1.7738840457530047e-8,-0.9077767374291458,2.522759608335414e-8,0.4194536882114026]}},{"t":0.68,"j":false,"c":{"p":[-629.8386750276178,249.96215052238009,-387.2732066120444],"r":[0.41945411770174607,1.6419635352144723e-8,0.9077765458861143,4.567471977845623e-8,1,-3.919256012773865e-8,-0.9077765458861143,5.790191912282e-8,0.41945411770174607]}},{"t":0.7200000000000001,"j":false,"c":{"p":[-630.391912547416,249.62595722978764,-387.52887181447784],"r":[0.4194539969283825,7.283421923036848e-9,0.9077765803927896,2.127892342963119e-8,1,-1.785566341662277e-8,-0.9077765803927896,2.680613805801402e-8,0.4194539969283825]}},{"t":0.7600000000000001,"j":false,"c":{"p":[-630.9249094532913,249.33451221404945,-387.7752008603132],"r":[0.4194539487361908,-4.543943237248789e-9,0.9077765941619873,-1.1625419459152114e-8,1,1.0377301337625018e-8,-0.9077765941619873,-1.4906085140126717e-8,0.4194539487361908]}},{"t":0.8000000000000002,"j":false,"c":{"p":[-631.4444670674068,249.07277900204846,-388.0153309176734],"r":[0.4194539487361908,-1.815816987432785e-8,0.9077765941619873,-5.0179237202741043e-8,1,4.318909313639097e-8,-0.9077765941619873,-6.366737630752697e-8,0.4194539487361908]}},{"t":0.8400000000000002,"j":false,"c":{"p":[-631.9209333141857,248.81474057406518,-388.2354884482434],"r":[0.4194539487361908,-4.2594678651756306e-9,0.9077765941619873,-1.2674032977220345e-8,1,1.0548455333287658e-8,-0.9077765941619873,-1.592978309216173e-8,0.4194539487361908]}},{"t":0.8800000000000002,"j":false,"c":{"p":[-632.3922490073151,248.53970431284944,-388.45326001210174],"r":[0.4194539487361908,1.2601141463523883e-8,0.9077765941619873,3.3165171497279555e-8,1,-2.920586723267074e-8,-0.9077765941619873,4.2357084919825483e-8,0.4194539487361908]}},{"t":0.9200000000000003,"j":false,"c":{"p":[-632.8683676056978,248.2282754333731,-388.6732603201495],"r":[0.4194539487361908,2.5721335609640178e-8,0.9077765941619873,6.896499380149811e-8,1,-6.020090564490957e-8,-0.9077765941619873,8.785632149343665e-8,0.4194539487361908]}},{"t":0.9600000000000003,"j":false,"c":{"p":[-633.3219262851652,247.90544270491418,-388.8828301023302],"r":[0.41635186918039635,6.3411370739669744e-9,0.9091968542308456,1.7531576513966144e-8,1,-1.5299410870759904e-8,-0.9091968542308456,2.2389441228119195e-8,0.41635186918039635]}},{"t":1.0000000000000002,"j":false,"c":{"p":[-633.7744801902858,247.57498980245762,-389.09052850052535],"r":[0.41162082197471966,-1.6066798741201732e-8,0.9113442126751979,-4.214312615236506e-8,1,3.670683417933204e-8,-0.9113442126751979,-5.3528427869658026e-8,0.41162082197471966]}},{"t":1.0400000000000003,"j":false,"c":{"p":[-634.2508788501268,247.2252604576215,-389.3030543405607],"r":[0.4036014728662852,-1.1084353572894006e-8,0.9149146722118386,-2.8805174581216586e-8,1,2.490047318133153e-8,-0.9149146722118386,-3.642675282752529e-8,0.4036014728662852]}},{"t":1.0800000000000003,"j":false,"c":{"p":[-634.7239298582701,247.00451849886517,-389.5084459830665],"r":[0.3955189926163105,3.0856993921157747e-9,0.9184329034142863,8.80703545248661e-9,1,-6.77145437937773e-9,-0.9184329034142863,1.0662220969688232e-8,0.3955189926163105]}},{"t":1.1200000000000003,"j":false,"c":{"p":[-635.1949716426094,246.86454337457016,-389.7090480650966],"r":[0.387455414114993,2.3017352274099435e-8,0.9218882106765008,6.161653933197114e-8,1,-5.086905683258291e-8,-0.9218882106765008,7.651441040881758e-8,0.387455414114993]}},{"t":1.1600000000000004,"j":false,"c":{"p":[-635.6837876031564,246.25733960859841,-389.9145481771791],"r":[0.38341635336628194,1.0232821806615459e-8,0.9235695227888822,2.634886589970082e-8,1,-2.213992814375295e-8,-0.9235695227888822,3.2857241539231175e-8,0.38341635336628194]}},{"t":1.2000000000000004,"j":false,"c":{"p":[-636.0989433722779,245.88234487821086,-390.0881000042654],"r":[0.3739509790282567,-5.931451600515471e-9,0.9273647926190004,-1.6309171207102238e-8,1,1.237797846139178e-8,-0.9273647926190004,-1.9582572396687456e-8,0.3739509790282567]}},{"t":1.2400000000000004,"j":false,"c":{"p":[-636.4122870133504,245.8283063605001,-390.21749334058467],"r":[0.35698542686966805,-2.6767160341767847e-8,0.9340819464366936,-6.918206980417775e-8,1,5.4897056215511397e-8,-0.9340819464366936,-8.416164047783334e-8,0.35698542686966805]}},{"t":1.2800000000000005,"j":false,"c":{"p":[-636.4820902966543,246.1786149710503,-390.24519931604226],"r":[0.34761262590912945,-8.67980467529647e-9,0.9376128061562604,-2.317287535312463e-8,1,1.8249551439831467e-8,-0.9376128061562604,-2.8194361073720183e-8,0.34761262590912945]}},{"t":1.3200000000000005,"j":false,"c":{"p":[-636.6399515223347,246.36372995633133,-390.30311017784305],"r":[0.3420203916268004,1.2025562258367053e-8,0.9396925520190098,2.902758772373456e-8,1,-2.3362534177526958e-8,-0.9396925520190098,3.526747312039313e-8,0.3420203916268004]}},{"t":1.3600000000000005,"j":false,"c":{"p":[-637.0312358838315,246.12384028086933,-390.4455416080781],"r":[0.34202083215880985,2.834296537877653e-8,0.9396923604833536,6.91741397159855e-8,1,-5.533935478316352e-8,-0.9396923604833536,8.392962477572902e-8,0.34202083215880985]}},{"t":1.4000000000000006,"j":false,"c":{"p":[-637.458384031374,245.7007843778394,-390.60102158613773],"r":[0.3420209288597107,8.121735095441343e-9,0.9396923184394836,2.0012950090378904e-8,1,-1.5927109161702745e-8,-0.9396923184394836,2.4253419304205633e-8,0.3420209288597107]}},{"t":1.4400000000000006,"j":false,"c":{"p":[-637.8782133034166,245.2984441474513,-390.75383629635235],"r":[0.3420209288597107,-1.922793305877604e-8,0.9396923184394836,-4.661463474486879e-8,1,3.7428330683447183e-8,-0.9396923184394836,-5.660468862037895e-8,0.3420209288597107]}},{"t":1.4800000000000006,"j":false,"c":{"p":[-638.1092926054976,245.67939371929452,-390.83795093898874],"r":[0.3420209288597107,-1.2440904992447847e-8,0.9396923184394836,-3.02723013615467e-8,1,2.425758528793198e-8,-0.9396923184394836,-3.6743251773493994e-8,0.3420209288597107]}},{"t":1.5200000000000007,"j":false,"c":{"p":[-638.2619186121383,246.0460018763539,-390.89349537642204],"r":[0.3420209288597107,1.7910073335548925e-9,0.9396923184394836,4.166394139227589e-9,1,-3.422396378157882e-9,-0.9396923184394836,5.085659169164428e-9,0.3420209288597107]}},{"t":1.5600000000000007,"j":false,"c":{"p":[-638.3128360644262,246.39401751213222,-390.9120007799631],"r":[0.3420209288597107,2.5674629140035465e-8,0.9396923184394836,6.206560611266607e-8,1,-4.9912466741760966e-8,-0.9396923184394836,7.539368014188213e-8,0.3420209288597107]}},{"t":1.6000000000000008,"j":false,"c":{"p":[-638.5798088928021,246.64650230968962,-391.00917689981907],"r":[0.3420209288597107,2.12542893993848e-8,0.9396923184394836,5.1442093444086786e-8,1,-4.134178685609313e-8,-0.9396923184394836,6.247949580019532e-8,0.3420209288597107]}},{"t":1.6400000000000008,"j":false,"c":{"p":[-638.9130668619982,246.86847682434956,-391.13048584905744],"r":[0.3420209288597107,8.383709122856784e-9,0.9396923184394836,2.0356892521569878e-8,1,-1.6331081878780654e-8,-0.9396923184394836,2.4714787829012088e-8,0.3420209288597107]}},{"t":1.6800000000000008,"j":false,"c":{"p":[-639.3234751508071,247.03361157278917,-391.27982817714],"r":[0.3420209288597107,-1.0181013739896558e-8,0.9396923184394836,-2.4589319818257566e-8,1,1.9784216216761458e-8,-0.9396923184394836,-2.987301251571143e-8,0.3420209288597107]}},{"t":1.7200000000000009,"j":false,"c":{"p":[-639.7270704972194,246.95952869503586,-391.4266565080175],"r":[0.3420209288597107,-1.772458162831292e-8,0.9396923184394836,-4.289295748154343e-8,1,3.447391271931484e-8,-0.9396923184394836,-5.209698460110957e-8,0.3420209288597107]}},{"t":1.760000000000001,"j":false,"c":{"p":[-640.1165504028946,246.38982116213793,-391.5682761967995],"r":[0.3420209288597107,-2.433895116738885e-9,0.9396923184394836,-5.996996785902258e-9,1,4.772831795514506e-9,-0.9396923184394836,-7.267740435414116e-9,0.3420209288597107]}},{"t":1.800000000000001,"j":true,"c":{"p":[-640.4457605210979,245.77350460506364,-391.6879742844872],"r":[0.3420209288597107,1.047714371796925e-8,0.9396923184394836,2.515695852728577e-8,1,-2.03059556087642e-8,-0.9396923184394836,3.058486194653035e-8,0.3420209288597107]}},{"t":1.840000000000001,"j":false,"c":{"p":[-640.9304427882331,247.49955946052893,-391.86431761355885],"r":[0.3420209288597107,2.7629791436522515e-8,0.9396923184394836,6.654581441332014e-8,1,-5.362377899130211e-8,-0.9396923184394836,8.087304353955032e-8,0.3420209288597107]}},{"t":1.880000000000001,"j":false,"c":{"p":[-641.4960914673932,248.67353143856414,-392.0701486769839],"r":[0.3420209288597107,4.3138650356845995e-8,0.9396923184394836,1.0396828646634206e-7,1,-8.374866752205841e-8,-0.9396923184394836,1.2634199967033312e-7,0.3420209288597107]}},{"t":1.920000000000001,"j":false,"c":{"p":[-642.0629769686427,249.74720370138238,-392.276407066132],"r":[0.3420209288597107,5.8462413935579985e-8,0.9396923184394836,1.40944132259074e-7,1,-1.1351402284757396e-7,-0.9396923184394836,1.7126829880824894e-7,0.3420209288597107]}},{"t":1.960000000000001,"j":false,"c":{"p":[-642.6163203082846,250.25107169540618,-392.4777274451513],"r":[0.34202069835898025,1.9551722760947327e-8,0.939692417225511,4.715468030588957e-8,1,-3.796946874837602e-8,-0.939692417225511,5.7297251553638705e-8,0.34202069835898025]}},{"t":2.000000000000001,"j":false,"c":{"p":[-643.1733478065787,250.64122816130003,-392.68038817737886],"r":[0.3420205175202583,-1.3649456509511714e-8,0.939692497253418,-3.287540177793453e-8,1,2.6491133643334955e-8,-0.939692497253418,-3.99532774444617e-8,0.3420205175202583]}},{"t":2.040000000000001,"j":false,"c":{"p":[-643.746010303978,250.56276042824737,-392.88873731884433],"r":[0.342020548116643,-2.2150813891718006e-8,0.939692497253418,-5.3380383641981655e-8,1,4.300130529543487e-8,-0.939692497253418,-6.486847342328652e-8,0.342020548116643]}},{"t":2.080000000000001,"j":false,"c":{"p":[-644.3221927944065,250.33022389885767,-393.0972088940999],"r":[0.3402437147643775,-2.6206412158184252e-8,0.9403252426332377,-5.782478087851397e-8,1,4.895386377049179e-8,-0.9403252426332377,-7.105968088712596e-8,0.3402437147643775]}},{"t":2.120000000000001,"j":false,"c":{"p":[-644.9092512799824,249.62164907410306,-393.30605876252133],"r":[0.33297676722078484,-1.6525604082968212e-8,0.9429130304302799,-1.2645545618305514e-8,1,2.228574694069223e-8,-0.9429130304302799,-1.9397930535904534e-8,0.33297676722078484]}},{"t":2.160000000000001,"j":false,"c":{"p":[-645.4824685214182,248.6915728072436,-393.50731171819376],"r":[0.32719659107025767,-8.668370596322404e-9,0.9449513571856816,3.491367303800863e-8,1,-2.7824333395114207e-9,-0.9449513571856816,3.389006300251091e-8,0.32719659107025767]}},{"t":2.200000000000001,"j":false,"c":{"p":[-646.0380209319305,247.47880623562887,-393.6988691452058],"r":[0.3233139007970826,-3.138466680483062e-9,0.9462884365458676,8.551033571800153e-8,1,-2.5808701176633644e-8,-0.9462884365458676,8.925354272207925e-8,0.3233139007970826]}},{"t":2.240000000000001,"j":false,"c":{"p":[-646.552788448721,247.11604523765283,-393.8747918130799],"r":[0.32228350801673633,9.158997128281775e-10,0.9466432110402693,4.937743472155983e-8,1,-1.7778948746678098e-8,-0.9466432110402693,5.2472628154197157e-8,0.32228350801673633]}},{"t":2.280000000000001,"j":false,"c":{"p":[-647.0459036868742,247.04558384880198,-394.0426539496874],"r":[0.32185647172428955,4.270727227649218e-9,0.946783851141734,-1.68861577005249e-8,1,1.187448874793854e-9,-0.946783851141734,-1.6369444353281877e-8,0.32185647172428955]}},{"t":2.320000000000001,"j":false,"c":{"p":[-647.3582794826153,246.73069699360968,-394.1472814268247],"r":[0.3110834871928081,3.2015310192595813e-9,0.9503274530080267,-6.593579112890076e-8,1,1.7711527877920154e-8,-0.9503274530080267,-6.816693293851337e-8,0.3110834871928081]}},{"t":2.360000000000001,"j":false,"c":{"p":[-647.7205234164137,246.44643836479253,-394.26656044788405],"r":[0.30180577365896594,1.0498285920637495e-9,0.9533665436879125,-9.180950283937653e-8,1,2.8048812927639582e-8,-0.9533665436879125,-9.598531755661218e-8,0.30180577365896594]}},{"t":2.4000000000000012,"j":false,"c":{"p":[-648.2647063506322,246.2739238096146,-394.43929418691823],"r":[0.29798340939752593,-5.051291380485991e-9,0.9545649748899989,-3.312814200406547e-8,1,1.5814188306464917e-8,-0.9545649748899989,-3.631829813324517e-8,0.29798340939752593]}},{"t":2.4400000000000013,"j":false,"c":{"p":[-648.806424136421,245.9596707744699,-394.60841918800594],"r":[0.29430095276969503,-1.0959397712460698e-8,0.9557085482256472,2.4155279861598645e-8,1,4.159656921821836e-9,-0.9557085482256472,2.1874202304710547e-8,0.29430095276969503]}},{"t":2.4800000000000013,"j":false,"c":{"p":[-649.3445218100312,245.43727238332858,-394.7722446963606],"r":[0.29082395286900725,-1.6584060247527628e-8,0.9567715618562553,7.93858046976974e-8,1,-6.642997729999782e-9,-0.9567715618562553,7.790134666424385e-8,0.29082395286900725]}},{"t":2.5200000000000014,"j":false,"c":{"p":[-649.8248164482903,245.00868103084562,-394.9179518648718],"r":[0.2890317142009735,-1.1178496424706037e-8,0.9573194980621338,6.609698153211319e-8,1,-8.278979463562409e-9,-0.9573194980621338,6.566882229805937e-8,0.2890317142009735]}},{"t":2.5600000000000014,"j":false,"c":{"p":[-650.2436205720016,244.67988103084562,-395.0443848545625],"r":[0.2890317142009735,5.9609545582751024e-9,0.9573194980621338,-2.0082303864507073e-8,1,-1.6351075839339115e-10,-0.9573194980621338,-1.917791907779014e-8,0.2890317142009735]}},{"t":2.6000000000000014,"j":false,"c":{"p":[-650.7471523545712,244.31804243901362,-395.19777118903784],"r":[0.29359815689484814,9.195437306022103e-9,0.9559059655191461,-4.2572312356619e-8,1,3.3750008509066353e-9,-0.9559059655191461,-4.171551453234439e-8,0.29359815689484814]}},{"t":2.6400000000000015,"j":false,"c":{"p":[-651.2995086163317,243.93716529399683,-395.3666894411808],"r":[0.30079602112553694,4.417154902463449e-9,0.9536778820826161,-2.836125042131566e-8,1,4.27603197867123e-9,-0.9536778820826161,-2.8347342738853832e-8,0.30079602112553694]}},{"t":2.6800000000000015,"j":false,"c":{"p":[-651.8420425519005,243.6875318738257,-395.5469796919329],"r":[0.338364316543148,-9.070411667372306e-9,0.9399472853136138,2.4134464096855602e-8,1,-1.7402383162054998e-9,-0.9399472853136138,2.2686193423176808e-8,0.338364316543148]}},{"t":2.7200000000000015,"j":false,"c":{"p":[-652.3818276479365,243.4746278324444,-395.7304524677543],"r":[0.38443196743385144,-2.4995325984751367e-8,0.9229976381121381,8.73443785374091e-8,1,-9.692358759000863e-9,-0.9229976381121381,8.426061782026221e-8,0.38443196743385144]}},{"t":2.7600000000000016,"j":true,"c":{"p":[-652.8599193277113,244.8131784884455,-395.89656491804055],"r":[0.38751640915870667,-3.895161706544361e-8,0.921862781047821,1.4320694389463741e-7,1,-1.794564690560137e-8,-0.921862781047821,1.3897139278670456e-7,0.38751640915870667]}},{"t":2.8000000000000016,"j":false,"c":{"p":[-653.4543559530523,246.2368221421082,-396.13897315009933],"r":[0.38751640915870667,-2.620841779677963e-8,0.921862781047821,9.927025104644881e-8,1,-1.3299629141897963e-8,-0.921862781047821,9.666737771387372e-8,0.38751640915870667]}},{"t":2.8400000000000016,"j":false,"c":{"p":[-654.005211149352,247.15316353680032,-396.37063576972963],"r":[0.38751640915870667,2.4088860779292235e-9,0.921862781047821,-4.7529263151799265e-9,1,-6.151122077452596e-10,-0.921862781047821,-4.143180830728864e-9,0.38751640915870667]}},{"t":2.8800000000000017,"j":false,"c":{"p":[-654.554039026951,247.9182194319058,-396.6014457987623],"r":[0.38751640915870667,2.3461551126591848e-8,0.921862781047821,-8.178558198762376e-8,1,8.929424191986433e-9,-0.921862781047821,-7.885538607364102e-8,0.38751640915870667]}},{"t":2.9200000000000017,"j":false,"c":{"p":[-655.097192148243,248.2598054785558,-396.8298693042209],"r":[0.38751640915870667,2.3339705293248353e-8,0.921862781047821,-8.326788973719428e-8,1,9.684703956429987e-9,-0.921862781047821,-8.0514550887666e-8,0.38751640915870667]}},{"t":2.9600000000000017,"j":false,"c":{"p":[-655.6433939772616,248.34931712445606,-397.0587397871208],"r":[0.38127194776151513,1.242014713992855e-8,0.9243922362403333,-4.9202850214226986e-8,1,7.555968885841331e-9,-0.9243922362403333,-4.8155352244312495e-8,0.38127194776151513]}},{"t":3.0000000000000018,"j":false,"c":{"p":[-656.1931765583508,248.14276367870386,-397.2881352516006],"r":[0.36769327459834733,-1.118148296573201e-8,0.9298925737643109,2.6613071575823844e-8,1,2.0399159681351434e-9,-0.9298925737643109,2.4158914684125672e-8,0.36769327459834733]}},{"t":3.040000000000002,"j":false,"c":{"p":[-656.7652142110668,247.52818751780654,-397.51109963486647],"r":[0.3577878116859002,-2.6641060471129605e-8,0.9337718035944401,6.784475966898111e-8,1,2.6903254941282385e-9,-0.9337718035944401,6.246991781207168e-8,0.3577878116859002]}},{"t":3.080000000000002,"j":false,"c":{"p":[-657.3479050961612,246.7182958408289,-397.7309855376958],"r":[0.3496406698893152,-3.820313632638505e-8,0.9368750288687121,9.252139530544081e-8,1,6.292545666626036e-9,-0.9368750288687121,8.450397171368177e-8,0.3496406698893152]}},{"t":3.120000000000002,"j":false,"c":{"p":[-657.9099906243063,245.44372772770475,-397.9404274139876],"r":[0.34857624884381544,-2.9411765140792195e-8,0.9372804130389566,6.283665085246587e-8,1,8.01069726798013e-9,-0.9372804130389566,5.610318144456512e-8,0.34857624884381544]}},{"t":3.160000000000002,"j":false,"c":{"p":[-658.4681234451589,244.07787428568318,-398.1476889393281],"r":[0.34697106147191337,-1.7613506163658147e-8,0.937845751597711,2.5071964946570697e-8,1,9.395046982660335e-9,-0.937845751597711,2.0220121475545255e-8,0.34697106147191337]}},{"t":3.200000000000002,"j":false,"c":{"p":[-659.0172431538285,242.48648436415633,-398.3485464374891],"r":[0.3287520788191315,-6.226309177781166e-9,0.9442617153925263,-1.2102711623569016e-8,1,1.0241880483019496e-8,-0.9442617153925263,-1.4969680374009064e-8,0.3287520788191315]}},{"t":3.240000000000002,"j":false,"c":{"p":[-659.5693595397387,241.36056921513006,-398.5433971567589],"r":[0.31233036327472524,5.068931103984292e-9,0.9499415161770178,-4.932802265418414e-8,1,1.0699717020142919e-8,-0.9499415161770178,-5.025908950682683e-8,0.31233036327472524]}},{"t":3.280000000000002,"j":false,"c":{"p":[-660.1291469782598,241.42620096367435,-398.72287140629254],"r":[0.3005093869617624,1.612877575967474e-8,0.9537368480216671,-8.668295044999049e-8,1,1.0161778593527905e-8,-0.9537368480216671,-8.580347862214807e-8,0.3005093869617624]}},{"t":3.320000000000002,"j":false,"c":{"p":[-660.693183798072,241.42464339598942,-398.8988754346044],"r":[0.29792396689527706,1.4342339372421775e-8,0.9545839487287071,-6.641340149155836e-8,1,5.531269667376545e-9,-0.9545839487287071,-6.507483248850991e-8,0.29792396689527706]}},{"t":3.360000000000002,"j":false,"c":{"p":[-661.2601256071803,241.37715343695388,-399.0725071280247],"r":[0.3016522170320477,3.773845935338403e-9,0.9534155607538461,-6.750238098672225e-9,1,-1.8970285557109827e-9,-0.9534155607538461,-5.876453031160603e-9,0.3016522170320477]}},{"t":3.400000000000002,"j":false,"c":{"p":[-661.8461607305388,241.35250167449723,-399.2725504309304],"r":[0.337826279343691,-5.5906351285964665e-9,0.9402855964122193,2.6291523826159294e-8,1,-4.5106515788172475e-9,-0.9402855964122193,2.595744781726114e-8,0.337826279343691]}},{"t":3.440000000000002,"j":true,"c":{"p":[-662.4347926095835,241.33268545405286,-399.47865804433394],"r":[0.38107113134340304,-1.4436718286327702e-8,0.9245457015470289,5.2039502782470364e-8,1,-5.834253539619703e-9,-0.9245457015470289,5.033616531048946e-8,0.38107113134340304]}},{"t":3.480000000000002,"j":true,"c":{"p":[-662.9039572828107,241.34554878103685,-399.6714482270158],"r":[0.38107170166398185,-8.539762029588347e-9,0.9245455095639618,1.79821082884443e-8,1,1.8249918800092673e-9,-0.9245455095639618,1.5929822924700668e-8,0.38107170166398185]}},{"t":3.5200000000000022,"j":false,"c":{"p":[-663.4801675808459,242.9852425039819,-399.91085700736585],"r":[0.39343350746886907,-4.21769803459127e-9,0.9193500693799324,-1.8538851141379808e-8,1,1.2551022159949031e-8,-0.9193500693799324,-2.1987760736290716e-8,0.39343350746886907]}},{"t":3.5600000000000023,"j":false,"c":{"p":[-664.0430874256112,244.21093487895564,-400.15527437794907],"r":[0.3978165115425745,-9.292496067311246e-9,0.9174567088656055,-3.8137885377786396e-8,1,2.674731700457269e-8,-0.9174567088656055,-4.564711265963365e-8,0.3978165115425745]}},{"t":3.6000000000000023,"j":false,"c":{"p":[-664.604773902893,245.19526706472422,-400.3998432871121],"r":[0.4003486403366723,-1.4698321376274867e-8,0.9163628882920669,-5.7166575037834194e-8,1,4.1015300329300175e-8,-0.9163628882920669,-6.88057502563967e-8,0.4003486403366723]}},{"t":3.6400000000000023,"j":false,"c":{"p":[-665.1647739028931,245.84956908403942,-400.6446194065151],"r":[0.40034992641546946,-2.055678548801322e-8,0.9163623395651134,-7.541538912647414e-8,1,5.538130877200329e-8,-0.9163623395651134,-9.127972302466849e-8,0.40034992641546946]}},{"t":3.6800000000000024,"j":false,"c":{"p":[-665.7267083289252,246.11639766494054,-400.8885456162465],"r":[0.3932425836632038,-2.9969379950667184e-8,0.9193850956794994,-8.938606766464175e-8,1,7.067835723377465e-8,-0.9193850956794994,-1.098948398404977e-7,0.3932425836632038]}},{"t":3.7200000000000024,"j":false,"c":{"p":[-666.289534650021,246.20457602019894,-401.1320799628473],"r":[0.38285770490775406,-4.102065754926335e-8,0.9238017901611261,-1.0138425001171502e-7,1,8.640467514474938e-8,-0.9238017901611261,-1.2673077538019034e-7,0.38285770490775406]}},{"t":3.7600000000000025,"j":false,"c":{"p":[-666.8239713375252,245.7963310631243,-401.34454070386454],"r":[0.3642069693114543,-7.329798442306902e-8,0.9311481212649311,-7.708666732665789e-8,1,1.0913256319218875e-7,-0.9311481212649311,-1.1104653139890382e-7,0.3642069693114543]}},{"t":3.8000000000000025,"j":false,"c":{"p":[-667.3671236337534,245.23650572992167,-401.55585357493715],"r":[0.3476131602933532,-1.0580629931747466e-7,0.9376275998513615,-4.6148905847493215e-8,1,1.3006820612914582e-7,-0.9376275998513615,-8.840999395251434e-8,0.3476131602933532]}},{"t":3.8400000000000025,"j":false,"c":{"p":[-667.948871532913,244.19441329294688,-401.768727524517],"r":[0.34042694049293304,-1.351427647618592e-7,0.9402481355656472,3.138371355904425e-9,1,1.4284510661893692e-7,-0.9402481355656472,-4.551523370403608e-8,0.34042694049293304]}},{"t":3.8800000000000026,"j":false,"c":{"p":[-668.5257673338109,243.08044103458312,-401.97640882242166],"r":[0.33298756571299365,-1.0684856052349246e-7,0.9429116503948488,3.840181088413326e-8,1,1.000170215206443e-7,-0.9429116503948488,2.382588545347982e-9,0.33298756571299365]}},{"t":3.9200000000000026,"j":false,"c":{"p":[-669.0951452996258,241.8550982693098,-402.17604463220334],"r":[0.32515595291895066,1.0738532485042562e-8,0.9456417570118737,5.193673355574587e-8,1,-2.896535990139253e-8,-0.9456417570118737,5.8032148909461016e-8,0.32515595291895066]}},{"t":3.9600000000000026,"j":false,"c":{"p":[-669.6639526835675,241.3265796320974,-402.3725975054218],"r":[0.32226733590696205,5.941145994949863e-8,0.9466487085955756,2.2763649059186416e-8,1,-7.050923637331995e-8,-0.9466487085955756,4.427199772208493e-8,0.32226733590696205]}},{"t":4.000000000000003,"j":false,"c":{"p":[-670.2324267288329,241.2051514464981,-402.56734930145706],"r":[0.3222664581453891,6.782415869319139e-8,0.9466489786760596,-3.135980845899543e-8,1,-6.097081096289568e-8,-0.9466489786760596,-1.0037884285404896e-8,0.3222664581453891]}},{"t":4.040000000000003,"j":false,"c":{"p":[-670.7842588334277,241.18193431276367,-402.7527493670281],"r":[0.3189044111161449,5.2987400972430635e-8,0.9477804353032079,-6.492679552992382e-8,1,-3.4180359142933234e-8,-0.9477804353032079,-5.058186765687356e-8,0.3189044111161449]}},{"t":4.080000000000003,"j":false,"c":{"p":[-671.3229768383811,241.19379608670624,-402.93284231730735],"r":[0.315013164699673,2.5647204349447476e-8,0.94908505687766,-7.314362153346083e-8,1,-2.6511271887907217e-9,-0.94908505687766,-6.850942401391216e-8,0.315013164699673]}},{"t":4.120000000000003,"j":false,"c":{"p":[-671.8072307500972,241.30826498379312,-403.0929938388836],"r":[0.31108192538887,-4.7698154393753666e-8,0.9503776193167051,3.323818804370419e-8,1,3.9542303505631466e-8,-0.9503776193167051,1.94729214549377e-8,0.31108192538887]}},{"t":4.160000000000003,"j":true,"c":{"p":[-672.3237976541632,241.41572680276906,-403.26231307581935],"r":[0.30901859146599703,-5.9519203657886474e-8,0.9510560175665422,6.985467615089731e-8,1,3.988493101069034e-8,-0.9510560175665422,5.411049489834568e-8,0.30901859146599703]}},{"t":4.200000000000003,"j":true,"c":{"p":[-672.8760423478357,241.5154518867534,-403.4417546751851],"r":[0.30901767054138873,-3.40933072498984e-9,0.9510562978479448,2.9441081922265482e-8,1,-5.9812275626554346e-9,-0.9510562978479448,2.984843031637389e-8,0.30901767054138873]}},{"t":4.240000000000003,"j":false,"c":{"p":[-673.419943191688,243.04726694901967,-403.6188402578542],"r":[0.309679324067452,5.191617480347651e-8,0.9508387632917117,-1.024339266331831e-8,1,-5.1245688844227694e-8,-0.9508387632917117,6.1734302881248875e-9,0.309679324067452]}},{"t":4.280000000000003,"j":false,"c":{"p":[-673.986819241052,244.3527647151194,-403.8056781743983],"r":[0.3149349183038945,1.0723117188253753e-7,0.9491108817500833,-4.877965728999451e-8,1,-9.677530973032324e-8,-0.9491108817500833,-1.5774298379077947e-8,0.3149349183038945]}},{"t":4.320000000000003,"j":false,"c":{"p":[-674.5861234432595,245.28154976451808,-404.0046283748723],"r":[0.32153862782202636,9.693393468931642e-8,0.9468751579160626,-4.9214997298943805e-8,1,-8.565238517511649e-8,-0.9468751579160626,-1.917395051425044e-8,0.32153862782202636]}},{"t":4.360000000000003,"j":false,"c":{"p":[-675.1846641160682,246.08967889700364,-404.2054406310701],"r":[0.32986580057548825,6.862902128552374e-8,0.943978055616585,-3.681407414402827e-8,1,-6.002284401282577e-8,-0.943978055616585,-1.5355720973135654e-8,0.32986580057548825]}},{"t":4.400000000000003,"j":false,"c":{"p":[-675.733275707069,246.3329253475506,-404.40658366804473],"r":[0.3516318726889659,-3.148216998862661e-8,0.935911134781435,3.831511011924073e-8,1,1.839686944717518e-8,-0.935911134781435,2.756473088926398e-8,0.3516318726889659]}},{"t":4.440000000000003,"j":false,"c":{"p":[-676.2888744403895,246.41255051606268,-404.61870939570224],"r":[0.37332877016624255,-1.0163529367435064e-7,0.9275720732566723,9.413526510538334e-8,1,7.156863159858635e-8,-0.9275720732566723,6.067059395995233e-8,0.37332877016624255]}},{"t":4.480000000000003,"j":false,"c":{"p":[-676.8621396282286,246.07847179747898,-404.85860401607215],"r":[0.39485076487091614,-9.604173662835711e-8,0.9185449248294633,1.0113401759028706e-7,1,6.090288149201279e-8,-0.9185449248294633,6.896102053679777e-8,0.39485076487091614]}},{"t":4.520000000000003,"j":false,"c":{"p":[-677.4181810730776,245.49502471675044,-405.09814977825584],"r":[0.4063377539503037,-5.2580466924554324e-8,0.9137229111268376,7.086075014050451e-8,1,2.604230102812304e-8,-0.9137229111268376,5.418285332620503e-8,0.4063377539503037]}},{"t":4.560000000000003,"j":false,"c":{"p":[-677.9550658248755,244.63422368496992,-405.3373075313295],"r":[0.4066635498652379,3.2998253576170876e-8,0.9135779571784547,-8.674232310205498e-10,1,-3.572839640856995e-8,-0.9135779571784547,1.3747198625507687e-8,0.4066635498652379]}},{"t":4.600000000000003,"j":false,"c":{"p":[-678.4229296882723,244.13831287413757,-405.5456767985299],"r":[0.4067375169475717,4.9049663748104774e-8,0.9135450650400689,-2.8146186855088997e-8,1,-4.116004357807541e-8,-0.9135450650400689,-8.971476102909514e-9,0.4067375169475717]}},{"t":4.640000000000003,"j":false,"c":{"p":[-678.8707734015935,243.75053319052603,-405.7451656232138],"r":[0.40681079593037517,4.3105681436197467e-8,0.9135121538086703,-4.140049818343007e-8,1,-2.8749964061206536e-8,-0.9135121538086703,-2.613536181917393e-8,0.40681079593037517]}},{"t":4.680000000000003,"j":false,"c":{"p":[-679.3321321633105,243.40166153002738,-405.9530934440625],"r":[0.4104183353020492,-3.728316488108345e-8,0.9118908579876055,-8.862481961135255e-9,1,4.4875985478297135e-8,-0.9118908579876055,-2.6741503653695218e-8,0.4104183353020492]}},{"t":4.720000000000003,"j":false,"c":{"p":[-679.7951968477178,243.16721508841272,-406.1618874716691],"r":[0.4101196380903566,-8.201675779781769e-8,0.9120001198247393,1.484338949902223e-8,1,8.337413462943886e-8,-0.9120001198247393,-2.0924371241911884e-8,0.4101196380903566]}},{"t":4.760000000000003,"j":false,"c":{"p":[-680.2632419109628,243.26682888402652,-406.373210358192],"r":[0.3984168261875447,-2.2656143811620767e-8,0.9171616813863008,1.2764137686083967e-8,1,1.9317956635763674e-8,-0.9171616813863008,3.645275164873675e-9,0.3984168261875447]}},{"t":4.800000000000003,"j":false,"c":{"p":[-680.6950899449087,243.21149548194458,-406.5529445384209],"r":[0.3467864439867864,2.4337677293678127e-8,0.9357414314462859,7.758961889237763e-9,1,-2.8549794506116713e-8,-0.9357414314462859,1.522545849455612e-8,0.3467864439867864]}},{"t":4.840000000000003,"j":false,"c":{"p":[-681.1045304178059,243.0602429158074,-406.71312391322977],"r":[0.27043913096900896,6.367590699222213e-8,0.9626276332720651,9.425098202205689e-10,1,-6.639619389665438e-8,-0.9626276332720651,1.8764590043947952e-8,0.27043913096900896]}},{"t":4.8800000000000034,"j":true,"c":{"p":[-681.5056471867127,242.96820401975648,-406.82515699027533],"r":[0.26423423845770416,4.329232881491829e-9,0.9644531911979326,-1.041134079808244e-8,1,-1.698342465667205e-9,-0.9644531911979326,-9.465043830993875e-9,0.26423423845770416]}},{"t":4.9200000000000035,"j":true,"c":{"p":[-681.9152878131144,243.89500205606214,-406.9373836008482],"r":[0.26218989447078417,-5.877721729101576e-8,0.9650162890048494,-2.2174859480645484e-8,1,6.693279544074804e-8,-0.9650162890048494,-3.894819442609373e-8,0.26218989447078417]}},{"t":4.9600000000000035,"j":false,"c":{"p":[-682.4682315826269,245.3093924285019,-407.0876307440352],"r":[0.2621889298528755,-1.1446225803505215e-7,0.9650165438652039,-3.194645111588089e-8,1,1.272913582652025e-7,-0.9650165438652039,-6.420323787005878e-8,0.2621889298528755]}},{"t":5.0000000000000036,"j":false,"c":{"p":[-683.0426916212504,246.38491069170888,-407.24374095480044],"r":[0.2621889130831139,-9.37267060371687e-8,0.9650165626366684,-2.2810203983630667e-8,1,1.0332184632507716e-7,-0.9650165626366684,-4.910206740254067e-8,0.2621889130831139]}},{"t":5.040000000000004,"j":false,"c":{"p":[-683.606810526983,247.21779614213577,-407.39704654810936],"r":[0.26218886080919857,-9.912737445024933e-9,0.9650165974859453,1.902502816698223e-9,1,9.755193141228247e-9,-0.9650165974859453,-7.217566996891174e-10,0.26218886080919857]}},{"t":5.080000000000004,"j":false,"c":{"p":[-684.2050011374145,247.64788774946842,-407.55961150651103],"r":[0.2621888518333435,6.316653347778488e-8,0.9650166034698486,2.3014835987206334e-8,1,-7.170940843798845e-8,-0.9650166034698486,4.101110768400955e-8,0.2621888518333435]}},{"t":5.120000000000004,"j":false,"c":{"p":[-684.808411650891,247.8669918836081,-407.72359503168155],"r":[0.2621888647965421,1.0344060338187757e-7,0.9650165948277163,3.3517579163096595e-8,1,-1.1629700762016593e-7,-0.9650165948277163,6.283680163858306e-8,0.2621888647965421]}},{"t":5.160000000000004,"j":false,"c":{"p":[-685.4057941110715,247.66918074444982,-407.88594036625483],"r":[0.26218892015281503,4.371048556324709e-8,0.9650165579235342,1.1764998952006755e-8,1,-4.849153738832805e-8,-0.9650165579235342,2.4067361860503635e-8,0.26218892015281503]}},{"t":5.200000000000004,"j":false,"c":{"p":[-685.9682100275653,247.18978289745056,-408.03878315327773],"r":[0.26218950389248735,-1.2412748569858898e-8,0.9650163894116651,-8.673975034616924e-9,1,1.5219425431731904e-8,-0.9650163894116651,-1.2360933780843118e-8,0.26218950389248735]}},{"t":5.240000000000004,"j":false,"c":{"p":[-686.5091090737723,246.53710899773426,-408.18577849123983],"r":[0.26219041277602195,-6.631646540959152e-8,0.9650161399142243,-2.8304613630890587e-8,1,7.641080880298436e-8,-0.9650161399142243,-4.7348592476060506e-8,0.26219041277602195]}},{"t":5.280000000000004,"j":false,"c":{"p":[-687.0951765795061,245.88384068955673,-408.34501695781137],"r":[0.26219046115875244,-3.434692920876729e-8,0.9650161266326904,-1.334236246368334e-8,1,3.921713543141045e-8,-0.9650161266326904,-2.3157952635112632e-8,0.26219046115875244]}},{"t":5.320000000000004,"j":false,"c":{"p":[-687.6412212963086,245.36072906053428,-408.4943192592275],"r":[0.264377716128356,5.295439418989377e-9,0.9644054356682772,4.110466372830054e-9,1,-6.719351448096063e-9,-0.9644054356682772,5.882835366509817e-9,0.264377716128356]}},{"t":5.360000000000004,"j":false,"c":{"p":[-688.0608527221088,245.22429071280592,-408.61206593759493],"r":[0.27306126423236965,5.338616785213117e-8,0.9619809518107186,2.3183613059930235e-8,1,-6.219269585363964e-8,-0.9619809518107186,3.9446365333004156e-8,0.27306126423236965]}},{"t":5.400000000000004,"j":false,"c":{"p":[-688.5811909989582,245.00514119985755,-408.7674251511721],"r":[0.3109602681060163,2.7282572855557384e-8,0.9495113079325054,1.3737015703422029e-8,1,-3.1805104294753026e-8,-0.9495113079325054,2.1087169522268723e-8,0.3109602681060163]}},{"t":5.440000000000004,"j":false,"c":{"p":[-689.1379001117388,244.79462827956618,-408.94173338963446],"r":[0.35656073320188914,-2.7508516353287344e-8,0.934256002205117,-6.693717139462677e-9,1,3.2069195271119054e-8,-0.934256002205117,-1.777331450382064e-8,0.35656073320188914]}},{"t":5.480000000000004,"j":false,"c":{"p":[-689.6501611627949,244.90041968961899,-409.1384231530789],"r":[0.36855966211785673,-6.329890486468866e-8,0.9295536498551512,-1.9507391654566474e-8,1,7.604965871074471e-8,-0.9295536498551512,-4.642609047582187e-8,0.36855966211785673]}},{"t":5.520000000000004,"j":false,"c":{"p":[-690.1790077326423,244.94740679462103,-409.3468140982811],"r":[0.37460714938925316,-4.0359535871937264e-8,0.9271836352231156,-1.3159675551603324e-8,1,4.88460032966274e-8,-0.9271836352231156,-3.049945992007948e-8,0.37460714938925316]}},{"t":5.560000000000004,"j":false,"c":{"p":[-690.724705284989,244.93464838742227,-409.5670935114596],"r":[0.37460793771435075,4.224960458546228e-8,0.9271832891291704,1.2656123644399373e-8,1,-5.068112635650506e-8,-0.9271832891291704,3.0720104108988014e-8,0.37460793771435075]}},{"t":5.600000000000004,"j":false,"c":{"p":[-691.2419433602136,244.90202641709317,-409.7760339508738],"r":[0.37460733037365623,4.0438094767047935e-8,0.9271835592889205,1.245222263665656e-8,1,-4.86449428363086e-8,-0.9271835592889205,2.9768250634803376e-8,0.37460733037365623]}},{"t":5.640000000000004,"j":false,"c":{"p":[-691.7802735163095,244.88441928937823,-409.99446608469884],"r":[0.3760186969876688,1.3290753269135442e-8,0.9266075969348054,4.619697961346554e-9,1,-1.6119415297420274e-8,-0.9266075969348054,1.0215838930003575e-8,0.3760186969876688]}},{"t":5.680000000000004,"j":false,"c":{"p":[-692.3550088038519,244.8926917315073,-410.2291467700043],"r":[0.3796931192946472,-4.6744646541065786e-8,0.9251080677605457,-1.306052378877831e-8,1,5.5986533793135814e-8,-0.9251080677605457,-3.346401998634721e-8,0.3796931192946472]}},{"t":5.720000000000004,"j":false,"c":{"p":[-692.8835834674018,244.85345471348023,-410.4496305665643],"r":[0.3861230111742854,-4.724760475300416e-8,0.9224220892007925,-1.3325633850493178e-8,1,5.665116177938749e-8,-0.9224220892007925,-3.398060749698483e-8,0.3861230111742854]}},{"t":5.760000000000004,"j":false,"c":{"p":[-693.3823749579684,244.78610433865697,-410.66070964489455],"r":[0.3936790699963329,-1.1513074365557269e-8,0.9192457881869245,-2.9835198290081545e-9,1,1.3819877533255562e-8,-0.9192457881869245,-8.205113304280906e-9,0.3936790699963329]}},{"t":5.800000000000004,"j":false,"c":{"p":[-69