{"v":1,"d":[{"t":0.06751823425292969,"c":{"r":[0.9466488361358643,-3.226150013801998e-8,0.32226699590682983,2.143500665852116e-8,1,3.714335150561965e-8,-0.32226699590682983,-2.825391476335426e-8,0.9466488361358643],"p":[-1203.4122314453125,261.5074768066406,-486.65728759765625]},"j":false},{"t":0.04,"j":false,"c":{"p":[-1203.3676129757484,261.51826368939237,-486.52605536272404],"r":[0.9415610502378144,-4.0735919884339116e-8,0.33830586429774884,2.9594873144251233e-8,1,3.770952731643633e-8,-0.33830586429774884,-2.5960461787099004e-8,0.9415610502378144]}},{"t":0.08,"j":false,"c":{"p":[-1203.4324695637897,261.5025840747011,-486.7168121296387],"r":[0.9489565623935526,-2.8417658954618427e-8,0.3149920597222079,1.773384105806446e-8,1,3.6886544554369894e-8,-0.3149920597222079,-2.9294182919313127e-8,0.9489565623935526]}},{"t":0.12,"j":false,"c":{"p":[-1203.4973261518307,261.48690446000984,-486.90756889655336],"r":[0.9563520745492908,-1.6099398024897738e-8,0.2916782551466669,5.87280897187769e-9,1,3.6063561792303455e-8,-0.2916782551466669,-3.262790405152725e-8,0.9563520745492908]}},{"t":0.16,"j":false,"c":{"p":[-1203.5837947710768,261.4459283445067,-487.34974998717706],"r":[0.9721744205647153,-1.3767833075984614e-9,0.21492594027267786,-6.391688922007129e-9,1,3.671146152608674e-8,-0.21492594027267786,-3.615319844767598e-8,0.9721744205647153]}},{"t":0.2,"j":false,"c":{"p":[-1203.6847146369196,261.3880373001012,-487.9600501623929],"r":[0.9936315101626281,1.495354283491394e-8,0.10244107056543872,-1.892597098495645e-8,1,3.8342891473243954e-8,-0.10244107056543872,-3.980659151498709e-8,0.9936315101626281]}},{"t":0.24000000000000002,"j":false,"c":{"p":[-1203.7221246242455,261.33059521883024,-488.55333719879354],"r":[0.9951579873637333,3.1319685769375856e-8,-0.013415366273393584,-3.069493713383834e-8,1,4.103347813399052e-8,0.013415366273393584,-3.9468984826640856e-8,0.9951579873637333]}},{"t":0.28,"j":false,"c":{"p":[-1203.7135103128485,261.27302496545184,-489.1407739469684],"r":[0.9813188625102464,4.8141079578898185e-8,-0.14939079585764783,-4.200634040914548e-8,1,4.468420683244608e-8,0.14939079585764783,-3.6795494604499686e-8,0.9813188625102464]}},{"t":0.32,"j":false,"c":{"p":[-1203.5650663635217,261.2147991060177,-489.71423924825234],"r":[0.920255085141893,6.659757776994419e-8,-0.35686589119163803,-5.19845509843004e-8,1,5.136505265344537e-8,0.35686589119163803,-2.7351720623006003e-8,0.920255085141893]}},{"t":0.36,"j":false,"c":{"p":[-1203.3444623199857,261.1581208505166,-490.2608532882258],"r":[0.8875803373517847,8.155286003590898e-8,-0.46037123880136477,-6.130061902259362e-8,1,5.886975372743674e-8,0.46037123880136477,-2.3877568611499043e-8,0.8875803373517847]}},{"t":0.39999999999999997,"j":false,"c":{"p":[-1203.0640685416301,261.1027248941834,-490.7852191616618],"r":[0.8784279057235286,9.360713761223891e-8,-0.47773030689499774,-7.006805520105717e-8,1,6.705707706856376e-8,0.47773030689499774,-2.534967004475136e-8,0.8784279057235286]}},{"t":0.43999999999999995,"j":false,"c":{"p":[-1202.779153262941,261.04764310600126,-491.30615710149823],"r":[0.8763047456741333,1.0527476886558726e-7,-0.4817572236061096,-7.878000804562549e-8,1,7.522352489017565e-8,0.4817572236061096,-2.79658922867531e-8,0.8763047456741333]}},{"t":0.4799999999999999,"j":false,"c":{"p":[-1202.4922694147206,260.9923476255419,-491.8291141337242],"r":[0.8784334151003316,1.1581277714941969e-7,-0.4774312329158115,-8.686311528972312e-8,1,8.275773264223731e-8,0.4774312329158115,-3.1242963171495395e-8,0.8784334151003316]}},{"t":0.5199999999999999,"j":false,"c":{"p":[-1202.1992682566267,260.933920938538,-492.3830649288546],"r":[0.9021616302233437,1.160735464180593e-7,-0.42920954266357303,-8.873539276033705e-8,1,8.39405993859114e-8,0.42920954266357303,-3.7719090407134913e-8,0.9021616302233437]}},{"t":0.5599999999999999,"j":false,"c":{"p":[-1201.9486080970382,260.87660201015404,-492.93189073782173],"r":[0.9288156568374862,6.708930858015042e-8,-0.3645884057477227,-4.9382885905167564e-8,1,5.293174869828064e-8,0.3645884057477227,-2.5536496512120895e-8,0.9288156568374862]}},{"t":0.6,"j":false,"c":{"p":[-1201.7610471946944,260.8209339343384,-493.4730789654445],"r":[0.9598299143967035,-5.5282980582092754e-8,-0.275527767161463,5.1405424612072895e-8,1,-2.605125307344876e-8,0.275527767161463,1.44525140013355e-8,0.9598299143967035]}},{"t":0.64,"j":false,"c":{"p":[-1201.5985233378815,260.6342434067165,-494.0607164787089],"r":[0.9676256188400135,-7.067597246519885e-8,-0.25236602959839227,6.143632226716274e-8,1,-4.455156128237831e-8,0.25236602959839227,2.7558785534018608e-8,0.9676256188400135]}},{"t":0.68,"j":false,"c":{"p":[-1201.4462285439997,260.40254511471727,-494.6576767761398],"r":[0.9698044619550281,-5.477835835051611e-8,-0.24203512303547584,4.5171652927335016e-8,1,-4.55084225773971e-8,0.24203512303547584,3.306055782271969e-8,0.9698044619550281]}},{"t":0.7200000000000001,"j":false,"c":{"p":[-1201.3300999187693,260.08646095974836,-495.2029258826953],"r":[0.9860590349674268,-3.7147024504315757e-8,-0.15347104892863173,3.0515928760715006e-8,1,-4.729736674123194e-8,0.15347104892863173,4.1307668882271836e-8,0.9860590349674268]}},{"t":0.7600000000000001,"j":false,"c":{"p":[-1201.2463842739712,259.86727882366296,-495.7915857296063],"r":[0.9956552764296879,-1.9156364837169685e-8,-0.08576863256365265,1.505282109498643e-8,1,-5.0189943750551997e-8,0.08576863256365265,4.825545444305511e-8,0.9956552764296879]}},{"t":0.8000000000000002,"j":false,"c":{"p":[-1201.1919081052401,259.7355111809132,-496.4194060389847],"r":[0.9992450932000515,-8.415603798291187e-10,-0.036885341565307955,-1.138620410587686e-9,1,-5.4078098634598746e-8,0.036885341565307955,5.403112943832346e-8,0.9992450932000515]}},{"t":0.8400000000000002,"j":false,"c":{"p":[-1201.1741002375215,259.65119542772885,-496.9756101786769],"r":[0.9995084408529111,1.3417535151735337e-8,-0.031157471721976398,-1.522033482388541e-8,1,-5.8061065619826746e-8,0.031157471721976398,5.846378044898553e-8,0.9995084408529111]}},{"t":0.8800000000000002,"j":false,"c":{"p":[-1201.15766228798,259.5668102964008,-497.54126646030903],"r":[0.9996099472045898,2.7771907794757904e-8,-0.027927478775382042,-2.951870081531469e-8,1,-6.21352018080395e-8,0.027927478775382042,6.293534991030497e-8,0.9996099472045898]}},{"t":0.9200000000000003,"j":false,"c":{"p":[-1201.1403540790766,259.4724496503613,-498.1668809433778],"r":[0.9996099472045898,4.3408089675124017e-8,-0.027927478775382042,-4.52865050994361e-8,1,-6.662802664990552e-8,0.027927478775382042,6.786677697116344e-8,0.9996099472045898]}},{"t":0.9600000000000003,"j":false,"c":{"p":[-1201.1233240670397,259.3768983565485,-498.78199477477074],"r":[0.9996099785021894,5.87827469822978e-8,-0.027926415879559737,-6.079050021537543e-8,1,-7.10456827752646e-8,0.027926415879559737,7.27156147528585e-8,0.9996099785021894]}},{"t":1.0000000000000002,"j":false,"c":{"p":[-1201.1074242017146,259.2765101762427,-499.35445076779934],"r":[0.9996101369431305,7.309498708757444e-8,-0.02792103507666027,-7.522279719269016e-8,1,-7.515797357113788e-8,0.02792103507666027,7.722894191769469e-8,0.9996101369431305]}},{"t":1.0400000000000003,"j":false,"c":{"p":[-1201.0800670925782,259.1980754899118,-499.9593153671443],"r":[0.9986660159419835,8.652452355509159e-8,-0.047223946851861556,-9.045396416545151e-8,1,-7.911569328677907e-8,0.047223946851861556,8.35221025079813e-8,0.9986660159419835]}},{"t":1.0800000000000003,"j":false,"c":{"p":[-1201.046050491962,259.1422237013494,-500.57050866714667],"r":[0.9975637793540955,8.457500703855208e-8,-0.06976035982370377,-8.975473387354173e-8,1,-7.111584445296117e-8,0.06976035982370377,7.720391511173654e-8,0.9975637793540955]}},{"t":1.1200000000000003,"j":false,"c":{"p":[-1201.0053612690524,259.1406897822318,-501.147686101443],"r":[0.9975637793540955,1.925377002630426e-8,-0.06976035982370377,-2.0199108960722532e-8,1,-1.2845834485777619e-8,0.06976035982370377,1.4223636912825065e-8,0.9975637793540955]}},{"t":1.1600000000000004,"j":false,"c":{"p":[-1200.963284596394,259.1471642515525,-501.7446165245003],"r":[0.9975637793540955,-2.296152801292467e-8,-0.06976035982370377,2.4529058073739995e-8,1,2.1613575330904897e-8,0.06976035982370377,-2.327207595654932e-8,0.9975637793540955]}},{"t":1.2000000000000004,"j":false,"c":{"p":[-1200.9206281313113,259.1572242964702,-502.34980452870315],"r":[0.9975637793540955,-5.2606762078749916e-8,-0.06976035982370377,5.576813549401536e-8,1,4.3370008328745385e-8,0.06976035982370377,-4.7154755180597674e-8,0.9975637793540955]}},{"t":1.2400000000000004,"j":false,"c":{"p":[-1200.8801276987201,259.1616716095976,-502.9243868377793],"r":[0.9975637793540955,-3.484657193316585e-8,-0.06976035982370377,3.6570436669807723e-8,1,2.3434077673398096e-8,0.06976035982370377,-2.592815419776248e-8,0.9975637793540955]}},{"t":1.2800000000000005,"j":false,"c":{"p":[-1200.8404473288947,259.16590198061635,-503.5103498959878],"r":[0.9979961544257782,-1.666118733975908e-8,-0.06023915092817976,1.7139880886727983e-8,1,3.0098559192934565e-9,0.06023915092817976,-4.258600749485332e-9,0.9979961544257782]}},{"t":1.3200000000000005,"j":false,"c":{"p":[-1200.8027014835868,259.1696205861393,-504.12316009216426],"r":[0.99944850042103,2.5272291165956538e-9,-0.028257451438535225,-2.8399834549510066e-9,1,-1.856624242434679e-8,0.028257451438535225,1.8455875648479295e-8,0.99944850042103]}},{"t":1.3600000000000005,"j":false,"c":{"p":[-1200.8459090368597,259.20011201454514,-504.717374284005],"r":[0.9847004213744157,2.5378266063688357e-8,0.10187827319896127,-1.8526583874078313e-8,1,-4.2418042826376656e-8,-0.10187827319896127,3.7727228118836205e-8,0.9847004213744157]}},{"t":1.4000000000000006,"j":false,"c":{"p":[-1200.9131261372265,259.23854385512766,-505.3060731837187],"r":[0.9651475425936482,4.931558055687776e-8,0.2611249892282085,-3.293986749439219e-8,1,-6.694478185606014e-8,-0.2611249892282085,5.5977402386197e-8,0.9651475425936482]}},{"t":1.4400000000000006,"j":false,"c":{"p":[-1201.0923985680543,259.2987759701214,-505.86152687636206],"r":[0.947410743365032,7.095447956691969e-8,0.3163741401167298,-4.290225522146932e-8,1,-9.301963988509851e-8,-0.3163741401167298,7.384642805982254e-8,0.947410743365032]}},{"t":1.4800000000000006,"j":false,"c":{"p":[-1201.2929560979733,259.35775899565635,-506.42446248674975],"r":[0.9269468279381659,6.471818304577373e-8,0.37280309698454467,-3.859332598158455e-8,1,-8.295813697063854e-8,-0.37280309698454467,6.45403188550911e-8,0.9269468279381659]}},{"t":1.5200000000000007,"j":false,"c":{"p":[-1201.5437828867573,259.41332582138944,-507.0062615780025],"r":[0.8997765341289172,-9.724556614998734e-9,0.4338291111221978,5.815922142675459e-10,1,1.5598036662552404e-8,-0.4338291111221978,-1.128984132740953e-8,0.8997765341289172]}},{"t":1.5600000000000007,"j":false,"c":{"p":[-1201.8146013920666,259.4578365380859,-507.5529805338135],"r":[0.8845694529503191,-3.8652987212291234e-8,0.46621357224892396,1.6378335338235347e-8,1,5.18908471739203e-8,-0.46621357224892396,-3.826242473151978e-8,0.8845694529503191]}},{"t":1.6000000000000008,"j":false,"c":{"p":[-1202.0977367135924,259.4955356304328,-508.07808675914515],"r":[0.8767328590003896,-3.954023489065955e-8,0.4809520876590777,1.7771878743472356e-8,1,4.9823449865559824e-8,-0.4809520876590777,-3.513405141216491e-8,0.8767328590003896]}},{"t":1.6400000000000008,"j":false,"c":{"p":[-1202.3738000261883,259.53916768990587,-508.5807084493934],"r":[0.8744683431010095,-1.8482086890181878e-8,0.4850701275366815,1.0192021872005305e-8,1,1.987523830839548e-8,-0.4850701275366815,-1.2503920062971032e-8,0.8744683431010095]}},{"t":1.6800000000000008,"j":false,"c":{"p":[-1202.6528252879018,259.58599123130216,-509.0813920425134],"r":[0.870554680178437,3.9720550903008575e-9,0.49189481091780435,2.304457460348294e-9,1,-1.1781476206740841e-8,-0.49189481091780435,1.1220291254438233e-8,0.870554680178437]}},{"t":1.7200000000000009,"j":false,"c":{"p":[-1202.944973451497,259.64391370868924,-509.57957205971746],"r":[0.8589677344234126,2.6939367194575123e-8,0.5116442113817931,-4.768185283915067e-9,1,-4.38367762488234e-8,-0.5116442113817931,3.483006623971389e-8,0.8589677344234126]}},{"t":1.760000000000001,"j":false,"c":{"p":[-1203.2508532052586,259.704197119355,-510.08461858001084],"r":[0.8489789677584555,5.047268513122864e-8,0.5283496422621883,-1.1568937361701964e-8,1,-7.665417305677044e-8,-0.5283496422621883,5.8826043229910415e-8,0.8489789677584555]}},{"t":1.800000000000001,"j":false,"c":{"p":[-1203.5796180812608,259.76841527071946,-510.6011088413902],"r":[0.8416537326579385,7.49493106168101e-8,0.5399819814487385,-1.7916555384152048e-8,1,-1.107416833355127e-7,-0.5399819814487385,8.346566600220355e-8,0.8416537326579385]}},{"t":1.840000000000001,"j":false,"c":{"p":[-1203.9121922215309,259.8417075297811,-511.1182473745024],"r":[0.8405688416298261,2.3122515156540697e-8,0.5417047721010795,-5.703845070912946e-9,1,-3.383406585059278e-8,-0.5417047721010795,2.5350092921091686e-8,0.8405688416298261]}},{"t":1.880000000000001,"j":false,"c":{"p":[-1204.2446571462815,259.920265368484,-511.6341168700405],"r":[0.8398586502322771,-3.3124302749871164e-8,0.5427900795292819,7.68162324378334e-9,1,4.913427085296576e-8,-0.5427900795292819,-3.70922029849652e-8,0.8398586502322771]}},{"t":1.920000000000001,"j":false,"c":{"p":[-1204.572446649588,260.0211837119013,-512.1416102646592],"r":[0.8348452831294207,-3.577469801974503e-8,0.5504513055505755,8.621856742146371e-9,1,5.190207132890019e-8,-0.5504513055505755,-3.857505990476895e-8,0.8348452831294207]}},{"t":1.960000000000001,"j":false,"c":{"p":[-1204.8937974799653,260.12834276430607,-512.630731734269],"r":[0.832923173904419,-1.9093047607257964e-8,0.5533885955810547,5.31808911288137e-9,1,2.6497632085857207e-8,-0.5533885955810547,-1.9127521067533302e-8,0.832923173904419]}},{"t":2.000000000000001,"j":false,"c":{"p":[-1205.211144816256,260.2393822190549,-513.1084297484648],"r":[0.832923173904419,9.609050406970856e-9,0.5533885955810547,-6.245504709917715e-10,1,-1.642398753891134e-8,-0.5533885955810547,1.3334301390538687e-8,0.832923173904419]}},{"t":2.040000000000001,"j":false,"c":{"p":[-1205.5354610947927,260.35422641953454,-513.5917779246541],"r":[0.830833962336994,3.87187960616067e-8,0.5565094571780134,-6.393028767539953e-9,1,-5.985705198568744e-8,-0.5565094571780134,4.6088850081164466e-8,0.830833962336994]}},{"t":2.080000000000001,"j":false,"c":{"p":[-1205.8621288106178,260.46660805299183,-514.0776798350541],"r":[0.8290400505065918,5.5421341422407525e-8,0.5591892004013062,-9.847901438677025e-9,1,-8.450992249301526e-8,-0.5591892004013062,6.455527044158424e-8,0.8290400505065918]}},{"t":2.120000000000001,"j":false,"c":{"p":[-1206.194502878317,260.5689786783504,-514.570476163224],"r":[0.8290400505065918,2.8503506183323747e-8,0.5591892004013062,-5.259675721177263e-9,1,-4.317505350239942e-8,-0.5591892004013062,3.285269521212109e-8,0.8290400505065918]}},{"t":2.160000000000001,"j":false,"c":{"p":[-1206.5198377225654,260.667099271501,-515.0526800200273],"r":[0.8290400505065918,-4.738571517925213e-9,0.5591892004013062,6.627116594214199e-10,1,7.49148542199557e-9,-0.5591892004013062,-5.840160299300967e-9,0.8290400505065918]}},{"t":2.200000000000001,"j":false,"c":{"p":[-1206.8396368269985,260.7618775822718,-515.5265538151568],"r":[0.8290400505065918,-4.295411838673459e-8,0.5591892004013062,7.634301681389405e-9,1,6.549657484870826e-8,-0.5591892004013062,-5.0030266060522215e-8,0.8290400505065918]}},{"t":2.240000000000001,"j":false,"c":{"p":[-1207.1689285994964,260.9054548211481,-516.0145471151227],"r":[0.8290400505065918,-2.0468125319926467e-8,0.5591892004013062,3.860676948814202e-9,1,3.0879476653572813e-8,-0.5591892004013062,-2.3441474667710636e-8,0.8290400505065918]}},{"t":2.280000000000001,"j":false,"c":{"p":[-1207.4964609578053,261.0715322586198,-516.4918071415868],"r":[0.8227502765126055,1.3214753880131547e-8,0.5679747057735404,-1.2792851391447834e-9,1,-2.0421376870860112e-8,-0.5679747057735404,1.5603106438530882e-8,0.8227502765126055]}},{"t":2.320000000000001,"j":false,"c":{"p":[-1207.8167021304228,261.26492114242166,-516.9415512478605],"r":[0.8035412719835753,4.6381092283058294e-8,0.594805687720812,-5.063151774782016e-9,1,-7.011009513342448e-8,-0.594805687720812,5.2813101267465443e-8,0.8035412719835753]}},{"t":2.360000000000001,"j":false,"c":{"p":[-1208.1485942369254,261.50560338106254,-517.3890742850599],"r":[0.7965297698974609,3.7166489391478244e-8,0.6045992970466614,-3.954529920348349e-9,1,-5.626302875985795e-8,-0.6045992970466614,4.242427081938231e-8,0.7965297698974609]}},{"t":2.4000000000000012,"j":false,"c":{"p":[-1208.4871836609834,261.7734713044504,-517.8353205829825],"r":[0.7965297698974609,3.5900091656977173e-9,0.6045992970466614,-3.355419142573099e-11,1,-5.89362606342582e-9,-0.6045992970466614,4.674161758050251e-9,0.7965297698974609]}},{"t":2.4400000000000013,"j":false,"c":{"p":[-1208.8094642811875,262.0723118527957,-518.2089456790858],"r":[0.722018586217629,-3.3902620013207885e-8,0.6867738372975486,-1.4352908583471738e-9,1,4.728402380148348e-8,-0.6867738372975486,-3.302393133100853e-8,0.722018586217629]}},{"t":2.4800000000000013,"j":false,"c":{"p":[-1209.1687101190116,262.37554610685737,-518.5741497102538],"r":[0.673703224309513,-3.466075385077652e-8,0.7388964543052552,-3.996521400397659e-9,1,5.0985204736761885e-8,-0.7388964543052552,-3.7707162144959816e-8,0.673703224309513]}},{"t":2.5200000000000014,"j":false,"c":{"p":[-1209.5735747553447,262.68247888425446,-518.9329595013404],"r":[0.6610134090222387,9.271430133797552e-9,0.750322438006216,-7.683108174034944e-9,1,-5.376341653552994e-9,-0.750322438006216,-2.4123602231703623e-9,0.6610134090222387]}},{"t":2.5600000000000014,"j":false,"c":{"p":[-1209.9881706225653,262.9459582418049,-519.296864072621],"r":[0.6586899161338806,5.314780748818852e-8,0.7524145245552063,-1.1266991084615641e-8,1,-6.077282269540156e-8,-0.7524145245552063,3.1552998469199406e-8,0.6586899161338806]}},{"t":2.6000000000000014,"j":false,"c":{"p":[-1210.4058711868392,263.1945734036722,-519.6627144515443],"r":[0.6586899161338806,7.975599184142837e-8,0.7524145245552063,-1.2425831192192142e-8,1,-9.512206291774335e-8,-0.7524145245552063,5.3306569122982686e-8,0.6586899161338806]}},{"t":2.6400000000000015,"j":false,"c":{"p":[-1210.828719909685,263.4146224727194,-520.0330458464356],"r":[0.6586899161338806,1.0175834876268135e-8,0.7524145245552063,-1.9507798382795841e-10,1,-1.3353462127300802e-8,-0.7524145245552063,8.649011682761436e-9,0.6586899161338806]}},{"t":2.6800000000000015,"j":false,"c":{"p":[-1211.2514766255351,263.61197170705424,-520.4046401522849],"r":[0.6674481085404801,-3.0090087431361486e-8,0.7444171824981374,6.01497403537481e-9,1,3.520698147463563e-8,-0.7444171824981374,-1.916347244088754e-8,0.6674481085404801]}},{"t":2.7200000000000015,"j":false,"c":{"p":[-1211.6741358486943,263.785267683806,-520.7775726671105],"r":[0.6854866794426694,-3.929398457436616e-8,0.7279456761611912,5.845355084782143e-9,1,4.8579311645979405e-8,-0.7279456761611912,-2.912653639811564e-8,0.6854866794426694]}},{"t":2.7600000000000016,"j":false,"c":{"p":[-1212.0892220351416,263.92117799553836,-521.1911278848664],"r":[0.7056687099231154,2.108217102697644e-9,0.7081226847085819,-7.335853848927424e-9,1,3.4163469066781487e-9,-0.7081226847085819,-6.4698082733340275e-9,0.7056687099231154]}},{"t":2.8000000000000016,"j":false,"c":{"p":[-1212.5018615273143,264.0438538797461,-521.6174032216385],"r":[0.7241741929862291,5.2117057454628183e-8,0.6896171058800429,-2.212694479116558e-8,1,-5.233816291844021e-8,-0.6896171058800429,2.2642828938787478e-8,0.7241741929862291]}},{"t":2.8400000000000016,"j":false,"c":{"p":[-1212.9129395773432,264.1495765391645,-522.048821071018],"r":[0.7241735801505663,5.062916416247135e-8,0.6896177187157057,-1.8854455357389234e-8,1,-5.3617041692861714e-8,-0.6896177187157057,2.58256811724984e-8,0.7241735801505663]}},{"t":2.8800000000000017,"j":false,"c":{"p":[-1213.3199807643553,264.25096716114024,-522.4761130562209],"r":[0.7241732478141785,1.1149588835029106e-8,0.6896180510520935,-2.232274386233446e-9,1,-1.3823644220050548e-8,-0.6896180510520935,8.471298732198622e-9,0.7241732478141785]}},{"t":2.9200000000000017,"j":false,"c":{"p":[-1213.7222390638733,264.3472251720714,-522.8985167050879],"r":[0.7241732478141785,-7.334264610102407e-8,0.6896180510520935,3.020666143388938e-8,1,7.463231018694535e-8,-0.6896180510520935,-3.3215661371412286e-8,0.7241732478141785]}},{"t":2.9600000000000017,"j":false,"c":{"p":[-1214.1401857046374,264.438059018519,-523.3374391328553],"r":[0.7241732478141785,-4.567731710014579e-8,0.6896180510520935,1.7535557943231654e-8,1,4.7821448392471855e-8,-0.6896180510520935,-2.253817531771797e-8,0.7241732478141785]}},{"t":3.0000000000000018,"j":false,"c":{"p":[-1214.5554308695384,264.5243924783072,-523.7735161337185],"r":[0.7241732478141785,1.5449977822021744e-8,0.6896180510520935,-8.56509731843299e-9,1,-1.3409397712331839e-8,-0.6896180510520935,3.804081920585971e-9,0.7241732478141785]}},{"t":3.040000000000002,"j":false,"c":{"p":[-1214.9479358747576,264.6022101001009,-524.1856463891986],"r":[0.7241732478141785,7.305827274484438e-8,0.6896180510520935,-3.316321178923668e-8,1,-7.111524737999168e-8,-0.6896180510520935,2.8629813356159814e-8,0.7241732478141785]}},{"t":3.080000000000002,"j":false,"c":{"p":[-1215.3571685573147,264.6832916822085,-524.6153983759499],"r":[0.7241732478141785,6.097083643122808e-8,0.6896180510520935,-2.6954088788522045e-8,1,-6.010776977511112e-8,-0.6896180510520935,2.4940415766436118e-8,0.7241732478141785]}},{"t":3.120000000000002,"j":false,"c":{"p":[-1215.7825303550576,264.76759133601064,-525.0621414667368],"r":[0.7241732478141785,-1.8529511405060424e-8,0.6896180510520935,9.049283162573593e-9,1,1.7366515568971655e-8,-0.6896180510520935,-6.335816585890969e-9,0.7241732478141785]}},{"t":3.160000000000002,"j":false,"c":{"p":[-1216.178985052069,264.8662238759224,-525.4784117706824],"r":[0.7241732478141785,-3.704954588759604e-8,0.6896180510520935,1.699200022666113e-8,1,3.588130157501993e-8,-0.6896180510520935,-1.426628945221275e-8,0.7241732478141785]}},{"t":3.200000000000002,"j":false,"c":{"p":[-1216.580966577986,264.96677643435055,-525.9005404276938],"r":[0.7241732478141785,-3.25967096259666e-8,0.6896180510520935,1.4460373402015004e-8,1,3.208282223759425e-8,-0.6896180510520935,-1.3261388054850484e-8,0.7241732478141785]}},{"t":3.240000000000002,"j":false,"c":{"p":[-1216.9964157200125,265.0720076381184,-526.3369445492566],"r":[0.7241732478141785,2.7835750650448278e-8,0.6896180510520935,-1.3594830306978725e-8,1,-2.6087973837262895e-8,-0.6896180510520935,9.516973755136546e-9,0.7241732478141785]}},{"t":3.280000000000002,"j":false,"c":{"p":[-1217.4128923246815,265.1804944655063,-526.7743490179658],"r":[0.7241732478141785,5.8115313590275574e-8,0.6896180510520935,-2.7502755771383197e-8,1,-5.539088184318814e-8,-0.6896180510520935,2.1146199208551417e-8,0.7241732478141785]}},{"t":3.320000000000002,"j":false,"c":{"p":[-1217.8289815743383,265.29371174696286,-527.2112879465543],"r":[0.7241732478141785,5.973144352998133e-8,0.6896180510520935,-2.7963068561260914e-8,1,-5.7251017312508104e-8,-0.6896180510520935,2.217581741502867e-8,0.7241732478141785]}},{"t":3.360000000000002,"j":false,"c":{"p":[-1218.2156064540363,265.4573504565493,-527.6174065176656],"r":[0.7241732478141785,-4.004811151350271e-8,0.6896180510520935,1.912985186827396e-8,1,3.79844802082994e-8,-0.6896180510520935,-1.4315054030310356e-8,0.7241732478141785]}},{"t":3.400000000000002,"j":false,"c":{"p":[-1218.6010392800524,265.6284227132412,-528.0222280866763],"r":[0.7241732478141785,-8.347274670028348e-8,0.6896180510520935,3.953473676083704e-8,1,7.952626088107378e-8,-0.6896180510520935,-3.032692304856722e-8,0.7241732478141785]}},{"t":3.440000000000002,"j":false,"c":{"p":[-1218.9842488899005,265.81335876009916,-528.4246307075439],"r":[0.7241732478141785,-2.1793752000697165e-8,0.6896180510520935,1.0165628245113005e-8,1,2.0927635761969452e-8,-0.6896180510520935,-8.144833189566749e-9,0.7241732478141785]}},{"t":3.480000000000002,"j":false,"c":{"p":[-1219.3755319192198,265.9500136076616,-528.8354410059653],"r":[0.7241732478141785,3.920259209447328e-8,0.6896180510520935,-1.887846578954913e-8,1,-3.70223912731719e-8,-0.6896180510520935,1.379169485917987e-8,0.7241732478141785]}},{"t":3.5200000000000022,"j":false,"c":{"p":[-1219.7717916882775,266.07084591890856,-529.251522487014],"r":[0.7241732478141785,8.556372854117626e-8,0.6896180510520935,-4.0930441338974064e-8,1,-8.1092703617899e-8,-0.6896180510520935,3.0498795852140475e-8,0.7241732478141785]}},{"t":3.5600000000000023,"j":false,"c":{"p":[-1220.195084326783,266.13676229671637,-529.6964329701427],"r":[0.7241732478141785,2.078762239355277e-8,0.6896180510520935,-9.883926269954113e-9,1,-1.976448536137029e-8,-0.6896180510520935,7.496777766876578e-9,0.7241732478141785]}},{"t":3.6000000000000023,"j":false,"c":{"p":[-1220.608554568074,266.18763428430077,-530.1412253902607],"r":[0.7349704216878921,-2.980435882845574e-8,0.6777935731236843,1.5059208759406737e-8,1,2.7968883810564767e-8,-0.6777935731236843,-1.0982922374880053e-8,0.7349704216878921]}},{"t":3.6400000000000023,"j":false,"c":{"p":[-1221.0150361742994,266.22441136060894,-530.5865960451025],"r":[0.7525253007916304,-6.630150731198046e-8,0.6585624804980175,3.359775210197049e-8,1,6.227404380152891e-8,-0.6585624804980175,-2.4717986765034082e-8,0.7525253007916304]}},{"t":3.6800000000000024,"j":false,"c":{"p":[-1221.4152162681387,266.1714588076133,-531.0475303680786],"r":[0.755174410837102,8.321005590078068e-10,0.655515019703936,-4.764693753044545e-10,1,-8.319852347868679e-10,-0.655515019703936,5.100878931082115e-10,0.755174410837102]}},{"t":3.7200000000000024,"j":false,"c":{"p":[-1221.8095559167868,266.08783899867757,-531.5026089566475],"r":[0.7569973690925208,5.063806635716987e-8,0.6534179468004547,-2.5762465333873894e-8,1,-4.765088467393156e-8,-0.6534179468004547,1.9237925385333525e-8,0.7569973690925208]}},{"t":3.7600000000000025,"j":false,"c":{"p":[-1222.1909965749173,265.93648862629203,-531.9447547875027],"r":[0.7569957191617795,6.217484487812483e-8,0.6534198653245724,-3.1639112530727094e-8,1,-5.8498634077621863e-8,-0.6534198653245724,2.3609580287727364e-8,0.7569957191617795]}},{"t":3.8000000000000025,"j":false,"c":{"p":[-1222.5434214251547,265.7534582346045,-532.365513181781],"r":[0.7722546850160003,-3.990032520476912e-9,0.6348432190746418,3.883646097611352e-9,1,2.5683771267784963e-9,-0.6348432190746418,-1.230220771684214e-9,0.7722546850160003]}},{"t":3.8400000000000025,"j":false,"c":{"p":[-1222.8878498060556,265.5516282399676,-532.7864801716722],"r":[0.7880121469497681,-6.678215281839065e-8,0.6156597137451172,3.7294175309523755e-8,1,6.073791498444086e-8,-0.6156597137451172,-2.4901695773935604e-8,0.7880121469497681]}},{"t":3.8800000000000026,"j":false,"c":{"p":[-1223.2368022026897,265.3184020030588,-533.2328048295776],"r":[0.7880121469497681,-2.801210630919505e-8,0.6156597137451172,1.545487361190565e-8,1,2.5717903821517507e-8,-0.6156597137451172,-1.0751078348364226e-8,0.7880121469497681]}},{"t":3.9200000000000026,"j":false,"c":{"p":[-1223.5889155004204,265.1144074917033,-533.6833628830003],"r":[0.7880123308465299,2.42331606081433e-8,0.6156594746793268,-1.3885056321626152e-8,1,-2.158916410966879e-8,-0.6156594746793268,8.464082804405253e-9,0.7880123308465299]}},{"t":3.9600000000000026,"j":false,"c":{"p":[-1223.9444609636835,264.94215333470595,-534.1385176364573],"r":[0.7880127144218353,9.111007388612427e-8,0.6156589760314298,-5.1369308685997214e-8,1,-8.223774809781896e-8,-0.6156589760314298,3.3178420263752636e-8,0.7880127144218353]}},{"t":4.000000000000003,"j":false,"c":{"p":[-1224.319693963733,264.8396328983927,-534.6187379440814],"r":[0.7880127429962158,3.4228499834570675e-8,0.6156589388847351,-1.9217880342436768e-8,1,-3.099860071977825e-8,-0.6156589388847351,1.259563275823227e-8,0.7880127429962158]}},{"t":4.040000000000003,"j":false,"c":{"p":[-1224.686328575916,264.75235416437766,-535.0879761242821],"r":[0.7880127429962158,-2.495001682068622e-8,0.6156589388847351,1.4178655825098209e-8,1,2.2377738595748255e-8,-0.6156589388847351,-8.904726271923172e-9,0.7880127429962158]}},{"t":4.080000000000003,"j":false,"c":{"p":[-1225.0384693678707,264.678780311455,-535.5387115108315],"r":[0.7880127429962158,-7.321944088134207e-8,0.6156589388847351,4.136957473810981e-8,1,6.59775812189148e-8,-0.6156589388847351,-2.6521623800664924e-8,0.7880127429962158]}},{"t":4.120000000000003,"j":true,"c":{"p":[-1225.3967160120617,264.61191030970843,-535.9975850284139],"r":[0.7880127429962158,-1.93093948785662e-8,0.6156589388847351,1.0831921160572723e-8,1,1.7499466001704018e-8,-0.6156589388847351,-7.1210328455999875e-9,0.7880127429962158]}},{"t":4.160000000000003,"j":false,"c":{"p":[-1225.7690474782826,265.9285803311854,-536.4743657792868],"r":[0.7880127296961768,4.8630306490761074e-8,0.6156589654848132,-2.7634625209258198e-8,1,-4.361808960938435e-8,-0.6156589654848132,1.7358101592574037e-8,0.7880127296961768]}},{"t":4.200000000000003,"j":false,"c":{"p":[-1226.135276346996,267.29562716164446,-536.9434875206387],"r":[0.788012689146814,1.1514690926383002e-7,0.6156590465835389,-6.529541782129165e-8,1,-1.0345546423487983e-7,-0.6156590465835389,4.1324499694737525e-8,0.788012689146814]}},{"t":4.240000000000003,"j":false,"c":{"p":[-1226.5141081120307,268.2898891593827,-537.4287529720402],"r":[0.7880126496146765,8.898166676049359e-8,0.6156590580940247,-5.043146022542261e-8,1,-7.998101293497449e-8,-0.6156590580940247,3.197746360801409e-8,0.7880126496146765]}},{"t":4.280000000000003,"j":false,"c":{"p":[-1226.8820611052643,269.03915342377405,-537.9000832348014],"r":[0.7880126368545969,3.185018760363554e-8,0.615659045026354,-1.8019738486790302e-8,1,-2.8669116100069016e-8,-0.615659045026354,1.1497607196446919e-8,0.7880126368545969]}},{"t":4.320000000000003,"j":false,"c":{"p":[-1227.2252791544915,269.43860164093024,-538.3397292121449],"r":[0.7880126748561701,-5.5115477756371e-8,0.6156590070247808,3.129687102518008e-8,1,4.946431090362467e-8,-0.6156590070247808,-1.9710309080772458e-8,0.7880126748561701]}},{"t":4.360000000000003,"j":false,"c":{"p":[-1227.5977077364946,269.4665223683524,-538.8167924909965],"r":[0.788012683391571,-7.505274811663003e-8,0.6156590254191232,4.2586489464546646e-8,1,6.739778692786898e-8,-0.6156590254191232,-2.68915568970945e-8,0.788012683391571]}},{"t":4.400000000000003,"j":false,"c":{"p":[-1227.9767517810926,269.36654054039724,-539.3023269345653],"r":[0.7880126854200742,-7.166912870939145e-8,0.6156590540370184,4.064566189993233e-8,1,6.43860160826166e-8,-0.6156590540370184,-2.571312705683584e-8,0.7880126854200742]}},{"t":4.440000000000003,"j":false,"c":{"p":[-1228.326453289488,268.94413663591183,-539.7502284450171],"r":[0.7880127196939982,-6.212208606799464e-9,0.6156589854891702,3.490827613022039e-9,1,5.622255487543344e-9,-0.6156589854891702,-2.281245536632828e-9,0.7880127196939982]}},{"t":4.480000000000003,"j":true,"c":{"p":[-1228.6386563952397,268.6448698789955,-540.1500766370762],"r":[0.7893059873343335,5.6388611626777965e-8,0.613991679918557,-3.2104790348098474e-8,1,-5.0619501339509654e-8,-0.613991679918557,2.0330624749261196e-8,0.7893059873343335]}},{"t":4.520000000000003,"j":true,"c":{"p":[-1228.8965931232478,269.18030953740913,-540.4805637655296],"r":[0.7977207664880286,1.1874927138423407e-7,0.6029855837386626,-6.808008509574146e-8,1,-1.0688479032540833e-7,-0.6029855837386626,4.423572393868749e-8,0.7977207664880286]}},{"t":4.560000000000003,"j":false,"c":{"p":[-1229.2232104461195,270.72786172616804,-540.9851521457044],"r":[0.8583590368768406,4.9449138115252656e-8,0.5049683606960401,-1.2864144413830673e-10,1,-9.964206202381531e-8,-0.5049683606960401,7.576086792032874e-8,0.8583590368768406]}},{"t":4.600000000000003,"j":false,"c":{"p":[-1229.5241264961628,271.9982868478903,-541.517780749552],"r":[0.9157533106446788,-9.777484496166255e-8,0.4016388575421545,1.2463815862975536e-7,1,-4.011213113532968e-8,-0.4016388575421545,8.679774355162514e-8,0.9157533106446788]}},{"t":4.640000000000003,"j":false,"c":{"p":[-1229.7434543812974,272.7355832635797,-542.0596055591844],"r":[0.9271114803287647,-9.61364416590579e-8,0.37395933707656004,8.792847747775618e-8,1,4.416945558713191e-8,-0.37395933707656004,-8.027680388526232e-9,0.9271114803287647]}},{"t":4.680000000000003,"j":false,"c":{"p":[-1229.9500541119492,273.29913944110325,-542.6118722073718],"r":[0.9450719760719926,-9.757708148291959e-8,0.31749324912091315,6.906183045540028e-8,1,1.02600051230441e-7,-0.31749324912091315,-7.592540654103974e-8,0.9450719760719926]}},{"t":4.720000000000003,"j":false,"c":{"p":[-1230.1325030198705,273.53303512474986,-543.1839515465701],"r":[0.9755599443936497,-1.0485999992027034e-7,0.2064065726592836,8.405114855393752e-8,1,1.1198011847385831e-7,-0.2064065726592836,-9.272962525192153e-8,0.9755599443936497]}},{"t":4.760000000000003,"j":false,"c":{"p":[-1230.2182341829837,273.4232537460012,-543.7682829550913],"r":[0.9915803422461618,-1.2579484562177413e-7,0.09185202767090994,1.1533645709682153e-7,1,6.375184922226429e-8,-0.09185202767090994,-5.496551715133396e-8,0.9915803422461618]}},{"t":4.800000000000003,"j":false,"c":{"p":[-1230.2540346222663,273.16716022075474,-544.3497579371217],"r":[0.999918722967363,-1.4049423030791763e-7,-0.012744155833218427,1.4042233873562262e-7,1,-6.2883635836067385e-9,0.012744155833218427,4.510319923459789e-9,0.999918722967363]}},{"t":4.840000000000003,"j":false,"c":{"p":[-1230.24679714246,273.0371256027072,-544.8543505980956],"r":[0.9999082654321679,-4.2152770588716e-8,-0.013529370794164941,4.1726637912090895e-8,1,-3.086614768091079e-8,0.013529370794164941,3.0345744680098374e-8,0.9999082654321679]}},{"t":4.8800000000000034,"j":false,"c":{"p":[-1230.2403960086256,272.96527099609375,-545.3405674702111],"r":[0.9998314687672581,2.0405068217180202e-8,-0.003789247418719943,-2.083858843861559e-8,1,-3.514190326249468e-8,0.003789247418719943,3.496244257275001e-8,0.9998314687672581]}},{"t":4.9200000000000035,"j":false,"c":{"p":[-1230.2350277950206,272.96527099609375,-545.8040895190171],"r":[0.999672740663161,3.876872519754766e-8,0.018950083536658224,-3.878125515056448e-8,1,-1.4343853657494187e-8,-0.018950083536658224,1.3373176697643593e-8,0.999672740663161]}},{"t":4.9600000000000035,"j":true,"c":{"p":[-1230.2388009663398,273.49223578091886,-546.2454144801467],"r":[0.9968427823427626,1.817596809244009e-8,0.07758152609502984,-2.0754957076513015e-8,1,2.8949572620442757e-8,-0.07758152609502984,-3.025174542691011e-8,0.9968427823427626]}},{"t":5.0000000000000036,"j":false,"c":{"p":[-1230.2968724770842,275.0983958551593,-546.8344691535569],"r":[0.9862353821064388,-8.532288648764663e-8,0.16534722263292356,7.004182360581597e-8,1,9.826181502132011e-8,-0.16534722263292356,-8.532576145588469e-8,0.9862353821064388]}},{"t":5.040000000000004,"j":false,"c":{"p":[-1230.3945513324102,276.1617944309848,-547.4152234957448],"r":[0.9860908940266176,-1.2179610862308528e-7,0.16620530705158454,1.1164907330712574e-7,1,7.051729908126149e-8,-0.16620530705158454,-5.0958142527663765e-8,0.9860908940266176]}},{"t":5.080000000000004,"j":false,"c":{"p":[-1230.4982480712588,277.061273455739,-548.0161070553618],"r":[0.9831148868598074,-1.372733529747945e-7,0.18086269838092842,1.3260491253093133e-7,1,4.109744560505199e-8,-0.18086269838092842,-1.6872504748515368e-8,0.9831148868598074]}},{"t":5.120000000000004,"j":false,"c":{"p":[-1230.6133520269666,277.650034292047,-548.655146612439],"r":[0.9747715853372606,-1.1295160971960386e-7,0.221677406620165,1.1441490972131103e-7,1,8.501901121476632e-9,-0.221677406620165,1.6678622831921858e-8,0.9747715853372606]}},{"t":5.160000000000004,"j":false,"c":{"p":[-1230.7532390262709,277.8465354577853,-549.2322062276143],"r":[0.9672114977025602,-1.1718166357536585e-7,0.2530444225791501,1.2374526169332516e-7,1,-8.85817955427159e-9,-0.2530444225791501,4.016409096796878e-8,0.9672114977025602]}},{"t":5.200000000000004,"j":false,"c":{"p":[-1230.901919899992,277.85494636537743,-549.7709934551298],"r":[0.9604437167866293,-1.1150790390822749e-7,0.27834565789328575,1.205512282810334e-7,1,-1.6048955526551397e-8,-0.27834565789328575,4.8499313173898015e-8,0.9604437167866293]}},{"t":5.240000000000004,"j":false,"c":{"p":[-1231.0442663514932,277.73905059924084,-550.2508645732952],"r":[0.9558378905935716,-6.534461846589898e-9,0.2936014842562825,7.967951909038264e-9,1,-5.260712758679843e-9,-0.2936014842562825,6.23750749025566e-9,0.9558378905935716]}},{"t":5.280000000000004,"j":false,"c":{"p":[-1231.18446573091,277.6071695983131,-550.7104385473458],"r":[0.9531900882720947,5.843972635328845e-8,0.3023717701435089,-6.250440376693474e-8,1,3.766388563192834e-9,-0.3023717701435089,-2.248965146523372e-8,0.9531900882720947]}},{"t":5.320000000000004,"j":false,"c":{"p":[-1231.3217616613283,277.4536720367275,-551.1425650392247],"r":[0.9531900882720947,6.932360504789725e-8,0.3023717701435089,-7.603087885543633e-8,1,1.041192831329554e-8,-0.3023717701435089,-3.291413824837574e-8,0.9531900882720947]}},{"t":5.360000000000004,"j":false,"c":{"p":[-1231.451567543093,277.5469998625295,-551.5518818934711],"r":[0.9531900882720947,6.625053439336052e-8,0.3023717701435089,-7.449298488022886e-8,1,1.572712904392685e-8,-0.3023717701435089,-3.751551928501903e-8,0.9531900882720947]}},{"t":5.400000000000004,"j":false,"c":{"p":[-1231.5783014479277,277.74156092871493,-551.9518435774332],"r":[0.9531900882720947,5.745314492609975e-8,0.3023717701435089,-6.677657373224919e-8,1,2.049670304152662e-8,-0.3023717701435089,-3.972860521939451e-8,0.9531900882720947]}},{"t":5.440000000000004,"j":false,"c":{"p":[-1231.7218810987652,279.0472606693515,-552.4036668679696],"r":[0.953190161941134,4.856822564994483e-8,0.3023715035961408,-5.898339073645332e-8,1,2.531375782842874e-8,-0.3023715035961408,-4.196371929080963e-8,0.953190161941134]}},{"t":5.480000000000004,"j":true,"c":{"p":[-1231.904899693616,280.4553751815162,-552.980577341836],"r":[0.9531902074813843,3.926015174990086e-8,0.30237141864981976,-5.081905162001361e-8,1,3.036023765769278e-8,-0.30237141864981976,-4.430530809647093e-8,0.9531902074813843]}},{"t":5.520000000000004,"j":false,"c":{"p":[-1232.080833893912,281.5064137116309,-553.5344863079297],"r":[0.9531901990991197,3.0537627332551894e-8,0.30237145908249174,-4.3168314316667616e-8,1,3.5089242336700144e-8,-0.30237145908249174,-4.6499584901379394e-8,0.9531901990991197]}},{"t":5.560000000000004,"j":false,"c":{"p":[-1232.2575534124865,282.1369251268158,-554.0908677599571],"r":[0.9531901478767395,2.180112955309309e-8,0.3023715615272522,-3.550531212750283e-8,1,3.982578576938516e-8,-0.3023715615272522,-4.869734389024336e-8,0.9531901478767395]}},{"t":5.600000000000004,"j":false,"c":{"p":[-1232.4389729673528,282.663992825531,-554.6620467456014],"r":[0.9531901478767395,1.2839330385448323e-8,0.3023715615272522,-2.7644688125777574e-8,1,4.468447309668153e-8,-0.3023715615272522,-5.0951767196683804e-8,0.9531901478767395]}},{"t":5.640000000000004,"j":false,"c":{"p":[-1232.6183089611668,282.74921810182974,-555.2271743487217],"r":[0.9531901151251178,3.6632751684854505e-9,0.30237167615792815,-1.9596132375384556e-8,1,4.965929453106641e-8,-0.30237167615792815,-5.326006438515722e-8,0.9531901151251178]}},{"t":5.680000000000004,"j":false,"c":{"p":[-1232.7929367539443,282.70865014709614,-555.7879346409057],"r":[0.9560262780875188,-4.884792861204848e-9,0.2919329186612253,-1.1511730076720321e-8,1,5.456105681662831e-8,-0.2919329186612253,-5.567087964709149e-8,0.9560262780875188]}},{"t":5.720000000000004,"j":false,"c":{"p":[-1232.951626492918,282.3174422243955,-556.3347127908298],"r":[0.9687078313719492,-1.1211189878376681e-8,0.24525732220399704,-3.3394843009448022e-9,1,5.918659407966953e-8,-0.24525732220399704,-5.842707973628564e-8,0.9687078313719492]}},{"t":5.760000000000004,"j":true,"c":{"p":[-1233.0783021976447,281.9116864588997,-556.8482747311587],"r":[0.9822420337701822,-1.5648856080700383e-8,0.18212809139858105,4.286129753763629e-9,1,6.30499555833478e-8,-0.18212809139858105,-6.133659511183086e-8,0.9822420337701822]}},{"t":5.800000000000004,"j":false,"c":{