{"v":1,"d":[{"t":0.06803369522094727,"c":{"r":[0.9668238759040833,-7.768912979599918e-8,0.2554439902305603,8.111222626894232e-8,1,-2.866010540003572e-9,-0.2554439902305603,2.3490558831440467e-8,0.9668238759040833],"p":[-1399.6656494140625,578.1781005859375,-949.8179931640625]},"j":false},{"t":0.04,"j":false,"c":{"p":[-1399.5584292421208,578.166425286568,-949.4128482395499],"r":[0.9668238759040833,-1.1679340489644953e-7,0.2554439902305603,1.2237372282595618e-7,1,-5.952103940092451e-9,-0.2554439902305603,3.701426918388458e-8,0.9668238759040833]}},{"t":0.08,"j":false,"c":{"p":[-1399.7114168109683,578.1830842382724,-949.9909310378673],"r":[0.9668238759040833,-6.099729982753097e-8,0.2554439902305603,6.349957693571685e-8,1,-1.5486981446511185e-9,-0.2554439902305603,1.7717904226133365e-8,0.9668238759040833]}},{"t":0.12,"j":false,"c":{"p":[-1399.864404379816,578.1997431899766,-950.5690138361848],"r":[0.9668238759040833,-5.201194758612406e-9,0.2554439902305603,4.6254310454775084e-9,1,2.854707650790214e-9,-0.2554439902305603,-1.5784607316178463e-9,0.9668238759040833]}},{"t":0.16,"j":false,"c":{"p":[-1400.019527081779,578.2098205339806,-951.1551645039075],"r":[0.9668238759040833,4.6339123419798666e-8,0.2554439902305603,-4.972651957895845e-8,1,6.802517352327565e-9,-0.2554439902305603,-1.9279175874727788e-8,0.9668238759040833]}},{"t":0.2,"j":false,"c":{"p":[-1400.1766032832104,578.2138761610944,-951.7486967154229],"r":[0.9668238759040833,9.398569025861566e-8,0.2554439902305603,-9.994097358357934e-8,1,1.033348806577806e-8,-0.2554439902305603,-3.5519981543248975e-8,0.9668238759040833]}},{"t":0.24000000000000002,"j":false,"c":{"p":[-1400.3248756157523,578.2212254743049,-952.308962399455],"r":[0.9668238759040833,2.8023978863434363e-8,0.2554439902305603,-2.957176975003021e-8,1,2.2185451463566826e-9,-0.2554439902305603,-9.698872105220661e-9,0.9668238759040833]}},{"t":0.28,"j":false,"c":{"p":[-1400.4708004819104,578.2295273743839,-952.861522861013],"r":[0.96712957786265,-6.320179261435689e-8,0.25411984748567057,6.756353864614388e-8,1,-8.3156558967631e-9,-0.25411984748567057,2.527218733030862e-8,0.96712957786265]}},{"t":0.32,"j":false,"c":{"p":[-1400.6160112504301,578.239953466408,-953.440479635548],"r":[0.9750700214377771,-3.805878036492859e-8,0.21972595350963786,3.99581650817292e-8,1,-2.661698838476514e-9,-0.21972595350963786,1.2071405543684682e-8,0.9750700214377771]}},{"t":0.36,"j":false,"c":{"p":[-1400.7537069302327,578.2497808119489,-954.0280030276408],"r":[0.9814051418581896,-1.9853699717291005e-9,0.1918755603875355,1.0749385970150244e-9,1,5.279039526998962e-9,-0.1918755603875355,-4.773527105153807e-9,0.9814051418581896]}},{"t":0.39999999999999997,"j":false,"c":{"p":[-1400.8698861785056,578.2578938879456,-954.6400534808322],"r":[0.9831440656079519,6.538283574647254e-8,0.1827598480372788,-7.00978801060189e-8,1,1.976705567871858e-8,-0.1827598480372788,-3.2052018885726505e-8,0.9831440656079519]}},{"t":0.43999999999999995,"j":false,"c":{"p":[-1400.9772200128111,577.942509773458,-955.2209602907922],"r":[0.9835714101791382,4.48606152937994e-8,0.18051964044570923,-4.7764808182355536e-8,1,1.174101404675084e-8,-0.18051964044570923,-2.017061067897626e-8,0.9835714101791382]}},{"t":0.4799999999999999,"j":false,"c":{"p":[-1401.0818553284123,577.5250666169189,-955.7926767894203],"r":[0.9835714101791382,-3.765014952460627e-9,0.18051964044570923,4.4509085417715045e-9,1,-3.394485178944975e-9,-0.18051964044570923,4.142194914224429e-9,0.9835714101791382]}},{"t":0.5199999999999999,"j":false,"c":{"p":[-1401.1917121028184,577.2027662273014,-956.3916209808267],"r":[0.9835714101791382,-3.721446500015559e-8,0.18051964044570923,4.005599675764617e-8,1,-1.2095446825790325e-8,-0.18051964044570923,1.9127628969807916e-8,0.9835714101791382]}},{"t":0.5599999999999999,"j":false,"c":{"p":[-1401.3002910137036,576.983979092308,-956.9838760423638],"r":[0.9835714101791382,-4.047077744044288e-8,0.18051964044570923,4.326832698404574e-8,1,-1.1559456297493235e-8,-0.18051964044570923,1.9180332808236364e-8,0.9835714101791382]}},{"t":0.6,"j":false,"c":{"p":[-1401.4058317836964,577.0112963704107,-957.5602275909969],"r":[0.9835714101791382,2.8057576125478875e-8,0.18051964044570923,-3.053364132088502e-8,1,1.0937535284409052e-8,-0.18051964044570923,-1.626976750497484e-8,0.9835714101791382]}},{"t":0.64,"j":false,"c":{"p":[-1401.5145039811396,577.0884548682096,-958.1526117021239],"r":[0.9835714101791382,4.2987250627950324e-8,0.18051964044570923,-4.647575756201232e-8,1,1.5095170149279192e-8,-0.18051964044570923,-2.323696319852601e-8,0.9835714101791382]}},{"t":0.68,"j":false,"c":{"p":[-1401.6253206493498,577.199745735461,-958.755975266596],"r":[0.9835714101791382,2.1211364409506457e-8,0.18051964044570923,-2.2794167578645187e-8,1,6.693607971948632e-9,-0.18051964044570923,-1.0698435928507009e-8,0.9835714101791382]}},{"t":0.7200000000000001,"j":false,"c":{"p":[-1401.7167290596135,577.3908091884897,-959.254059065775],"r":[0.9835714101791382,-5.004112932955239e-8,0.18051964044570923,5.4266081615335456e-8,1,-1.846577452936506e-8,-0.18051964044570923,2.79585012498706e-8,0.9835714101791382]}},{"t":0.7600000000000001,"j":false,"c":{"p":[-1401.8110522964619,577.6084613327224,-959.7679574904199],"r":[0.9835714101791382,-7.962237455045876e-8,0.18051964044570923,8.619617293749144e-8,1,-2.857148579649252e-8,-0.18051964044570923,4.3662198414578246e-8,0.9835714101791382]}},{"t":0.8000000000000002,"j":false,"c":{"p":[-1401.9158285695994,577.8708673432045,-960.3385655064155],"r":[0.9835714101791382,-4.682624006294992e-9,0.18051964044570923,4.969872847181042e-9,1,-1.138937950012385e-9,-0.18051964044570923,2.0173870660197647e-9,0.9835714101791382]}},{"t":0.8400000000000002,"j":false,"c":{"p":[-1402.0110849161929,578.1103887451885,-960.8570740217453],"r":[0.9835714101791382,4.890729793779018e-8,0.18051964044570923,-5.310361274821311e-8,1,1.8412939833106043e-8,-0.18051964044570923,-2.7696684232274356e-8,0.9835714101791382]}},{"t":0.8800000000000002,"j":false,"c":{"p":[-1402.1055732193545,578.346289925964,-961.3744379969986],"r":[0.9836932465195647,7.234178648204747e-8,0.17984247293831981,-7.847031958706414e-8,1,2.6669722151706143e-8,-0.17984247293831981,-4.043956277444088e-8,0.9836932465195647]}},{"t":0.9200000000000003,"j":false,"c":{"p":[-1402.2136708503162,578.6060555188214,-961.9815419470367],"r":[0.9844229468821116,-1.5560226122444993e-8,0.17578679157168328,1.692539930203352e-8,1,-6.988820189322828e-9,-0.17578679157168328,9.631941814074916e-9,0.9844229468821116]}},{"t":0.9600000000000003,"j":false,"c":{"p":[-1402.3142553205782,578.8282588907281,-962.556518431829],"r":[0.9854352628391703,-5.027048649693816e-8,0.16993815851859537,5.451096062250969e-8,1,-1.9863308320797026e-8,-0.16993815851859537,2.895774883255275e-8,0.9854352628391703]}},{"t":1.0000000000000002,"j":false,"c":{"p":[-1402.4064335053902,579.0084348438073,-963.0955483084713],"r":[0.9867637902357316,-2.5465840868581677e-8,0.16208343717901139,2.7414199036427972e-8,1,-9.483043961862418e-9,-0.16208343717901139,1.3882972599688478e-8,0.9867637902357316]}},{"t":1.0400000000000003,"j":false,"c":{"p":[-1402.4972056295062,579.1809325458494,-963.6551874358428],"r":[0.9876072049216066,2.855807839279144e-8,0.1569077212380508,-3.0775879000956064e-8,1,1.2377387399035362e-8,-0.1569077212380508,-1.686640029609451e-8,0.9876072049216066]}},{"t":1.0800000000000003,"j":false,"c":{"p":[-1402.5873070857344,579.3508771429281,-964.22286367437],"r":[0.9882280230522156,8.689417248327716e-8,0.15298808115753268,-9.347364740794582e-8,1,3.581398439915017e-8,-0.15298808115753268,-4.9692738083593406e-8,0.9882280230522156]}},{"t":1.1200000000000003,"j":false,"c":{"p":[-1402.6751418690749,579.5287797973214,-964.790890669756],"r":[0.9882280230522156,1.588629635012839e-8,0.15298817680445018,-1.7045750246536165e-8,1,6.267120425093157e-9,-0.15298817680445018,-8.801139008028518e-9,0.9882280230522156]}},{"t":1.1600000000000004,"j":false,"c":{"p":[-1402.7657344110232,579.6997893043276,-965.3760285515103],"r":[0.9885508847073234,-3.284022189645408e-8,0.15085346012412476,3.529840266826791e-8,1,-1.3844394158489706e-8,-0.15085346012412476,1.8949374984863333e-8,0.9885508847073234]}},{"t":1.2000000000000004,"j":false,"c":{"p":[-1402.859154047148,579.8637323564303,-965.9787075215507],"r":[0.98920472540551,-5.872518434004854e-8,0.14653025766345001,6.295329782085095e-8,1,-2.4283335790262378e-8,-0.14653025766345001,3.322841072423901e-8,0.98920472540551]}},{"t":1.2400000000000004,"j":false,"c":{"p":[-1402.94298751104,579.9785326834251,-966.5410992748843],"r":[0.9892720580101013,3.9830149302823375e-9,0.14608506132723523,-4.4214614127781225e-9,1,2.67661298031337e-9,-0.14608506132723523,-3.2938097208170293e-9,0.9892720580101013]}},{"t":1.2800000000000005,"j":false,"c":{"p":[-1403.0265469189833,580.0867292165236,-967.1045874214623],"r":[0.9892720580101013,6.07014216519105e-8,0.14608506858348846,-6.532743811531521e-8,1,2.6869217624087705e-8,-0.14608506858348846,-3.6124330897361156e-8,0.9892720580101013]}},{"t":1.3200000000000005,"j":false,"c":{"p":[-1403.1148421429784,580.1894127719329,-967.7008609313597],"r":[0.9892720580101013,2.4816270965545677e-8,0.14608506858348846,-2.6650912542490553e-8,1,1.0601586953890294e-8,-0.14608506858348846,-1.4381154621992146e-8,0.9892720580101013]}},{"t":1.3600000000000005,"j":false,"c":{"p":[-1403.2035273953932,580.2870570474734,-968.3009523308277],"r":[0.9892720580101013,-2.5598743021696147e-8,0.14608506858348846,2.7650038647251675e-8,1,-1.2011267551069759e-8,-0.14608506858348846,1.5921667966776263e-8,0.9892720580101013]}},{"t":1.4000000000000006,"j":false,"c":{"p":[-1403.2927753784331,580.3774306807497,-968.9065521580857],"r":[0.9892720580101013,-9.697735517238452e-8,0.14608506858348846,1.0449381583508506e-7,1,-4.37789723099244e-8,-0.14608506858348846,5.857429605746573e-8,0.9892720580101013]}},{"t":1.4400000000000006,"j":false,"c":{"p":[-1403.3789468300392,580.4420267033008,-969.490866995133],"r":[0.9892720580101013,-3.312872754534634e-8,0.14608506858348846,3.566333006112583e-8,1,-1.4731195050877941e-8,-0.14608506858348846,1.9783037513594207e-8,0.9892720580101013]}},{"t":1.4800000000000006,"j":false,"c":{"p":[-1403.4649206476981,580.5023368391705,-970.0734140994491],"r":[0.9892720580101013,3.964609927415893e-8,0.14608506858348846,-4.277560945254307e-8,1,1.8281227336562668e-8,-0.14608506858348846,-2.43339849019194e-8,0.9892720580101013]}},{"t":1.5200000000000007,"j":false,"c":{"p":[-1403.5526676324666,580.5513289056663,-970.6642437968906],"r":[0.9892720580101013,3.6864101564919844e-8,0.14608506858348846,-3.9747487578694006e-8,1,1.6818810081568322e-8,-0.14608506858348846,-2.2444892769284354e-8,0.9892720580101013]}},{"t":1.5600000000000007,"j":false,"c":{"p":[-1403.6404434863457,580.5984809618196,-971.2554858204505],"r":[0.9892720580101013,6.534430793546091e-9,0.14608506858348846,-7.017004390697498e-9,1,2.7880795854785635e-9,-0.14608506858348846,-3.783248223064434e-9,0.9892720580101013]}},{"t":1.6000000000000008,"j":false,"c":{"p":[-1403.7282588964167,580.6431118525851,-971.8472928094972],"r":[0.9892720580101013,-6.154081033552706e-8,0.14608506858348846,6.641138334423514e-8,1,-2.8463639073544294e-8,-0.14608506858348846,3.7859994651886e-8,0.9892720580101013]}},{"t":1.6400000000000008,"j":false,"c":{"p":[-1403.8175789477377,580.6762932056745,-972.4499516330395],"r":[0.9896468027923682,-4.582927289712847e-8,0.1434843994344462,4.9465469606557925e-8,1,-2.1035534131555487e-8,-0.1434843994344462,2.808792232616814e-8,0.9896468027923682]}},{"t":1.6800000000000008,"j":false,"c":{"p":[-1403.9077107696694,580.7032974064415,-973.0584651414221],"r":[0.9902237265330873,1.508615909683417e-8,0.1394806404901262,-1.6238380217787555e-8,1,7.260763828260542e-9,-0.1394806404901262,-9.42328171709741e-9,0.9902237265330873]}},{"t":1.7200000000000009,"j":false,"c":{"p":[-1403.987921664782,580.7152938377759,-973.6270579115505],"r":[0.9902682900428772,4.35291863062141e-8,0.13917136845218278,-4.68448578494928e-8,1,2.0548697107799865e-8,-0.13917136845218278,-2.6868187000971404e-8,0.9902682900428772]}},{"t":1.760000000000001,"j":false,"c":{"p":[-1404.069095659955,580.7255843073035,-974.205563044503],"r":[0.9902682900428772,4.14851178941867e-8,0.13917136192321777,-4.463321663275113e-8,1,1.949926480125961e-8,-0.13917136192321777,-2.5521170070164095e-8,0.9902682900428772]}},{"t":1.800000000000001,"j":false,"c":{"p":[-1404.1548726020337,580.7347207597608,-974.8180828985014],"r":[0.9902682900428772,-3.182367262657046e-8,0.13917136192321777,3.426146285022727e-8,1,-1.5120717328897056e-8,-0.13917136192321777,1.9741783632486006e-8,0.9902682900428772]}},{"t":1.840000000000001,"j":false,"c":{"p":[-1404.2344852364033,580.743060593612,-975.3865843861823],"r":[0.9902682900428772,-4.589011889813362e-8,0.13917136192321777,4.9394208535838626e-8,1,-2.1724310367619022e-8,-0.13917136192321777,2.8387157384101306e-8,0.9902682900428772]}},{"t":1.880000000000001,"j":false,"c":{"p":[-1404.3109749681955,580.7509968521688,-975.9327857103884],"r":[0.9902682900428772,-2.99437756931047e-8,0.13917136192321777,3.2224493541784785e-8,1,-1.4134508490052535e-8,-0.13917136192321777,1.84816832221039e-8,0.9902682900428772]}},{"t":1.920000000000001,"j":false,"c":{"p":[-1404.4014765508316,580.7620194696467,-976.5790434906211],"r":[0.9902682900428772,5.078866631998354e-8,0.13917136192321777,-5.4675639276117144e-8,1,2.410615864301916e-8,-0.13917136192321777,-3.148085057602656e-8,0.9902682900428772]}},{"t":1.960000000000001,"j":false,"c":{"p":[-1404.488095921109,580.7744179766099,-977.197578993871],"r":[0.9902682900428772,6.761881116983346e-8,0.13917136192321777,-7.27880128115311e-8,1,3.205294136066618e-8,-0.13917136192321777,-4.1871021976446004e-8,0.9902682900428772]}},{"t":2.000000000000001,"j":false,"c":{"p":[-1404.5691245303246,580.7884172856199,-977.7761917385502],"r":[0.9902682900428772,2.629358453364821e-10,0.13917136192321777,-2.7858346266954737e-10,1,9.295376130870765e-11,-0.13917136192321777,-1.308203476112557e-10,0.9902682900428772]}},{"t":2.040000000000001,"j":false,"c":{"p":[-1404.653647669811,580.8047284260526,-978.3797583824887],"r":[0.9902682900428772,-3.9445946580282894e-8,0.13917136192321777,4.2467399057660766e-8,1,-1.874073071338704e-8,-0.13917136192321777,2.4468598203963346e-8,0.9902682900428772]}},{"t":2.080000000000001,"j":false,"c":{"p":[-1404.737500262566,580.8213873460891,-978.9784904718052],"r":[0.9902682900428772,-5.220423948881946e-8,0.13917136192321777,5.619977465322555e-8,1,-2.4779640935430456e-8,-0.13917136192321777,3.2359893445859134e-8,0.9902682900428772]}},{"t":2.120000000000001,"j":false,"c":{"p":[-1404.8162160496086,580.8376478842574,-979.5403659770599],"r":[0.9902682900428772,1.6669283772769264e-8,0.13917136192321777,-1.794833418165563e-8,1,7.935421575455606e-9,-0.13917136192321777,-1.0356090326848269e-8,0.9902682900428772]}},{"t":2.160000000000001,"j":false,"c":{"p":[-1404.898942701676,580.8579956105175,-980.1306688886508],"r":[0.9902682900428772,4.382891489372241e-8,0.13917136192321777,-4.7187068966532117e-8,1,2.0830044218984172e-8,-0.13917136192321777,-2.7194421267164853e-8,0.9902682900428772]}},{"t":2.200000000000001,"j":false,"c":{"p":[-1404.9847479473551,580.881918389767,-980.7427624775022],"r":[0.9902682900428772,3.482365000966441e-8,0.13917136192321777,-3.749051246373644e-8,1,1.6540894410523377e-8,-0.13917136192321777,-2.1597528906880286e-8,0.9902682900428772]}},{"t":2.240000000000001,"j":false,"c":{"p":[-1405.0681779919942,580.9129402655201,-981.337387598471],"r":[0.9902682900428772,-3.96317374126318e-8,0.13917136192321777,4.2669799435268205e-8,1,-1.884591017390788e-8,-0.13917136192321777,2.4600922501920012e-8,0.9902682900428772]}},{"t":2.280000000000001,"j":false,"c":{"p":[-1405.1521334196614,580.94541017726,-981.9358343332865],"r":[0.9902682900428772,-5.577712989147312e-8,0.13917136192321777,6.005164417321961e-8,1,-2.6514859784982047e-8,-0.13917136192321777,3.461429526589427e-8,0.9902682900428772]}},{"t":2.320000000000001,"j":false,"c":{"p":[-1405.2366451115458,580.979413238267,-982.5383273104064],"r":[0.9902682900428772,-1.0185157536999283e-8,0.13917136192321777,1.096500208388338e-8,1,-4.836742455877291e-9,-0.13917136192321777,6.315687313969284e-9,0.9902682900428772]}},{"t":2.360000000000001,"j":false,"c":{"p":[-1405.3183699091383,581.0103194331618,-983.1288426418455],"r":[0.9908390885034825,5.306113043540717e-8,0.1350044577628392,-5.690403002889512e-8,1,2.5378274674483067e-8,-0.1350044577628392,-3.265945407618483e-8,0.9908390885034825]}},{"t":2.4000000000000012,"j":false,"c":{"p":[-1405.4003506366325,581.0419729020737,-983.7284677969224],"r":[0.9912158846855164,6.433675272109682e-8,0.13225379586219788,-6.902326861291107e-8,1,3.085131887665167e-8,-0.13225379586219788,-3.9708906351972694e-8,0.9912158846855164]}},{"t":2.4400000000000013,"j":false,"c":{"p":[-1405.4830169022937,581.0751609763757,-984.3444125214552],"r":[0.9912158846855164,-1.2793358970476646e-8,0.13225379586219788,1.3677361071599692e-8,1,-5.775703259092833e-9,-0.13225379586219788,7.533851311647425e-9,0.9912158846855164]}},{"t":2.4800000000000013,"j":false,"c":{"p":[-1405.5582318100062,581.1148688920264,-984.908468585148],"r":[0.9912158846855164,-4.89605267870524e-8,0.13225379586219788,5.246745543452143e-8,1,-2.303184108672125e-8,-0.13225379586219788,2.9768546592149108e-8,0.9912158846855164]}},{"t":2.5200000000000014,"j":false,"c":{"p":[-1405.6339135479845,581.1593148413741,-985.4775117297996],"r":[0.9912158846855164,-4.617589298545336e-8,0.13225379586219788,4.950502942067201e-8,1,-2.188428192453588e-8,-0.13225379586219788,2.8239275782494113e-8,0.9912158846855164]}},{"t":2.5600000000000014,"j":false,"c":{"p":[-1405.7130723625098,581.2119298544119,-986.0745503507969],"r":[0.9912158846855164,2.7939606106538478e-8,0.13225379586219788,-2.991635679911318e-8,1,1.2959621586828588e-8,-0.13225379586219788,-1.6802334765725197e-8,0.9912158846855164]}},{"t":2.6000000000000014,"j":false,"c":{"p":[-1405.7903774144443,581.2711085783206,-986.6565854297422],"r":[0.9916458136931986,4.216223177289123e-8,0.12894353069321926,-4.5071943481179975e-8,1,1.9588948383545122e-8,-0.12894353069321926,-2.524901662319455e-8,0.9916458136931986]}},{"t":2.6400000000000015,"j":false,"c":{"p":[-1405.8672667391047,581.3362050738459,-987.2402388511872],"r":[0.9921146035194397,2.608890050583366e-8,0.12533405423164368,-2.7801066690247658e-8,1,1.1911714279469782e-8,-0.12533405423164368,-1.530220445590148e-8,0.9921146035194397]}},{"t":2.6800000000000015,"j":false,"c":{"p":[-1405.9449310710515,581.4208844959934,-987.8551900916084],"r":[0.9921146035194397,-4.963852767900958e-8,0.12533405423164368,5.307022223449735e-8,1,-2.4041472438306915e-8,-0.12533405423164368,3.050340175665676e-8,0.9921146035194397]}},{"t":2.7200000000000015,"j":false,"c":{"p":[-1406.0186915073857,581.523532746156,-988.4393012583843],"r":[0.9921146035194397,-5.3818481537810206e-8,0.12533405423164368,5.750078394728883e-8,1,-2.5762240255723644e-8,-0.12533405423164368,3.2765900508268206e-8,0.9921146035194397]}},{"t":2.7600000000000016,"j":false,"c":{"p":[-1406.0895820367393,581.6416594907641,-989.0006987345181],"r":[0.9921146035194397,-3.4377167253336964e-9,0.12533405423164368,3.639073247018524e-9,1,-1.377603949949814e-9,-0.12533405423164368,1.8228406953176235e-9,0.9921146035194397]}},{"t":2.8000000000000016,"j":false,"c":{"p":[-1406.1608597392549,581.7881619943754,-989.5645973326455],"r":[0.9921146035194397,6.594386735507864e-8,0.12533405423164368,-7.052367042161102e-8,1,3.210375412413268e-8,-0.12533405423164368,-4.068962279496428e-8,0.9921146035194397]}},{"t":2.8400000000000016,"j":false,"c":{"p":[-1406.2358389852304,581.9447656076575,-990.1580841001461],"r":[0.9921148077448191,6.174854739959439e-8,0.1253323925796928,-6.601777557377417e-8,1,2.99090329228183e-8,-0.1253323925796928,-3.7947512383793785e-8,0.9921148077448191]}},{"t":2.8800000000000017,"j":false,"c":{"p":[-1406.314872662586,582.1124333233781,-990.7839798353332],"r":[0.9921152356654749,-2.303815606736528e-8,0.12532891086163025,2.4656659525674934e-8,1,-1.1362958853329817e-8,-0.12532891086163025,1.4363532310898591e-8,0.9921152356654749]}},{"t":2.9200000000000017,"j":false,"c":{"p":[-1406.384454556314,582.2606553412213,-991.3350235421148],"r":[0.992114745367222,-4.947437027378049e-8,0.12533270159159096,5.292171778371325e-8,1,-2.4175783699017796e-8,-0.12533270159159096,3.0618027838698145e-8,0.992114745367222]}},{"t":2.9600000000000017,"j":false,"c":{"p":[-1406.4565828712932,582.4118431022209,-991.9019241100268],"r":[0.9916131446901213,-3.261701581998761e-8,0.12909214153680462,3.478145427949137e-8,1,-1.6000212449936794e-8,-0.12909214153680462,2.004643236941834e-8,0.9916131446901213]}},{"t":3.0000000000000018,"j":false,"c":{"p":[-1406.5331626438617,582.5689204943724,-992.4978811481333],"r":[0.9903910657793938,4.1616344821725413e-8,0.13825128434999612,-4.487004279393138e-8,1,1.9976499387380457e-8,-0.13825128434999612,-2.6085484857348916e-8,0.9903910657793938]}},{"t":3.040000000000002,"j":false,"c":{"p":[-1406.6101037983312,582.7090616255309,-993.0522331570025],"r":[0.9902676327752985,3.915393391816999e-8,0.13917628135268736,-4.216791954744177e-8,1,1.870717106326495e-8,-0.13917628135268736,-2.439387600205708e-8,0.9902676327752985]}},{"t":3.080000000000002,"j":false,"c":{"p":[-1406.6879057919652,582.8477434571422,-993.6079441890764],"r":[0.9902676152301718,1.8175664244910003e-8,0.13917632593234963,-1.9553500301116398e-8,1,8.532444762150028e-9,-0.13917632593234963,-1.1170820388875334e-8,0.9902676152301718]}},{"t":3.120000000000002,"j":false,"c":{"p":[-1406.770413791,582.9889636699827,-994.1982550420732],"r":[0.9902678877033722,-5.962297550688353e-8,0.1391743310392759,6.424803963447701e-8,1,-2.8739751556404165e-8,-0.1391743310392759,3.7401663684910776e-8,0.9902678877033722]}},{"t":3.160000000000002,"j":false,"c":{"p":[-1406.8534278415514,583.1289807265545,-994.792434920118],"r":[0.9902680134265562,-5.091454347289216e-8,0.13917341744675427,5.4850510221011796e-8,1,-2.444542676632105e-8,-0.13917341744675427,3.184126906264774e-8,0.9902680134265562]}},{"t":3.200000000000002,"j":false,"c":{"p":[-1406.936755821572,583.268251404159,-995.3890149509891],"r":[0.9902680481132486,1.1458620704429228e-8,0.1391731746399071,-1.2363137451663005e-8,1,5.634723105771643e-9,-0.1391731746399071,-7.3005007628413595e-9,0.9902680481132486]}},{"t":3.240000000000002,"j":false,"c":{"p":[-1407.0158472909275,583.3897398520135,-995.9516063115574],"r":[0.9902681572378303,5.096675697497737e-8,0.1391725603870061,-5.493284462663855e-8,1,2.465642617506429e-8,-0.1391725603870061,-3.206160211177199e-8,0.9902681572378303]}},{"t":3.280000000000002,"j":false,"c":{"p":[-1407.096657195036,583.5014016334252,-996.5258815953674],"r":[0.9902682304382324,4.6090703482020596e-8,0.13917215168476105,-4.966909482885995e-8,1,2.223880084880889e-8,-0.13917215168476105,-2.8934929614335663e-8,0.9902682304382324]}},{"t":3.320000000000002,"j":false,"c":{"p":[-1407.181094379011,583.6001373782716,-997.1257838901943],"r":[0.9902682304382324,-2.7858152606149647e-8,0.13917215168476105,3.003500353692083e-8,1,-1.3541180020625305e-8,-0.13917215168476105,1.7589435294061546e-8,0.9902682304382324]}},{"t":3.360000000000002,"j":false,"c":{"p":[-1407.262799681251,583.6785033177373,-997.7027678531355],"r":[0.9897084015200275,-4.699876087797569e-8,0.14305694534348198,5.083513606204329e-8,1,-2.305091668715791e-8,-0.14305694534348198,3.010972145160149e-8,0.9897084015200275]}},{"t":3.400000000000002,"j":false,"c":{"p":[-1407.3467450063208,583.7536860617807,-998.2867956709756],"r":[0.9892728866832947,-2.6895246927057013e-8,0.14607914287001147,2.9208134009368924e-8,1,-1.3688134178064913e-8,-0.14607914287001147,1.780802840177698e-8,0.9892728866832947]}},{"t":3.440000000000002,"j":false,"c":{"p":[-1407.435947112691,583.8299498446144,-998.8924056471965],"r":[0.9892730436408299,4.910339524357146e-8,0.14607820112480066,-5.297083151132638e-8,1,2.258534632953855e-8,-0.14607820112480066,-3.0080940175737907e-8,0.9892730436408299]}},{"t":3.480000000000002,"j":false,"c":{"p":[-1407.5233953553677,583.9091315510519,-999.4856350183411],"r":[0.9892730712890625,3.6841822587667657e-8,0.14607811180465768,-3.9797676343658696e-8,1,1.7312276221861598e-8,-0.14607811180465768,-2.2940135123676236e-8,0.9892730712890625]}},{"t":3.5200000000000022,"j":false,"c":{"p":[-1407.6103636080259,583.9884036528709,-1000.0748269093398],"r":[0.9891881492150384,3.2870764062840955e-9,0.14662676932669957,-3.588385109620662e-9,1,2.0340901331997235e-9,-0.14662676932669957,-2.480424572641133e-9,0.9891881492150384]}},{"t":3.5600000000000023,"j":false,"c":{"p":[-1407.6956935840262,584.0593508142196,-1000.6423236241369],"r":[0.9877780693472333,-6.80590267702521e-8,0.1557354465899486,7.394835468482016e-8,1,-3.0749917264144416e-8,-0.1557354465899486,4.220869780008083e-8,0.9877780693472333]}},{"t":3.6000000000000023,"j":false,"c":{"p":[-1407.7887757368926,584.1269320799771,-1001.2301083752122],"r":[0.9867279944730939,-5.9091184092135825e-8,0.1623473140973307,6.42057399067778e-8,1,-2.6967157894920302e-8,-0.1623473140973307,3.6847514761648966e-8,0.9867279944730939]}},{"t":3.6400000000000023,"j":false,"c":{"p":[-1407.888312814189,584.191651106754,-1001.8342002753739],"r":[0.9859782036792728,1.5870248286061352e-8,0.16687218264683387,-1.7261272032402225e-8,1,6.8648432802690965e-9,-0.16687218264683387,-9.654490328071515e-9,0.9859782036792728]}},{"t":3.6800000000000024,"j":false,"c":{"p":[-1407.9874149205864,584.2540800519787,-1002.4127828212953],"r":[0.9852299464968373,4.969520117236555e-8,0.17120410258046226,-5.4330474638070816e-8,1,2.2071586549878885e-8,-0.17120410258046226,-3.1133354083546346e-8,0.9852299464968373]}},{"t":3.7200000000000024,"j":false,"c":{"p":[-1408.0890068000256,584.3175999867965,-1002.9956715916974],"r":[0.9844623935970477,3.7091203662884424e-8,0.1755677336195291,-4.0524622429463657e-8,1,1.6543565778948045e-8,-0.1755677336195291,-2.3242039394999984e-8,0.9844623935970477]}},{"t":3.7600000000000025,"j":false,"c":{"p":[-1408.1938228931658,584.3825327345634,-1003.584136849488],"r":[0.9836698530717961,-3.563749415215153e-8,0.17997243000025434,3.916355961132245e-8,1,-1.5835621413291104e-8,-0.17997243000025434,2.2683156348668e-8,0.9836698530717961]}},{"t":3.8000000000000025,"j":false,"c":{"p":[-1408.3093686318887,584.4323400170642,-1004.1693856615901],"r":[0.9813388201560838,-4.085865673739906e-8,0.1920051412640368,4.5059705840639877e-8,1,-1.7640779201300938e-8,-0.1920051412640368,2.5931226335206117e-8,0.9813388201560838]}},{"t":3.8400000000000025,"j":false,"c":{"p":[-1408.4278750014316,584.4675040220035,-1004.7566531092161],"r":[0.9795753359794617,-1.59683196295164e-8,0.20107755064964294,1.7578378738466705e-8,1,-6.2216106009711474e-9,-0.20107755064964294,9.629152644557626e-9,0.9795753359794617]}},{"t":3.8800000000000026,"j":false,"c":{"p":[-1408.5496315314692,584.474557231996,-1005.3494773792527],"r":[0.9795753359794617,5.5179875295775784e-8,0.20107755064964294,-6.150716330934925e-8,1,2.5219243187195734e-8,-0.20107755064964294,-3.7071858097339865e-8,0.9795753359794617]}},{"t":3.9200000000000026,"j":false,"c":{"p":[-1408.6842509714224,584.4704798767924,-1005.956105116726],"r":[0.97350997447784,3.7517079000736693e-8,0.22693753642916104,-4.218689864508276e-8,1,1.8570989625112523e-8,-0.22693753642916104,-2.6653818832884952e-8,0.97350997447784]}},{"t":3.9600000000000026,"j":false,"c":{"p":[-1408.826023349522,584.4439905576482,-1006.5539406248898],"r":[0.964823920832092,-9.791431597836873e-9,0.26206812518811984,1.0647798977913539e-8,1,-3.620080732030112e-10,-0.26206812518811984,3.7141784178387025e-9,0.964823920832092]}},{"t":4.000000000000003,"j":false,"c":{"p":[-1408.983504261411,584.3208428549128,-1007.0843090769715],"r":[0.9525822478057357,-6.447492067624961e-8,0.3026148535347332,7.506395268986334e-8,1,-2.025793374198647e-8,-0.3026148535347332,4.334792781048672e-8,0.9525822478057357]}},{"t":4.040000000000003,"j":false,"c":{"p":[-1409.1581292932278,584.1071981899812,-1007.598069055485],"r":[0.9317836524699737,-5.079174277202455e-8,0.3586923048947937,5.989280967847597e-8,1,-1.990135200595579e-8,-0.3586923048947937,3.692189633847124e-8,0.9317836524699737]}},{"t":4.080000000000003,"j":false,"c":{"p":[-1409.348871849635,583.8084755496443,-1008.0962150810935],"r":[0.9029405260458904,2.7164284418469668e-8,0.42937049464983224,-3.009991749321138e-8,1,-5.049894301009074e-10,-0.42937049464983224,-1.2805841715567804e-8,0.9029405260458904]}},{"t":4.120000000000003,"j":false,"c":{"p":[-1409.6017698239787,583.5757838207102,-1008.5948017172998],"r":[0.8867876901939246,3.959350082982132e-8,0.4613599106451903,-4.694332810277659e-8,1,3.943714907005813e-9,-0.4613599106451903,-2.5389144130089043e-8,0.8867876901939246]}},{"t":4.160000000000003,"j":false,"c":{"p":[-1409.868509578802,583.3971890660407,-1009.0918929259242],"r":[0.8682825501421142,2.3340924882480303e-8,0.49510792777102386,-2.9197586875488054e-8,1,5.855332414032336e-9,-0.49510792777102386,-1.814120957531317e-8,0.8682825501421142]}},{"t":4.200000000000003,"j":false,"c":{"p":[-1410.15828975349,583.3229807302648,-1009.5859148498353],"r":[0.8439769050280981,-4.5782660978003965e-8,0.5355595955123921,5.278470791747578e-8,1,3.832010508685746e-9,-0.5355595955123921,2.6324588299760996e-8,0.8439769050280981]}},{"t":4.240000000000003,"j":false,"c":{"p":[-1410.4906221591423,583.3056296343519,-1010.1053505504844],"r":[0.835048131150513,-4.042500088665432e-8,0.5501659667337067,4.7378827083533686e-8,1,1.4612507669491881e-9,-0.5501659667337067,2.4746428476283512e-8,0.835048131150513]}},{"t":4.280000000000003,"j":false,"c":{"p":[-1410.8364681106116,583.311488415854,-1010.628527484389],"r":[0.8329230546951294,2.1446750969244045e-10,0.5533888339996338,5.248012889623013e-10,1,-1.1774486130691496e-9,-0.5533888339996338,1.271143184686873e-9,0.8329230546951294]}},{"t":4.320000000000003,"j":false,"c":{"p":[-1411.152592192921,583.3121586435904,-1011.1049477003075],"r":[0.8329230546951294,6.673423159040058e-8,0.5533888339996338,-7.704483667539852e-8,1,-4.629317333509933e-9,-0.5533888339996338,-3.877988708427613e-8,0.8329230546951294]}},{"t":4.360000000000003,"j":false,"c":{"p":[-1411.493541896642,583.3125,-1011.6039522174896],"r":[0.8228366900633985,6.051236913317716e-8,0.5676871846350199,-7.041887815755036e-8,1,-2.9204596374799915e-9,-0.5676871846350199,-3.605042071192138e-8,0.8228366900633985]}},{"t":4.400000000000003,"j":false,"c":{"p":[-1411.8602596874694,583.3125,-1012.1263984134334],"r":[0.8022810478208873,-2.1212641374983406e-8,0.5968267003128844,2.359903032059006e-8,1,4.145043341563869e-9,-0.5968267003128844,1.1083636612461332e-8,0.8022810478208873]}},{"t":4.440000000000003,"j":false,"c":{"p":[-1412.217705117602,583.3125,-1012.5969096027882],"r":[0.7832369320829851,-4.19627232793965e-8,0.6212552396892008,4.923269028430663e-8,1,5.825515633573352e-9,-0.6212552396892008,2.633756490558747e-8,0.7832369320829851]}},{"t":4.480000000000003,"j":false,"c":{"p":[-1412.5796940515147,583.3125,-1013.0567069234271],"r":[0.7696064547977541,-3.043746045910428e-8,0.6385123437871226,3.723768853488794e-8,1,2.6709034269653057e-9,-0.6385123437871226,2.1598055608251316e-8,0.7696064547977541]}},{"t":4.520000000000003,"j":false,"c":{"p":[-1412.9525591487616,583.3125,-1013.5032206438248],"r":[0.766831038672171,3.709913089623458e-8,0.6418435312850416,-4.0511919912337834e-8,1,-9.502735419596677e-9,-0.6418435312850416,-1.882548233078531e-8,0.766831038672171]}},{"t":4.560000000000003,"j":true,"c":{"p":[-1413.3081959976528,583.3125,-1013.927595501359],"r":[0.7660444974899292,7.76698733996169e-8,0.6427875757217407,-8.771650509999077e-8,1,-1.6296404457976602e-8,-0.6427875757217407,-4.389930946553308e-8,0.7660444974899292]}},{"t":4.600000000000003,"j":false,"c":{"p":[-1413.7268511442505,584.7524941134683,-1014.4194021096772],"r":[0.7568265667346323,1.5563028773398144e-8,0.6536144012199756,-1.9625290636303172e-8,1,-1.0612500904371391e-9,-0.6536144012199756,-1.1993972706438773e-8,0.7568265667346323]}},{"t":4.640000000000003,"j":false,"c":{"p":[-1414.0980200080837,585.9425303676137,-1014.8455030823231],"r":[0.7540640295912003,-5.6898292027516935e-8,0.6567923699099039,6.101160753739401e-8,1,1.674345573974911e-8,-0.6567923699099039,2.7639945370141725e-8,0.7540640295912003]}},{"t":4.680000000000003,"j":false,"c":{"p":[-1414.4914673752567,586.9750954898478,-1015.2962232764431],"r":[0.7524148841930707,-8.797102725331192e-8,0.6586895115412832,9.618030527675242e-8,1,2.3688748580954336e-8,-0.6586895115412832,4.552918486326097e-8,0.7524148841930707]}},{"t":4.720000000000003,"j":false,"c":{"p":[-1414.9179076343266,587.7744569739032,-1015.7834028008999],"r":[0.75241459342989,-5.7750186837421364e-8,0.6586898386498614,6.401380554831534e-8,1,1.4552016820078692e-8,-0.6586898386498614,3.121608926714458e-8,0.75241459342989]}},{"t":4.760000000000003,"j":false,"c":{"p":[-1415.308078750723,588.1344968345737,-1016.2286138634386],"r":[0.7501579600537209,1.5184860707920592e-9,0.6612499367690955,-1.8778761198774617e-10,1,-2.2190510318873937e-9,-0.6612499367690955,1.363744881966554e-9,0.7501579600537209]}},{"t":4.800000000000003,"j":false,"c":{"p":[-1415.6999892428878,588.2254625822512,-1016.6663922562273],"r":[0.7478976273342128,5.2800913639117566e-8,0.6638140945812713,-5.6053833788957056e-8,1,-1.6387702433732887e-8,-0.6638140945812713,-2.4952925662470673e-8,0.7478976273342128]}},{"t":4.840000000000003,"j":false,"c":{"p":[-1416.1327068877877,587.8997739117323,-1017.121735159058],"r":[0.7478246015579864,5.0700803537333626e-8,0.6638963702891532,-5.45294219352269e-8,1,-1.4945651012038203e-8,-0.6638963702891532,-2.502505842326591e-8,0.7478246015579864]}},{"t":4.8800000000000034,"j":false,"c":{"p":[-1416.5809661250619,587.2235021223089,-1017.5848956153391],"r":[0.7459811528965099,-4.503150618678058e-9,0.6659583356169743,3.963867724277242e-9,1,2.4880955775432437e-9,-0.6659583356169743,1.0157828587235345e-9,0.7459811528965099]}},{"t":4.9200000000000035,"j":false,"c":{"p":[-1417.0375957504484,586.3584133377975,-1018.052266448195],"r":[0.7431841901860047,-8.83077638516868e-8,0.6690865218353269,9.313944566517611e-8,1,2.8534646563976582e-8,-0.6690865218353269,4.112054515030134e-8,0.7431841901860047]}},{"t":4.9600000000000035,"j":false,"c":{"p":[-1417.5252111452492,586.2054934222497,-1018.5294678481221],"r":[0.7284096720880194,-3.135301804045958e-8,0.6849319667670022,3.414291297674232e-8,1,8.949512597780798e-9,-0.6849319667670022,1.609812872427237e-8,0.7284096720880194]}},{"t":5.0000000000000036,"j":false,"c":{"p":[-1418.0017088217287,586.0998239853369,-1018.9828764629683],"r":[0.7122171701825178,2.4802970384007903e-8,0.7017316107518533,-2.433349514918882e-8,1,-1.1087272022262498e-8,-0.7017316107518533,-9.831937026968116e-9,0.7122171701825178]}},{"t":5.040000000000004,"j":false,"c":{"p":[-1418.4603178261325,586.0503792726378,-1019.3993273439128],"r":[0.6941169098745775,7.642285046856889e-8,0.7197057469615228,-7.852994709984759e-8,1,-3.075041815341006e-8,-0.7197057469615228,-3.5634762439391735e-8,0.6941169098745775]}},{"t":5.080000000000004,"j":false,"c":{"p":[-1418.9520031943603,586.001728008755,-1019.8253769462119],"r":[0.6729772040795862,2.8298141935189518e-8,0.7392621958912774,-2.9881717331503227e-8,1,-1.0046679239547278e-8,-0.7392621958912774,-1.3726695395604458e-8,0.6729772040795862]}},{"t":5.120000000000004,"j":false,"c":{"p":[-1419.4587255677366,585.9537344291064,-1020.2523728938218],"r":[0.6504251720920631,-4.259429918527672e-8,0.7594382846690746,4.248065582212812e-8,1,1.968361618826514e-8,-0.7594382846690746,1.9422258475899356e-8,0.6504251720920631]}},{"t":5.160000000000004,"j":false,"c":{"p":[-1419.9964325597168,585.9087327347655,-1020.6624847203212],"r":[0.624794594886596,-3.596925773044489e-8,0.7803416860584341,3.672430173792148e-8,1,1.662190032511744e-8,-0.7803416860584341,1.8145268263756935e-8,0.624794594886596]}},{"t":5.200000000000004,"j":false,"c":{"p":[-1420.5202422179948,585.8668037577073,-1021.0466277497135],"r":[0.6057389103069093,9.004396350799184e-10,0.7956100800162508,9.476416993524197e-10,1,-2.1577493379826743e-9,-0.7956100800162508,1.5493237038559538e-9,0.6057389103069093]}},{"t":5.240000000000004,"j":false,"c":{"p":[-1421.0254852762196,585.828979878367,-1021.3960769104772],"r":[0.5954671697837822,7.817647983390549e-8,0.8033502004562778,-7.49356334693193e-8,1,-4.193628963575727e-8,-0.8033502004562778,-3.5512481768827797e-8,0.5954671697837822]}},{"t":5.280000000000004,"j":false,"c":{"p":[-1421.5336929145535,585.7922800043041,-1021.7447864932975],"r":[0.5934109715557642,4.539012323221258e-8,0.8048996307959505,-4.435060195046915e-8,1,-2.3694841432548257e-8,-0.8048996307959505,-2.1636957942662636e-8,0.5934109715557642]}},{"t":5.320000000000004,"j":false,"c":{"p":[-1422.048144577926,585.7552609684614,-1022.0980468664823],"r":[0.596589614324505,-1.2307737384701909e-8,0.8024694507110255,1.0434183581109901e-8,1,7.425052196772285e-9,-0.8024694507110255,3.6643052020967625e-9,0.596589614324505]}},{"t":5.360000000000004,"j":false,"c":{"p":[-1422.5854049636723,585.7157533506062,-1022.4709382751172],"r":[0.6129484835337393,-5.913618167481411e-8,0.7899625221908448,5.5126212496362486e-8,1,3.176305952263732e-8,-0.7899625221908448,2.3506511135503953e-8,0.6129484835337393]}},{"t":5.400000000000004,"j":true,"c":{"p":[-1423.0854449773717,585.678183708475,-1022.8300907739095],"r":[0.6332722044528402,-4.290359719592964e-8,0.7738050260510335,4.0608817734633245e-8,1,2.2448928883088352e-8,-0.7738050260510335,1.7697175386180905e-8,0.6332722044528402]}},{"t":5.440000000000004,"j":false,"c":{"p":[-1423.588241968509,586.7918972977607,-1023.2242313106847],"r":[0.673387763290058,4.329503834790772e-8,0.7391901680486895,-3.938387759760894e-8,1,-2.267110305734763e-8,-0.7391901680486895,-1.3779745861753983e-8,0.673387763290058]}},{"t":5.480000000000004,"j":false,"c":{"p":[-1423.9874141538512,588.0387413843561,-1023.6408442499716],"r":[0.7401457302967378,-6.1273444084896555e-9,0.6677165050664267,2.7444797167043854e-8,1,-2.7326805828097762e-8,-0.6677165050664267,3.39534173557992e-8,0.7401457302967378]}},{"t":5.520000000000004,"j":false,"c":{"p":[-1424.3868143455588,589.2122184733142,-1024.0873835417567],"r":[0.8000234899655496,-7.530238878028708e-8,0.5992467841100779,1.0981455008112645e-7,1,-2.0381991347847236e-8,-0.5992467841100779,8.153281435987572e-8,0.8000234899655496]}},{"t":5.560000000000004,"j":false,"c":{"p":[-1424.7431558932751,589.9565295167688,-1024.5907950477758],"r":[0.8366266551136218,-1.2267470133258585e-7,0.5456580474483383,1.3138226511854879e-7,1,2.503386726174355e-8,-0.5456580474483383,4.9197944394465676e-8,0.8366266551136218]}},{"t":5.600000000000004,"j":false,"c":{"p":[-1425.0674111601325,590.4167637693308,-1025.0949593981838],"r":[0.8627652736326877,-1.376519852158502e-7,0.5049360934264758,1.291695860227407e-7,1,5.2791143245528867e-8,-0.5049360934264758,1.999408509739008e-8,0.8627652736326877]}},{"t":5.640000000000004,"j":false,"c":{"p":[-1425.3617675864616,590.612287795547,-1025.5998252687966],"r":[0.8791527523347041,-1.224427292395195e-7,0.4762037459270072,1.0479771013431453e-7,1,6.409368743253824e-8,-0.4762037459270072,-6.292216098221673e-9,0.8791527523347041]}},{"t":5.680000000000004,"j":false,"c":{"p":[-1425.6387108493757,590.3771909278355,-1026.1275382697424],"r":[0.8883976258006477,-1.4387240550457212e-7,0.45884411841668815,1.1873692387313804e-7,1,8.390793574865324e-8,-0.45884411841668815,-2.0454629213530138e-8,0.8883976258006477]}},{"t":5.720000000000004,"j":false,"c":{"p":[-1425.9108316422196,590.0236464298893,-1026.6603977247655],"r":[0.8961787592035081,-1.7045446023368077e-7,0.4436237882612421,1.3902396428629673e-7,1,1.0329865987952502e-7,-0.4436237882612421,-3.076072603583641e-8,0.8961787592035081]}},{"t":5.760000000000004,"j":false,"c":{"p":[-1426.1631691037035,589.2052305796893,-1027.1837043062058],"r":[0.9113117209900968,-8.84782849829791e-8,0.41094457760689523,7.467414455330849e-8,1,4.874240712274958e-8,-0.41094457760689523,-1.2297627411349139e-8,0.9113117209900968]}},{"t":5.800000000000004,"j":false,"c":{"p