{"v":1,"d":[{"t":0.06154203414916992,"c":{"r":[0.6586900353431702,3.7819336995426056e-8,0.7524144053459167,1.4807974402231139e-8,1,-6.3227396651655e-8,-0.7524144053459167,5.278898740357363e-8,0.6586900353431702],"p":[-1701.0478515625,816.41162109375,-1399.986328125]},"j":false},{"t":0.04,"j":false,"c":{"p":[-1700.9214491829432,816.4179700717186,-1399.8757019937289],"r":[0.6586900353431702,7.053862089751621e-8,0.7524144053459167,1.9393684431043056e-8,1,-1.107276100222918e-7,-0.7524144053459167,8.752725920942522e-8,0.6586900353431702]}},{"t":0.08,"j":false,"c":{"p":[-1701.1561575279054,816.4061810680904,-1400.0811164508875],"r":[0.6586900353431702,9.784313898423592e-9,0.7524144053459167,1.0878778183921323e-8,1,-2.252755789774881e-8,-0.7524144053459167,2.3024025085288137e-8,0.6586900353431702]}},{"t":0.12,"j":false,"c":{"p":[-1701.3908658728678,816.3943920644621,-1400.2865309080464],"r":[0.6586900353431702,-5.096999310066902e-8,0.7524144053459167,2.363871936799589e-9,1,6.567249422679418e-8,-0.7524144053459167,-4.147920903884893e-8,0.6586900353431702]}},{"t":0.16,"j":false,"c":{"p":[-1701.7938770710673,816.3722118884522,-1400.6392887598936],"r":[0.6586900353431702,-3.3930637366422093e-8,0.7524144053459167,-6.241468286761793e-9,1,5.055967569372137e-8,-0.7524144053459167,-3.799932726479173e-8,0.6586900353431702]}},{"t":0.2,"j":false,"c":{"p":[-1702.2508959096256,816.3468001800654,-1401.037732526251],"r":[0.6502413673765627,8.556928174966807e-9,0.7586889788420768,-1.4600662162054513e-8,1,1.7481596011042594e-9,-0.7586889788420768,-1.2911949346773959e-8,0.6502413673765627]}},{"t":0.24000000000000002,"j":false,"c":{"p":[-1702.6982655219203,816.3228007389198,-1401.4150709824157],"r":[0.5747840149490391,5.04276271062981e-8,0.8147289019996038,-2.0772253140821517e-8,1,-4.5471079009501486e-8,-0.8147289019996038,6.628202002132845e-9,0.5747840149490391]}},{"t":0.28,"j":false,"c":{"p":[-1703.1873911664127,816.3012504828151,-1401.7547719096883],"r":[0.4899229173896117,7.53094118054889e-8,0.8686030349538232,-2.009416124842853e-8,1,-7.474572107653142e-8,-0.8686030349538232,1.9278137549299036e-8,0.4899229173896117]}},{"t":0.32,"j":false,"c":{"p":[-1703.7377387345418,816.2832911766084,-1402.0392893868468],"r":[0.39127422230075454,7.528236405450316e-8,0.919301726290098,-9.373190768080505e-9,1,-7.771032692922049e-8,-0.919301726290098,2.1825765873886953e-8,0.39127422230075454]}},{"t":0.36,"j":false,"c":{"p":[-1704.2901866689306,816.2688620542749,-1402.2730051678368],"r":[0.38106802105903625,-2.4671137988832473e-8,0.924547016620636,1.3147755067758706e-8,1,2.1265494067455154e-8,-0.924547016620636,4.052117351921275e-9,0.38106802105903625]}},{"t":0.39999999999999997,"j":false,"c":{"p":[-1704.8471957518043,816.1840686270398,-1402.5026188707213],"r":[0.38106802105903625,-8.254256198831357e-8,0.924547016620636,2.2196205312379006e-8,1,8.013037788064155e-8,-0.924547016620636,-1.001368863662688e-8,0.38106802105903625]}},{"t":0.43999999999999995,"j":false,"c":{"p":[-1705.4129931784423,815.9552605306498,-1402.7358148490157],"r":[0.38106802105903625,-3.1314798853292595e-8,0.924547016620636,1.0582466803239833e-9,1,3.343424949638772e-8,-0.924547016620636,-1.1762324436008372e-8,0.38106802105903625]}},{"t":0.4799999999999999,"j":false,"c":{"p":[-1705.9519424296652,815.3483437977414,-1402.9581642818464],"r":[0.3913001178104062,1.7819739039087543e-8,0.9202037564532144,-1.931061126723118e-8,1,-1.1141865652645975e-8,-0.9202037564532144,-1.3029403588986818e-8,0.3913001178104062]}},{"t":0.5199999999999999,"j":false,"c":{"p":[-1706.4890375840694,814.7887534657763,-1403.1843989696272],"r":[0.40156874662790365,6.376937222384428e-8,0.9158247502073058,-3.8374756452623285e-8,1,-5.2803163659804965e-8,-0.9158247502073058,-1.3875067743773498e-8,0.40156874662790365]}},{"t":0.5599999999999999,"j":false,"c":{"p":[-1707.0379053084437,814.572015572876,-1403.4265628793373],"r":[0.4057351898625772,1.0330667060113014e-7,0.9139871677803292,-5.475857476043898e-8,1,-8.871950574942198e-8,-0.9139871677803292,-1.39960481562686e-8,0.4057351898625772]}},{"t":0.6,"j":false,"c":{"p":[-1707.5626720923522,814.4427782806077,-1403.6594391028323],"r":[0.4067382514476776,2.800369369832341e-8,0.913544774055481,-1.2592867176210361e-8,1,-2.5047151934628387e-8,-0.913544774055481,-1.3165137645098754e-9,0.4067382514476776]}},{"t":0.64,"j":false,"c":{"p":[-1708.096267732322,814.353923661486,-1403.8967586751874],"r":[0.4067382514476776,-5.404226801996656e-8,0.913544774055481,3.142301652006532e-8,1,4.5166179680132414e-8,-0.913544774055481,1.0335518890800954e-8,0.4067382514476776]}},{"t":0.68,"j":false,"c":{"p":[-1708.6828418334171,814.3057174778191,-1404.157842736809],"r":[0.4067382514476776,-4.065129958641668e-8,0.913544774055481,2.167527751840006e-8,1,3.4847921455339727e-8,-0.913544774055481,5.6273543443212315e-9,0.4067382514476776]}},{"t":0.7200000000000001,"j":false,"c":{"p":[-1709.2238281186421,814.29052734375,-1404.3984022324173],"r":[0.4067382514476776,-5.409701207537333e-10,0.913544774055481,-2.891919322817416e-9,1,1.879738161766617e-9,-0.913544774055481,-3.4064587811084818e-9,0.4067382514476776]}},{"t":0.7600000000000001,"j":false,"c":{"p":[-1709.7457737853688,814.2907573721909,-1404.630378084296],"r":[0.4067382514476776,4.903082922125294e-8,0.913544774055481,-3.251442358583462e-8,1,-3.919454262890308e-8,-0.913544774055481,-1.3761461953694785e-8,0.4067382514476776]}},{"t":0.8000000000000002,"j":false,"c":{"p":[-1710.2789535838542,814.2923238726672,-1404.8673468836228],"r":[0.4067382514476776,8.215058438798498e-8,0.913544774055481,-5.189455401253553e-8,1,-6.682002576837164e-8,-0.913544774055481,-2.022973687943252e-8,0.4067382514476776]}},{"t":0.8400000000000002,"j":false,"c":{"p":[-1710.8224782888649,814.2922004131402,-1405.108913419183],"r":[0.4067382514476776,5.131483520347759e-8,0.913544774055481,-3.1522647456480634e-8,1,-4.213627167853989e-8,-0.913544774055481,-1.1658915517197705e-8,0.4067382514476776]}},{"t":0.8800000000000002,"j":false,"c":{"p":[-1711.3795779680192,814.2898593247448,-1405.356513276585],"r":[0.4067382514476776,-6.344572430196227e-8,0.913544774055481,4.1013372219945867e-8,1,5.1189624429152614e-8,-0.913544774055481,1.6646771767361352e-8,0.4067382514476776]}},{"t":0.9200000000000003,"j":false,"c":{"p":[-1711.940279894584,814.2953550063471,-1405.6058543816746],"r":[0.4067382514476776,-4.7528979220381156e-8,0.913544774055481,3.009507801553359e-8,1,3.862772743790957e-8,-0.913544774055481,1.1781825668378801e-8,0.4067382514476776]}},{"t":0.9600000000000003,"j":false,"c":{"p":[-1712.501547157482,814.3060421648036,-1405.8555844307732],"r":[0.4067382514476776,-1.293099218137089e-8,0.913544774055481,7.246347924542575e-9,1,1.0928446977158453e-8,-0.913544774055481,2.174845438265609e-9,0.4067382514476776]}},{"t":1.0000000000000002,"j":false,"c":{"p":[-1713.0635223808872,814.3383788377729,-1406.1062438585107],"r":[0.4067382514476776,3.8074151422143346e-8,0.913544774055481,-2.6080738755536418e-8,1,-3.0065432046414597e-8,-0.913544774055481,-1.1597161060818825e-8,0.4067382514476776]}},{"t":1.0400000000000003,"j":false,"c":{"p":[-1713.5982360479686,814.3753239500405,-1406.3445759382837],"r":[0.4067382514476776,7.928717823887467e-8,0.913544774055481,-5.294815740437261e-8,1,-6.321654066888789e-8,-0.913544774055481,-2.2657925420144458e-8,0.4067382514476776]}},{"t":1.0800000000000003,"j":false,"c":{"p":[-1714.1207394859143,814.4143646952664,-1406.577717309432],"r":[0.4071328803224081,9.860667856954877e-8,0.9133674188641187,-6.525457598889223e-8,1,-7.889818905184902e-8,-0.9133674188641187,-2.7561661595796844e-8,0.4071328803224081]}},{"t":1.1200000000000003,"j":false,"c":{"p":[-1714.6657733524028,814.4498520738289,-1406.8237218697386],"r":[0.4107207300270628,-1.5648384083624306e-8,0.9117549576082545,1.1512528366405e-8,1,1.1872366940561776e-8,-0.9117549576082545,5.288637727540139e-9,0.4107207300270628]}},{"t":1.1600000000000004,"j":false,"c":{"p":[-1715.2138607145828,814.484772020344,-1407.071476993931],"r":[0.4131065011024475,-7.661634364820565e-8,0.910682737827301,5.209015309205043e-8,1,6.050138575307902e-8,-0.910682737827301,2.244408796870434e-8,0.4131065011024475]}},{"t":1.2000000000000004,"j":false,"c":{"p":[-1715.7680083639368,814.518565781822,-1407.322706470452],"r":[0.4131065011024475,-3.182514058877579e-8,0.910682737827301,2.084234840623863e-8,1,2.5491898707537144e-8,-0.910682737827301,8.449897861035454e-9,0.4131065011024475]}},{"t":1.2400000000000004,"j":false,"c":{"p":[-1716.324921441682,814.5606158756306,-1407.575398292761],"r":[0.4131065011024475,1.917580305171338e-8,0.910682737827301,-1.4622877461844223e-8,1,-1.442324162192974e-8,-0.910682737827301,-7.358466596130995e-9,0.4131065011024475]}},{"t":1.2800000000000005,"j":false,"c":{"p":[-1716.8837392547189,814.6083526571244,-1407.8290973303149],"r":[0.4131065011024475,7.445380990592217e-8,0.910682737827301,-5.299292306595159e-8,1,-5.7717233116924585e-8,-0.910682737827301,-2.441637413359567e-8,0.4131065011024475]}},{"t":1.3200000000000005,"j":false,"c":{"p":[-1717.403489627135,814.674916394966,-1408.0650367673502],"r":[0.4131065011024475,5.860847802546032e-8,0.910682737827301,-4.136261565623259e-8,1,-4.559360840942339e-8,-0.910682737827301,-1.8833203020670234e-8,0.4131065011024475]}},{"t":1.3600000000000005,"j":false,"c":{"p":[-1717.9297888215326,814.7556042019738,-1408.30391055342],"r":[0.4131065011024475,1.7170630787667002e-8,0.910682737827301,-1.1819374308129015e-8,1,-1.3493140920351271e-8,-0.910682737827301,-5.189595869978589e-9,0.4131065011024475]}},{"t":1.4000000000000006,"j":false,"c":{"p":[-1718.4809061312897,814.8587575252496,-1408.5539813583732],"r":[0.4131065011024475,-5.382298503286777e-8,0.910682737827301,3.834478048427759e-8,1,4.1707726627040416e-8,-0.910682737827301,1.7690196294179087e-8,0.4131065011024475]}},{"t":1.4400000000000006,"j":false,"c":{"p":[-1719.0357043615866,814.9592891503795,-1408.8057398583069],"r":[0.4131065011024475,-4.333265526047911e-8,0.910682737827301,3.0602998564670285e-8,1,3.37003828904938e-8,-0.910682737827301,1.3947775051921695e-8,0.4131065011024475]}},{"t":1.4800000000000006,"j":false,"c":{"p":[-1719.5928794225197,815.0581279021087,-1409.0585881305105],"r":[0.4131065011024475,1.9773191779528556e-8,0.910682737827301,-1.4529594401195655e-8,1,-1.5121537362511952e-8,-0.910682737827301,-6.985045096462293e-9,0.4131065011024475]}},{"t":1.5200000000000007,"j":false,"c":{"p":[-1720.1220095228925,815.1359106632298,-1409.2988590086366],"r":[0.4131065011024475,7.943198804251955e-8,0.910682737827301,-5.7196899912104655e-8,1,-6.127663939475911e-8,-0.910682737827301,-2.6774450464341926e-8,0.4131065011024475]}},{"t":1.5600000000000007,"j":false,"c":{"p":[-1720.645522534984,815.214215241615,-1409.5365696092522],"r":[0.4131065011024475,7.895390512135157e-8,0.910682737827301,-5.66872593965792e-8,1,-6.098285119227983e-8,-0.910682737827301,-2.6431695793636523e-8,0.4131065011024475]}},{"t":1.6000000000000008,"j":false,"c":{"p":[-1721.165685836319,815.2975783664081,-1409.772712166904],"r":[0.4131065011024475,-1.693659624413335e-8,0.910682737827301,1.2328312134680657e-8,1,1.3005288223341467e-8,-0.910682737827301,5.854610745969214e-9,0.4131065011024475]}},{"t":1.6400000000000008,"j":false,"c":{"p":[-1721.7078893704395,815.3825822336499,-1410.0185419492614],"r":[0.4131065011024475,-4.079115731670325e-8,0.910682737827301,2.9420898941551263e-8,1,3.144585105437548e-8,-0.910682737827301,1.3802618187926633e-8,0.4131065011024475]}},{"t":1.6800000000000008,"j":false,"c":{"p":[-1722.2616368489012,815.4684454674734,-1410.2694455792455],"r":[0.4131065011024475,-2.6915677449855314e-8,0.910682737827301,1.931794514213578e-8,1,2.0792432046623764e-8,-0.910682737827301,9.003030226588077e-9,0.4131065011024475]}},{"t":1.7200000000000009,"j":false,"c":{"p":[-1722.792953336279,815.5252804464446,-1410.5105429254052],"r":[0.4131065011024475,2.8299198617839084e-8,0.910682737827301,-2.0575271952190434e-8,1,-2.174129465221381e-8,-0.910682737827301,-9.75607475340782e-9,0.4131065011024475]}},{"t":1.760000000000001,"j":false,"c":{"p":[-1723.3380908828485,815.5743287078409,-1410.7579277837528],"r":[0.4131065011024475,6.00196902429136e-8,0.910682737827301,-4.346306563993771e-8,1,-4.619041877566105e-8,-0.910682737827301,-2.049950162306588e-8,0.4131065011024475]}},{"t":1.800000000000001,"j":false,"c":{"p":[-1723.9048535652587,815.6160538171481,-1411.0151039686746],"r":[0.4131065011024475,5.46053332631232e-8,0.910682737827301,-3.948770102988899e-8,1,-4.204834978223548e-8,-0.910682737827301,-1.8590322344745063e-8,0.4131065011024475]}},{"t":1.840000000000001,"j":false,"c":{"p":[-1724.431365812432,815.6476635256541,-1411.2536482337655],"r":[0.4131065011024475,-3.668579406486411e-8,0.910682737827301,2.6601064377979104e-8,1,2.8216987939989003e-8,-0.910682737827301,1.2568507461652772e-8,0.4131065011024475]}},{"t":1.880000000000001,"j":false,"c":{"p":[-1724.970420735248,815.6704028267259,-1411.4979523398763],"r":[0.4131065011024475,-7.443798811919362e-8,0.910682737827301,5.3909354804234096e-8,1,5.72841491137769e-8,-0.910682737827301,2.5429863189360207e-8,0.4131065011024475]}},{"t":1.920000000000001,"j":false,"c":{"p":[-1725.5339839473036,815.6810049100428,-1411.753531078391],"r":[0.4131065011024475,-1.914769581232294e-8,0.910682737827301,1.3835320441237634e-8,1,1.4749632794688599e-8,-0.910682737827301,6.5064179883220094e-9,0.4131065011024475]}},{"t":1.960000000000001,"j":false,"c":{"p":[-1726.085848913584,815.6849952330557,-1412.0038046038715],"r":[0.4131065011024475,4.476587188876087e-8,0.910682737827301,-3.248287474334973e-8,1,-3.44214108748691e-8,-0.910682737827301,-1.536188304617553e-8,0.4131065011024475]}},{"t":2.000000000000001,"j":false,"c":{"p":[-1726.6391559646045,815.6928967492719,-1412.2545993145964],"r":[0.4131065011024475,6.827770353341416e-8,0.910682737827301,-4.9509102318570577e-8,1,-5.251573280446524e-8,-0.910682737827301,-2.3392491783716013e-8,0.4131065011024475]}},{"t":2.040000000000001,"j":false,"c":{"p":[-1727.198501199006,815.7104424815047,-1412.5078650752373],"r":[0.4131065011024475,8.16297995516055e-9,0.910682737827301,-5.906718163155543e-9,1,-6.284160207399303e-9,-0.910682737827301,-2.7831182694834896e-9,0.4131065011024475]}},{"t":2.080000000000001,"j":false,"c":{"p":[-1727.729929430433,815.7214253720673,-1412.7463862813652],"r":[0.4031947600674839,-3.6871291670015274e-8,0.9150130467041656,2.6696210071238955e-8,1,2.867023038416686e-8,-0.9150130467041656,1.323287632682277e-8,0.4031947600674839]}},{"t":2.120000000000001,"j":false,"c":{"p":[-1728.245570751732,815.7273267031858,-1412.9753476782714],"r":[0.387124084832015,-6.723196742838071e-8,0.922024534960761,4.862870170423882e-8,1,5.248332175213249e-8,-0.922024534960761,2.447684581385957e-8,0.387124084832015]}},{"t":2.160000000000001,"j":false,"c":{"p":[-1728.8151467608943,815.717360123686,-1413.2073408300007],"r":[0.3786633822588319,1.303006255302722e-9,0.9255117980367761,-8.996580130218659e-10,1,-1.1653598052891547e-9,-0.9255117980367761,-7.053110600078294e-10,0.3786633822588319]}},{"t":2.200000000000001,"j":false,"c":{"p":[-1729.3809365336622,815.7075286587462,-1413.4368843441823],"r":[0.37461012601852417,4.7165528361903385e-8,0.9271824359893799,-3.409721499283317e-8,1,-3.7093422236804904e-8,-0.9271824359893799,-1.771876681957274e-8,0.37461012601852417]}},{"t":2.240000000000001,"j":false,"c":{"p":[-1729.9432443386117,815.6978214503239,-1413.6641750779725],"r":[0.37461012601852417,7.217759673695903e-8,0.9271824359893799,-5.2276341093279044e-8,1,-5.672492547520257e-8,-0.9271824359893799,-2.7219972567200505e-8,0.37461012601852417]}},{"t":2.280000000000001,"j":false,"c":{"p":[-1730.5069270487083,815.6761136793814,-1413.8923335483034],"r":[0.37461012601852417,-1.5845749362052174e-8,0.9271824359893799,1.1409832307709117e-8,1,1.248029397342062e-8,-0.9271824359893799,5.903750430723722e-9,0.37461012601852417]}},{"t":2.320000000000001,"j":false,"c":{"p":[-1731.0626360063175,815.6510369921452,-1414.1173399383779],"r":[0.37461012601852417,-5.5763870021040934e-8,0.9271824359893799,4.031220952154735e-8,1,4.385599582333442e-8,-0.9271824359893799,2.094787082202679e-8,0.37461012601852417]}},{"t":2.360000000000001,"j":false,"c":{"p":[-1731.6078756884885,815.621972879692,-1414.3381965184979],"r":[0.37461012601852417,-2.8892944424453902e-8,0.9271824359893799,2.0916372636265024e-8,1,2.2711237934276835e-8,-0.9271824359893799,1.0885434072564804e-8,0.37461012601852417]}},{"t":2.4000000000000012,"j":false,"c":{"p":[-1732.1652682803278,815.6080908599491,-1414.5618681122141],"r":[0.36758233386764577,3.418594086722224e-8,0.9299649341950447,-2.445729786187253e-8,1,-2.724622386815583e-8,-0.9299649341950447,-1.3106875028665649e-8,0.36758233386764577]}},{"t":2.4400000000000013,"j":false,"c":{"p":[-1732.7259432466512,815.5995863778569,-1414.7844142337478],"r":[0.36162132024765015,6.936657702145311e-8,0.9323250651359558,-4.973995469235778e-8,1,-5.5109053884246904e-8,-0.9323250651359558,-2.6445196619544954e-8,0.36162132024765015]}},{"t":2.4800000000000013,"j":false,"c":{"p":[-1733.2891032159537,815.5973726987322,-1415.0028305740432],"r":[0.36162132024765015,1.7937767593020445e-8,0.9323250651359558,-1.2696286633743535e-8,1,-1.4315308086273573e-8,-0.9323250651359558,-6.660345366937679e-9,0.36162132024765015]}},{"t":2.5200000000000014,"j":false,"c":{"p":[-1733.863451058327,815.5858120357894,-1415.2255860265361],"r":[0.36162132024765015,-3.260313796539394e-8,0.9323250651359558,2.359148599913982e-8,1,2.5819271703090737e-8,-0.9323250651359558,1.2658134998567128e-8,0.36162132024765015]}},{"t":2.5600000000000014,"j":false,"c":{"p":[-1734.436515058849,815.5687485152479,-1415.447843552944],"r":[0.36162132024765015,-6.790919908176973e-8,0.9323250651359558,4.884857194884617e-8,1,5.3891627580866264e-8,-0.9323250651359558,2.605438737521774e-8,0.36162132024765015]}},{"t":2.6000000000000014,"j":false,"c":{"p":[-1734.956492247069,815.5513069324145,-1415.6495118544549],"r":[0.36162132024765015,-3.0995936919287347e-9,0.9323250651359558,2.065619997633388e-9,1,2.5233928411580605e-9,-0.9323250651359558,1.013316903034387e-9,0.36162132024765015]}},{"t":2.6400000000000015,"j":false,"c":{"p":[-1735.5095175325703,815.5396864310964,-1415.863997552186],"r":[0.36162132024765015,4.2510046236742065e-8,0.9323250651359558,-3.082870078026108e-8,1,-3.363819364104474e-8,-0.9323250651359558,-1.657808303366956e-8,0.36162132024765015]}},{"t":2.6800000000000015,"j":false,"c":{"p":[-1736.0884638950652,815.5326316601697,-1416.0885364978076],"r":[0.36162132024765015,7.306030835131846e-8,0.9323250651359558,-5.282955695361754e-8,1,-5.787253671966188e-8,-0.9323250651359558,-2.8326378543378683e-8,0.36162132024765015]}},{"t":2.7200000000000015,"j":false,"c":{"p":[-1736.6232249868733,815.5443912975892,-1416.2862502094665],"r":[0.3197768363943818,-6.6359219622065965e-9,0.9467332565384423,2.8514360324642154e-9,1,7.148859756618981e-9,-0.9467332565384423,3.0495299040217305e-9,0.3197768363943818]}},{"t":2.7600000000000016,"j":false,"c":{"p":[-1737.1758066879456,815.563025456718,-1416.4714740844856],"r":[0.2776791777383101,-5.7112057322976333e-8,0.9603613407704404,3.853052393292258e-8,1,4.812499800886278e-8,-0.9603613407704404,2.3182393281455438e-8,0.2776791777383101]}},{"t":2.8000000000000016,"j":false,"c":{"p":[-1737.7750008097755,815.5953743545612,-1416.6309052293068],"r":[0.2399726807159114,-2.6661651197380847e-8,0.970464779085207,1.854973924542309e-8,1,2.268102521032998e-8,-0.970464779085207,1.2093242557139637e-8,0.2399726807159114]}},{"t":2.8400000000000016,"j":false,"c":{"p":[-1738.369064320466,815.6299239707625,-1416.776225719492],"r":[0.2283487468957901,2.990201929920415e-8,0.9735794067382812,-1.889239371608594e-8,1,-2.628236157531605e-8,-0.9735794067382812,-1.2391701273891985e-8,0.2283487468957901]}},{"t":2.8800000000000017,"j":false,"c":{"p":[-1738.9593251371252,815.6652513919254,-1416.9149014535265],"r":[0.2283487468957901,7.87424884081055e-8,0.9735794067382812,-5.141321964580338e-8,1,-6.882062757967988e-8,-0.9735794067382812,-3.433974817907469e-8,0.2283487468957901]}},{"t":2.9200000000000017,"j":false,"c":{"p":[-1739.5410500097141,815.6994361455413,-1417.0515717549179],"r":[0.2283487468957901,1.858418523434372e-8,0.9735794067382812,-1.2417221119785956e-8,1,-1.6176111111956505e-8,-0.9735794067382812,-8.395356227620839e-9,0.2283487468957901]}},{"t":2.9600000000000017,"j":false,"c":{"p":[-1740.1232147411213,815.7295000382765,-1417.1883453966338],"r":[0.2283487468957901,-2.8669640055054378e-8,0.9735794067382812,1.8309969990815907e-8,1,2.515314324594826e-8,-0.9735794067382812,1.2082520994258155e-8,0.2283487468957901]}},{"t":3.0000000000000018,"j":false,"c":{"p":[-1740.7061147319769,815.7526755800816,-1417.3252917800278],"r":[0.2283487468957901,-5.435259100365281e-8,0.9735794067382812,3.521518338914426e-8,1,4.756802545402277e-8,-0.9735794067382812,2.3422678474940175e-8,0.2283487468957901]}},{"t":3.040000000000002,"j":false,"c":{"p":[-1741.2876104092238,815.7679185160114,-1417.4619082343206],"r":[0.2283487468957901,-5.396983533358737e-9,0.9735794067382812,3.7898362289375376e-9,1,4.654556372459096e-9,-0.9735794067382812,2.62684434376105e-9,0.2283487468957901]}},{"t":3.080000000000002,"j":false,"c":{"p":[-1741.8671037633817,815.783437696286,-1417.5980542633095],"r":[0.2283487468957901,4.809955063299258e-8,0.9735794067382812,-3.0658766333335266e-8,1,-4.2213978391522494e-8,-0.9735794067382812,-2.0209234662568816e-8,0.2283487468957901]}},{"t":3.120000000000002,"j":false,"c":{"p":[-1742.441326612846,815.8056917143476,-1417.7329620411958],"r":[0.2283487468957901,6.07237630296922e-8,0.9735794067382812,-3.890251655303167e-8,1,-5.324724732985118e-8,-0.9735794067382812,-2.5715746798919565e-8,0.2283487468957901]}},{"t":3.160000000000002,"j":false,"c":{"p":[-1743.0298369181492,815.834673688335,-1417.871226510514],"r":[0.2283487468957901,2.1181160348622384e-9,0.9735794067382812,-1.484514683031421e-9,1,-1.8274102341865761e-9,-0.9735794067382812,-1.0280056769889913e-9,0.2283487468957901]}},{"t":3.200000000000002,"j":false,"c":{"p":[-1743.6244283497047,815.8667545238566,-1418.0109196781686],"r":[0.2283487468957901,-7.716864935046272e-8,0.9735794067382812,4.923415721715862e-8,1,6.771516829080029e-8,-0.9735794067382812,3.247068854989231e-8,0.2283487468957901]}},{"t":3.240000000000002,"j":false,"c":{"p":[-1744.2082492639092,815.8954375594005,-1418.148082423072],"r":[0.2283487468957901,-3.4191643526905264e-8,0.9735794067382812,2.1882452087685984e-8,1,2.99870905553262e-8,-0.9735794067382812,1.4456790151467948e-8,0.2283487468957901]}},{"t":3.280000000000002,"j":false,"c":{"p":[-1744.789486914098,815.9186401095801,-1418.2846382565501],"r":[0.2283487468957901,2.0250926623347908e-8,0.9735794067382812,-1.2790847957451377e-8,1,-1.780045165476126e-8,-0.9735794067382812,-8.388196244572354e-9,0.2283487468957901]}},{"t":3.320000000000002,"j":false,"c":{"p":[-1745.3687057658494,815.9375597079505,-1418.4207197940098],"r":[0.2283487468957901,8.36537359150455e-8,0.9735794067382812,-5.31859109679225e-8,1,-7.344937815951751e-8,-0.9735794067382812,-3.5008636036413876e-8,0.2283487468957901]}},{"t":3.360000000000002,"j":false,"c":{"p":[-1745.9456714651535,815.9514554136763,-1418.5562719763764],"r":[0.2283487468957901,3.24992702193929e-8,0.9735794067382812,-2.0689470900917072e-8,1,-2.8528598967602483e-8,-0.9735794067382812,-1.3628373757871087e-8,0.2283487468957901]}},{"t":3.400000000000002,"j":false,"c":{"p":[-1746.5247968930942,815.966654900769,-1418.6923315648685],"r":[0.2283487468957901,-1.6449281197989634e-8,0.9735794067382812,1.0417432299287765e-8,1,1.4452311832038466e-8,-0.9735794067382812,6.8420298197982385e-9,0.2283487468957901]}},{"t":3.440000000000002,"j":false,"c":{"p":[-1747.1090035002144,815.9850335557453,-1418.8295849243727],"r":[0.2283487468957901,-5.6783362827649004e-8,0.9735794067382812,3.607568038327681e-8,1,4.986293329981782e-8,-0.9735794067382812,2.3736399287807693e-8,0.2283487468957901]}},{"t":3.480000000000002,"j":false,"c":{"p":[-1747.6947614250025,816.009823143273,-1418.9672027500758],"r":[0.2283487468957901,-2.032771717547439e-8,0.9735794067382812,1.2943736147918146e-8,1,1.7843464907318478e-8,-0.9735794067382812,8.527221023280749e-9,0.2283487468957901]}},{"t":3.5200000000000022,"j":false,"c":{"p":[-1748.2825117012824,816.0365725061661,-1419.1056157470064],"r":[0.2298833290694992,3.594964932004929e-8,0.9732081501967114,-2.2797851724872197e-8,1,-3.152982289988775e-8,-0.9732081501967114,-1.4882221300918349e-8,0.2298833290694992]}},{"t":3.5600000000000023,"j":false,"c":{"p":[-1748.8766419032797,816.0620458851971,-1419.2469687580278],"r":[0.2381791081034374,6.085156844985802e-8,0.9712011789920842,-3.867231831203192e-8,1,-5.312324549952614e-8,-0.9712011789920842,-2.479286552315979e-8,0.2381791081034374]}},{"t":3.6000000000000023,"j":false,"c":{"p":[-1749.4604108578287,816.0817367452127,-1419.3895106558957],"r":[0.2419247329235077,2.219470225112042e-8,0.9702950119972229,-1.4545986152664347e-8,1,-1.924741260434587e-8,-0.9702950119972229,-9.457472071015403e-9,0.2419247329235077]}},{"t":3.6400000000000023,"j":false,"c":{"p":[-1750.0356505749533,816.0966675145304,-1419.5330312291821],"r":[0.2419247329235077,-6.878288818473072e-8,0.9702950119972229,4.250845735532201e-8,1,6.02899540250062e-8,-0.9702950119972229,2.666011487984685e-8,0.2419247329235077]}},{"t":3.6800000000000024,"j":false,"c":{"p":[-1750.6284892132912,816.1074389192464,-1419.6809426801963],"r":[0.2419247329235077,-3.979511144432982e-8,0.9702950119972229,2.4905171861479616e-8,1,3.480378066038783e-8,-0.9702950119972229,1.5745469621814355e-8,0.2419247329235077]}},{"t":3.7200000000000024,"j":false,"c":{"p":[-1751.2121756032557,816.1180902125741,-1419.8265706728632],"r":[0.2419247329235077,5.93781108863987e-9,0.9702950119972229,-3.128116359891386e-9,1,-5.339657405352914e-9,-0.9702950119972229,-1.7434006968623631e-9,0.2419247329235077]}},{"t":3.7600000000000025,"j":false,"c":{"p":[-1751.7830789697064,816.1287731125902,-1419.9690093397444],"r":[0.2419247329235077,6.814893464284529e-8,0.9702950119972229,-4.142807730962034e-8,1,-5.99059664653515e-8,-0.9702950119972229,-2.5704723424964323e-8,0.2419247329235077]}},{"t":3.8000000000000025,"j":false,"c":{"p":[-1752.3599975648433,816.1463274255507,-1420.1131438794084],"r":[0.2419247329235077,4.4242749364339586e-8,0.9702950119972229,-2.7052200721090133e-8,1,-3.885225995570023e-8,-0.9702950119972229,-1.684929347040267e-8,0.2419247329235077]}},{"t":3.8400000000000025,"j":false,"c":{"p":[-1752.948511862109,816.1682204763299,-1420.2602297721678],"r":[0.2419247329235077,-5.269470504966848e-10,0.9702950119972229,1.2838708020881598e-10,1,5.110673586745268e-10,-0.9702950119972229,9.34007048969257e-13,0.2419247329235077]}},{"t":3.8800000000000026,"j":false,"c":{"p":[-1753.5656515079916,816.1983931303877,-1420.4145146836386],"r":[0.2419247329235077,-5.718623226159869e-8,0.9702950119972229,3.4699471460030515e-8,1,5.0285290614416084e-8,-0.9702950119972229,2.1503469621328976e-8,0.2419247329235077]}},{"t":3.9200000000000026,"j":false,"c":{"p":[-1754.158389465203,816.2290800515724,-1420.56458469373],"r":[0.24495416594531574,-2.9778480464998845e-8,0.9695284320864617,1.791824074442798e-8,1,2.6254162293821108e-8,-0.9695284320864617,1.1113000314888222e-8,0.24495416594531574]}},{"t":3.9600000000000026,"j":false,"c":{"p":[-1754.733694051965,816.2596374176615,-1420.7112251796677],"r":[0.2486911565065384,3.1893650500358305e-8,0.968582808971405,-1.9787817466060413e-8,1,-2.784748399996602e-8,-0.968582808971405,-1.224071758221232e-8,0.2486911565065384]}},{"t":4.000000000000003,"j":false,"c":{"p":[-1755.2667529554726,816.2880210735625,-1420.8479897872342],"r":[0.2486911565065384,8.006290366294943e-8,0.968582808971405,-4.92114021233434e-8,1,-7.002443305143004e-8,-0.968582808971405,-3.0250859769779865e-8,0.2486911565065384]}},{"t":4.040000000000003,"j":false,"c":{"p":[-1755.8228876843893,816.3155661374639,-1420.990565248914],"r":[0.248689341652576,5.0956655868019396e-8,0.9685832887603836,-3.12212325923356e-8,1,-4.4593172284857885e-8,-0.9685832887603836,-1.915033904739059e-8,0.248689341652576]}},{"t":4.080000000000003,"j":false,"c":{"p":[-1756.3977060113743,816.3424322260486,-1421.1378455330978],"r":[0.2486860573819672,-4.0716558647058254e-8,0.9685841570158319,2.5158009071724724e-8,1,3.557782567240692e-8,-0.9685841570158319,1.5519952882174962e-8,0.2486860573819672]}},{"t":4.120000000000003,"j":false,"c":{"p":[-1756.9962936735112,816.3629899517001,-1421.2911155447737],"r":[0.2486886004501751,-3.79058461318266e-8,0.9685834978112463,2.3343606457863988e-8,1,3.314175902519093e-8,-0.9685834978112463,1.4368263969162766e-8,0.2486886004501751]}},{"t":4.160000000000003,"j":false,"c":{"p":[-1757.5898166789962,816.3840555578021,-1421.443143543394],"r":[0.2486908396952609,-1.1641852903200207e-8,0.9685829242669013,7.0855485577477e-9,1,1.020021718070258e-8,-0.9685829242669013,4.3262803815506565e-9,0.2486908396952609]}},{"t":4.200000000000003,"j":false,"c":{"p":[-1758.173060384139,816.4063431267284,-1421.5926429053823],"r":[0.24869224791928923,5.226020666090913e-8,0.9685825793957107,-3.2351548199427104e-8,1,-4.5648787044242723e-8,-0.9685825793957107,-1.998262184422945e-8,0.24869224791928923]}},{"t":4.240000000000003,"j":false,"c":{"p":[-1758.7581609264228,816.4340637238871,-1421.7358407005609],"r":[0.23468970435620512,4.866899312931711e-8,0.9719701184008542,-3.049492017909669e-8,1,-4.2624487300541787e-8,-0.9719701184008542,-1.942037720031529e-8,0.23468970435620512]}},{"t":4.280000000000003,"j":false,"c":{"p":[-1759.3397130483334,816.4632407322013,-1421.874333141378],"r":[0.22154532372951508,1.3716698569026794e-8,0.9751500487327576,-9.41126433641855e-9,1,-1.1928090211683908e-8,-0.9751500487327576,-6.534781426511246e-9,0.22154532372951508]}},{"t":4.320000000000003,"j":false,"c":{"p":[-1759.9090858174425,816.4927553126174,-1422.0032692594327],"r":[0.22154532372951508,-6.574663773658012e-8,0.9751500487327576,3.90257501766864e-8,1,5.855577096956014e-8,-0.9751500487327576,2.5083206088982273e-8,0.22154532372951508]}},{"t":4.360000000000003,"j":false,"c":{"p":[-1760.4877228154062,816.5181372655782,-1422.1343032890318],"r":[0.22154532372951508,-5.311341783612123e-8,0.9751500487327576,3.217838566938991e-8,1,4.715627644635823e-8,-0.9751500487327576,2.0931502534446802e-8,0.22154532372951508]}},{"t":4.400000000000003,"j":false,"c":{"p":[-1761.0716078648386,816.5401780939443,-1422.2662618571371],"r":[0.22052768078773455,1.0648158879070269e-8,0.9753700685885284,-5.328487524435668e-9,1,-9.75033347911085e-9,-0.9753700685885284,-3.1454895851545444e-9,0.22052768078773455]}},{"t":4.440000000000003,"j":false,"c":{"p":[-1761.6566971995542,816.5498177061157,-1422.395362412049],"r":[0.20743733419647897,7.40080227498135e-8,0.9782002716496906,-4.221237303498003e-8,1,-6.687779480170103e-8,-0.9782002716496906,-2.7865745857236678e-8,0.20743733419647897]}},{"t":4.480000000000003,"j":false,"c":{"p":[-1762.2477328007594,816.5433671367373,-1422.5200247631767],"r":[0.19893120978165055,6.144647925762381e-8,0.9800081300191666,-3.5441026246191557e-8,1,-5.54252581543727e-8,-0.9800081300191666,-2.3498850279689187e-8,0.19893120978165055]}},{"t":4.520000000000003,"j":false,"c":{"p":[-1762.8443950377955,816.5216912840334,-1422.640487478032],"r":[0.19476289108062156,-2.2955455468678807e-8,0.9808485979624383,1.263894582673969e-8,1,2.092088434303676e-8,-0.9808485979624383,8.391670601248868e-9,0.19476289108062156]}},{"t":4.560000000000003,"j":false,"c":{"p":[-1763.444156006166,816.4962837373778,-1422.7544873740464],"r":[0.1864327048294999,-4.1739002939445335e-8,0.982443432924018,2.3224642126557227e-8,1,3.809588682218931e-8,-0.982443432924018,1.5763420007907782e-8,0.1864327048294999]}},{"t":4.600000000000003,"j":false,"c":{"p":[-1764.0349317728078,816.4768926727476,-1422.864648451946],"r":[0.18052170337718973,-2.688955906341557e-8,0.9835709896122915,1.4801726807544818e-8,1,2.462201283070942e-8,-0.9835709896122915,1.011366473662407e-8,0.18052170337718973]}},{"t":4.640000000000003,"j":false,"c":{"p":[-1764.607296269849,816.4703033236351,-1422.9691691620053],"r":[0.18051886498961575,3.4805573142762057e-8,0.9835715073637709,-1.998063639348935e-8,1,-3.171982431304757e-8,-0.9835715073637709,-1.3926422703686098e-8,0.18051886498961575]}},{"t":4.680000000000003,"j":false,"c":{"p":[-1765.192636752388,816.4581711753121,-1423.0760964111787],"r":[0.18052003508512976,4.813004990629394e-8,0.98357131044812,-2.735991337361821e-8,1,-4.391246534549501e-8,-0.98357131044812,-1.898335441531366e-8,0.18052003508512976]}},{"t":4.720000000000003,"j":false,"c":{"p":[-1765.7826901885903,816.4424669226333,-1423.1839152204468],"r":[0.18052231162395826,3.858471001403682e-8,0.9835709150004416,-2.1785027146404905e-8,1,-3.52308253492378e-8,-0.9835709150004416,-1.506713668707193e-8,0.18052231162395826]}},{"t":4.760000000000003,"j":false,"c":{"p":[-1766.3703591488868,816.4037082679597,-1423.2915618990876],"r":[0.1805184551835242,-4.393485170371416e-8,0.9835715934482957,2.5098805923500692e-8,1,4.00622954657259e-8,-0.9835715934482957,1.7454697235651824e-8,0.1805184551835242]}},{"t":4.800000000000003,"j":false,"c":{"p":[-1766.9708589646968,816.3654258373541,-1423.4012949929186],"r":[0.17881680804471714,-6.786114173290444e-8,0.9838777581295352,3.8681209943899276e-8,1,6.188715848253876e-8,-0.9838777581295352,2.685334458794094e-8,0.17881680804471714]}},{"t":4.840000000000003,"j":false,"c":{"p":[-1767.591294319058,816.3278833249292,-1423.5142697887875],"r":[0.17447727196049487,-7.49977138810078e-10,0.9846585624461525,5.225650585596173e-10,1,6.373961574190763e-10,-0.9846585624461525,3.2506744042156657e-10,0.17447727196049487]}},{"t":4.8800000000000034,"j":false,"c":{"p":[-1768.1709059088946,816.3243365977718,-1423.612458794969],"r":[0.16677467940098056,6.148100343547723e-8,0.9859702939245518,-3.409559437769834e-8,1,-5.67258523088777e-8,-0.9859702939245518,-2.450377194047688e-8,0.16677467940098056]}},{"t":4.9200000000000035,"j":false,"c":{"p":[-1768.7436913134854,816.335501531829,-1423.7055281966434],"r":[0.1549316826732226,9.378547935133686e-8,0.9878318431760633,-5.2166553902709395e-8,1,-8.649649911625344e-8,-0.9878318431760633,-3.7496522442021015e-8,0.1549316826732226]}},{"t":4.9600000000000035,"j":false,"c":{"p":[-1769.3283989592094,816.3756315593523,-1423.7915100667897],"r":[0.12865489564426089,2.0938351237780784e-9,0.9915247154478072,-2.529188040699208e-9,1,-1.320497002328736e-9,-0.9915247154478072,-1.2145839748222908e-9,0.12865489564426089]}},{"t":5.0000000000000036,"j":false,"c":{"p":[-1769.9259475325955,816.4304479559679,-1423.8692160641244],"r":[0.11579713118011996,-3.630416981223479e-8,0.9932671202533581,1.8677239941355035e-8,1,3.437957264013261e-8,-0.9932671202533581,1.4581970295393335e-8,0.11579713118011996]}},{"t":5.040000000000004,"j":false,"c":{"p":[-1770.5317180258417,816.4946678904657,-1423.941623101383],"r":[0.11153143506440201,-4.0578780952816085e-8,0.9937606598975343,2.1679617643715046e-8,1,3.8400688667059186e-8,-0.9937606598975343,1.7261934268964418e-8,0.11153143506440201]}},{"t":5.080000000000004,"j":false,"c":{"p":[-1771.0724688424523,816.6331286514448,-1423.9957626707771],"r":[0.09447121355382757,2.0344086215495486e-8,0.9954345994665594,-7.841714592575458e-9,1,-1.9951563158581636e-8,-0.9954345994665594,-6.582566292250812e-9,0.09447121355382757]}},{"t":5.120000000000004,"j":false,"c":{"p":[-1771.596337184002,816.8216436218996,-1424.0436237784158],"r":[0.0803762013934637,5.541759208486271e-8,0.9967468675732957,-2.5097740289318378e-8,1,-5.3561321232608024e-8,-0.9967468675732957,-2.0672905190266915e-8,0.0803762013934637]}},{"t":5.160000000000004,"j":false,"c":{"p":[-1772.093781056392,817.0916238432394,-1424.0815021774013],"r":[0.07155977397057782,4.569463671394073e-8,0.9974253058140519,-2.105641366971703e-8,1,-4.429365074779329e-8,-0.9974253058140519,-1.780885647267143e-8,0.07155977397057782]}},{"t":5.200000000000004,"j":false,"c":{"p":[-1772.615607147539,817.4055939796154,-1424.1163819027859],"r":[0.06635511954012338,-2.3992162771504025e-8,0.9977899780446016,1.05237696685242e-8,1,2.3439613920208404e-8,-0.9977899780446016,9.186931512451902e-9,0.06635511954012338]}},{"t":5.240000000000004,"j":false,"c":{"p":[-1773.1505879654162,817.717585235182,-1424.1502735531005],"r":[0.061389235619745165,-8.398265308561505e-8,0.9981050773197658,3.795994726819323e-8,1,8.175534983760088e-8,-0.9981050773197658,3.2733619039978143e-8,0.061389235619745165]}},{"t":5.280000000000004,"j":false,"c":{"p":[-1773.7198458245275,817.9637230280734,-1424.1830772482174],"r":[0.05300918851703652,-1.9448140158984466e-8,0.9985735960838079,9.74213719774615e-9,1,1.8838767660268405e-8,-0.9985735960838079,8.416747404380266e-9,0.05300918851703652]}},{"t":5.320000000000004,"j":false,"c":{"p":[-1774.3025896043841,818.168044400285,-1424.2120386122451],"r":[0.04453648343235469,4.041505711969807e-8,0.9989869011399171,-1.6132203755991633e-8,1,-3.984029558720602e-8,-0.9989869011399171,-1.4610993664025917e-8,0.04453648343235469]}},{"t":5.360000000000004,"j":false,"c":{"p":[-1774.8985938203346,818.3312485225475,-1424.2372218889755],"r":[0.03597266960755084,9.568504316785918e-8,0.9993459156615239,-3.970225840658106e-8,1,-9.435269123928451e-8,-0.9993459156615239,-3.637115843378605e-8,0.03597266960755084]}},{"t":5.400000000000004,"j":false,"c":{"p":[-1775.4785287470793,818.4620753003674,-1424.2579981694305],"r":[0.03130172614607451,2.2072163440197778e-8,0.9995039085953654,-9.391388539787805e-9,1,-2.16850450849206e-8,-0.9995039085953654,-8.43591078204054e-9,0.03130172614607451]}},{"t":5.440000000000004,"j":false,"c":{"p":[-1776.0591529526139,818.5522248086977,-1424.2775248037963],"r":[0.027922733871413495,-5.063212009059277e-8,0.9996101130468619,2.0647616812256856e-8,1,5.0075111335942706e-8,-0.9996101130468619,1.924134220983642e-8,0.027922733871413495]}},{"t":5.480000000000004,"j":false,"c":{"p":[-1776.6533936751289,818.4771944144408,-1424.2941982247423],"r":[0.02792533796269758,-3.52790164605857e-8,0.9996100406795835,1.4367692462359642e-8,1,3.489140996056896e-8,-0.9996100406795835,1.3387756878175737e-8,0.02792533796269758]}},{"t":5.520000000000004,"j":false,"c":{"p":[-1777.226186089125,818.3271173120883,-1424.3068848833016],"r":[0.02352703278843118,5.729665750893677e-9,0.9997021662589647,-1.8786810793442454e-9,1,-5.807793370817834e-9,-0.9997021662589647,-2.065585127783437e-9,0.02352703278843118]}},{"t":5.560000000000004,"j":false,"c":{"p":[-1777.7801078632701,818.1110126533339,-1424.3160639106134],"r":[0.015256721871008398,6.931062601160816e-8,0.9998754093887047,-2.689373086066715e-8,1,-6.895603260634352e-8,-0.9998754093887047,-2.5964980149820443e-8,0.015256721871008398]}},{"t":5.600000000000004,"j":false,"c":{"p":[-1778.334177315567,817.8969052060713,-1424.324344539136],"r":[0.013958404771983624,4.2137002275426033e-8,0.999902606010437,-1.646235826145725e-8,1,-4.191129725324242e-8,-0.999902606010437,-1.587574020415849e-8,0.013958404771983624]}},{"t":5.640000000000004,"j":false,"c":{"p":[-1778.8860251689277,817.6726940888856,-1424.3323266621555],"r":[0.013958404771983624,-1.9879707178873638e-9,0.999902606010437,6.156238084206374e-10,1,1.9795707378490227e-9,-0.999902606010437,5.879322222951181e-10,0.013958404771983624]}},{"t":5.680000000000004,"j":false,"c":{"p":[-1779.425878480902,817.3926162192382,-1424.339609054564],"r":[0.013958404771983624,-4.638561906362925e-8,0.999902606010437,1.793794070083796e-8,1,4.613973119149503e-8,-0.999902606010437,1.729215618558164e-8,0.013958404771983624]}},{"t":5.720000000000004,"j":false,"c":{"p":[-1779.9455931751636,817.0895531601145,-1424.3462115609382],"r":[0.009844891318901546,-3.68767482239029e-8,0.9999313076713991,1.4517896776620354e-8,1,3.6619308327476626e-8,-0.9999313076713991,1.3843763788402796e-8,0.009844891318901546]}},{"t":5.760000000000004,"j":false,"c":{"p":[-1780.4450419973912,816.7633596699328,-1424.3521298851322],"r":[0.0015918714488329152,2.6879272802839472e-8,0.9999888923568331,-9.775577290283943e-9,1,-2.6920901184999134e-8,-0.9999888923568331,-9.884587747042656e-9,0.0015918714488329152]}},{"t":5.800000000000004,"j":false,"c