{"d":[{"t":0.04667782783508301,"c":{"r":[-0.214735209941864,1.4991851315926398e-8,-0.9766722917556763,-5.840839634174699e-8,1,2.8191841749958259e-8,0.9766722917556763,6.309964106776533e-8,-0.214735209941864],"p":[2713.30859375,160.39495849609376,-363.8359375]},"j":false},{"t":0.08865666389465332,"c":{"r":[-0.214735209941864,-4.636797257262515e-8,-0.9766722917556763,3.250242031072048e-8,1,-5.462158014779561e-8,0.9766722917556763,-4.3473388444681407e-8,-0.214735209941864],"p":[2713.9248046875,160.39495849609376,-363.7004699707031]},"j":false},{"t":0.12926506996154786,"c":{"r":[-0.214735209941864,-4.567706568536778e-8,-0.9766722917556763,5.346369746916935e-8,1,-5.8522807933059087e-8,0.9766722917556763,-6.47834212941234e-8,-0.214735209941864],"p":[2715.1748046875,160.3816680908203,-363.4256286621094]},"j":false},{"t":0.1712331771850586,"c":{"r":[-0.214735209941864,4.638637474130292e-9,-0.9766722917556763,2.2815500599904227e-8,1,-2.668794352178594e-10,0.9766722917556763,-2.2340575611679016e-8,-0.214735209941864],"p":[2716.59814453125,160.3953857421875,-363.1125183105469]},"j":false},{"t":0.21232151985168458,"c":{"r":[-0.214735209941864,5.4846992725288149e-8,-0.9766722917556763,-7.767257059754229e-9,1,5.7864745883762228e-8,0.9766722917556763,2.0011663437458084e-8,-0.214735209941864],"p":[2718.021484375,160.39781188964845,-362.7994079589844]},"j":false},{"t":0.254199743270874,"c":{"r":[-0.214735209941864,1.0494822788587044e-7,-0.9766722917556763,-3.828471761835317e-8,1,1.1587233927912166e-7,0.9766722917556763,6.227349302889707e-8,-0.214735209941864],"p":[2719.44482421875,160.39892578125,-362.4862976074219]},"j":false},{"t":0.2962484359741211,"c":{"r":[-0.214735209941864,6.6883374394421939e-9,-0.9766722917556763,-9.564005587492375e-9,1,8.950869379020787e-9,0.9766722917556763,1.1262966559399956e-8,-0.214735209941864],"p":[2720.8681640625,160.40074157714845,-362.1731872558594]},"j":false},{"t":0.3379244804382324,"c":{"r":[-0.1805189996957779,-9.17338880412899e-8,-0.983571469783783,2.1171656428009557e-8,1,-9.715183324487953e-8,0.983571469783783,-3.8361587684221379e-8,-0.1805189996957779],"p":[2722.29541015625,160.40074157714845,-361.8757019042969]},"j":false},{"t":0.37885212898254397,"c":{"r":[-0.1736469268798828,-4.190516733615368e-8,-0.9848079681396484,1.5065038994066528e-8,1,-4.520796537121896e-8,0.9848079681396484,-2.2686394984816617e-8,-0.1736469268798828],"p":[2723.724365234375,160.24778747558595,-361.6192321777344]},"j":false},{"t":0.4211101531982422,"c":{"r":[-0.1598811000585556,3.091373201868919e-8,-0.9871363043785095,2.8123015027858857e-9,1,3.086108790739672e-8,0.9871363043785095,2.1579797948589887e-9,-0.1598811000585556],"p":[2725.291259765625,159.640869140625,-361.3541259765625]},"j":false},{"t":0.4619014263153076,"c":{"r":[-0.14608271420001985,9.068099871001323e-8,-0.9892723560333252,-7.957218883802853e-9,1,9.283935753501282e-8,0.9892723560333252,2.1434082952964674e-8,-0.14608271420001985],"p":[2726.587646484375,158.83648681640626,-361.1517639160156]},"j":false},{"t":0.5057501792907715,"c":{"r":[-0.10452648997306824,4.4937721099813646e-8,-0.9945220947265625,-7.141308433489257e-9,1,4.593580982259482e-8,0.9945220947265625,1.1903697583193207e-8,-0.10452648997306824],"p":[2728.17626953125,158.51773071289063,-360.94635009765627]},"j":false},{"t":0.5548162460327148,"c":{"r":[-0.10452719777822495,-6.98182205383091e-8,-0.9945220351219177,3.2014484396825084e-9,1,-7.053926509570374e-8,0.9945220351219177,-1.055718268361261e-8,-0.10452719777822495],"p":[2729.7705078125,158.50714111328126,-360.7781982421875]},"j":false},{"t":0.5958006381988525,"c":{"r":[-0.10452719777822495,-6.664640750386752e-8,-0.9945220351219177,5.168338645944459e-9,1,-6.755671222435922e-8,0.9945220351219177,-1.2201541110812287e-8,-0.10452719777822495],"p":[2731.220703125,158.530517578125,-360.62591552734377]},"j":false},{"t":0.636594295501709,"c":{"r":[-0.173647940158844,8.431397802155516e-9,-0.9848077893257141,4.349193449826316e-9,1,7.794586309728402e-9,0.9848077893257141,-2.9296056691663354e-9,-0.173647940158844],"p":[2732.667236328125,158.5819091796875,-360.455322265625]},"j":false},{"t":0.6795196533203125,"c":{"r":[-0.19423344731330872,9.033988135342952e-8,-0.9809553623199463,8.432188280949049e-9,1,9.042416593274538e-8,0.9809553623199463,9.29179666542268e-9,-0.19423344731330872],"p":[2734.2431640625,158.6307830810547,-360.1588439941406]},"j":false},{"t":0.7203464508056641,"c":{"r":[-0.19423344731330872,5.8540841507692679e-8,-0.9809553623199463,4.04997813063801e-9,1,5.887546095095786e-8,0.9809553623199463,7.462736206775844e-9,-0.19423344731330872],"p":[2735.671630859375,158.5666961669922,-359.8760070800781]},"j":false},{"t":0.7615957260131836,"c":{"r":[-0.19423344731330872,-3.359629019428212e-8,-0.9809553623199463,-4.818398124939449e-9,1,-3.329447650912698e-8,0.9809553623199463,-1.7402675966948778e-9,-0.19423344731330872],"p":[2736.95849609375,158.5386962890625,-359.6212158203125]},"j":false},{"t":0.8030571937561035,"c":{"r":[-0.19423344731330872,-9.922218424662788e-8,-0.9809553623199463,-1.0749888090799687e-8,1,-9.901999931116734e-8,0.9809553623199463,-8.687834451848176e-9,-0.19423344731330872],"p":[2738.38916015625,158.49974060058595,-359.3380126953125]},"j":false},{"t":0.8468246459960938,"c":{"r":[-0.19423344731330872,-1.065569321667681e-8,-0.9809553623199463,-1.0995021559878637e-10,1,-1.0840796704769673e-8,0.9809553623199463,-1.9977890453048987e-9,-0.19423344731330872],"p":[2739.962890625,158.50587463378907,-359.0264892578125]},"j":false},{"t":0.8873498439788818,"c":{"r":[-0.19423344731330872,6.96790252163737e-8,-0.9809553623199463,9.541042622629448e-9,1,6.91426365051484e-8,0.9809553623199463,4.07047462402943e-9,-0.19423344731330872],"p":[2741.3935546875,158.50038146972657,-358.7432861328125]},"j":false},{"t":0.9304330348968506,"c":{"r":[-0.19423344731330872,7.924312939167067e-8,-0.9809553623199463,1.0121363303028375e-8,1,7.877751784235443e-8,0.9809553623199463,5.372623235189167e-9,-0.19423344731330872],"p":[2742.822998046875,158.43923950195313,-358.4602966308594]},"j":false},{"t":0.9707725048065186,"c":{"r":[-0.19423344731330872,-7.384190592318873e-9,-0.9809553623199463,-1.5632654060127039e-9,1,-7.218016850885078e-9,0.9809553623199463,1.3151324473881233e-10,-0.19423344731330872],"p":[2744.102294921875,158.29052734375,-358.20703125]},"j":false},{"t":1.0115509033203126,"c":{"r":[-0.19423344731330872,-1.034418488643496e-7,-0.9809553623199463,-1.451987508005459e-8,1,-1.0257510751898735e-7,0.9809553623199463,-5.680167891597421e-9,-0.19423344731330872],"p":[2745.509765625,158.0142822265625,-357.9283447265625]},"j":false},{"t":1.0531578063964844,"c":{"r":[-0.19423344731330872,-3.9818029762273e-8,-0.9809553623199463,-5.318155249511847e-9,1,-3.953805460810145e-8,0.9809553623199463,-2.4627397898768779e-9,-0.19423344731330872],"p":[2746.93115234375,157.95318603515626,-357.64697265625]},"j":false},{"t":1.095278024673462,"c":{"r":[-0.2010771930217743,4.948259757497908e-8,-0.9795753955841065,7.819375369422233e-9,1,4.89092535360669e-8,0.9795753955841065,2.174866953197352e-9,-0.2010771930217743],"p":[2748.49365234375,158.06056213378907,-357.3330993652344]},"j":false},{"t":1.1362507343292237,"c":{"r":[-0.2079097330570221,1.2235361168677628e-7,-0.9781480431556702,1.894239076705162e-8,1,1.210607223356419e-7,0.9781480431556702,6.641239558291545e-9,-0.2079097330570221],"p":[2749.75439453125,157.95249938964845,-357.0728454589844]},"j":false},{"t":1.1784920692443848,"c":{"r":[-0.2079097330570221,2.0953761392661364e-8,-0.9781480431556702,3.3550417999350658e-9,1,2.0708743164732369e-8,0.9781480431556702,1.0238214720459383e-9,-0.2079097330570221],"p":[2751.142578125,157.50881958007813,-356.7777099609375]},"j":false},{"t":1.2197074890136719,"c":{"r":[-0.2079097330570221,-8.022976061283771e-8,-0.9781480431556702,-1.2199030230419794e-8,1,-7.94291423744653e-8,0.9781480431556702,-4.581634627243147e-9,-0.2079097330570221],"p":[2752.5302734375,157.12635803222657,-356.4826354980469]},"j":false},{"t":1.2613346576690674,"c":{"r":[-0.2079097330570221,-5.777379641358493e-8,-0.9781480431556702,-8.860987499303974e-9,1,-5.718102968899075e-8,0.9781480431556702,-3.2211353584443715e-9,-0.2079097330570221],"p":[2753.938232421875,156.91917419433595,-356.18341064453127]},"j":false},{"t":1.30336594581604,"c":{"r":[-0.20107753574848176,2.4976978707513809e-8,-0.9795753359794617,3.2667528682139847e-9,1,2.482719452245874e-8,0.9795753359794617,1.7921605310888822e-9,-0.20107753574848176],"p":[2755.49658203125,156.73484802246095,-355.8576965332031]},"j":false},{"t":1.344362735748291,"c":{"r":[-0.20107753574848176,9.254793553736818e-8,-0.9795753359794617,1.304073737884437e-8,1,9.180073590187021e-8,0.9795753359794617,5.684681614326337e-9,-0.20107753574848176],"p":[2756.725341796875,156.4003448486328,-355.60552978515627]},"j":false},{"t":1.3573269844055176,"c":{"r":[-0.20107753574848176,1.150427380025576e-7,-0.9795753359794617,1.6294555038598447e-8,1,1.1409665745532038e-7,0.9795753359794617,6.980529487776721e-9,-0.20107753574848176],"p":[2757.118408203125,156.22830200195313,-355.52484130859377]},"j":true},{"t":1.3649346828460694,"c":{"r":[-0.20107753574848176,1.2253779857474e-7,-0.9795753359794617,1.7378697592107529e-8,1,1.2152545991739317e-7,0.9795753359794617,7.412295222053444e-9,-0.20107753574848176],"p":[2757.249267578125,156.44976806640626,-355.49798583984377]},"j":true},{"t":1.3816590309143067,"c":{"r":[-0.19423267245292664,1.6003788516627538e-7,-0.9809554815292358,2.2536610799761548e-8,1,1.5868256753037714e-7,0.9809554815292358,8.713928245640546e-9,-0.19423267245292664],"p":[2757.918212890625,157.5060272216797,-355.3619384765625]},"j":true},{"t":1.3864471912384034,"c":{"r":[-0.18747633695602418,1.6746881215112809e-7,-0.9822691082954407,2.35376109714025e-8,1,1.6599938135186677e-7,0.9822691082954407,8.000686335662977e-9,-0.18747633695602418],"p":[2758.058837890625,157.70706176757813,-355.3338928222656]},"j":false},{"t":1.4284312725067139,"c":{"r":[-0.13278575241565705,1.83356281269198e-8,-0.9911447763442993,1.4294666783598587e-8,1,1.65843587751624e-8,0.9911447763442993,-1.196591714602846e-8,-0.13278575241565705],"p":[2759.492919921875,159.5300750732422,-355.0756530761719]},"j":false},{"t":1.470696210861206,"c":{"r":[-0.05700842663645744,-1.4686560234622449e-7,-0.9983736872673035,8.924782690655775e-9,1,-1.4761445754629677e-7,0.9983736872673035,-1.7325536560974798e-8,-0.05700842663645744],"p":[2761.088134765625,161.14195251464845,-354.90863037109377]},"j":false},{"t":1.5121161937713624,"c":{"r":[-0.007252682466059923,-1.4671799419829768e-7,-0.999973714351654,5.139147329913385e-9,1,-1.4675912041184348e-7,0.999973714351654,-6.203409341765109e-9,-0.007252682466059923],"p":[2762.399658203125,162.15420532226563,-354.8711853027344]},"j":false},{"t":1.5547080039978028,"c":{"r":[-0.006982486229389906,-8.74116423688065e-8,-0.9999756217002869,1.5054640867262493e-9,1,-8.742428292407567e-8,0.9999756217002869,-2.1158661489550924e-9,-0.006982486229389906],"p":[2764.0029296875,163.0167236328125,-354.8599548339844]},"j":false},{"t":1.5961360931396485,"c":{"r":[0.01372554898262024,-6.056600199144668e-8,-0.9999058246612549,-9.491298857966513e-10,1,-6.058473900338868e-8,0.9999058246612549,1.7805993346442506e-9,0.01372554898262024],"p":[2765.46044921875,163.4431610107422,-354.8583068847656]},"j":false},{"t":1.6373558044433594,"c":{"r":[0.013962525874376297,-8.204236223718908e-8,-0.9999025464057922,-1.1929706111857286e-9,1,-8.206701807011996e-8,0.9999025464057922,2.3387172198852115e-9,0.013962525874376297],"p":[2766.91796875,163.5289764404297,-354.87860107421877]},"j":false},{"t":1.68135666847229,"c":{"r":[0.013963581994175911,-1.0142071715790735e-7,-0.9999024868011475,-1.4002838888416136e-9,1,-1.0145016204887725e-7,0.9999024868011475,2.816755051426867e-9,0.013963581994175911],"p":[2768.229736328125,163.31497192382813,-354.8970031738281]},"j":false},{"t":1.7215287685394288,"c":{"r":[0.020771045237779619,-1.2866986764947797e-7,-0.9997842311859131,-1.4396975833719239e-9,1,-1.2872753529791226e-7,0.9997842311859131,4.113192453303327e-9,0.020771045237779619],"p":[2769.8330078125,162.67872619628907,-354.92193603515627]},"j":false},{"t":1.7620909214019776,"c":{"r":[0.055129967629909518,-1.351838676555417e-7,-0.9984791874885559,1.1756140505525537e-9,1,-1.353248535451712e-7,0.9984791874885559,6.286628551066542e-9,0.055129967629909518],"p":[2771.29052734375,161.74267578125,-354.9734802246094]},"j":false},{"t":1.8046739101409913,"c":{"r":[0.06278267502784729,-1.256958341855352e-7,-0.9980272054672241,7.370628551939262e-9,1,-1.2548062500172819e-7,0.9980272054672241,5.219211729468043e-10,0.06278267502784729],"p":[2772.74560546875,160.46600341796876,-355.061767578125]},"j":false},{"t":1.8459670543670655,"c":{"r":[0.06279108673334122,-1.2094957924091433e-7,-0.9980266690254211,1.3898649342536374e-8,1,-1.2031429719172594e-7,0.9980266690254211,-6.316557943364387e-9,0.06279108673334122],"p":[2774.1982421875,159.1116180419922,-355.1531677246094]},"j":false},{"t":1.887035608291626,"c":{"r":[0.06279107928276062,-1.1621359163882517e-7,-0.9980266690254211,2.041323732271394e-8,1,-1.1515906805925624e-7,0.9980266690254211,-1.3141994159582282e-8,0.06279107928276062],"p":[2775.602783203125,159.0972442626953,-355.24151611328127]},"j":false},{"t":1.9284164905548096,"c":{"r":[0.06279107928276062,-1.1195984939149639e-7,-0.9980266690254211,2.6264473262926914e-8,1,-1.1052878079453876e-7,0.9980266690254211,-1.927242365695747e-8,0.06279107928276062],"p":[2776.88671875,158.64825439453126,-355.322265625]},"j":false},{"t":1.970724105834961,"c":{"r":[0.06279107928276062,-1.0724305354870012e-7,-0.9980266690254211,3.2752655698686797e-8,1,-1.0539445582935514e-7,0.9980266690254211,-2.6070194891758548e-8,0.06279107928276062],"p":[2778.329345703125,157.8050537109375,-355.4130554199219]},"j":false},{"t":2.011221408843994,"c":{"r":[0.06279107928276062,-1.0253631899104221e-7,-0.9980266690254211,3.922698610381303e-8,1,-1.0027108032772958e-7,0.9980266690254211,-3.2853449738468046e-8,0.06279107928276062],"p":[2779.77734375,157.18746948242188,-355.5041809082031]},"j":false},{"t":2.0534708499908449,"c":{"r":[0.06279107928276062,-9.78396386130953e-8,-0.9980266690254211,4.56874857945877e-8,1,-9.515864718423473e-8,0.9980266690254211,-3.962221484243855e-8,0.06279107928276062],"p":[2781.228759765625,157.5001678466797,-355.5954284667969]},"j":false},{"t":2.095304489135742,"c":{"r":[0.06279107928276062,-9.315299109857733e-8,-0.9980266690254211,5.213419029814759e-8,1,-9.005714218801586e-8,0.9980266690254211,-4.63765275071637e-8,0.06279107928276062],"p":[2782.681396484375,157.64942932128907,-355.68670654296877]},"j":false},{"t":2.1368234157562258,"c":{"r":[0.08367869257926941,-8.907373683086917e-8,-0.9964928030967712,5.917737766480968e-8,1,-8.441792687108318e-8,0.9964928030967712,-5.190585028458372e-8,0.08367869257926941],"p":[2784.279296875,157.7362823486328,-355.788818359375]},"j":false},{"t":2.17881178855896,"c":{"r":[0.13225655257701875,-8.742191681676559e-8,-0.9912155270576477,6.471586999623469e-8,1,-7.956172964895814e-8,0.9912155270576477,-5.362481303450295e-8,0.13225655257701875],"p":[2785.58447265625,157.77854919433595,-355.920166015625]},"j":false},{"t":2.219589948654175,"c":{"r":[0.1322583258152008,-8.276527552197877e-8,-0.9912152886390686,7.075216501561954e-8,1,-7.405829904882921e-8,0.9912152886390686,-6.033580035591513e-8,0.1322583258152008],"p":[2787.02978515625,157.80348205566407,-356.11224365234377]},"j":false},{"t":2.261723041534424,"c":{"r":[0.1322583258152008,-7.765435583451108e-8,-0.9912152886390686,7.737721574585521e-8,1,-6.801809604439768e-8,0.9912152886390686,-6.770151372847977e-8,0.1322583258152008],"p":[2788.61962890625,157.83050537109376,-356.32440185546877]},"j":false},{"t":2.303025007247925,"c":{"r":[0.1322583258152008,-7.348162256448632e-8,-0.9912152886390686,8.278613705670068e-8,1,-6.308666655741036e-8,0.9912152886390686,-7.371514243459387e-8,0.1322583258152008],"p":[2789.92041015625,157.85247802734376,-356.49798583984377]},"j":false},{"t":2.345501184463501,"c":{"r":[0.12533453106880189,-6.784352279964878e-8,-0.9921145439147949,8.939812801145308e-8,1,-5.708902151013717e-8,0.9921145439147949,-8.153795505450035e-8,0.12533453106880189],"p":[2791.51025390625,157.87991333007813,-356.7086181640625]},"j":false},{"t":2.38877272605896,"c":{"r":[0.11146964877843857,-6.206378344586483e-8,-0.9937678575515747,9.547973434109736e-8,1,-5.174316441980409e-8,0.9937678575515747,-8.911689519663924e-8,0.11146964877843857],"p":[2792.957763671875,157.9119415283203,-356.8814697265625]},"j":false},{"t":2.4372761249542238,"c":{"r":[0.08367867767810822,-5.3964960500252349e-8,-0.9964928030967712,1.0290673913004866e-7,1,-4.551348808945477e-8,0.9964928030967712,-9.873730988374519e-8,0.08367867767810822],"p":[2794.698974609375,158.00732421875,-357.04998779296877]},"j":false},{"t":2.4788925647735597,"c":{"r":[0.08367867767810822,-4.937049880027189e-8,-0.9964928030967712,1.0912047798683489e-7,1,-4.038106737880298e-8,0.9964928030967712,-1.0535873684602848e-7,0.08367867767810822],"p":[2796.151611328125,158.05796813964845,-357.1725769042969]},"j":false},{"t":2.52034854888916,"c":{"r":[0.07671980559825897,-4.4035278534693137e-8,-0.9970526695251465,1.15345898166197e-7,1,-3.528997538637668e-8,0.9970526695251465,-1.1229849405935966e-7,0.07671980559825897],"p":[2797.604248046875,158.0231170654297,-357.2911376953125]},"j":false},{"t":2.5616443157196047,"c":{"r":[0.07671980559825897,-3.991746311271527e-8,-0.9970526695251465,1.2094700707621087e-7,1,-3.072899801281892e-8,0.9970526695251465,-1.1823301804270159e-7,0.07671980559825897],"p":[2798.91162109375,158.05377197265626,-357.3919372558594]},"j":false},{"t":2.6036646366119386,"c":{"r":[0.07671980559825897,-3.535138759502843e-8,-0.9970526695251465,1.2715783270778048e-7,1,-2.567152534993511e-8,0.9970526695251465,-1.2481353905968718e-7,0.07671980559825897],"p":[2800.3642578125,158.08180236816407,-357.5039367675781]},"j":false},{"t":2.6459388732910158,"c":{"r":[0.08367808163166046,-3.1219578033869769e-8,-0.996492862701416,1.339425637070235e-7,1,-2.008195210123631e-8,0.996492862701416,-1.3179239033433988e-7,0.08367808163166046],"p":[2801.962646484375,158.1055908203125,-357.6325378417969]},"j":false},{"t":2.6882636547088625,"c":{"r":[0.0975847840309143,-2.852498326433306e-8,-0.9952272176742554,1.4002952752889542e-7,1,-1.4931497815950935e-8,0.9952272176742554,-1.3790410946512567e-7,0.0975847840309143],"p":[2803.41455078125,158.12274169921876,-357.7665100097656]},"j":false},{"t":2.7302615642547609,"c":{"r":[0.1184062510728836,3.4662208658886586e-9,-0.9929652214050293,-1.0070512423965284e-8,1,2.2899182550162324e-9,0.9929652214050293,9.728528205243947e-9,0.1184062510728836],"p":[2804.86474609375,158.1382598876953,-357.9156799316406]},"j":false},{"t":2.7704484462738039,"c":{"r":[0.12533332407474519,1.92711535618173e-8,-0.9921146631240845,-8.56240660596086e-8,1,8.607477397504227e-9,0.9921146631240845,8.387008421095743e-8,0.12533332407474519],"p":[2806.3125,158.1565704345703,-358.0962219238281]},"j":false},{"t":2.8126888275146486,"c":{"r":[0.13225841522216798,1.5127232799727609e-8,-0.9912152886390686,-7.08955241179865e-8,1,5.801669367144768e-9,0.9912152886390686,6.950540409889072e-8,0.13225841522216798],"p":[2807.615234375,158.213134765625,-358.2613830566406]},"j":false},{"t":2.852825880050659,"c":{"r":[0.13917306065559388,1.0330116317902594e-8,-0.9902680516242981,-5.4549506245393789e-8,1,2.7652060641258915e-9,0.9902680516242981,5.363379074196928e-8,0.13917306065559388],"p":[2809.060546875,158.3072967529297,-358.4540100097656]},"j":false},{"t":2.8946523666381838,"c":{"r":[0.14608316123485566,5.53267121006229e-9,-0.9892722964286804,-3.819959459860911e-8,1,-4.81633587179342e-11,0.9892722964286804,3.779683765969821e-8,0.14608316123485566],"p":[2810.50390625,158.21595764160157,-358.663818359375]},"j":false},{"t":2.9368343353271486,"c":{"r":[0.14608316123485566,-1.4336945519666245e-10,-0.9892722964286804,-2.0255006560887524e-8,1,-3.1359259633489957e-9,0.9892722964286804,2.0495821928534498e-8,0.14608316123485566],"p":[2812.091064453125,158.2411651611328,-358.89813232421877]},"j":false},{"t":2.9784109592437746,"c":{"r":[0.14608316123485566,-4.777483297857543e-9,-0.9892722964286804,-5.604412489645938e-9,1,-5.656878521165254e-9,0.9892722964286804,6.370664884514099e-9,0.14608316123485566],"p":[2813.3896484375,158.26190185546876,-359.08984375]},"j":false},{"t":3.0197033882141115,"c":{"r":[0.14608316123485566,-9.916051091352074e-9,-0.9892722964286804,1.0641009851042327e-8,1,-8.452251343271655e-9,0.9892722964286804,-9.29212440325955e-9,0.14608316123485566],"p":[2814.83251953125,158.28482055664063,-359.3028564453125]},"j":false},{"t":3.062089443206787,"c":{"r":[0.14608316123485566,-1.504364277593595e-8,-0.9892722964286804,2.685175282124419e-8,1,-1.1241651165505573e-8,0.9892722964286804,-2.4921478214423588e-8,0.14608316123485566],"p":[2816.275390625,158.30763244628907,-359.515869140625]},"j":false},{"t":3.103670597076416,"c":{"r":[0.14608316123485566,-2.0160284108783345e-8,-0.9892722964286804,4.302788880750086e-8,1,-1.4025091310543303e-8,0.9892722964286804,-4.051746671507317e-8,0.14608316123485566],"p":[2817.71826171875,158.33033752441407,-359.7288818359375]},"j":false},{"t":3.14469838142395,"c":{"r":[0.14608316123485566,-2.5265997294354748e-8,-0.9892722964286804,5.9169490640442748e-8,1,-1.680258243652588e-8,0.9892722964286804,-5.608016451219555e-8,0.14608316123485566],"p":[2819.1611328125,158.35292053222657,-359.94189453125]},"j":false},{"t":3.1871707439422609,"c":{"r":[0.14608316123485566,-3.086968547449942e-8,-0.9892722964286804,7.688546332929036e-8,1,-1.985096709233858e-8,0.9892722964286804,-7.316076988672649e-8,0.14608316123485566],"p":[2820.748291015625,158.39385986328126,-360.17620849609377]},"j":false},{"t":3.2276601791381838,"c":{"r":[0.14608316123485566,-3.544472804151155e-8,-0.9892722964286804,9.13493991561154e-8,1,-2.2339772698387607e-8,0.9892722964286804,-8.71059668838825e-8,0.14608316123485566],"p":[2822.046875,158.49420166015626,-360.367919921875]},"j":false},{"t":3.2693686485290529,"c":{"r":[0.14608316123485566,-4.05177971174453e-8,-0.9892722964286804,1.0738785505282067e-7,1,-2.5099499367797763e-8,0.9892722964286804,-1.025692171197079e-7,0.14608316123485566],"p":[2823.48388671875,158.3822784423828,-360.5801086425781]},"j":false},{"t":3.3121464252471926,"c":{"r":[0.14608316123485566,-4.5580023311231346e-8,-0.9892722964286804,1.2339206989508967e-7,1,-2.785332320343059e-8,0.9892722964286804,-1.1799944843460253e-7,0.14608316123485566],"p":[2824.9248046875,158.37759399414063,-360.7928466796875]},"j":false},{"t":3.354367733001709,"c":{"r":[0.14608316123485566,-2.6425892585280054e-8,-0.9892722964286804,7.289999359727517e-8,1,-1.5947511755598499e-8,0.9892722964286804,-6.978827826742418e-8,0.14608316123485566],"p":[2826.511962890625,158.4020538330078,-361.02716064453127]},"j":false},{"t":3.395354747772217,"c":{"r":[0.14608316123485566,3.0217417901212687e-8,-0.9892722964286804,-8.105619997422764e-8,1,1.857574716268573e-8,0.9892722964286804,7.747305375005453e-8,0.14608316123485566],"p":[2827.954833984375,158.42417907714845,-361.24017333984377]},"j":false},{"t":3.4368371963500978,"c":{"r":[0.14608325064182282,2.6336767433576825e-8,-0.9892722964286804,-7.168293336690113e-8,1,1.603713428721676e-8,0.9892722964286804,6.857118250991334e-8,0.14608325064182282],"p":[2829.397705078125,158.40191650390626,-361.45318603515627]},"j":false},{"t":3.4784655570983888,"c":{"r":[0.14608325064182282,1.6816786185813727e-8,-0.9892722964286804,-4.6979693024695737e-8,1,1.0061779853742792e-8,0.9892722964286804,4.5005851490032e-8,0.14608325064182282],"p":[2830.6962890625,158.4009552001953,-361.6448974609375]},"j":false},{"t":3.521294116973877,"c":{"r":[0.14608325064182282,5.2061039923501088e-9,-0.9892722964286804,-1.6851302575560113e-8,1,2.7741711150497396e-9,0.9892722964286804,1.6265268243387255e-8,0.14608325064182282],"p":[2832.283447265625,157.81057739257813,-361.87921142578127]},"j":false},{"t":3.5620615482330324,"c":{"r":[0.14608325064182282,-4.273253750852746e-9,-0.9892722964286804,7.746571384359413e-9,1,-3.1756768326118846e-9,0.9892722964286804,-7.1995551742531919e-9,0.14608325064182282],"p":[2833.58203125,157.25308227539063,-362.0709228515625]},"j":false},{"t":3.6038103103637697,"c":{"r":[0.14608325064182282,-1.4784499846598465e-8,-0.9892722964286804,3.5022129196704557e-8,1,-9.773197362505926e-9,0.9892722964286804,-3.321872199535392e-8,0.14608325064182282],"p":[2835.02490234375,157.308349609375,-362.283935546875]},"j":false},{"t":3.646754026412964,"c":{"r":[0.14608325064182282,-2.6320943646851448e-8,-0.9892722964286804,6.495803717143645e-8,1,-1.7014185615948919e-8,0.9892722964286804,-6.17756938936509e-8,0.14608325064182282],"p":[2836.612060546875,157.34768676757813,-362.51824951171877]},"j":false},{"t":3.6867787837982179,"c":{"r":[0.14608325064182282,-3.5739688541980288e-8,-0.9892722964286804,8.939878171076998e-8,1,-2.292596690267601e-8,0.9892722964286804,-8.509064031159142e-8,0.14608325064182282],"p":[2837.91064453125,157.3702850341797,-362.7099609375]},"j":false},{"t":3.7282495498657228,"c":{"r":[0.14608325064182282,-4.6183725288528879e-8,-0.9892722964286804,1.1650012510244778e-7,1,-2.9481272534326309e-8,0.9892722964286804,-1.109436311708123e-7,0.14608325064182282],"p":[2839.353515625,157.39308166503907,-362.9229736328125]},"j":false},{"t":3.7708194255828859,"c":{"r":[0.14608325064182282,-2.3217266331698739e-8,-0.9892722964286804,5.89343933654618e-8,1,-1.4766347256056634e-8,0.9892722964286804,-5.6145047722111488e-8,0.14608325064182282],"p":[2840.79638671875,157.54196166992188,-363.135986328125]},"j":false},{"t":3.811807632446289,"c":{"r":[0.14608325064182282,3.867302211801871e-8,-0.9892722964286804,-9.720693583403772e-8,1,2.473810134517862e-8,0.9892722964286804,9.255030164467826e-8,0.14608325064182282],"p":[2842.383544921875,157.50257873535157,-363.37030029296877]},"j":false},{"t":3.8533027172088625,"c":{"r":[0.14608325064182282,2.5881508491920614e-8,-0.9892722964286804,-6.53292104857428e-8,1,1.651517500533828e-8,0.9892722964286804,6.221578985332599e-8,0.14608325064182282],"p":[2843.68212890625,157.50791931152345,-363.56201171875]},"j":false},{"t":3.8949532508850099,"c":{"r":[0.1391739696264267,1.1450770998067128e-8,-0.9902679324150086,-2.9994239980624118e-8,1,7.3478632067747189e-9,0.9902679324150086,2.867970216868798e-8,0.1391739696264267],"p":[2845.125,157.52943420410157,-363.7750244140625]},"j":false},{"t":3.9369380474090578,"c":{"r":[0.1391739696264267,-2.702907453411285e-9,-0.9902679324150086,5.213806275605748e-9,1,-1.9967134612386418e-9,0.9902679324150086,-4.8851744871569739e-9,0.1391739696264267],"p":[2846.56787109375,157.5506591796875,-363.97857666015627]},"j":false},{"t":3.978517770767212,"c":{"r":[0.13225790858268739,-1.7992130452171297e-8,-0.9912153482437134,4.384267526802432e-8,1,-1.2301656582280885e-8,0.9912153482437134,-4.183054258533048e-8,0.13225790858268739],"p":[2848.155029296875,157.57398986816407,-364.2018127441406]},"j":false},{"t":4.020864248275757,"c":{"r":[0.13225790858268739,-3.2082425605040046e-8,-0.9912153482437134,7.882726293928499e-8,1,-2.184883207689836e-8,0.9912153482437134,-7.524511147494195e-8,0.13225790858268739],"p":[2849.600341796875,157.5950469970703,-364.3952941894531]},"j":false},{"t":4.06141471862793,"c":{"r":[0.13225790858268739,-4.473797687865044e-8,-0.9912153482437134,1.1024953039395769e-7,1,-3.042386964580146e-8,0.9912153482437134,-1.0525722160537043e-7,0.13225790858268739],"p":[2850.901123046875,157.6138916015625,-364.5688781738281]},"j":false},{"t":4.103036880493164,"c":{"r":[0.13225790858268739,-2.441159452359898e-8,-0.9912153482437134,6.028542998137709e-8,1,-1.6584055018142864e-8,0.9912153482437134,-5.756247034582884e-8,0.13225790858268739],"p":[2852.346435546875,157.63479614257813,-364.7617492675781]},"j":false},{"t":4.146129131317139,"c":{"r":[0.13225790858268739,3.019432881501416e-8,-0.9912153482437134,-7.428835857581362e-8,1,2.054962955355677e-8,0.9912153482437134,7.091790621416294e-8,0.13225790858268739],"p":[2853.791748046875,157.7031707763672,-364.9546203613281]},"j":false},{"t":4.1958277225494389,"c":{"r":[0.13225790858268739,2.2966801793700143e-8,-0.9912153482437134,-5.662716873189311e-8,1,1.5614579851330747e-8,0.9912153482437134,5.4064567933664878e-8,0.13225790858268739],"p":[2855.526123046875,157.74766540527345,-365.1860656738281]},"j":false},{"t":4.236754417419434,"c":{"r":[0.1529872715473175,5.6436020301475768e-9,-0.9882281422615051,-1.2030951346275743e-8,1,3.848321217247985e-9,0.9882281422615051,1.1300580027295837e-8,0.1529872715473175],"p":[2856.97021484375,157.71142578125,-365.38934326171877]},"j":false},{"t":4.277852296829224,"c":{"r":[0.15988315641880036,-1.2423642559156179e-8,-0.9871359467506409,3.2623194812231307e-8,1,-7.301672155790584e-9,0.9871359467506409,-3.103611589949651e-8,0.15988315641880036],"p":[2858.41064453125,157.73367309570313,-365.61676025390627]},"j":false},{"t":4.321025848388672,"c":{"r":[0.15988315641880036,-3.224225508802192e-8,-0.9871359467506409,8.165848441876733e-8,1,-1.9436471987432925e-8,0.9871359467506409,-7.750046648880016e-8,0.15988315641880036],"p":[2859.9951171875,157.7576141357422,-365.87322998046877]},"j":false},{"t":4.361809015274048,"c":{"r":[0.1667695790529251,-5.075898101836174e-8,-0.985995888710022,1.2621188716366306e-7,1,-3.013265725826386e-8,0.985995888710022,-1.1941918387492479e-7,0.1667695790529251],"p":[2861.43359375,157.77833557128907,-366.11383056640627]},"j":false},{"t":4.402735471725464,"c":{"r":[0.1667695790529251,-4.70587657730448e-9,-0.985995888710022,1.1625062690256982e-8,1,-2.8064719437281839e-9,0.985995888710022,-1.099423041495129e-8,0.1667695790529251],"p":[2862.727783203125,157.7957763671875,-366.3327331542969]},"j":false},{"t":4.44590425491333,"c":{"r":[0.1667695790529251,3.9220225289682278e-8,-0.985995888710022,-9.76592673396226e-8,1,2.3259357107008328e-8,0.985995888710022,9.241268372761624e-8,0.1667695790529251],"p":[2864.165771484375,157.81375122070313,-366.5759582519531]},"j":false},{"t":4.487104654312134,"c":{"r":[0.1667695790529251,1.8858852257608306e-8,-0.985995888710022,-4.6895426208948268e-8,1,1.1194896565314139e-8,0.985995888710022,4.43717276255029e-8,0.1667695790529251],"p":[2865.603759765625,157.8302764892578,-366.8191833496094]},"j":false},{"t":4.52803111076355,"c":{"r":[0.1667695790529251,-1.4590593178098744e-9,-0.985995888710022,3.760034950062163e-9,1,-8.438167387048168e-10,0.985995888710022,-3.5666558595437438e-9,0.1667695790529251],"p":[2867.041748046875,157.90219116210938,-367.0624084472656]},"j":false},{"t":4.569289684295654,"c":{"r":[0.13225601613521577,-2.053239533950091e-8,-0.9912155866622925,5.4147914596569538e-8,1,-1.3489505512609412e-8,0.9912155866622925,-5.1888189744886407e-8,0.13225601613521577],"p":[2868.480712890625,157.9522705078125,-367.2991943359375]},"j":false},{"t":4.61140513420105,"c":{"r":[0.027922343462705613,-3.2896359414280599e-8,-0.9996100664138794,1.0325971544489221e-7,1,-3.002481463454387e-8,0.9996100664138794,-1.023810867195607e-7,0.027922343462705613],"p":[2869.930908203125,157.8333740234375,-367.44720458984377]},"j":false},{"t":4.653584003448486,"c":{"r":[-0.05582099407911301,-1.442441366350522e-8,-0.9984408020973206,4.981953338756284e-8,1,-1.723225828698105e-8,0.9984408020973206,-5.0703775400506859e-8,-0.05582099407911301],"p":[2871.388427734375,157.8554229736328,-367.4480895996094]},"j":false},{"t":4.695030927658081,"c":{"r":[-0.11840193718671799,1.4982356688619803e-8,-0.9929657578468323,-6.898959270529304e-8,1,2.3314861152812229e-8,0.9929657578468323,7.126482870489781e-8,-0.11840193718671799],"p":[2872.84228515625,157.86618041992188,-367.34588623046877]},"j":false},{"t":4.7362446784973148,"c":{"r":[-0.248690664768219,7.090052545066783e-9,-0.9685829877853394,-6.329083390710366e-8,1,2.357040429501467e-8,0.9685829877853394,6.716416578456119e-8,-0.248690664768219],"p":[2874.27197265625,157.72268676757813,-367.1171569824219]},"j":false},{"t":4.779011487960815,"c":{"r":[-0.3810679018497467,-6.701361243699466e-9,-0.9245470762252808,-8.607536017279927e-9,1,-3.700521000737922e-9,0.9245470762252808,6.547922204447332e-9,-0.3810679018497467],"p":[2875.563720703125,157.35357666015626,-366.71234130859377]},"j":false},{"t":4.8204567432403568,"c":{"r":[-0.4320865571498871,-1.2953133676774087e-8,-0.9018321633338928,4.3607645494603278e-8,1,-3.525646263824456e-8,0.9018321633338928,-5.4560619133781077e-8,-0.4320865571498871],"p":[2876.663818359375,157.13247680664063,-366.238037109375]},"j":false},{"t":4.823017120361328,"c":{"r":[-0.4320865571498871,-1.2953133676774087e-8,-0.9018321633338928,4.3607645494603278e-8,1,-3.525646263824456e-8,0.9018321633338928,-5.4560619133781077e-8,-0.4320865571498871],"p":[2876.663818359375,157.13247680664063,-366.238037109375]},"j":true},{"t":4.831674814224243,"c":{"r":[-0.4632943272590637,-1.3239517926422195e-8,-0.8862044811248779,5.867111596558061e-8,1,-4.5611947996349048e-8,0.8862044811248779,-7.312636540746098e-8,-0.4632943272590637],"p":[2877.009521484375,157.7866668701172,-366.0790100097656]},"j":true},{"t":4.838615417480469,"c":{"r":[-0.48751938343048098,-1.3477385429894185e-8,-0.873112142086029,6.370792249299484e-8,1,-5.100860178686162e-8,0.873112142086029,-8.049184430092282e-8,-0.48751938343048098],"p":[2877.12646484375,157.9979248046875,-366.0242004394531]},"j":true},{"t":4.865768671035767,"c":{"r":[-0.5846359133720398,-1.8280913138823963e-7,-0.8112958073616028,3.18953752298512e-8,1,-2.4831425093907458e-7,0.8112958073616028,-1.7105000438277785e-7,-0.5846359133720398],"p":[2877.968994140625,159.38131713867188,-365.5766906738281]},"j":false},{"t":4.912522077560425,"c":{"r":[-0.8065017461776733,-4.043705246203899e-7,-0.5912317037582398,2.520443942444217e-8,1,-7.183274419730878e-7,0.5912317037582398,-5.942339953435294e-7,-0.8065017461776733],"p":[2879.237060546875,161.218017578125,-364.6443786621094]},"j":false},{"t":4.954556703567505,"c":{"r":[-0.8893229365348816,-1.9881821344824858e-7,-0.4572797119617462,2.140607513467785e-8,1,-4.764154653003061e-7,0.4572797119617462,-4.334757477408857e-7,-0.8893229365348816],"p":[2880.219970703125,162.5300750732422,-363.6025695800781]},"j":false},{"t":5.003494024276733,"c":{"r":[-0.8829596638679504,5.0808484530762146e-8,-0.46944886445999148,-6.836534005572048e-9,1,1.2108851876746486e-7,0.46944886445999148,1.101256827951147e-7,-0.8829596638679504],"p":[2881.218017578125,163.72653198242188,-362.0184631347656]},"j":false},{"t":5.0454347133636479,"c":{"r":[-0.8829488158226013,4.801169595225474e-8,-0.46946921944618227,-6.533609209213864e-9,1,1.1455605175569872e-7,0.46946921944618227,1.042144646135057e-7,-0.8829488158226013],"p":[2881.83349609375,164.21763610839845,-360.8597106933594]},"j":false},{"t":5.087852716445923,"c":{"r":[-0.8829487562179565,1.65746474323214e-8,-0.4694693684577942,-2.3575175145396089e-9,1,3.973893925035554e-8,0.4694693684577942,3.619422983547338e-8,-0.8829487562179565],"p":[2882.58544921875,164.44317626953126,-359.44342041015627]},"j":false},{"t":5.137434959411621,"c":{"r":[-0.8925921320915222,-2.5040110429586094e-8,-0.4508650600910187,2.1462471799793549e-9,1,-5.978692030339517e-8,0.4508650600910187,-5.4333000321094008e-8,-0.8925921320915222],"p":[2883.396240234375,164.41690063476563,-357.8976135253906]},"j":false},{"t":5.177693128585815,"c":{"r":[-0.9297747611999512,-3.123778213875994e-8,-0.3681288957595825,9.553671187489954e-10,1,-8.726850353468763e-8,0.3681288957595825,-8.149174846039387e-8,-0.9297747611999512],"p":[2883.9560546875,164.09567260742188,-356.71185302734377]},"j":false},{"t":5.22104811668396,"c":{"r":[-0.9912153482437134,1.3403467669093061e-8,-0.1322576403617859,1.2732255250114122e-8,1,5.920717249807694e-9,0.1322576403617859,4.184767643522491e-9,-0.9912153482437134],"p":[2884.42138671875,163.224365234375,-355.183837890625]},"j":false},{"t":5.262625217437744,"c":{"r":[-0.9964931011199951,4.0134363388233399e-8,-0.08367515355348587,3.3565971335747238e-8,1,7.99054689082368e-8,0.08367515355348587,7.68166117381952e-8,-0.9964931011199951],"p":[2884.5576171875,162.6381378173828,-353.8797912597656]},"j":false},{"t":5.303008079528809,"c":{"r":[-0.9964931011199951,2.4668686648965378e-8,-0.08367515355348587,1.978026276105993e-8,1,5.925047830146468e-8,0.08367515355348587,5.738757380413517e-8,-0.9964931011199951],"p":[2884.6796875,162.767578125,-352.4277038574219]},"j":false},{"t":5.3310651779174809,"c":{"r":[-0.9964931011199951,-2.7979849548387394e-9,-0.08367515355348587,-3.298959105890731e-9,1,5.848869832902892e-9,0.08367515355348587,6.104399652429038e-9,-0.9964931011199951],"p":[2884.7529296875,162.9063262939453,-351.5563049316406]},"j":true},{"t":5.339927434921265,"c":{"r":[-0.9964931011199951,-1.1945720856942899e-8,-0.08367515355348587,-1.098545965305675e-8,1,-1.1936470478701722e-8,0.08367515355348587,-1.0975401032453647e-8,-0.9964931011199951],"p":[2884.77734375,163.34585571289063,-351.2658386230469]},"j":true},{"t":5.346980571746826,"c":{"r":[-0.9959237575531006,-2.5807397108223996e-8,-0.09019924700260163,-2.2242472752509458e-8,1,-4.052795787856667e-8,0.09019924700260163,-3.835650375094701e-8,-0.9959237575531006],"p":[2884.81396484375,163.9796142578125,-350.82989501953127]},"j":false},{"t":5.348691701889038,"c":{"r":[-0.9959237575531006,-2.5807397108223996e-8,-0.09019924700260163,-2.2242472752509458e-8,1,-4.052795787856667e-8,0.09019924700260163,-3.835650375094701e-8,-0.9959237575531006],"p":[2884.81396484375,163.9796142578125,-350.82989501953127]},"j":true},{"t":5.388810157775879,"c":{"r":[-0.9930959343910217,-6.106638039682366e-8,-0.11730509251356125,-4.497294980865263e-8,1,-1.3983985525101162e-7,0.11730509251356125,-1.335988315531722e-7,-0.9930959343910217],"p":[2884.95166015625,165.87074279785157,-349.37811279296877]},"j":false},{"t":5.437628746032715,"c":{"r":[-0.9902715086936951,-1.7518688721906984e-9,-0.13914871215820313,1.7029455179340404e-8,1,-1.3378243579609262e-7,0.13914871215820313,-1.3485055205819663e-7,-0.9902715086936951],"p":[2885.179931640625,167.6904754638672,-347.6431884765625]},"j":false},{"t":5.477846384048462,"c":{"r":[-0.9902672171592712,4.9446782668383096e-8,-0.139179065823555,6.789371553850288e-8,1,-1.2779320002209716e-7,0.139179065823555,-1.3599878911918496e-7,-0.9902672171592712],"p":[2885.3623046875,168.73338317871095,-346.343505859375]},"j":false},{"t":5.520684242248535,"c":{"r":[-0.9902685880661011,1.1189777637810039e-7,-0.13916939496994019,1.2993064046895598e-7,1,-1.2048958808463795e-7,0.13916939496994019,-1.3739942517076998e-7,-0.9902685880661011],"p":[2885.585205078125,169.63336181640626,-344.7550048828125]},"j":false},{"t":5.56305456161499,"c":{"r":[-0.9902684688568115,5.552805504294156e-8,-0.13917039334774018,5.928000490484919e-8,1,-2.2814230504764056e-8,0.13917039334774018,-3.084223365590333e-8,-0.9902684688568115],"p":[2885.787841796875,170.0938720703125,-343.3109130859375]},"j":false},{"t":5.603296756744385,"c":{"r":[-0.9911817312240601,-6.80430423116718e-9,-0.13250955939292909,-1.6690199444724386e-8,1,7.349444075543943e-8,0.13250955939292909,7.505795451834274e-8,-0.9911817312240601],"p":[2885.97021484375,170.2170867919922,-342.01123046875]},"j":false},{"t":5.645508050918579,"c":{"r":[-0.9929565191268921,-5.407945735669273e-8,-0.11847955733537674,-6.726908452492353e-8,1,1.0732498623156062e-7,0.11847955733537674,1.1453905557345934e-7,-0.9929565191268921],"p":[2886.172119140625,169.9929962158203,-340.4198913574219]},"j":false},{"t":5.687584638595581,"c":{"r":[-0.9937670826911926,-4.6758707128446989e-8,-0.11147622019052506,-5.008543269013899e-8,1,2.7042059258519658e-8,0.11147622019052506,3.245684609964883e-8,-0.9937670826911926],"p":[2886.3369140625,169.43162536621095,-338.9708251953125]},"j":false},{"t":5.729769229888916,"c":{"r":[-0.9937673807144165,-3.865000763880744e-8,-0.11147390305995941,-3.289521544047602e-8,1,-5.346377918158396e-8,0.11147390305995941,-4.9463597662224859e-8,-0.9937673807144165],"p":[2886.50048828125,168.52963256835938,-337.52154541015627]},"j":false},{"t":5.779278993606567,"c":{"r":[-0.9964