{"d":[{"t":0.042703866958618167,"c":{"r":[0.3810729384422302,3.6782672907520467e-8,-0.9245449900627136,3.1513099685298587e-8,1,5.277348691379302e-8,0.9245449900627136,-4.924582697185542e-8,0.3810729384422302],"p":[3036.121337890625,156.19317626953126,-365.4746398925781]},"j":false},{"t":0.08559989929199219,"c":{"r":[0.3810729384422302,1.3327983161559587e-8,-0.9245449900627136,4.86164992707927e-8,1,3.445415330816104e-8,0.9245449900627136,-5.807768488352849e-8,0.3810729384422302],"p":[3036.343994140625,156.19317626953126,-365.56640625]},"j":false},{"t":0.12675189971923829,"c":{"r":[0.3810729384422302,-1.0076692369409557e-8,-0.9245449900627136,6.568338051238243e-8,1,1.6173865802215915e-8,0.9245449900627136,-6.689066367471242e-8,0.3810729384422302],"p":[3037.483642578125,156.17823791503907,-366.03607177734377]},"j":false},{"t":0.16828274726867677,"c":{"r":[0.3810729384422302,-3.10982244400293e-8,-0.9245449900627136,8.101242343627746e-8,1,-2.450767089268169e-10,0.9245449900627136,-7.480623764877237e-8,0.3810729384422302],"p":[3038.696533203125,156.18800354003907,-366.53619384765627]},"j":false},{"t":0.20909905433654786,"c":{"r":[0.3810729384422302,-5.440816508439639e-8,-0.9245449900627136,9.801013334254094e-8,1,-1.845140396028455e-8,0.9245449900627136,-8.35834512713518e-8,0.3810729384422302],"p":[3040.044189453125,156.19732666015626,-367.0919189453125]},"j":false},{"t":0.2511882781982422,"c":{"r":[0.3939448893070221,-8.124958839061947e-8,-0.9191340804100037,1.1674131883410155e-7,1,-3.836213124941423e-8,0.9191340804100037,-9.218835828050942e-8,0.3939448893070221],"p":[3041.526123046875,156.19027709960938,-367.70458984375]},"j":false},{"t":0.2932295799255371,"c":{"r":[0.45709919929504397,-5.81458898807341e-8,-0.8894157409667969,6.943761832189921e-8,1,-2.9689164904311839e-8,0.8894157409667969,-4.818801713213361e-8,0.45709919929504397],"p":[3042.85400390625,156.1909637451172,-368.3063049316406]},"j":false},{"t":0.3352932929992676,"c":{"r":[0.5239846706390381,4.843406031795894e-8,-0.8517277240753174,-7.766000464926037e-8,1,9.089068164769288e-9,0.8517277240753174,6.138264296851048e-8,0.5239846706390381],"p":[3044.129638671875,156.1929473876953,-369.0124206542969]},"j":false},{"t":0.37621188163757326,"c":{"r":[0.5299170613288879,5.1201631379171889e-8,-0.8480494618415833,-6.897757742763133e-8,1,1.7274036423486906e-8,0.8480494618415833,4.934258868161123e-8,0.5299170613288879],"p":[3045.37109375,155.93994140625,-369.7779235839844]},"j":false},{"t":0.4172799587249756,"c":{"r":[0.5299170613288879,4.283725019149642e-8,-0.8480494618415833,-4.557010413464013e-8,1,2.2037482949599508e-8,0.8480494618415833,2.6967665434085576e-8,0.5299170613288879],"p":[3046.485107421875,155.3155059814453,-370.4733581542969]},"j":false},{"t":0.45954084396362307,"c":{"r":[0.5180309414863586,3.344224097645565e-8,-0.8553618788719177,-1.9596683387135273e-8,1,2.722888758910358e-8,0.8553618788719177,2.6568496291901057e-9,0.5180309414863586],"p":[3047.723388671875,154.55662536621095,-371.24481201171877]},"j":false},{"t":0.5021107196807861,"c":{"r":[0.49394491314888,2.3574497021172648e-8,-0.8694931864738464,9.036938308781828e-9,1,3.2246653347556278e-8,0.8694931864738464,-2.3785627689676404e-8,0.49394491314888],"p":[3049.100830078125,154.64222717285157,-372.0672912597656]},"j":false},{"t":0.5425922870635986,"c":{"r":[0.4320884048938751,1.6760774101953758e-8,-0.9018312692642212,3.520325009276348e-8,1,3.545196491927527e-8,0.9018312692642212,-4.706577527713307e-8,0.4320884048938751],"p":[3050.382080078125,154.66798400878907,-372.7628173828125]},"j":false},{"t":0.5854873657226563,"c":{"r":[0.40034887194633486,9.456255334328035e-9,-0.9163628220558167,6.145812392333028e-8,1,3.716971619383003e-8,0.9163628220558167,-7.119879796846362e-8,0.40034887194633486],"p":[3051.70556640625,154.67369079589845,-373.3747863769531]},"j":false},{"t":0.6256332397460938,"c":{"r":[0.40034887194633486,2.6226054661293576e-10,-0.9163628220558167,8.767616321847527e-8,1,3.8590954432038418e-8,0.9163628220558167,-9.579301973872134e-8,0.40034887194633486],"p":[3053.041015625,154.67494201660157,-373.95867919921877]},"j":false},{"t":0.6681187152862549,"c":{"r":[0.40034887194633486,-8.91211993092611e-9,-0.9163628220558167,1.1383825437860651e-7,1,4.000914799462407e-8,0.9163628220558167,-1.2033476082251583e-7,0.40034887194633486],"p":[3054.37646484375,154.6752166748047,-374.54248046875]},"j":false},{"t":0.7107963562011719,"c":{"r":[0.40034887194633486,-9.54044487855299e-9,-0.9163628220558167,7.265985146887033e-8,1,2.1333082855790054e-8,0.9163628220558167,-7.512345945315247e-8,0.40034887194633486],"p":[3055.7119140625,154.6752471923828,-375.12628173828127]},"j":false},{"t":0.7586569786071777,"c":{"r":[0.40034887194633486,5.035334371683575e-9,-0.9163628220558167,-9.759554586707964e-8,1,-3.7143511377735197e-8,0.9163628220558167,1.0430328956090307e-7,0.40034887194633486],"p":[3057.314453125,154.6752471923828,-375.82684326171877]},"j":false},{"t":0.8010432720184326,"c":{"r":[0.40034887194633486,5.989619467072771e-9,-0.9163628220558167,-6.165993937656822e-8,1,-2.0402255884732768e-8,0.9163628220558167,6.467089974648843e-8,0.40034887194633486],"p":[3058.64990234375,154.6752471923828,-376.41064453125]},"j":false},{"t":0.8422229290008545,"c":{"r":[0.40034887194633486,6.941865304810335e-9,-0.9163628220558167,-2.5801009329029513e-8,1,-3.6967227057260745e-9,0.9163628220558167,2.5123062741272407e-8,0.40034887194633486],"p":[3059.9853515625,154.6752471923828,-376.99444580078127]},"j":false},{"t":0.8847596645355225,"c":{"r":[0.40034887194633486,7.892079878502046e-9,-0.9163628220558167,9.981407700365708e-9,1,1.2973163876495164e-8,0.9163628220558167,-1.4340381326860552e-8,0.40034887194633486],"p":[3061.32080078125,154.6752471923828,-377.5782470703125]},"j":false},{"t":0.9268856048583984,"c":{"r":[0.40034887194633486,8.840263632237111e-9,-0.9163628220558167,4.5687475136446667e-8,1,2.9607479135052018e-8,0.9163628220558167,-5.37196243044491e-8,0.40034887194633486],"p":[3062.65625,154.6752471923828,-378.16204833984377]},"j":false},{"t":0.9681820869445801,"c":{"r":[0.40034887194633486,9.786418786461582e-9,-0.9163628220558167,8.131736706218362e-8,1,4.6206299231243977e-8,0.9163628220558167,-9.301484737989085e-8,0.40034887194633486],"p":[3063.99169921875,154.6752471923828,-378.745849609375]},"j":false},{"t":1.0095586776733399,"c":{"r":[0.393944650888443,1.1598306315363516e-8,-0.9191341400146484,1.168941636819909e-7,1,6.272004782204022e-8,0.9191341400146484,-1.3214963701102534e-7,0.393944650888443],"p":[3065.3271484375,154.6752471923828,-379.32965087890627]},"j":false},{"t":1.0515174865722657,"c":{"r":[0.3810730576515198,-8.58357940280996e-10,-0.9245449304580689,-4.8213828485188518e-9,1,-2.9156581593525745e-9,0.9245449304580689,5.568663752342218e-9,0.3810730576515198],"p":[3066.670166015625,154.6752471923828,-379.8982238769531]},"j":false},{"t":1.092271089553833,"c":{"r":[0.3810730576515198,-9.381301069311121e-9,-0.9245449304580689,-8.24221402240255e-8,1,-4.411917586821801e-8,0.9245449304580689,9.301560055519076e-8,0.3810730576515198],"p":[3067.881591796875,154.64431762695313,-380.3977966308594]},"j":false},{"t":1.1195526123046876,"c":{"r":[0.3810730576515198,-6.586497125482538e-9,-0.9245449304580689,-5.933734570362503e-8,1,-3.158133310421363e-8,0.9245449304580689,6.689483456057133e-8,0.3810730576515198],"p":[3068.676513671875,154.50430297851563,-380.7254638671875]},"j":true},{"t":1.1276848316192628,"c":{"r":[0.3810730576515198,-5.190435192758969e-9,-0.9245449304580689,-4.7806043568243697e-8,1,-2.5318435348253844e-8,0.9245449304580689,5.384701040611617e-8,0.3810730576515198],"p":[3069.068359375,155.1584930419922,-380.8870544433594]},"j":true},{"t":1.1340174674987794,"c":{"r":[0.381072998046875,-4.260224173435745e-9,-0.9245449304580689,-4.012262166952496e-8,1,-2.114539832120954e-8,0.9245449304580689,4.51531079193046e-8,0.381072998046875],"p":[3069.33544921875,155.5775909423828,-380.9971618652344]},"j":false},{"t":1.135223388671875,"c":{"r":[0.381072998046875,-4.260224173435745e-9,-0.9245449304580689,-4.012262166952496e-8,1,-2.114539832120954e-8,0.9245449304580689,4.51531079193046e-8,0.381072998046875],"p":[3069.33544921875,155.5775909423828,-380.9971618652344]},"j":true},{"t":1.1755263805389405,"c":{"r":[0.36848801374435427,-3.6361120780981084e-9,-0.9296324849128723,-1.463997367778802e-9,1,-4.491643057491501e-9,0.9296324849128723,3.0160962616321287e-9,0.36848801374435427],"p":[3070.68359375,157.46871948242188,-381.5513610839844]},"j":false},{"t":1.2184412479400635,"c":{"r":[0.33588963747024538,-8.375712212682629e-8,-0.9419013261795044,4.0987405469650187e-8,1,-7.430701742805468e-8,0.9419013261795044,-1.3647137642180951e-8,0.33588963747024538],"p":[3072.0458984375,159.01922607421876,-382.0720520019531]},"j":false},{"t":1.258692741394043,"c":{"r":[0.3291086256504059,-1.248134822162683e-7,-0.9442920684814453,4.655272789477749e-8,1,-1.1595203375236452e-7,0.9442920684814453,-5.798557189962139e-9,0.3291086256504059],"p":[3073.282470703125,160.12344360351563,-382.51300048828127]},"j":false},{"t":1.3007893562316895,"c":{"r":[0.302807092666626,-1.2496205670231576e-7,-0.9530518651008606,2.404615706552704e-8,1,-1.2347776134902234e-7,0.9530518651008606,1.4472706588719575e-8,0.302807092666626],"p":[3074.662841796875,161.02676391601563,-382.9842224121094]},"j":false},{"t":1.341759443283081,"c":{"r":[0.29571613669395449,-9.508789133860773e-8,-0.95527583360672,-1.2007179694961679e-9,1,-9.991141780574253e-8,0.95527583360672,3.0692433483636708e-8,0.29571613669395449],"p":[3076.19482421875,161.6269989013672,-383.4617614746094]},"j":false},{"t":1.3847448825836182,"c":{"r":[0.2890796959400177,-1.5547669818261057e-8,-0.9573050141334534,-2.5684512294787966e-8,1,-2.3997095865979646e-8,0.9573050141334534,3.152498706526785e-8,0.2890796959400177],"p":[3077.589599609375,161.81500244140626,-383.8896789550781]},"j":false},{"t":1.4252963066101075,"c":{"r":[0.28903380036354067,5.796676916247634e-8,-0.957318902015686,-4.95689675972244e-8,1,4.5585291985617007e-8,0.957318902015686,3.427761896546144e-8,0.28903380036354067],"p":[3078.986083984375,161.66236877441407,-384.3111267089844]},"j":false},{"t":1.4671554565429688,"c":{"r":[0.2890336811542511,1.2399418380937278e-7,-0.957318902015686,-7.102118360080567e-8,1,1.0807961814407463e-7,0.957318902015686,3.6751270471313549e-8,0.2890336811542511],"p":[3080.242919921875,161.23377990722657,-384.6904296875]},"j":false},{"t":1.5101065635681153,"c":{"r":[0.2890336811542511,1.1641677843954312e-7,-0.957318902015686,-5.522488422116112e-8,1,1.049336049163685e-7,0.957318902015686,2.2538479527156597e-8,0.2890336811542511],"p":[3081.779052734375,160.33526611328126,-385.1540222167969]},"j":false},{"t":1.5527269840240479,"c":{"r":[0.2890336811542511,1.3531425757662419e-8,-0.957318902015686,4.828548672008992e-9,1,1.5592545921094826e-8,0.957318902015686,-9.129232481086547e-9,0.2890336811542511],"p":[3083.175537109375,159.1607666015625,-385.5754699707031]},"j":false},{"t":1.5928218364715577,"c":{"r":[0.2890336811542511,-7.88776048921136e-8,-0.957318902015686,5.8767042787621907e-8,1,-6.465133850497296e-8,0.957318902015686,-3.757238786761263e-8,0.2890336811542511],"p":[3084.432373046875,157.81248474121095,-385.95477294921877]},"j":false},{"t":1.633859395980835,"c":{"r":[0.2890336811542511,-1.0933977279137253e-7,-0.957318902015686,7.102620003252014e-8,1,-9.27703496245158e-8,0.957318902015686,-4.118097152172595e-8,0.2890336811542511],"p":[3085.968505859375,155.78990173339845,-386.4183654785156]},"j":false},{"t":1.6748683452606202,"c":{"r":[0.2955734431743622,-4.999683511641706e-8,-0.9553200006484985,2.3788347291997526e-8,1,-4.4975120516710379e-8,0.9553200006484985,-9.432032932465973e-9,0.2955734431743622],"p":[3087.364501953125,153.59352111816407,-386.8412780761719]},"j":false},{"t":1.7177715301513672,"c":{"r":[0.2957082688808441,1.2471045307549389e-9,-0.9552782773971558,-2.3111457636559863e-8,1,-5.8487086285197169e-9,0.9552782773971558,2.3807384508245378e-8,0.2957082688808441],"p":[3088.7451171875,151.0565185546875,-387.2682800292969]},"j":false},{"t":1.759974479675293,"c":{"r":[0.2957087755203247,5.2349491852510258e-8,-0.9552781581878662,-6.990705969656119e-8,1,3.3160354462324906e-8,0.9552781581878662,5.697487992506467e-8,0.2957087755203247],"p":[3090.1123046875,149.79095458984376,-387.6914978027344]},"j":false},{"t":1.7870144844055176,"c":{"r":[0.2957087755203247,8.295858577866966e-8,-0.9552781581878662,-9.793647137712469e-8,1,5.652585599591475e-8,0.9552781581878662,7.68413812579638e-8,0.2957087755203247],"p":[3090.935546875,149.65164184570313,-387.94635009765627]},"j":true},{"t":1.7944142818450928,"c":{"r":[0.2957087755203247,8.80562893712522e-8,-0.9552781581878662,-1.0260455240995725e-7,1,6.04172001317238e-8,0.9552781581878662,8.014998797989392e-8,0.2957087755203247],"p":[3091.072509765625,149.87310791015626,-387.9887390136719]},"j":true},{"t":1.801917314529419,"c":{"r":[0.2957087755203247,1.0334288447211293e-7,-0.9552781581878662,-1.1660279852776512e-7,1,7.208624452914592e-8,0.9552781581878662,9.007157331097915e-8,0.2957087755203247],"p":[3091.4833984375,150.51708984375,-388.11590576171877]},"j":false},{"t":1.8105499744415284,"c":{"r":[0.2957087755203247,1.1352850748380661e-7,-0.9552781581878662,-1.259299864386776e-7,1,7.986145789118382e-8,0.9552781581878662,9.668242739735433e-8,0.2957087755203247],"p":[3091.7607421875,150.9293670654297,-388.2017822265625]},"j":true},{"t":1.8439958095550538,"c":{"r":[0.2957087755203247,9.927678945587104e-8,-0.9552781581878662,-1.0525351967771712e-7,1,7.134298840583142e-8,0.9552781581878662,7.944964153239198e-8,0.2957087755203247],"p":[3092.87548828125,152.44227600097657,-388.5467224121094]},"j":false},{"t":1.8845045566558838,"c":{"r":[0.2957087755203247,2.151245581671901e-8,-0.9552781581878662,-1.6908781930169426e-8,1,1.7285415765400104e-8,0.9552781581878662,1.1041140446366171e-8,0.2957087755203247],"p":[3094.130126953125,153.8837127685547,-388.934814453125]},"j":false},{"t":1.9255874156951905,"c":{"r":[0.2957087755203247,-7.333017038035905e-8,-0.9552781581878662,9.08376449615389e-8,1,-4.864413227778641e-8,0.9552781581878662,-7.239071919684648e-8,0.2957087755203247],"p":[3095.66357421875,155.27078247070313,-389.4091491699219]},"j":false},{"t":1.9670038223266602,"c":{"r":[0.2957087755203247,-8.175864252280008e-8,-0.9552781581878662,9.649269827605167e-8,1,-5.571665795400804e-8,0.9552781581878662,-7.570145754698388e-8,0.2957087755203247],"p":[3097.0576171875,156.17410278320313,-389.8403625488281]},"j":false},{"t":2.0106492042541506,"c":{"r":[0.3155847489833832,-7.255539458128624e-8,-0.9488974213600159,4.220748905936489e-8,1,-6.242545680379408e-8,0.9488974213600159,-2.0350054086293313e-8,0.3155847489833832],"p":[3098.446044921875,156.73680114746095,-390.2873229980469]},"j":false},{"t":2.0508463382720949,"c":{"r":[0.315650999546051,-8.405771012576224e-8,-0.948875367641449,-1.072482191943891e-8,1,-9.215437302145802e-8,0.948875367641449,3.926513869600967e-8,0.315650999546051],"p":[3099.830322265625,156.9588623046875,-390.7475280761719]},"j":false},{"t":2.0928292274475099,"c":{"r":[0.3345264792442322,-1.0415098472549289e-7,-0.9423863291740418,-6.289511134127679e-8,1,-1.3284473254771e-7,0.9423863291740418,1.0371157799227149e-7,0.3345264792442322],"p":[3101.2138671875,156.84030151367188,-391.2101135253906]},"j":false},{"t":2.133890390396118,"c":{"r":[0.3743959963321686,-1.2861602272096207e-7,-0.927268922328949,-2.1192800403468938e-8,1,-1.4726097674611084e-7,0.927268922328949,7.478534769234102e-8,0.3743959963321686],"p":[3102.443359375,156.44236755371095,-391.6691589355469]},"j":false},{"t":2.1756534576416017,"c":{"r":[0.3874947428703308,-1.1231909269326934e-7,-0.9218719005584717,3.123242464653231e-8,1,-1.0870999744838628e-7,0.9218719005584717,1.3332255299758345e-8,0.3874947428703308],"p":[3103.926025390625,155.58131408691407,-392.28173828125]},"j":false},{"t":2.217054843902588,"c":{"r":[0.38751742243766787,-5.200797303928084e-8,-0.9218623638153076,6.770461880023504e-8,1,-2.7955639581023207e-8,0.9218623638153076,-5.1581043436499388e-8,0.38751742243766787],"p":[3105.271240234375,154.44088745117188,-392.846923828125]},"j":false},{"t":2.259249687194824,"c":{"r":[0.38751769065856936,2.1608268507833374e-9,-0.9218622446060181,1.0046388609907808e-7,1,4.457537983171278e-8,0.9218622446060181,-1.0988761545149828e-7,0.38751769065856936],"p":[3106.48193359375,153.12326049804688,-393.3555908203125]},"j":false},{"t":2.3003904819488527,"c":{"r":[0.38751763105392458,4.850567947300988e-8,-0.9218623042106628,1.1127851706760339e-7,1,9.939452638718649e-8,0.9218623042106628,-1.411005996487802e-7,0.38751763105392458],"p":[3107.8271484375,151.33563232421876,-393.9207763671875]},"j":false},{"t":2.342576742172241,"c":{"r":[0.36184561252593996,8.119677374907042e-9,-0.9322380423545837,2.101452167835305e-8,1,1.6866605889731546e-8,0.9322380423545837,-2.569364454529932e-8,0.36184561252593996],"p":[3109.176513671875,149.20738220214845,-394.4745788574219]},"j":false},{"t":2.3835794925689699,"c":{"r":[0.34858596324920657,-9.539765244426235e-8,-0.9372768402099609,-4.00981647885601e-8,1,-1.1669477828490926e-7,0.9372768402099609,7.826123749055114e-8,0.34858596324920657],"p":[3110.539794921875,146.73851013183595,-394.9920959472656]},"j":false},{"t":2.4263081550598146,"c":{"r":[0.3485727906227112,-1.1993141413313425e-7,-0.9372817277908325,-6.392959051026992e-8,1,-1.5173189638062468e-7,0.9372817277908325,1.1280964429261076e-7,0.3485727906227112],"p":[3111.906982421875,143.92901611328126,-395.5005187988281]},"j":false},{"t":2.467597484588623,"c":{"r":[0.34202027320861819,-7.139287561130914e-8,-0.9396925568580627,-4.336191850029536e-8,1,-9.175717252674076e-8,0.9396925568580627,7.212968711201029e-8,0.34202027320861819],"p":[3113.246337890625,141.26934814453126,-395.9986267089844]},"j":false},{"t":2.511262893676758,"c":{"r":[0.3222675919532776,3.632548839505034e-8,-0.9466485977172852,1.3351967531605169e-8,1,4.291813837653535e-8,0.9466485977172852,-2.647074737183175e-8,0.3222675919532776],"p":[3114.359130859375,141.3144989013672,-396.4010009765625]},"j":false},{"t":2.5445401668548586,"c":{"r":[0.29570940136909487,6.257180018565123e-8,-0.9552779197692871,3.0868307021592048e-8,1,7.505653343287122e-8,0.9552779197692871,-5.168273631284137e-8,0.29570940136909487],"p":[3115.397705078125,141.3738555908203,-396.7536315917969]},"j":true},{"t":2.5517945289611818,"c":{"r":[0.28234395384788515,5.6108355295236836e-8,-0.9593132138252258,2.8695767539943519e-8,1,6.69337509862089e-8,0.9593132138252258,-4.6426567479329609e-8,0.28234395384788515],"p":[3115.635009765625,141.81678771972657,-396.8296203613281]},"j":false},{"t":2.552558660507202,"c":{"r":[0.28234395384788515,5.6108355295236836e-8,-0.9593132138252258,2.8695767539943519e-8,1,6.69337509862089e-8,0.9593132138252258,-4.6426567479329609e-8,0.28234395384788515],"p":[3115.635009765625,141.81678771972657,-396.8296203613281]},"j":true},{"t":2.56907320022583,"c":{"r":[0.2758806347846985,4.14368983570057e-8,-0.9611918926239014,2.431719714479641e-8,1,5.00894188348866e-8,0.9611918926239014,-3.71921942132758e-8,0.2758806347846985],"p":[3116.1171875,142.66860961914063,-396.9826965332031]},"j":true},{"t":2.59367036819458,"c":{"r":[0.26917940378189089,1.3299938927957556e-8,-0.9630900621414185,1.792624715335478e-8,1,1.8819958924609638e-8,0.9630900621414185,-2.2330535642822725e-8,0.26917940378189089],"p":[3116.9111328125,143.8441619873047,-397.2197265625]},"j":false},{"t":2.634000062942505,"c":{"r":[0.26220184564590456,-4.642134499022177e-8,-0.9650130271911621,8.796176231840036e-9,1,-4.571437983713622e-8,0.9650130271911621,3.497969691679259e-9,0.26220184564590456],"p":[3118.1748046875,145.3775634765625,-397.56890869140627]},"j":false},{"t":2.675636053085327,"c":{"r":[0.2621908187866211,-1.1886832140817205e-7,-0.9650160670280457,-1.1019009038548689e-9,1,-1.2347693711944886e-7,0.9650160670280457,3.3437871138630729e-8,0.2621908187866211],"p":[3119.5810546875,146.7577667236328,-397.9512939453125]},"j":false},{"t":2.7178566455841066,"c":{"r":[0.26219072937965395,-1.227949582016663e-7,-0.9650160670280457,-6.893642101601927e-9,1,-1.2911951330352168e-7,0.9650160670280457,4.050641422281842e-8,0.26219072937965395],"p":[3120.9873046875,147.79733276367188,-398.33367919921877]},"j":false},{"t":2.760772228240967,"c":{"r":[0.26890844106674197,-3.180698016080896e-8,-0.9631657600402832,-6.426292831207547e-9,1,-3.481754262679715e-8,0.9631657600402832,1.5552314991396089e-8,0.26890844106674197],"p":[3122.532470703125,148.5474395751953,-398.76153564453127]},"j":false},{"t":2.80080509185791,"c":{"r":[0.27563419938087466,3.568992568148133e-8,-0.961262583732605,-6.1560343489475148e-9,1,3.5362980099762356e-8,0.961262583732605,-3.8296814608429489e-9,0.27563419938087466],"p":[3123.794189453125,148.85459899902345,-399.1217346191406]},"j":false},{"t":2.8427464962005617,"c":{"r":[0.27563977241516116,1.1744256056545055e-7,-0.9612610340118408,-5.800555591406464e-9,1,1.2051222597619927e-7,0.9612610340118408,-2.7642112598869063e-8,0.27563977241516116],"p":[3125.335693359375,148.85531616210938,-399.5638427734375]},"j":false},{"t":2.884028673171997,"c":{"r":[0.2885516881942749,1.200575638904411e-7,-0.957464337348938,-3.1122970867158985e-9,1,1.244532086275285e-7,0.957464337348938,-3.293127193160217e-8,0.2885516881942749],"p":[3126.737060546875,148.49832153320313,-399.96575927734377]},"j":false},{"t":2.9259727001190187,"c":{"r":[0.3153008818626404,-6.102938243657263e-8,-0.9489917755126953,1.034626784246484e-8,1,-6.087218196171307e-8,0.9489917755126953,9.374528708860908e-9,0.3153008818626404],"p":[3128.129638671875,147.8007049560547,-400.39794921875]},"j":false},{"t":2.96760630607605,"c":{"r":[0.3222469091415405,-1.4837179662663403e-7,-0.9466556310653687,1.3279448651815074e-8,1,-1.5221219484828908e-7,0.9466556310653687,3.6478841280995769e-8,0.3222469091415405],"p":[3129.51171875,146.762451171875,-400.8628845214844]},"j":false},{"t":3.010362386703491,"c":{"r":[0.3222671151161194,-6.946365260773746e-8,-0.9466487765312195,2.702224222161931e-9,1,-7.245856892268421e-8,0.9466487765312195,2.0792958466131496e-8,0.3222671151161194],"p":[3130.89111328125,145.3835906982422,-401.3328552246094]},"j":false},{"t":3.050809383392334,"c":{"r":[0.3222672939300537,9.274192969144224e-9,-0.9466487169265747,-7.851019390159309e-9,1,7.124147938242231e-9,0.9466487169265747,5.136278069528544e-9,0.3222672939300537],"p":[3132.2705078125,143.66409301757813,-401.8028259277344]},"j":false},{"t":3.0922107696533205,"c":{"r":[0.3222672939300537,8.78440431506533e-8,-0.9466487169265747,-1.8381724586902238e-8,1,8.653707794792354e-8,0.9466487169265747,-1.0487033463846274e-8,0.3222672939300537],"p":[3133.64990234375,141.6039581298828,-402.2727966308594]},"j":false},{"t":3.134868621826172,"c":{"r":[0.3025672137737274,1.4480647791970115e-7,-0.9531280398368836,-2.690118705572786e-8,1,1.4338792198032025e-7,0.9531280398368836,-1.774421143352356e-8,0.3025672137737274],"p":[3135.033935546875,139.20321655273438,-402.7318420410156]},"j":false},{"t":3.1759371757507326,"c":{"r":[0.2890532314777374,1.042399873085742e-7,-0.9573130011558533,-2.3222550993295955e-8,1,1.0187622478952108e-7,0.9573130011558533,-7.216401698428854e-9,0.2890532314777374],"p":[3136.427734375,136.89163208007813,-403.1604309082031]},"j":false},{"t":3.2169320583343508,"c":{"r":[0.2890320122241974,-7.449791894487135e-8,-0.957319438457489,9.959699731609817e-9,1,-7.481227726202633e-8,0.957319438457489,1.2088529288689643e-8,0.2890320122241974],"p":[3137.47998046875,136.75901794433595,-403.47808837890627]},"j":false},{"t":3.2604212760925295,"c":{"r":[0.28903403878211977,-1.0215774892685659e-7,-0.9573188424110413,2.026366097140908e-8,1,-1.0059434885079099e-7,0.9573188424110413,9.676405454683845e-9,0.28903403878211977],"p":[3138.840087890625,136.35809326171876,-403.8888244628906]},"j":false},{"t":3.2944953441619875,"c":{"r":[0.3023730218410492,-1.2209818578412524e-7,-0.9531896710395813,2.7888855669289115e-8,1,-1.1924736043056328e-7,0.9531896710395813,9.473813733507086e-9,0.3023730218410492],"p":[3139.865966796875,135.9503936767578,-404.2020263671875]},"j":true},{"t":3.301762104034424,"c":{"r":[0.309018611907959,-1.270425968868949e-7,-0.9510560035705566,2.9853971739157717e-8,1,-1.2388036907395873e-7,0.9510560035705566,9.888539764801863e-9,0.309018611907959],"p":[3140.129150390625,136.38992309570313,-404.28350830078127]},"j":false},{"t":3.3030240535736086,"c":{"r":[0.309018611907959,-1.270425968868949e-7,-0.9510560035705566,2.9853971739157717e-8,1,-1.2388036907395873e-7,0.9510560035705566,9.888539764801863e-9,0.309018611907959],"p":[3140.129150390625,136.38992309570313,-404.28350830078127]},"j":true},{"t":3.310858726501465,"c":{"r":[0.31541454792022707,-1.3259069930882107e-7,-0.9489539861679077,3.185099117786194e-8,1,-1.2913632474464976e-7,0.9489539861679077,1.050635312083159e-8,0.31541454792022707],"p":[3140.39892578125,136.8158416748047,-404.368896484375]},"j":true},{"t":3.3431625366210939,"c":{"r":[0.32869768142700198,-1.63842727829433e-7,-0.944435179233551,3.9678070606896657e-8,1,-1.5967282251949656e-7,0.944435179233551,1.5010721554631347e-8,0.32869768142700198],"p":[3141.36474609375,138.19923400878907,-404.6932678222656]},"j":false},{"t":3.3841145038604738,"c":{"r":[0.3741031885147095,-1.6775994993167843e-7,-0.9273870587348938,2.131709919694913e-8,1,-1.7229606896762562e-7,0.9273870587348938,4.468730807616339e-8,0.3741031885147095],"p":[3142.732177734375,139.885986328125,-405.19915771484377]},"j":false},{"t":3.4253838062286379,"c":{"r":[0.38746654987335207,-9.886339569220581e-8,-0.921883761882782,-5.230908151077074e-9,1,-1.0943917772010536e-7,0.921883761882782,4.722630819742335e-8,0.38746654987335207],"p":[3144.08056640625,141.23211669921876,-405.7548522949219]},"j":false},{"t":3.4665300846099855,"c":{"r":[0.4190219044685364,-1.0034534625447123e-7,-0.9079761505126953,-2.8396886619930229e-8,1,-1.236202820109611e-7,0.9079761505126953,7.758330156093507e-8,0.4190219044685364],"p":[3145.41943359375,142.2376251220703,-406.33380126953127]},"j":false},{"t":3.5090513229370119,"c":{"r":[0.4253838062286377,-7.493288478599425e-8,-0.9050130248069763,-1.6362555754767528e-8,1,-9.048847715575903e-8,0.9050130248069763,5.3300656333021837e-8,0.4253838062286377],"p":[3146.87548828125,142.9502716064453,-407.0059509277344]},"j":false},{"t":3.5508205890655519,"c":{"r":[0.46267449855804446,-1.1398562094200315e-7,-0.8865282535552979,5.286550752714447e-9,1,-1.2581625696839183e-7,0.8865282535552979,5.352529797164607e-8,0.46267449855804446],"p":[3148.186279296875,143.24044799804688,-407.6444091796875]},"j":false},{"t":3.5936999320983888,"c":{"r":[0.4756094515323639,-1.6346052689186764e-7,-0.8796565532684326,2.1143437223258844e-8,1,-1.7439136001939915e-7,0.8796565532684326,6.434321164761059e-8,0.4756094515323639],"p":[3149.471923828125,143.1900177001953,-408.3321838378906]},"j":false},{"t":3.6344690322875978,"c":{"r":[0.47562330961227419,-6.16795503560752e-8,-0.8796490430831909,1.2760584588988877e-8,1,-6.321875645198816e-8,0.8796490430831909,1.8843477889163297e-8,0.47562330961227419],"p":[3150.753662109375,142.79896545410157,-409.0258483886719]},"j":false},{"t":3.6751794815063478,"c":{"r":[0.47562333941459658,4.4620339423318e-8,-0.8796490430831909,2.910988561311001e-9,1,5.229912147797222e-8,0.8796490430831909,-2.7435332228264998e-8,0.47562333941459658],"p":[3151.9072265625,142.15577697753907,-409.650146484375]},"j":false},{"t":3.7177274227142336,"c":{"r":[0.43267300724983218,9.094789277241944e-8,-0.9015509486198425,-1.8535806223241025e-9,1,9.998980488035159e-8,0.9015509486198425,-4.159178956797405e-8,0.43267300724983218],"p":[3153.198974609375,141.11752319335938,-410.3260192871094]},"j":false},{"t":3.760333299636841,"c":{"r":[0.3943759500980377,-8.20772001475234e-8,-0.9189491868019104,2.9261035816574578e-9,1,-8.806059526023091e-8,0.9189491868019104,3.2040041730851956e-8,0.3943759500980377],"p":[3154.655517578125,139.58204650878907,-410.99725341796877]},"j":false},{"t":3.8006556034088136,"c":{"r":[0.3422660827636719,-1.5889675353264466e-7,-0.9396030902862549,4.840266409900096e-9,1,-1.6734735197587725e-7,0.9396030902862549,5.272939418432543e-8,0.3422660827636719],"p":[3156.012451171875,137.82847595214845,-411.5308532714844]},"j":false},{"t":3.842266321182251,"c":{"r":[0.3222704231739044,-3.593120823097706e-8,-0.9466476440429688,2.144345367938172e-9,1,-3.722625763202814e-8,0.9466476440429688,9.966981906472938e-9,0.3222704231739044],"p":[3157.245361328125,137.27139282226563,-411.97113037109377]},"j":false},{"t":3.8848414421081545,"c":{"r":[0.2419249713420868,8.865561795801114e-8,-0.9702949523925781,4.3601366961354419e-9,1,9.245687948578052e-8,0.9702949523925781,-2.6598245383979703e-8,0.2419249713420868],"p":[3158.766357421875,136.6372833251953,-412.45184326171877]},"j":false},{"t":3.894331455230713,"c":{"r":[0.22154991328716279,8.523282701844437e-8,-0.9751490354537964,3.825720185091086e-9,1,8.827410624689947e-8,0.9751490354537964,-2.3287768158297696e-8,0.22154991328716279],"p":[3159.039794921875,136.47653198242188,-412.5224304199219]},"j":true},{"t":3.902902126312256,"c":{"r":[0.18738269805908204,8.203490864389096e-8,-0.9822869896888733,3.1459423954771639e-9,1,8.411431906552025e-8,0.9822869896888733,-1.885178591010117e-8,0.18738269805908204],"p":[3159.312255859375,136.91946411132813,-412.5917053222656]},"j":true},{"t":3.917903184890747,"c":{"r":[0.120395727455616,3.484529997876962e-8,-0.9927259683609009,3.436666506928532e-9,1,3.551741301066613e-8,0.9927259683609009,-7.687813052825732e-9,0.120395727455616],"p":[3159.86181640625,137.7712860107422,-412.7243957519531]},"j":true},{"t":3.9256842136383058,"c":{"r":[0.11953194439411164,-3.431963335742694e-8,-0.9928303360939026,5.3899298357862339e-9,1,-3.3918549746658758e-8,0.9928303360939026,-1.2969357809922145e-9,0.11953194439411164],"p":[3160.143310546875,138.1767578125,-412.7789611816406]},"j":false},{"t":3.966658353805542,"c":{"r":[0.04907255619764328,-1.6739089403472463e-7,-0.998795211315155,6.5529550674625629e-9,1,-1.672708549449453e-7,0.998795211315155,1.6633479038574706e-9,0.04907255619764328],"p":[3161.5888671875,139.99977111816407,-412.9183349609375]},"j":false},{"t":4.008365631103516,"c":{"r":[0.048852693289518359,-6.544912167782968e-8,-0.9988059997558594,2.165548185217858e-9,1,-6.542144603827183e-8,0.9988059997558594,1.033051200138857e-9,0.048852693289518359],"p":[3163.04638671875,141.48214721679688,-412.9895935058594]},"j":false},{"t":4.050125598907471,"c":{"r":[0.04885165020823479,3.619123134512847e-8,-0.9988060593605042,-2.22359464174815e-9,1,3.6125737068459787e-8,0.9988060593605042,4.561378497136559e-10,0.04885165020823479],"p":[3164.50390625,142.6239013671875,-413.0606994628906]},"j":false},{"t":4.0934484004974369,"c":{"r":[0.05568237975239754,1.350468465943777e-7,-0.9984485507011414,-6.708595456927924e-9,1,1.3488256911386998e-7,0.9984485507011414,-8.123953176841781e-10,0.05568237975239754],"p":[3165.9609375,143.42503356933595,-413.1333312988281]},"j":false},{"t":4.133770942687988,"c":{"r":[0.0697193294763565,1.40481873245335e-7,-0.9975666403770447,-7.499730614313194e-9,1,1.4030040063062189e-7,0.9975666403770447,-2.300169388291806e-9,0.0697193294763565],"p":[3167.2705078125,143.85482788085938,-413.21746826171877]},"j":false},{"t":4.1755287647247318,"c":{"r":[0.06975781172513962,1.764445300977968e-8,-0.9975639581680298,-1.6673610270245832e-9,1,1.757094558740846e-8,0.9975639581680298,4.3758854872955057e-10,0.06975781172513962],"p":[3168.7255859375,144.00875854492188,-413.319091796875]},"j":false},{"t":4.21795129776001,"c":{"r":[0.07671468704938889,-1.1185291981519186e-7,-0.9970530867576599,5.174824568854319e-9,1,-1.1178536141187578e-7,0.9970530867576599,3.416004146217233e-9,0.07671468704938889],"p":[3170.1806640625,143.8220672607422,-413.42626953125]},"j":false},{"t":4.260695219039917,"c":{"r":[0.09737939387559891,-1.2279404870696454e-7,-0.9952473044395447,5.854468465571472e-9,1,-1.2280760586236284e-7,0.9952473044395447,6.1322862343615729e-9,0.09737939387559891],"p":[3171.77978515625,143.22329711914063,-413.5598449707031]},"j":false},{"t":4.304769992828369,"c":{"r":[0.12512259185314179,-1.4646343515778427e-7,-0.9921413064002991,7.493554221582599e-9,1,-1.4667853065475357e-7,0.9921413064002991,1.0918134840665062e-8,0.12512259185314179],"p":[3173.229248046875,142.32130432128907,-413.7210388183594]},"j":false},{"t":4.35202169418335,"c":{"r":[0.15277791023254395,-9.527064293024523e-8,-0.9882605671882629,4.606403258833325e-9,1,-9.569023262656629e-8,0.9882605671882629,1.006702721184638e-8,0.15277791023254395],"p":[3174.96337890625,140.78929138183595,-413.95819091796877]},"j":false},{"t":4.392345190048218,"c":{"r":[0.18043377995491029,-1.3835199297318469e-7,-0.9835871458053589,6.80919054474316e-9,1,-1.394115258790407e-7,0.9835871458053589,1.8457116723880064e-8,0.18043377995491029],"p":[3176.401123046875,139.13790893554688,-414.202880859375]},"j":false},{"t":4.4347922801971439,"c":{"r":[0.1805194467306137,-8.231616277498688e-8,-0.9835714101791382,4.587732416183599e-9,1,-8.284907693223431e-8,0.9835714101791382,1.044350739221045e-8,0.1805194467306137],"p":[3177.836669921875,137.1459197998047,-414.4662170410156]},"j":false},{"t":4.475895404815674,"c":{"r":[0.18051989376544953,-2.6415227338816295e-8,-0.9835713505744934,2.3771200563516006e-9,1,-2.642015850540247e-8,0.9835713505744934,2.4312969415518639e-9,0.18051989376544953],"p":[3179.272216796875,134.81329345703126,-414.7295837402344]},"j":false},{"t":4.5168235301971439,"c":{"r":[0.18730305135250092,2.017747924298874e-8,-0.982302188873291,3.914927271253532e-10,1,2.0615658513634118e-8,0.982302188873291,-4.245940044000918e-9,0.18730305135250092],"p":[3180.5634765625,132.42269897460938,-414.9690246582031]},"j":false},{"t":4.558780908584595,"c":{"r":[0.1873808354139328,6.944902253280816e-8,-0.9822873473167419,-1.8281525182572978e-9,1,7.035259130816485e-8,0.9822873473167419,-1.1386956266790094e-8,0.1873808354139328],"p":[3182.139892578125,129.1261749267578,-415.26947021484377]},"j":false},{"t":4.6007866859436039,"c":{"r":[0.18052658438682557,1.1181621317746249e-7,-0.9835700988769531,-3.481960941797979e-9,1,1.1304494051955771e-7,0.9835700988769531,-1.6982864892156614e-8,0.18052658438682557],"p":[3183.573974609375,125.77168273925781,-415.5362854003906]},"j":false},{"t":4.641908645629883,"c":{"r":[0.17364957928657533,4.768230610352475e-8,-0.9848074913024902,-1.475212729751263e-9,1,4.815777288058598e-8,0.9848074913024902,-6.909776306684989e-9,0.17364957928657533],"p":[3184.923583984375,123.37538146972656,-415.7810363769531]},"j":false},{"t":4.684764623641968,"c":{"r":[0.17364947497844697,-8.664981976380659e-8,-0.984807550907135,2.870304216529007e-9,1,-8.748043711648279e-8,0.984807550907135,1.2364234969197696e-8,0.17364947497844697],"p":[3186.26220703125,123.1634750366211,-416.0170593261719]},"j":false},{"t":4.725542306900024,"c":{"r":[0.17364829778671266,-6.106776595515839e-8,-0.9848077297210693,1.969250318367699e-9,1,-6.166260391182732e-8,0.9848077297210693,8.768274106785157e-9,0.17364829778671266],"p":[3187.613525390625,122.7144546508789,-416.25537109375]},"j":false},{"t":4.766688346862793,"c":{"r":[0.166770339012146,-2.2194559079480315e-8,-0.9859957695007324,8.500348203099861e-10,1,-2.2366016594332906e-8,0.9859957695007324,2.891857420195265e-9,0.166770339012146],"p":[3188.814208984375,122.82038879394531,-416.4630432128906]},"j":false},{"t":4.80982518196106,"c":{"r":[0.13917459547519685,2.5282439253260237e-8,-0.9902678728103638,3.1977295811280728e-10,1,2.5575850770565013e-8,0.9902678728103638,-3.876169607508473e-9,0.13917459547519685],"p":[3190.268798828125,123.21398162841797,-416.7091979980469]},"j":false},{"t":4.846364259719849,"c":{"r":[0.09758477658033371,5.562525373647986e-8,-0.9952272176742554,1.230765045434623e-9,1,5.601269492672145e-8,0.9952272176742554,-6.690877185633326e-9,0.09758477658033371],"p":[3191.195068359375,123.61178588867188,-416.8659973144531]},"j":true},{"t":4.85150933265686,"c":{"r":[0.07672061771154404,6.43597672933538e-8,-0.9970526099205017,1.7852717082433856e-9,1,6.468739144338542e-8,0.9970526099205017,-6.742866709430473e-9,0.07672061771154404],"p":[3191.459716796875,124.05132293701172,-416.9107971191406]},"j":false},{"t":4.852779865264893,"c":{"r":[0.07672061771154404,6.43597672933538e-8,-0.9970526099205017,1.7852717082433856e-9,1,6.468739144338542e-8,0.9970526099205017,-6.742866709430473e-9,0.07672061771154404],"p":[3191.459716796875,124.05132293701172,-416.9107971191406]},"j":true},{"t":4.86040997505188,"c":{"r":[0.06329136341810227,7.05247416021848e-8,-0.9979950785636902,2.5596404995553714e-9,1,7.082874731167976e-8,0.9979950785636902,-7.037356919425974e-9,0.06329136341810227],"p":[3191.730224609375,124.47723388671875,-416.95074462890627]},"j":true},{"t":4.893500804901123,"c":{"r":[0.015105967409908772,1.1236550356841235e-8,-0.9998859167098999,9.303364301160855e-9,1,1.1378384456861568e-8,0.9998859167098999,-9.474184103908101e-9,0.015105967409908772],"p":[3192.872802734375,126.04464721679688,-417.0387878417969]},"j":false},{"t":4.93416690826416,"c":{"r":[-0.0416254885494709,-1.5075998760494259e-7,-0.999133288860321,4.796746999602419e-9,1,-1.5109061735074648e-7,0.999133288860321,-1.108181013620424e-8,-0.0416254885494709],"p":[3194.47607421875,127.8438720703125,-417.0145263671875]},"j":false},{"t":4.975629568099976,"c":{"r":[-0.04187392815947533,-1.0689998219959307e-7,-0.9991229176521301,-2.3959001449469499e-9,1,-1.0689341678471465e-7,0.9991229176521301,-2.0822485957694427e-9,-0.04187392815947533],"p":[3195.787841796875,129.0094451904297,-416.9596862792969]},"j":false},{"t":5.017579078674316,"c":{"r":[-0.06907396763563156,-7.894238152061917e-9,-0.9976115226745606,-7.876640673032398e-9,1,-7.367764620624939e-9,0.9976115226745606,7.348906816417866e-9,-0.06907396763563156],"p":[3197.39013671875,130.05931091308595,-416.881103515625]},"j":false},{"t":5.060285329818726,"c":{"r":[-0.08344116061925888,9.524911526170854e-9,-0.9965127110481262,-7.348642583338005e-9,1,1.0173568654181509e-8,0.9965127110481262,8.171910259591187e-9,-0.08344116061925888],"p":[3198.844482421875,130.65606689453126,-416.7730712890625]},"j":false},{"t":5.108776092529297,"c":{"r":[-0.11115963011980057,-1.1769037300268792e-8,-0.993802547454834,-4.622562777001349e-9,1,-1.1325383297844383e-8,0.993802547454834,3.334989173708891e-9,-0.11115963011980057],"p":[3200.44140625,130.9190673828125,-416.6204528808594]},"j":false},{"t":5.15078592300415,"c":{"r":[-0.1114673838019371,-5.8047369577707289e-8,-0.9937680959701538,-9.328833261434966e-10,1,-5.830674609796915e-8,0.9937680959701538,-5.5722306768757338e-9,-0.1114673838019371],"p":[3201.8916015625,130.80050659179688,-416.4584655761719]},"j":false},{"t":5.192199468612671,"c":{"r":[-0.11146815121173859,-1.0926475368933098e-7,-0.993768036365509,3.13234371773774e-9,1,-1.1030130764311252e-7,0.993768036365509,-1.5407906062137046e-8,-0.11146815121173859],"p":[3203.48681640625,130.27667236328126,-416.279541015625]},"j":false},{"t":5.234442472457886,"c":{"r":[-0.1114681214094162,-1.5572167910704594e-7,-0.993768036365509,6.819668385560362e-9,1,-1.5746316250897508e-7,0.993768036365509,-2.4329292358515887e-8,-0.1114681214094162],"p":[3204.93701171875,129.44281005859376,-416.11688232421877]},"j":false},{"t":5.275414705276489,"c":{"r":[-0.11146814376115799,-1.2762083656525648e-7,-0.993768036365509,6.512317352047603e-9,1,-1.2915162983517804e-7,0.993768036365509,-2.086802552980771e-8,-0.11146814376115799],"p":[3206.2421875,128.40109252929688,-415.9704895019531]},"j":false},{"t":5.319756984710693,"c":{"r":[-0.1114681139588356,1.3206439497537304e-8,-0.993768036365509,6.14556405764688e-10,1,1.3220325278950895e-8,0.993768036365509,8.629182368657951e-10,-0.1114681139588356],"p":[3207.83740234375,126.75320434570313,-415.79156494140627]},"j":false},{"t":5.361528635025024,"c":{"r":[-0.111468106508255,1.4094415234922054e-7,-0.993768036365509,-4.735063452443455e-9,1,1.423591413640679e-7,0.993768036365509,2.057405978916904e-8,-0.111468106508255],"p":[3209.28759765625,124.8974609375,-415.62890625]},"j":fal