{"d":[{"t":0.04140949249267578,"c":{"r":[-0.2823387682437897,-1.9863451328205884e-8,-0.95931476354599,-1.680178840501867e-8,1,-1.5760891258764788e-8,0.95931476354599,1.1668292110300627e-8,-0.2823387682437897],"p":[3238.099853515625,120.20210266113281,-409.7969055175781]},"j":false},{"t":0.08356356620788574,"c":{"r":[-0.2823387682437897,4.0889304386837469e-8,-0.95931476354599,3.709268980855995e-8,1,3.1706591130387099e-8,0.95931476354599,-2.6631564509216333e-8,-0.2823387682437897],"p":[3238.209716796875,120.20210266113281,-409.7645263671875]},"j":false},{"t":0.12534761428833009,"c":{"r":[-0.2823387682437897,1.0151237006539304e-7,-0.95931476354599,9.087214891678741e-8,1,7.907272703278068e-8,0.95931476354599,-6.484969361508775e-8,-0.2823387682437897],"p":[3239.22265625,120.20446014404297,-409.4664001464844]},"j":false},{"t":0.1675586700439453,"c":{"r":[-0.2823387682437897,1.3547755806087025e-8,-0.95931476354599,1.1842947955642558e-8,1,1.063679277990559e-8,0.95931476354599,-8.357936565062119e-9,-0.2823387682437897],"p":[3240.62060546875,120.21003723144531,-409.0550231933594]},"j":false},{"t":0.20867538452148438,"c":{"r":[-0.2823387682437897,-7.422907799536915e-8,-0.95931476354599,-6.701760213445596e-8,1,-5.7653032570215149e-8,0.95931476354599,4.801329112069652e-8,-0.2823387682437897],"p":[3242.01953125,120.21184539794922,-408.6433410644531]},"j":false},{"t":0.25029969215393069,"c":{"r":[-0.2823387682437897,-4.3475722577568379e-8,-0.95931476354599,-3.906888679239273e-8,1,-3.382108104688086e-8,0.95931476354599,2.7930356694128024e-8,-0.2823387682437897],"p":[3243.41845703125,120.21185302734375,-408.2316589355469]},"j":false},{"t":0.2924056053161621,"c":{"r":[-0.2823394536972046,1.676597527477952e-8,-0.9593145847320557,1.5452009449745675e-8,1,1.2929297632524595e-8,0.9593145847320557,-1.117288661589555e-8,-0.2823394536972046],"p":[3244.8173828125,120.2117919921875,-407.8199768066406]},"j":false},{"t":0.334134578704834,"c":{"r":[-0.2823394536972046,7.687916792065153e-8,-0.9593145847320557,6.985657563518544e-8,1,5.9579939204468249e-8,0.9593145847320557,-5.019266424710622e-8,-0.2823394536972046],"p":[3246.212890625,120.19740295410156,-407.4093017578125]},"j":false},{"t":0.37627720832824709,"c":{"r":[-0.2823394536972046,4.834579314660914e-8,-0.9593145847320557,4.383010221431505e-8,1,3.7496381111168378e-8,0.9593145847320557,-3.146014648791606e-8,-0.2823394536972046],"p":[3247.588134765625,119.70286560058594,-407.0043029785156]},"j":false},{"t":0.41701340675354006,"c":{"r":[-0.2823394536972046,-3.907593182361779e-8,-0.9593145847320557,-3.562707107107599e-8,1,-3.024764083647824e-8,0.9593145847320557,2.563746548389645e-8,-0.2823394536972046],"p":[3248.98583984375,118.84397888183594,-406.5929870605469]},"j":false},{"t":0.4588441848754883,"c":{"r":[-0.2823394536972046,-6.734259727636527e-8,-0.9593145847320557,-6.12645933983913e-8,1,-5.216764975557453e-8,0.9593145847320557,4.404303055594028e-8,-0.2823394536972046],"p":[3250.384765625,118.58807373046875,-406.1813049316406]},"j":false},{"t":0.5001153945922852,"c":{"r":[-0.2823396921157837,-7.190755546560013e-9,-0.9593145251274109,-6.457842260942925e-9,1,-5.595089724863556e-9,0.9593145251274109,4.615385851280962e-9,-0.2823396921157837],"p":[3251.78369140625,118.65478515625,-405.7696228027344]},"j":false},{"t":0.5414435863494873,"c":{"r":[-0.2957064211368561,5.304168482211935e-8,-0.9552788734436035,4.855451507523867e-8,1,4.049477553280667e-8,0.9552788734436035,-3.440853646452524e-8,-0.2957064211368561],"p":[3253.18115234375,118.6707992553711,-405.3526306152344]},"j":false},{"t":0.5835041999816895,"c":{"r":[-0.30237048864364626,8.359166514537719e-8,-0.9531905055046082,7.686289649200262e-8,1,6.331430313366582e-8,0.9531905055046082,-5.4120608439234277e-8,-0.30237048864364626],"p":[3254.57177734375,118.67430877685547,-404.9147644042969]},"j":false},{"t":0.6245293617248535,"c":{"r":[-0.31564784049987795,-3.861934327886729e-9,-0.9488764405250549,-4.31669056055739e-9,1,-2.634041873506021e-9,0.9488764405250549,3.2645761649519047e-9,-0.31564784049987795],"p":[3255.958740234375,118.6750717163086,-404.4652099609375]},"j":false},{"t":0.6689107418060303,"c":{"r":[-0.3156479597091675,-8.561621456237845e-8,-0.9488763809204102,-7.993114081727981e-8,1,-6.363959670352415e-8,0.9488763809204102,5.575705941396336e-8,-0.3156479597091675],"p":[3257.4814453125,118.67525482177735,-403.9590148925781]},"j":false},{"t":0.7175922393798828,"c":{"r":[-0.34201961755752566,-2.0722531246519794e-8,-0.9396927952766419,-1.6596633400922657e-8,1,-1.601178212240484e-8,0.9396927952766419,1.011939243511506e-8,-0.34201961755752566],"p":[3258.994384765625,118.6752700805664,-403.42706298828127]},"j":false},{"t":0.7595977783203125,"c":{"r":[-0.36162275075912478,3.930868075485705e-8,-0.9323245286941528,4.1748268841956818e-8,1,2.5969022487970507e-8,0.9323245286941528,-2.953194488952704e-8,-0.36162275075912478],"p":[3260.359375,118.6752700805664,-402.9147644042969]},"j":false},{"t":0.8001325130462647,"c":{"r":[-0.387513130903244,1.0044551146393133e-7,-0.9218642115592957,1.0088978541489269e-7,1,6.654927631188912e-8,0.9218642115592957,-6.721796097508559e-8,-0.387513130903244],"p":[3261.713623046875,118.6752700805664,-402.3739013671875]},"j":false},{"t":0.8423044681549072,"c":{"r":[-0.40673407912254336,1.4008949555943673e-8,-0.913546621799469,1.2605332777582135e-8,1,9.722471716600012e-9,0.913546621799469,-7.561098414043954e-9,-0.40673407912254336],"p":[3263.056640625,118.6752700805664,-401.8048095703125]},"j":false},{"t":0.8857791423797607,"c":{"r":[-0.40673407912254336,-8.158072262176575e-8,-0.913546621799469,-8.506953008691198e-8,1,-5.142600301155653e-8,0.913546621799469,5.67982745280915e-8,-0.40673407912254336],"p":[3264.52294921875,118.6752700805664,-401.1529235839844]},"j":false},{"t":0.9183275699615479,"c":{"r":[-0.40673407912254336,-5.482899823050502e-8,-0.913546621799469,-5.6488623556560927e-8,1,-3.486757194082202e-8,0.913546621799469,3.74231596822483e-8,-0.40673407912254336],"p":[3265.45458984375,118.63646697998047,-400.73809814453127]},"j":true},{"t":0.925983190536499,"c":{"r":[-0.40673407912254336,-4.302889777818564e-8,-0.913546621799469,-4.401626796379787e-8,1,-2.750377525728709e-8,0.913546621799469,2.9024189274196034e-8,-0.40673407912254336],"p":[3265.720703125,119.07600402832031,-400.61968994140627]},"j":true},{"t":0.9333839416503906,"c":{"r":[-0.4067341089248657,-3.123383507386279e-8,-0.9135465621948242,-3.154924144155302e-8,1,-2.0143124501714739e-8,0.9135465621948242,2.0628807106959358e-8,-0.4067341089248657],"p":[3265.987060546875,119.50191497802735,-400.5011291503906]},"j":false},{"t":0.9343678951263428,"c":{"r":[-0.4067341089248657,-3.123383507386279e-8,-0.9135465621948242,-3.154924144155302e-8,1,-2.0143124501714739e-8,0.9135465621948242,2.0628807106959358e-8,-0.4067341089248657],"p":[3265.987060546875,119.50191497802735,-400.5011291503906]},"j":true},{"t":0.9760243892669678,"c":{"r":[-0.4067341685295105,2.7665880253380238e-8,-0.9135465621948242,3.0706054587881229e-8,1,1.6612922593139957e-8,0.9135465621948242,-2.1294367158475326e-8,-0.4067341685295105],"p":[3267.320068359375,121.42711639404297,-399.90789794921877]},"j":false},{"t":1.0168249607086182,"c":{"r":[-0.4067341685295105,8.643976912026119e-8,-0.9135465621948242,9.282849333658305e-8,1,5.329038543777642e-8,0.9135465621948242,-6.312813383146931e-8,-0.4067341685295105],"p":[3268.653076171875,123.01168060302735,-399.31463623046877]},"j":false},{"t":1.0632362365722657,"c":{"r":[-0.4251938462257385,1.2925440273647838e-7,-0.9051023125648499,1.4567569905921119e-7,1,7.437169813329092e-8,0.9051023125648499,-1.002290304086273e-7,-0.4251938462257385],"p":[3270.1162109375,124.36128234863281,-398.6557312011719]},"j":false},{"t":1.1112828254699708,"c":{"r":[-0.43813571333885195,-1.6057844831607327e-8,-0.8989088535308838,3.978559348638555e-8,1,-3.725554265088249e-8,0.8989088535308838,-5.208660525113373e-8,-0.43813571333885195],"p":[3271.565673828125,125.2987289428711,-397.9674072265625]},"j":false},{"t":1.155630350112915,"c":{"r":[-0.4687698185443878,-1.3082559746635526e-7,-0.8833203315734863,-3.64624455073681e-8,1,-1.2875635491127469e-7,0.8833203315734863,-2.8149072406336019e-8,-0.4687698185443878],"p":[3273.003173828125,125.82402038574219,-397.2552490234375]},"j":false},{"t":1.200592279434204,"c":{"r":[-0.5291297435760498,-1.4595623554214399e-7,-0.8485409617424011,-1.3115630803639534e-10,1,-1.7192670043186809e-7,0.8485409617424011,-9.086023311510871e-8,-0.5291297435760498],"p":[3274.40283203125,125.9371566772461,-396.471923828125]},"j":false},{"t":1.242891550064087,"c":{"r":[-0.5648656487464905,-1.127228443920103e-7,-0.8251828551292419,1.6172380767898177e-8,1,-1.4767401523840818e-7,0.8251828551292419,-9.676114842704919e-8,-0.5648656487464905],"p":[3275.620849609375,125.68234252929688,-395.67095947265627]},"j":false},{"t":1.287309169769287,"c":{"r":[-0.5649653077125549,-7.659402001536364e-8,-0.8251146674156189,2.290594025566861e-8,1,-1.0851228893216103e-7,0.8251146674156189,-8.020570874123223e-8,-0.5649653077125549],"p":[3276.94482421875,125.00862884521485,-394.7646179199219]},"j":false},{"t":1.3310422897338868,"c":{"r":[-0.5706732869148254,-4.704961398260821e-8,-0.8211771845817566,2.9444732874139846e-8,1,-7.775780375141039e-8,0.8211771845817566,-6.855364631519478e-8,-0.5706732869148254],"p":[3278.146484375,124.03851318359375,-393.93780517578127]},"j":false},{"t":1.3736591339111329,"c":{"r":[-0.5707127451896668,-2.0656839794241934e-8,-0.8211497664451599,3.705410023258082e-8,1,-5.0909211068983498e-8,0.8211497664451599,-5.948150416656972e-8,-0.5707127451896668],"p":[3279.465087890625,122.57795715332031,-393.0223693847656]},"j":false},{"t":1.4177324771881104,"c":{"r":[-0.5707127451896668,3.2754849943472665e-9,-0.8211497664451599,4.39549268094197e-8,1,-2.6560504906569805e-8,0.8211497664451599,-5.125199820099624e-8,-0.5707127451896668],"p":[3280.663818359375,120.89252471923828,-392.1901550292969]},"j":false},{"t":1.4611079692840577,"c":{"r":[-0.5707127451896668,2.954207189986846e-8,-0.8211497664451599,5.152884341441677e-8,1,1.630672541441669e-10,0.8211497664451599,-4.221983473939872e-8,-0.5707127451896668],"p":[3281.962890625,118.76937103271485,-391.28704833984377]},"j":false},{"t":1.5052802562713624,"c":{"r":[-0.5707127451896668,5.3367291030781419e-8,-0.8211497664451599,5.839881112024159e-8,1,2.440279089910291e-8,0.8211497664451599,-3.4027184625529119e-8,-0.5707127451896668],"p":[3283.14208984375,118.6641845703125,-390.46673583984377]},"j":false},{"t":1.5480902194976807,"c":{"r":[-0.5707127451896668,7.951633307357042e-8,-0.8211497664451599,6.593886325845233e-8,1,5.100675437574864e-8,0.8211497664451599,-2.503547413823526e-8,-0.5707127451896668],"p":[3284.439208984375,118.32778930664063,-389.56439208984377]},"j":false},{"t":1.5908591747283936,"c":{"r":[-0.5707127451896668,1.0323493881969626e-7,-0.8211497664451599,7.277810709638288e-8,1,7.513799005209876e-8,0.8211497664451599,-1.6879518227597147e-8,-0.5707127451896668],"p":[3285.618408203125,118.0766830444336,-388.74407958984377]},"j":false},{"t":1.6346533298492432,"c":{"r":[-0.5707127451896668,1.269029468176086e-7,-0.8211497664451599,7.9602777702803e-8,1,9.921773624910202e-8,0.8211497664451599,-8.740979495769352e-9,-0.5707127451896668],"p":[3286.797607421875,117.86460876464844,-387.92376708984377]},"j":false},{"t":1.677487850189209,"c":{"r":[-0.5707127451896668,3.0070157919226406e-8,-0.8211497664451599,1.5115844576030214e-8,1,2.61138168866637e-8,0.8211497664451599,2.491116202207877e-9,-0.5707127451896668],"p":[3288.09814453125,117.83911895751953,-387.0194396972656]},"j":false},{"t":1.722104787826538,"c":{"r":[-0.5707127451896668,-8.670382101172436e-8,-0.8211497664451599,-5.778155909297311e-8,1,-6.542916963780954e-8,0.8211497664451599,1.0106052883429584e-8,-0.5707127451896668],"p":[3289.27783203125,117.52973175048828,-386.1990661621094]},"j":false},{"t":1.7638463973999024,"c":{"r":[-0.5707127451896668,-6.19819573444147e-8,-0.8211497664451599,-3.6942491732361307e-8,1,-4.98062675546862e-8,0.8211497664451599,1.9102477377686e-9,-0.5707127451896668],"p":[3290.574951171875,117.05139923095703,-385.2967224121094]},"j":false},{"t":1.8072733879089356,"c":{"r":[-0.5649639964103699,-3.9574519661300658e-8,-0.8251155614852905,-1.8080077879290003e-8,1,-3.5582804258638137e-8,0.8251155614852905,-5.184850326855894e-9,-0.5649639964103699],"p":[3291.75537109375,116.81318664550781,-384.4775695800781]},"j":false},{"t":1.8501205444335938,"c":{"r":[-0.564965546131134,-1.7198262369788609e-8,-0.8251144886016846,6.825275344901627e-10,1,-2.131081977552185e-8,0.8251144886016846,-1.2603043053616148e-8,-0.564965546131134],"p":[3292.94189453125,116.57200622558594,-383.66485595703127]},"j":false},{"t":1.8958184719085694,"c":{"r":[-0.5533921718597412,7.1757333408584149e-9,-0.8329208493232727,2.1074660239150945e-8,1,-5.386848744848294e-9,0.8329208493232727,-2.0534564271201817e-8,-0.5533921718597412],"p":[3294.2568359375,116.31828308105469,-382.78228759765627]},"j":false},{"t":1.938772201538086,"c":{"r":[-0.5533893704414368,2.945171040380501e-8,-0.8329226970672607,3.9553111008672207e-8,1,9.080600271715867e-9,0.8329226970672607,-2.791957776082654e-8,-0.5533893704414368],"p":[3295.4560546875,116.09171295166016,-381.98516845703127]},"j":false},{"t":1.982832431793213,"c":{"r":[-0.553390383720398,5.390049295783683e-8,-0.8329220414161682,5.983384454566476e-8,1,2.495914053213255e-8,0.8329220414161682,-3.602477960384931e-8,-0.553390383720398],"p":[3296.776611328125,116.06405639648438,-381.1074523925781]},"j":false},{"t":2.032243251800537,"c":{"r":[-0.5533923506736755,8.050652411384363e-8,-0.8329207301139832,8.19040337773913e-8,1,4.223866767461004e-8,0.8329207301139832,-4.4845013036365347e-8,-0.5533923506736755],"p":[3298.215087890625,115.65650939941406,-380.1509094238281]},"j":false},{"t":2.0785789489746095,"c":{"r":[-0.5533923506736755,1.0483547896456003e-7,-0.8329207301139832,1.0208544409806564e-7,1,5.8039347550220557e-8,0.8329207301139832,-5.2910550607521148e-8,-0.5533923506736755],"p":[3299.53369140625,115.32355499267578,-379.2740783691406]},"j":false},{"t":2.122974157333374,"c":{"r":[-0.5591915845870972,9.560404379271859e-8,-0.8290384411811829,9.050862104231783e-8,1,5.4270561378189089e-8,0.8290384411811829,-4.468748571184733e-8,-0.5591915845870972],"p":[3300.732421875,115.091796875,-378.4769592285156]},"j":false},{"t":2.1685738563537599,"c":{"r":[-0.5707141160964966,-5.425086158084014e-8,-0.8211488127708435,-5.405217251563954e-8,1,-2.8499735904574665e-8,0.8211488127708435,2.8119675477000784e-8,-0.5707141160964966],"p":[3302.0419921875,114.83085632324219,-377.5878601074219]},"j":false},{"t":2.2137250900268556,"c":{"r":[-0.5707141160964966,-6.379782035992321e-8,-0.8211488127708435,-6.164305688116656e-8,1,-3.485027022520626e-8,0.8211488127708435,3.07285823453185e-8,-0.5707141160964966],"p":[3303.34130859375,114.56116485595703,-376.6859130859375]},"j":false},{"t":2.259483575820923,"c":{"r":[-0.576431393623352,-4.2439232572633048e-8,-0.817145586013794,-3.869178399895645e-8,1,-2.4641966689387119e-8,0.817145586013794,1.7412416397633025e-8,-0.576431393623352],"p":[3304.6357421875,114.31934356689453,-375.7793884277344]},"j":false},{"t":2.3056464195251467,"c":{"r":[-0.5821197628974915,-2.1055047483287127e-8,-0.8131030797958374,-1.571103602771018e-8,1,-1.4646782453553442e-8,0.8131030797958374,4.24851087643674e-9,-0.5821197628974915],"p":[3305.922119140625,114.20919036865235,-374.86285400390627]},"j":false},{"t":2.3548171520233156,"c":{"r":[-0.5877825021743774,4.267465547602711e-10,-0.8090189695358276,7.240891886084455e-9,1,-4.7332919805853639e-9,0.8090189695358276,-8.64016502788445e-9,-0.5877825021743774],"p":[3307.204833984375,113.69918060302735,-373.94268798828127]},"j":false},{"t":2.396726369857788,"c":{"r":[-0.6045969128608704,2.2123769483073376e-8,-0.7965315580368042,3.029839845680726e-8,1,4.777526374510899e-9,0.7965315580368042,-2.124515496859658e-8,-0.6045969128608704],"p":[3308.4736328125,113.45450592041016,-373.0084533691406]},"j":false},{"t":2.4421231746673586,"c":{"r":[-0.6211483478546143,4.406953024727045e-8,-0.7836930155754089,5.3466838068061409e-8,1,1.385580006285636e-8,0.7836930155754089,-3.3295080470452379e-8,-0.6211483478546143],"p":[3309.7197265625,113.06566619873047,-372.05419921875]},"j":false},{"t":2.4539682865142824,"c":{"r":[-0.6266036629676819,4.817794874156789e-8,-0.7793380618095398,5.770417743633516e-8,1,1.5423729848862423e-8,0.7793380618095398,-3.530649905769678e-8,-0.6266036629676819],"p":[3309.942626953125,112.99995422363281,-371.8781433105469]},"j":true},{"t":2.462493658065796,"c":{"r":[-0.6320277452468872,5.4235705704286377e-8,-0.7749457359313965,6.407304198319253e-8,1,1.7729973933455768e-8,0.7749457359313965,-3.844729334900876e-8,-0.6320277452468872],"p":[3310.276611328125,113.6541519165039,-371.61383056640627]},"j":true},{"t":2.47007417678833,"c":{"r":[-0.6372323632240295,5.7910888529022489e-8,-0.7706717252731323,6.835606569666197e-8,1,1.8622966280190668e-8,0.7706717252731323,-4.081292814817061e-8,-0.6372323632240295],"p":[3310.501708984375,114.07324981689453,-371.431884765625]},"j":true},{"t":2.487849473953247,"c":{"r":[-0.6477828621864319,5.8161674587609016e-8,-0.7618250250816345,7.740857910221166e-8,1,1.052436449100469e-8,0.7618250250816345,-5.215429510485592e-8,-0.6477828621864319],"p":[3310.950439453125,114.8705825805664,-371.05975341796877]},"j":false},{"t":2.5290911197662355,"c":{"r":[-0.6635840535163879,2.5496147415537963e-8,-0.7481017112731934,9.962386826600778e-8,1,-5.4287625061988368e-8,0.7481017112731934,-1.1055318793751212e-7,-0.6635840535163879],"p":[3311.947265625,116.46530151367188,-370.205810546875]},"j":false},{"t":2.5703728199005129,"c":{"r":[-0.699455738067627,-8.037531529225817e-8,-0.7146759629249573,2.2570787905351609e-8,1,-1.345540994179828e-7,0.7146759629249573,-1.102454376677997e-7,-0.699455738067627],"p":[3313.12255859375,118.03971862792969,-369.1144104003906]},"j":false},{"t":2.6159701347351076,"c":{"r":[-0.7095465660095215,-1.3040735780123215e-7,-0.7046585083007813,-7.027513504453964e-8,1,-1.143019972005277e-7,0.7046585083007813,-3.158261918656535e-8,-0.7095465660095215],"p":[3314.259521484375,119.20198059082031,-367.9827575683594]},"j":false},{"t":2.6588869094848635,"c":{"r":[-0.7095691561698914,-5.747207509898544e-8,-0.7046357989311218,-7.681493485733881e-8,1,-4.210071846699748e-9,0.7046357989311218,5.113921730526272e-8,-0.7095691561698914],"p":[3315.287353515625,119.90091705322266,-366.9479064941406]},"j":false},{"t":2.7024757862091066,"c":{"r":[-0.719305694103241,1.1052599724337142e-8,-0.6946936845779419,-8.192680667207242e-8,1,1.0073938483401435e-7,0.6946936845779419,1.2937644555677253e-7,-0.719305694103241],"p":[3316.408935546875,120.27632904052735,-365.80120849609377]},"j":false},{"t":2.743701934814453,"c":{"r":[-0.723999559879303,3.763364375686251e-8,-0.6898004412651062,-5.5695121403687156e-8,1,1.1301368374461163e-7,0.6898004412651062,1.2024037232549745e-7,-0.723999559879303],"p":[3317.32080078125,120.27693176269531,-364.8572082519531]},"j":false},{"t":2.784536600112915,"c":{"r":[-0.7241713404655457,2.9477469354333153e-8,-0.6896200776100159,1.4763460676192608e-8,1,2.7241366495900367e-8,0.6896200776100159,9.546237578206274e-9,-0.7241713404655457],"p":[3318.326904296875,119.95399475097656,-363.801513671875]},"j":false},{"t":2.8268208503723146,"c":{"r":[-0.7153710126876831,9.755628305185838e-9,-0.6987447738647461,8.634552983721733e-8,1,-7.443842520160615e-8,0.6987447738647461,-1.135845835165128e-7,-0.7153710126876831],"p":[3319.332763671875,119.29043579101563,-362.74530029296877]},"j":false},{"t":2.8731493949890138,"c":{"r":[-0.7144731879234314,-7.120507206082039e-8,-0.6996628046035767,5.163875016478414e-8,1,-1.545023877724816e-7,0.6996628046035767,-1.4651752167083033e-7,-0.7144731879234314],"p":[3320.556640625,118.04454040527344,-361.494140625]},"j":false},{"t":2.920382022857666,"c":{"r":[-0.7144737243652344,-5.447215656317894e-8,-0.6996622681617737,-4.999080260859046e-9,1,-7.275001934203829e-8,0.6996622681617737,-4.848031309734324e-8,-0.7144737243652344],"p":[3321.67919921875,116.4715805053711,-360.34808349609377]},"j":false},{"t":2.9688031673431398,"c":{"r":[-0.7098782658576965,-1.4874478537763025e-8,-0.7043243646621704,-7.280336689063916e-8,1,5.225866672731172e-8,0.7043243646621704,8.837447751375294e-8,-0.7098782658576965],"p":[3322.90380859375,114.28556060791016,-359.09783935546877]},"j":false},{"t":3.0162148475646974,"c":{"r":[-0.6743288040161133,-2.1959420948292064e-8,-0.7384312152862549,-6.706117261501277e-8,1,3.150173100152642e-8,0.7384312152862549,7.076258867755314e-8,-0.6743288040161133],"p":[3323.93603515625,112.08918762207031,-358.0948486328125]},"j":false},{"t":3.059614658355713,"c":{"r":[-0.6639258861541748,-3.817276805762049e-8,-0.7477983832359314,5.057108154460366e-8,1,-9.594594274631163e-8,0.7477983832359314,-1.0151796914215083e-7,-0.6639258861541748],"p":[3325.186279296875,111.21282958984375,-356.9746398925781]},"j":false},{"t":3.108548641204834,"c":{"r":[-0.6639258861541748,3.6245015877511834e-9,-0.7477983832359314,4.5776271662134607e-8,1,-3.579514284979268e-8,0.7477983832359314,-5.799674340778438e-8,-0.6639258861541748],"p":[3326.334228515625,111.36896514892578,-355.9551696777344]},"j":false},{"t":3.1370136737823488,"c":{"r":[-0.6639258861541748,2.638165597090847e-8,-0.7477983832359314,4.3165648833110029e-8,1,-3.04511837967425e-9,0.7477983832359314,-3.430093542533541e-8,-0.6639258861541748],"p":[3326.9833984375,111.37257385253906,-355.3787841796875]},"j":true},{"t":3.147763252258301,"c":{"r":[-0.6639258861541748,3.774930235067586e-8,-0.7477983832359314,4.1861586197455838e-8,1,1.3314165769884312e-8,0.7477983832359314,-2.2464407223310446e-8,-0.6639258861541748],"p":[3327.307861328125,112.02677154541016,-355.0910339355469]},"j":true},{"t":3.1537346839904787,"c":{"r":[-0.6639258861541748,4.532368791387853e-8,-0.7477983832359314,4.0992674144035848e-8,1,2.421453615397695e-8,0.7477983832359314,-1.45775977955509e-8,-0.6639258861541748],"p":[3327.525390625,112.44586944580078,-354.8978271484375]},"j":false},{"t":3.155015707015991,"c":{"r":[-0.6639258861541748,4.532368791387853e-8,-0.7477983832359314,4.0992674144035848e-8,1,2.421453615397695e-8,0.7477983832359314,-1.45775977955509e-8,-0.6639258861541748],"p":[3327.525390625,112.44586944580078,-354.8978271484375]},"j":true},{"t":3.2002313137054445,"c":{"r":[-0.6842175126075745,6.58485390658825e-8,-0.7292779684066773,3.847211971219622e-8,1,5.419777338033782e-8,0.7292779684066773,9.026197567152395e-9,-0.6842175126075745],"p":[3328.715087890625,114.50738525390625,-353.8220520019531]},"j":false},{"t":3.24135160446167,"c":{"r":[-0.6845439076423645,4.44260415122244e-8,-0.7289716601371765,3.952492733105828e-8,1,2.3827391615327543e-8,0.7289716601371765,-1.2501657487007379e-8,-0.6845439076423645],"p":[3329.7783203125,116.0238265991211,-352.82427978515627]},"j":false},{"t":3.2887938022613527,"c":{"r":[-0.6845482587814331,1.823161355218872e-8,-0.728967547416687,4.08440676835653e-8,1,-1.3345068161640939e-8,0.728967547416687,-3.890934507921884e-8,-0.6845482587814331],"p":[3331.052734375,117.39393615722656,-351.62640380859377]},"j":false},{"t":3.337507963180542,"c":{"r":[-0.6745225191116333,-1.045905584362572e-8,-0.7382542490959168,4.2498111696431809e-8,1,-5.299663285995848e-8,0.7382542490959168,-6.712183875379196e-8,-0.6745225191116333],"p":[3332.2236328125,118.2189712524414,-350.5308837890625]},"j":false},{"t":3.3783419132232668,"c":{"r":[-0.6692612767219544,-5.315918372161832e-8,-0.7430271506309509,4.573786682726677e-8,1,-1.1274119771087499e-7,0.7430271506309509,-1.0943779216177063e-7,-0.6692612767219544],"p":[3333.302001953125,118.6113510131836,-349.54888916015627]},"j":false},{"t":3.425945281982422,"c":{"r":[-0.6639326214790344,-6.214207104449088e-8,-0.7477923631668091,2.5053585872569785e-8,1,-1.0534470362699722e-7,0.7477923631668091,-8.867666423384435e-8,-0.6639326214790344],"p":[3334.499755859375,118.64955139160156,-348.4810485839844]},"j":false},{"t":3.467865467071533,"c":{"r":[-0.6536126136779785,-3.6273149817134256e-8,-0.7568293213844299,-1.358411072516219e-8,1,-3.619627619855237e-8,0.7568293213844299,-1.3377489338495252e-8,-0.6536126136779785],"p":[3335.5947265625,118.32661437988281,-347.5184326171875]},"j":false},{"t":3.510700225830078,"c":{"r":[-0.6534213423728943,-1.6762699672767668e-8,-0.7569944262504578,-5.5670323462209129e-8,1,2.5909670853252466e-8,0.7569944262504578,5.907205391508796e-8,-0.6534213423728943],"p":[3336.808349609375,117.57796478271485,-346.46978759765627]},"j":false},{"t":3.5523669719696047,"c":{"r":[-0.6429029107093811,-8.03583066755209e-9,-0.765947699546814,-8.987753830069778e-8,1,6.49479048320245e-8,0.765947699546814,1.1059668736379536e-7,-0.6429029107093811],"p":[3337.807373046875,116.65887451171875,-345.6183166503906]},"j":false},{"t":3.6002602577209474,"c":{"r":[-0.6269423365592957,-1.7799770546389483e-8,-0.7790656685829163,-1.3418302557965945e-7,1,8.513436000612274e-8,0.7790656685829163,1.5791172813806043e-7,-0.6269423365592957],"p":[3339.1533203125,115.00422668457031,-344.49951171875]},"j":false},{"t":3.6407063007354738,"c":{"r":[-0.6266044974327087,-6.244560069035288e-8,-0.7793374061584473,-1.6883123521438393e-7,1,5.5617519478801117e-8,0.7793374061584473,1.6642668754229818e-7,-0.6266044974327087],"p":[3340.289794921875,113.25067138671875,-343.5852355957031]},"j":false},{"t":3.6894612312316896,"c":{"r":[-0.5943464636802673,-1.1163476898445879e-7,-0.8042091131210327,-8.124076344984133e-8,1,-7.877255825405882e-8,0.8042091131210327,1.8516370658971938e-8,-0.5943464636802673],"p":[3341.666748046875,110.69676971435547,-342.50445556640627]},"j":false},{"t":3.737243175506592,"c":{"r":[-0.5128797888755798,-1.3047358038420499e-7,-0.8584604263305664,1.9768066295000609e-8,1,-1.637958035871634e-7,0.8584604263305664,-1.0097765823502414e-7,-0.5128797888755798],"p":[3342.994384765625,107.9248046875,-341.6058349609375]},"j":false},{"t":3.7875711917877199,"c":{"r":[-0.5120419859886169,6.156670195878178e-8,-0.8589603900909424,2.4399587905676869e-10,1,7.153037984153343e-8,0.8589603900909424,3.6416974324993137e-8,-0.5120419859886169],"p":[3344.484130859375,105.65123748779297,-340.716552734375]},"j":false},{"t":3.789869546890259,"c":{"r":[-0.5120419859886169,6.156670195878178e-8,-0.8589603900909424,2.4399587905676869e-10,1,7.153037984153343e-8,0.8589603900909424,3.6416974324993137e-8,-0.5120419859886169],"p":[3344.484130859375,105.65123748779297,-340.716552734375]},"j":true},{"t":3.7999441623687746,"c":{"r":[-0.5060356259346008,9.348636353934126e-8,-0.8625125885009766,-3.2468325805723454e-9,1,1.1029331403733522e-7,0.8625125885009766,5.861278040697471e-8,-0.5060356259346008],"p":[3344.734130859375,106.09077453613281,-340.567626953125]},"j":true},{"t":3.808454990386963,"c":{"r":[-0.5002158880233765,9.552370272558619e-8,-0.8659006953239441,-4.8146944209293e-9,1,1.1309852254726138e-7,0.8659006953239441,6.074272818068494e-8,-0.5002158880233765],"p":[3344.9853515625,106.51668548583985,-340.4197082519531]},"j":true},{"t":3.8364737033843996,"c":{"r":[-0.45879608392715456,1.141353678235646e-8,-0.888541579246521,-4.196622604979439e-9,1,1.50121621800281e-8,0.888541579246521,1.0616394874318758e-8,-0.45879608392715456],"p":[3346.001220703125,108.08409881591797,-339.8461608886719]},"j":false},{"t":3.8766238689422609,"c":{"r":[-0.34417596459388735,-2.1705558594931063e-7,-0.9389051795005798,1.4644622403636732e-8,1,-2.365477627108703e-7,0.9389051795005798,-9.516396914932557e-8,-0.34417596459388735],"p":[3347.1875,109.58684539794922,-339.2866516113281]},"j":false},{"t":3.9166338443756105,"c":{"r":[-0.2834051251411438,-1.8086092268276844e-7,-0.959000289440155,9.1466105800464e-9,1,-1.9129620909552615e-7,0.959000289440155,-6.298592580833429e-8,-0.2834051251411438],"p":[3348.564697265625,110.93297576904297,-338.8074035644531]},"j":false},{"t":3.967392921447754,"c":{"r":[-0.2556780278682709,-8.753389835192138e-8,-0.9667620062828064,3.197196285498194e-9,1,-9.138893375393309e-8,0.9667620062828064,-2.6457071200525207e-8,-0.2556780278682709],"p":[3350.249755859375,112.09870910644531,-338.33697509765627]},"j":false},{"t":4.016523599624634,"c":{"r":[-0.2419334203004837,-1.6387710743970275e-8,-0.970292866230011,-3.242065282904605e-9,1,-1.6081068920925646e-8,0.970292866230011,-7.447955030492892e-10,-0.2419334203004837],"p":[3351.94580078125,112.77394104003906,-337.9045104980469]},"j":false},{"t":4.0666022300720219,"c":{"r":[-0.24192027747631074,3.936069603582837e-8,-0.9702961444854736,-8.919981198118876e-9,1,4.278964027548682e-8,0.9702961444854736,1.9006705542778947e-8,-0.24192027747631074],"p":[3353.64501953125,112.95867156982422,-337.4811706542969]},"j":false},{"t":4.1066436767578129,"c":{"r":[-0.2611783742904663,7.114409328323745e-8,-0.9652905464172363,-1.2624230549818094e-8,1,7.711799554499521e-8,0.9652905464172363,3.2327601928727748e-8,-0.2611783742904663],"p":[3355.060302734375,112.73792266845703,-337.1259765625]},"j":false},{"t":4.154804944992065,"c":{"r":[-0.31513816118240359,-1.096636523811867e-7,-0.9490457773208618,-9.49687661844223e-10,1,-1.1523613352437678e-7,0.9490457773208618,-3.5414007726330968e-8,-0.31513816118240359],"p":[3356.598388671875,112.10167694091797,-336.67144775390627]},"j":false},{"t":4.204711437225342,"c":{"r":[-0.3156474828720093,-9.422763014299562e-8,-0.9488765001296997,1.056742693350543e-8,1,-1.0281971896120013e-7,0.9488765001296997,-4.248196816547534e-8,-0.3156474828720093],"p":[3358.259521484375,110.93753814697266,-336.1198425292969]},"j":false},{"t":4.252148628234863,"c":{"r":[-0.31564846634864809,-4.955321131205892e-8,-0.9488762021064758,1.937129745499533e-8,1,-5.866700902856792e-8,0.9488762021064758,-3.689911665105683e-8,-0.31564846634864809],"p":[3359.7822265625,109.43951416015625,-335.6136169433594]},"j":false},{"t":4.301462173461914,"c":{"r":[-0.32869473099708559,-3.0835245468097129e-9,-0.944436252117157,2.9272658963463983e-8,1,-1.3452780223133232e-8,0.944436252117157,-3.206801935107251e-8,-0.32869473099708559],"p":[3361.442138671875,107.33524322509766,-335.0584716796875]},"j":false},{"t":4.350805282592773,"c":{"r":[-0.3991195559501648,-1.1703362190473854e-7,-0.9168989062309265,3.212272403629868e-8,1,-1.4162350225888077e-7,0.9168989062309265,-8.597799450171806e-8,-0.3991195559501648],"p":[3363.081787109375,104.74047088623047,-334.44830322265627]},"j":false},{"t":4.391010761260986,"c":{"r":[-0.5103155970573425,-1.790110104593623e-7,-0.859987199306488,1.0633750768818118e-8,1,-2.1446548714720849e-7,0.859987199306488,-1.1858996629143803e-7,-0.5103155970573425],"p":[3364.39208984375,102.2034683227539,-333.8101806640625]},"j":false},{"t":4.438092470169067,"c":{"r":[-0.5357969999313355,9.100072695389372e-9,-0.844346821308136,2.3727386722072199e-10,1,1.062708054888617e-8,0.844346821308136,5.493616672680446e-9,-0.5357969999313355],"p":[3365.7451171875,99.01935577392578,-332.9807434082031]},"j":false},{"t":4.4785239696502689,"c":{"r":[-0.5417069792747498,6.48710170025879e-8,-0.840567409992218,-3.4844647167631139e-9,1,7.942085034073898e-8,0.840567409992218,4.5951757954298958e-8,-0.5417069792747498],"p":[3366.95947265625,98.54776000976563,-332.2102355957031]},"j":false},{"t":4.524900674819946,"c":{"r":[-0.5649680495262146,-1.4820396465609065e-8,-0.8251127600669861,-3.2979206032734966e-9,1,-1.5703522038279517e-8,0.8251127600669861,-6.150831843854121e-9,-0.5649680495262146],"p":[3368.261474609375,98.46229553222656,-331.3465881347656]},"j":false},{"t":4.569078683853149,"c":{"r":[-0.5649680495262146,-8.631997161501204e-8,-0.8251127600669861,-3.841068352272714e-9,1,-1.0198592548249508e-7,0.8251127600669861,-5.444947603905348e-8,-0.5649680495262146],"p":[3369.43115234375,97.95040130615235,-330.546875]},"j":false},{"t":4.612482309341431,"c":{"r":[-0.564963161945343,-2.8102160598564298e-8,-0.8251161575317383,8.209238844258948e-11,1,-3.411463822544647e-8,0.8251161575317383,-1.9341250379056875e-8,-0.564963161945343],"p":[3370.717529296875,97.37933349609375,-329.66668701171877]},"j":false},{"t":4.66049599647522,"c":{"r":[-0.5764335989952087,6.830563137327772e-8,-0.817143976688385,6.432736121553262e-9,1,7.905287446874354e-8,0.817143976688385,4.031226552569933e-8,-0.5764335989952087],"p":[3372.113525390625,96.95635986328125,-328.6992492675781]},"j":false},{"t":4.709367752075195,"c":{"r":[-0.5821229219436646,4.772277506503997e-8,-0.8131007552146912,3.973074758079065e-9,1,5.584788098644822e-8,0.8131007552146912,2.9279823010597285e-8,-0.5821229219436646],"p":[3373.3779296875,96.55841827392578,-327.7967529296875]},"j":false},{"t":4.75706148147583,"c":{"r":[-0.5821229219436646,-4.191450031498789e-8,-0.8131007552146912,-4.637497053039397e-9,1,-4.822883781230303e-8,0.8131007552146912,-2.4304361190274905e-8,-0.5821229219436646],"p":[3374.7548828125,96.13932800292969,-326.8101806640625]},"j":false},{"t":4.804114580154419,"c":{"r":[-0.5821229219436646,-7.755815545351652e-8,-0.8131007552146912,-7.838675486482316e-9,1,-8.977372090157587e-8,0.8131007552146912,-4.5885709454296378e-8,-0.5821229219436646],"p":[3376.025146484375,95.95890808105469,-325.9004821777344]},"j":false},{"t":4.851979970932007,"c":{"r":[-0.5764293670654297,1.0008607276290605e-8,-0.8171470165252686,8.33550284351503e-10,1,1.1660232779320268e-8,0.8171470165252686,6.040167033205535e-9,-0.5764293670654297],"p":[3377.299072265625,95.3751220703125,-324.99468994140627]},"j":false},{"t":4.901586055755615,"c":{"r":[-0.5764293670654297,9.039858639425802e-8,-0.8171470165252686,8.671081630495792e-9,1,1.0451034881953092e-7,0.8171470165252686,5.315728301980016e-8,-0.5764293670654297],"p":[3378.684814453125,94.96481323242188,-324.01690673828127]},"j":false},{"t":4.94823694229126,"c":{"r":[-0.5764293670654297,3.82665588105624e-9,-0.8171470165252686,4.5321962849342869e-10,1,4.3632377710878249e-9,0.8171470165252686,2.144751265475975e-9,-0.5764293670654297],"p":[3380.070556640625,94.47042083740235,-323.03912353515627]},"j":false},{"t":4.996098041534424,"c":{"r":[-0.5764307379722595,-7.533627410793997e-8,-0.8171460032463074,-7.061433660027205e-9,1,-8.721310962300777e-8,0.8171460032463074,-4.4502094453946486e-8,-0.5764307379722595],"p":[3381.3408203125,94.0761489868164,-322.142822265625]},"j":false},{"t":5.043812990188599,"c":{"r":[-0.576429009437561,-3.644916191092307e-8,-0.8171472549438477,-3.4575755591959025e-9,1,-4.216634863496438e-8,0.8171472549438477,-2.14805577769539e-8,-0.576429009437561],"p":[3382.7265625,93.64603424072266,-321.1650390625]},"j":false},{"t":5.0926854610443119,"c":{"r":[-0.5764293670654297,5.6350451416165018e-8,-0.8171469569206238,5.23139309649423e-9,1,6.526968121534083e-8,0.8171469569206238,3.3348545258604648e-8,-0.5764293670654297],"p":[3383.996826171875,93.36908721923828,-320.26873779296877]},"j":false},{"t":5.1402268409729,"c":{"r":[-0.5649648308753967,4.9440618710150377e-8,-0.8251150250434876,4.4833341483752069e-9,1,5.684988479970343e-8,0.8251150250434876,2.841891877380931e-8,-0.5649648308753967],"p":[3385.396728515625,93.185546875,-319.2864685058594]},"j":false},{"t":5.184864521026611,"c":{"r":[-0.5533890128135681,-2.1333857347372033e-8,-0.8329229354858398,-1.3112830821171429e-9,1,-2.4742034199221054e-8,0.8329229354858398,-1.2599771892496392e-8,-0.5533890128135681],"p":[3386.568603515625,92.62320709228516,-318.4894714355469]},"j":false},{"t":5.22842001914978,"c":{"r":[-0.5417085886001587,-9.936237432839335e-8,-0.8405663967132568,-5.908205480409379e-9,1,-1.1440125291528602e-7,0.8405663967132568,-5.7005902220907959e-8,-0.5417085886001587],"p":[3387.877685546875,92.14131927490235,-317.6369934082031]},"j":false},{"t":5.27384877204895,"c":{"r":[-0.5417085886001587,-1.836210827832474e-8,-0.8405663967132568,-1.018988227130535e-9,1,-2.118822983732116e-8,0.8405663967132568,-1.0621318935477575e-8,-0.5417085886001587],"p":[3389.19091796875,91.75064849853516,-316.7907409667969]},"j":false},{"t":5.318007946014404,"c":{"r":[-0.5358276963233948,6.964974375023303e-8,-0.8443273901939392,3.9836525189684839e-9,1,7.99632857706456e-8,0.8443273901939392,3.948303728407154e-8,-0.5358276963233948],"p":[3390.385498046875,91.41592407226563,-316.0230712890625]},"j":false},{"t":5.36157488822937,"c":{"r":[-0.5358262062072754,4.363313621524867e-8,-0.8443282842636108,2.2833930302113005e-9,1,5.0228845083211129e-8,0.8443282842636108,2.4985997271187445e-8,-0.5358262062072754],"p":[3391.7041015625,91.04611206054688,-315.1865539550781]},"j":false},{"t":5.405379295349121,"c":{"r":[-0.5180273056030273,-2.143717203750839e-8,-0.8553640842437744,-5.552958648458173e-10,1,-2.4725745007003753e-8,0.8553640842437744,-1.2333631005390089e-8,-0.5180273056030273],"p":[3392.914794921875,90.8400650024414,-314.4331970214844]},"j":false},{"t":5.449441432952881,"c":{"r":[-0.5180244445800781,-9.310947035601203e-8,-0.8553658127784729,-3.0387521388064444e-9,1,-1.0701307218141665e-7,0.8553658127784729,-5.283614257223235e-8,-0.5180244445800781],"p":[3394.25537109375,90.54935455322266,-313.6207580566406]},"j":false},{"t":5.49173378944397,"c":{"r":[-0.518027663230896,-3.33521050777108e-8,-0.8553638458251953,-1.1504245334137409e-9,1,-3.829499206631226e-8,0.8553638458251953,-1.8853834049537e-8,-0.518027663230896],"p":[3395.46630859375,89.93690490722656,-312.88763427734377]},"j":false},{"t":5.536940336227417,"c":{"r":[-0.5180264115333557,6.650417816445042e-8,-0.8553646206855774,2.0593804439528187e-9,1,7.650231026445909e-8,0.8553646206855774,3.786869484656563e-8,-0.5180264115333557],"p":[3396.795654296875,89.6181869506836,-312.08245849609377]},"j":false},{"t":5.581368446350098,"c":{"r":[-0.5180248022079468,4.491447924692693e-8,-0.8553655743598938,1.4411407622816342e-9,1,5.163632010862784e-8,0.8553655743598938,2.5516193602470595e-8,-0.5180248022079468],"p":[3398.122802734375,89.14938354492188,-311.2787170410156]},"j":false},{"t":5.62241268157959,"c":{"r":[-0.5180278420448303,-3.784845770127276e-9,-0.8553637862205505,-4.8646395939266898e-11,1,-4.395376063115464e-9,0.8553637862205505,-2.2353168205313524e-9,-0.5180278420448303],"p":[3399.086181640625,88.84611511230469,-310.6950988769531]},"j":false},{"t":5.6644463539123539,"c":{"r":[-0.5299173593521118,-7.045740346711682e-8,-0.8480492830276489,-2.9220466046808726e-9,1,-8.125584116669416e-8,0.8480492830276489,-4.058084357438929e-8,-0.5299173593521118],"p":[3400.404541015625,88.42314147949219,-309.88446044921877]},"j":false},{"t":5.709569931030273,"c":{"r":[-0.5417066812515259,-4.967835565139467e-8,-0.8405675888061523,-2.071339100240266e-9,1,-5.7766083472188259e-8,0.8405675888061523,-2.9551173952313549e-8,-0.5417066812515259],"p":[3401.8310546875,88.07918548583985,-308.9827575683594]},"j":false},{"t":5.75389289855957,"c":{"r":[-0.5417065024375916,4.417666588096836e-8,-0.8405677080154419,2.537930310353431e-9,1,5.0920171190682598e-8,0.8405677080154419,2.545048438662434e-8,-0.5417065024375916],"p":[3403.022705078125,87.856201171875,-308.2151184082031]},"j":false},{"t":5.798182010650635,"c":{"r":[-0.5417081117630005,7.34421590209422e-8,-0.8405666947364807,3.796213565721018e-9,1,8.492570913176678e-8,0.8405666947364807,4.281397281147292e-8,-0.5417081117630005],"p":[3404.20458984375,87.50001525878906,-307.45355224609377]},"j":false},{"t":5.817543268203735,"c":{"r":[-0.5417081117630005,3.9785401639846899e-8,-0.8405666947364807,1.9197925471559076e-9,1,4.609442427749855e-8,0.8405666947364807,2.3356008682640096e-8,-0.5417081117630005],"p":[3404.79541015625,87.19339752197266,-307.0731201171875]},"j":true},{"t":5.82638955116272,"c":{"r":[-0.5417081117630005,2.6332761748903978e-8,-0.8405666947364807,1.1697832702495248e-9,1,3.0573517051379898e-8,0.8405666947364807,1.5578640599756e-8,-0.5417081117630005],"p":[3405.03173828125,87.6329345703125,-306.92095947265627]},"j":true},{"t":5.833337783813477,"c":{"r":[-0.5417080521583557,1.2885864819622839e-8,-0.8405666947364807,4.200937653298098e-10,1,1.5059240965342725e-8,0.8405666947364807,7.804595192340003e-9,-0.5417080521583557],"p":[3405.2734375,88.05884552001953,-306.76513671875]},"j":true},{"t":5.841301679611206,"c":{"r":[-0.5417081713676453,-5.552897031080306e-10,-0.8405666351318359,-3.292786321384966e-10