{"d":[{"t":0.04072093963623047,"c":{"r":[0.7337313294410706,8.954615537959399e-8,-0.6794396638870239,-7.329507667463986e-8,1,5.264228519763492e-8,0.6794396638870239,1.1174289049620257e-8,0.7337313294410706],"p":[3668.73095703125,24.328372955322267,-220.60745239257813]},"j":false},{"t":0.0820474624633789,"c":{"r":[0.7337313294410706,5.760812626931511e-8,-0.6794396638870239,-4.848906343113413e-8,1,3.2424040341538787e-8,0.6794396638870239,9.154860869386994e-9,0.7337313294410706],"p":[3668.89501953125,24.328372955322267,-220.7842254638672]},"j":false},{"t":0.12533116340637208,"c":{"r":[0.7337313294410706,-4.39438672117376e-8,-0.6794396638870239,3.4351277378164016e-8,1,-2.758045525297348e-8,0.6794396638870239,-3.102977430557985e-9,0.7337313294410706],"p":[3669.7236328125,24.33143424987793,-221.67959594726563]},"j":false},{"t":0.16585731506347657,"c":{"r":[0.7337313294410706,-9.073669815506946e-8,-0.6794396638870239,7.306737614953818e-8,1,-5.464042729386165e-8,0.6794396638870239,-9.553480673218928e-9,0.7337313294410706],"p":[3670.71484375,24.329565048217775,-222.74949645996095]},"j":false},{"t":0.20738792419433595,"c":{"r":[0.6946587562561035,-9.927449973190506e-9,-0.7193393707275391,1.0403664596481122e-8,1,-3.754073496509136e-9,0.7193393707275391,-4.875965409212313e-9,0.6946587562561035],"p":[3671.71533203125,24.335098266601564,-223.81056213378907]},"j":false},{"t":0.24833965301513673,"c":{"r":[0.6639283895492554,7.048319616842491e-8,-0.7477961778640747,-4.859635893694758e-8,1,5.110844014666327e-8,0.7477961778640747,2.407826826811288e-9,0.6639283895492554],"p":[3672.785888671875,24.336227416992189,-224.8005828857422]},"j":false},{"t":0.2902400493621826,"c":{"r":[0.6639283895492554,7.961849490811801e-8,-0.7477961778640747,-5.6625452771186249e-8,1,5.6196135744812639e-8,0.7477961778640747,5.034086925093106e-9,0.6639283895492554],"p":[3673.877197265625,24.100618362426759,-225.76878356933595]},"j":false},{"t":0.33428096771240237,"c":{"r":[0.6639283895492554,-1.758883527713806e-8,-0.7477961778640747,1.086340528644314e-8,1,-1.3875856907930029e-8,0.7477961778640747,1.0889623647258873e-9,0.6639283895492554],"p":[3674.968505859375,23.390256881713868,-226.73695373535157]},"j":false},{"t":0.382094144821167,"c":{"r":[0.6639283895492554,-9.804067246932391e-8,-0.7477961778640747,6.704694044401549e-8,1,-7.157874648555662e-8,0.7477961778640747,-2.6142827902475575e-9,0.6639283895492554],"p":[3676.278076171875,22.482358932495118,-227.8987579345703]},"j":false},{"t":0.42739057540893557,"c":{"r":[0.6639283895492554,-7.152816561273312e-9,-0.7477961778640747,5.745040443372318e-9,1,-4.464479896881812e-9,0.7477961778640747,-1.33202426866319e-9,0.6639283895492554],"p":[3677.478515625,22.5749568939209,-228.9637451171875]},"j":false},{"t":0.4675166606903076,"c":{"r":[0.6639283895492554,6.705126764927627e-8,-0.7477961778640747,-4.430400935007128e-8,1,5.0329994394360258e-8,0.7477961778640747,-2.8514143823876738e-10,0.6639283895492554],"p":[3678.460693359375,22.595502853393556,-229.83509826660157]},"j":false},{"t":0.5077166557312012,"c":{"r":[0.6639283895492554,7.903992838009799e-8,-0.7477961778640747,-5.2837478392575579e-8,1,5.878557374217053e-8,0.7477961778640747,4.822544585891819e-10,0.6639283895492554],"p":[3679.552001953125,22.596546173095704,-230.8032684326172]},"j":false},{"t":0.5604603290557861,"c":{"r":[0.6639283895492554,-3.297302697546911e-8,-0.7477961778640747,2.1372970948618787e-8,1,-2.5117680380049025e-8,0.7477961778640747,6.937155849762178e-10,0.6639283895492554],"p":[3680.861572265625,22.593822479248048,-231.96507263183595]},"j":false},{"t":0.575721263885498,"c":{"r":[0.669133186340332,-7.024124926147124e-8,-0.7431424856185913,4.6261860120466738e-8,1,-5.286456428166275e-8,0.7431424856185913,9.942812129182244e-10,0.669133186340332],"p":[3681.296875,22.590370178222658,-232.3534698486328]},"j":true},{"t":0.5824766159057617,"c":{"r":[0.669133186340332,-7.955473790843826e-8,-0.7431424856185913,5.2480757517514579e-8,1,-5.979757844443157e-8,0.7431424856185913,1.0118648141599352e-9,0.669133186340332],"p":[3681.4052734375,22.81184196472168,-232.45094299316407]},"j":true},{"t":0.5993168354034424,"c":{"r":[0.669133186340332,-1.2609233124294406e-7,-0.7431425452232361,8.355529956816099e-8,1,-9.444044479778313e-8,0.7431425452232361,1.0997371902021769e-9,0.669133186340332],"p":[3681.947265625,23.86811065673828,-232.93846130371095]},"j":true},{"t":0.606177568435669,"c":{"r":[0.6691331267356873,-1.4469344478129643e-7,-0.7431425452232361,9.597580685749563e-8,1,-1.0828723162603637e-7,0.7431425452232361,1.1348706419056498e-9,0.6691331267356873],"p":[3682.1640625,24.266773223876954,-233.1336212158203]},"j":false},{"t":0.6482987403869629,"c":{"r":[0.6741979718208313,-9.528118027901655e-8,-0.7385506629943848,6.20283771013419e-8,1,-7.238741517312519e-8,0.7385506629943848,2.992349923403026e-9,0.6741979718208313],"p":[3683.246826171875,26.055715560913087,-234.1105499267578]},"j":false},{"t":0.6902008056640625,"c":{"r":[0.6743021607398987,-1.64314126749332e-8,-0.7384555339813232,4.392865626812181e-9,1,-1.823981499171623e-8,0.7384555339813232,9.055210803410319e-9,0.6743021607398987],"p":[3684.323486328125,27.504032135009767,-235.0938720703125]},"j":false},{"t":0.732846736907959,"c":{"r":[0.6743025779724121,6.222271053957229e-8,-0.7384551167488098,-5.311386885864522e-8,1,3.576100127133941e-8,0.7384551167488098,1.510847447150354e-8,0.6743025779724121],"p":[3685.400146484375,28.611722946166993,-236.07730102539063]},"j":false},{"t":0.7739386558532715,"c":{"r":[0.6895467638969421,1.172993009390666e-7,-0.7242411971092224,-1.0954032347854081e-7,1,5.76688101716627e-8,0.7242411971092224,3.9568273990653327e-8,0.6895467638969421],"p":[3686.467041015625,29.3787899017334,-237.0712890625]},"j":false},{"t":0.81473708152771,"c":{"r":[0.7739635109901428,-1.2536655447092927e-7,-0.6332301497459412,-3.873773835039174e-8,1,-2.4532653242204108e-7,0.6332301497459412,2.1440368414005207e-7,0.7739635109901428],"p":[3687.48779296875,29.80522918701172,-238.11178588867188]},"j":false},{"t":0.8564126491546631,"c":{"r":[0.8715217113494873,-1.2961962170265907e-7,-0.49035686254501345,1.4286945848596133e-8,1,-2.3894483547337588e-7,0.49035686254501345,2.012399278328303e-7,0.8715217113494873],"p":[3688.352783203125,29.89104652404785,-239.28346252441407]},"j":false},{"t":0.8984167575836182,"c":{"r":[0.9242507219314575,-9.409287571315872e-8,-0.3817860782146454,1.1123370668997268e-8,1,-2.195263277826598e-7,0.3817860782146454,1.986506248385922e-7,0.9242507219314575],"p":[3689.03125,29.69623374938965,-240.5719757080078]},"j":false},{"t":0.9396586418151856,"c":{"r":[0.9685821533203125,3.616696986341594e-8,-0.24869370460510255,-1.172911545666011e-8,1,9.974662873446505e-8,0.24869370460510255,-9.369584574869805e-8,0.9685821533203125],"p":[3689.524169921875,29.75699806213379,-241.94332885742188]},"j":false},{"t":0.9815337657928467,"c":{"r":[0.9835723042488098,-2.3192512799141697e-8,-0.1805146187543869,1.6082573495168618e-8,1,-4.085065086201212e-8,0.1805146187543869,3.727642905460016e-8,0.9835723042488098],"p":[3689.83056640625,29.779193878173829,-243.36834716796876]},"j":false},{"t":1.0238971710205079,"c":{"r":[0.9848082661628723,-3.039874840737866e-8,-0.17364531755447389,1.7586444300832228e-8,1,-7.532292300993504e-8,0.17364531755447389,7.1124830469671e-8,0.9848082661628723],"p":[3690.092529296875,29.78413963317871,-244.80294799804688]},"j":false},{"t":1.0670366287231446,"c":{"r":[0.9859969615936279,-7.173366345369914e-9,-0.1667633056640625,6.001478758399514e-10,1,-3.946685112055093e-8,0.1667633056640625,3.881411103634491e-8,0.9859969615936279],"p":[3690.346435546875,29.785221099853517,-246.23910522460938]},"j":false},{"t":1.107865810394287,"c":{"r":[0.9859969615936279,1.568713514643605e-8,-0.1667632907629013,-1.6549652315234199e-8,1,-3.782439250699099e-9,0.1667632907629013,6.489348169935738e-9,0.9859969615936279],"p":[3690.5908203125,29.785459518432618,-247.67686462402345]},"j":false},{"t":1.1338095664978028,"c":{"r":[0.9871360659599304,2.9379750188240906e-8,-0.15988251566886903,-2.6921156859316399e-8,1,1.754354705951755e-8,0.15988251566886903,-1.3013646160686676e-8,0.9871360659599304],"p":[3690.735595703125,29.785499572753908,-248.53982543945313]},"j":true},{"t":1.1462688446044922,"c":{"r":[0.9871360659599304,3.621961042199473e-8,-0.15988241136074067,-3.212671728647365e-8,1,2.8184272693465574e-8,0.15988241136074067,-2.2685215483875255e-8,0.9871360659599304],"p":[3690.805908203125,30.439697265625,-248.9716339111328]},"j":true},{"t":1.152564287185669,"c":{"r":[0.987136721611023,3.849849505854763e-8,-0.15987828373908997,-3.3861176973459808e-8,1,3.172965890030355e-8,0.15987828373908997,-2.59078465347784e-8,0.987136721611023],"p":[3690.829345703125,30.650951385498048,-249.11558532714845]},"j":false},{"t":1.154594898223877,"c":{"r":[0.987136721611023,3.849849505854763e-8,-0.15987828373908997,-3.3861176973459808e-8,1,3.172965890030355e-8,0.15987828373908997,-2.59078465347784e-8,0.987136721611023],"p":[3690.829345703125,30.650951385498048,-249.11558532714845]},"j":true},{"t":1.1999030113220215,"c":{"r":[0.9739784002304077,4.02922104569825e-8,-0.22664082050323487,-4.9648182454120618e-8,1,-3.558074723741811e-8,0.22664082050323487,4.5907182055771048e-8,0.9739784002304077],"p":[3691.119873046875,32.92031478881836,-250.84127807617188]},"j":false},{"t":1.2399468421936036,"c":{"r":[0.9401925206184387,-6.546134301288476e-8,-0.3406435549259186,6.2328342487205649e-9,1,-1.749666864725441e-7,0.3406435549259186,1.6237919453487849e-7,0.9401925206184387],"p":[3691.507568359375,34.43675231933594,-252.24583435058595]},"j":false},{"t":1.2821009159088135,"c":{"r":[0.9220663905143738,-6.87418406641882e-8,-0.38703176379203799,1.3118119923660743e-8,1,-1.4636023593084247e-7,0.38703176379203799,1.298767244861665e-7,0.9220663905143738],"p":[3692.031494140625,35.612571716308597,-253.60658264160157]},"j":false},{"t":1.3234665393829346,"c":{"r":[0.9191431403160095,-6.50581597483324e-8,-0.39392369985580447,1.4159308392436288e-8,1,-1.3211626992415405e-7,0.39392369985580447,1.1585607495590011e-7,0.9191431403160095],"p":[3692.600830078125,36.4477653503418,-254.9490966796875]},"j":false},{"t":1.364872694015503,"c":{"r":[0.919135570526123,-6.336939861739666e-8,-0.3939414322376251,1.5484225457385038e-8,1,-1.2473249455524638e-7,0.3939414322376251,1.085461960315115e-7,0.919135570526123],"p":[3693.174560546875,36.94232940673828,-256.2894287109375]},"j":false},{"t":1.4073421955108643,"c":{"r":[0.9080672264099121,-7.141273528077363e-8,-0.4188244640827179,1.7725156453707315e-8,1,-1.3207704796514009e-7,0.4188244640827179,1.1251110976218115e-7,0.9080672264099121],"p":[3693.753173828125,37.09627151489258,-257.6278076171875]},"j":false},{"t":1.4492344856262208,"c":{"r":[0.8829901814460754,-4.927788666009292e-8,-0.469391405582428,5.420207838113811e-9,1,-9.478635121240586e-8,0.469391405582428,8.115122085428084e-8,0.8829901814460754],"p":[3694.38623046875,37.482574462890628,-258.94134521484377]},"j":false},{"t":1.4914798736572266,"c":{"r":[0.8729212880134583,3.807305759551127e-8,-0.4878610372543335,-1.552248463099204e-8,1,5.0266674378462997e-8,0.4878610372543335,-3.630603728765891e-8,0.8729212880134583],"p":[3695.0859375,38.32256317138672,-260.2207946777344]},"j":false},{"t":1.5414865016937256,"c":{"r":[0.8694961667060852,4.0900712150460097e-8,-0.4939396381378174,-8.86408102473979e-9,1,6.720137690763295e-8,0.4939396381378174,-5.4053021614208777e-8,0.8694961667060852],"p":[3695.942138671875,38.542903900146487,-261.7466125488281]},"j":false},{"t":1.5820183753967286,"c":{"r":[0.8660257458686829,1.4435232564835588e-8,-0.499999463558197,5.0674873186551398e-9,1,3.76476556596117e-8,0.499999463558197,-3.5137578180410858e-8,0.8660257458686829],"p":[3696.669189453125,38.57619857788086,-263.0108642578125]},"j":false},{"t":1.6167488098144532,"c":{"r":[0.8660257458686829,-6.997115775675411e-9,-0.499999463558197,1.6191375351581884e-8,1,1.4050079322203146e-8,0.499999463558197,-2.0263408728737887e-8,0.8660257458686829],"p":[3697.253173828125,38.58275604248047,-264.0211181640625]},"j":true},{"t":1.625234842300415,"c":{"r":[0.8660257458686829,-1.2349487654716995e-8,-0.499999463558197,1.8969384285583147e-8,1,8.156982644891287e-9,0.499999463558197,-1.6548838743801754e-8,0.8660257458686829],"p":[3697.399169921875,39.02229690551758,-264.273681640625]},"j":false},{"t":1.6268243789672852,"c":{"r":[0.8660257458686829,-1.2349487654716995e-8,-0.499999463558197,1.8969384285583147e-8,1,8.156982644891287e-9,0.499999463558197,-1.6548838743801754e-8,0.8660257458686829],"p":[3697.399169921875,39.02229690551758,-264.273681640625]},"j":true},{"t":1.6343190670013428,"c":{"r":[0.8693724274635315,-1.81561450318668e-8,-0.49415743350982668,2.1821993101411864e-8,1,1.6498666877140523e-9,0.49415743350982668,-1.22178489547764e-8,0.8693724274635315],"p":[3697.545166015625,39.448211669921878,-264.5262451171875]},"j":true},{"t":1.6660234928131104,"c":{"r":[0.8827452659606934,-6.213495851170592e-8,-0.46985194087028506,3.606005094525244e-8,1,-6.449505463024252e-8,0.46985194087028506,3.998981412678404e-8,0.8827452659606934],"p":[3698.111572265625,41.01560974121094,-265.5461120605469]},"j":false},{"t":1.7069392204284669,"c":{"r":[0.898618221282959,-8.8883858495592e-8,-0.43873143196105959,3.142330839978058e-8,1,-1.382310443887036e-7,0.43873143196105959,1.1043054115589257e-7,0.898618221282959],"p":[3698.77978515625,42.66830825805664,-266.84222412109377]},"j":false},{"t":1.749849557876587,"c":{"r":[0.8987931609153748,-2.986900327073272e-8,-0.43837296962738039,-1.3799128062430555e-8,1,-9.642831599876445e-8,0.43837296962738039,9.271827394741195e-8,0.8987931609153748],"p":[3699.41943359375,43.98037338256836,-268.1528625488281]},"j":false},{"t":1.797945261001587,"c":{"r":[0.8926509618759155,3.337036247330616e-8,-0.4507485628128052,-6.68204478415646e-8,1,-5.829630111975348e-8,0.4507485628128052,8.215747016038222e-8,0.8926509618759155],"p":[3700.195068359375,45.105228424072269,-269.7217102050781]},"j":false},{"t":1.8415412902832032,"c":{"r":[0.886279284954071,7.35413010488628e-8,-0.4631512463092804,-1.0930211402637724e-7,1,-5.0374246995943398e-8,0.4631512463092804,9.526905841994449e-8,0.886279284954071],"p":[3700.858642578125,45.66791534423828,-271.0202331542969]},"j":false},{"t":1.8834002017974854,"c":{"r":[0.8862044215202332,1.069840536160882e-7,-0.4632944166660309,-1.5086220628290904e-7,1,-5.7653839036220236e-8,0.4632944166660309,1.2098669799343043e-7,0.8862044215202332],"p":[3701.534912109375,45.88998794555664,-272.31268310546877]},"j":false},{"t":1.92401123046875,"c":{"r":[0.873126208782196,6.22768396851825e-8,-0.48749417066574099,-1.0777650061299937e-7,1,-6.528416207629562e-8,0.48749417066574099,1.0954173745858498e-7,0.873126208782196],"p":[3702.222900390625,45.77143096923828,-273.5984802246094]},"j":false},{"t":1.9667341709136963,"c":{"r":[0.8555806279182434,-8.063409495662199e-8,-0.5176695585250855,1.2948405014867604e-8,1,-1.3436310553061049e-7,0.5176695585250855,1.0825547747117526e-7,0.8555806279182434],"p":[3702.953369140625,45.3122444152832,-274.8605651855469]},"j":false},{"t":2.0150554180145265,"c":{"r":[0.8020996451377869,-1.3297257339672797e-7,-0.597190260887146,2.8179478306356033e-8,1,-1.8481517827240169e-7,0.597190260887146,1.314116815365196e-7,0.8020996451377869],"p":[3703.909423828125,44.31159591674805,-276.3255920410156]},"j":false},{"t":2.0579276084899904,"c":{"r":[0.648883044719696,-9.228022435081584e-8,-0.7608881592750549,7.7562054556779e-9,1,-1.1466514848734733e-7,0.7608881592750549,6.8502664873904e-8,0.648883044719696],"p":[3704.8583984375,43.10304260253906,-277.4271240234375]},"j":false},{"t":2.1003496646881105,"c":{"r":[0.5299221277236939,7.13868999469014e-8,-0.8480463027954102,-4.380011908722281e-9,1,8.144110807961624e-8,0.8480463027954102,-3.9442991095484106e-8,0.5299221277236939],"p":[3706.020751953125,41.636932373046878,-278.3053894042969]},"j":false},{"t":2.1174299716949465,"c":{"r":[0.518027663230896,4.174469481199594e-8,-0.8553638458251953,-1.7495494830654935e-8,1,3.820776584007035e-8,0.8553638458251953,-4.82766671083823e-9,0.518027663230896],"p":[3706.513671875,41.61388397216797,-278.6173095703125]},"j":true},{"t":2.125495672225952,"c":{"r":[0.512043833732605,2.6811305176011048e-8,-0.8589593172073364,-2.435019474944511e-8,1,1.6698042060170338e-8,0.8589593172073364,1.2365696910876523e-8,0.512043833732605],"p":[3706.7607421875,42.05342483520508,-278.77203369140627]},"j":true},{"t":2.1333277225494386,"c":{"r":[0.49459341168403628,6.504079941294094e-9,-0.8691244721412659,-3.13457633183134e-8,1,-1.035447461106287e-8,0.8691244721412659,3.2364624757974528e-8,0.49459341168403628],"p":[3707.010498046875,42.479339599609378,-278.9227600097656]},"j":true},{"t":2.1406426429748537,"c":{"r":[0.4766579866409302,-3.6631764288586058e-8,-0.879088819026947,-3.773770274051458e-8,1,-6.213222292217324e-8,0.879088819026947,6.279061182112855e-8,0.4766579866409302],"p":[3707.26318359375,42.89162826538086,-279.068359375]},"j":false},{"t":2.182116746902466,"c":{"r":[0.3885708451271057,-1.5443747258814256e-7,-0.9214188456535339,5.16232345759704e-9,1,-1.65431330856336e-7,0.9214188456535339,5.952512793783171e-8,0.3885708451271057],"p":[3708.569091796875,44.748695373535159,-279.7155456542969]},"j":false},{"t":2.2237136363983156,"c":{"r":[0.3490578234195709,-1.6442498917967897e-7,-0.9371011853218079,2.214496142016742e-8,1,-1.672126046514677e-7,0.9371011853218079,3.7614796610796478e-8,0.3490578234195709],"p":[3709.9208984375,46.265132904052737,-280.26214599609377]},"j":false},{"t":2.264605760574341,"c":{"r":[0.3224712610244751,-1.335028230187163e-7,-0.9465792775154114,1.7514070194124544e-8,1,-1.3507060714346154e-7,0.9465792775154114,2.6977934552974149e-8,0.3224712610244751],"p":[3711.293701171875,47.44095230102539,-280.7542419433594]},"j":false},{"t":2.3060426712036135,"c":{"r":[0.3092617988586426,-1.6272301195385808e-7,-0.9509769678115845,1.616768940948532e-8,1,-1.6585362061505294e-7,0.9509769678115845,3.591708619410383e-8,0.3092617988586426],"p":[3712.6767578125,48.276145935058597,-281.2171630859375]},"j":false},{"t":2.3483359813690187,"c":{"r":[0.30261075496673586,-8.658586381216083e-8,-0.9531142115592957,6.115288719854561e-9,1,-8.890362579450084e-8,0.9531142115592957,2.1074624712014157e-8,0.30261075496673586],"p":[3714.0634765625,48.77070999145508,-281.6684265136719]},"j":false},{"t":2.3896632194519045,"c":{"r":[0.30237191915512087,3.009471782888795e-8,-0.95319002866745,-6.676646346903681e-9,1,2.9454659156158415e-8,0.95319002866745,-2.542148713757797e-9,0.30237191915512087],"p":[3715.45263671875,48.924652099609378,-282.1099853515625]},"j":false},{"t":2.431072235107422,"c":{"r":[0.30217841267585757,1.4125077996141045e-7,-0.9532513618469238,-1.8831583403766673e-8,1,1.4220832156297548e-7,0.9532513618469238,-2.5021053673413008e-8,0.30217841267585757],"p":[3716.84326171875,48.737972259521487,-282.54766845703127]},"j":false},{"t":2.4740772247314455,"c":{"r":[0.36063873767852785,-1.394776472096737e-8,-0.9327055811882019,-3.1566018687811949e-9,1,-1.617461897751582e-8,0.9327055811882019,8.777374382873404e-9,0.36063873767852785],"p":[3718.2255859375,48.210662841796878,-283.0117492675781]},"j":false},{"t":2.5153467655181886,"c":{"r":[0.4441624879837036,-1.446133950366857e-7,-0.8959462642669678,1.0059736155199062e-8,1,-1.5642147843664135e-7,0.8959462642669678,6.046357725608687e-8,0.4441624879837036],"p":[3719.560302734375,47.34272384643555,-283.59747314453127]},"j":false},{"t":2.556922674179077,"c":{"r":[0.4694460332393646,-5.140181258411758e-8,-0.8829611539840698,1.886887313062857e-9,1,-5.7212051984834036e-8,0.8829611539840698,2.5191923214151758e-8,0.4694460332393646],"p":[3720.85595703125,46.13417053222656,-284.2666931152344]},"j":false},{"t":2.5977108478546144,"c":{"r":[0.4694714844226837,7.665485668439942e-8,-0.8829476237297058,-7.869930485071564e-9,1,8.263248219009256e-8,0.8829476237297058,-3.1844855641338657e-8,0.4694714844226837],"p":[3722.013916015625,44.973480224609378,-284.88275146484377]},"j":false},{"t":2.6181721687316896,"c":{"r":[0.4756278395652771,7.973578419750993e-8,-0.8796465992927551,-7.435363880148316e-9,1,8.66249152409182e-8,0.8796465992927551,-3.4660729397728576e-8,0.4756278395652771],"p":[3722.65673828125,45.02931213378906,-285.22637939453127]},"j":true},{"t":2.625743865966797,"c":{"r":[0.475623220205307,7.701047621821999e-8,-0.8796491026878357,-7.029149706738735e-9,1,8.374617266326823e-8,0.8796491026878357,-3.364844047837323e-8,0.475623220205307],"p":[3722.78515625,45.25078582763672,-285.2956237792969]},"j":true},{"t":2.643691062927246,"c":{"r":[0.47562745213508608,6.339161018331652e-8,-0.8796468377113342,-4.999318292675525e-9,1,6.936169683058324e-8,0.8796468377113342,-2.859269265798048e-8,0.47562745213508608],"p":[3723.427001953125,46.30705642700195,-285.6419982910156]},"j":false},{"t":2.645618438720703,"c":{"r":[0.47562745213508608,6.339161018331652e-8,-0.8796468377113342,-4.999318292675525e-9,1,6.936169683058324e-8,0.8796468377113342,-2.859269265798048e-8,0.47562745213508608],"p":[3723.427001953125,46.30705642700195,-285.6419982910156]},"j":true},{"t":2.691025733947754,"c":{"r":[0.46969521045684817,3.03215017538605e-8,-0.8828286528587341,-1.5209777881608489e-10,1,3.426492867220077e-8,0.8828286528587341,-1.595979703949979e-8,0.46969521045684817],"p":[3724.965087890625,48.49466323852539,-286.4743957519531]},"j":false},{"t":2.7311861515045168,"c":{"r":[0.469475656747818,-6.489006665333363e-9,-0.8829454183578491,4.240433781887987e-9,1,-5.094568766850216e-9,0.8829454183578491,-1.3522957198475183e-9,0.469475656747818],"p":[3726.251708984375,49.94297409057617,-287.1595458984375]},"j":false},{"t":2.773637056350708,"c":{"r":[0.44511932134628298,-6.414749265104547e-8,-0.8954712748527527,9.203673378976874e-9,1,-6.706050470484115e-8,0.8954712748527527,2.160830270270253e-8,0.44511932134628298],"p":[3727.5439453125,51.05066680908203,-287.8348083496094]},"j":false},{"t":2.815681219100952,"c":{"r":[0.4008263349533081,-1.3473679416620144e-7,-0.9161540269851685,8.536163775829664e-9,1,-1.4333318176795729e-7,0.9161540269851685,4.9631271537009528e-8,0.4008263349533081],"p":[3728.8623046875,51.8177375793457,-288.45770263671877]},"j":false},{"t":2.8568379878997804,"c":{"r":[0.3303389251232147,-1.6649325118578418e-7,-0.9438623785972595,6.799004470536829e-9,1,-1.7401612240064424e-7,0.9438623785972595,5.106697642531799e-8,0.3303389251232147],"p":[3730.207763671875,52.244178771972659,-289.0195617675781]},"j":false},{"t":2.8994524478912355,"c":{"r":[0.23672309517860413,-1.7337100643999293e-7,-0.9715771675109863,8.715135280112918e-9,1,-1.763194319437389e-7,0.9715771675109863,3.327145492448835e-8,0.23672309517860413],"p":[3731.595947265625,52.32999038696289,-289.4632263183594]},"j":false},{"t":2.9401943683624269,"c":{"r":[0.17365950345993043,9.443001403042217e-8,-0.9848057627677918,2.4021082900560488e-9,1,9.63105293294575e-8,0.9848057627677918,-1.9090848013547658e-8,0.17365950345993043],"p":[3733.020263671875,51.801029205322269,-289.7754821777344]},"j":false},{"t":2.981802463531494,"c":{"r":[0.09063487499952316,4.8562586840716906e-8,-0.9958841800689697,-2.481423677647143e-10,1,4.874070214100357e-8,0.9958841800689697,-4.170486622712133e-9,0.09063487499952316],"p":[3734.462646484375,50.91767883300781,-289.9850158691406]},"j":false},{"t":3.023442029953003,"c":{"r":[0.06975814700126648,-3.4118379232950249e-8,-0.9975639581680298,-7.2441341814055708e-9,1,-3.47082682594646e-8,0.9975639581680298,9.647671106449707e-9,0.06975814700126648],"p":[3735.916259765625,50.50266647338867,-290.10418701171877]},"j":false},{"t":3.064586639404297,"c":{"r":[0.000001361594627269369,-1.1759951945577996e-7,-1,-1.7644529393123777e-8,1,-1.1759954077206203e-7,1,1.7644689265239323e-8,0.000001361594627269369],"p":[3737.372314453125,50.56528091430664,-290.17901611328127]},"j":false},{"t":3.07706356048584,"c":{"r":[-0.027920735999941827,-9.896989183744154e-8,-0.9996101260185242,-1.5165955602469695e-8,1,-9.858487715064257e-8,0.9996101260185242,1.2407481264631315e-8,-0.027920735999941827],"p":[3737.663818359375,50.570552825927737,-290.1803894042969]},"j":true},{"t":3.0848987102508547,"c":{"r":[-0.06278930604457855,-8.027431164236987e-8,-0.9980267882347107,-1.2026640128226518e-8,1,-7.967638282480039e-8,0.9980267882347107,7.000084512043259e-9,-0.06278930604457855],"p":[3737.955322265625,51.010093688964847,-290.1811218261719]},"j":true},{"t":3.095496416091919,"c":{"r":[-0.08292799443006516,-6.697342769257375e-8,-0.9965555667877197,-8.142574614566911e-9,1,-6.652732764678149e-8,0.9965555667877197,2.597549508820407e-9,-0.08292799443006516],"p":[3738.246826171875,51.43600845336914,-290.1744384765625]},"j":true},{"t":3.106142044067383,"c":{"r":[-0.11755163967609406,-9.585777149823116e-8,-0.9930667877197266,3.76033731930292e-10,1,-9.657153299258425e-8,0.9930667877197266,-1.1725568072051829e-8,-0.11755163967609406],"p":[3738.68310546875,52.04933166503906,-290.1457824707031]},"j":false},{"t":3.1483895778656008,"c":{"r":[-0.24765600264072419,-2.0851695126111736e-7,-0.9688480496406555,1.217842982015327e-8,1,-2.183345628736788e-7,0.9688480496406555,-6.587091405663159e-8,-0.24765600264072419],"p":[3740.124755859375,53.872337341308597,-289.931884765625]},"j":false},{"t":3.190986156463623,"c":{"r":[-0.3021329939365387,-1.7240510885585537e-7,-0.9532657861709595,9.088680918978298e-9,1,-1.837379386415705e-7,0.9532657861709595,-6.417722175910967e-8,-0.3021329939365387],"p":[3741.668212890625,55.484214782714847,-289.4981994628906]},"j":false},{"t":3.2322211265563967,"c":{"r":[-0.3087766170501709,-1.6141817127390824e-7,-0.9511345624923706,8.398614248505965e-9,1,-1.7243770855657204e-7,0.9511345624923706,-6.123294582494054e-8,-0.3087766170501709],"p":[3743.057373046875,56.5919075012207,-289.05731201171877]},"j":false},{"t":3.273514747619629,"c":{"r":[-0.4117831587791443,-1.6737006092171215e-7,-0.9112818837165833,9.535246370262485e-9,1,-1.879731428289233e-7,0.9112818837165833,-8.609347190713379e-8,-0.4117831587791443],"p":[3744.426025390625,57.358978271484378,-288.5561828613281]},"j":false},{"t":3.3155722618103029,"c":{"r":[-0.4747994840145111,-1.416631789652456e-7,-0.8800939917564392,8.827243824782727e-9,1,-1.6572586503116327e-7,0.8800939917564392,-8.645536553331113e-8,-0.4747994840145111],"p":[3745.7392578125,57.78541946411133,-287.9232482910156]},"j":false},{"t":3.356280565261841,"c":{"r":[-0.6710252165794373,-3.652272084764263e-7,-0.7414345145225525,1.9732832257091105e-8,1,-5.10454299273988e-7,0.7414345145225525,-3.571582851691346e-7,-0.6710252165794373],"p":[3746.9833984375,57.87123107910156,-287.16595458984377]},"j":false},{"t":3.3981051445007326,"c":{"r":[-0.7142814993858337,-9.588181626440928e-8,-0.6998584866523743,1.0058283095304433e-8,1,-1.4726728636560439e-7,0.6998584866523743,-1.1222967088997393e-7,-0.7142814993858337],"p":[3748.084228515625,57.61642837524414,-286.2167053222656]},"j":false},{"t":3.440575122833252,"c":{"r":[-0.7144719362258911,8.467021928026952e-8,-0.6996641159057617,-3.756952970945804e-9,1,1.248519936325465e-7,0.6996641159057617,9.183185056826915e-8,-0.7144719362258911],"p":[3749.10498046875,57.02099609375,-285.17535400390627]},"j":false},{"t":3.4823415279388429,"c":{"r":[-0.6901222467422485,6.315507050658198e-8,-0.7236928343772888,-6.084472037315436e-9,1,9.307001391789527e-8,0.7236928343772888,6.86329784116424e-8,-0.6901222467422485],"p":[3750.13427734375,56.08493423461914,-284.1422424316406]},"j":false},{"t":3.5233585834503176,"c":{"r":[-0.6845517754554749,-2.56137351328789e-8,-0.7289642691612244,-1.8464699769182858e-9,1,-3.3403189547698278e-8,0.7289642691612244,-2.1520200732538798e-8,-0.6845517754554749],"p":[3751.08837890625,54.95124816894531,-283.24163818359377]},"j":false},{"t":3.559159755706787,"c":{"r":[-0.6845487356185913,-8.034292164893486e-8,-0.7289670705795288,1.5709723522050468e-9,1,-1.1168999236588206e-7,0.7289670705795288,-7.760242937138173e-8,-0.6845487356185913],"p":[3751.93798828125,53.7119026184082,-282.44305419921877]},"j":true},{"t":3.567025661468506,"c":{"r":[-0.6845487952232361,-7.064294749170586e-8,-0.7289670705795288,2.3062669551876526e-9,1,-9.907402898079454e-8,0.7289670705795288,-6.950219955115245e-8,-0.6845487952232361],"p":[3752.256591796875,53.621482849121097,-282.1435852050781]},"j":false},{"t":3.5683720111846926,"c":{"r":[-0.6845487952232361,-7.064294749170586e-8,-0.7289670705795288,2.3062669551876526e-9,1,-9.907402898079454e-8,0.7289670705795288,-6.950219955115245e-8,-0.6845487952232361],"p":[3752.256591796875,53.621482849121097,-282.1435852050781]},"j":true},{"t":3.576188564300537,"c":{"r":[-0.6845486164093018,-6.741102254181897e-8,-0.7289672493934631,2.551264755012994e-9,1,-9.487050078860193e-8,0.7289672493934631,-6.680325981278657e-8,-0.6845486164093018],"p":[3752.36279296875,53.84295654296875,-282.04376220703127]},"j":true},{"t":3.5922176837921144,"c":{"r":[-0.6942950487136841,-5.215784781853472e-8,-0.7196904420852661,4.064097502975983e-9,1,-7.639330590336613e-8,0.7196904420852661,-5.59643886788308e-8,-0.6942950487136841],"p":[3752.893798828125,54.916259765625,-281.5446472167969]},"j":true},{"t":3.6079914569854738,"c":{"r":[-0.7185533046722412,-7.042570615567456e-8,-0.6954718828201294,7.840177396190029e-9,1,-1.0936357597302049e-7,0.6954718828201294,-8.403618068086871e-8,-0.7185533046722412],"p":[3753.31201171875,55.713584899902347,-281.13812255859377]},"j":false},{"t":3.650071144104004,"c":{"r":[-0.7955225110054016,-1.0357727120435811e-7,-0.6059240698814392,8.954097019397978e-9,1,-1.8269692247940839e-7,0.6059240698814392,-1.5076501824751177e-7,-0.7955225110054016],"p":[3754.282958984375,57.468467712402347,-280.05096435546877]},"j":false},{"t":3.699647903442383,"c":{"r":[-0.8722302317619324,-9.941120993062214e-8,-0.489095538854599,1.200584076599398e-8,1,-2.2466585392066919e-7,0.489095538854599,-2.0183234994419764e-7,-0.8722302317619324],"p":[3755.274169921875,59.12469482421875,-278.61041259765627]},"j":false},{"t":3.7398035526275636,"c":{"r":[-0.901722252368927,-6.9479717978993e-8,-0.43231576681137087,9.369699682792998e-9,1,-1.8025848191882688e-7,0.43231576681137087,-1.665937645611848e-7,-0.901722252368927],"p":[3755.94140625,60.13019561767578,-277.3143005371094]},"j":false},{"t":3.781707763671875,"c":{"r":[-0.9048212766647339,-3.8432702353929929e-8,-0.42579153180122378,4.661901975566707e-9,1,-1.0016847795668582e-7,0.42579153180122378,-9.261957245598751e-8,-0.9048212766647339],"p":[3756.564453125,60.79507827758789,-275.99591064453127]},"j":false},{"t":3.8239452838897707,"c":{"r":[-0.9048269391059876,1.6920683520993408e-8,-0.4257794916629791,-3.315745678023063e-9,1,4.678679843550526e-8,0.4257794916629791,4.374573592258457e-8,-0.9048269391059876],"p":[3757.1845703125,61.11933517456055,-274.67633056640627]},"j":false},{"t":3.8653900623321535,"c":{"r":[-0.9048253297805786,4.557144350769704e-8,-0.4257829785346985,-7.1408607915657289e-9,1,1.2220468192936097e-7,0.4257829785346985,1.1361434815171379e-7,-0.9048253297805786],"p":[3757.8046875,61.102962493896487,-273.35675048828127]},"j":false},{"t":3.906747579574585,"c":{"r":[-0.8634194135665894,-2.586810055049682e-8,-0.5044867992401123,7.71021113621373e-9,1,-6.44719477804756e-8,0.5044867992401123,-5.955602944140992e-8,-0.8634194135665894],"p":[3758.451416015625,60.74596405029297,-272.0497741699219]},"j":false},{"t":3.9481863975524904,"c":{"r":[-0.7394065856933594,-2.845481503754854e-7,-0.6732591390609741,3.203584242328361e-8,1,-4.5782616098222208e-7,0.6732591390609741,-3.600881086640584e-7,-0.7394065856933594],"p":[3759.164794921875,60.13343811035156,-270.9503173828125]},"j":false},{"t":3.9900593757629396,"c":{"r":[-0.7145131230354309,-1.2338026067482134e-7,-0.6996220350265503,5.415567994049297e-9,1,-1.818835642097838e-7,0.6996220350265503,-1.3374705076785177e-7,-0.7145131230354309],"p":[3760.2373046875,59.010101318359378,-269.7610778808594]},"j":false},{"t":4.03150200843811,"c":{"r":[-0.7477735280990601,2.827538558847209e-8,-0.6639539003372192,-1.3868632464664188e-8,1,5.820582060778179e-8,0.6639539003372192,5.2732900712726408e-8,-0.7477735280990601],"p":[3761.244873046875,57.6312255859375,-268.70709228515627]},"j":false},{"t":4.041765451431274,"c":{"r":[-0.7615278363227844,5.505878419853616e-8,-0.6481322050094605,-1.5460244640053135e-8,1,1.0311505604931881e-7,0.6481322050094605,8.854527067114759e-8,-0.7615278363227844],"p":[3761.439453125,57.314579010009769,-268.48980712890627]},"j":true},{"t":4.067294597625732,"c":{"r":[-0.7965266704559326,7.333687790378463e-8,-0.6046034097671509,-5.815838921563454e-9,1,1.2895948486857379e-7,0.6046034097671509,1.0623594448588847e-7,-0.7965266704559326],"p":[3762.002197265625,56.832252502441409,-267.81964111328127]},"j":true},{"t":4.073898077011108,"c":{"r":[-0.8130975961685181,7.822953307368152e-8,-0.5821273922920227,-2.1469561684028806e-9,1,1.373843900864813e-7,0.5821273922920227,1.1295671242805838e-7,-0.8130975961685181],"p":[3762.185791015625,57.271793365478519,-267.5928955078125]},"j":false},{"t":4.075535535812378,"c":{"r":[-0.8130975961685181,7.822953307368152e-8,-0.5821273922920227,-2.1469561684028806e-9,1,1.373843900864813e-7,0.5821273922920227,1.1295671242805838e-7,-0.8130975961685181],"p":[3762.185791015625,57.271793365478519,-267.5928955078125]},"j":true},{"t":4.084452867507935,"c":{"r":[-0.8322247862815857,7.408348778881191e-8,-0.5544383525848389,2.471552740246352e-9,1,1.2990911102406245e-7,0.5544383525848389,1.0674326489379382e-7,-0.8322247862815857],"p":[3762.363525390625,57.69770812988281,-267.3616638183594]},"j":true},{"t":4.116519451141357,"c":{"r":[-0.9009467363357544,-9.380703858141715e-8,-0.4339297115802765,1.1790788789767248e-8,1,-2.406608814453648e-7,0.4339297115802765,-2.2193901827449737e-7,-0.9009467363357544],"p":[3762.991455078125,59.265106201171878,-266.3809509277344]},"j":false},{"t":4.164828062057495,"c":{"r":[-0.9441412687301636,-4.874030423707154e-8,-0.32954099774360659,1.0846664899588632e-8,1,-1.789795192053134e-7,0.32954099774360659,-1.7255636919344398e-7,-0.9441412687301636],"p":[3763.68310546875,61.20746612548828,-264.77685546875]},"j":false},{"t":4.2061381340026859,"c":{"r":[-0.9466454386711121,-2.4127793096795359e-8,-0.32227686047554018,9.92396831378528e-9,1,-1.0401700478723797e-7,0.32227686047554018,-1.0166549202494935e-7,-0.9466454386711121],"p":[3764.15673828125,62.45140838623047,-263.3974304199219]},"j":false},{"t":4.248441934585571,"c":{"r":[-0.9445185661315918,-3.6003915404592137e-9,-0.32845795154571535,9.130787681499442e-9,1,-3.721812547041736e-8,0.32845795154571535,-3.815229376868956e-8,-0.9445185661315918],"p":[3764.6279296875,63.3547248840332,-262.0168151855469]},"j":false},{"t":4.289889574050903,"c":{"r":[-0.9397938251495361,1.0060755784024878e-8,-0.34174197912216189,9.048257254562487e-9,1,4.556827803980923e-9,0.34174197912216189,1.1903090735287947e-9,-0.9397938251495361],"p":[3765.10986328125,63.91741180419922,-260.6405944824219]},"j":false},{"t":4.330934047698975,"c":{"r":[-0.9137759804725647,-4.089139693519428e-8,-0.4062185287475586,1.3226000739052779e-8,1,-1.3041501745192364e-7,0.4062185287475586,-1.24542751223089e-7,-0.9137759804725647],"p":[3765.64990234375,64.13946533203125,-259.28643798828127]},"j":false},{"t":4.374220371246338,"c":{"r":[-0.9135481715202332,-4.417764287723003e-8,-0.406730592250824,8.516256588819715e-10,1,-1.1052928527988115e-7,0.406730592250824,-1.0132021088793408e-7,-0.9135481715202332],"p":[3766.242431640625,64.02088928222656,-257.95379638671877]},"j":false},{"t":4.414599418640137,"c":{"r":[-0.9077774882316589,-4.9057295115062519e-8,-0.41945207118988039,-1.1639741614999366e-8,1,-9.176495296969733e-8,0.41945207118988039,-7.841984484002751e-8,-0.9077774882316589],"p":[3766.847412109375,63.44888687133789,-256.62689208984377]},"j":false},{"t":4.4562482833862309,"c":{"r":[-0.9077774882316589,-5.254945278920786e-8,-0.41945207118988039,-2.4130470066552335e-8,1,-7.305806093427236e-8,0.41945207118988039,-5.619888554520003e-8,-0.9077774882316589],"p":[3767.460205078125,62.53305435180664,-255.30303955078126]},"j":false},{"t":4.498636722564697,"c":{"r":[-0.9077745676040649,-5.6034423323580998e-8,-0.4194583594799042,-3.659455671822798e-8,1,-5.4391136927733899e-8,0.4194583594799042,-3.4024999706616657e-8,-0.9077745676040649],"p":[3768.072998046875,62.52059555053711,-253.97918701171876]},"j":false},{"t":4.539745092391968,"c":{"r":[-0.9135434627532959,-5.877632247575093e-8,-0.40674111247062685,-4.7632919830675749e-8,1,-3.752160893100154e-8,0.40674111247062685,-1.4903354994544317e-8,-0.9135434627532959],"p":[3768.6162109375,62.56839370727539,-252.78433227539063]},"j":false},{"t":4.551425457000732,"c":{"r":[-0.9135435819625855,-5.98182694488969e-8,-0.4067409038543701,-5.128150348809868e-8,1,-3.1888564677728939e-8,0.4067409038543701,-8.273309148876251e-9,-0.9135435819625855],"p":[3768.794189453125,62.57465362548828,-252.38473510742188]},"j":true},{"t":4.5616161823272709,"c":{"r":[-0.9163638353347778,-6.045325307013627e-8,-0.40034645795822146,-5.368630695556931e-8,1,-2.8118309458591285e-8,0.40034645795822146,-4.27347845999293e-9,-0.9163638353347778],"p":[3768.912841796875,63.01419448852539,-252.1182861328125]},"j":true},{"t":4.568414211273193,"c":{"r":[-0.9216675758361816,-6.193530310838469e-8,-0.38798052072525027,-5.588976037529392e-8,1,-2.686609335000867e-8,0.38798052072525027,-3.0774687242995926e-9,-0.9216675758361816],"p":[3769.0302734375,63.44010925292969,-251.85122680664063]},"j":true},{"t":4.581175804138184,"c":{"r":[-0.9321668744087219,-7.149706249265364e-8,-0.36202892661094668,-5.8149144166463887e-8,1,-4.776511985937759e-8,0.36202892661094668,-2.3473388566230825e-8,-0.9321668744087219],"p":[3769.199951171875,64.05342864990235,-251.44790649414063]},"j":false},{"t":4.624067783355713,"c":{"r":[-0.950885534286499,-6.131473639925389e-8,-0.30954277515411379,-1.1360038243424242e-8,1,-1.6318466578013614e-7,0.30954277515411379,-1.5165352351687034e-7,-0.950885534286499],"p":[3769.758544921875,66.03997802734375,-249.944580078125]},"j":false},{"t":4.6651389598846439,"c":{"r":[-0.9591439962387085,1.3342992488674099e-8,-0.2829183042049408,5.0003361451445019e-8,1,-1.2235841495567002e-7,0.2829183042049408,-1.3150621214208514e-7,-0.9591439962387085],"p":[3770.1943359375,67.48829650878906,-248.5530242919922]},"j":false},{"t":4.706474781036377,"c":{"r":[-0.9764024019241333,1.5272544118261068e-8,-0.2159590870141983,5.051637685937749e-8,1,-1.5767695060731058e-7,0.2159590870141983,-1.6486562515183324e-7,-0.9764024019241333],"p":[3770.58447265625,68.59599304199219,-247.14825439453126]},"j":false},{"t":4.750223875045776,"c":{"r":[-0.9910703897476196,-2.406520138720225e-8,-0.1333398073911667,-2.328390591443963e-9,1,-1.6317410711508274e-7,0.1333398073911667,-1.614065467947512e-7,-0.9910703897476196],"p":[3770.8564453125,69.36305236816406,-245.7161102294922]},"j":false},{"t":4.8030290603637699,"c":{"r":[-0.9999580979347229,7.943596891379912e-9,-0.009152041748166085,9.653368771012083e-9,1,-1.867744430228413e-7,0.009152041748166085,-1.8685497593651235e-7,-0.9999580979347229],"p":[3771.008056640625,69.83390808105469,-243.97396850585938]},"j":false},{"t":4.84990382194519,"c":{"r":[-0.9993935823440552,4.327507241441708e-9,0.03482005000114441,2.7547346626022319e-9,1,-4.521656649103534e-8,-0.03482005000114441,-4.509322693024842e-8,-0.9993935823440552],"p":[3770.9755859375,69.71287536621094,-242.22457885742188]},"j":false},{"t":4.890589475631714,"c":{"r":[-0.995884895324707,-1.165341334541381e-8,0.09062734246253967,-1.3360208495072357e-9,1,1.1390481091666516e-7,-0.09062734246253967,1.1331500360256541e-7,-0.995884895324707],"p":[3770.895751953125,69.03389739990235,-240.76864624023438]},"j":false},{"t":4.932419776916504,"c":{"r":[-0.9952270984649658,1.532056148612071e-9,0.09758583456277847,1.2678739169658116e-9,1,-2.7691897663828515e-9,-0.09758583456277847,-2.6322461987859926e-9,-0.9952270984649658],"p":[3770.75732421875,68.0143051147461,-239.3169403076172]},"j":false},{"t":4.973321199417114,"c":{"r":[-0.995228111743927,1.290221174343742e-8,0.09757564216852188,3.0342071077882339e-9,1,-1.0128022864819286e-7,-0.09757564216852188,-1.