{"d":[{"t":0.04818868637084961,"c":{"r":[0.20108075439929963,-6.562770327178669e-9,-0.9795746803283691,-1.605249799752073e-8,1,-9.994765015619578e-9,0.9795746803283691,1.77343757457038e-8,0.20108075439929963],"p":[3725.19580078125,92.18954467773438,-247.15887451171876]},"j":false},{"t":0.09139299392700196,"c":{"r":[0.20108075439929963,-3.409943616361488e-8,-0.9795746803283691,-7.890155728773607e-8,1,-5.100685385173165e-8,0.9795746803283691,8.754646074748962e-8,0.20108075439929963],"p":[3725.30810546875,92.18954467773438,-247.18194580078126]},"j":false},{"t":0.1317424774169922,"c":{"r":[0.20108075439929963,-1.0441588926823897e-8,-0.9795746803283691,-2.3461781850642184e-8,1,-1.54753916348227e-8,0.9795746803283691,2.6094369331985946e-8,0.20108075439929963],"p":[3726.353515625,92.1911392211914,-247.3966064453125]},"j":false},{"t":0.17380690574645997,"c":{"r":[0.20108075439929963,1.3165794676694987e-8,-0.9795746803283691,3.185963848295614e-8,1,1.9980259224894327e-8,0.9795746803283691,-3.52265416836417e-8,0.20108075439929963],"p":[3727.781005859375,92.19705963134766,-247.68972778320313]},"j":false},{"t":0.21619844436645509,"c":{"r":[0.20108075439929963,3.672282389288739e-8,-0.9795746803283691,8.706295062665959e-8,1,5.5360256823178136e-8,0.9795746803283691,-9.64165423056329e-8,0.20108075439929963],"p":[3729.209228515625,92.1943130493164,-247.98300170898438]},"j":false},{"t":0.25623321533203127,"c":{"r":[0.20108075439929963,1.6154514170807489e-8,-0.9795746803283691,3.8007243574611496e-8,1,2.429323586738974e-8,0.9795746803283691,-4.2115836151879196e-8,0.20108075439929963],"p":[3730.637451171875,92.19402313232422,-248.27627563476563]},"j":false},{"t":0.2993595600128174,"c":{"r":[0.15988358855247498,-2.3932935633297349e-8,-0.9871358871459961,-5.657979684769998e-8,1,-3.340889165315275e-8,0.9871358871459961,6.119348228139643e-8,0.15988358855247498],"p":[3732.068359375,92.19440460205078,-248.55776977539063]},"j":false},{"t":0.3407125473022461,"c":{"r":[0.13917569816112519,-2.4933241249414097e-8,-0.9902676939964294,-5.970790084575128e-8,1,-3.356984024094345e-8,0.9902676939964294,6.379891459573628e-8,0.13917569816112519],"p":[3733.500732421875,92.16034698486328,-248.7726287841797]},"j":false},{"t":0.3827669620513916,"c":{"r":[0.13917569816112519,2.1841004560485546e-9,-0.9902676939964294,-6.48087861154778e-10,1,2.11448103470957e-9,0.9902676939964294,3.474960874605415e-10,0.13917569816112519],"p":[3734.9228515625,91.79747772216797,-248.97250366210938]},"j":false},{"t":0.42385363578796389,"c":{"r":[0.13917569816112519,2.924355335665041e-8,-0.9902676939964294,5.828564653143076e-8,1,3.772262502366175e-8,0.9902676939964294,-6.296846777331666e-8,0.13917569816112519],"p":[3736.365478515625,91.05941009521485,-249.1752471923828]},"j":false},{"t":0.4666624069213867,"c":{"r":[0.13225999474525453,4.2237505937237077e-8,-0.9912150502204895,8.662357942057497e-8,1,5.4170222085758726e-8,0.9912150502204895,-9.302714687464686e-8,0.13225999474525453],"p":[3737.810791015625,90.58924865722656,-249.37818908691407]},"j":false},{"t":0.5078434944152832,"c":{"r":[0.0906350389122963,-7.364328702408329e-9,-0.9958841800689697,-1.7814008046457276e-8,1,-9.016010160678434e-9,0.9958841800689697,1.855785569659929e-8,0.0906350389122963],"p":[3739.403564453125,90.65631103515625,-249.5666046142578]},"j":false},{"t":0.5484068393707275,"c":{"r":[-0.0069783832877874378,-4.696006428162036e-8,-0.9999756217002869,-9.063234784889574e-8,1,-4.632872574461544e-8,0.9999756217002869,9.030684111621668e-8,-0.0069783832877874378],"p":[3740.713134765625,90.6704330444336,-249.64584350585938]},"j":false},{"t":0.5894482135772705,"c":{"r":[-0.11840174347162247,-2.1127089411265844e-8,-0.9929657578468323,-2.9610148999381637e-8,1,-1.7746026870213428e-8,0.9929657578468323,2.730070391976369e-8,-0.11840174347162247],"p":[3742.167724609375,90.67423248291016,-249.5614471435547]},"j":false},{"t":0.6320881843566895,"c":{"r":[-0.1253303587436676,1.2537531013379067e-8,-0.9921150803565979,3.2302164498787536e-8,1,8.556557240524399e-9,0.9921150803565979,-3.097506606764e-8,-0.1253303587436676],"p":[3743.615478515625,90.67506408691406,-249.38417053222657]},"j":false},{"t":0.6746299266815186,"c":{"r":[-0.1253303587436676,4.6238998407943657e-8,-0.9921150803565979,9.411927948121957e-8,1,3.4716734376161187e-8,0.9921150803565979,-8.902609494043645e-8,-0.1253303587436676],"p":[3745.063232421875,90.67523956298828,-249.2013702392578]},"j":false},{"t":0.7150743007659912,"c":{"r":[-0.08367510139942169,1.959561934938847e-8,-0.9964931011199951,4.2392702681581798e-8,1,1.6104884537071486e-8,0.9964931011199951,-4.089645599947289e-8,-0.08367510139942169],"p":[3746.51171875,90.6752700805664,-249.03102111816407]},"j":false},{"t":0.7563238143920898,"c":{"r":[-0.05581889674067497,-2.864937798108258e-8,-0.9984409213066101,-5.619888199248635e-8,1,-2.5552257199024099e-8,0.9984409213066101,5.468496411253909e-8,-0.05581889674067497],"p":[3747.966064453125,90.6752700805664,-248.92404174804688]},"j":false},{"t":0.7984130382537842,"c":{"r":[0.027924802154302598,-2.9186905337041936e-8,-0.9996100068092346,-6.97053366138789e-8,1,-3.1145560797085639e-8,0.9996100068092346,7.054788397908851e-8,0.027924802154302598],"p":[3749.422607421875,90.6752700805664,-248.86895751953126]},"j":false},{"t":0.8398118019104004,"c":{"r":[0.0975855365395546,6.7721068752746309e-9,-0.9952271580696106,-2.0047044024806839e-9,1,6.608015912235032e-9,0.9952271580696106,1.3502894358197182e-9,0.0975855365395546],"p":[3750.878173828125,90.6752700805664,-248.9519805908203]},"j":false},{"t":0.8817946910858154,"c":{"r":[0.11840663850307465,3.918322732943125e-8,-0.9929651618003845,6.392377116526404e-8,1,4.70834500276851e-8,0.9929651618003845,-6.904907223770351e-8,0.11840663850307465],"p":[3752.325439453125,90.62480163574219,-249.11572265625]},"j":false},{"t":0.9232082366943359,"c":{"r":[0.12533701956272126,3.0883299473316586e-8,-0.992114245891571,5.710064243658053e-8,1,3.8342484742770469e-8,0.992114245891571,-6.1456091771106e-8,0.12533701956272126],"p":[3753.75927734375,90.42733764648438,-249.29017639160157]},"j":false},{"t":0.9348008632659912,"c":{"r":[0.12533701956272126,2.137568522186939e-8,-0.992114245891571,4.1230041603057546e-8,1,2.6754314319532569e-8,0.992114245891571,-4.425821842346522e-8,0.12533701956272126],"p":[3754.04541015625,90.38493347167969,-249.3263397216797]},"j":true},{"t":0.9439702033996582,"c":{"r":[0.12533701956272126,1.1872132610335484e-8,-0.992114245891571,2.536621934723371e-8,1,1.517109460280608e-8,0.992114245891571,-2.7067686758641686e-8,0.12533701956272126],"p":[3754.33154296875,90.82447052001953,-249.3625030517578]},"j":true},{"t":0.9490828514099121,"c":{"r":[0.12533697485923768,2.372640084402633e-9,-0.992114245891571,9.509171228216929e-9,1,3.592823150100344e-9,0.992114245891571,-9.884497664813808e-9,0.12533697485923768],"p":[3754.6201171875,91.25038146972656,-249.39895629882813]},"j":true},{"t":0.9645488262176514,"c":{"r":[0.12533697485923768,-1.6614171371998056e-8,-0.992114245891571,-2.2184602599395477e-8,1,-1.954888162458701e-8,0.992114245891571,2.4459858138925484e-8,0.12533697485923768],"p":[3755.19873046875,92.06134033203125,-249.47206115722657]},"j":false},{"t":1.0067956447601319,"c":{"r":[0.12533646821975709,-6.401028684877019e-8,-0.9921143054962158,-1.0130067806812804e-7,1,-7.731665618848638e-8,0.9921143054962158,1.1019245249599408e-7,0.12533646821975709],"p":[3756.646484375,93.85028076171875,-249.6548614501953]},"j":false},{"t":1.0474207401275635,"c":{"r":[0.12533603608608247,-5.001972169793589e-8,-0.9921143651008606,-8.131634388064413e-8,1,-6.069016933452076e-8,0.9921143651008606,8.828178010844567e-8,0.12533603608608247],"p":[3758.09423828125,95.29859924316406,-249.83766174316407]},"j":false},{"t":1.0893466472625733,"c":{"r":[0.11841163784265518,-1.957254802675834e-8,-0.9929645657539368,-1.8179061811451903e-8,1,-2.1879088762943867e-8,0.9929645657539368,2.0641904185936256e-8,0.11841163784265518],"p":[3759.5419921875,96.40629577636719,-250.01296997070313]},"j":false},{"t":1.1318283081054688,"c":{"r":[0.1116124764084816,7.172432869850809e-9,-0.9937518239021301,4.513880469403375e-8,1,1.2287260098275965e-8,0.9937518239021301,-4.622818039479171e-8,0.1116124764084816],"p":[3760.989990234375,97.17335510253906,-250.18418884277345]},"j":false},{"t":1.1723084449768067,"c":{"r":[0.11147215962409973,2.5341913456600197e-8,-0.9937675595283508,1.0892648560911766e-7,1,3.771926770923528e-8,0.9937675595283508,-1.1245225550737814e-7,0.11147215962409973],"p":[3762.440185546875,97.59980010986328,-250.34681701660157]},"j":false},{"t":1.2144105434417725,"c":{"r":[0.09094929695129395,2.7217849307703547e-8,-0.9958555102348328,1.564066849368828e-7,1,4.1615400903083358e-8,0.9958555102348328,-1.5954334742218635e-7,0.09094929695129395],"p":[3763.890380859375,97.68562316894531,-250.5004119873047]},"j":false},{"t":1.2561354637145997,"c":{"r":[0.06996797025203705,-4.5003410775734667e-8,-0.9975492358207703,5.095832733559291e-8,1,-4.153976718157537e-8,0.9975492358207703,-4.792698504729742e-8,0.06996797025203705],"p":[3765.34375,97.4308090209961,-250.62278747558595]},"j":false},{"t":1.299248218536377,"c":{"r":[0.049045223742723468,-1.2265667237443268e-7,-0.9987965822219849,-3.4700889273153737e-8,1,-1.2450841779809708e-7,0.9987965822219849,4.076566995081521e-8,0.049045223742723468],"p":[3766.79931640625,96.83537292480469,-250.7111358642578]},"j":false},{"t":1.3409759998321534,"c":{"r":[0.041927751153707507,-1.1193178295343387e-7,-0.9991206526756287,-7.534895019034593e-8,1,-1.1519228593215303e-7,0.9991206526756287,8.011245000716372e-8,0.041927751153707507],"p":[3768.2568359375,95.89932250976563,-250.7790069580078]},"j":false},{"t":1.3815646171569825,"c":{"r":[0.03504412993788719,-1.1074268968513934e-7,-0.9993857741355896,-1.154004820591581e-7,1,-1.1485735029737043e-7,0.9993857741355896,1.1935466659451777e-7,0.03504412993788719],"p":[3769.71435546875,94.62263488769531,-250.83856201171876]},"j":false},{"t":1.4224817752838135,"c":{"r":[0.03490302339196205,-7.637265042603758e-8,-0.999390721321106,-1.000629197278613e-7,1,-7.991383910166405e-8,0.999390721321106,1.0279119067035936e-7,0.03490302339196205],"p":[3771.171875,93.00532531738281,-250.88958740234376]},"j":false},{"t":1.4648830890655518,"c":{"r":[0.03490239754319191,1.9172341936268823e-8,-0.999390721321106,-2.524093156708318e-9,1,1.9095878656116839e-8,0.999390721321106,1.8560633030517693e-9,0.03490239754319191],"p":[3772.623046875,92.58598327636719,-250.94024658203126]},"j":false},{"t":1.5058212280273438,"c":{"r":[0.027924366295337678,6.189235790543535e-8,-0.9996100664138794,5.1374605902765327e-8,1,6.335166347071208e-8,0.9996100664138794,-5.3123624610407208e-8,0.027924366295337678],"p":[3774.039306640625,92.05380249023438,-250.9897003173828]},"j":false},{"t":1.5489990711212159,"c":{"r":[0.027924366295337678,2.4700241851860484e-8,-0.9996100664138794,3.994880160007597e-8,1,2.5825857008499044e-8,0.9996100664138794,-4.06543954056815e-8,0.027924366295337678],"p":[3775.31591796875,91.3223648071289,-251.02597045898438]},"j":false},{"t":1.589139699935913,"c":{"r":[0.027924366295337678,-1.241255809247832e-8,-0.9996100664138794,2.8547361807795825e-8,1,-1.1619922801742178e-8,0.9996100664138794,-2.8211751157414257e-8,0.027924366295337678],"p":[3776.216796875,91.35700988769531,-251.05111694335938]},"j":false},{"t":1.6311402320861817,"c":{"r":[0.05582433193922043,-4.994014091153076e-8,-0.9984406232833862,1.7379605310452463e-8,1,-4.904642025849171e-8,0.9984406232833862,-1.4614520260636255e-8,0.05582433193922043],"p":[3777.508544921875,91.5698013305664,-251.08718872070313]},"j":false},{"t":1.6737849712371827,"c":{"r":[0.0836813673377037,-8.712316912351526e-8,-0.9964925646781921,7.651015820897556e-9,1,-8.678732399403089e-8,0.9964925646781921,-3.6169794936924406e-10,0.0836813673377037],"p":[3778.448974609375,91.52841186523438,-251.14263916015626]},"j":false},{"t":1.7152252197265626,"c":{"r":[0.12533660233020783,-1.2373968161227823e-7,-0.992114245891571,-5.770454669651315e-10,1,-1.2479611655180634e-7,0.992114245891571,1.6214016795856879e-8,0.12533660233020783],"p":[3779.715087890625,91.68292236328125,-251.25975036621095]},"j":false},{"t":1.7559781074523926,"c":{"r":[0.1805213987827301,-2.056520997939515e-8,-0.9835710525512695,-4.21750057100212e-9,1,-2.1682783568621745e-8,0.9835710525512695,8.062418288545814e-9,0.1805213987827301],"p":[3780.75439453125,92.33069610595703,-251.42857360839845]},"j":false},{"t":1.7973504066467286,"c":{"r":[0.19423823058605195,9.773635412102522e-8,-0.9809544086456299,-6.8825269927685898e-9,1,9.82711370056677e-8,0.9809544086456299,-1.2336565546888778e-8,0.19423823058605195],"p":[3782.14892578125,92.6378402709961,-251.6844940185547]},"j":false},{"t":1.8401250839233399,"c":{"r":[0.23514489829540254,5.258444701894405e-8,-0.9719603061676025,2.6962868049373869e-10,1,5.4166665819366247e-8,0.9719603061676025,-1.2999083587317273e-8,0.23514489829540254],"p":[3783.57470703125,92.60435485839844,-251.94618225097657]},"j":false},{"t":1.8591148853302003,"c":{"r":[0.23514489829540254,3.476788990042223e-8,-0.9719603061676025,3.445874030560958e-9,1,3.660455050180644e-8,0.9719603061676025,-1.1956625911579977e-8,0.23514489829540254],"p":[3784.14501953125,92.49559020996094,-252.0508575439453]},"j":true},{"t":1.8680808544158936,"c":{"r":[0.23514489829540254,2.586532055204316e-8,-0.9719603061676025,5.032978478425321e-9,1,2.7829120341493764e-8,0.9719603061676025,-1.1435731472886346e-8,0.23514489829540254],"p":[3784.43017578125,92.93512725830078,-252.1031951904297]},"j":true},{"t":1.873558521270752,"c":{"r":[0.23514489829540254,1.696655616001408e-8,-0.9719603061676025,6.619405024110847e-9,1,1.9057438294112218e-8,0.9719603061676025,-1.091505907879764e-8,0.23514489829540254],"p":[3784.714599609375,93.36103820800781,-252.16294860839845]},"j":true},{"t":1.8813974857330323,"c":{"r":[0.23514489829540254,8.071592283442897e-9,-0.9719603061676025,8.205153889662143e-9,1,1.0289506136018645e-8,0.9719603061676025,-1.0394608729313859e-8,0.23514489829540254],"p":[3784.998291015625,93.77333068847656,-252.22988891601563]},"j":false},{"t":1.9227933883666993,"c":{"r":[0.2684367299079895,-8.184949962242172e-8,-0.9632973074913025,1.961922890814094e-8,1,-7.950087166364028e-8,0.9632973074913025,2.441801871810867e-9,0.2684367299079895],"p":[3786.412841796875,95.63040161132813,-252.58607482910157]},"j":false},{"t":1.9643027782440186,"c":{"r":[0.29563459753990176,-1.263673823359568e-7,-0.9553011059761047,1.432880392115976e-8,1,-1.278458654496717e-7,0.9553011059761047,2.4107340124146505e-8,0.29563459753990176],"p":[3787.81103515625,97.14684295654297,-253.0006561279297]},"j":false},{"t":2.0066754817962648,"c":{"r":[0.295709490776062,-6.52602167861005e-8,-0.9552779197692871,-5.378836931413389e-9,1,-6.998046586659257e-8,0.9552779197692871,2.583217195706311e-8,0.295709490776062],"p":[3789.205078125,98.32266235351563,-253.43186950683595]},"j":false},{"t":2.0480611324310304,"c":{"r":[0.2957097887992859,-4.296497824185508e-9,-0.9552778005599976,-2.503958285160479e-8,1,-1.2248738023856731e-8,0.9552778005599976,2.754183014985756e-8,0.2957097887992859],"p":[3790.59912109375,99.15785217285156,-253.8630828857422]},"j":false},{"t":2.0898516178131105,"c":{"r":[0.3022361099720001,5.426269211739054e-8,-0.9532330632209778,-4.467166903054931e-8,1,4.276110487921869e-8,0.9532330632209778,2.965856182868265e-8,0.3022361099720001],"p":[3791.99267578125,99.65242004394531,-254.29574584960938]},"j":false},{"t":2.132211685180664,"c":{"r":[0.3023706376552582,1.043888033791518e-7,-0.9531904458999634,-6.408080821529438e-8,1,8.918747340658229e-8,0.9531904458999634,3.411354043691972e-8,0.3023706376552582],"p":[3793.3818359375,99.80636596679688,-254.7366485595703]},"j":false},{"t":2.172428607940674,"c":{"r":[0.3023712635040283,1.543685357319191e-7,-0.9531902074813843,-8.34510771596797e-8,1,1.3547696653404274e-7,0.9531902074813843,3.8580409977839739e-8,0.3023712635040283],"p":[3794.77099609375,99.61967468261719,-255.17762756347657]},"j":false},{"t":2.2144320011138918,"c":{"r":[0.3023712635040283,1.0102728964511698e-7,-0.9531902074813843,-5.048064721790979e-8,1,8.9975102923745e-8,0.9531902074813843,2.09117754224053e-8,0.3023712635040283],"p":[3796.16015625,99.09236907958985,-255.6186065673828]},"j":false},{"t":2.255542755126953,"c":{"r":[0.3023712635040283,-2.093623585608384e-8,-0.9531902074813843,1.7248538597414155e-8,1,-1.6492798238232355e-8,0.9531902074813843,-1.1454190484982974e-8,0.3023712635040283],"p":[3797.54931640625,98.22444152832031,-256.0595703125]},"j":false},{"t":2.2983570098876955,"c":{"r":[0.3023712635040283,-1.4263953573845357e-7,-0.9531902074813843,8.483326752184439e-8,1,-1.2273352467673249e-7,0.9531902074813843,-4.3751150258231067e-8,0.3023712635040283],"p":[3798.9384765625,97.01587677001953,-256.50054931640627]},"j":false},{"t":2.3401520252227785,"c":{"r":[0.3023712635040283,-8.977068688409418e-8,-0.9531902074813843,5.059832020037902e-8,1,-7.812838020981872e-8,0.9531902074813843,-2.4606050530451286e-8,0.3023712635040283],"p":[3800.32763671875,95.46669006347656,-256.9415283203125]},"j":false},{"t":2.381356716156006,"c":{"r":[0.30237120389938357,-3.701462958360935e-8,-0.953190267086029,1.64363900267972e-8,1,-3.361840583693265e-8,0.953190267086029,-5.501767930127244e-9,0.30237120389938357],"p":[3801.71630859375,94.19108581542969,-257.3822326660156]},"j":false},{"t":2.3911948204040529,"c":{"r":[0.30237120389938357,-2.64769308699897e-8,-0.953190267086029,9.612749707343938e-9,1,-2.4727814462721655e-8,0.953190267086029,-1.6858007212405824e-9,0.30237120389938357],"p":[3801.99365234375,94.09004974365235,-257.4701843261719]},"j":true},{"t":2.4232583045959474,"c":{"r":[0.30901893973350527,1.5670496011921388e-8,-0.9510558843612671,-1.77763137543252e-8,1,1.0701030284110402e-8,0.9510558843612671,1.3599446901935153e-8,0.30901893973350527],"p":[3803.025390625,93.74439239501953,-257.79864501953127]},"j":false},{"t":2.4241909980773927,"c":{"r":[0.30901893973350527,1.5670496011921388e-8,-0.9510558843612671,-1.77763137543252e-8,1,1.0701030284110402e-8,0.9510558843612671,1.3599446901935153e-8,0.30901893973350527],"p":[3803.025390625,93.74439239501953,-257.79864501953127]},"j":true},{"t":2.432295083999634,"c":{"r":[0.3090190589427948,2.6185713153381586e-8,-0.9510558247566223,-2.464717141492656e-8,1,1.952489725454143e-8,0.9510558247566223,1.740727029186928e-8,0.3090190589427948],"p":[3803.25244140625,94.18733978271485,-257.8721923828125]},"j":true},{"t":2.4486618041992189,"c":{"r":[0.3090191185474396,4.720267199331829e-8,-0.9510558247566223,-3.838007955891953e-8,1,3.71613246841207e-8,0.9510558247566223,2.5018039195856546e-8,0.3090191185474396],"p":[3803.7138671875,95.0391616821289,-258.0216369628906]},"j":true},{"t":2.465752601623535,"c":{"r":[0.3090190887451172,6.820167897103602e-8,-0.9510558247566223,-5.2101263747772467e-8,1,5.478268860770186e-8,0.9510558247566223,3.262231729195264e-8,0.3090190887451172],"p":[3804.210693359375,95.83649444580078,-258.1827697753906]},"j":false},{"t":2.5069305896759035,"c":{"r":[0.3090190291404724,1.2062076848451398e-7,-0.9510558843612671,-8.635297632508809e-8,1,9.877028617211181e-8,0.9510558843612671,5.160460503361719e-8,0.3090190291404724],"p":[3805.57666015625,97.59136962890625,-258.62646484375]},"j":false},{"t":2.548123598098755,"c":{"r":[0.3090190887451172,1.4036733375633049e-7,-0.9510558247566223,-9.794740662982804e-8,1,1.1576577918503972e-7,0.9510558247566223,5.737961572549466e-8,0.3090190887451172],"p":[3806.96337890625,99.00563049316406,-259.07720947265627]},"j":false},{"t":2.5902488231658937,"c":{"r":[0.30261194705963137,2.9216288055522456e-8,-0.953113853931427,-1.937623927972254e-8,1,2.4501591866510354e-8,0.953113853931427,1.105328806261241e-8,0.30261194705963137],"p":[3808.35009765625,100.07926177978516,-259.5279541015625]},"j":false},{"t":2.6311609745025636,"c":{"r":[0.30237331986427309,-9.130011591196308e-8,-0.9531895518302918,5.905230437974751e-8,1,-7.705106952471397e-8,0.9531895518302918,-3.298985262745191e-8,0.30237331986427309],"p":[3809.7392578125,100.81226348876953,-259.9695129394531]},"j":false},{"t":2.6733462810516359,"c":{"r":[0.2890559434890747,-1.1539484745526352e-7,-0.9573122262954712,6.461750956532342e-8,1,-1.010294994330252e-7,0.9573122262954712,-3.2655954385063526e-8,0.2890559434890747],"p":[3811.133056640625,101.20464324951172,-260.39801025390627]},"j":false},{"t":2.7148592472076418,"c":{"r":[0.28903448581695559,-9.857137683866313e-8,-0.9573186635971069,3.9301593091067846e-8,1,-9.11001336589834e-8,0.9573186635971069,-1.1293067814222013e-8,0.28903448581695559],"p":[3812.529541015625,101.25640106201172,-260.8194580078125]},"j":false},{"t":2.755446434020996,"c":{"r":[0.2823610305786133,-8.847315058346794e-8,-0.9593082070350647,1.4507882006853379e-8,1,-8.795576889042423e-8,0.9593082070350647,1.0917751147587751e-8,0.2823610305786133],"p":[3813.927490234375,100.967529296875,-261.23565673828127]},"j":false},{"t":2.7981624603271486,"c":{"r":[0.28234541416168215,-8.239894100370293e-8,-0.9593127965927124,-1.0040984044223933e-8,1,-8.884898505812089e-8,0.9593127965927124,3.471854981285105e-8,0.28234541416168215],"p":[3815.251708984375,100.83826446533203,-261.6252746582031]},"j":false},{"t":2.8403615951538088,"c":{"r":[0.2756408154964447,-7.671102508766126e-8,-0.9612607359886169,-3.4539205273631526e-8,1,-8.970661014018333e-8,0.9612607359886169,5.7927980634531198e-8,0.2756408154964447],"p":[3816.558837890625,100.75701141357422,-262.0099792480469]},"j":false},{"t":2.880974054336548,"c":{"r":[0.2554476857185364,-7.225751375017353e-8,-0.9668228626251221,-5.899162758282728e-8,1,-9.03234607108061e-8,0.9668228626251221,8.010736962660303e-8,0.2554476857185364],"p":[3817.8369140625,100.81666564941406,-262.37713623046877]},"j":false},{"t":2.92337703704834,"c":{"r":[0.1805228292942047,-7.30189242403867e-8,-0.9835708141326904,-8.338173529409687e-8,1,-8.954233976510295e-8,0.9835708141326904,9.817627955044373e-8,0.1805228292942047],"p":[3819.1484375,101.54078674316406,-262.6943359375]},"j":false},{"t":2.964202880859375,"c":{"r":[0.1114719808101654,-7.433007453983009e-8,-0.9937675595283508,-1.0758485302631016e-7,1,-8.686414076919391e-8,0.9937675595283508,1.1659725629442619e-7,0.1114719808101654],"p":[3820.46435546875,101.89286804199219,-262.90545654296877]},"j":false},{"t":2.9755659103393556,"c":{"r":[0.1114719808101654,-5.5564058243362527e-8,-0.9937675595283508,-8.424907349535715e-8,1,-6.536284047342633e-8,0.9937675595283508,9.10101221052173e-8,0.1114719808101654],"p":[3820.742919921875,101.9309310913086,-262.9374084472656]},"j":true},{"t":2.9849350452423097,"c":{"r":[0.10453145205974579,-3.7440077704786748e-8,-0.9945215582847595,-6.077379310909237e-8,1,-4.4034088375610739e-8,0.9945215582847595,6.504379257421533e-8,0.10453145205974579],"p":[3821.024169921875,102.37046813964844,-262.9693298339844]},"j":true},{"t":2.9911270141601564,"c":{"r":[0.09783579409122467,-1.9774116566395606e-8,-0.9952025413513184,-3.712028018298952e-8,1,-2.3518637704000868e-8,0.9952025413513184,3.924316160919261e-8,0.09783579409122467],"p":[3821.3115234375,102.79637908935547,-263.0002746582031]},"j":true},{"t":3.006333827972412,"c":{"r":[0.08412022143602371,6.231281268753719e-9,-0.9964556097984314,1.1045995229608252e-8,1,7.185942507703658e-9,0.9964556097984314,-1.161132701099632e-8,0.08412022143602371],"p":[3821.891845703125,103.60733795166016,-263.056396484375]},"j":false},{"t":3.047434091567993,"c":{"r":[0.0015670001739636064,-8.125650197143841e-8,-0.9999987483024597,9.002675938063476e-8,1,-8.111553029266361e-8,0.9999987483024597,-8.989954380922427e-8,0.0015670001739636064],"p":[3823.346923828125,105.39627838134766,-263.1491394042969]},"j":false},{"t":3.0899696350097658,"c":{"r":[-0.06944374740123749,-1.3762404194039846e-7,-0.9975858926773071,-5.4395998816403338e-9,1,-1.3757842509676267e-7,0.9975858926773071,-4.1274939022173388e-9,-0.06944374740123749],"p":[3824.803466796875,106.84459686279297,-263.0968933105469]},"j":false},{"t":3.133052110671997,"c":{"r":[-0.06975092738866806,-1.093403625418432e-7,-0.997564435005188,-6.18885778180811e-8,1,-1.0527998739462419e-7,0.997564435005188,5.439446582045093e-8,-0.06975092738866806],"p":[3826.258544921875,107.9522933959961,-262.995361328125]},"j":false},{"t":3.1816000938415529,"c":{"r":[-0.0562102273106575,-7.814865199406995e-8,-0.998418927192688,-1.294385896244421e-7,1,-7.098510934611113e-8,0.998418927192688,1.252438437404635e-7,-0.0562102273106575],"p":[3828.004638671875,108.83189392089844,-262.8748779296875]},"j":false},{"t":3.2226340770721437,"c":{"r":[-0.0010003697825595737,-1.0669846517430415e-7,-0.9999995231628418,-7.575438587537065e-8,1,-1.0662274263495419e-7,0.9999995231628418,7.564768367274155e-8,-0.0010003697825595737],"p":[3829.461669921875,109.1902084350586,-262.8162841796875]},"j":false},{"t":3.2650279998779299,"c":{"r":[0.12371709942817688,-1.8517999933465036e-7,-0.9923175573348999,9.971689252097349e-9,1,-1.8537043899868878e-7,0.9923175573348999,1.3038410351384755e-8,0.12371709942817688],"p":[3830.91748046875,109.2079086303711,-262.87420654296877]},"j":false},{"t":3.306042194366455,"c":{"r":[0.15966005623340608,-1.65289719689099e-7,-0.9871720671653748,1.503973656724611e-8,1,-1.6500514732342709e-7,0.9871720671653748,1.1497922614012169e-8,0.15966005623340608],"p":[3832.361083984375,108.88497161865235,-263.0798034667969]},"j":false},{"t":3.3626978397369386,"c":{"r":[0.15988312661647798,-1.0053521748432104e-7,-0.9871359467506409,1.17679466171694e-8,1,-9.99393421352579e-8,0.9871359467506409,4.362051608808315e-9,0.15988312661647798],"p":[3834.233642578125,107.95592498779297,-263.3828125]},"j":false},{"t":3.408308506011963,"c":{"r":[0.15988419950008393,5.768536937011959e-8,-0.9871357679367065,-2.71830957743191e-9,1,5.799683577834003e-8,0.9871357679367065,-6.589437440140955e-9,0.15988419950008393],"p":[3835.71630859375,107.26607513427735,-263.62286376953127]},"j":false},{"t":3.448648691177368,"c":{"r":[0.15988419950008393,9.33687118731541e-8,-0.9871357679367065,-7.9868147651041e-9,1,9.3291873781709e-8,0.9871357679367065,-7.031825344228082e-9,0.15988419950008393],"p":[3836.782470703125,106.92242431640625,-263.7955017089844]},"j":false},{"t":3.4902524948120119,"c":{"r":[0.20791517198085786,6.054111167941301e-8,-0.9781468510627747,-7.565637005768622e-9,1,6.02855294573601e-8,0.9781468510627747,-5.133972358351002e-9,0.20791517198085786],"p":[3837.843505859375,106.78135681152344,-263.9699401855469]},"j":false},{"t":3.492563009262085,"c":{"r":[0.20791517198085786,6.054111167941301e-8,-0.9781468510627747,-7.565637005768622e-9,1,6.02855294573601e-8,0.9781468510627747,-5.133972358351002e-9,0.20791517198085786],"p":[3837.843505859375,106.78135681152344,-263.9699401855469]},"j":true},{"t":3.5012996196746828,"c":{"r":[0.2215500921010971,4.961523103474974e-8,-0.9751489758491516,-6.880141345533275e-9,1,4.93165011050678e-8,0.9751489758491516,-4.216912596888278e-9,0.2215500921010971],"p":[3838.11962890625,107.43555450439453,-264.0191955566406]},"j":true},{"t":3.5080513954162599,"c":{"r":[0.2542377710342407,2.675484012115703e-8,-0.9671417474746704,-5.3044573178340219e-9,1,2.6269413311297286e-8,0.9671417474746704,-1.5485153159744414e-9,0.2542377710342407],"p":[3838.31103515625,107.85465240478516,-264.0542907714844]},"j":true},{"t":3.5331053733825685,"c":{"r":[0.31431904435157778,-1.158098399400842e-7,-0.9493173956871033,6.881823999549397e-9,1,-1.1971417279710296e-7,0.9493173956871033,3.109541069079569e-8,0.31431904435157778],"p":[3838.938720703125,109.03021240234375,-264.184814453125]},"j":false},{"t":3.57331919670105,"c":{"r":[0.3485252559185028,-1.1689409973314469e-7,-0.937299370765686,8.037854826170588e-9,1,-1.2172493768503046e-7,0.937299370765686,3.489033773007577e-8,0.3485252559185028],"p":[3840.139892578125,110.71696472167969,-264.5250549316406]},"j":false},{"t":3.6146130561828615,"c":{"r":[0.34225964546203616,-5.258728563717341e-8,-0.9396054148674011,3.809490500827906e-9,1,-5.4579775365937169e-8,0.9396054148674011,1.5101036865416974e-8,0.34225964546203616],"p":[3841.488525390625,112.06309509277344,-265.0145568847656]},"j":false},{"t":3.658785820007324,"c":{"r":[0.2567698657512665,-1.4942190773581388e-7,-0.9664725661277771,7.443234473214488e-9,1,-1.526279334029823e-7,0.9664725661277771,3.199657072627815e-8,0.2567698657512665],"p":[3842.8720703125,113.068603515625,-265.4750671386719]},"j":false},{"t":3.705920696258545,"c":{"r":[0.07822710275650025,-2.56204003790117e-7,-0.9969355463981628,1.3236014950734898e-8,1,-2.5595295483071825e-7,0.9969355463981628,6.827002518861036e-9,0.07822710275650025],"p":[3844.587158203125,113.8255844116211,-265.80657958984377]},"j":false},{"t":3.7471508979797365,"c":{"r":[0.04893813654780388,-1.1754170969879851e-7,-0.9988018274307251,8.366829895578576e-9,1,-1.1727276927331332e-7,0.9988018274307251,-2.6176938394684159e-9,0.04893813654780388],"p":[3846.042724609375,114.08171081542969,-265.8970947265625]},"j":false},{"t":3.789022445678711,"c":{"r":[0.04885375127196312,2.8195820789278515e-8,-0.9988059401512146,1.6147225778695429e-9,1,2.8308509314456388e-8,0.9988059401512146,-2.9957714087203159e-9,0.04885375127196312],"p":[3847.500244140625,113.9972152709961,-265.96826171875]},"j":false},{"t":3.8310511112213136,"c":{"r":[0.04885339364409447,1.3640648433010939e-7,-0.9988059401512146,-3.90804677508072e-9,1,1.3637840368119215e-7,0.9988059401512146,-2.75916733905035e-9,0.04885339364409447],"p":[3848.957763671875,113.57209777832031,-266.03936767578127]},"j":false},{"t":3.8721635341644289,"c":{"r":[0.048853445798158649,9.573241754878836e-8,-0.9988059401512146,-4.555372967729454e-9,1,9.562404557073023e-8,0.9988059401512146,-1.2163070550741396e-10,0.048853445798158649],"p":[3850.415283203125,112.80635070800781,-266.1104736328125]},"j":false},{"t":3.913665533065796,"c":{"r":[0.048853397369384769,5.9199972923806857e-8,-0.9988059401512146,-5.1367967657256489e-9,1,5.901949151621011e-8,0.9988059401512146,2.247360741947091e-9,0.048853397369384769],"p":[3851.72705078125,111.82594299316406,-266.1744689941406]},"j":false},{"t":3.955916404724121,"c":{"r":[0.05557548627257347,1.4044565510573648e-8,-0.9984545111656189,-5.754103415966938e-9,1,1.3746022986538265e-8,0.9984545111656189,4.9812682867411699e-9,0.05557548627257347],"p":[3853.330322265625,110.25298309326172,-266.252685546875]},"j":false},{"t":3.997728109359741,"c":{"r":[0.05582369491457939,-3.7062442004298649e-8,-0.9984406232833862,-5.569014582817999e-9,1,-3.7431693300504779e-8,0.9984406232833862,7.64990648605135e-9,0.05582369491457939],"p":[3854.785400390625,108.46536254882813,-266.3335266113281]},"j":false},{"t":4.039511680603027,"c":{"r":[0.062652587890625,-9.086127761293028e-8,-0.9980353713035584,-5.123517610172712e-9,1,-9.136176970514498e-8,0.9980353713035584,1.0837503339189425e-8,0.062652587890625],"p":[3856.240478515625,106.33711242675781,-266.41650390625]},"j":false},{"t":4.080785512924194,"c":{"r":[0.06279364228248596,-8.110381344295092e-8,-0.9980265498161316,-1.7755807935060375e-9,1,-8.137590157275554e-8,0.9980265498161316,6.881966108096549e-9,0.06279364228248596],"p":[3857.695556640625,104.19183349609375,-266.5079650878906]},"j":false},{"t":4.101012229919434,"c":{"r":[0.04885368049144745,-3.4149280736528456e-8,-0.9988059401512146,1.2288021711270858e-9,1,-3.413000371210728e-8,0.9988059401512146,4.4004122567997685e-10,0.04885368049144745],"p":[3858.277587890625,104.2131118774414,-266.5445861816406]},"j":true},{"t":4.108632564544678,"c":{"r":[0.034902915358543399,-1.0664336969057331e-8,-0.999390721321106,3.2242026826168059e-9,1,-1.0558236063218374e-8,0.999390721321106,-2.8537250340576749e-9,0.034902915358543399],"p":[3858.568603515625,104.26065826416016,-266.55987548828127]},"j":true},{"t":4.118885040283203,"c":{"r":[0.013965880498290062,2.4610583793105435e-8,-0.9999024868011475,6.9551187031891008e-9,1,2.4710127277671746e-8,0.9999024868011475,-7.299539195315674e-9,0.013965880498290062],"p":[3859.005126953125,104.91485595703125,-266.5821228027344]},"j":true},{"t":4.124778509140015,"c":{"r":[-0.006687562447041273,3.5460239189433199e-8,-0.9999776482582092,8.488495240044358e-9,1,3.5404262632710018e-8,0.9999776482582092,-8.251537231274142e-9,-0.006687562447041273],"p":[3859.15087890625,105.12610626220703,-266.5870361328125]},"j":false},{"t":4.126485109329224,"c":{"r":[-0.006687562447041273,3.5460239189433199e-8,-0.9999776482582092,8.488495240044358e-9,1,3.5404262632710018e-8,0.9999776482582092,-8.251537231274142e-9,-0.006687562447041273],"p":[3859.15087890625,105.12610626220703,-266.5870361328125]},"j":true},{"t":4.166733264923096,"c":{"r":[-0.1450827419757843,-1.5810265097115917e-7,-0.9894195199012756,1.2104834468118497e-8,1,-1.6156832316482906e-7,0.9894195199012756,-3.5417532018300338e-8,-0.1450827419757843],"p":[3860.46142578125,106.87411499023438,-266.5390319824219]},"j":false},{"t":4.214452266693115,"c":{"r":[-0.19396738708019257,-1.143779968515446e-7,-0.981007993221283,5.2386988080854739e-9,1,-1.1762812590632166e-7,0.981007993221283,-2.7955225689879627e-8,-0.19396738708019257],"p":[3862.32958984375,108.91191101074219,-266.2234802246094]},"j":false},{"t":4.256101131439209,"c":{"r":[-0.20082858204841615,-6.279110209561623e-8,-0.9796264171600342,3.2441549446815545e-9,1,-6.47620552740591e-8,0.9796264171600342,-1.6184131368390809e-8,-0.20082858204841615],"p":[3863.76025390625,110.08773040771485,-265.9403076171875]},"j":false},{"t":4.300809860229492,"c":{"r":[-0.20789188146591187,-3.004170778808657e-8,-0.978151798248291,2.8076891922523829e-9,1,-3.130945813722974e-8,0.978151798248291,-9.255328947688213e-9,-0.20789188146591187],"p":[3865.187255859375,110.92292022705078,-265.6423034667969]},"j":false},{"t":4.34796404838562,"c":{"r":[-0.2079097032546997,2.6167643607521997e-9,-0.9781480431556702,2.6645510242673255e-9,1,2.1088613078035225e-9,0.9781480431556702,-2.1678725481422136e-9,-0.2079097032546997],"p":[3866.898193359375,111.47552490234375,-265.2783203125]},"j":false},{"t":4.389476776123047,"c":{"r":[-0.20790883898735047,2.9767583953344e-8,-0.9781482219696045,2.545379684804061e-9,1,2.98915630025931e-8,0.9781482219696045,3.7249610063128104e-9,-0.20790883898735047],"p":[3868.323974609375,111.56134796142578,-264.9749755859375]},"j":false},{"t":4.430881023406982,"c":{"r":[-0.1676028072834015,1.779174674254591e-8,-0.9858546257019043,4.527883401550525e-9,1,1.7277255182079899e-8,0.9858546257019043,-1.5681183018756429e-9,-0.1676028072834015],"p":[3869.752685546875,111.30653381347656,-264.6835021972656]},"j":false},{"t":4.472528457641602,"c":{"r":[-0.030711013823747636,-2.0355486185508199e-7,-0.9995282888412476,1.357208567753787e-8,1,-2.0406793055371964e-7,0.9995282888412476,-1.9832816278153588e-8,-0.030711013823747636],"p":[3871.197021484375,110.71109771728516,-264.4885559082031]},"j":false},{"t":4.514733076095581,"c":{"r":[0.3830803632736206,-0.0000018661273770703702,-0.9237149953842163,1.587664968383251e-7,1,-0.0000019543981579772664,0.9237149953842163,6.020366072334582e-7,0.3830803632736206],"p":[3872.6474609375,109.7750473022461,-264.488037109375]},"j":false},{"t":4.556201219558716,"c":{"r":[0.48121923208236697,-2.228191817721381e-7,-0.8766002655029297,-2.0402223910309659e-8,1,-2.65385637021609e-7,0.8766002655029297,1.455932618910083e-7,0.48121923208236697],"p":[3874.0546875,108.49835968017578,-264.7311706542969]},"j":false},{"t":4.597803354263306,"c":{"r":[0.5411830544471741,1.0202470690501286e-7,-0.8409047722816467,-1.826996687270821e-8,1,1.0956924967331361e-7,0.8409047722816467,-4.393372066147094e-8,0.5411830544471741],"p":[3875.392578125,106.88105010986328,-265.2124938964844]},"j":false},{"t":4.640153884887695,"c":{"r":[0.5475224256515503,3.589559227634709e-8,-0.8367909789085388,6.778109185034964e-10,1,4.3340225630572607e-8,0.8367909789085388,-2.4296930689615693e-8,0.5475224256515503],"p":[3876.617431640625,105.63101959228516,-265.90997314453127]},"j":false},{"t":4.681577682495117,"c":{"r":[0.5358280539512634,-9.233163211774809e-8,-0.8443271517753601,1.1812599787219824e-8,1,-1.0185875254364874e-7,0.8443271517753601,4.4605076965353876e-8,0.5358280539512634],"p":[3877.81787109375,105.4819564819336,-266.693359375]},"j":false},{"t":4.701037645339966,"c":{"r":[0.5239901542663574,-5.84384096669055e-8,-0.8517243266105652,5.134842773202308e-9,1,-6.54528733434745e-8,0.8517243266105652,2.9923189259761787e-8,0.5239901542663574],"p":[3878.310791015625,105.28107452392578,-267.0051574707031]},"j":true},{"t":4.708431959152222,"c":{"r":[0.5180269479751587,-4.142702181297864e-8,-0.8553643226623535,1.988857301071789e-9,1,-4.72275232255015e-8,0.8553643226623535,2.2763931184499598e-8,0.5180269479751587],"p":[3878.557861328125,105.72061157226563,-267.1600036621094]},"j":true},{"t":4.716493129730225,"c":{"r":[0.506466269493103,-2.677166577313983e-8,-0.8622597455978394,-7.534579071766245e-10,1,-3.1490820617818829e-8,0.8622597455978394,1.6598715291138434e-8,0.506466269493103],"p":[3878.806640625,106.14652252197266,-267.3120422363281]},"j":true},{"t":4.7230706214904789,"c":{"r":[0.5062811374664307,-1.6447154749243965e-8,-0.8623685240745544,-3.2314988462900375e-9,1,-2.096922813166202e-8,0.8623685240745544,1.3403067100625777e-8,0.5062811374664307],"p":[3879.0576171875,106.5588150024414,-267.4606628417969]},"j":false},{"t":4.765362501144409,"c":{"r":[0.4882117807865143,1.2911189450903749e-8,-0.8727251887321472,-1.3877603954881579e-8,1,7.030827031684339e-9,0.8727251887321472,8.678802565498245e-9,0.4882117807865143],"p":[3880.319580078125,108.41588592529297,-268.19097900390627]},"j":false},{"t":4.806667327880859,"c":{"r":[0.4391896724700928,-8.006347940181513e-8,-0.8983943462371826,-1.8829354075933226e-8,1,-9.832334058046399e-8,0.8983943462371826,6.009878461554763e-8,0.4391896724700928],"p":[3881.603759765625,109.93232727050781,-268.8828430175781]},"j":false},{"t":4.851274490356445,"c":{"r":[0.24602991342544557,-3.2313377573700566e-7,-0.9692622423171997,1.2220197298518088e-8,1,-3.302792777049035e-7,0.9692622423171997,6.94140069867899e-8,0.24602991342544557],"p":[3882.9287109375,111.10814666748047,-269.48931884765627]},"j":false},{"t":4.899937391281128,"c":{"r":[0.056163448840379718,-4.260218418039585e-7,-0.9984216094017029,1.8245092547886089e-8,1,-4.256690147030895e-7,0.9984216094017029,5.69074432021921e-9,0.056163448840379718],"p":[3884.608642578125,112.06949615478516,-269.9323425292969]},"j":false},{"t":4.947844743728638,"c":{"r":[0.055825114250183108,1.246681051725318e-7,-0.9984405636787415,-4.941690612270122e-9,1,1.2458652065561183e-7,0.9984405636787415,-2.0210719764435227e-9,0.055825114250183108],"p":[3886.34716796875,112.54035186767578,-270.0724182128906]},"j":false},{"t":4.98910117149353,"c":{"r":[-0.012908590026199818,-3.355070887778311e-8,-0.999916672706604,-1.2778478275521366e-9,1,-3.3537009613837657e-8,0.999916672706604,8.448258759230498e-10,-0.012908590026199818],"p":[3887.80419921875,112.55805206298828,-270.1217956542969]},"j":false},{"t":5.031194448471069,"c":{"r":[-0.04140957072377205,-1.415465078480338e-7,-0.9991422295570374,4.018840371600163e-9,1,-1.4183457608396567e-7,0.9991422295570374,-9.888702301452668e-9,-0.04140957072377205],"p":[3889.26171875,112.23511505126953,-270.09246826171877]},"j":false},{"t":5.07336688041687,"c":{"r":[-0.055423371493816379,-1.3505078300113383e-7,-0.9984629154205322,5.793036716994493e-9,1,-1.3558025102611283e-7,0.9984629154205322,-1.3298447676390879e-8,-0.055423371493816379],"p":[3890.71923828125,111.5715560913086,-270.03057861328127]},"j":false},{"t":5.115096807479858,"c":{"r":[-0.08335211127996445,-1.335834127758062e-7,-0.9965201616287231,7.391844469850639e-9,1,-1.34668155737927e-7,0.9965201616287231,-1.859099718615198e-8,-0.08335211127996445],"p":[3892.17431640625,110.56737518310547,-269.9333801269531]},"j":false},{"t":5.156234979629517,"c":{"r":[-0.07676167041063309,-6.894348558716956e-8,-0.9970494508743286,5.097620547900306e-9,1,-6.953997200298545e-8,0.9970494508743286,-1.0420583507197989e-8,-0.07676167041063309],"p":[3893.627685546875,109.22256469726563,-269.8154602050781]},"j":false},{"t":5.197848320007324,"c":{"r":[-0.042333923280239108,-5.365437516502425e-8,-0.9991035461425