{"v":1,"name":"macro1_macro2_merged","d":[{"t":0.06528377532958984,"c":{"r":[-0.2482760101556778,-0.0003005449252668768,-0.9686892628669739,-0.000026572013666736893,0.9999999403953552,-0.0003034489054698497,0.9686893224716187,-0.00004959906073054299,-0.2482760101556778],"p":[3966.206787109375,68.42239379882812,-305.732666015625]},"j":false},{"t":0.13181400299072266,"c":{"r":[-0.6583505868911743,-0.00007098602509358898,-0.7527114152908325,-0.0000017346325194012024,1,-0.00009278991637984291,0.7527114152908325,-0.00005978261833661236,-0.6583505868911743],"p":[3966.801025390625,68.42516326904297,-303.54510498046875]},"j":false},{"t":0.1981809139251709,"c":{"r":[-0.8298985958099365,-0.000015683053788961843,-0.5579143166542053,3.882192913806648e-7,1,-0.000028687625672318973,0.5579143166542053,-0.000024024411686696112,-0.8298985958099365],"p":[3967.3955078125,68.4256362915039,-301.3576354980469]},"j":false},{"t":0.2642674446105957,"c":{"r":[-0.8987184166908264,-0.00000387678437618888,-0.4385262429714203,2.9513603294617496e-7,1,-0.000009445338037039619,0.4385262429714203,-0.000008618124411441386,-0.8987184166908264],"p":[3967.952392578125,68.4255142211914,-299.3069763183594]},"j":false},{"t":0.33125758171081543,"c":{"r":[-0.9321110248565674,-9.59782028076006e-7,-0.36217260360717773,1.193939596078053e-7,1,-0.000002957348215204547,0.36217260360717773,-0.0000027998182758892654,-0.9321110248565674],"p":[3968.517822265625,67.92350006103516,-297.2247314453125]},"j":false},{"t":0.39798831939697266,"c":{"r":[-0.9479482173919678,-2.53291005947176e-7,-0.3184245526790619,4.208718351605967e-8,1,-9.207440143654821e-7,0.3184245526790619,-8.862191975822498e-7,-0.9479482173919678],"p":[3969.10595703125,66.48164367675781,-295.06048583984375]},"j":false},{"t":0.4642174243927002,"c":{"r":[-0.9650176763534546,2.037351976014179e-8,-0.2621847689151764,-4.795002617186128e-9,1,9.535558831430535e-8,0.2621847689151764,9.32770092276769e-8,-0.9650176763534546],"p":[3969.73486328125,66.35741424560547,-292.7440490722656]},"j":false},{"t":0.5311369895935059,"c":{"r":[-0.9650164246559143,1.5686525856040134e-8,-0.2621893882751465,-6.796120999297273e-9,1,8.48428527433498e-8,0.2621893882751465,8.365661585685302e-8,-0.9650164246559143],"p":[3970.32861328125,66.39920043945312,-290.5572814941406]},"j":false},{"t":0.5981259346008301,"c":{"r":[-0.9531890749931335,1.4551305937970938e-8,-0.3023749887943268,-8.524205341586821e-9,1,7.49945812117403e-8,0.3023749887943268,7.406152491284956e-8,-0.9531890749931335],"p":[3970.903564453125,66.48381805419922,-288.5196838378906]},"j":false},{"t":0.6634528636932373,"c":{"r":[-0.9466487169265747,1.1371453112474228e-8,-0.3222672641277313,-9.930877453712128e-9,1,6.445738875981988e-8,0.3222672641277313,6.421890219598936e-8,-0.9466487169265747],"p":[3971.60791015625,66.59033966064453,-286.37127685546875]},"j":false},{"t":0.7296533584594727,"c":{"r":[-0.9466487169265747,6.730621393558067e-9,-0.3222672641277313,-1.1254784659797679e-8,1,5.394575097739107e-8,0.3222672641277313,5.469472341701476e-8,-0.9466487169265747],"p":[3972.3310546875,66.26643371582031,-284.24560546875]},"j":false},{"t":0.7972359657287598,"c":{"r":[-0.9466487169265747,2.105628338355814e-9,-0.3222672641277313,-1.2574167485013277e-8,1,4.346996718140872e-8,0.3222672641277313,4.520303065191911e-8,-0.9466487169265747],"p":[3973.054443359375,66.33856201171875,-282.1207275390625]},"j":false},{"t":0.8637795448303223,"c":{"r":[-0.9466487169265747,-2.503582452462183e-9,-0.3222672641277313,-1.3889041028392057e-8,1,3.302991657960774e-8,0.3222672641277313,3.574371021386469e-8,-0.9466487169265747],"p":[3973.78173828125,66.55175018310547,-279.98492431640625]},"j":false},{"t":0.9306328296661377,"c":{"r":[-0.9372820258140564,-6.5809593330357075e-9,-0.3485719859600067,-1.5190378732654608e-8,1,2.1965934848822144e-8,0.3485719859600067,2.5883215570843277e-8,-0.9372820258140564],"p":[3974.56689453125,66.48123931884766,-277.7126159667969]},"j":false},{"t":0.9975051879882812,"c":{"r":[-0.9048259258270264,-9.058811478723783e-9,-0.4257817566394806,-1.57472310746698e-8,1,1.2188619002984069e-8,0.4257817566394806,1.773346269828835e-8,-0.9048259258270264],"p":[3975.360107421875,66.62205505371094,-275.74725341796875]},"j":false},{"t":1.063758134841919,"c":{"r":[-0.8925856947898865,-1.32038424638381e-8,-0.4508778154850006,-1.5688870647068143e-8,1,1.7739170132813342e-9,0.4508778154850006,8.6571372293065e-9,-0.8925856947898865],"p":[3976.353515625,66.62808990478516,-273.7107849121094]},"j":false},{"t":1.1331329345703125,"c":{"r":[-0.8925856947898865,-1.8034109317000002e-8,-0.4508778154850006,-1.5530739361224732e-8,1,-9.252162591621982e-9,0.4508778154850006,-1.2558821760322303e-9,-0.8925856947898865],"p":[3977.439208984375,66.55319213867188,-271.5622863769531]},"j":false},{"t":1.1973509788513184,"c":{"r":[-0.8894153237342834,-2.2302064195400817e-8,-0.45709991455078125,-1.5337539238657882e-8,1,-1.894689027892582e-8,0.45709991455078125,-9.840865899946039e-9,-0.8894153237342834],"p":[3978.404296875,66.4646987915039,-269.6716003417969]},"j":false},{"t":1.2635645866394043,"c":{"r":[-0.8796482086181641,-2.74134031030826e-8,-0.4756248891353607,-1.5000736652837077e-8,1,-2.989337133385561e-8,0.4756248891353607,-1.9160927067218836e-8,-0.8796482086181641],"p":[3979.516357421875,66.43303680419922,-267.5376281738281]},"j":false},{"t":1.3302242755889893,"c":{"r":[-0.8729222416877747,-3.1945049272508186e-8,-0.4878593981266022,-1.4513294566143031e-8,1,-3.95115336004892e-8,0.4878593981266022,-2.7410047565012974e-8,-0.8729222416877747],"p":[3980.51318359375,65.91460418701172,-265.7200012207031]},"j":false},{"t":1.39609956741333,"c":{"r":[-0.86949223279953,-3.6632716415851974e-8,-0.4939466118812561,-1.3879904336988602e-8,1,-4.9730569884332e-8,0.4939466118812561,-3.638441370412693e-8,-0.86949223279953],"p":[3981.61474609375,65.60157012939453,-263.7702331542969]},"j":false},{"t":1.4638230800628662,"c":{"r":[-0.86949223279953,-4.1381149173957965e-8,-0.4939466118812561,-1.3195110781794028e-8,1,-6.054926160459217e-8,0.4939466118812561,-4.6129436270803126e-8,-0.86949223279953],"p":[3982.76806640625,65.07848358154297,-261.7401428222656]},"j":false},{"t":1.5296580791473389,"c":{"r":[-0.86949223279953,-4.5556650007938515e-8,-0.4939466118812561,-1.2592942688627318e-8,1,-7.006260460684643e-8,0.4939466118812561,-5.469864916562983e-8,-0.86949223279953],"p":[3983.65771484375,63.86825180053711,-260.1740417480469]},"j":false},{"t":1.5973517894744873,"c":{"r":[-0.86949223279953,-5.02727566242811e-8,-0.4939466118812561,-1.1912822728277206e-8,1,-8.080762370354933e-8,0.4939466118812561,-6.437730348807236e-8,-0.86949223279953],"p":[3984.80126953125,63.65969467163086,-258.16119384765625]},"j":false},{"t":1.6629986763000488,"c":{"r":[-0.858959436416626,-5.5835684520388895e-8,-0.5120436549186707,-1.1204998706659808e-8,1,-9.02482497622259e-8,0.5120436549186707,-7.178213934366795e-8,-0.858959436416626],"p":[3985.865478515625,63.70277404785156,-256.3216552734375]},"j":false},{"t":1.7301373481750488,"c":{"r":[-0.8589593172073364,-6.051968171050248e-8,-0.512043833732605,-1.030622254205582e-8,1,-1.0090357704939379e-7,0.512043833732605,-8.139483043123619e-8,-0.8589593172073364],"p":[3987.09814453125,63.68878936767578,-254.25294494628906]},"j":false},{"t":1.7969801425933838,"c":{"r":[-0.8589593172073364,-6.463850610316513e-8,-0.512043833732605,-9.51589118614038e-9,1,-1.1027326252133207e-7,0.512043833732605,-8.984769550579585e-8,-0.8589593172073364],"p":[3988.185791015625,63.53870391845703,-252.42771911621094]},"j":false},{"t":1.863844633102417,"c":{"r":[-0.8660269379615784,-6.766568105831539e-8,-0.4999973475933075,-8.714748922500348e-9,1,-1.2023758699797327e-7,0.4999973475933075,-9.97716398387638e-8,-0.8660269379615784],"p":[3989.342041015625,63.52205276489258,-250.47882080078125]},"j":false},{"t":1.9308290481567383,"c":{"r":[-0.8660270571708679,-7.230185161688496e-8,-0.4999971389770508,-7.97250709894115e-9,1,-1.307956409846156e-7,0.4999971389770508,-1.0928632576678865e-7,-0.8660270571708679],"p":[3990.545654296875,63.644588470458984,-248.39328002929688]},"j":false},{"t":1.997206687927246,"c":{"r":[-0.8517280220985413,-7.956080594340165e-8,-0.5239840745925903,-7.237858312691969e-9,1,-1.4007318327458051e-7,0.5239840745925903,-1.1551173884072341e-7,-0.8517280220985413],"p":[3991.61572265625,63.63679885864258,-246.55770874023438]},"j":false},{"t":2.063861846923828,"c":{"r":[-0.829039990901947,5.220303833652906e-8,-0.5591893196105957,2.101004037413645e-9,1,9.023996483392693e-8,0.5591893196105957,7.36376790655413e-8,-0.829039990901947],"p":[3992.909423828125,63.62154006958008,-244.5270538330078]},"j":false},{"t":2.1294665336608887,"c":{"r":[-0.8211479783058167,3.8610590280541146e-8,-0.5707153677940369,1.0911047620965064e-9,1,6.608308922295691e-8,0.5707153677940369,5.364128341511787e-8,-0.8211479783058167],"p":[3994.115234375,63.60741424560547,-242.77743530273438]},"j":false},{"t":2.1964938640594482,"c":{"r":[-0.8211482763290405,2.310035362995677e-8,-0.5707149505615234,5.3416195078259676e-11,1,4.039931056354362e-8,0.5707149505615234,3.314333696380345e-8,-0.8211482763290405],"p":[3995.40771484375,63.51069641113281,-240.91722106933594]},"j":false},{"t":2.2637643814086914,"c":{"r":[-0.8211482763290405,6.678672281879017e-9,-0.5707149505615234,-1.0452905208069296e-9,1,1.3206260973674944e-8,0.5707149505615234,1.1440861591438534e-8,-0.8211482763290405],"p":[3996.781494140625,63.571022033691406,-238.9396209716797]},"j":false},{"t":2.3294193744659424,"c":{"r":[-0.8405686020851135,-7.994933604038579e-9,-0.5417051315307617,-2.6341422376674473e-9,1,-1.0671407757456564e-8,0.5417051315307617,-7.543121682829224e-9,-0.8405686020851135],"p":[3997.958251953125,63.56064987182617,-237.1703643798828]},"j":false},{"t":2.396160125732422,"c":{"r":[-0.8625156879425049,-2.2630178619920116e-8,-0.5060303211212158,-5.122540169821832e-9,1,-3.5989753399690017e-8,0.5060303211212158,-2.844956803471632e-8,-0.8625156879425049],"p":[3999.1552734375,63.5465202331543,-235.24595642089844]},"j":false},{"t":2.4633922576904297,"c":{"r":[-0.8660255074501038,-3.868531095463368e-8,-0.4999997913837433,-8.458568068192562e-9,1,-6.271997676776664e-8,0.4999997913837433,-5.008781656101746e-8,-0.8660255074501038],"p":[4000.3623046875,63.53363800048828,-233.1621856689453]},"j":false},{"t":2.5080816745758057,"c":{"r":[-0.8660265803337097,-4.7266457414707475e-8,-0.49999794363975525,-1.0219793900034801e-8,1,-7.683200209385177e-8,0.49999794363975525,-6.142867903236038e-8,-0.8660265803337097],"p":[4000.99951171875,63.45451354980469,-232.0580596923828]},"j":true},{"t":2.51798152923584,"c":{"r":[-0.8660265803337097,-5.012321224739935e-8,-0.49999794363975525,-1.0806123107443e-8,1,-8.152998276500512e-8,0.49999794363975525,-6.520409101540281e-8,-0.8660265803337097],"p":[4001.2119140625,64.10871124267578,-231.6900177001953]},"j":true},{"t":2.5255284309387207,"c":{"r":[-0.8660265803337097,-5.107505884893726e-8,-0.49999797344207764,-1.1001479727212882e-8,1,-8.309530841188462e-8,0.49999797344207764,-6.646202166393778e-8,-0.8660265803337097],"p":[4001.28271484375,64.31996154785156,-231.5673370361328]},"j":true},{"t":2.5302679538726807,"c":{"r":[-0.8626422882080078,-5.373128431074292e-8,-0.5058144330978394,-1.135936322782527e-8,1,-8.6854406333714e-8,0.5058144330978394,-6.917856154586843e-8,-0.8626422882080078],"p":[4001.42431640625,64.73224639892578,-231.3219757080078]},"j":false},{"t":2.59641695022583,"c":{"r":[-0.8406404852867126,-8.939149154230108e-8,-0.5415935516357422,4.929153529786845e-9,1,-1.7270356522658403e-7,0.5415935516357422,-1.4785121038585203e-7,-0.8406404852867126],"p":[4002.6875,67.68659210205078,-229.2719268798828]},"j":false},{"t":2.6637651920318604,"c":{"r":[-0.8217881917953491,-6.225463256015473e-9,-0.5697931051254272,1.3652094565941297e-8,1,-3.0615662893751505e-8,0.5697931051254272,-3.293845907137438e-8,-0.8217881917953491],"p":[4003.92431640625,69.56790161132812,-227.37332153320312]},"j":false},{"t":2.729945182800293,"c":{"r":[-0.7795395851135254,-8.024134956485796e-8,-0.6263529658317566,1.2740059673888027e-8,1,-1.4396472636235558e-7,0.6263529658317566,-1.2020598205708666e-7,-0.7795395851135254],"p":[4005.18505859375,70.5396728515625,-225.6631317138672]},"j":false},{"t":2.796675205230713,"c":{"r":[-0.7108296751976013,-1.1207386307887646e-7,-0.7033641338348389,5.041753237122748e-9,1,-1.6443500783225318e-7,0.7033641338348389,-1.2043147989970748e-7,-0.7108296751976013],"p":[4006.763671875,70.71451568603516,-223.8458709716797]},"j":false},{"t":2.8636531829833984,"c":{"r":[-0.6380296945571899,-1.2273285676656087e-7,-0.7700117826461792,1.0126240290730948e-8,1,-1.6778145095486252e-7,0.7700117826461792,-1.1484686979201797e-7,-0.6380296945571899],"p":[4008.431640625,69.97982025146484,-222.31336975097656]},"j":false},{"t":2.930246591567993,"c":{"r":[-0.5823147296905518,-1.0594985866418938e-7,-0.8129634857177734,7.188257988843816e-9,1,-1.3547433752592042e-7,0.8129634857177734,-8.473249124563154e-8,-0.5823147296905518],"p":[4010.114501953125,68.49909210205078,-221.0167999267578]},"j":false},{"t":2.996083974838257,"c":{"r":[-0.5821214318275452,-6.274759556390563e-8,-0.8131018877029419,1.6755261622591888e-9,1,-7.837019921907995e-8,0.8131018877029419,-4.698334166164386e-8,-0.5821214318275452],"p":[4011.958251953125,66.07489776611328,-219.6971435546875]},"j":false},{"t":3.0570120811462402,"c":{"r":[-0.6095649600028992,-6.194382251578645e-8,-0.7927361130714417,-8.645234528259493e-11,1,-7.80727944516002e-8,0.7927361130714417,-4.752190463364059e-8,-0.6095649600028992],"p":[4013.673095703125,63.01027297973633,-218.4428253173828]},"j":false},{"t":3.1217451095581055,"c":{"r":[-0.6534199118614197,-4.32089066748631e-8,-0.756995677947998,2.8872837454230194e-9,1,-5.957169335601975e-8,0.756995677947998,-4.111099016768094e-8,-0.6534199118614197],"p":[4015.3330078125,62.779788970947266,-217.11605834960938]},"j":false},{"t":3.188509464263916,"c":{"r":[-0.728971004486084,4.579215584499252e-8,-0.6845446228981018,1.2331902610185352e-8,1,5.3762104101906516e-8,0.6845446228981018,3.0749273349783834e-8,-0.728971004486084],"p":[4017.00537109375,63.297183990478516,-215.58734130859375]},"j":false},{"t":3.2172725200653076,"c":{"r":[-0.7615376710891724,7.705934024215821e-8,-0.648120641708374,1.9764872405403366e-8,1,9.56730019652241e-8,0.648120641708374,6.004857056041146e-8,-0.7615376710891724],"p":[4017.580810546875,63.32215881347656,-214.96200561523438]},"j":true},{"t":3.2262513637542725,"c":{"r":[-0.7749438285827637,8.686355812415059e-8,-0.6320301294326782,2.275867849732549e-8,1,1.095309585252835e-7,0.6320301294326782,7.049617067877989e-8,-0.7749438285827637],"p":[4017.768310546875,63.76169967651367,-214.74945068359375]},"j":true},{"t":3.2342731952667236,"c":{"r":[-0.7833850979804993,9.548158885763769e-8,-0.6215366721153259,2.6017874077410852e-8,1,1.208288722409634e-7,0.6215366721153259,7.848447580727225e-8,-0.7833850979804993],"p":[4017.950439453125,64.18761444091797,-214.53250122070312]},"j":true},{"t":3.254368782043457,"c":{"r":[-0.8045004606246948,7.463250284445166e-8,-0.5939520001411438,3.997740449790399e-8,1,7.150521241783281e-8,0.5939520001411438,3.378131552267405e-8,-0.8045004606246948],"p":[4018.47216796875,65.38359832763672,-213.86160278320312]},"j":false},{"t":3.321380376815796,"c":{"r":[-0.8586844205856323,-7.81852946829531e-8,-0.5125046968460083,1.7966887977394208e-9,1,-1.5556555865714472e-7,0.5125046968460083,-1.3450252822622133e-7,-0.8586844205856323],"p":[4019.7392578125,67.97340393066406,-211.9836883544922]},"j":false},{"t":3.3889102935791016,"c":{"r":[-0.9099867939949036,-7.87113094702363e-8,-0.4146372079849243,-3.176412910477211e-9,1,-1.828606173148728e-7,0.4146372079849243,-1.65083690717438e-7,-0.9099867939949036],"p":[4020.842041015625,69.69121551513672,-210.0043487548828]},"j":false},{"t":3.45497465133667,"c":{"r":[-0.9528859257698059,-3.991518582324716e-8,-0.30332884192466736,1.3442177149158852e-8,1,-1.738181083510426e-7,0.30332884192466736,-1.6970622596090834e-7,-0.9528859257698059],"p":[4021.68115234375,70.53701782226562,-207.90008544921875]},"j":false},{"t":3.5221333503723145,"c":{"r":[-0.9968392252922058,-1.0881340273272144e-8,-0.0794452503323555,1.4811504911449447e-8,1,-3.2281388939736644e-7,0.0794452503323555,-3.229702372209431e-7,-0.9968392252922058],"p":[4022.255126953125,70.48023223876953,-205.5653839111328]},"j":false},{"t":3.588884115219116,"c":{"r":[-0.9996274709701538,4.366298878011321e-9,-0.02729308046400547,4.99714314372568e-9,1,-2.3045510388897128e-8,0.02729308046400547,-2.317331215806462e-8,-0.9996274709701538],"p":[4022.333984375,69.52754211425781,-203.3018798828125]},"j":false},{"t":3.6543667316436768,"c":{"r":[-0.9996098279953003,1.6329415597482466e-10,-0.02793111465871334,-3.0384761373625224e-9,1,1.1458850934786824e-7,0.02793111465871334,1.1462867632872076e-7,-0.9996098279953003],"p":[4022.398681640625,67.84243774414062,-201.17784118652344]},"j":false},{"t":3.722503900527954,"c":{"r":[-0.9998969435691833,-5.320786478080208e-9,-0.014355449937283993,-6.5345027167040826e-9,1,8.450050614783322e-8,0.014355449937283993,8.458560074586785e-8,-0.9998969435691833],"p":[4022.4599609375,65.20024871826172,-198.9119415283203]},"j":false},{"t":3.7764105796813965,"c":{"r":[-0.9970535039901733,-5.003887304511068e-10,0.07670890539884567,-8.513514337948891e-9,1,-1.0413445750145911e-7,-0.07670890539884567,-1.0448069076574029e-7,-0.9970535039901733],"p":[4022.438720703125,64.0103988647461,-197.09002685546875]},"j":true},{"t":3.788628101348877,"c":{"r":[-0.9835719466209412,7.98856447659091e-9,0.18051663041114807,-1.1144566158804992e-8,1,-1.0497674196585649e-7,-0.18051663041114807,-1.0526395755050544e-7,-0.9835719466209412],"p":[4022.3681640625,63.861488342285156,-196.52835083007812]},"j":false},{"t":3.7916812896728516,"c":{"r":[-0.9835719466209412,7.98856447659091e-9,0.18051663041114807,-1.1144566158804992e-8,1,-1.0497674196585649e-7,-0.18051663041114807,-1.0526395755050544e-7,-0.9835719466209412],"p":[4022.3681640625,63.861488342285156,-196.52835083007812]},"j":true},{"t":3.800809621810913,"c":{"r":[-0.9650176763534546,1.4596225561547271e-8,0.26218482851982117,-1.0598634858638434e-8,1,-9.468165984571897e-8,-0.26218482851982117,-9.414827673026593e-8,-0.9650176763534546],"p":[4022.32421875,64.301025390625,-196.24850463867188]},"j":true},{"t":3.808151960372925,"c":{"r":[-0.9473726749420166,3.7257034790627586e-8,0.3201327919960022,-6.481854164519518e-9,1,-1.3556177691498306e-7,-0.3201327919960022,-1.30502570527824e-7,-0.9473726749420166],"p":[4022.27294921875,64.72693634033203,-195.97021484375]},"j":true},{"t":3.854607343673706,"c":{"r":[-0.7702570557594299,6.359296094160527e-7,0.637733519077301,3.216712229914265e-8,1,-9.583197879692307e-7,-0.637733519077301,-7.176385565799137e-7,-0.7702570557594299],"p":[4021.76708984375,66.99629211425781,-194.36373901367188]},"j":false},{"t":3.921757459640503,"c":{"r":[-0.6375709176063538,5.995459417817983e-8,0.7703916430473328,3.2665784743812765e-8,1,-5.078954146142678e-8,-0.7703916430473328,-7.216487851735565e-9,-0.6375709176063538],"p":[4020.60791015625,69.25909423828125,-192.4888153076172]},"j":false},{"t":3.989508867263794,"c":{"r":[-0.6320643424987793,-1.2346920641448378e-7,0.774915874004364,-1.8523030220762848e-8,1,1.4422398919577972e-7,-0.774915874004364,7.680505120788439e-8,-0.6320643424987793],"p":[4019.075439453125,70.5885238647461,-191.05706787109375]},"j":false},{"t":4.059398889541626,"c":{"r":[-0.6426754593849182,2.1663002502947393e-9,0.7661385536193848,-2.9301846282692168e-8,1,-2.7407416780533822e-8,-0.7661385536193848,-4.006334819450785e-8,-0.6426754593849182],"p":[4017.215087890625,71.16871643066406,-189.52735900878906]},"j":false},{"t":4.120483160018921,"c":{"r":[-0.69385826587677,1.0621926094245282e-7,0.720111608505249,-5.1720991933734695e-9,1,-1.524874306824131e-7,-0.720111608505249,-1.0952915374673466e-7,-0.69385826587677],"p":[4015.6142578125,70.86314392089844,-188.130126953125]},"j":false},{"t":4.183181285858154,"c":{"r":[-0.7658864855766296,1.0093518909570776e-7,0.6429758667945862,1.077217781642048e-8,1,-1.441499364318588e-7,-0.6429758667945862,-1.0347623202733303e-7,-0.7658864855766296],"p":[4014.171142578125,69.79116821289062,-186.57203674316406]},"j":false},{"t":4.246593952178955,"c":{"r":[-0.8042708039283752,6.124422213815706e-8,0.594262957572937,5.037613881597736e-9,1,-9.62412656235756e-8,-0.594262957572937,-7.441037297439834e-8,-0.8042708039283752],"p":[4012.82861328125,67.9527816772461,-184.92510986328125]},"j":false},{"t":4.313513278961182,"c":{"r":[-0.8210935592651367,5.984936990444112e-8,0.570793628692627,5.336637354247387e-9,1,-9.717608406845102e-8,-0.570793628692627,-7.674454138850706e-8,-0.8210935592651367],"p":[4011.509765625,65.14708709716797,-183.08206176757812]},"j":false},{"t":4.3802783489227295,"c":{"r":[-0.8290374279022217,8.589106315071149e-9,0.5591931343078613,5.552607817982391e-10,1,-1.4536612802373838e-8,-0.5591931343078613,-1.1740898031575853e-8,-0.8290374279022217],"p":[4010.25390625,64.96009826660156,-181.2583465576172]},"j":false},{"t":4.447501182556152,"c":{"r":[-0.8367634415626526,-4.451912616332265e-8,0.5475645661354065,-5.591747065381014e-9,1,7.275883007196171e-8,-0.5475645661354065,5.78200882728197e-8,-0.8367634415626526],"p":[4009.2509765625,64.10261535644531,-179.7936248779297]},"j":false},{"t":4.45272159576416,"c":{"r":[-0.8367634415626526,-4.451912616332265e-8,0.5475645661354065,-5.591747065381014e-9,1,7.275883007196171e-8,-0.5475645661354065,5.78200882728197e-8,-0.8367634415626526],"p":[4009.2509765625,64.10261535644531,-179.7936248779297]},"j":true},{"t":4.460092067718506,"c":{"r":[-0.836763322353363,-5.0788898420250916e-8,0.5475647449493408,-6.380856287790948e-9,1,8.300321496790275e-8,-0.5475647449493408,6.596010848625156e-8,-0.836763322353363],"p":[4009.1552734375,64.54556274414062,-179.65406799316406]},"j":true},{"t":4.467979431152344,"c":{"r":[-0.836763322353363,-5.705598127292433e-8,0.547564685344696,-7.169634663739544e-9,1,9.324321581516415e-8,-0.547564685344696,7.409666835656026e-8,-0.836763322353363],"p":[4009.055908203125,64.97827911376953,-179.5081787109375]},"j":true},{"t":4.513216495513916,"c":{"r":[-0.8479382991790771,-7.472561946997303e-8,0.5300949215888977,-1.0670192729378414e-8,1,1.2389847370286589e-7,-0.5300949215888977,9.940204392933083e-8,-0.8479382991790771],"p":[4008.3525390625,67.28851318359375,-178.45343017578125]},"j":false},{"t":4.579660177230835,"c":{"r":[-0.8443441987037659,-4.6076713999809726e-8,0.535801112651825,-1.0936513028525496e-8,1,6.876157954138762e-8,-0.535801112651825,5.2198647182422064e-8,-0.8443441987037659],"p":[4007.267333984375,69.48653411865234,-176.73484802246094]},"j":false},{"t":4.6415934562683105,"c":{"r":[-0.9008276462554932,9.748411144983038e-8,0.43417683243751526,8.771986692579503e-9,1,-2.0632622010907653e-7,-0.43417683243751526,-1.8205577134722262e-7,-0.9008276462554932],"p":[4006.155517578125,70.91815185546875,-174.9243621826172]},"j":false},{"t":4.705284118652344,"c":{"r":[-0.9940248131752014,1.2296918328047468e-7,0.10915427654981613,4.84194195848886e-8,1,-6.856266168142611e-7,-0.10915427654981613,-6.762447242181224e-7,-0.9940248131752014],"p":[4005.385009765625,71.58335876464844,-172.9506072998047]},"j":false},{"t":4.771857261657715,"c":{"r":[-0.9904065728187561,-3.222429967308926e-8,-0.1381838470697403,5.711590311818782e-9,1,-2.7413551606514375e-7,0.1381838470697403,-2.722948693190119e-7,-0.9904065728187561],"p":[4005.141845703125,71.44816589355469,-170.72085571289062]},"j":false},{"t":4.837756156921387,"c":{"r":[-0.9795806407928467,-4.0990073557622964e-8,-0.20105168223381042,-1.318530262750528e-8,1,-1.396357731664466e-7,0.20105168223381042,-1.3413357180525054e-7,-0.9795806407928467],"p":[4005.4765625,70.44097900390625,-168.48806762695312]},"j":false},{"t":4.90456223487854,"c":{"r":[-0.9880827069282532,-3.1801020150545867e-10,-0.15392383933067322,7.039669291941664e-9,1,-4.725574598296589e-8,0.15392383933067322,-4.7776158140777625e-8,-0.9880827069282532],"p":[4005.9443359375,68.4153823852539,-166.1256103515625]},"j":false},{"t":4.9712913036346436,"c":{"r":[-0.9994425177574158,1.6378550071749487e-8,0.03338713198900223,9.679299139975228e-9,1,-2.0081529328308534e-7,-0.03338713198900223,-2.0038017112256057e-7,-0.9994425177574158],"p":[4006.123291015625,65.81059265136719,-164.01161193847656]},"j":false},{"t":5.038191795349121,"c":{"r":[-0.9719638824462891,-5.124859470129195e-8,0.23513010144233704,-7.696629999998095e-9,1,1.8614268526562228e-7,-0.23513010144233704,1.7911425231886824e-7,-0.9719638824462891],"p":[4005.762451171875,64.6432876586914,-161.7821044921875]},"j":false},{"t":5.076207876205444,"c":{"r":[-0.9809540510177612,4.438192036104738e-9,0.1942397952079773,8.597415224187444e-9,1,2.0569816072679714e-8,-0.1942397952079773,2.184800607096804e-8,-0.9809540510177612],"p":[4005.51171875,64.2598648071289,-160.67689514160156]},"j":true},{"t":5.082493782043457,"c":{"r":[-0.9848077893257141,1.7473398727929634e-8,0.173647940158844,1.4108056056727492e-8,1,-2.0614557172393688e-8,-0.173647940158844,-1.7851540690116963e-8,-0.9848077893257141],"p":[4005.4541015625,64.70281219482422,-160.3994903564453]},"j":true},{"t":5.0999627113342285,"c":{"r":[-0.9881131052970886,4.257366370552518e-8,0.153728649020195,2.620566341704489e-8,1,-1.0849964837689186e-7,-0.153728649020195,-1.0318135679199258e-7,-0.9881131052970886],"p":[4005.344970703125,65.55463409423828,-159.84352111816406]},"j":true},{"t":5.105082988739014,"c":{"r":[-0.9901382923126221,4.498120276252848e-8,0.14009356498718262,2.6696149291183247e-8,1,-1.3239953489119216e-7,-0.14009356498718262,-1.273538856594314e-7,-0.9901382923126221],"p":[4005.2998046875,65.96011352539062,-159.5638427734375]},"j":false},{"t":5.171579599380493,"c":{"r":[-0.9948108196258545,-1.469355570549169e-8,-0.10174175351858139,1.984352770989517e-8,1,-3.3844622748802067e-7,0.10174175351858139,-3.3870890092657646e-7,-0.9948108196258545],"p":[4005.134521484375,68.85655212402344,-157.16497802734375]},"j":false},{"t":5.238909482955933,"c":{"r":[-0.9149213433265686,-1.1832442936565712e-7,-0.40363216400146484,1.6252737822242125e-8,1,-3.299895752206794e-7,0.40363216400146484,-3.0847462539895787e-7,-0.9149213433265686],"p":[4005.543212890625,70.68336486816406,-154.9498748779297]},"j":false},{"t":5.305357217788696,"c":{"r":[-0.6577022671699524,-6.553248681484547e-7,-0.7532780170440674,6.530738261290026e-8,1,-9.2698536491298e-7,0.7532780170440674,-6.588749670299876e-7,-0.6577022671699524],"p":[4006.548583984375,71.63816833496094,-152.938720703125]},"j":false},{"t":5.367049217224121,"c":{"r":[0.044948264956474304,-0.0000033182031984324567,-0.9989893436431885,2.623891077746521e-7,1,-0.000003309754447400337,0.9989893436431885,-1.1335620087038478e-7,0.044948264956474304],"p":[4007.825927734375,71.75831604003906,-151.5020294189453]},"j":false},{"t":5.429978132247925,"c":{"r":[0.2620288133621216,-1.361248394005088e-7,-0.9650600552558899,-2.8468425838923395e-8,1,-1.4878284559927124e-7,0.9650600552558899,6.645913686043059e-8,0.2620288133621216],"p":[4009.426025390625,71.14617919921875,-150.44493103027344]},"j":false},{"t":5.496402740478516,"c":{"r":[0.23558557033538818,9.205577811144394e-8,-0.9718536138534546,1.851912045935933e-8,1,9.921105004195852e-8,0.9718536138534546,-4.137056563990882e-8,0.23558557033538818],"p":[4011.302978515625,69.64848327636719,-149.9088134765625]},"j":false},{"t":5.563722372055054,"c":{"r":[0.106241874396801,-1.57643697207277e-7,-0.9943403005599976,6.685143993934162e-9,1,-1.5782670459429937e-7,0.9943403005599976,1.0120495552712327e-8,0.106241874396801],"p":[4013.5224609375,67.10173034667969,-149.98504638671875]},"j":false},{"t":5.629905700683594,"c":{"r":[-0.048795104026794434,-9.89108741578093e-8,-0.9988088011741638,7.192763273877745e-9,1,-9.938022316191564e-8,0.9988088011741638,-1.2033464003025074e-8,-0.048795104026794434],"p":[4015.643798828125,64.0370864868164,-150.03543090820312]},"j":false},{"t":5.696285724639893,"c":{"r":[-0.07671884447336197,8.956165231666091e-8,-0.997052788734436,1.931735438276405e-9,1,8.967774789425675e-8,0.997052788734436,4.953931043161219e-9,-0.07671884447336197],"p":[4018.047607421875,63.25428771972656,-149.87596130371094]},"j":false},{"t":5.700615167617798,"c":{"r":[-0.07671884447336197,8.956165231666091e-8,-0.997052788734436,1.931735438276405e-9,1,8.967774789425675e-8,0.997052788734436,4.953931043161219e-9,-0.07671884447336197],"p":[4018.047607421875,63.25428771972656,-149.87596130371094]},"j":true},{"t":5.708855867385864,"c":{"r":[-0.07671883702278137,8.970367559868464e-8,-0.997052788734436,1.1536173127879579e-9,1,8.988006783283709e-8,0.997052788734436,5.745277142921168e-9,-0.07671883702278137],"p":[4018.18896484375,63.47576141357422,-149.86509704589844]},"j":true},{"t":5.725222826004028,"c":{"r":[-0.07671881467103958,9.041335147230711e-8,-0.997052788734436,-2.734480863963995e-9,1,9.089101382642184e-8,0.997052788734436,9.699473224600297e-9,-0.07671881467103958],"p":[4018.895751953125,64.53202819824219,-149.81077575683594]},"j":true},{"t":5.76356840133667,"c":{"r":[-0.09713409841060638,7.42889980642758e-8,-0.9952713251113892,-9.748768015072073e-9,1,7.559339820772948e-8,0.9952713251113892,1.704536600755091e-8,-0.09713409841060638],"p":[4020.30810546875,66.38909149169922,-149.69630432128906]},"j":false},{"t":5.829488277435303,"c":{"r":[-0.38997793197631836,-5.272684688861773e-7,-0.9208242297172546,1.5065728220520214e-8,1,-5.789854071736045e-7,0.9208242297172546,-2.3966441631273483e-7,-0.38997793197631836],"p":[4022.4033203125,68.53601837158203,-149.36114501953125]},"j":false},{"t":5.896753549575806,"c":{"r":[-0.647846519947052,-1.9250185800956388e-7,-0.7617709040641785,1.8363012443955995e-8,1,-2.683198658814945e-7,0.7617709040641785,-1.878185145187672e-7,-0.647846519947052],"p":[4024.4677734375,69.9813232421875,-148.4954376220703]},"j":false},{"t":5.96349310874939,"c":{"r":[-0.6938279867172241,-2.84333410149884e-8,-0.7201407551765442,4.220531146792439e-10,1,-3.9889663128178654e-8,0.7201407551765442,-2.798050324770429e-8,-0.6938279867172241],"p":[4026.342529296875,70.56151580810547,-147.0122833251953]},"j":false},{"t":6.030175447463989,"c":{"r":[-0.704712450504303,-7.814151814500292e-8,-0.7094930410385132,5.302127181749938e-9,1,-1.1540352318206715e-7,0.7094930410385132,-8.508811788487947e-8,-0.704712450504303],"p":[4027.85009765625,70.25594329833984,-145.51458740234375]},"j":false},{"t":6.096703290939331,"c":{"r":[-0.6174001097679138,-1.383683780886713e-7,-0.7866492867469788,1.0376174586212983e-8,1,-1.8403962087631953e-7,0.7866492867469788,-1.2178848862731684e-7,-0.6174001097679138],"p":[4029.496337890625,69.08525085449219,-143.95762634277344]},"j":false},{"t":6.164203405380249,"c":{"r":[-0.3109104037284851,-8.11169627468189e-7,-0.9504392147064209,6.141252839597655e-8,1,-8.735576102480991e-7,0.9504392147064209,-3.2996700838339166e-7,-0.3109104037284851],"p":[4031.388671875,67.04255676269531,-142.72772216796875]},"j":false},{"t":6.230165481567383,"c":{"r":[-0.29539528489112854,1.1751207296128996e-7,-0.9553751349449158,-7.6498185563878e-9,1,1.2536625604298024e-7,0.9553751349449158,4.434104639017278e-8,-0.29539528489112854],"p":[4033.52587890625,64.12786102294922,-141.99888610839844]},"j":false},{"t":6.292297601699829,"c":{"r":[-0.3810305595397949,-1.0068143652119943e-8,-0.9245624542236328,1.0654185089720158e-8,1,-1.5280432918984843e-8,0.9245624542236328,-1.5672771525032658e-8,-0.3810305595397949],"p":[4035.40380859375,62.50613784790039,-141.36416625976562]},"j":true},{"t":6.298126220703125,"c":{"r":[-0.44461819529533386,-5.539858705105871e-8,-0.8957201838493347,1.0017999763078933e-8,1,-6.682083864006927e-8,0.8957201838493347,-3.868308340315707e-8,-0.44461819529533386],"p":[4035.797119140625,62.699974060058594,-141.2026824951172]},"j":false},{"t":6.316715240478516,"c":{"r":[-0.4999999403953552,-8.132703754881732e-8,-0.866025447845459,4.488164062621536e-9,1,-9.649961896229797e-8,0.866025447845459,-5.213667009229539e-8,-0.4999999403953552],"p":[4036.30224609375,62.87031936645508,-140.94696044921875]},"j":true},{"t":6.325242280960083,"c":{"r":[-0.5707144141197205,-7.440731053520722e-8,-0.8211486339569092,1.4585350704976463e-9,1,-9.162740610690889e-8,0.8211486339569092,-5.349075493654709e-8,-0.5707144141197205],"p":[4036.55078125,63.30986022949219,-140.81082153320312]},"j":true},{"t":6.334721803665161,"c":{"r":[-0.624651312828064,-1.1537596122934701e-7,-0.7809038162231445,2.363464535193316e-9,1,-1.4963725902816805e-7,0.7809038162231445,-9.53167500483687e-8,-0.624651312828064],"p":[4036.795166015625,63.735774993896484,-140.6683349609375]},"j":true},{"t":6.362702131271362,"c":{"r":[-0.8100414276123047,-5.743133328905969e-7,-0.5863726139068604,2.341354488066827e-8,1,-0.0000010117786359842285,0.5863726139068604,-8.33311673886783e-7,-0.8100414276123047],"p":[4037.60498046875,65.1191635131836,-140.10630798339844]},"j":false},{"t":6.430094003677368,"c":{"r":[-0.9919952154159546,-6.215382342134035e-8,-0.12627527117729187,5.5262926679233715e-8,1,-9.263443985219055e-7,0.12627527117729187,-9.259075568479602e-7,-0.9919952154159546],"p":[4039.120849609375,67.65447235107422,-138.51625061035156]},"j":false},{"t":6.496499300003052,"c":{"r":[-0.9987396001815796,-3.1116573762091093e-9,-0.050191834568977356,-9.545428447665927e-9,1,1.2794390613635187e-7,0.050191834568977356,1.2826174611291208e-7,-0.9987396001815796],"p":[4040.083251953125,69.31777954101562,-136.61802673339844]},"j":false},{"t":6.5640974044799805,"c":{"r":[-0.9999757409095764,7.94348409272061e-9,0.006969699636101723,7.1372028287441935e-9,1,-1.1570867997079404e-7,-0.006969699636101723,-1.1565612823005722e-7,-0.9999757409095764],"p":[4040.462646484375,70.12958526611328,-134.3372039794922]},"j":false},{"t":6.6295249462127686,"c":{"r":[-0.9984939694404602,1.3320304859121279e-8,-0.05486121028661728,2.1355377910481366e-8,1,-1.458755747307805e-7,0.05486121028661728,-1.468274746230236e-7,-0.9984939694404602],"p":[4040.482666015625,70.02838897705078,-132.21359252929688]},"j":false},{"t":6.6961281299591064,"c":{"r":[-0.9362970590591431,-1.8319252603760106e-7,-0.35120904445648193,3.8660349588326426e-8,1,-6.246710313462245e-7,0.35120904445648193,-5.984555286886462e-7,-0.9362970590591431],"p":[4040.812255859375,68.9872055053711,-129.8343048095703]},"j":false},{"t":6.756169319152832,"c":{"r":[-0.7762700915336609,-3.359777451805712e-7,-0.6304004788398743,2.5780266810215835e-8,1,-5.647048055834603e-7,0.6304004788398743,-4.546153320461599e-7,-0.7762700915336609],"p":[4041.4921875,67.52677917480469,-128.13690185546875]},"j":false},{"t":6.821635007858276,"c":{"r":[-0.531324028968811,-2.108979231252306e-7,-0.8471686840057373,-1.306348140772684e-9,1,-2.4812513288452465e-7,0.8471686840057373,-1.307281394247184e-7,-0.531324028968811],"p":[4042.8134765625,64.9390869140625,-126.35234832763672]},"j":false},{"t":6.889061212539673,"c":{"r":[-0.49394556879997253,1.02585254069254e-7,-0.8694928288459778,7.290807957360812e-9,1,1.1384106812784012e-7,0.8694928288459778,4.989198387761462e-8,-0.49394556879997253],"p":[4044.806396484375,62.776275634765625,-125.04890441894531]},"j":false},{"t":6.924673318862915,"c":{"r":[-0.5000020861625671,2.6523576224235512e-8,-0.8660241961479187,3.4025031681039763e-9,1,2.866238268950383e-8,0.8660241961479187,1.1384601705799469e-8,-0.5000020861625671],"p":[4045.66943359375,62.85299301147461,-124.55912017822266]},"j":true},{"t":6.932275772094727,"c":{"r":[-0.5060354471206665,4.810126519316782e-9,-0.8625126481056213,2.0743942119594294e-9,1,4.359831162759065e-9,0.8625126481056213,4.170379319656803e-10,-0.5060354471206665],"p":[4045.916015625,63.29253387451172,-124.41918182373047]},"j":true},{"t":6.941161632537842,"c":{"r":[-0.506035327911377,-2.7622531817428353e-8,-0.8625127673149109,8.329407996665594e-11,1,-3.2074517264391034e-8,0.8625127673149109,-1.6302681871138702e-8,-0.506035327911377],"p":[4046.283203125,63.92629623413086,-124.20509338378906]},"j":true},{"t":6.9552929401397705,"c":{"r":[-0.506035566329956,-6.00344023382604e-8,-0.8625125885009766,-1.9065351519742535e-9,1,-6.848552658311746e-8,0.8625125885009766,-3.3011698263862854e-8,-0.506035566329956],"p":[4046.64990234375,64.5293960571289,-123.99007415771484]},"j":false},{"t":7.022044658660889,"c":{"r":[-0.5179725885391235,-9.886642970968751e-8,-0.8553972244262695,-3.3477289829164647e-9,1,-1.135523888251555e-7,0.8553972244262695,-5.5953385924567556e-8,-0.5179725885391235],"p":[4048.59912109375,67.22819519042969,-122.83560943603516]},"j":false},{"t":7.088414907455444,"c":{"r":[-0.4263172447681427,-1.2589613618274598e-7,-0.9045737385749817,7.566373305678553e-9,1,-1.4274326076701982e-7,0.9045737385749817,-6.769825944274999e-8,-0.4263172447681427],"p":[4050.561767578125,69.05500793457031,-121.70428466796875]},"j":false},{"t":7.155012845993042,"c":{"r":[-0.27653080224990845,-1.6587320317285048e-7,-0.9610050320625305,9.5709813408007e-9,1,-1.7535795393541775e-7,0.9610050320625305,-5.768963262653415e-8,-0.27653080224990845],"p":[4052.672119140625,70.00981140136719,-120.8843994140625]},"j":false},{"t":7.222168684005737,"c":{"r":[-0.23629918694496155,-1.6539050307073921e-7,-0.9716803431510925,8.815872476475306e-9,1,-1.7235471716503525e-7,0.9716803431510925,-4.929349017857021e-8,-0.23629918694496155],"p":[4054.85205078125,70.09262084960938,-120.26206970214844]},"j":false},{"t":7.288031101226807,"c":{"r":[-0.007676141336560249,-2.0468024786168826e-7,-0.999970555305481,7.594612050354499e-9,1,-2.0474458040098398e-7,0.999970555305481,-9.16603681844208e-9,-0.007676141336560249],"p":[4057.088134765625,69.30342102050781,-119.93153381347656]},"j":false},{"t":7.355533599853516,"c":{"r":[0.2125350832939148,-2.1957362150715198e-7,-0.9771534204483032,1.2014348627076288e-8,1,-2.220942434405515e-7,0.9771534204483032,3.546295701539748e-8,0.2125350832939148],"p":[4059.34521484375,67.64222717285156,-120.07502746582031]},"j":false},{"t":7.421183824539185,"c":{"r":[0.4442921578884125,-2.771153333469556e-7,-0.8958819508552551,1.7098193083597835e-8,1,-3.0084177637945686e-7,0.8958819508552551,1.1834368507379622e-7,0.4442921578884125],"p":[4061.494140625,65.10903930664062,-120.76481628417969]},"j":false},{"t":7.48912501335144,"c":{"r":[0.42578205466270447,1.1633964902557636e-7,-0.904825747013092,-6.106243510828335e-9,1,1.2570345120366255e-7,0.904825747013092,-4.799718666959052e-8,0.42578205466270447],"p":[4063.538818359375,62.474910736083984,-121.7424087524414]},"j":false},{"t":7.55559229850769,"c":{"r":[0.3746081292629242,-6.047496015071374e-8,-0.927183210849762,-4.702422007341056e-9,1,-6.712429723165769e-8,0.927183210849762,2.950531552414759e-8,0.3746081292629242],"p":[4065.610595703125,62.73185348510742,-122.66101837158203]},"j":false},{"t":7.558886289596558,"c":{"r":[0.3746081292629242,-6.047496015071374e-8,-0.927183210849762,-4.702422007341056e-9,1,-6.712429723165769e-8,0.927183210849762,2.950531552414759e-8,0.3746081292629242],"p":[4065.610595703125,62.73185348510742,-122.66101837158203]},"j":true},{"t":7.566205739974976,"c":{"r":[0.3746081292629242,-9.682375434749702e-8,-0.927183210849762,-5.206182596140252e-9,1,-1.0653129578486187e-7,0.927183210849762,4.473457693165983e-8,0.3746081292629242],"p":[4066.00390625,63.38605499267578,-122.82141876220703]},"j":true},{"t":7.5756824016571045,"c":{"r":[0.3746080994606018,-1.210433282494705e-7,-0.9271832704544067,-5.5418509781191005e-9,1,-1.3278858546073025e-7,0.9271832704544067,5.488199406045169e-8,0.3746080994606018],"p":[4066.2666015625,63.80515670776367,-122.9277572631836]},"j":true},{"t":7.621629238128662,"c":{"r":[0.45543909072875977,-1.5284528842585132e-7,-0.8902669548988342,7.3673014355790656e-9,1,-1.679158572187589e-7,0.8902669548988342,6.991658096922038e-8,0.45543909072875977],"p":[4067.821533203125,66.03362274169922,-123.6136474609375]},"j":false},{"t":7.6887006759643555,"c":{"r":[0.7605993747711182,-6.624807156185852e-7,-0.6492214798927307,6.358129667205503e-8,1,-9.459341754336492e-7,0.6492214798927307,6.781986598980438e-7,0.7605993747711182],"p":[4069.60009765625,68.12945556640625,-124.76232147216797]},"j":false}