{"v":1,"name":"macro1_macro2_merged_macro2_merged_macro2_merged","d":[{"t":0.041243791580200195,"c":{"r":[-0.1805153638124466,7.284643288585357e-8,-0.9835721850395203,1.1234049424047043e-7,1,5.34452375688943e-8,0.9835721850395203,-1.0084729495929423e-7,-0.1805153638124466],"p":[3967.868408203125,68.42626953125,-309.12744140625]},"j":false},{"t":0.09164094924926758,"c":{"r":[-0.1805153638124466,-1.400273585971945e-8,-0.9835721850395203,-2.1194219712583617e-8,1,-1.034682917122609e-8,0.9835721850395203,1.897828383334854e-8,-0.1805153638124466],"p":[3968.858642578125,68.42626953125,-308.94573974609375]},"j":false},{"t":0.1321556568145752,"c":{"r":[-0.1805153638124466,-5.043254702741251e-8,-0.9835721850395203,-7.736367280131162e-8,1,-3.7076301140359647e-8,0.9835721850395203,6.939991692433978e-8,-0.1805153638124466],"p":[3970.13671875,68.42626953125,-308.711181640625]},"j":false},{"t":0.17494535446166992,"c":{"r":[-0.1805153638124466,-2.2528924503717462e-8,-0.9835721850395203,-3.485868305119766e-8,1,-1.6507581079849842e-8,0.9835721850395203,3.1306157666222134e-8,-0.1805153638124466],"p":[3971.572265625,68.42626953125,-308.44781494140625]},"j":false},{"t":0.2157139778137207,"c":{"r":[-0.2823379635810852,5.0746904456389075e-9,-0.9593150019645691,8.02007438238661e-9,1,2.929505749094119e-9,0.9593150019645691,-6.866666790728004e-9,-0.2823379635810852],"p":[3973.005615234375,68.42626953125,-308.17559814453125]},"j":false},{"t":0.258434534072876,"c":{"r":[-0.4320811331272125,3.90693948304488e-8,-0.9018347263336182,5.809565806202954e-8,1,1.548771422221762e-8,0.9018347263336182,-4.570073386389595e-8,-0.4320811331272125],"p":[3974.5146484375,68.42623901367188,-307.6405334472656]},"j":false},{"t":0.2996940612792969,"c":{"r":[-0.438366174697876,6.710687472377685e-8,-0.8987964391708374,1.0425940644154252e-7,1,2.3813038652065188e-8,0.8987964391708374,-8.326915690304304e-8,-0.438366174697876],"p":[3975.821533203125,68.37059783935547,-307.0057067871094]},"j":false},{"t":0.3417322635650635,"c":{"r":[-0.438366174697876,4.805932007911906e-8,-0.8987964391708374,7.618240971396517e-8,1,1.631462787088367e-8,0.8987964391708374,-6.132069785280692e-8,-0.438366174697876],"p":[3976.994384765625,68.01490783691406,-306.4337158203125]},"j":false},{"t":0.39054346084594727,"c":{"r":[-0.4320845901966095,-5.014297244088084e-8,-0.9018330574035645,-7.688007030992594e-8,1,-1.8766531439950995e-8,0.9018330574035645,6.12242558872822e-8,-0.4320845901966095],"p":[3978.56298828125,67.103515625,-305.6686706542969]},"j":false},{"t":0.4324030876159668,"c":{"r":[-0.37460145354270935,-3.68277639495318e-8,-0.9271859526634216,-6.22285583062876e-8,1,-1.4578366958062361e-8,0.9271859526634216,5.223636634354989e-8,-0.37460145354270935],"p":[3979.876708984375,66.2378158569336,-305.0638732910156]},"j":false},{"t":0.4731733798980713,"c":{"r":[-0.3485705554485321,-3.6975966732910592e-9,-0.9372825622558594,-1.2986870245867976e-8,1,8.847318433424789e-10,0.9372825622558594,1.2480757760613415e-8,-0.3485705554485321],"p":[3981.235107421875,66.27278900146484,-304.5410461425781]},"j":false},{"t":0.517075777053833,"c":{"r":[-0.3485705554485321,2.800639542499539e-8,-0.9372825622558594,3.6107255851902664e-8,1,1.645231684221926e-8,0.9372825622558594,-2.8107907112939756e-8,-0.3485705554485321],"p":[3982.592041015625,66.36995697021484,-304.0362243652344]},"j":false},{"t":0.5651049613952637,"c":{"r":[-0.3485705554485321,6.596190615937303e-8,-0.9372825622558594,9.48820186863486e-8,1,3.508955970232819e-8,0.9372825622558594,-7.670007562410319e-8,-0.3485705554485321],"p":[3984.22412109375,66.5528564453125,-303.4293518066406]},"j":false},{"t":0.6076982021331787,"c":{"r":[-0.3485705554485321,4.1293272801112835e-8,-0.9372825622558594,6.109247152608077e-8,1,2.1336401090366053e-8,0.9372825622558594,-4.9823668746284966e-8,-0.3485705554485321],"p":[3985.5908203125,66.63290405273438,-302.9212951660156]},"j":false},{"t":0.648266077041626,"c":{"r":[-0.3485705554485321,-4.755522198252038e-8,-0.9372825622558594,-6.680508590761747e-8,1,-2.5892871846622256e-8,0.9372825622558594,5.358974775049319e-8,-0.3485705554485321],"p":[3987.09375,66.60266876220703,-302.3625183105469]},"j":false},{"t":0.691197395324707,"c":{"r":[-0.3485705554485321,-4.3643993308251083e-8,-0.9372825622558594,-6.2578273229974e-8,1,-2.3291859108098834e-8,0.9372825622558594,5.053466622939595e-8,-0.3485705554485321],"p":[3988.4580078125,66.50806427001953,-301.85528564453125]},"j":false},{"t":0.739750862121582,"c":{"r":[-0.3156468868255615,1.2527238135717766e-9,-0.9488767385482788,-1.7042472988393342e-9,1,1.8871408880016816e-9,0.9488767385482788,2.2127908394509177e-9,-0.3156468868255615],"p":[3989.9658203125,66.4913558959961,-301.30841064453125]},"j":false},{"t":0.7818648815155029,"c":{"r":[-0.27563220262527466,4.447615609137756e-8,-0.9612631797790527,5.78521976990487e-8,1,2.9679933177817475e-8,0.9612631797790527,-4.743044357269355e-8,-0.27563220262527466],"p":[3991.495361328125,66.50202941894531,-300.82568359375]},"j":false},{"t":0.8229227066040039,"c":{"r":[-0.26891598105430603,7.99878208113114e-8,-0.9631636142730713,1.059549319393227e-7,1,5.346428011421267e-8,0.9631636142730713,-8.767453607561038e-8,-0.26891598105430603],"p":[3992.7578125,66.50830078125,-300.4675598144531]},"j":false},{"t":0.8653299808502197,"c":{"r":[-0.25544285774230957,1.2413050143322835e-8,-0.9668241739273071,1.7942127783499018e-8,1,8.09853695216134e-9,0.9668241739273071,-1.5278169840371447e-8,-0.25544285774230957],"p":[3994.16259765625,66.50273132324219,-300.0787658691406]},"j":false},{"t":0.9069168567657471,"c":{"r":[-0.22834748029708862,-6.587792711343354e-8,-0.9735797047615051,-8.407336338223104e-8,1,-4.794675234620627e-8,0.9735797047615051,7.090359588346473e-8,-0.22834748029708862],"p":[3995.576171875,66.51447296142578,-299.72320556640625]},"j":false},{"t":0.9488105773925781,"c":{"r":[-0.22834748029708862,-3.431515693819165e-8,-0.9735797047615051,-4.4439005364438344e-8,1,-2.4823467725809678e-8,0.9735797047615051,3.759653921520112e-8,-0.22834748029708862],"p":[3996.99462890625,66.55010986328125,-299.39031982421875]},"j":false},{"t":0.9900059700012207,"c":{"r":[-0.22834748029708862,9.38711064435438e-9,-0.9735797047615051,1.0756560975266893e-8,1,7.118962308538812e-9,0.9735797047615051,-8.846772203696673e-9,-0.22834748029708862],"p":[3998.4130859375,66.604736328125,-299.05755615234375]},"j":false},{"t":1.0315241813659668,"c":{"r":[-0.2147311121225357,5.2383050785920204e-8,-0.9766731858253479,6.57219132449427e-8,1,3.91845595970608e-8,0.9766731858253479,-5.577468442652389e-8,-0.2147311121225357],"p":[3999.828369140625,66.52083587646484,-298.72705078125]},"j":false},{"t":1.0723552703857422,"c":{"r":[-0.21473193168640137,7.108197053184995e-8,-0.9766730070114136,8.912014948236902e-8,1,5.318568696566217e-8,0.9766730070114136,-7.562058357279966e-8,-0.21473193168640137],"p":[4001.25048828125,66.45980834960938,-298.41363525390625]},"j":false},{"t":1.1140305995941162,"c":{"r":[-0.21473193168640137,-9.420831226236714e-9,-0.9766730070114136,-1.1848401371139516e-8,1,-7.0408425756340876e-9,0.9766730070114136,1.0060119848276372e-8,-0.21473193168640137],"p":[4002.673095703125,66.49454498291016,-298.1008605957031]},"j":false},{"t":1.1584553718566895,"c":{"r":[-0.20790696144104004,-6.052837164816083e-8,-0.9781485795974731,-7.63012053539569e-8,1,-4.566260614069506e-8,0.9781485795974731,6.514034822657777e-8,-0.20790696144104004],"p":[4004.235107421875,66.56974029541016,-297.75738525390625]},"j":false},{"t":1.2014386653900146,"c":{"r":[-0.19423148036003113,-1.789176984345886e-8,-0.9809557199478149,-2.273069199532074e-8,1,-1.3738391757556201e-8,0.9809557199478149,1.9629373682050755e-8,-0.19423148036003113],"p":[4005.658447265625,66.53216552734375,-297.46075439453125]},"j":false},{"t":1.248112440109253,"c":{"r":[-0.1322520673274994,2.808017462996304e-8,-0.9912161231040955,3.453941488373857e-8,1,2.372062546385223e-8,0.9912161231040955,-3.109892432462402e-8,-0.1322520673274994],"p":[4007.23779296875,66.50625610351562,-297.18463134765625]},"j":false},{"t":1.2895965576171875,"c":{"r":[-0.08367488533258438,6.737594304695449e-8,-0.9964931011199951,8.453429956034597e-8,1,6.051476475477102e-8,0.9964931011199951,-7.917427780057551e-8,-0.08367488533258438],"p":[4008.68359375,66.53257751464844,-297.01348876953125]},"j":false},{"t":1.3333935737609863,"c":{"r":[-0.04187128692865372,2.025534584504385e-8,-0.9991230368614197,2.6045476886338292e-8,1,1.9181609189899973e-8,0.9991230368614197,-2.5219476285087694e-8,-0.04187128692865372],"p":[4010.28076171875,66.5394058227539,-296.9091491699219]},"j":false},{"t":1.373915195465088,"c":{"r":[0.0000029150396585464478,-5.035225569827162e-8,-1,-6.242640893106e-8,1,-5.035243688666924e-8,1,6.242655103960715e-8,0.0000029150396585464478],"p":[4011.72900390625,66.36717224121094,-296.8792724609375]},"j":false},{"t":1.41646409034729,"c":{"r":[0.013965444639325142,-3.889644872856479e-8,-0.9999024868011475,-4.8883020298262636e-8,1,-3.958298222528356e-8,0.9999024868011475,4.9431047699499686e-8,0.013965444639325142],"p":[4013.184326171875,66.3059310913086,-296.8841247558594]},"j":false},{"t":1.458601713180542,"c":{"r":[0.013965683057904243,1.6377765810204892e-9,-0.9999024868011475,1.9703265685677707e-9,1,1.6654558843143263e-9,0.9999024868011475,-1.9933936723504075e-9,0.013965683057904243],"p":[4014.4912109375,66.34730529785156,-296.9017333984375]},"j":false},{"t":1.5026893615722656,"c":{"r":[0.034903403371572495,5.08714705915736e-8,-0.9993906617164612,6.305453581489928e-8,1,5.310464601393505e-8,0.9993906617164612,-6.486965276053525e-8,0.034903403371572495],"p":[4016.076416015625,66.44168853759766,-296.9451904296875]},"j":false},{"t":1.5474469661712646,"c":{"r":[0.03490256890654564,3.556363381562733e-8,-0.999390721321106,4.393926644752355e-8,1,3.7119843199207025e-8,0.999390721321106,-4.5208075505343004e-8,0.03490256890654564],"p":[4017.48828125,66.041748046875,-296.9945068359375]},"j":false},{"t":1.5596964359283447,"c":{"r":[0.03490256890654564,1.6711563688431852e-8,-0.999390721321106,2.057457137993879e-8,1,1.744029631822741e-8,0.999390721321106,-2.1170746933307782e-8,0.03490256890654564],"p":[4017.83984375,65.84553527832031,-297.00677490234375]},"j":true},{"t":1.5667645931243896,"c":{"r":[0.03490256890654564,1.0430226460300673e-8,-0.999390721321106,1.2789668879520377e-8,1,1.08832498568745e-8,0.999390721321106,-1.3161729484068019e-8,0.03490256890654564],"p":[4017.956787109375,66.06700897216797,-297.0108642578125]},"j":true},{"t":1.5821845531463623,"c":{"r":[0.03490258753299713,-1.468170651719447e-8,-0.999390721321106,-1.8333304652173865e-8,1,-1.5330927638501635e-8,0.999390721321106,1.8857223338386575e-8,0.03490258753299713],"p":[4018.43212890625,66.91883087158203,-297.0274963378906]},"j":true},{"t":1.5897634029388428,"c":{"r":[0.03490261361002922,-2.722962655354877e-8,-0.999390721321106,-3.3884816730278544e-8,1,-2.8429615994696178e-8,0.999390721321106,3.485643773615266e-8,0.03490261361002922],"p":[4018.68359375,67.32431030273438,-297.0362548828125]},"j":false},{"t":1.631535291671753,"c":{"r":[0.03490264341235161,-8.988883593019636e-8,-0.999390721321106,-1.1154271817304107e-7,1,-9.383914800764614e-8,0.999390721321106,1.1474998728999708e-7,0.03490264341235161],"p":[4020.078125,69.1473159790039,-297.0849609375]},"j":false},{"t":1.6731977462768555,"c":{"r":[0.0349029041826725,-5.3913723263576685e-8,-0.999390721321106,-6.684914666266195e-8,1,-5.628124455370198e-8,0.999390721321106,6.877279190575791e-8,0.0349029041826725],"p":[4021.53564453125,70.62969970703125,-297.13592529296875]},"j":false},{"t":1.717810869216919,"c":{"r":[0.02122427709400654,-9.455098037847165e-9,-0.9997747540473938,-2.229387785490644e-9,1,-9.504556253148166e-9,0.9997747540473938,2.4306130441686946e-9,0.02122427709400654],"p":[4023.138916015625,71.86689758300781,-297.1874694824219]},"j":false},{"t":1.7653131484985352,"c":{"r":[-0.006721934769302607,-4.010603760207232e-8,-0.9999774098396301,7.279548697169957e-8,1,-4.059628366803736e-8,0.9999774098396301,-7.306672955564864e-8,-0.006721934769302607],"p":[4024.887939453125,72.74649810791016,-297.2016906738281]},"j":false},{"t":1.80678391456604,"c":{"r":[-0.006977054290473461,-8.549760366349801e-8,-0.9999756813049316,1.1021333534699806e-7,1,-8.62686633240628e-8,0.9999756813049316,-1.1081255024691927e-7,-0.006977054290473461],"p":[4026.345458984375,73.10481262207031,-297.1916198730469]},"j":false},{"t":1.847869634628296,"c":{"r":[-0.006978101097047329,-4.7475772646521364e-8,-0.9999756813049316,4.694700095342341e-8,1,-4.780453721764388e-8,0.9999756813049316,-4.727944258320349e-8,-0.006978101097047329],"p":[4027.6572265625,73.13607025146484,-297.18255615234375]},"j":false},{"t":1.8907315731048584,"c":{"r":[0.020000942051410675,-2.2037879077174694e-8,-0.9997999668121338,-2.9684402491625406e-8,1,-2.263612408626159e-8,0.9997999668121338,3.013120775108291e-8,0.020000942051410675],"p":[4029.260498046875,72.79957580566406,-297.1824035644531]},"j":false},{"t":1.9315769672393799,"c":{"r":[0.06939341872930527,-1.3882406335596897e-7,-0.9975893497467041,-4.908622841526267e-8,1,-1.4257400948736176e-7,0.9975893497467041,5.886159826218318e-8,0.06939341872930527],"p":[4030.5712890625,72.21769714355469,-297.24322509765625]},"j":false},{"t":1.9731762409210205,"c":{"r":[0.069758839905262,-9.494855390812518e-8,-0.997563898563385,8.744412305361493e-9,1,-9.456893224069063e-8,0.997563898563385,-2.126090636878075e-9,0.069758839905262],"p":[4032.0263671875,71.2475814819336,-297.3447265625]},"j":false},{"t":2.015026569366455,"c":{"r":[0.06976013630628586,-4.7081250897917926e-8,-0.9975637793540955,7.225440867841826e-8,1,-4.214344428987715e-8,0.9975637793540955,-6.913845140843478e-8,0.06976013630628586],"p":[4033.626953125,69.78702545166016,-297.4565124511719]},"j":false},{"t":2.0565569400787354,"c":{"r":[0.06976012140512466,-8.000654361239867e-9,-0.9975637793540955,1.2410622218794742e-7,1,6.586152179188787e-10,0.9975637793540955,-1.2384981573632103e-7,0.06976012140512466],"p":[4034.9365234375,68.28546142578125,-297.5479736328125]},"j":false},{"t":2.0785839557647705,"c":{"r":[0.06976024061441422,7.362175313829766e-9,-0.9975637793540955,1.0940953387716945e-7,1,1.503122959434222e-8,0.9975637793540955,-1.1019157142300173e-7,0.06976024061441422],"p":[4035.517822265625,67.8177490234375,-297.588623046875]},"j":true},{"t":2.099881172180176,"c":{"r":[0.06975988298654556,3.074935506219845e-8,-0.9975638389587402,1.7777539440544388e-8,1,3.2067639210708876e-8,0.9975638389587402,-1.9971265530216442e-8,0.06975988298654556],"p":[4036.532958984375,67.80196380615234,-297.6595458984375]},"j":false},{"t":2.1252474784851074,"c":{"r":[0.06279387325048447,4.757174920655416e-8,-0.9980264902114868,-4.750360105276741e-8,1,4.4676983890212796e-8,0.9980264902114868,4.460441260789594e-8,0.06279387325048447],"p":[4037.259033203125,67.78775787353516,-297.7068176269531]},"j":true},{"t":2.133558511734009,"c":{"r":[0.06279387325048447,5.424024607236788e-8,-0.9980264902114868,-7.359652443028608e-8,1,4.971694878008748e-8,0.9980264902114868,7.032936366613285e-8,0.06279387325048447],"p":[4037.549560546875,68.227294921875,-297.7251281738281]},"j":true},{"t":2.140289783477783,"c":{"r":[0.06279388815164566,6.090589010909753e-8,-0.9980264902114868,-9.967828873413964e-8,1,5.4754760725472806e-8,0.9980264902114868,9.60433155228202e-8,0.06279388815164566],"p":[4037.840576171875,68.65320587158203,-297.7434387207031]},"j":false},{"t":2.141479730606079,"c":{"r":[0.06279388815164566,6.090589010909753e-8,-0.9980264902114868,-9.967828873413964e-8,1,5.4754760725472806e-8,0.9980264902114868,9.60433155228202e-8,0.06279388815164566],"p":[4037.840576171875,68.65320587158203,-297.7434387207031]},"j":true},{"t":2.1821181774139404,"c":{"r":[-0.05455634370446205,-1.0020139740163359e-7,-0.9985107183456421,-8.030551867932445e-8,1,-9.596313788051702e-8,0.9985107183456421,7.495052756212317e-8,-0.05455634370446205],"p":[4039.296630859375,70.57840728759766,-297.81451416015625]},"j":false},{"t":2.2230026721954346,"c":{"r":[-0.35120704770088196,-7.777345558679372e-7,-0.9362978339195251,2.0820710489033445e-8,1,-8.384585612475348e-7,0.9362978339195251,-3.1396692179441743e-7,-0.35120704770088196],"p":[4040.745849609375,72.16297149658203,-297.707275390625]},"j":false},{"t":2.265241861343384,"c":{"r":[-0.5408763885498047,-5.595881020781235e-7,-0.8411020636558533,3.757731192877145e-8,1,-6.894678108437802e-7,0.8411020636558533,-4.0452320604345005e-7,-0.5408763885498047],"p":[4042.1435546875,73.40691375732422,-297.358154296875]},"j":false},{"t":2.3090178966522217,"c":{"r":[-0.5928880572319031,-7.124356926624387e-8,-0.805284857749939,2.962654654936614e-8,1,-1.1028245694433281e-7,0.805284857749939,-8.924296679424515e-8,-0.5928880572319031],"p":[4043.45166015625,74.31023406982422,-296.7777404785156]},"j":false},{"t":2.3590497970581055,"c":{"r":[-0.5881336331367493,1.007256003049406e-7,-0.8087637424468994,1.053855047672414e-8,1,1.1687903622714657e-7,0.8087637424468994,6.021729603844506e-8,-0.5881336331367493],"p":[4045.01025390625,74.97531127929688,-295.719970703125]},"j":false},{"t":2.4076762199401855,"c":{"r":[-0.5187904834747314,-8.547069541009478e-8,-0.8549013733863831,-2.925241160411929e-9,1,-9.820210067346125e-8,0.8549013733863831,-4.844552492500043e-8,-0.5187904834747314],"p":[4046.34033203125,75.08844757080078,-294.8236389160156]},"j":false},{"t":2.449540615081787,"c":{"r":[-0.5001311898231506,-1.1163467661390314e-7,-0.8659496307373047,8.253191019491624e-9,1,-1.3368254769829946e-7,0.8659496307373047,-7.40056620429641e-8,-0.5001311898231506],"p":[4047.720947265625,74.78942108154297,-294.0073547363281]},"j":false},{"t":2.489905834197998,"c":{"r":[-0.47602471709251404,-6.410847674942488e-8,-0.8794319033622742,1.038234120898096e-8,1,-7.85174307793568e-8,0.8794319033622742,-4.650679841233796e-8,-0.47602471709251404],"p":[4048.86279296875,74.23819732666016,-293.3602294921875]},"j":false},{"t":2.5351924896240234,"c":{"r":[-0.3835962116718292,-1.4455126517987082e-7,-0.9235008955001831,1.2549809191853e-8,1,-1.6173814287867572e-7,0.9235008955001831,-7.363189524767222e-8,-0.3835962116718292],"p":[4050.296142578125,73.18980407714844,-292.64141845703125]},"j":false},{"t":2.584890842437744,"c":{"r":[-0.06895101070404053,-1.3925490804922447e-7,-0.9976200461387634,1.1931177823498729e-8,1,-1.404117426773155e-7,0.9976200461387634,-2.158431477994327e-8,-0.06895101070404053],"p":[4051.818115234375,71.729248046875,-292.1526794433594]},"j":false},{"t":2.6291933059692383,"c":{"r":[0.19550500810146332,-6.911477612447925e-8,-0.9807026982307434,-1.5990115898034674e-8,1,-7.366240595274576e-8,0.9807026982307434,3.0082919266760655e-8,0.19550500810146332],"p":[4053.417724609375,71.67208099365234,-292.1700134277344]},"j":false},{"t":2.650728464126587,"c":{"r":[0.3225116729736328,-1.3188416403409065e-7,-0.9465655088424683,1.1619158968301235e-8,1,-1.3537029985855042e-7,0.9465655088424683,3.266020343062337e-8,0.3225116729736328],"p":[4054.125,71.70696258544922,-292.3409729003906]},"j":true},{"t":2.6603705883026123,"c":{"r":[0.3227553367614746,-1.0645717196666737e-7,-0.9464824199676514,1.2911383073799243e-8,1,-1.0807379879906875e-7,0.9464824199676514,2.266100018744055e-8,0.3227553367614746],"p":[4054.40283203125,72.14649963378906,-292.4298400878906]},"j":true},{"t":2.667757511138916,"c":{"r":[0.4284604489803314,-2.0174357473479176e-7,-0.9035605192184448,1.7271966967769004e-8,1,-2.1508600411834777e-7,0.9035605192184448,7.654957556724185e-8,0.4284604489803314],"p":[4054.679443359375,72.5724105834961,-292.52252197265625]},"j":true},{"t":2.673156976699829,"c":{"r":[0.4660889804363251,-4.2344453277110006e-7,-0.8847378492355347,3.3533861909518237e-8,1,-4.6094416461528454e-7,0.8847378492355347,1.8517232547310414e-7,0.4660889804363251],"p":[4054.952880859375,72.98470306396484,-292.6227111816406]},"j":false},{"t":2.715437173843384,"c":{"r":[0.6394962072372437,-3.987061916177481e-7,-0.7687942385673523,2.6507180450607848e-8,1,-4.965632456332969e-7,0.7687942385673523,2.9717173788412765e-7,0.6394962072372437],"p":[4056.38037109375,75.00874328613281,-293.33355712890625]},"j":false},{"t":2.756641387939453,"c":{"r":[0.6945212483406067,-1.7659795048530214e-7,-0.7194721698760986,1.0332097843956944e-8,1,-2.3548109595594724e-7,0.7194721698760986,1.561129607807743e-7,0.6945212483406067],"p":[4057.429443359375,76.35821533203125,-294.1038513183594]},"j":false},{"t":2.799484968185425,"c":{"r":[0.6697490215301514,-8.527595518614817e-9,-0.7425875663757324,5.621428322832855e-10,1,-1.0976619613245475e-8,0.7425875663757324,6.934139484826574e-9,0.6697490215301514],"p":[4058.491943359375,77.5340347290039,-295.099853515625]},"j":false},{"t":2.8406314849853516,"c":{"r":[0.6429519057273865,-9.705048853447806e-8,-0.765906572341919,1.5194121516515224e-8,1,-1.1395828636295846e-7,0.765906572341919,6.163242005641223e-8,0.6429519057273865],"p":[4059.7041015625,78.43400573730469,-296.15045166015625]},"j":false},{"t":2.8822104930877686,"c":{"r":[0.6321427822113037,-1.1756465312373621e-7,-0.77485191822052,1.3112964936112803e-8,1,-1.4102744216870633e-7,0.77485191822052,7.898887588453363e-8,0.6321427822113037],"p":[4060.8271484375,78.89451599121094,-297.0810241699219]},"j":false},{"t":2.9238181114196777,"c":{"r":[0.6372353434562683,-1.3869110659925354e-7,-0.7706692218780518,9.84071490961469e-9,1,-1.7182502176638081e-7,0.7706692218780518,1.0190903765305848e-7,0.6372353434562683],"p":[4061.95751953125,79.01439666748047,-298.0026550292969]},"j":false},{"t":2.96598744392395,"c":{"r":[0.6534126400947571,-3.892231958957382e-8,-0.7570019364356995,6.229371463106759e-10,1,-5.087871457476467e-8,0.7570019364356995,3.277322946360073e-8,0.6534126400947571],"p":[4062.9326171875,78.7506332397461,-298.83026123046875]},"j":false},{"t":3.0070526599884033,"c":{"r":[0.6534242630004883,7.773178367642686e-8,-0.7569919228553772,-8.680428820184716e-9,1,9.519227006649089e-8,0.7569919228553772,-5.5629925554967485e-8,0.6534242630004883],"p":[4064.002685546875,78.22015380859375,-299.7555236816406]},"j":false},{"t":3.048569679260254,"c":{"r":[0.5239914059638977,7.471214047427566e-8,-0.8517235517501831,-4.911304696264551e-9,1,8.469726964221991e-8,0.8517235517501831,-4.019756616457926e-8,0.5239914059638977],"p":[4065.074462890625,77.91494750976562,-300.6346740722656]},"j":false},{"t":3.0903310775756836,"c":{"r":[0.12523387372493744,-7.717429895137684e-8,-0.9921272397041321,-1.2300941598653026e-8,1,-7.933941503779351e-8,0.9921272397041321,2.2140081767929587e-8,0.12523387372493744],"p":[4066.34130859375,77.98599243164062,-301.2619323730469]},"j":false},{"t":3.1328630447387695,"c":{"r":[-0.02093932032585144,-8.063183543072228e-8,-0.9997807741165161,-1.732212595584315e-8,1,-8.02867248239636e-8,0.9997807741165161,1.5637178663041595e-8,-0.02093932032585144],"p":[4067.485595703125,79.35558319091797,-301.6341857910156]},"j":false},{"t":3.17311954498291,"c":{"r":[0.000003487080221020733,-6.392007634303809e-8,-1,-1.8404783475034492e-8,1,-6.392014029188431e-8,1,1.8405005519639417e-8,0.000003487080221020733],"p":[4068.84130859375,80.38699340820312,-301.63897705078125]},"j":false},{"t":3.175877094268799,"c":{"r":[0.000003487080221020733,-6.392007634303809e-8,-1,-1.8404783475034492e-8,1,-6.392014029188431e-8,1,1.8405005519639417e-8,0.000003487080221020733],"p":[4068.84130859375,80.38699340820312,-301.63897705078125]},"j":true},{"t":3.1847116947174072,"c":{"r":[0.0000034861620861192932,-6.065261004550848e-8,-1,-1.8646156618729037e-8,1,-6.06526739943547e-8,1,1.8646368005192926e-8,0.0000034861620861192932],"p":[4069.13232421875,80.82653045654297,-301.638671875]},"j":true},{"t":3.194727659225464,"c":{"r":[0.0000034857384889619425,-5.738653641174096e-8,-1,-1.8887426733726898e-8,1,-5.738660391330086e-8,1,1.888762746204975e-8,0.0000034857384889619425],"p":[4069.423828125,81.25244140625,-301.6385803222656]},"j":true},{"t":3.2146782875061035,"c":{"r":[0.006733993999660015,-4.8090850413018416e-8,-0.9999773502349854,-1.9613727531009317e-8,1,-4.8224020332554574e-8,0.9999773502349854,1.9938022788323906e-8,0.006733993999660015],"p":[4070.29833984375,82.44844055175781,-301.6385803222656]},"j":false},{"t":3.2574520111083984,"c":{"r":[0.04860502481460571,-1.2590689379976538e-7,-0.9988180994987488,-1.3277566601743729e-8,1,-1.2670199112108094e-7,0.9988180994987488,1.942022720413661e-8,0.04860502481460571],"p":[4071.755859375,84.16925048828125,-301.6771240234375]},"j":false},{"t":3.2992348670959473,"c":{"r":[0.06965566426515579,-1.4546962745498604e-7,-0.9975711107254028,5.502690747505312e-9,1,-1.454395857081181e-7,0.9975711107254028,4.64136640232482e-9,0.06965566426515579],"p":[4073.06591796875,85.4267578125,-301.753173828125]},"j":false},{"t":3.3399438858032227,"c":{"r":[0.09735776484012604,-1.3519643005110993e-7,-0.9952494502067566,1.823430828551409e-8,1,-1.3405802690158453e-7,0.9952494502067566,-5.096095101464471e-9,0.09735776484012604],"p":[4074.52001953125,86.5003890991211,-301.86395263671875]},"j":false},{"t":3.3820059299468994,"c":{"r":[0.13871321082115173,-1.4648280455276108e-7,-0.9903326034545898,1.754206913062717e-8,1,-1.454556723956557e-7,0.9903326034545898,2.8041391431088414e-9,0.13871321082115173],"p":[4076.11376953125,87.28795623779297,-302.04803466796875]},"j":false},{"t":3.422961473464966,"c":{"r":[0.15985052287578583,-1.4763142530682671e-7,-0.9871412515640259,8.643486815174128e-9,1,-1.4815485371855175e-7,0.9871412515640259,1.5150288135146184e-8,0.15985052287578583],"p":[4077.411376953125,87.62577056884766,-302.2483825683594]},"j":false},{"t":3.464357376098633,"c":{"r":[0.15988396108150482,-3.516267810255158e-8,-0.9871358275413513,-5.334543029533734e-9,1,-3.648493773766859e-8,0.9871358275413513,1.1099274388470803e-8,0.15988396108150482],"p":[4078.851806640625,87.67752838134766,-302.4815368652344]},"j":false},{"t":3.5096561908721924,"c":{"r":[0.06477592885494232,-9.677241052941099e-8,-0.9978998303413391,-8.162145626045003e-9,1,-9.750590379553614e-8,0.9978998303413391,1.4461038588819974e-8,0.06477592885494232],"p":[4080.295654296875,87.38865661621094,-302.6859436035156]},"j":false},{"t":3.555785655975342,"c":{"r":[-0.06213114410638809,-1.8843176974314702e-7,-0.9980679750442505,1.3835698808861707e-8,1,-1.8965781123370107e-7,0.9980679750442505,-2.5592624908199468e-8,-0.06213114410638809],"p":[4082.04345703125,86.5923843383789,-302.69549560546875]},"j":false},{"t":3.5985913276672363,"c":{"r":[-0.06278309971094131,-7.969452298084434e-8,-0.9980272054672241,2.334281568039387e-8,1,-8.132048634479361e-8,0.9980272054672241,-2.8402316942788275e-8,-0.06278309971094131],"p":[4083.49853515625,85.55413818359375,-302.6047058105469]},"j":false},{"t":3.639233112335205,"c":{"r":[-0.06278681010007858,2.7620009390716405e-8,-0.998026967048645,3.2828740614831986e-8,1,2.560932621520351e-8,0.998026967048645,-3.11560413024381e-8,-0.06278681010007858],"p":[4084.91552734375,85.0364990234375,-302.51556396484375]},"j":false},{"t":3.681272268295288,"c":{"r":[-0.06278680264949799,8.392718342520311e-8,-0.998026967048645,2.6729564339689205e-8,1,8.241152471555324e-8,0.998026967048645,-2.1502470914924743e-8,-0.06278680264949799],"p":[4086.04052734375,84.84992980957031,-302.4447937011719]},"j":false},{"t":3.723024368286133,"c":{"r":[-0.06278680264949799,2.175831959050356e-8,-0.998026967048645,-1.5635610139952405e-8,1,2.278498634211701e-8,0.998026967048645,1.703535801311773e-8,-0.06278680264949799],"p":[4087.368896484375,85.244873046875,-302.3612060546875]},"j":false},{"t":3.767385244369507,"c":{"r":[-0.06278680264949799,-4.027786104643383e-8,-0.998026967048645,-5.7910359174684345e-8,1,-3.671429382734459e-8,0.998026967048645,5.5490929184998095e-8,-0.06278680264949799],"p":[4088.714111328125,85.79890441894531,-302.2763671875]},"j":false},{"t":3.807776689529419,"c":{"r":[-0.06278680264949799,-7.5199451998742e-8,-0.998026967048645,-7.430439552535972e-8,1,-7.06735576727624e-8,0.998026967048645,6.972042143615909e-8,-0.06278680264949799],"p":[4090.059326171875,86.35295104980469,-302.1915283203125]},"j":false},{"t":3.8483119010925293,"c":{"r":[-0.06975100934505463,-1.1797854249095963e-8,-0.997564435005188,1.3373760765489351e-8,1,-1.2761769419000757e-8,0.997564435005188,-1.423133433320345e-8,-0.06975100934505463],"p":[4091.494873046875,86.71963500976562,-302.09405517578125]},"j":false},{"t":3.890446424484253,"c":{"r":[-0.05583871155977249,4.3400493865419776e-8,-0.9984397888183594,1.0971509567525572e-7,1,3.733239140046862e-8,0.9984397888183594,-1.0745932144118342e-7,-0.05583871155977249],"p":[4093.095458984375,86.72956085205078,-301.9951477050781]},"j":false},{"t":3.9312665462493896,"c":{"r":[-0.055817894637584686,4.856443425182988e-8,-0.9984409809112549,1.0742881784153724e-7,1,4.263445418928313e-8,0.9984409809112549,-1.0488156476640143e-7,-0.055817894637584686],"p":[4094.405029296875,86.4311294555664,-301.92181396484375]},"j":false},{"t":3.9735522270202637,"c":{"r":[-0.048851363360881805,1.2015088479699898e-8,-0.9988060593605042,3.362433176334889e-8,1,1.038489294558076e-8,0.9988060593605042,-3.307686924358677e-8,-0.048851363360881805],"p":[4095.862060546875,85.77593994140625,-301.8479309082031]},"j":false},{"t":4.014839172363281,"c":{"r":[-0.041871681809425354,-2.547498034743967e-8,-0.9991229772567749,-3.98438047000127e-8,1,-2.382754971108625e-8,0.9991229772567749,3.881116228399151e-8,-0.041871681809425354],"p":[4097.22021484375,85.09331512451172,-301.782470703125]},"j":false},{"t":4.057512521743774,"c":{"r":[-0.0418718159198761,-5.419872195489006e-8,-0.9991229772567749,-9.71196953969411e-8,1,-5.017614768121348e-8,0.9991229772567749,9.493355435097328e-8,-0.0418718159198761],"p":[4098.40478515625,84.81739807128906,-301.732666015625]},"j":false},{"t":4.100025177001953,"c":{"r":[-0.0418718159198761,8.607805024318793e-10,-0.9991229772567749,-2.8346933689249454e-9,1,9.803340361713708e-10,0.9991229772567749,2.8732556334176707e-9,-0.0418718159198761],"p":[4099.587890625,84.49583435058594,-301.6830139160156]},"j":false},{"t":4.140984058380127,"c":{"r":[-0.0418718159198761,5.080262255319212e-8,-0.9991229772567749,8.26869239745065e-8,1,4.738192416198217e-8,0.9991229772567749,-8.063044276696019e-8,-0.0418718159198761],"p":[4101.0244140625,83.97314453125,-301.6227722167969]},"j":false},{"t":4.181910037994385,"c":{"r":[-0.041871458292007446,2.9451729943730243e-8,-0.9991229772567749,4.978824108547997e-8,1,2.739104587590191e-8,0.9991229772567749,-4.859767344100874e-8,-0.041871458292007446],"p":[4102.333984375,83.19664764404297,-301.5678405761719]},"j":false},{"t":4.223304033279419,"c":{"r":[-0.041871577501297,-1.521904380297201e-8,-0.9991229772567749,-2.1483717915771194e-8,1,-1.4332055542354283e-8,0.9991229772567749,2.086477124407793e-8,-0.041871577501297],"p":[4103.73828125,82.53836822509766,-301.5089416503906]},"j":false},{"t":4.264477252960205,"c":{"r":[-0.027918288484215736,-5.911304867822764e-8,-0.999610185623169,-9.225134789403455e-8,1,-5.655959611772232e-8,0.999610185623169,9.06363410990707e-8,-0.027918288484215736],"p":[4104.896484375,83.23860931396484,-301.4617919921875]},"j":false},{"t":4.306376695632935,"c":{"r":[-0.020939014852046967,-1.7037001143194175e-8,-0.9997807741165161,-2.7861787543770333e-8,1,-1.645721070531181e-8,0.9997807741165161,2.7511079636610702e-8,-0.020939014852046967],"p":[4106.052734375,83.4458999633789,-301.4263000488281]},"j":false},{"t":4.3487770557403564,"c":{"r":[-0.013958003371953964,3.891200606176426e-8,-0.999902606010437,5.898129273873565e-8,1,3.80924589649112e-8,0.999902606010437,-5.844385242426142e-8,-0.013958003371953964],"p":[4107.650390625,83.51533508300781,-301.39276123046875]},"j":false},{"t":4.3889970779418945,"c":{"r":[-0.013959075324237347,4.50204318269698e-8,-0.9999025464057922,6.880608793835563e-8,1,4.406425802017111e-8,0.9999025464057922,-6.818428488486461e-8,-0.013959075324237347],"p":[4108.88037109375,83.55152130126953,-301.3749694824219]},"j":false},{"t":4.432095766067505,"c":{"r":[-0.013959075324237347,-3.444760920956469e-9,-0.9999025464057922,-4.683926135840011e-9,1,-3.379706958739348e-9,0.9999025464057922,4.636292239013073e-9,-0.013959075324237347],"p":[4110.25732421875,83.5190658569336,-301.3557434082031]},"j":false},{"t":4.474357604980469,"c":{"r":[-0.006977027282118797,-5.1672209622211085e-8,-0.9999756813049316,-7.775114596597632e-8,1,-5.113098211495526e-8,0.9999756813049316,7.739251373095613e-8,-0.006977027282118797],"p":[4111.6923828125,83.52117919921875,-301.3410339355469]},"j":false},{"t":4.518150091171265,"c":{"r":[-0.006977027282118797,-2.4393418840418235e-8,-0.9999756813049316,-3.681416060885567e-8,1,-2.4137152720982158e-8,0.9999756813049316,3.6644856038492435e-8,-0.006977027282118797],"p":[4113.27490234375,83.509765625,-301.3300476074219]},"j":false},{"t":4.565698146820068,"c":{"r":[-0.006977027282118797,3.2919963643962546e-8,-0.9999756813049316,4.937011865990826e-8,1,3.257629899167114e-8,0.9999756813049316,-4.914162943236988e-8,-0.006977027282118797],"p":[4114.880859375,83.51253509521484,-301.3189697265625]},"j":false},{"t":4.607992887496948,"c":{"r":[-0.006977027282118797,4.032583689195235e-8,-0.9999756813049316,6.058732537894684e-8,1,3.9904087145714584e-8,0.9999756813049316,-6.030743548990358e-8,-0.006977027282118797],"p":[4116.48681640625,83.51530456542969,-301.3078918457031]},"j":false},{"t":4.657155990600586,"c":{"r":[-0.006977027282118797,-1.1943042110829083e-8,-0.9999756813049316,-1.7834178578368665e-8,1,-1.1818900524929177e-8,0.9999756813049316,1.7751283110101213e-8,-0.006977027282118797],"p":[4118.07421875,83.5282211303711,-301.2969055175781]},"j":false},{"t":4.698396921157837,"c":{"r":[-0.006977027282118797,-6.4089185514149e-8,-0.9999756813049316,-9.607161643998552e-8,1,-6.34204369021063e-8,0.9999756813049316,9.562678826569027e-8,-0.006977027282118797],"p":[4119.65869140625,83.60487365722656,-301.285888671875]},"j":false},{"t":4.740683078765869,"c":{"r":[-0.006977027282118797,-1.8882525765206992e-8,-0.9999756813049316,-2.8338199342670123e-8,1,-1.8685264890905273e-8,0.9999756813049316,2.820714328777285e-8,-0.006977027282118797],"p":[4120.9560546875,83.55498504638672,-301.2768859863281]},"j":false},{"t":4.782069683074951,"c":{"r":[0.0069852471351623535,3.1326329974490363e-8,-0.9999756217002869,4.627913696708674e-8,1,3.165037298913376e-8,0.9999756217002869,-4.649909257636864e-8,0.0069852471351623535],"p":[4122.36572265625,83.45503997802734,-301.2757568359375]},"j":false},{"t":4.822447299957275,"c":{"r":[0.020946040749549866,5.006670988905171e-8,-0.9997805953025818,7.528475975959736e-8,1,5.165495764458683e-8,0.9997805953025818,-7.635021148644228e-8,0.020946040749549866],"p":[4123.8212890625,83.48625183105469,-301.29241943359375]},"j":false},{"t":4.864842176437378,"c":{"r":[0.02792591229081154,-1.3604805060296599e-9,-0.9996100068092346,1.906102359283679e-11,1,-1.360478840695123e-9,0.9996100068092346,1.893902049077134e-11,0.02792591229081154],"p":[4125.2763671875,83.48365783691406,-301.32470703125]},"j":false},{"t":4.9080681800842285,"c":{"r":[0.02792591229081154,-5.733503982696675e-8,-0.9996100068092346,-8.250671612586302e-8,1,-5.966238347809849e-8,0.9996100068092346,8.414066599016223e-8,0.02792591229081154],"p":[4126.87890625,83.40046691894531,-301.3693542480469]},"j":false},{"t":4.948810338973999,"c":{"r":[0.04187896475195885,-2.992758751929614e-8,-0.999122679233551,-4.535833397767419e-8,1,-3.185509100944728e-8,0.999122679233551,4.665259822900225e-8,0.04187896475195885],"p":[4128.19287109375,83.06464385986328,-301.4058837890625]},"j":false},{"t":4.994070291519165,"c":{"r":[0.04187896475195885,2.7565667082285472e-8,-0.999122679233551,3.586347929740441e-8,1,2.909311724863528e-8,0.999122679233551,-3.705040541035487e-8,0.04187896475195885],"p":[4129.798828125,82.27951049804688,-301.4505310058594]},"j":false},{"t":5.039431095123291,"c":{"r":[0.04187896475195885,5.315209961054279e-8,-0.999122679233551,7.313216343618478e-8,1,5.626415955362063e-8,0.999122679233551,-7.542428903661857e-8,0.04187896475195885],"p":[4131.349609375,83.09598541259766,-301.5142517089844]},"j":false},{"t":5.082259893417358,"c":{"r":[0.04187896475195885,-5.9472577973451735e-9,-0.999122679233551,-6.249397443980342e-9,1,-6.214428083239909e-9,0.999122679233551,6.504168759136064e-9,0.04187896475195885],"p":[4132.83056640625,83.39519500732422,-301.5763244628906]},"j":false},{"t":5.122605323791504,"c":{"r":[0.04187896475195885,-5.419813575713306e-8,-0.999122679233551,-7.105929711315184e-8,1,-5.722422713461128e-8,0.999122679233551,7.339344421097849e-8,0.04187896475195885],"p":[4134.08056640625,83.38904571533203,-301.6287536621094]},"j":false},{"t":5.164788722991943,"c":{"r":[0.04187896475195885,-3.236556267438573e-8,-0.999122679233551,-4.3212388334268326e-8,1,-3.420526084596531e-8,0.999122679233551,4.460695990360364e-8,0.04187896475195885],"p":[4135.11865234375,83.3321762084961,-301.6723327636719]},"j":false},{"t":5.205921173095703,"c":{"r":[0.03490263596177101,2.156511946793671e-8,-0.999390721321106,2.750086913749783e-8,1,2.25387051244752e-8,0.999390721321106,-2.8270772389760168e-8,0.03490263596177101],"p":[4136.25439453125,83.54346466064453,-301.7174987792969]},"j":false},{"t":5.248114585876465,"c":{"r":[0.03490263596177101,6.472383518030256e-8,-0.999390721321106,8.419898023248606e-8,1,6.770385141408042e-8,0.999390721321106,-8.651072391785419e-8,0.03490263596177101],"p":[4137.3779296875,83.89300537109375,-301.7567443847656]},"j":false},{"t":5.290015697479248,"c":{"r":[0.020946405827999115,1.1918302789126756e-8,-0.9997805953025818,1.416395001285764e-8,1,1.2217666878200362e-8,0.9997805953025818,-1.4416758453705825e-8,0.020946405827999115],"p":[4138.60009765625,83.69349670410156,-301.79376220703125]},"j":false},{"t":5.331392765045166,"c":{"r":[0.013965515419840813,-4.157569577500908e-8,-0.9999024868011475,-5.6336883602625676e-8,1,-4.236660089418365e-8,0.9999024868011475,5.6923063596059364e-8,0.013965515419840813],"p":[4139.77001953125,83.45726776123047,-301.81298828125]},"j":false},{"t":5.372577667236328,"c":{"r":[0.013965515419840813,-4.2415365442138864e-8,-0.9999024868011475,-5.644163891815879e-8,1,-4.320781599176371e-8,0.9999024868011475,5.7039553524873554e-8,0.013965515419840813],"p":[4141.22607421875,83.33221435546875,-301.8333740234375]},"j":false},{"t":5.414915084838867,"c":{"r":[0.013965515419840813,9.330814343400107e-9,-0.9999024868011475,1.3624323003114114e-8,1,9.522014288165792e-9,0.9999024868011475,-1.3755974137552585e-8,0.013965515419840813],"p":[4142.6748046875,83.31990814208984,-301.8536682128906]},"j":false},{"t":5.4565887451171875,"c":{"r":[0.013965515419840813,6.096651361531258e-8,-0.9999024868011475,8.354067659865905e-8,1,6.213926440068462e-8,0.9999024868011475,-8.440033383294576e-8,0.013965515419840813],"p":[4143.84765625,83.36784362792969,-301.87005615234375]},"j":false},{"t":5.4982008934021,"c":{"r":[0.013965515419840813,2.04221173305541e-8,-0.9999024868011475,2.7560290050132608e-8,1,2.0809039824598585e-8,0.9999024868011475,-2.7848210848446797e-8,0.013965515419840813],"p":[4145.00341796875,83.4332046508789,-301.8861999511719]},"j":false},{"t":5.539620637893677,"c":{"r":[0.013965515419840813,-3.0338462408963096e-8,-0.9999024868011475,-4.2251013354643874e-8,1,-3.093153466693366e-8,0.9999024868011475,4.267886666298182e-8,0.013965515419840813],"p":[4146.15576171875,83.44731903076172,-301.9022521972656]},"j":false},{"t":5.581340789794922,"c":{"r":[-0.006977020762860775,-4.720179092032595e-8,-0.9999756813049316,-6.381424100254662e-8,1,-4.675769460504853e-8,0.9999756813049316,6.348646053311313e-8,-0.006977020762860775],"p":[4147.36181640625,83.51532745361328,-301.9158630371094]},"j":false},{"t":5.62350058555603,"c":{"r":[-0.07671511173248291,-2.9752584840281315e-9,-0.9970530271530151,2.6156779520114526e-10,1,-3.0041777954181725e-9,0.9970530271530151,-4.912628082109904e-10,-0.07671511173248291],"p":[4148.4638671875,83.45591735839844,-301.88763427734375]},"j":false},{"t":5.659872055053711,"c":{"r":[-0.21473199129104614,3.6941692371783574e-8,-0.9766730070114136,5.511586564921345e-8,1,2.570620161179704e-8,0.9766730070114136,-4.8310234035398025e-8,-0.21473199129104614],"p":[4149.43359375,83.6981201171875,-301.78173828125]}