{"v":1,"d":[{"t":0,"j":false,"c":{"p":[-337.0611267089844,165.1904296875,-513.4801635742188],"r":[0.9980267286300659,-1.8619127573060723e-8,-0.06279011070728302,1.579047115285448e-8,1,-4.55456259373932e-8,0.06279011070728302,4.4464268711408295e-8,0.9980267286300659]}},{"t":0.04088330268859863,"j":false,"c":{"p":[-337.0014953613281,165.07443237304688,-514.8411865234375],"r":[0.9958844184875488,-4.039313239445619e-8,-0.09063246846199036,3.2119892523496674e-8,1,-9.274196344222219e-8,0.09063246846199036,8.944917340159009e-8,0.9958844184875488]}},{"t":0.0693206787109375,"j":true,"c":{"p":[-336.9234619140625,166.2193603515625,-515.7057495117188],"r":[0.9958844184875488,-1.7439367283600404e-8,-0.09063246846199036,1.3795951936401707e-8,1,-4.0826364511303836e-8,0.09063246846199036,3.9407979102179524e-8,0.9958844184875488]}},{"t":0.07768464088439941,"j":true,"c":{"p":[-336.89715576171875,166.6588897705078,-515.9948120117188],"r":[0.9958844184875488,-9.794643318628005e-9,-0.09063246846199036,7.693184755908078e-9,1,-2.3535941195973464e-8,0.09063246846199036,2.274182442363326e-8,0.9958844184875488]}},{"t":0.08339071273803711,"j":false,"c":{"p":[-336.8707580566406,167.08480834960938,-516.284912109375],"r":[0.9958844184875488,-2.1531822991249783e-9,-0.09063246846199036,1.593022491697127e-9,1,-6.252902640113689e-9,0.09063246846199036,6.082788939210104e-9,0.9958844184875488]}},{"t":0.08546733856201172,"j":true,"c":{"p":[-336.8707580566406,167.08480834960938,-516.284912109375],"r":[0.9958844184875488,-2.1531822991249783e-9,-0.09063246846199036,1.593022491697127e-9,1,-6.252902640113689e-9,0.09063246846199036,6.082788939210104e-9,0.9958844184875488]}},{"t":0.12412023544311523,"j":false,"c":{"p":[-336.7386169433594,169.00999450683594,-517.7369384765625],"r":[0.9958844184875488,3.600522546776119e-8,-0.09063245356082916,-2.886875982710535e-8,1,8.005163465441001e-8,0.09063245356082916,-7.710573157737599e-8,0.9958844184875488]}},{"t":0.16686010360717773,"j":false,"c":{"p":[-336.6139221191406,170.5945587158203,-519.1898803710938],"r":[0.9964919686317444,7.22677739872779e-8,-0.08368880301713943,-5.9348508330003824e-8,1,1.5686048016050336e-7,0.08368880301713943,-1.5134340003442048e-7,0.9964919686317444]}},{"t":0.20781970024108887,"j":false,"c":{"p":[-336.5115966796875,171.72943115234375,-520.498291015625],"r":[0.9970524907112122,3.440330686999005e-8,-0.07672210037708282,-2.90625550292134e-8,1,7.072814867115085e-8,0.07672210037708282,-6.828994258967214e-8,0.9970524907112122]}},{"t":0.24921751022338867,"j":false,"c":{"p":[-336.4002380371094,172.6668243408203,-521.9522094726562],"r":[0.9975578188896179,-6.631596605188861e-9,-0.06984531134366989,4.781559148625547e-9,1,-2.6654831231098797e-8,0.06984531134366989,2.6255765561700173e-8,0.9975578188896179]}},{"t":0.2905111312866211,"j":false,"c":{"p":[-336.3042297363281,173.26358032226562,-523.4072875976562],"r":[0.9987877011299133,-4.283051424636142e-8,-0.04922475665807724,3.6415137572021195e-8,1,-1.3122506459239958e-7,0.04922475665807724,1.2927345949265145e-7,0.9987877011299133]}},{"t":0.3328993320465088,"j":false,"c":{"p":[-336.2361755371094,173.52658081054688,-525.0099487304688],"r":[0.9993844628334045,-3.2504658520338126e-8,-0.035080913454294205,2.774945961903086e-8,1,-1.3603636261905194e-7,0.035080913454294205,1.349791460825145e-7,0.9993844628334045]}},{"t":0.3748316764831543,"j":false,"c":{"p":[-336.1852111816406,173.40802001953125,-526.4674682617188],"r":[0.9993908405303955,-2.6028757815765857e-8,-0.03489958122372627,2.070183846569762e-8,1,-1.5299700351079082e-7,0.03489958122372627,1.5218131466099294e-7,0.9993908405303955]}},{"t":0.4209110736846924,"j":false,"c":{"p":[-336.1342468261719,172.94883728027344,-527.9249877929688],"r":[0.9993908405303955,-1.9598454414904154e-8,-0.03489971533417702,1.3676157095687813e-8,1,-1.69933429106095e-7,0.03489971533417702,1.6935261726302997e-7,0.9993908405303955]}},{"t":0.4690227508544922,"j":false,"c":{"p":[-336.0730895996094,171.9481964111328,-529.6740112304688],"r":[0.9993908405303955,-1.1900179508472775e-8,-0.034899450838565826,5.265181624025672e-9,1,-1.9020944819203578e-7,0.034899450838565826,1.8990982653122046e-7,0.9993908405303955]}},{"t":0.5163779258728027,"j":false,"c":{"p":[-336.01702880859375,170.80735778808594,-531.2772827148438],"r":[0.9993908405303955,1.0284566531737482e-9,-0.03489917889237404,-2.8212490121859446e-9,1,-5.13213684882885e-8,0.03489917889237404,5.138856451480933e-8,0.9993908405303955]}},{"t":0.5582878589630127,"j":false,"c":{"p":[-335.9609680175781,170.73428344726562,-532.879150390625],"r":[0.9993908405303955,1.1083288065094621e-8,-0.03489910811185837,-8.05146971316617e-9,1,8.701435660896095e-8,0.03489910811185837,-8.668035889058956e-8,0.9993908405303955]}},{"t":0.6014068126678467,"j":false,"c":{"p":[-335.9187316894531,170.39569091796875,-534.2713012695312],"r":[0.9999025464057922,1.6135084379698128e-9,-0.013961282558739185,-6.523675488701031e-10,1,6.884786074579097e-8,0.013961282558739185,-6.883204406449295e-8,0.9999025464057922]}},{"t":0.6442272663116455,"j":true,"c":{"p":[-335.9067687988281,169.87680053710938,-535.6946411132812],"r":[1,-7.096653487081994e-9,3.483527815910533e-16,7.096653487081994e-9,1,5.087291654604087e-8,-7.093802465674647e-16,-5.087291654604087e-8,1]}},{"t":0.6503338813781738,"j":false,"c":{"p":[-335.9066162109375,170.0982666015625,-535.8403930664062],"r":[1,-7.878165675379023e-9,1.5289006901922185e-16,7.878165675379023e-9,1,4.9080782105193066e-8,-5.395565992692003e-16,-4.9080782105193066e-8,1]}},{"t":0.6530909538269043,"j":true,"c":{"p":[-335.9066162109375,170.0982666015625,-535.8403930664062],"r":[1,-7.878165675379023e-9,1.5289006901922185e-16,7.878165675379023e-9,1,4.9080782105193066e-8,-5.395565992692003e-16,-4.9080782105193066e-8,1]}},{"t":0.6695728302001953,"j":true,"c":{"p":[-335.9077453613281,170.95008850097656,-536.4235229492188],"r":[0.9999060034751892,-1.1684903711284278e-8,0.013712172396481037,1.1119418275029602e-8,1,4.131586450739633e-8,-0.013712172396481037,-4.115950602567864e-8,0.9999060034751892]}},{"t":0.690899133682251,"j":false,"c":{"p":[-335.91925048828125,172.12564086914062,-537.2984008789062],"r":[0.999902606010437,-1.661747184300566e-8,0.013956582173705101,1.6279146919373488e-8,1,2.4354823935368586e-8,-0.013956582173705101,-2.4125249353801337e-8,0.999902606010437]}},{"t":0.7322931289672852,"j":false,"c":{"p":[-335.94561767578125,173.81239318847656,-538.7564697265625],"r":[0.9996148347854614,-2.5237772760533517e-8,0.027752622961997986,2.564462953102975e-8,1,-1.4304207596183005e-8,-0.027752622961997986,1.5010403586757093e-8,0.9996148347854614]}},{"t":0.7740597724914551,"j":false,"c":{"p":[-335.9982604980469,175.27439880371094,-540.3595581054688],"r":[0.9984970688819885,-3.3594734105690804e-8,0.05480528995394707,3.890617250590367e-8,1,-9.584773152937487e-8,-0.05480528995394707,9.783594379086935e-8,0.9984970688819885]}},{"t":0.8162534236907959,"j":false,"c":{"p":[-336.09039306640625,176.245849609375,-541.81494140625],"r":[0.9953103065490723,-5.856861218234144e-9,0.09673377871513367,2.0361307306870913e-8,1,-1.4895478273047047e-7,-0.09673377871513367,1.5022584420876228e-7,0.9953103065490723]}},{"t":0.8570148944854736,"j":false,"c":{"p":[-336.2329406738281,176.82891845703125,-543.1195678710938],"r":[0.9921244978904724,1.7368488869351495e-8,0.12525568902492523,1.7959815856727346e-9,1,-1.528898678770929e-7,-0.12525568902492523,1.519107399872155e-7,0.9921244978904724]}},{"t":0.9003987312316895,"j":false,"c":{"p":[-336.43939208984375,177.16685485839844,-544.7103271484375],"r":[0.9912201762199402,3.581595109380942e-8,0.13222183287143707,-1.599889110082131e-8,1,-1.5093972649538046e-7,-0.13222183287143707,1.4749909382771875e-7,0.9912201762199402]}},{"t":0.9409804344177246,"j":false,"c":{"p":[-336.63226318359375,177.11642456054688,-546.1556396484375],"r":[0.9912155270576477,5.194988617063245e-8,0.1322566568851471,-3.181313701361432e-8,1,-1.5436810940627765e-7,-0.1322566568851471,1.4880457399613078e-7,0.9912155270576477]}},{"t":0.9832556247711182,"j":false,"c":{"p":[-336.812255859375,176.72537231445312,-547.6027221679688],"r":[0.9951688647270203,5.234042177448828e-8,0.09817826747894287,-3.711930318672785e-8,1,-1.5686205756537674e-7,-0.09817826747894287,1.5245991846768447e-7,0.9951688647270203]}},{"t":1.023784875869751,"j":false,"c":{"p":[-336.9464416503906,175.99368286132812,-549.0548706054688],"r":[0.9964868426322937,1.3764525519377457e-8,0.0837494507431984,-1.4161795069966843e-9,1,-1.4750331445156917e-7,-0.0837494507431984,1.4686649763007154e-7,0.9964868426322937]}},{"t":1.0659871101379395,"j":false,"c":{"p":[-337.0570983886719,174.92137145996094,-550.5089721679688],"r":[0.9980113506317139,-1.867458188087312e-8,0.0630340725183487,2.816612365563742e-8,1,-1.4968934181069926e-7,-0.0630340725183487,1.511671001708237e-7,0.9980113506317139]}},{"t":1.1073756217956543,"j":false,"c":{"p":[-337.12103271484375,173.76210021972656,-551.81982421875],"r":[0.9991223216056824,-2.6482664949867285e-8,0.04188762605190277,3.0483331414643544e-8,1,-9.487082763826038e-8,-0.04188762605190277,9.606443995835434e-8,0.9991223216056824]}},{"t":1.1514153480529785,"j":false,"c":{"p":[-337.1856689453125,173.62179565429688,-553.4212036132812],"r":[0.9993907809257507,-3.2680329553613774e-8,0.03490050882101059,3.4250152936010636e-8,1,-4.438211931301339e-8,-0.03490050882101059,4.5550429206286935e-8,0.9993907809257507]}},{"t":1.200666904449463,"j":false,"c":{"p":[-337.2521057128906,173.97857666015625,-555.1155395507812],"r":[0.9991227984428406,-3.8681644554117156e-8,0.041876453906297684,3.827280181667447e-8,1,1.056473486471532e-8,-0.041876453906297684,-8.952738994594256e-9,0.9991227984428406]}},{"t":1.2271525859832764,"j":true,"c":{"p":[-337.2850036621094,174.45314025878906,-555.8406982421875],"r":[0.9988061189651489,-4.134529163479783e-8,0.048850491642951965,3.975965512381663e-8,1,3.34306697880038e-8,-0.048850491642951965,-3.1448475823481203e-8,0.9988061189651489]}},{"t":1.2367215156555176,"j":true,"c":{"p":[-337.2991027832031,174.89266967773438,-556.130615234375],"r":[0.9988061189651489,-4.238534856426668e-8,0.048850491642951965,4.03539495152927e-8,1,4.2570210467829384e-8,-0.048850491642951965,-4.0548076896129714e-8,0.9988061189651489]}},{"t":1.243298053741455,"j":false,"c":{"p":[-337.3204040527344,175.52642822265625,-556.5671997070312],"r":[0.9984650611877441,-4.421776012009104e-8,0.055385299026966095,4.126796682157874e-8,1,5.440320549610078e-8,-0.055385299026966095,-5.2034060615824274e-8,0.9984650611877441]}},{"t":1.2456130981445312,"j":true,"c":{"p":[-337.3204040527344,175.52642822265625,-556.5671997070312],"r":[0.9984650611877441,-4.421776012009104e-8,0.055385299026966095,4.126796682157874e-8,1,5.440320549610078e-8,-0.055385299026966095,-5.2034060615824274e-8,0.9984650611877441]}},{"t":1.2836041450500488,"j":false,"c":{"p":[-337.4066467285156,177.4175567626953,-558.0231323242188],"r":[0.9980279207229614,-4.966632971559193e-8,0.06277184933423996,4.536585862524589e-8,1,6.99348277066747e-8,-0.06277184933423996,-6.694920529071169e-8,0.9980279207229614]}},{"t":1.324502944946289,"j":false,"c":{"p":[-337.4981994628906,178.9680633544922,-559.4788208007812],"r":[0.9980267286300659,-5.457109608641986e-8,0.06279043853282928,4.967388278487306e-8,1,7.955408420912136e-8,-0.06279043853282928,-7.627805587162584e-8,0.9980267286300659]}},{"t":1.3664965629577637,"j":false,"c":{"p":[-337.5897521972656,180.17794799804688,-560.9345092773438],"r":[0.9980267286300659,-5.946340309037623e-8,0.06279055774211884,5.397195934619958e-8,1,8.915264970710268e-8,-0.06279055774211884,-8.558779285294804e-8,0.9980267286300659]}},{"t":1.407224416732788,"j":false,"c":{"p":[-337.6721496582031,180.97560119628906,-562.24462890625],"r":[0.9980267286300659,-6.385754147686384e-8,0.06279055029153824,5.783239132028939e-8,1,9.777383525033656e-8,-0.06279055029153824,-9.394957345421062e-8,0.9980267286300659]}},{"t":1.4508593082427979,"j":false,"c":{"p":[-337.7728271484375,181.57583618164062,-563.8458862304688],"r":[0.9984163045883179,-6.850298461813509e-8,0.05625750496983528,6.26135658876592e-8,1,1.0644938441828344e-7,-0.05625750496983528,-1.0275831385797574e-7,0.9984163045883179]}},{"t":1.492218017578125,"j":false,"c":{"p":[-337.8323974609375,181.7638397216797,-565.3027954101562],"r":[0.9999657273292542,-7.042721250627437e-8,0.008282143622636795,7.013466074567987e-8,1,3.561386208161821e-8,-0.008282143622636795,-3.5031778367056177e-8,0.9999657273292542]}},{"t":1.532332181930542,"j":false,"c":{"p":[-337.81732177734375,181.6417999267578,-566.6150512695312],"r":[0.9996159076690674,-2.5284284888016373e-8,-0.027713363990187645,2.1375933911826905e-8,1,-1.413239232306296e-7,0.027713363990187645,1.406772440759596e-7,0.9996159076690674]}},{"t":1.5739872455596924,"j":false,"c":{"p":[-337.7767639160156,181.1826171875,-568.0725708007812],"r":[0.9996101260185242,4.2061216731781315e-8,-0.027920886874198914,-4.4941682375565506e-8,1,-1.0253780402535995e-7,0.027920886874198914,1.0375264025697106e-7,0.9996101260185242]}},{"t":1.6154818534851074,"j":false,"c":{"p":[-337.7361755371094,180.3828125,-569.5300903320312],"r":[0.9996101260185242,1.0929943528026342e-7,-0.02792123332619667,-1.111271856757412e-7,1,-6.390917661747153e-8,0.02792123332619667,6.698706300767299e-8,0.9996101260185242]}},{"t":1.6581339836120605,"j":false,"c":{"p":[-337.6955871582031,179.2423858642578,-570.9876098632812],"r":[0.9993941783905029,1.5864007707477867e-7,-0.03480257838964462,-1.5959064114667854e-7,1,-2.4535172116202375e-8,0.03480257838964462,3.0074474466346146e-8,0.9993941783905029]}},{"t":1.699162483215332,"j":false,"c":{"p":[-337.6401672363281,177.594482421875,-572.5908813476562],"r":[0.9993908405303955,-1.0645833725675402e-7,-0.0348987802863121,1.0764811975150224e-7,1,3.221343547465949e-8,0.0348987802863121,-3.5950602494949635e-8,0.9993908405303955]}},{"t":1.7410500049591064,"j":false,"c":{"p":[-337.5892028808594,177.52508544921875,-574.0484008789062],"r":[0.9993908405303955,-3.386655578196951e-8,-0.03489910438656807,3.352954891511217e-8,1,-1.02418944436522e-8,0.03489910438656807,9.065504791294643e-9,0.9993908405303955]}},{"t":1.7701678276062012,"j":true,"c":{"p":[-337.55712890625,177.56771850585938,-574.9227905273438],"r":[0.9980267882347107,8.9260687730075e-9,-0.06278972327709198,-1.1155250945193984e-8,1,-3.5151771271557664e-8,0.06278972327709198,3.5782846907750354e-8,0.9980267882347107]}},{"t":1.7790725231170654,"j":true,"c":{"p":[-337.5511779785156,177.7891845703125,-575.0684814453125],"r":[0.995884358882904,1.5164788536026208e-8,-0.09063294529914856,-1.877380029213782e-8,1,-3.8967556292845984e-8,0.09063294529914856,4.050870572314125e-8,0.995884358882904]}},{"t":1.7841215133666992,"j":false,"c":{"p":[-337.5333251953125,178.44337463378906,-575.5055541992188],"r":[0.9952274560928345,3.659645031461878e-8,-0.09758222848176956,-4.169899270323185e-8,1,-5.0250264393980615e-8,0.09758222848176956,5.4079524858252626e-8,0.9952274560928345]}},{"t":1.7969965934753418,"j":true,"c":{"p":[-337.5139465332031,178.8624725341797,-575.7965087890625],"r":[0.9938236474990845,4.989503565866471e-8,-0.1109708920121193,-5.6916455548616796e-8,1,-6.010481712337423e-8,0.1109708920121193,6.60496581872394e-8,0.9938236474990845]}},{"t":1.824756145477295,"j":false,"c":{"p":[-337.3741149902344,180.4026336669922,-576.9544677734375],"r":[0.9912276864051819,4.884859805542874e-8,-0.13216516375541687,-6.485579007176057e-8,1,-1.1681034095545328e-7,0.13216516375541687,1.2435731377991033e-7,0.9912276864051819]}},{"t":1.865828514099121,"j":false,"c":{"p":[-337.1812438964844,182.02125549316406,-578.3997802734375],"r":[0.9912155866622925,1.4581734042451444e-8,-0.13225603103637695,-3.6565744210292905e-8,1,-1.6379443934511073e-7,0.13225603103637695,1.6719162942990806e-7,0.9912155866622925]}},{"t":1.907900333404541,"j":false,"c":{"p":[-336.99530029296875,183.29925537109375,-579.8460693359375],"r":[0.9937223196029663,-1.1777204100837935e-8,-0.11187449842691422,6.004269859083422e-10,1,-9.993828342658162e-8,0.11187449842691422,9.924373500780348e-8,0.9937223196029663]}},{"t":1.950338363647461,"j":false,"c":{"p":[-336.8445129394531,184.2366485595703,-581.2965087890625],"r":[0.9969989061355591,-4.746079440565154e-8,-0.07741601020097733,4.320177993122343e-8,1,-5.668941582825937e-8,0.07741601020097733,5.3174773029240896e-8,0.9969989061355591]}},{"t":1.9905331134796143,"j":false,"c":{"p":[-336.7524108886719,184.7890625,-582.6056518554688],"r":[0.9980197548866272,-9.53812886450578e-8,-0.06290148198604584,8.738863499502258e-8,1,-1.2981742258943996e-7,0.06290148198604584,1.240634759369641e-7,0.9980197548866272]}},{"t":2.0340371131896973,"j":false,"c":{"p":[-336.6667175292969,185.0895233154297,-584.2073364257812],"r":[0.9988048076629639,-4.288328625534632e-8,-0.048877228051424026,3.8000429469775554e-8,1,-1.0082970192115681e-7,0.048877228051424026,9.8851835161895e-8,0.9988048076629639]}},{"t":2.0751030445098877,"j":false,"c":{"p":[-336.6040344238281,185.00503540039062,-585.6641845703125],"r":[0.9993820190429688,3.14747827800943e-9,-0.03515152260661125,-6.244284644907339e-9,1,-8.798900097417572e-8,0.03515152260661125,8.815411689511166e-8,0.9993820190429688]}},{"t":2.116346597671509,"j":false,"c":{"p":[-336.5550231933594,184.5799102783203,-587.1217041015625],"r":[0.9997690320014954,4.778437912023037e-8,-0.02149110846221447,-4.973631462235062e-8,1,-9.029064074184134e-8,0.02149110846221447,9.133866996080542e-8,0.9997690320014954]}},{"t":2.1575918197631836,"j":false,"c":{"p":[-336.53533935546875,183.8141632080078,-588.579833984375],"r":[1,7.18242958441806e-8,-0.00021233022562228143,-7.18513604169857e-8,1,-1.2743197430609143e-7,0.00021233022562228143,1.2744723676405556e-7,1]}},{"t":2.199512243270874,"j":false,"c":{"p":[-336.5517578125,182.70779418945312,-590.0379638671875],"r":[0.999782145023346,2.314057567787131e-8,0.020871400833129883,-2.074170524224428e-8,1,-1.1515223974356559e-7,-0.020871400833129883,1.1469425231780406e-7,0.999782145023346]}},{"t":2.242072582244873,"j":false,"c":{"p":[-336.5877990722656,181.26080322265625,-591.4957885742188],"r":[0.9996105432510376,-2.8240934923928762e-8,0.027905728667974472,3.2003136141156574e-8,1,-1.343716320434396e-7,-0.027905728667974472,1.3521237463010038e-7,0.9996105432510376]}},{"t":2.2822649478912354,"j":false,"c":{"p":[-336.62432861328125,179.66726684570312,-592.8075561523438],"r":[0.9996101260185242,-7.527636114446068e-8,0.027921726927161217,7.964657555703525e-8,1,-1.554045638840762e-7,-0.027921726927161217,1.5756785387566197e-7,0.9996101260185242]}},{"t":2.32413387298584,"j":false,"c":{"p":[-336.6683044433594,177.69638061523438,-594.3850708007812],"r":[0.9996101260185242,-4.1103447756540845e-8,0.027921784669160843,4.208439108310813e-8,1,-3.454416841464081e-8,-0.027921784669160843,3.570577078448878e-8,0.9996101260185242]}},{"t":2.3667662143707275,"j":false,"c":{"p":[-336.7059020996094,178.08233642578125,-595.7300415039062],"r":[0.9996101260185242,-1.7936085949799008e-9,0.027921946719288826,-6.746175285066158e-10,1,8.838792808774087e-8,-0.027921946719288826,-8.837230325298151e-8,0.9996101260185242]}},{"t":2.4069900512695312,"j":false,"c":{"p":[-336.73248291015625,177.71311950683594,-596.7442626953125],"r":[0.9997806549072266,1.896158785541502e-8,0.020943278446793556,-2.0226247343657633e-8,1,6.017308606942606e-8,-0.020943278446793556,-6.05834955536011e-8,0.9997806549072266]}},{"t":2.410175323486328,"j":true,"c":{"p":[-336.73248291015625,177.71311950683594,-596.7442626953125],"r":[0.9997806549072266,1.896158785541502e-8,0.020943278446793556,-2.0226247343657633e-8,1,6.017308606942606e-8,-0.020943278446793556,-6.05834955536011e-8,0.9997806549072266]}},{"t":2.419149875640869,"j":true,"c":{"p":[-336.73687744140625,178.15264892578125,-596.9505615234375],"r":[0.9999025464057922,2.343747063093815e-8,0.013962174765765667,-2.4139295007330475e-8,1,5.009754389107002e-8,-0.013962174765765667,-5.042969775104211e-8,0.9999025464057922]}},{"t":2.427746057510376,"j":true,"c":{"p":[-336.743408203125,178.78640747070312,-597.2749633789062],"r":[0.9999724626541138,2.9780339971807734e-8,0.0074180434457957745,-3.0027173636426596e-8,1,3.316322860769105e-8,-0.0074180434457957745,-3.3385060049795356e-8,0.9999724626541138]}},{"t":2.449763536453247,"j":false,"c":{"p":[-336.7544250488281,179.9619598388672,-597.99072265625],"r":[0.9999786019325256,4.102449580045686e-8,-0.006538579240441322,-4.115133123150372e-8,1,-1.926359693982249e-8,0.006538579240441322,1.9532256700927064e-8,0.9999786019325256]}},{"t":2.4909684658050537,"j":false,"c":{"p":[-336.7503662109375,181.64871215820312,-599.3737182617188],"r":[0.9999032020568848,5.09238908819043e-8,-0.013911399058997631,-5.275888526057315e-8,1,-1.3153884026451124e-7,0.013911399058997631,1.3226005535216245e-7,0.9999032020568848]}},{"t":2.501312732696533,"j":true,"c":{"p":[-336.746337890625,181.9451904296875,-599.665283203125],"r":[0.9999027848243713,4.319364776961265e-8,-0.013945021666586399,-4.492839167369311e-8,1,-1.2408550276177266e-7,0.013945021666586399,1.2469996590880328e-7,0.9999027848243713]}},{"t":2.5333192348480225,"j":false,"c":{"p":[-336.72998046875,182.99484252929688,-600.831787109375],"r":[0.9999025464057922,1.2328190024391006e-8,-0.013962111435830593,-1.3646379137810527e-8,1,-9.431658298808543e-8,0.013962111435830593,9.449792770510612e-8,0.9999025464057922]}},{"t":2.573622703552246,"j":false,"c":{"p":[-336.7115783691406,183.91513061523438,-602.1441040039062],"r":[0.9999025464057922,-2.2329015081368198e-8,-0.013962356373667717,2.148097522081116e-8,1,-6.088756521194227e-8,0.013962356373667717,6.058170498590698e-8,0.9999025464057922]}},{"t":2.616497755050659,"j":false,"c":{"p":[-336.67364501953125,184.6652374267578,-603.747802734375],"r":[0.999150812625885,-6.84858392219212e-8,-0.04120200127363205,6.645028349794302e-8,1,-5.077380293982969e-8,0.04120200127363205,4.799280262091088e-8,0.999150812625885]}},{"t":2.6571881771087646,"j":false,"c":{"p":[-336.5981140136719,184.97239685058594,-605.0580444335938],"r":[0.9959163665771484,-7.758930564705224e-8,-0.09028038382530212,6.631294979797531e-8,1,-1.279032630918664e-7,0.09028038382530212,1.2139419425238884e-7,0.9959163665771484]}},{"t":2.7008016109466553,"j":false,"c":{"p":[-336.4512939453125,184.97311401367188,-606.6556396484375],"r":[0.9952386021614075,1.696862561573198e-8,-0.09746858477592468,-3.178800866976417e-8,1,-1.5048978241338773e-7,0.09746858477592468,1.5287157850707445e-7,0.9952386021614075]}},{"t":2.7509565353393555,"j":false,"c":{"p":[-336.2705993652344,184.50384521484375,-608.396240234375],"r":[0.9937829375267029,5.1694279079583794e-8,-0.1113351508975029,-6.06036891781514e-8,1,-7.663916079536648e-8,0.1113351508975029,8.291000597182574e-8,0.9937829375267029]}},{"t":2.791750907897949,"j":false,"c":{"p":[-336.0926513671875,183.73809814453125,-609.8436889648438],"r":[0.99031662940979,4.688599730684473e-8,-0.13882705569267273,-4.871011682894277e-8,1,-9.741943252095098e-9,0.13882705569267273,1.6409890335467026e-8,0.99031662940979]}},{"t":2.8320884704589844,"j":false,"c":{"p":[-335.8927307128906,182.7576904296875,-611.1408081054688],"r":[0.9848882555961609,2.6449793466554183e-8,-0.17319102585315704,-3.287540906171671e-8,1,-3.423278371883498e-8,0.17319102585315704,3.9409190577543995e-8,0.9848882555961609]}},{"t":2.8741488456726074,"j":false,"c":{"p":[-335.6064453125,181.1847381591797,-612.7191162109375],"r":[0.9835723638534546,-1.6220223386653743e-8,-0.18051426112651825,-9.577119541859247e-9,1,-1.4203871501194953e-7,0.18051426112651825,1.414341568306554e-7,0.9835723638534546]}},{"t":2.915771484375,"j":false,"c":{"p":[-335.3377380371094,179.39710998535156,-614.1524047851562],"r":[0.982291042804718,-3.21109219214577e-8,-0.18736140429973602,1.4233597411816845e-8,1,-9.676158896354536e-8,0.18736140429973602,9.238121378984943e-8,0.982291042804718]}},{"t":2.9582598209381104,"j":false,"c":{"p":[-335.0591125488281,177.26885986328125,-615.5838623046875],"r":[0.97962886095047,-5.159192539849755e-8,-0.20081652700901031,3.904368384155532e-8,1,-6.644674499511893e-8,0.20081652700901031,5.7252535157203965e-8,0.97962886095047]}},{"t":2.9988956451416016,"j":false,"c":{"p":[-334.787353515625,175.0622100830078,-616.867919921875],"r":[0.9736310243606567,-7.842258042956018e-8,-0.22812862694263458,6.339564606605563e-8,1,-7.319824391061047e-8,0.22812862694263458,5.6805717463248584e-8,0.9736310243606567]}},{"t":3.0425961017608643,"j":false,"c":{"p":[-334.43115234375,172.28677368164062,-618.2818603515625],"r":[0.9574563503265381,-9.103444398306237e-8,-0.2885780930519104,4.9668585688777966e-8,1,-1.5066611069869396e-7,0.2885780930519104,1.2992296660740976e-7,0.9574563503265381]}},{"t":3.0830719470977783,"j":false,"c":{"p":[-333.9505615234375,168.8403778076172,-619.8121948242188],"r":[0.942324697971344,-3.2455435672318345e-8,-0.3347000181674957,-1.9047527999305203e-8,1,-1.5059572433528956e-7,0.3347000181674957,1.4828528094312787e-7,0.942324697971344]}},{"t":3.1237223148345947,"j":false,"c":{"p":[-333.4424743652344,165.34963989257812,-621.178955078125],"r":[0.9273769855499268,-4.704563849600163e-8,-0.37412816286087036,-1.5453039736712526e-8,1,-1.6405188318913133e-7,0.37412816286087036,1.579193593670425e-7,0.9273769855499268]}},{"t":3.166452407836914,"j":false,"c":{"p":[-332.9179992675781,162.86534118652344,-622.4566650390625],"r":[0.9163900017738342,-4.839206368956184e-8,-0.40028664469718933,9.582817206421623e-9,1,-9.895525465708488e-8,0.40028664469718933,8.684573060691037e-8,0.9163900017738342]}},{"t":3.2085626125335693,"j":false,"c":{"p":[-332.4471130371094,162.86077880859375,-623.5040893554688],"r":[0.9048272967338562,-4.994289781734551e-8,-0.4257787764072418,3.800659698072195e-8,1,-3.65295136361965e-8,0.4257787764072418,1.687050144028035e-8,0.9048272967338562]}},{"t":3.2503390312194824,"j":false,"c":{"p":[-331.9554443359375,163.29151916503906,-624.5084228515625],"r":[0.8894164562225342,-4.959618493671769e-8,-0.45709773898124695,6.848114963986518e-8,1,2.4747615512410448e-8,0.45709773898124695,-5.331351715653909e-8,0.8894164562225342]}},{"t":3.2910845279693604,"j":false,"c":{"p":[-331.398193359375,163.76329040527344,-625.5753173828125],"r":[0.8796491622924805,-4.1874496758964597e-8,-0.47562313079833984,8.711308652209482e-8,1,7.307141913770465e-8,0.47562313079833984,-1.0571021391569957e-7,0.8796491622924805]}},{"t":3.3334057331085205,"j":false,"c":{"p":[-330.7737731933594,164.2751007080078,-626.6940307617188],"r":[0.8625141978263855,1.855009301721111e-8,-0.5060328245162964,-1.3181412406026993e-8,1,1.4190655761581183e-8,0.5060328245162964,-5.569415151285284e-9,0.8625141978263855]}},{"t":3.3747024536132812,"j":false,"c":{"p":[-330.092041015625,164.9102020263672,-627.799560546875],"r":[0.8290377259254456,6.363681848142733e-8,-0.5591926574707031,-9.899665087687026e-8,1,-3.2967413687856606e-8,0.5591926574707031,8.268943219036373e-8,0.8290377259254456]}},{"t":3.4161877632141113,"j":false,"c":{"p":[-329.2998046875,165.48741149902344,-628.9332885742188],"r":[0.8007320761680603,1.0835419672616808e-8,-0.5990226864814758,-3.0943954953954744e-8,1,-2.3275239513509405e-8,0.5990226864814758,3.7173361278064476e-8,0.8007320761680603]}},{"t":3.4597079753875732,"j":false,"c":{"p":[-328.4222412109375,165.8990936279297,-630.0537109375],"r":[0.7615387439727783,-3.9861671297103385e-8,-0.6481193900108337,3.740489873393926e-8,1,-1.7552924447272744e-8,0.6481193900108337,-1.087560885792982e-8,0.7615387439727783]}},{"t":3.50716233253479,"j":false,"c":{"p":[-327.2549133300781,166.24594116210938,-631.3322143554688],"r":[0.6946582794189453,-9.533265910022237e-8,-0.7193398475646973,1.194949277305568e-7,1,-1.7133091390064692e-8,0.7193398475646973,-7.405581925468141e-8,0.6946582794189453]}},{"t":3.5491943359375,"j":false,"c":{"p":[-326.1903076171875,166.3729248046875,-632.3276977539062],"r":[0.6691307425498962,-6.8421246446348505e-9,-0.743144690990448,1.4593162234177726e-8,1,3.9327594514304565e-9,0.743144690990448,-1.347636136017627e-8,0.6691307425498962]}},{"t":3.5905799865722656,"j":false,"c":{"p":[-325.20587158203125,166.3631134033203,-633.1942138671875],"r":[0.6320285797119141,6.98819704325615e-8,-0.774945080280304,-7.899306808667461e-8,1,2.575161417439631e-8,0.774945080280304,4.493953298378983e-8,0.6320285797119141]}},{"t":3.6327810287475586,"j":false,"c":{"p":[-324.06109619140625,166.2683868408203,-634.0916137695312],"r":[0.5764322876930237,4.7060073171678596e-8,-0.8171449303627014,-5.857379647977723e-8,1,1.627158852102184e-8,0.8171449303627014,3.848380814019947e-8,0.5764322876930237]}},{"t":3.6743829250335693,"j":false,"c":{"p":[-322.7490234375,166.0144500732422,-634.9774780273438],"r":[0.5239859223365784,-2.4650711694107486e-8,-0.8517269492149353,2.0024268465590467e-8,1,-1.6623022958128786e-8,0.8517269492149353,-8.344978930097113e-9,0.5239859223365784]}},{"t":3.718991994857788,"j":false,"c":{"p":[-321.3926086425781,165.6741485595703,-635.762939453125],"r":[0.4632962942123413,-9.307689907700478e-8,-0.886203408241272,9.593097161086916e-8,1,-5.487727605668624e-8,0.886203408241272,-5.958991522447832e-8,0.4632962942123413]}},{"t":3.7638039588928223,"j":false,"c":{"p":[-320.1258850097656,165.31349182128906,-636.3906860351562],"r":[0.4003487527370453,-2.2329725624103958e-8,-0.9163628816604614,2.67897615202628e-8,1,-1.2663628368159152e-8,0.9163628816604614,-1.9479275081835112e-8,0.4003487527370453]}},{"t":3.812211513519287,"j":false,"c":{"p":[-318.767578125,164.57737731933594,-636.9255981445312],"r":[0.30237114429473877,6.715828959613646e-8,-0.953190267086029,-6.047699940836537e-8,1,5.127180813246923e-8,0.953190267086029,4.214297177895787e-8,0.30237114429473877]}},{"t":3.8606345653533936,"j":false,"c":{"p":[-317.3461608886719,163.82940673828125,-637.3307495117188],"r":[0.22154973447322845,3.8633928056697187e-8,-0.9751490950584412,-3.821501692868878e-8,1,3.0936195827280244e-8,0.9751490950584412,3.041143159521198e-8,0.22154973447322845]}},{"t":3.912153959274292,"j":false,"c":{"p":[-315.9767761230469,162.5645294189453,-637.605224609375],"r":[0.15988191962242126,-5.392125501657574e-8,-0.9871361255645752,4.222696503575207e-8,1,-4.778462070476053e-8,0.9871361255645752,-3.4043868168964764e-8,0.15988191962242126]}},{"t":3.9596102237701416,"j":false,"c":{"p":[-314.9289245605469,161.0446319580078,-637.7528076171875],"r":[0.10452921688556671,-5.6827577310514243e-8,-0.9945217967033386,4.75387444964781e-8,1,-5.21440419731789e-8,0.9945217967033386,-4.18277394942379e-8,0.10452921688556671]}},{"t":4.002044916152954,"j":false,"c":{"p":[-313.9816589355469,160.28672790527344,-637.8374633789062],"r":[0.05582033470273018,1.7621449188709448e-8,-0.9984408020973206,-9.854630889094551e-9,1,1.7098019000627573e-8,0.9984408020973206,8.884848412549218e-9,0.05582033470273018]}},{"t":4.042836427688599,"j":false,"c":{"p":[-312.99798583984375,159.45278930664062,-637.8844604492188],"r":[0.03490042686462402,9.021299973710484e-8,-0.9993907809257507,-6.488203041499219e-8,1,8.800219575277879e-8,0.9993907809257507,6.177118905270618e-8,0.03490042686462402]}},{"t":4.092250347137451,"j":false,"c":{"p":[-311.7585144042969,158.00245666503906,-637.927978515625],"r":[0.02792084589600563,1.3880582905301253e-8,-0.9996101260185242,-1.1529034615875844e-8,1,1.356397039131707e-8,0.9996101260185242,1.1145822043090448e-8,0.02792084589600563]}},{"t":4.142224311828613,"j":false,"c":{"p":[-310.5115966796875,156.50509643554688,-637.9358520507812],"r":[-0.034898169338703156,-7.604712237707645e-8,-0.9993909001350403,4.8648239214799105e-8,1,-7.779223665238533e-8,0.9993909001350403,-5.133341574037331e-8,-0.034898169338703156]}},{"t":4.183405160903931,"j":false,"c":{"p":[-309.4613342285156,155.853759765625,-637.8701171875],"r":[-0.11146833002567291,-4.3370700808509355e-8,-0.9937679767608643,2.8670827489918338e-8,1,-4.6858612989808535e-8,0.9937679767608643,-3.3715402025791263e-8,-0.11146833002567291]}},{"t":4.2321507930755615,"j":false,"c":{"p":[-308.2488098144531,154.74386596679688,-637.724365234375],"r":[-0.13225619494915009,3.704412776528443e-8,-0.9912155866622925,-2.158742340441222e-8,1,4.025279665142989e-8,0.9912155866622925,2.6721471257928897e-8,-0.13225619494915009]}},{"t":4.280865907669067,"j":false,"c":{"p":[-306.837890625,153.47109985351562,-637.5170288085938],"r":[-0.1736486703157425,6.446248335123528e-8,-0.9848076701164246,-3.912616719503603e-8,1,7.235594523535838e-8,0.9848076701164246,5.109626144417234e-8,-0.1736486703157425]}},{"t":4.330093860626221,"j":false,"c":{"p":[-305.3139953613281,152.6475830078125,-637.2340087890625],"r":[-0.20107710361480713,-2.129615417345576e-8,-0.9795753955841064,1.1666656085651539e-8,1,-2.4134998000135965e-8,0.9795753955841064,-1.62813655890659e-8,-0.20107710361480713]}},{"t":4.371365308761597,"j":false,"c":{"p":[-304.04437255859375,152.02908325195312,-636.9739379882812],"r":[-0.20107710361480713,-9.208704199181739e-8,-0.9795753955841064,5.291249394190345e-8,1,-1.0486842683121722e-7,0.9795753955841064,-7.291841797041343e-8,-0.20107710361480713]}},{"t":4.412268877029419,"j":false,"c":{"p":[-302.7513427734375,151.33782958984375,-636.7015991210938],"r":[-0.20791152119636536,-2.1592976295892186e-8,-0.9781476259231567,1.2347322275729766e-8,1,-2.4699877698708406e-8,0.9781476259231567,-1.721289244471791e-8,-0.20791152119636536]}},{"t":4.4600749015808105,"j":false,"c":{"p":[-301.32672119140625,150.6688232421875,-636.3927612304688],"r":[-0.22835122048854828,5.478769438127529e-8,-0.9735788106918335,-3.1446251824718274e-8,1,6.365019800114169e-8,0.9735788106918335,4.515000640026301e-8,-0.22835122048854828]}},{"t":4.510228872299194,"j":false,"c":{"p":[-299.8323669433594,149.83209228515625,-636.0106811523438],"r":[-0.27563604712486267,4.0769236875348724e-8,-0.961262047290802,-2.252217967679826e-8,1,4.887029803057885e-8,0.961262047290802,3.5120134356247945e-8,-0.27563604712486267]}},{"t":4.551084041595459,"j":false,"c":{"p":[-298.57635498046875,149.2340850830078,-635.6143798828125],"r":[-0.342020183801651,-2.6003402098240258e-8,-0.9396926164627075,1.2453002184997786e-8,1,-3.220476685328322e-8,0.9396926164627075,-2.2716672987144193e-8,-0.342020183801651]}},{"t":4.591266870498657,"j":false,"c":{"p":[-297.4529113769531,148.797119140625,-635.1843872070312],"r":[-0.3875146508216858,-8.291826247841527e-8,-0.9218635559082031,3.977268292487679e-8,1,-1.0666520466884322e-7,0.9218635559082031,-7.799931722729525e-8,-0.3875146508216858]}},{"t":4.632646560668945,"j":false,"c":{"p":[-296.21331787109375,148.14930725097656,-634.6464233398438],"r":[-0.40673619508743286,-2.0170849879264097e-8,-0.9135456681251526,8.08449485134588e-9,1,-2.5679185000626603e-8,0.9135456681251526,-1.7830208420832605e-8,-0.40673619508743286]}},{"t":4.682100772857666,"j":false,"c":{"p":[-294.7392272949219,147.48049926757812,-633.9815063476562],"r":[-0.41310521960258484,5.3252342979703826e-8,-0.910683274269104,-2.8970516652293554e-8,1,7.161678894362922e-8,0.910683274269104,5.596823626774494e-8,-0.41310521960258484]}},{"t":4.72509241104126,"j":false,"c":{"p":[-293.3624267578125,147.009521484375,-633.34912109375],"r":[-0.419451504945755,4.391681329707353e-8,-0.907777726650238,-2.2536774224590772e-8,1,5.87918123073905e-8,0.907777726650238,4.511869633461174e-8,-0.419451504945755]}},{"t":4.766799449920654,"j":false,"c":{"p":[-292.0890197753906,146.6151580810547,-632.7606201171875],"r":[-0.419451504945755,-2.168608403962935e-8,-0.907777726650238,1.3339333193584935e-8,1,-3.0052827781901215e-8,0.907777726650238,-2.471485416322139e-8,-0.419451504945755]}},{"t":4.810191631317139,"j":false,"c":{"p":[-290.8080749511719,146.2477569580078,-632.168701171875],"r":[-0.419451504945755,-7.462714535222403e-8,-0.907777726650238,4.2111242493092504e-8,1,-1.0166669994760014e-7,0.907777726650238,-8.087189939942618e-8,-0.419451504945755]}},{"t":4.852666854858398,"j":false,"c":{"p":[-289.5048828125,145.9929656982422,-631.5665283203125],"r":[-0.4257802665233612,-1.4680278326295593e-8,-0.9048265814781189,7.754892727973584e-9,1,-1.9873596102115698e-8,0.9048265814781189,-1.547861927519989e-8,-0.4257802665233612]}},{"t":4.895686864852905,"j":false,"c":{"p":[-288.06964111328125,145.75204467773438,-630.8917846679688],"r":[-0.425778329372406,5.0895231140657415e-8,-0.9048274755477905,-2.9450385241602817e-8,1,7.010680747043807e-8,0.9048274755477905,5.6497480471762174e-8,-0.425778329372406]}},{"t":4.938261985778809,"j":false,"c":{"p":[-286.779541015625,145.4480438232422,-630.2847290039062],"r":[-0.4257800877094269,4.90017768584039e-8,-0.9048267006874084,-2.8027457688040158e-8,1,6.734472890457255e-8,0.9048267006874084,5.4034035912309264e-8,-0.4257800877094269]}},{"t":4.9796929359436035,"j":false,"c":{"p":[-285.48486328125,145.16879272460938,-629.6754760742188],"r":[-0.425778329372406,-1.4195482123113834e-8,-0.9048274755477905,8.525210759557922e-9,1,-1.9700253872656504e-8,0.9048274755477905,-1.610178657074357e-8,-0.425778329372406]}},{"t":5.030766010284424,"j":false,"c":{"p":[-283.9158020019531,144.94100952148438,-628.9370727539062],"r":[-0.42577922344207764,-6.5828579920435e-8,-0.9048271179199219,3.831281958355248e-8,1,-9.078130602802048e-8,0.9048271179199219,-7.331927065479249e-8,-0.42577922344207764]}},{"t":5.0720601081848145,"j":false,"c":{"p":[-282.6395568847656,144.5763397216797,-628.3364868164062],"r":[-0.42577964067459106,-8.755701053075882e-9,-0.9048268795013428,4.920546636810741e-9,1,-1.1992095316770701e-8,0.9048268795013428,-9.558232427764324e-9,-0.42577964067459106]}},{"t":5.1132237911224365,"j":false,"c":{"p":[-281.3804626464844,144.09361267089844,-627.7440795898438],"r":[-0.42577922344207764,4.819539611844448e-8,-0.9048271179199219,-2.840037538476281e-8,1,6.662895657427725e-8,0.9048271179199219,5.406665337659433e-8,-0.42577922344207764]}},{"t":5.156042098999023,"j":false,"c":{"p":[-280.1241455078125,143.65826416015625,-627.1449584960938],"r":[-0.4383713901042938,4.603866443630977e-8,-0.8987939357757568,-2.7220862008903168e-8,1,6.449922551610143e-8,0.8987939357757568,5.27405603634179e-8,-0.4383713901042938]}},{"t":5.200214862823486,"j":false,"c":{"p":[-278.8675842285156,143.30503845214844,-626.5326538085938],"r":[-0.44463568925857544,-1.339772381925286e-8,-0.8957115411758423,7.2795929284552585e-9,1,-1.8571258308952565e-8,0.8957115411758423,-1.4777859824732786e-8,-0.44463568925857544]}},{"t":5.245978116989136,"j":false,"c":{"p":[-277.4285888671875,142.5646209716797,-625.8037719726562],"r":[-0.4817544221878052,-7.030289594922579e-8,-0.8763062357902527,3.966240669228682e-8,1,-1.0203103784078849e-7,0.8763062357902527,-8.391031514065617e-8,-0.4817544221878052]}},{"t":5.291592597961426,"j":false,"c":{"p":[-276.417724609375,141.57290649414062,-625.2384643554688],"r":[-0.49999967217445374,-1.0989137599892729e-8,-0.8660255670547485,6.4353558038021674e-9,1,-1.6404611002940328e-8,0.8660255670547485,-1.3775482976541298e-8,-0.49999967217445374]}},{"t":5.339552402496338,"j":false,"c":{"p":[-275.2208557128906,140.57528686523438,-624.5475463867188],"r":[-0.49999967217445374,5.831745752971074e-8,-0.8660255670547485,-3.2842308428371325e-8,1,8.630068748516351e-8,0.8660255670547485,7.159259496347659e-8,-0.49999967217445374]}},{"t":5.380340814590454,"j":false,"c":{"p":[-274.2335205078125,139.74954223632812,-623.9775390625],"r":[-0.5000002980232239,3.484807464815276e-8,-0.8660252094268799,-1.9718191524020767e-8,1,5.162341309983276e-8,0.8660252094268799,4.288817478936835e-8,-0.5000002980232239]}},{"t":5.429642200469971,"j":false,"c":{"p":[-273.1607360839844,138.6910400390625,-623.3567504882812],"r":[-0.5060328841209412,-2.9043826899055603e-8,-0.8625141978263855,1.6001726166336994e-8,1,-4.30615827440306e-8,0.8625141978263855,-3.559229355687421e-8,-0.5060328841209412]}},{"t":5.4728686809539795,"j":false,"c":{"p":[-272.0706787109375,137.67396545410156,-622.719482421875],"r":[-0.4999990463256836,-5.8434309835320164e-8,-0.8660259246826172,3.222825029070009e-8,1,-8.608103030383063e-8,0.8660259246826172,-7.095093224052107e-8,-0.4999990463256836]}},{"t":5.513324975967407,"j":false,"c":{"p":[-271.0740051269531,136.71066284179688,-622.1525268554688],"r":[-0.47562429308891296,-1.0057451538258988e-9,-0.8796485066413879,-6.902121096885594e-10,1,-7.701524973313667e-10,0.8796