{"v":1,"name":"macro1_macro2_merged_macro2_merged","d":[{"t":0.04752469062805176,"c":{"r":[0.19423499703407288,3.2849623465835975e-8,-0.9809550046920776,2.5730862773798435e-8,1,3.858225738895271e-8,0.9809550046920776,-3.273484594501497e-8,0.19423499703407288],"p":[-664.0474853515625,60.187931060791016,-442.8204345703125]},"j":false},{"t":0.0913691520690918,"c":{"r":[0.19423499703407288,7.771814125590026e-8,-0.9809550046920776,6.123867990481813e-8,1,9.135264633641782e-8,0.9809550046920776,-7.781627431313609e-8,0.19423499703407288],"p":[-662.955322265625,60.18342971801758,-443.03668212890625]},"j":false},{"t":0.13655853271484375,"c":{"r":[0.19423499703407288,4.8791770623779485e-9,-0.9809550046920776,3.9397760609460875e-9,1,5.754004384073141e-9,0.9809550046920776,-4.982372292516857e-9,0.19423499703407288],"p":[-661.525390625,60.19355773925781,-443.31976318359375]},"j":false},{"t":0.17762351036071777,"c":{"r":[0.19423499703407288,-6.780425110264332e-8,-0.9809550046920776,-5.323681406821379e-8,1,-7.96618664367088e-8,0.9809550046920776,6.769604254941441e-8,0.19423499703407288],"p":[-660.0947265625,60.19938659667969,-443.60296630859375]},"j":false},{"t":0.21948814392089844,"c":{"r":[0.19423499703407288,-3.618068689092979e-8,-0.9809550046920776,-2.8458732259650787e-8,1,-4.251812768529817e-8,0.9809550046920776,3.617524413357387e-8,0.19423499703407288],"p":[-658.6640625,60.18590545654297,-443.88616943359375]},"j":false},{"t":0.26227283477783203,"c":{"r":[0.19423499703407288,2.713531621623133e-8,-0.9809550046920776,2.1213571343992044e-8,1,3.186255526088644e-8,0.9809550046920776,-2.6998383972909323e-8,0.19423499703407288],"p":[-657.09033203125,60.19208908081055,-444.19769287109375]},"j":false},{"t":0.3085451126098633,"c":{"r":[0.19423499703407288,7.763480169842296e-8,-0.9809550046920776,6.084021464403122e-8,1,9.118878807612418e-8,0.9809550046920776,-7.739357243963241e-8,0.19423499703407288],"p":[-655.5166015625,60.192501068115234,-444.50921630859375]},"j":false},{"t":0.3563497066497803,"c":{"r":[0.19423499703407288,1.4864595110353207e-9,-0.9809550046920776,1.2001417637463874e-9,1,1.752954004174967e-9,0.9809550046920776,-1.5177701317981018e-9,0.19423499703407288],"p":[-653.98681640625,59.95197677612305,-444.8121032714844]},"j":false},{"t":0.40285229682922363,"c":{"r":[0.19423499703407288,-7.448303307455717e-8,-0.9809550046920776,-5.8299900018710105e-8,1,-8.747283430921016e-8,0.9809550046920776,7.417986580549041e-8,0.19423499703407288],"p":[-652.4238891601562,59.555110931396484,-445.1215515136719]},"j":false},{"t":0.4508967399597168,"c":{"r":[0.19423499703407288,-1.6902053090461777e-8,-0.9809550046920776,-1.3249908725754267e-8,1,-1.9853763078003794e-8,0.9809550046920776,1.685386052940885e-8,0.19423499703407288],"p":[-650.709228515625,59.479801177978516,-445.46112060546875]},"j":false},{"t":0.49886608123779297,"c":{"r":[0.19423499703407288,4.7424947524632444e-8,-0.9809550046920776,3.7083768944512485e-8,1,5.568849914538987e-8,0.9809550046920776,-4.719416679677124e-8,0.19423499703407288],"p":[-649.1407470703125,59.35517501831055,-445.771728515625]},"j":false},{"t":0.5476620197296143,"c":{"r":[0.19423499703407288,4.276318676943447e-8,-0.9809550046920776,3.345406085486502e-8,1,5.021752613743047e-8,0.9809550046920776,-4.257093166870618e-8,0.19423499703407288],"p":[-647.4297485351562,59.218772888183594,-446.1105041503906]},"j":false},{"t":0.5964417457580566,"c":{"r":[0.19423499703407288,-3.645528678930532e-8,-0.9809550046920776,-2.8495906079228916e-8,1,-4.280541787693437e-8,0.9809550046920776,3.6267511660526e-8,0.19423499703407288],"p":[-645.713134765625,59.205360412597656,-446.4503479003906]},"j":false},{"t":0.6396434307098389,"c":{"r":[0.19423499703407288,-6.398943241947563e-8,-0.9809550046920776,-5.00326073904489e-8,1,-7.513853006457794e-8,0.9809550046920776,6.367427118902924e-8,0.19423499703407288],"p":[-644.282470703125,59.19995880126953,-446.7335510253906]},"j":false},{"t":0.6861317157745361,"c":{"r":[0.19423499703407288,4.045896062621068e-9,-0.9809550046920776,3.155126604426073e-9,1,4.749180160246169e-9,0.9809550046920776,-4.0174943372051075e-9,0.19423499703407288],"p":[-642.710205078125,59.1384162902832,-447.0448913574219]},"j":false},{"t":0.7325842380523682,"c":{"r":[0.19423499703407288,7.808402813225257e-8,-0.9809550046920776,6.103568495063882e-8,1,9.168544323756578e-8,0.9809550046920776,-7.768178278411142e-8,0.19423499703407288],"p":[-640.99609375,59.04424285888672,-447.3843688964844]},"j":false},{"t":0.7833559513092041,"c":{"r":[0.19423499703407288,1.7855329659255403e-8,-0.9809550046920776,1.3960389289024988e-8,1,2.0966227864960274e-8,0.9809550046920776,-1.7766890181292183e-8,0.19423499703407288],"p":[-639.4237670898438,58.97993087768555,-447.6957092285156]},"j":false},{"t":0.830437421798706,"c":{"r":[0.19423499703407288,-6.162552779187536e-8,-0.9809550046920776,-4.816379117755787e-8,1,-7.235868793031841e-8,0.9809550046920776,6.130110108415465e-8,0.19423499703407288],"p":[-637.7084350585938,58.908843994140625,-448.0351867675781]},"j":false},{"t":0.8753917217254639,"c":{"r":[0.19423499703407288,-3.314085006422829e-8,-0.9809550046920776,-2.5903588607434358e-8,1,-3.891333477668013e-8,0.9809550046920776,3.296858608337061e-8,0.19423499703407288],"p":[-636.1358642578125,58.85150909423828,-448.3465576171875]},"j":false},{"t":0.9218978881835938,"c":{"r":[0.19423499703407288,3.3168550572781896e-8,-0.9809550046920776,2.5919822732589637e-8,1,3.894479050359223e-8,0.9809550046920776,-3.299062001360653e-8,0.19423499703407288],"p":[-634.5623168945312,58.83472442626953,-448.6580810546875]},"j":false},{"t":0.9709160327911377,"c":{"r":[0.19423499703407288,5.58065913480732e-8,-0.9809550046920776,4.3613685107857236e-8,1,6.552583187158234e-8,0.9809550046920776,-5.5510476215658855e-8,0.19423499703407288],"p":[-632.8455200195312,58.826820373535156,-448.9979248046875]},"j":false},{"t":1.0195398330688477,"c":{"r":[0.19423499703407288,-1.4176255724862585e-8,-0.9809550046920776,-1.1077088579725114e-8,1,-1.664481352747771e-8,0.9809550046920776,1.4099130751787925e-8,0.19423499703407288],"p":[-631.2720336914062,58.83192825317383,-449.3094177246094]},"j":false},{"t":1.069319725036621,"c":{"r":[0.19423499703407288,-7.748422348186068e-8,-0.9809550046920776,-6.055172718788526e-8,1,-9.097816899839017e-8,0.9809550046920776,7.706966442810881e-8,0.19423499703407288],"p":[-629.5579223632812,58.88325119018555,-449.6487121582031]},"j":false},{"t":1.119607925415039,"c":{"r":[0.19423499703407288,5.334415131841297e-10,-0.9809550046920776,4.15994294566957e-10,1,6.261675067342765e-10,0.9809550046920776,-5.296953431432883e-10,0.19423499703407288],"p":[-627.8436279296875,58.97637176513672,-449.9880065917969]},"j":false},{"t":1.169870376586914,"c":{"r":[0.19423499703407288,7.835122772803516e-8,-0.9809550046920776,6.122756701643084e-8,1,9.19958225154005e-8,0.9809550046920776,-7.793030221137087e-8,0.19423499703407288],"p":[-626.127197265625,59.035675048828125,-450.3278503417969]},"j":false},{"t":1.2185032367706299,"c":{"r":[0.19423499703407288,1.3044413549323508e-8,-0.9809550046920776,1.0193983435158316e-8,1,1.5316137691456788e-8,0.9809550046920776,-1.2974769703077982e-8,0.19423499703407288],"p":[-624.410400390625,59.06020736694336,-450.6676940917969]},"j":false},{"t":1.2672431468963623,"c":{"r":[0.19423499703407288,-5.856961848849096e-8,-0.9809550046920776,-4.576848766646435e-8,1,-6.876916813780554e-8,0.9809550046920776,5.825420856808705e-8,0.19423499703407288],"p":[-622.836669921875,59.06896209716797,-450.9792175292969]},"j":false},{"t":1.3142883777618408,"c":{"r":[0.2010779082775116,-3.268849368964766e-8,-0.9795752763748169,-2.529842113574432e-8,1,-3.8563090498655583e-8,0.9795752763748169,3.253589397900214e-8,0.2010779082775116],"p":[-621.121337890625,59.05637741088867,-451.3265075683594]},"j":false},{"t":1.3621230125427246,"c":{"r":[0.2010779082775116,4.435602107832892e-8,-0.9795752763748169,3.543255999716166e-8,1,5.255413171312284e-8,0.9795752763748169,-4.52763337932538e-8,0.2010779082775116],"p":[-619.4072875976562,59.041015625,-451.6784362792969]},"j":false},{"t":1.4115307331085205,"c":{"r":[0.2010779082775116,5.1176016313547734e-8,-0.9795752763748169,4.052388291597708e-8,1,6.056142609622839e-8,0.9795752763748169,-5.1873758621923116e-8,0.2010779082775116],"p":[-617.8362426757812,59.0015754699707,-452.00103759765625]},"j":false},{"t":1.4585063457489014,"c":{"r":[0.2010779082775116,-2.459427861367658e-8,-0.9795752763748169,-1.9884453195118112e-8,1,-2.9188775840793824e-8,0.9795752763748169,2.5347535625996898e-8,0.2010779082775116],"p":[-616.1223754882812,58.956626892089844,-452.35296630859375]},"j":false},{"t":1.5045654773712158,"c":{"r":[0.2010779082775116,-6.887800907406927e-8,-0.9795752763748169,-5.512272593932721e-8,1,-8.162922426890873e-8,0.9795752763748169,7.041069238766795e-8,0.2010779082775116],"p":[-614.5513305664062,58.91889190673828,-452.6755676269531]},"j":false},{"t":1.5566580295562744,"c":{"r":[0.2010779082775116,5.511088474463577e-9,-0.9795752763748169,4.5870307552320355e-9,1,6.567580257410555e-9,0.9795752763748169,-5.813937331566876e-9,0.2010779082775116],"p":[-612.8374633789062,58.88357162475586,-453.0274963378906]},"j":false},{"t":1.5975687503814697,"c":{"r":[0.2010779082775116,6.735655944112295e-8,-0.9795752763748169,5.422843329938587e-8,1,7.98924801870271e-8,0.9795752763748169,-6.918544670497795e-8,0.2010779082775116],"p":[-611.4092407226562,58.882564544677734,-453.3207702636719]},"j":false},{"t":1.6393108367919922,"c":{"r":[0.2010779082775116,3.10611376619363e-8,-0.9795752763748169,2.493645645529341e-8,1,3.682749749600589e-8,0.9795752763748169,-3.183233232562088e-8,0.2010779082775116],"p":[-609.9821166992188,58.92100524902344,-453.6137390136719]},"j":false},{"t":1.6889677047729492,"c":{"r":[0.2010779082775116,-4.17562482368794e-8,-0.9795752763748169,-3.374942281197946e-8,1,-4.9554650161098834e-8,0.9795752763748169,4.30244462279461e-8,0.2010779082775116],"p":[-608.270263671875,58.99923324584961,-453.9651184082031]},"j":false},{"t":1.736630916595459,"c":{"r":[0.2010779082775116,-5.067530750579863e-8,-0.9795752763748169,-4.08788416450534e-8,1,-6.012313491510213e-8,0.9795752763748169,5.2133334094150996e-8,0.2010779082775116],"p":[-606.5577392578125,59.08544921875,-454.3166809082031]},"j":false},{"t":1.7845003604888916,"c":{"r":[0.2010779082775116,2.2836681878857235e-8,-0.9795752763748169,1.8495851961120024e-8,1,2.710949331685697e-8,0.9795752763748169,-2.3569199925077555e-8,0.2010779082775116],"p":[-604.988037109375,59.157325744628906,-454.6389465332031]},"j":false},{"t":1.8301880359649658,"c":{"r":[0.2010779082775116,7.048821260013938e-8,-0.9795752763748169,5.6971011019868456e-8,1,8.365240233842997e-8,0.9795752763748169,-7.262804047059035e-8,0.2010779082775116],"p":[-603.4183349609375,59.22938537597656,-454.9612121582031]},"j":false},{"t":1.8785531520843506,"c":{"r":[0.2010779082775116,2.5676492043658072e-9,-0.9795752763748169,2.0444139714470566e-9,1,3.040844243074048e-9,0.9795752763748169,-2.6141040443405927e-9,0.2010779082775116],"p":[-601.8486328125,59.30588150024414,-455.2834777832031]},"j":false},{"t":1.925438404083252,"c":{"r":[0.2010779082775116,-7.147839653498522e-8,-0.9795752763748169,-5.757500787240133e-8,1,-8.478721014171242e-8,0.9795752763748169,7.344788599539243e-8,0.2010779082775116],"p":[-600.1367797851562,59.39076614379883,-455.63800048828125]},"j":false},{"t":1.9749722480773926,"c":{"r":[0.17364877462387085,-1.8618374397760817e-8,-0.9848076701164246,-1.4244278645492159e-8,1,-2.1417255524625034e-8,0.9848076701164246,1.7746954128483594e-8,0.17364877462387085],"p":[-598.4180908203125,59.45381546020508,-455.9642639160156]},"j":false},{"t":2.0249152183532715,"c":{"r":[0.17364877462387085,5.5057498116184433e-8,-0.9848076701164246,4.475161929917704e-8,1,6.379779904364113e-8,0.9848076701164246,-5.515014578350019e-8,0.17364877462387085],"p":[-596.8383178710938,59.462493896484375,-456.2428894042969]},"j":false},{"t":2.0710511207580566,"c":{"r":[0.1598815619945526,3.352316468863137e-8,-0.98713618516922,2.73427325225839e-8,1,3.838858475546658e-8,0.98713618516922,-3.3128628729173215e-8,0.1598815619945526],"p":[-595.1139526367188,59.40839385986328,-456.5358581542969]},"j":false},{"t":2.1173229217529297,"c":{"r":[0.1460837572813034,-3.369855505752639e-8,-0.9892722368240356,-2.715732172475782e-8,1,-3.807424775459367e-8,0.9892722368240356,3.2428012275431684e-8,0.1460837572813034],"p":[-593.533203125,59.27729415893555,-456.7745666503906]},"j":false},{"t":2.160004138946533,"c":{"r":[0.1460837572813034,-6.984820544175818e-8,-0.9892722368240356,-5.6261598047058214e-8,1,-7.891367914680814e-8,0.9892722368240356,6.718604339539525e-8,0.1460837572813034],"p":[-592.0950927734375,59.163814544677734,-456.9869079589844]},"j":false},{"t":2.2048487663269043,"c":{"r":[0.13917353749275208,1.1973300129142217e-9,-0.9902679920196533,1.3980875346319976e-9,1,1.405585980940316e-9,0.9902679920196533,-1.5801017161365394e-9,0.13917353749275208],"p":[-590.5086059570312,59.11363983154297,-457.2186584472656]},"j":false},{"t":2.249957323074341,"c":{"r":[0.13917353749275208,7.228268827930151e-8,-0.9902679920196533,5.922764145793735e-8,1,8.131699047453367e-8,0.9902679920196533,-6.996840795636672e-8,0.13917353749275208],"p":[-588.9207763671875,59.058563232421875,-457.44189453125]},"j":false},{"t":2.2960705757141113,"c":{"r":[0.12533296644687653,2.6320385870803875e-8,-0.9921147227287292,2.099929119481203e-8,1,2.9182400496097216e-8,0.9921147227287292,-2.4491223271638773e-8,0.12533296644687653],"p":[-587.3313598632812,59.030250549316406,-457.6552429199219]},"j":false},{"t":2.3414947986602783,"c":{"r":[0.12533296644687653,-4.660412145085502e-8,-0.9921147227287292,-3.8742754782106203e-8,1,-5.186886298247373e-8,0.9921147227287292,4.493813676731406e-8,0.12533296644687653],"p":[-585.7407836914062,59.06058120727539,-457.8561706542969]},"j":false},{"t":2.3859691619873047,"c":{"r":[0.12533296644687653,-5.316199747085193e-8,-0.9921147227287292,-4.377310958147973e-8,1,-5.9114341866006725e-8,0.9921147227287292,5.083692400376094e-8,0.12533296644687653],"p":[-584.1500244140625,59.2411994934082,-458.0571594238281]},"j":false},{"t":2.4319136142730713,"c":{"r":[0.11146867275238037,1.2409802963020411e-8,-0.9937679767608643,1.2053828157831958e-8,1,1.3839676960003544e-8,0.9937679767608643,-1.3521398223304004e-8,0.11146867275238037],"p":[-582.701904296875,59.49201202392578,-458.22802734375]},"j":false},{"t":2.4744558334350586,"c":{"r":[0.11146867275238037,8.505327286911779e-8,-0.9937679767608643,7.343804497850215e-8,1,9.382402765822917e-8,0.9937679767608643,-8.343881319206048e-8,0.11146867275238037],"p":[-581.1080322265625,59.57652282714844,-458.4069519042969]},"j":false},{"t":2.5210890769958496,"c":{"r":[0.09758347272872925,2.0930624344828175e-8,-0.9952273368835449,1.6253705936719598e-8,1,2.2624696782713727e-8,0.9952273368835449,-1.8383929045739933e-8,0.09758347272872925],"p":[-579.658447265625,59.59203338623047,-458.5646667480469]},"j":false},{"t":2.563413143157959,"c":{"r":[0.07671920210123062,-5.033611927274251e-8,-0.9970527291297913,-4.813152898464068e-8,1,-5.418844040150361e-8,0.9970527291297913,5.2146965856536553e-8,0.07671920210123062],"p":[-578.0608520507812,59.59556579589844,-458.7093811035156]},"j":false},{"t":2.6058883666992188,"c":{"r":[0.07671920210123062,-5.12523570250778e-8,-0.9970527291297913,-4.7627235488789665e-8,1,-5.506858258286229e-8,0.9970527291297913,5.171168027118256e-8,0.07671920210123062],"p":[-576.6070556640625,59.6018180847168,-458.8218688964844]},"j":false},{"t":2.649103879928589,"c":{"r":[0.07671920210123062,1.764931134573544e-8,-0.9970527291297913,1.8179736827050874e-8,1,1.9100339088140572e-8,0.9970527291297913,-1.9591519517803135e-8,0.07671920210123062],"p":[-575.0078125,59.61663055419922,-458.945068359375]},"j":false},{"t":2.6891541481018066,"c":{"r":[0.07671920210123062,7.390305967192035e-8,-0.9970527291297913,7.190678985580234e-8,1,7.965445547597483e-8,0.9970527291297913,-7.780588617833928e-8,0.07671920210123062],"p":[-573.6994018554688,59.591796875,-459.04583740234375]},"j":false},{"t":2.7291619777679443,"c":{"r":[0.07671920210123062,2.530076059770181e-8,-0.9970527291297913,2.4041531432317242e-8,1,2.722544678590566e-8,0.9970527291297913,-2.6059389313104475e-8,0.07671920210123062],"p":[-572.2455444335938,59.59376525878906,-459.1578369140625]},"j":false},{"t":2.7702629566192627,"c":{"r":[0.07671920210123062,-3.551569704995927e-8,-0.9970527291297913,-3.564657902188628e-8,1,-3.836354167674472e-8,0.9970527291297913,3.848473895118332e-8,0.07671920210123062],"p":[-570.7916870117188,59.59579086303711,-459.26983642578125]},"j":false},{"t":2.8131179809570312,"c":{"r":[0.07671920210123062,-6.018549214559243e-8,-0.9970527291297913,-5.957077320317694e-8,1,-6.494713034044253e-8,0.9970527291297913,6.437789323854304e-8,0.07671920210123062],"p":[-569.3378295898438,59.59625244140625,-459.3818359375]},"j":false},{"t":2.8364713191986084,"c":{"r":[0.07671920210123062,-3.0503439774065555e-8,-0.9970527291297913,-2.996002024246991e-8,1,-3.2898910262701975e-8,0.9970527291297913,3.239570034452299e-8,0.07671920210123062],"p":[-568.6109008789062,59.5963249206543,-459.4378356933594]},"j":true},{"t":2.8474016189575195,"c":{"r":[0.07671920210123062,-1.270942551201415e-8,-0.9970527291297913,-1.2208753119580251e-8,1,-1.3686409339186412e-8,0.9970527291297913,1.3222781092281366e-8,0.07671920210123062],"p":[-568.1747436523438,60.250526428222656,-459.471435546875]},"j":true},{"t":2.8546671867370605,"c":{"r":[0.07671920210123062,-8.53085713181656e-10,-0.9970527291297913,-3.808978132902041e-10,1,-8.84915973831113e-10,0.9970527291297913,4.4766523821238025e-10,0.07671920210123062],"p":[-567.8839721679688,60.66962814331055,-459.49383544921875]},"j":false},{"t":2.8568003177642822,"c":{"r":[0.07671920210123062,-8.53085713181656e-10,-0.9970527291297913,-3.808978132902041e-10,1,-8.84915973831113e-10,0.9970527291297913,4.4766523821238025e-10,0.07671920210123062],"p":[-567.8839721679688,60.66962814331055,-459.49383544921875]},"j":true},{"t":2.905200958251953,"c":{"r":[0.07000598311424255,6.998789814360862e-8,-0.9975465536117554,7.05844200865613e-8,1,7.511351185485182e-8,0.9975465536117554,-7.56696465487039e-8,0.07000598311424255],"p":[-566.1393432617188,62.89810562133789,-459.62823486328125]},"j":false},{"t":2.9534974098205566,"c":{"r":[0.06975754350423813,8.222362168908148e-8,-0.9975639581680298,9.135462875065059e-8,1,8.881264790261412e-8,0.9975639581680298,-9.732743677659528e-8,0.06975754350423813],"p":[-564.3934936523438,64.63607025146484,-459.7508544921875]},"j":false},{"t":2.9981048107147217,"c":{"r":[0.06975623220205307,1.5923179219612393e-8,-0.9975640773773193,2.353628225648663e-8,1,1.7607872493385912e-8,0.9975640773773193,-2.470720694702777e-8,0.06975623220205307],"p":[-562.9384155273438,65.70970153808594,-459.85247802734375]},"j":false},{"t":3.0398123264312744,"c":{"r":[0.06975731253623962,-5.0235932747000334e-8,-0.9975640177726746,-4.413723075913367e-8,1,-5.3445017300646214e-8,0.9975640177726746,4.775789363975491e-8,0.06975731253623962],"p":[-561.4833374023438,66.44270324707031,-459.9541015625]},"j":false},{"t":3.087333917617798,"c":{"r":[0.06975728273391724,-9.264550726584275e-8,-0.9975640177726746,-8.940476448060508e-8,1,-9.912360354746852e-8,0.9975640177726746,9.610156581629781e-8,0.06975728273391724],"p":[-559.7372436523438,66.8726806640625,-460.0760498046875]},"j":false},{"t":3.1274466514587402,"c":{"r":[0.06975731998682022,-4.167187483972157e-8,-0.9975640177726746,-4.2918877340980544e-8,1,-4.477485049392271e-8,0.9975640177726746,4.593769986627194e-8,0.06975731998682022],"p":[-558.4276733398438,66.87328338623047,-460.1675109863281]},"j":false},{"t":3.1706013679504395,"c":{"r":[0.06975731253623962,2.0496367270084193e-8,-0.9975640177726746,1.3776049634373067e-8,1,2.1509745096182087e-8,0.9975640177726746,-1.5242953566030337e-8,0.06975731253623962],"p":[-556.8270874023438,66.49932098388672,-460.279296875]},"j":false},{"t":3.218789577484131,"c":{"r":[0.06975730508565903,8.251878114151623e-8,-0.9975640177726746,7.033793281152612e-8,1,8.76388526194205e-8,0.9975640177726746,-7.628004539128597e-8,0.06975730508565903],"p":[-555.2265014648438,65.71320343017578,-460.3910827636719]},"j":false},{"t":3.259082794189453,"c":{"r":[0.06281483918428421,1.114688075176673e-7,-0.9980251789093018,1.1044681258454148e-7,1,1.1864079851875431e-7,0.9980251789093018,-1.1768110397269993e-7,0.06281483918428421],"p":[-553.7711181640625,64.6408920288086,-460.4862976074219]},"j":false},{"t":3.3001818656921387,"c":{"r":[0.0627908855676651,3.6500939160077905e-8,-0.9980267286300659,4.637579564814587e-8,1,3.949084259602387e-8,0.9980267286300659,-4.876394754660396e-8,0.0627908855676651],"p":[-552.4609985351562,63.38456726074219,-460.5686950683594]},"j":false},{"t":3.341832399368286,"c":{"r":[0.042542632669210434,-7.227990295177733e-8,-0.9990946650505066,-3.179122387564348e-8,1,-7.369911259047512e-8,0.9990946650505066,3.4897794876087573e-8,0.042542632669210434],"p":[-550.8595581054688,61.474388122558594,-460.66241455078125]},"j":false},{"t":3.3854403495788574,"c":{"r":[-0.012046570889651775,-1.5164182798343973e-7,-0.9999274611473083,-2.9534804824038474e-8,1,-1.5129700159377535e-7,0.9999274611473083,2.7710051142548764e-8,-0.012046570889651775],"p":[-549.4019775390625,59.38020706176758,-460.7046813964844]},"j":false},{"t":3.400878667831421,"c":{"r":[-0.03938210383057594,-1.7777611560632067e-7,-0.9992242455482483,-9.726132788046016e-9,1,-1.7753079362137214e-7,0.9992242455482483,2.7270516955724133e-9,-0.03938210383057594],"p":[-548.9645385742188,58.68552780151367,-460.7004089355469]},"j":true},{"t":3.428865909576416,"c":{"r":[-0.14458464086055756,-1.6320625206844852e-7,-0.9894924163818359,1.0972156516686482e-8,1,-1.6654261969506479e-7,0.9894924163818359,-3.493637024121199e-8,-0.14458464086055756],"p":[-547.8208618164062,57.31637954711914,-460.6322937011719]},"j":false},{"t":3.431919813156128,"c":{"r":[-0.14458464086055756,-1.6320625206844852e-7,-0.9894924163818359,1.0972156516686482e-8,1,-1.6654261969506479e-7,0.9894924163818359,-3.493637024121199e-8,-0.14458464086055756],"p":[-547.8208618164062,57.31637954711914,-460.6322937011719]},"j":true},{"t":3.470258951187134,"c":{"r":[-0.2215418517589569,7.519658140608954e-8,-0.9751508831977844,9.26108434384787e-9,1,7.500876364474607e-8,0.9751508831977844,7.586626438182975e-9,-0.2215418517589569],"p":[-546.4802856445312,57.30840301513672,-460.38580322265625]},"j":false},{"t":3.47261381149292,"c":{"r":[-0.2215418517589569,7.519658140608954e-8,-0.9751508831977844,9.26108434384787e-9,1,7.500876364474607e-8,0.9751508831977844,7.586626438182975e-9,-0.2215418517589569],"p":[-546.4802856445312,57.30840301513672,-460.38580322265625]},"j":true},{"t":3.483339548110962,"c":{"r":[-0.22834782302379608,9.449939852856915e-8,-0.9735796451568604,6.3382432635705754e-9,1,9.557726343700779e-8,0.9735796451568604,1.565407536929797e-8,-0.22834782302379608],"p":[-546.082763671875,57.96260452270508,-460.29608154296875]},"j":true},{"t":3.5231592655181885,"c":{"r":[-0.22835120558738708,1.5893462546046067e-7,-0.9735788106918335,-3.3899949514193395e-9,1,1.6404294456151547e-7,0.9735788106918335,4.075983284224094e-8,-0.22835120558738708],"p":[-544.6788940429688,59.92185592651367,-459.96875]},"j":false},{"t":3.5733418464660645,"c":{"r":[-0.26799750328063965,-3.0971257558576326e-8,-0.9634196162223816,-4.0175538451592274e-9,1,-3.1029639302460055e-8,0.9634196162223816,-4.445275703091056e-9,-0.26799750328063965],"p":[-542.9821166992188,61.82333755493164,-459.5409240722656]},"j":false},{"t":3.6155333518981934,"c":{"r":[-0.2820008397102356,-1.286295088220868e-7,-0.9594141840934753,9.06170805059503e-10,1,-1.3433724177502882e-7,0.9594141840934753,-3.875260645713752e-8,-0.2820008397102356],"p":[-541.5785522460938,63.03321838378906,-459.1451416015625]},"j":false},{"t":3.667914390563965,"c":{"r":[-0.2823401689529419,-1.1171244551633208e-7,-0.9593143463134766,6.106112948600639e-9,1,-1.1824742074395544e-7,0.9593143463134766,-3.924367675267604e-8,-0.2823401689529419],"p":[-539.8998413085938,64.03544616699219,-458.6511535644531]},"j":false},{"t":3.7166478633880615,"c":{"r":[-0.27605798840522766,-9.693437164060015e-8,-0.9611409902572632,1.1307258240833562e-8,1,-1.0410109752001517e-7,0.9611409902572632,-3.960580841066985e-8,-0.27605798840522766],"p":[-538.2211303710938,64.54715728759766,-458.1571350097656]},"j":false},{"t":3.7618489265441895,"c":{"r":[-0.17575936019420624,-2.2690610990139248e-7,-0.9844331741333008,1.6392711188473186e-8,1,-2.3342090571532026e-7,0.9844331741333008,-5.716343665085333e-8,-0.17575936019420624],"p":[-536.81103515625,64.59888458251953,-457.78704833984375]},"j":false},{"t":3.8021554946899414,"c":{"r":[-0.11857368797063828,-1.8441733118379489e-7,-0.9929452538490295,9.203557027603892e-9,1,-1.8682665370306495e-7,0.9929452538490295,-3.129135350832257e-8,-0.11857368797063828],"p":[-535.3695068359375,64.30999755859375,-457.5712585449219]},"j":false},{"t":3.8425345420837402,"c":{"r":[-0.11840412765741348,-1.1977915903571557e-7,-0.9929654598236084,2.698834933312355e-9,1,-1.2094953660835017e-7,0.9929654598236084,-1.7000774121811446e-8,-0.11840412765741348],"p":[-533.9212036132812,63.68049621582031,-457.3985290527344]},"j":false},{"t":3.893383026123047,"c":{"r":[-0.10470344126224518,-5.76541800967334e-8,-0.9945034980773926,-5.106407741095609e-9,1,-5.743521569456789e-8,0.9945034980773926,-9.353242624854374e-10,-0.10470344126224518],"p":[-532.1821899414062,62.4754753112793,-457.20330810546875]},"j":false},{"t":3.943357229232788,"c":{"r":[-0.05060511827468872,-1.3302039292284462e-7,-0.9987187385559082,-4.884666005011695e-9,1,-1.329435406205448e-7,0.9987187385559082,-1.849216557658906e-9,-0.05060511827468872],"p":[-530.2941284179688,60.616519927978516,-457.0345764160156]},"j":false},{"t":3.98486328125,"c":{"r":[0.006047970615327358,-1.5391975694001303e-7,-0.999981701374054,9.91789850246505e-9,1,-1.5386258667149377e-7,0.999981701374054,-8.987160349249734e-9,0.006047970615327358],"p":[-528.9824829101562,58.99232864379883,-456.9936218261719]},"j":false},{"t":4.02954626083374,"c":{"r":[0.027886085212230682,3.545140003780034e-8,-0.9996110796928406,-1.6984109674211822e-9,1,3.541780912996728e-8,0.9996110796928406,7.10086378585828e-10,0.027886085212230682],"p":[-527.3896484375,58.267086029052734,-457.0182800292969]},"j":false},{"t":4.069844961166382,"c":{"r":[0.04884936287999153,1.259555091337461e-7,-0.9988061785697937,-9.640538145561095e-9,1,1.2563455698000325e-7,0.9988061785697937,3.4918612445977715e-9,0.04884936287999153],"p":[-526.0907592773438,57.945796966552734,-457.0554504394531]},"j":false},{"t":4.114171981811523,"c":{"r":[0.10452821105718613,-9.898110775452551e-9,-0.9945219159126282,2.5823947424896687e-9,1,-9.681212276291262e-9,0.9945219159126282,-1.5562883204367495e-9,0.10452821105718613],"p":[-524.5036010742188,57.49734878540039,-457.15753173828125]},"j":false},{"t":4.156654596328735,"c":{"r":[0.1114690974354744,-9.051826310724209e-8,-0.9937679171562195,1.1770685759415755e-8,1,-8.976562781981556e-8,0.9937679171562195,-1.691236373169147e-9,0.1114690974354744],"p":[-522.9219970703125,57.74037170410156,-457.3299865722656]},"j":false},{"t":4.201385021209717,"c":{"r":[0.11146897077560425,-3.054968900073618e-8,-0.9937679171562195,2.870754522987795e-9,1,-3.0419265328873735e-8,0.9937679171562195,5.379405254579694e-10,0.11146897077560425],"p":[-521.482177734375,57.964839935302734,-457.4914855957031]},"j":false},{"t":4.247781753540039,"c":{"r":[0.11146968603134155,3.526793790342708e-8,-0.9937678575515747,-6.8972503264319585e-9,1,3.4715458951950495e-8,0.9937678575515747,2.9845443894060963e-9,0.11146968603134155],"p":[-519.8966674804688,58.252193450927734,-457.6694030761719]},"j":false},{"t":4.250802755355835,"c":{"r":[0.11146968603134155,3.526793790342708e-8,-0.9937678575515747,-6.8972503264319585e-9,1,3.4715458951950495e-8,0.9937678575515747,2.9845443894060963e-9,0.11146968603134155],"p":[-519.8966674804688,58.252193450927734,-457.6694030761719]},"j":true},{"t":4.2607152462005615,"c":{"r":[0.11146968603134155,5.319138551840297e-8,-0.9937678575515747,-9.557278524141566e-9,1,5.245293266398221e-8,0.9937678575515747,3.6508041034721828e-9,0.11146968603134155],"p":[-519.4639892578125,58.906394958496094,-457.7179260253906]},"j":true},{"t":4.2704126834869385,"c":{"r":[0.07796784490346909,4.919236573641683e-8,-0.9969558715820312,-1.0157356733486722e-8,1,4.854820545574512e-8,0.9969558715820312,6.3412373130233846e-9,0.07796784490346909],"p":[-519.1744995117188,59.325496673583984,-457.7503967285156]},"j":true},{"t":4.2886247634887695,"c":{"r":[0.06343088299036026,-5.523320112388319e-8,-0.9979862570762634,-7.139058233462947e-9,1,-5.579840234304356e-8,0.9979862570762634,1.0664023442075177e-8,0.06343088299036026],"p":[-518.447998046875,60.313636779785156,-457.8104248046875]},"j":false},{"t":4.330523490905762,"c":{"r":[0.049116674810647964,-1.2815900163332117e-7,-0.9987930655479431,2.243208285790388e-9,1,-1.2820356687370804e-7,0.9987930655479431,4.056432079124761e-9,0.049116674810647964],"p":[-516.9921875,62.034454345703125,-457.896728515625]},"j":false},{"t":4.382020950317383,"c":{"r":[0.04208063706755638,-9.33793700141905e-8,-0.9991142153739929,1.3028697232186914e-8,1,-9.291341029893374e-8,0.9991142153739929,-9.107301579547311e-9,0.04208063706755638],"p":[-515.2443237304688,63.64980697631836,-457.9783630371094]},"j":false},{"t":4.425424098968506,"c":{"r":[0.028080206364393234,-7.931922141324321e-8,-0.999605655670166,2.4112818408639214e-8,1,-7.867315332532598e-8,0.999605655670166,-2.189415226894198e-8,0.028080206364393234],"p":[-513.641357421875,64.69963836669922,-458.0384826660156]},"j":false},{"t":4.472468376159668,"c":{"r":[0.01401424314826727,-1.0242906967050658e-7,-0.9999017715454102,3.716754548577228e-8,1,-1.0191820365434978e-7,0.9999017715454102,-3.573558871039495e-8,0.01401424314826727],"p":[-512.0375366210938,65.33732604980469,-458.0712890625]},"j":false},{"t":4.519407749176025,"c":{"r":[-0.02039501443505287,-1.4200251996498992e-7,-0.9997919797897339,4.241898921009124e-8,1,-1.4289737748640619e-7,0.9997919797897339,-4.5324561881443515e-8,-0.02039501443505287],"p":[-510.4333801269531,65.5628662109375,-458.0755920410156]},"j":false},{"t":4.567878484725952,"c":{"r":[-0.07580574601888657,-1.533514506490974e-7,-0.997122585773468,8.438578724678791e-9,1,-1.5443551149019186e-7,0.997122585773468,-2.0121396104855194e-8,-0.07580574601888657],"p":[-508.6846008300781,65.3388442993164,-458.01470947265625]},"j":false},{"t":4.61602783203125,"c":{"r":[-0.12469650059938431,-1.5968167588198412e-7,-0.9921949505805969,5.472726716249099e-10,1,-1.6100658228879183e-7,0.9921949505805969,-2.0619959073542304e-8,-0.12469650059938431],"p":[-506.9425048828125,64.62432861328125,-457.8508605957031]},"j":false},{"t":4.6608710289001465,"c":{"r":[-0.1322047859430313,-1.690012538801966e-7,-0.9912224411964417,5.352898568844466e-9,1,-1.7121175233114627e-7,0.9912224411964417,-2.7940927793679293e-8,-0.1322047859430313],"p":[-505.49603271484375,63.65419387817383,-457.6654052734375]},"j":false},{"t":4.683765888214111,"c":{"r":[-0.13916915655136108,-1.3166287260446552e-7,-0.9902686476707458,5.880830489246591e-9,1,-1.3378320318224723e-7,0.9902686476707458,-2.444209812324516e-8,-0.13916915655136108],"p":[-504.80523681640625,63.233543395996094,-457.5732421875]},"j":true},{"t":4.705279111862183,"c":{"r":[-0.1529858559370041,-3.994475861190949e-9,-0.9882283806800842,4.065059844293728e-9,1,-4.671361963914933e-9,0.9882283806800842,-4.731859792883597e-9,-0.1529858559370041],"p":[-504.2796936035156,63.22323226928711,-457.50006103515625]},"j":false},{"t":4.7349066734313965,"c":{"r":[-0.17364782094955444,8.844254750783875e-8,-0.9848077893257141,3.0750966217851783e-9,1,8.926468808567734e-8,0.9848077893257141,1.247224012956849e-8,-0.17364782094955444],"p":[-503.83209228515625,63.650108337402344,-457.4277648925781]},"j":true},{"t":4.743833065032959,"c":{"r":[-0.1873815357685089,9.334713269026906e-8,-0.9822872281074524,2.4284740884894518e-9,1,9.456713456756916e-8,0.9822872281074524,1.533467575143277e-8,-0.1873815357685089],"p":[-503.701904296875,64.08964538574219,-457.4057922363281]},"j":true},{"t":4.7516279220581055,"c":{"r":[-0.18738150596618652,9.843231651984752e-8,-0.9822872281074524,1.782126557436925e-9,1,9.986730731270654e-8,0.9822872281074524,1.696272811102517e-8,-0.18738150596618652],"p":[-503.564453125,64.51555633544922,-457.38232421875]},"j":false},{"t":4.753823518753052,"c":{"r":[-0.18738150596618652,9.843231651984752e-8,-0.9822872281074524,1.782126557436925e-9,1,9.986730731270654e-8,0.9822872281074524,1.696272811102517e-8,-0.18738150596618652],"p":[-503.564453125,64.51555633544922,-457.38232421875]},"j":true},{"t":4.794593811035156,"c":{"r":[-0.21448390185832977,7.89519276622741e-8,-0.9767275452613831,8.671607321097952e-10,1,8.064269252372469e-8,0.9767275452613831,1.6449579476329745e-8,-0.21448390185832977],"p":[-502.63543701171875,66.61453247070312,-457.2132568359375]},"j":false},{"t":4.83582615852356,"c":{"r":[-0.23478391766548157,8.04528266229454e-9,-0.9720475673675537,2.4417148303257363e-9,1,7.686874248236109e-9,0.9720475673675537,-5.687085802286163e-10,-0.23478391766548157],"p":[-501.6601867675781,68.02531433105469,-457.0149841308594]},"j":false},{"t":4.878235816955566,"c":{"r":[-0.261991024017334,-1.382326502152864e-7,-0.9650703072547913,5.200821995288152e-9,1,-1.4464772846167762e-7,0.9650703072547913,-4.29155662118319e-8,-0.261991024017334],"p":[-500.2189636230469,69.37491607666016,-456.6680908203125]},"j":false},{"t":4.919187545776367,"c":{"r":[-0.26890337467193604,-9.31649282165381e-8,-0.963167130947113,1.6977116379379709e-9,1,-9.720166360693838e-8,0.963167130947113,-2.777303542700338e-8,-0.26890337467193604],"p":[-498.8133850097656,70.24417114257812,-456.28070068359375]},"j":false},{"t":4.960753917694092,"c":{"r":[-0.26892009377479553,-1.9453830546467543e-8,-0.9631624817848206,-2.566065138154272e-9,1,-1.948141026275607e-8,0.9631624817848206,-2.767404527759254e-9,-0.26892009377479553],"p":[-497.4086608886719,70.7728042602539,-455.8885498046875]},"j":false},{"t":5.0019690990448,"c":{"r":[-0.2689197361469269,4.6750589177690927e-8,-0.9631626009941101,-6.396200458169687e-9,1,5.032447703001708e-8,0.9631626009941101,1.9693825237254714e-8,-0.2689197361469269],"p":[-496.1444091796875,70.95733642578125,-455.5356140136719]},"j":false},{"t":5.043145179748535,"c":{"r":[-0.2621883749961853,1.204359705297975e-7,-0.9650167226791382,-1.0751253221030765e-8,1,1.2772299839980406e-7,0.9650167226791382,4.386262375533079e-8,-0.2621883749961853],"p":[-494.8795166015625,72.16915130615234,-455.1824951171875]},"j":false},{"t":5.086505889892578,"c":{"r":[-0.24192196130752563,2.2292798718126505e-8,-0.9702957272529602,6.2431332326085e-10,1,2.281960398420324e-8,0.9702957272529602,4.914794793364763e-9,-0.24192196130752563],"p":[-493.7335510253906,73.7750473022461,-454.8782653808594]},"j":false},{"t":5.1294286251068115,"c":{"r":[-0.2010776251554489,-8.666912520993719e-8,-0.9795753359794617,1.656454173826205e-8,1,-9.187643712493809e-8,0.9795753359794617,-3.470051268550378e-8,-0.2010776251554489],"p":[-492.3988037109375,74.84410095214844,-454.55987548828125]},"j":false},{"t":5.159104824066162,"c":{"r":[-0.17364779114723206,-7.82388553943747e-8,-0.9848078489303589,1.460493681548769e-8,1,-8.202104595511628e-8,0.9848078489303589,-2.862582881846265e-8,-0.17364779114723206],"p":[-491.6266174316406,75.30184173583984,-454.4066467285156]},"j":true},{"t":5.169167995452881,"c":{"r":[-0.1736476719379425,-6.367636018467238e-8,-0.9848078489303589,1.1829326851398037e-8,1,-6.674449082311185e-8,0.9848078489303589,-2.3239639546090984e-8,-0.1736476719379425],"p":[-491.3679504394531,75.74137878417969,-454.3586120605469]},"j":true},{"t":5.174168825149536,"c":{"r":[-0.16719967126846313,-4.3819952111334715e-8,-0.9859230518341064,7.585051697844847e-9,1,-4.573193734813685e-8,0.9859230518341064,-1.5124642871455762e-8,-0.16719967126846313],"p":[-490.9651184082031,76.37513732910156,-454.28521728515625]},"j":false},{"t":5.176578998565674,"c":{"r":[-0.16719967126846313,-4.3819952111334715e-8,-0.9859230518341064,7.585051697844847e-9,1,-4.573193734813685e-8,0.9859230518341064,-1.5124642871455762e-8,-0.16719967126846313],"p":[-490.9651184082031,76.37513732910156,-454.28521728515625]},"j":true},{"t":5.219911336898804,"c":{"r":[-0.13938459753990173,-5.189546214978691e-8,-0.9902383089065552,-4.3232888380373424e-9,1,-5.1798501488065085e-8,0.9902383089065552,-2.9388276256980816e-9,-0.13938459753990173],"p":[-489.3880615234375,78.43665313720703,-454.0381164550781]},"j":false},{"t":5.265271425247192,"c":{"r":[-0.13242845237255096,-1.2090362133676535e-7,-0.9911925792694092,-1.2735060117563535e-8,1,-1.2027646789647406e-7,0.9911925792694092,-3.305128393193968e-9,-0.13242845237255096],"p":[-487.7992248535156,80.08600616455078,-453.8172302246094]},"j":false},{"t":5.313292503356934,"c":{"r":[-0.11148286610841751,-1.139473866373919e-7,-0.9937663674354553,-6.742229441414338e-9,1,-1.139057914656405e-7,0.9937663674354553,-5.9983431555110656e-9,-0.11148286610841751],"p":[-486.2059631347656,81.32320404052734,-453.6304931640625]},"j":false},{"t":5.356903791427612,"c":{"r":[-0.11146903783082962,-5.175672512791607e-8,-0.9937679171562195,4.568961209372446e-9,1,-5.259379065591929e-8,0.9937679171562195,-1.0403066852404663e-8,-0.11146903783082962],"p":[-484.7566833496094,82.09026336669922,-453.46783447265625]},"j":false},{"t":5.400506019592285,"c":{"r":[-0.11146903783082962,1.6499431154670674e-8,-0.9937679171562195,1.6984133210939945e-8,1,1.4697824290976769e-8,0.9937679171562195,-1.5239935535760196e-8,-0.11146903783082962],"p":[-483.1624755859375,82.54061889648438,-453.2889099121094]},"j":false},{"t":5.446499347686768,"c":{"r":[-0.11146900802850723,8.459535649762984e-8,-0.9937679171562195,2.937016851944918e-8,1,8.183147315321548e-8,0.9937679171562195,-2.006545862798248e-8,-0.11146900802850723],"p":[-481.5772399902344,82.59905242919922,-453.1109924316406]},"j":false},{"t":5.491379976272583,"c":{"r":[-0.11146900802850723,6.692164333799155e-8,-0.9937679171562195,1.7055835854762336e-8,1,6.54282032996889e-8,0.9937679171562195,-9.656325516971265e-9,-0.11146900802850723],"p":[-480.0506896972656,82.5365982055664,-452.939697265625]},"j":false},{"t":5.535293102264404,"c":{"r":[-0.11146900802850723,-4.240216000539476e-8,-0.9937679171562195,-2.0999376459940322e-8,1,-4.0312613691639854e-8,0.9937679171562195,1.637489965844452e-8,-0.11146900802850723],"p":[-478.67498779296875,81.93229675292969,-452.7853698730469]},"j":false},{"t":5.5805487632751465,"c":{"r":[-0.11146900802850723,-7.414705294195301e-8,-0.9937679171562195,-2.8260034312665994e-8,1,-7.144217306631617e-8,0.9937679171562195,2.0120326738037875e-8,-0.11146900802850723],"p":[-477.16943359375,81.65171813964844,-452.61651611328125]},"j":false},{"t":5.623453140258789,"c":{"r":[-0.11146900802850723,-6.780356720526015e-9,-0.9937679171562195,2.7572384375673664e-9,1,-7.132151758071359e-9,0.9937679171562195,-3.5350691263147382e-9,-0.11146900802850723],"p":[-475.8276062011719,81.8808822631836,-452.4660339355469]},"j":false},{"t":5.666670322418213,"c":{"r":[-0.11146900802850723,6.715696798664794e-8,-0.9937679171562195,3.6799814751020676e-8,1,6.345035785670916e-8,0.9937679171562195,-2.9497726927729673e-8,-0.11146900802850723],"p":[-474.41644287109375,82.47782135009766,-452.3077087402344]},"j":false},{"t":5.708606958389282,"c":{"r":[-0.11146900802850723,8.424692765629516e-8,-0.9937679171562195,4.252552088246375e-8,1,8.000525042461959e-8,0.9937679171562195,-3.334239195851296e-8,-0.11146900802850723],"p":[-473.1308898925781,83.12560272216797,-452.1635437011719]},"j":false},{"t":5.750759840011597,"c":{"r":[-0.11146900802850723,-1.5183807988705667e-8,-0.9937679171562195,-1.0388168547592613e-8,1,-1.411380790017347e-8,0.9937679171562195,8.750176583305347e-9,-0.11146900802850723],"p":[-471.8385009765625,83.78722381591797,-452.0185852050781]},"j":false},{"t":5.792378187179565,"c":{"r":[-0.11146900802850723,-9.757288665923625e-8,-0.9937679171562195,-5.395242297367986