{"v":1,"name":"macro1_macro1_macro2_merged_merged","d":[{"t":0.043547630310058594,"c":{"r":[0.1598825603723526,9.72763114504005e-9,-0.9871360659599304,1.535089555471103e-10,1,9.879260964851255e-9,0.9871360659599304,-1.7310557431926554e-9,0.1598825603723526],"p":[-47.51417922973633,44.1931266784668,-555.4982299804688]},"j":false},{"t":0.08531427383422852,"c":{"r":[0.1598825603723526,1.0513086579067021e-7,-0.9871360659599304,2.003904064906692e-8,1,1.0974653719131311e-7,0.9871360659599304,-3.732781550525033e-8,0.1598825603723526],"p":[-47.106510162353516,44.186851501464844,-555.5641479492188]},"j":false},{"t":0.13086676597595215,"c":{"r":[0.1598825603723526,2.5811864645675087e-8,-0.9871360659599304,6.008681996405585e-9,1,2.7121435763888257e-8,0.9871360659599304,-1.026763118971985e-8,0.1598825603723526],"p":[-45.62803268432617,44.18846130371094,-555.8037109375]},"j":false},{"t":0.17964768409729004,"c":{"r":[0.1598825603723526,-6.050579060001837e-8,-0.9871360659599304,-9.259612632206426e-9,1,-6.27940224262602e-8,0.9871360659599304,1.918016501178954e-8,0.1598825603723526],"p":[-43.900535583496094,44.1959114074707,-556.08349609375]},"j":false},{"t":0.22159242630004883,"c":{"r":[0.1598825603723526,-9.763201092027884e-8,-0.9871360659599304,-1.617734746162114e-8,1,-1.0152449192446511e-7,0.9871360659599304,3.220123900860017e-8,0.1598825603723526],"p":[-42.46094512939453,44.199954986572266,-556.316650390625]},"j":false},{"t":0.2670764923095703,"c":{"r":[0.1598825603723526,1.3842083035342512e-8,-0.9871360659599304,1.61468682868815e-9,1,1.428399176717221e-8,0.9871360659599304,-3.877676846286704e-9,0.1598825603723526],"p":[-40.87739562988281,44.193939208984375,-556.5731201171875]},"j":false},{"t":0.31406331062316895,"c":{"r":[0.1598825603723526,9.115321830677203e-8,-0.9871360659599304,1.4098600509271364e-8,1,9.462458194775536e-8,0.9871360659599304,-2.904605800324589e-8,0.1598825603723526],"p":[-39.293846130371094,44.194740295410156,-556.82958984375]},"j":false},{"t":0.36000871658325195,"c":{"r":[0.1598825603723526,1.590550269270352e-8,-0.9871360659599304,2.882234673151629e-9,1,1.6579601691546486e-8,0.9871360659599304,-5.495946808764529e-9,0.1598825603723526],"p":[-37.714210510253906,44.184600830078125,-557.08544921875]},"j":false},{"t":0.40570712089538574,"c":{"r":[0.1598825603723526,-5.916572476394322e-8,-0.9871360659599304,-8.307808663232663e-9,1,-6.128232854507587e-8,0.9871360659599304,1.7998912582584126e-8,0.1598825603723526],"p":[-36.16305923461914,43.83382034301758,-557.3366088867188]},"j":false},{"t":0.4521911144256592,"c":{"r":[0.1598825603723526,-8.412859386908167e-8,-0.9871360659599304,-1.2215135569704216e-8,1,-8.720336097667314e-8,0.9871360659599304,2.6000297026484986e-8,0.1598825603723526],"p":[-34.618385314941406,43.04942321777344,-557.5867919921875]},"j":false},{"t":0.4995870590209961,"c":{"r":[0.1598825603723526,3.377754964617452e-8,-0.9871360659599304,4.615455129197699e-9,1,3.496527156698903e-8,0.9871360659599304,-1.0146419704426535e-8,0.1598825603723526],"p":[-32.93853759765625,41.85055923461914,-557.85888671875]},"j":false},{"t":0.5229570865631104,"c":{"r":[0.1598825603723526,7.301250093405542e-8,-0.9871360659599304,1.0216083090597294e-8,1,7.561862958027632e-8,0.9871360659599304,-2.2174763358862037e-8,0.1598825603723526],"p":[-32.374351501464844,41.80375671386719,-557.9501953125]},"j":true},{"t":0.5285768508911133,"c":{"r":[0.1598825603723526,9.26174124060708e-8,-0.9871360659599304,1.3014605393379952e-8,1,9.593228611493032e-8,0.9871360659599304,-2.8185086264898018e-8,0.1598825603723526],"p":[-32.094688415527344,42.2432975769043,-557.9954833984375]},"j":true},{"t":0.5385496616363525,"c":{"r":[0.1598825603723526,1.1221395368465892e-7,-0.9871360659599304,1.5811931319831274e-8,1,1.1623727402820805e-7,0.9871360659599304,-3.4192840558944226e-8,0.1598825603723526],"p":[-31.8090763092041,42.669212341308594,-558.041748046875]},"j":true},{"t":0.5449941158294678,"c":{"r":[0.1598825603723526,1.4159307681893551e-7,-0.9871360659599304,2.0005677114909304e-8,1,1.4667850223304413e-7,0.9871360659599304,-4.319966251387086e-8,0.1598825603723526],"p":[-31.377559661865234,43.282535552978516,-558.1116333007812]},"j":false},{"t":0.5913562774658203,"c":{"r":[0.023322420194745064,-1.9325207745168882e-7,-0.9997280240058899,1.3529592557404158e-8,1,-1.9298902032005572e-7,0.9997280240058899,-9.024940794688519e-9,0.023322420194745064],"p":[-29.93370246887207,45.10554122924805,-558.3101806640625]},"j":false},{"t":0.6044650077819824,"c":{"r":[-0.010449660941958427,-2.8184783218421217e-7,-0.9999454021453857,1.1936108990084904e-8,1,-2.8198795121170406e-7,0.9999454021453857,-1.488213552391926e-8,-0.010449660941958427],"p":[-29.496980667114258,45.586021423339844,-558.3306274414062]},"j":true},{"t":0.6380479335784912,"c":{"r":[-0.13762032985687256,-2.9210409024926776e-7,-0.9904850721359253,1.428523788149505e-8,1,-2.968949672776944e-7,0.9904850721359253,-5.500810118519439e-8,-0.13762032985687256],"p":[-28.187992095947266,46.8435173034668,-558.2613525390625]},"j":false},{"t":0.6842124462127686,"c":{"r":[-0.14606720209121704,3.2736508615016646e-8,-0.9892746806144714,3.213888710718038e-9,1,3.261689229816511e-8,0.9892746806144714,1.5848393708495223e-9,-0.14606720209121704],"p":[-26.600120544433594,48.00577163696289,-558.0336303710938]},"j":false},{"t":0.7313158512115479,"c":{"r":[-0.1460815668106079,1.4929449321243737e-7,-0.9892725348472595,-3.86548659747632e-9,1,1.514842011829387e-7,0.9892725348472595,2.5953069027195852e-8,-0.1460815668106079],"p":[-25.013172149658203,48.75587844848633,-557.79931640625]},"j":false},{"t":0.7769477367401123,"c":{"r":[-0.14608165621757507,5.395289193188546e-8,-0.9892725348472595,-4.393659214230183e-9,1,5.518673873439184e-8,0.9892725348472595,1.24082966124206e-8,-0.14608165621757507],"p":[-23.426223754882812,49.09382629394531,-557.5650024414062]},"j":false},{"t":0.8233809471130371,"c":{"r":[-0.14608165621757507,-4.1164970099316633e-8,-0.9892725348472595,-4.9205861607504175e-9,1,-4.088475336061492e-8,0.9892725348472595,-1.1047112113971025e-9,-0.14608165621757507],"p":[-21.839275360107422,49.019615173339844,-557.3306884765625]},"j":false},{"t":0.871598482131958,"c":{"r":[-0.14608165621757507,-1.4467536857409868e-7,-0.9892725348472595,-5.493994148508818e-9,1,-1.4543292081725667e-7,0.9892725348472595,-1.5810023512585758e-8,-0.14608165621757507],"p":[-20.10805892944336,48.46859359741211,-557.0750732421875]},"j":false},{"t":0.9168369770050049,"c":{"r":[-0.14608165621757507,-8.969868048325225e-8,-0.9892725348472595,-1.933162963041468e-9,1,-9.038588899556999e-8,0.9892725348472595,-1.1291295898274711e-8,-0.14608165621757507],"p":[-18.66537857055664,47.63471984863281,-556.862060546875]},"j":false},{"t":0.9636194705963135,"c":{"r":[-0.1393413096666336,1.2795039694424304e-8,-0.9902443885803223,3.51462725589613e-9,1,1.2426534468090722e-8,0.9902443885803223,-1.748810429802461e-9,-0.1393413096666336],"p":[-16.933944702148438,46.184452056884766,-556.60791015625]},"j":false},{"t":1.0086255073547363,"c":{"r":[-0.13225895166397095,7.51126947307057e-8,-0.991215169429779,9.212929086288568e-9,1,7.454909933812814e-8,0.991215169429779,7.277904945368618e-10,-0.13225895166397095],"p":[-15.34423828125,44.42414855957031,-556.3931274414062]},"j":false},{"t":1.0538983345031738,"c":{"r":[-0.13225536048412323,1.348435176851126e-7,-0.991215705871582,1.5008566833785153e-8,1,1.3403595744421182e-7,0.991215705871582,2.8502482596337586e-9,-0.13225536048412323],"p":[-13.75416374206543,42.251686096191406,-556.1809692382812]},"j":false},{"t":1.0944435596466064,"c":{"r":[-0.13225534558296204,1.6588515450166597e-7,-0.991215705871582,1.785329750703113e-8,1,1.6497314447860845e-7,0.991215705871582,4.122110208726326e-9,-0.13225534558296204],"p":[-12.453193664550781,40.16764831542969,-556.0073852539062]},"j":false},{"t":1.139714002609253,"c":{"r":[-0.13225530087947845,3.06397289762117e-8,-0.991215705871582,2.8949906916153623e-9,1,3.052499053524116e-8,0.991215705871582,1.167531737955585e-9,-0.13225530087947845],"p":[-10.863119125366211,37.24581527709961,-555.7952270507812]},"j":false},{"t":1.1866321563720703,"c":{"r":[-0.13225539028644562,-1.0428820473862288e-7,-0.9912156462669373,-1.2028177565071019e-8,1,-1.0360754032490149e-7,0.9912156462669373,-1.7801370377767967e-9,-0.13225539028644562],"p":[-9.27397632598877,33.91182327270508,-555.5831909179688]},"j":false},{"t":1.2305347919464111,"c":{"r":[-0.13225539028644562,-6.180489009466328e-8,-0.9912156462669373,-6.687142839467697e-9,1,-6.146036923837528e-8,0.9912156462669373,-1.5000645170459848e-9,-0.13225539028644562],"p":[-7.687951564788818,32.01313781738281,-555.3713989257812]},"j":false},{"t":1.2783169746398926,"c":{"r":[0.06975765526294708,-1.2227988621660302e-9,-0.9975639581680298,-4.5817678540061024e-9,1,-1.5461788516191177e-9,0.9975639581680298,4.678464282648065e-9,0.06975765526294708],"p":[-6.096191883087158,32.30533218383789,-555.2267456054688]},"j":false},{"t":1.3223495483398438,"c":{"r":[0.24869176745414734,5.936584557275637e-8,-0.9685826897621155,-1.5821639109958596e-8,1,5.722911922134699e-8,0.9685826897621155,1.092154588988592e-9,0.24869176745414734],"p":[-4.510776519775391,32.429115295410156,-555.4322509765625]},"j":false},{"t":1.3703382015228271,"c":{"r":[0.30237096548080444,1.2454221121060982e-7,-0.9531903266906738,-3.471334153459793e-8,1,1.1964651491780387e-7,0.9531903266906738,-3.0892093327850034e-9,0.30237096548080444],"p":[-2.8324196338653564,32.28877639770508,-555.8945922851562]},"j":false},{"t":1.4147546291351318,"c":{"r":[0.34202173352241516,4.871355319124859e-9,-0.9396920204162598,-9.248186105814682e-10,1,4.847382939487943e-9,0.9396920204162598,-7.888657505006336e-10,0.34202173352241516],"p":[-1.4550113677978516,32.180538177490234,-556.360595703125]},"j":false},{"t":1.4596314430236816,"c":{"r":[0.3875163793563843,-9.137823298033254e-8,-0.9218628406524658,2.990798009250284e-8,1,-8.655127459178402e-8,0.9218628406524658,5.9689799769557794e-9,0.3875163793563843],"p":[0.03870011121034622,32.07274627685547,-556.9348754882812]},"j":false},{"t":1.503760814666748,"c":{"r":[0.47562500834465027,-3.581396512686297e-8,-0.8796481490135193,1.02613215702263e-8,1,-3.516568014561017e-8,0.8796481490135193,7.699324733323465e-9,0.47562500834465027],"p":[1.3606914281845093,31.955345153808594,-557.5377807617188]},"j":false},{"t":1.550377607345581,"c":{"r":[0.5299206376075745,3.024733885581554e-8,-0.8480472564697266,-1.851265629682075e-8,1,2.4099012563283395e-8,0.8480472564697266,2.92904411836048e-9,0.5299206376075745],"p":[2.8658950328826904,31.745704650878906,-558.4042358398438]},"j":false},{"t":1.5986840724945068,"c":{"r":[0.5299206376075745,9.026528147160207e-8,-0.8480472564697266,-4.583267099178556e-8,1,7.779944155572593e-8,0.8480472564697266,-2.359260786732875e-9,0.5299206376075745],"p":[4.2112908363342285,31.50800132751465,-559.24462890625]},"j":false},{"t":1.6391675472259521,"c":{"r":[0.5299206376075745,9.110642196219487e-8,-0.8480472564697266,-4.448628132536214e-8,1,7.963262049770492e-8,0.8480472564697266,-4.472501036190124e-9,0.5299206376075745],"p":[5.426422119140625,31.23686981201172,-560.0038452148438]},"j":false},{"t":1.6819698810577393,"c":{"r":[0.5358287692070007,-3.299483708474327e-8,-0.8443266749382019,1.7979864708195237e-8,1,-2.766785378582881e-8,0.8443266749382019,-3.556477057298224e-10,0.5358287692070007],"p":[6.643073558807373,30.975807189941406,-560.7640991210938]},"j":false},{"t":1.729820966720581,"c":{"r":[0.5533930659294128,-7.23563431392904e-8,-0.832920253276825,3.720965935372078e-8,1,-6.214854408881365e-8,0.832920253276825,3.3998925896838728e-9,0.5533930659294128],"p":[8.061089515686035,30.466049194335938,-561.6649169921875]},"j":false},{"t":1.7795796394348145,"c":{"r":[0.6101470589637756,-2.3575947860621227e-9,-0.7922881841659546,-2.5178421569904685e-9,1,-4.914687767865189e-9,0.7922881841659546,4.9935389156985366e-9,0.6101470589637756],"p":[9.435818672180176,29.946369171142578,-562.6217651367188]},"j":false},{"t":1.8269250392913818,"c":{"r":[0.626604437828064,6.145121034251133e-8,-0.779337465763092,-4.116338203630221e-8,1,4.575431589159962e-8,0.779337465763092,3.4103098123239306e-9,0.626604437828064],"p":[10.647795677185059,29.4945011138916,-563.570556640625]},"j":false},{"t":1.8743619918823242,"c":{"r":[0.6743030548095703,1.2503957691478718e-7,-0.7384546995162964,-8.179387123163906e-8,1,9.463778383178578e-8,0.7384546995162964,-3.413477278613186e-9,0.6743030548095703],"p":[11.821897506713867,29.014955520629883,-564.5523071289062]},"j":false},{"t":1.919177770614624,"c":{"r":[0.6946598887443542,-4.945815756940419e-9,-0.7193382978439331,2.9254993982874566e-9,1,-4.050373370034777e-9,0.7193382978439331,7.092080256398958e-10,0.6946598887443542],"p":[12.919137954711914,28.471120834350586,-565.5880126953125]},"j":false},{"t":1.9659969806671143,"c":{"r":[0.6996647715568542,-9.768452002845152e-8,-0.7144712805747986,6.373553418370648e-8,1,-7.43081187692951e-8,0.7144712805747986,6.45356434958444e-9,0.6996647715568542],"p":[13.997882843017578,27.901517868041992,-566.6300048828125]},"j":false},{"t":2.0121989250183105,"c":{"r":[0.6996639370918274,-2.5016495541763106e-8,-0.7144720554351807,1.698734664046242e-8,1,-1.837869056942054e-8,0.7144720554351807,7.219233544297765e-10,0.6996639370918274],"p":[15.066113471984863,27.3204288482666,-567.67529296875]},"j":false},{"t":2.0542540550231934,"c":{"r":[0.6996639370918274,4.08972589127643e-8,-0.7144720554351807,-2.5415690885211006e-8,1,3.2352300394222766e-8,0.7144720554351807,-4.476937931485736e-9,0.6996639370918274],"p":[15.986563682556152,26.613420486450195,-568.57666015625]},"j":false},{"t":2.098020315170288,"c":{"r":[0.6996639370918274,1.1323983528654935e-7,-0.7144720554351807,-7.195444595708977e-8,1,8.803129247780817e-8,0.7144720554351807,-1.0182880316733645e-8,0.6996639370918274],"p":[16.94403076171875,25.86501121520996,-569.5142211914062]},"j":false},{"t":2.148635149002075,"c":{"r":[0.7144737243652344,1.7685418685076115e-9,-0.6996623277664185,-4.833202171816708e-10,1,2.03415595478873e-9,0.6996623277664185,-1.115190051415027e-9,0.7144737243652344],"p":[18.001564025878906,24.778594970703125,-570.5587768554688]},"j":false},{"t":2.193622350692749,"c":{"r":[0.7193410992622375,-1.1580177528003333e-7,-0.694657027721405,7.601467899576164e-8,1,-8.798772199725136e-8,0.694657027721405,1.0489054957929511e-8,0.7193410992622375],"p":[18.958364486694336,24.03446388244629,-571.5355834960938]},"j":false},{"t":2.237335681915283,"c":{"r":[0.7193408608436584,-2.9607130969111495e-8,-0.6946572661399841,1.9317408117558443e-8,1,-2.2617383521605916e-8,0.6946572661399841,2.8506301763542297e-9,0.7193408608436584],"p":[19.897192001342773,23.153337478637695,-572.5070190429688]},"j":false},{"t":2.2844436168670654,"c":{"r":[0.719341516494751,5.6385108138101714e-8,-0.6946566104888916,-3.7246731920959064e-8,1,4.259945285411959e-8,0.6946566104888916,-4.769865835640985e-9,0.719341516494751],"p":[20.837440490722656,22.287742614746094,-573.480712890625]},"j":false},{"t":2.3288116455078125,"c":{"r":[0.719341516494751,9.901739872475446e-8,-0.6946566104888916,-6.525117868250163e-8,1,7.497160225966581e-8,0.6946566104888916,-8.60302229455101e-9,0.719341516494751],"p":[21.750747680664062,21.641265869140625,-574.4263916015625]},"j":false},{"t":2.335836172103882,"c":{"r":[0.719341516494751,9.901739872475446e-8,-0.6946566104888916,-6.525117868250163e-8,1,7.497160225966581e-8,0.6946566104888916,-8.60302229455101e-9,0.719341516494751],"p":[21.750747680664062,21.641265869140625,-574.4263916015625]},"j":true},{"t":2.3478639125823975,"c":{"r":[0.7193414568901062,5.948139403244568e-8,-0.6946566700935364,-3.916855106922412e-8,1,4.506662776293524e-8,0.6946566700935364,-5.209598530342419e-9,0.7193414568901062],"p":[22.124053955078125,22.506717681884766,-574.8128662109375]},"j":true},{"t":2.359590768814087,"c":{"r":[0.7193406820297241,2.9851566551997166e-8,-0.6946574449539185,-1.9621232638655783e-8,1,2.2654642606312336e-8,0.6946574449539185,-2.666371123893896e-9,0.7193406820297241],"p":[22.414379119873047,23.120040893554688,-575.113525390625]},"j":true},{"t":2.376497983932495,"c":{"r":[0.7193413972854614,-1.9489281299911454e-8,-0.6946567296981812,1.2929805670580663e-8,1,-1.466672117089729e-8,0.6946567296981812,1.5686031362704966e-9,0.7193413972854614],"p":[22.919185638427734,24.074121475219727,-575.63623046875]},"j":false},{"t":2.424879789352417,"c":{"r":[0.6853708624839783,-1.2705469032425754e-7,-0.7281941771507263,5.0947271290624485e-8,1,-1.2652793657252914e-7,0.7281941771507263,4.961905375466813e-8,0.6853708624839783],"p":[24.149587631225586,26.016475677490234,-576.88037109375]},"j":false},{"t":2.4456217288970947,"c":{"r":[0.6846188902854919,-1.3359665729240078e-7,-0.728901207447052,2.8193573697876673e-8,1,-1.568042478083953e-7,0.728901207447052,8.680082430601033e-8,0.6846188902854919],"p":[24.5743350982666,26.554927825927734,-577.2802124023438]},"j":true},{"t":2.4718923568725586,"c":{"r":[0.684549868106842,-7.139934865563191e-8,-0.7289660573005676,-9.074793361207867e-9,1,-1.0646791537283207e-7,0.7289660573005676,7.949781632987651e-8,0.684549868106842],"p":[25.3184814453125,27.366077423095703,-577.9791870117188]},"j":false},{"t":2.512434959411621,"c":{"r":[0.6845482587814331,2.4510264040600305e-8,-0.728967547416687,-5.638514721795218e-8,1,-1.9326085620718914e-8,0.728967547416687,5.4332581100879906e-8,0.6845482587814331],"p":[26.27525520324707,28.163732528686523,-578.8778686523438]},"j":false},{"t":2.560188055038452,"c":{"r":[0.6845482587814331,1.5210356707484607e-7,-0.728967547416687,-1.1932436905226496e-7,1,9.660275424039355e-8,0.728967547416687,2.085434402943065e-8,0.6845482587814331],"p":[27.55095100402832,28.79808807373047,-580.0761108398438]},"j":false},{"t":2.6042239665985107,"c":{"r":[0.6845482587814331,8.206554724665693e-8,-0.728967547416687,-4.636270034552581e-8,1,6.904016913722444e-8,0.728967547416687,-1.346442335403708e-8,0.6845482587814331],"p":[28.614030838012695,28.952028274536133,-581.0746459960938]},"j":false},{"t":2.6514220237731934,"c":{"r":[0.6845482587814331,-1.7828033493927364e-9,-0.728967547416687,4.098572503608011e-8,1,3.6042624884657926e-8,0.728967547416687,-5.455017770827908e-8,0.6845482587814331],"p":[29.889726638793945,28.687131881713867,-582.2728881835938]},"j":false},{"t":2.6916539669036865,"c":{"r":[0.6845482587814331,-7.149241554316177e-8,-0.728967547416687,1.1360518215042248e-7,1,8.60918447642689e-9,0.728967547416687,-8.8707892587081e-8,0.6845482587814331],"p":[30.952804565429688,28.09170150756836,-583.2714233398438]},"j":false},{"t":2.7358853816986084,"c":{"r":[0.6845482587814331,-9.469217587820822e-8,-0.728967547416687,1.2419141626196506e-7,1,-1.3275148980085305e-8,0.728967547416687,-8.144403551568757e-8,0.6845482587814331],"p":[32.1221923828125,27.043302536010742,-584.3698120117188]},"j":false},{"t":2.7807459831237793,"c":{"r":[0.664513885974884,-4.2764444430076765e-8,-0.7472759485244751,2.4699163603258967e-8,1,-3.526342240434133e-8,0.7472759485244751,4.975944545293487e-9,0.664513885974884],"p":[33.18733215332031,25.732559204101562,-585.3660888671875]},"j":false},{"t":2.826132297515869,"c":{"r":[0.6586930155754089,-4.4309008018217355e-8,-0.7524118423461914,-4.934889830110478e-8,1,-1.0209140555161866e-7,0.7524118423461914,1.043775910147815e-7,0.6586930155754089],"p":[34.38599395751953,23.897315979003906,-586.4320678710938]},"j":false},{"t":2.871452569961548,"c":{"r":[0.6586907505989075,1.9297971221021726e-8,-0.752413809299469,-7.167200521962513e-8,1,-3.709623186409772e-8,0.752413809299469,7.836194981791778e-8,0.6586907505989075],"p":[35.59258270263672,22.77169418334961,-587.4892578125]},"j":false},{"t":2.9165091514587402,"c":{"r":[0.6586907505989075,8.275618057496104e-8,-0.752413809299469,-9.394288724706712e-8,1,2.7746533959316366e-8,0.752413809299469,5.24075360885945e-8,0.6586907505989075],"p":[36.79956817626953,22.903146743774414,-588.5460205078125]},"j":false},{"t":2.9610722064971924,"c":{"r":[0.6586907505989075,7.667607349048922e-8,-0.752413809299469,-6.027087096072137e-8,1,4.914344486905975e-8,0.752413809299469,1.2978304653188388e-8,0.6586907505989075],"p":[38.006553649902344,22.933317184448242,-589.602783203125]},"j":false},{"t":3.0026328563690186,"c":{"r":[0.6586907505989075,-2.754570971319481e-8,-0.752413809299469,4.716866897069849e-8,1,4.683401666483178e-9,0.752413809299469,-3.857527275386019e-8,0.6586907505989075],"p":[38.99408721923828,22.938552856445312,-590.4674072265625]},"j":false},{"t":3.046710729598999,"c":{"r":[0.6586907505989075,-6.356810189345197e-8,-0.752413809299469,7.062226359266788e-8,1,-2.2660234577642768e-8,0.752413809299469,-3.8211076969218993e-8,0.6586907505989075],"p":[40.201072692871094,22.94000816345215,-591.524169921875]},"j":false},{"t":3.0928852558135986,"c":{"r":[0.6586907505989075,-2.3688237149599445e-8,-0.752413809299469,4.4747894278884814e-9,1,-2.7565596028011896e-8,0.752413809299469,1.4790309421641723e-8,0.6586907505989075],"p":[41.408058166503906,22.940279006958008,-592.5809326171875]},"j":false},{"t":3.1407196521759033,"c":{"r":[0.6586907505989075,1.609811839387021e-8,-0.752413809299469,-6.151758213945868e-8,1,-3.245945734420275e-8,0.752413809299469,6.7667421888018e-8,0.6586907505989075],"p":[42.61504364013672,22.940330505371094,-593.6376953125]},"j":false},{"t":3.1877379417419434,"c":{"r":[0.6586907505989075,4.370797057617892e-8,-0.752413809299469,-9.885179252933085e-8,1,-2.8448161160099517e-8,0.752413809299469,9.31159931383263e-8,0.6586907505989075],"p":[43.93175506591797,22.940336227416992,-594.79052734375]},"j":false},{"t":3.2326364517211914,"c":{"r":[0.6586907505989075,1.369247049076705e-9,-0.752413809299469,1.3626766381946709e-8,1,1.3749178684463459e-8,0.752413809299469,-1.930942339356534e-8,0.6586907505989075],"p":[45.029014587402344,22.940336227416992,-595.751220703125]},"j":false},{"t":3.280060052871704,"c":{"r":[0.6586907505989075,-2.7998613205681977e-8,-0.752413809299469,8.535354822925001e-8,1,3.7509916950284605e-8,0.752413809299469,-8.892862268794488e-8,0.6586907505989075],"p":[46.236000061035156,22.940336227416992,-596.8079833984375]},"j":false},{"t":3.32267427444458,"c":{"r":[0.6586907505989075,-1.1749779815772854e-8,-0.752413809299469,1.9146579433027e-8,1,1.1455062454146514e-9,0.752413809299469,-1.5160685151727193e-8,0.6586907505989075],"p":[47.44298553466797,22.940336227416992,-597.86474609375]},"j":false},{"t":3.370547294616699,"c":{"r":[0.6586907505989075,5.932810243081121e-9,-0.752413809299469,-5.290223725751275e-8,1,-3.842752960281359e-8,0.752413809299469,6.511623240612607e-8,0.6586907505989075],"p":[48.75969696044922,22.940336227416992,-599.017578125]},"j":false},{"t":3.417306900024414,"c":{"r":[0.6586907505989075,1.3815573574049722e-8,-0.752413809299469,-7.454926276295737e-8,1,-4.6901497796625335e-8,0.752413809299469,8.69854730467523e-8,0.6586907505989075],"p":[49.96668243408203,22.940336227416992,-600.0743408203125]},"j":false},{"t":3.4610962867736816,"c":{"r":[0.6586907505989075,8.984298305314553e-10,-0.752413809299469,1.2939871396611125e-8,1,1.2522103354228875e-8,0.752413809299469,-1.798433224564633e-8,0.6586907505989075],"p":[51.063941955566406,22.940336227416992,-601.0350341796875]},"j":false},{"t":3.5046262741088867,"c":{"r":[0.6586907505989075,-9.604177009236992e-9,-0.752413809299469,7.945133972953045e-8,1,5.6790138813767044e-8,0.752413809299469,-9.718741722508639e-8,0.6586907505989075],"p":[52.27092742919922,22.940336227416992,-602.091796875]},"j":false},{"t":3.5495784282684326,"c":{"r":[0.6586907505989075,-3.5663638708882672e-9,-0.752413809299469,1.3161939094175068e-8,1,6.782548744865835e-9,0.752413809299469,-1.4370826306731033e-8,0.6586907505989075],"p":[53.47791290283203,22.940336227416992,-603.1485595703125]},"j":false},{"t":3.59163761138916,"c":{"r":[0.6586907505989075,1.910304359142856e-9,-0.752413809299469,-4.696631705769505e-8,1,-3.857714148125524e-8,0.752413809299469,6.074851199855402e-8,0.6586907505989075],"p":[54.575172424316406,22.940336227416992,-604.1092529296875]},"j":false},{"t":3.634291648864746,"c":{"r":[0.6586907505989075,5.393179680623916e-9,-0.752413809299469,-7.888748143614066e-8,1,-6.189316792415411e-8,0.752413809299469,1.0012448115048755e-7,0.6586907505989075],"p":[55.67243194580078,22.940336227416992,-605.0699462890625]},"j":false},{"t":3.6756978034973145,"c":{"r":[0.6586907505989075,9.48501388542411e-10,-0.752413809299469,1.4554846217151862e-9,1,2.5347961507549144e-9,0.752413809299469,-2.7647735212354974e-9,0.6586907505989075],"p":[56.769691467285156,22.940336227416992,-606.0306396484375]},"j":false},{"t":3.7190306186676025,"c":{"r":[0.6586907505989075,-3.4867551068629155e-9,-0.752413809299469,8.162719211668445e-8,1,6.68253576918687e-8,0.752413809299469,-1.0543467254819916e-7,0.6586907505989075],"p":[57.86695098876953,22.940336227416992,-606.9913330078125]},"j":false},{"t":3.760638475418091,"c":{"r":[0.6586907505989075,-1.958197159979136e-9,-0.752413809299469,3.366985978914272e-8,1,2.6873280489780882e-8,0.752413809299469,-4.303484857359763e-8,0.6586907505989075],"p":[58.964210510253906,22.940336227416992,-607.9520263671875]},"j":false},{"t":3.800682544708252,"c":{"r":[0.6586907505989075,2.280331617976472e-10,-0.752413809299469,-2.838766732793374e-8,1,-2.4548539201418862e-8,0.752413809299469,3.7529169105710025e-8,0.6586907505989075],"p":[60.06147003173828,22.940336227416992,-608.9127197265625]},"j":false},{"t":3.8435678482055664,"c":{"r":[0.6586907505989075,2.409638932832081e-9,-0.752413809299469,-9.031291625660742e-8,1,-7.586070438492243e-8,0.752413809299469,1.1792142373678871e-7,0.6586907505989075],"p":[61.158729553222656,22.940336227416992,-609.8734130859375]},"j":false},{"t":3.8872060775756836,"c":{"r":[0.6586907505989075,7.5376743735589e-10,-0.752413809299469,-1.67034865938831e-8,1,-1.362104828928068e-8,0.752413809299469,2.1539991124086555e-8,0.6586907505989075],"p":[62.25598907470703,22.940336227416992,-610.8341064453125]},"j":false},{"t":3.92803955078125,"c":{"r":[0.6691320538520813,-8.666445894256469e-10,-0.7431435585021973,5.605031105915259e-8,1,4.930193497898472e-8,0.7431435585021973,-7.464293361181262e-8,0.6691320538520813],"p":[63.34595489501953,22.940336227416992,-611.8030395507812]},"j":false},{"t":3.969336748123169,"c":{"r":[0.6691320538520813,-9.908115439216658e-10,-0.7431435585021973,4.8397723162452166e-8,1,4.2244405307201305e-8,0.7431435585021973,-6.423353937634602e-8,0.6691320538520813],"p":[64.4297103881836,22.940336227416992,-612.7789916992188]},"j":false},{"t":4.0099570751190186,"c":{"r":[0.6691320538520813,-9.931369615578944e-11,-0.7431435585021973,-1.2565579687873196e-8,1,-1.1447782277684837e-8,0.7431435585021973,1.6998107810195506e-8,0.6691320538520813],"p":[65.51346588134766,22.940336227416992,-613.7549438476562]},"j":false},{"t":4.050944089889526,"c":{"r":[0.6691320538520813,7.014271385941129e-10,-0.7431435585021973,-6.732140178655754e-8,1,-5.967282845631416e-8,0.7431435585021973,8.995846911830085e-8,0.6691320538520813],"p":[66.48884582519531,22.940336227416992,-614.63330078125]},"j":false},{"t":4.097627639770508,"c":{"r":[0.6691320538520813,4.441472190030993e-10,-0.7431435585021973,-3.0923487770451175e-8,1,-2.7246082723308973e-8,0.7431435585021973,4.12118161818853e-8,0.6691320538520813],"p":[67.78935241699219,22.940336227416992,-615.804443359375]},"j":false},{"t":4.152306079864502,"c":{"r":[0.6743032932281494,-8.211918922640393e-10,-0.7384545207023621,5.979153172575025e-8,1,5.3485265993913345e-8,0.7384545207023621,-8.021861930274099e-8,0.6743032932281494],"p":[69.08985900878906,22.940336227416992,-616.9755859375]},"j":false},{"t":4.198779582977295,"c":{"r":[0.6896201968193054,-2.0381476506514673e-9,-0.7241712212562561,3.2307138297937854e-8,1,2.795127151955512e-8,0.7241712212562561,-4.267166175964121e-8,0.6896201968193054],"p":[70.37784576416016,22.940336227416992,-618.1602783203125]},"j":false},{"t":4.260075569152832,"c":{"r":[0.704635500907898,-1.320987208508484e-9,-0.7095694541931152,-4.8824229992305845e-8,1,-5.0346407931556314e-8,0.7095694541931152,7.012004488160528e-8,0.704635500907898],"p":[71.94171905517578,22.940336227416992,-619.6898193359375]},"j":false},{"t":4.300912141799927,"c":{"r":[0.7193414568901062,1.0718346210580876e-9,-0.6946566700935364,-6.400176744136843e-8,1,-6.473311486843158e-8,0.6946566700935364,9.102447506847966e-8,0.7193414568901062],"p":[72.97156524658203,22.940336227416992,-620.722412109375]},"j":false},{"t":4.348703384399414,"c":{"r":[0.7431464791297913,1.6545631531528215e-9,-0.6691287755966187,1.528565896080636e-8,1,1.9449240440394533e-8,0.6691287755966187,-2.468170912095502e-8,0.7431464791297913],"p":[74.06813049316406,22.940336227416992,-621.8931274414062]},"j":false},{"t":4.391634225845337,"c":{"r":[0.7431464195251465,1.7225981752133634e-10,-0.6691288352012634,5.8325696272731875e-8,1,6.503499605514662e-8,0.6691288352012634,-8.735793244341039e-8,0.7431464195251465],"p":[75.14197540283203,22.940336227416992,-623.0849609375]},"j":false},{"t":4.432698965072632,"c":{"r":[0.7431464791297913,-1.184222941930102e-9,-0.6691287755966187,1.6722774276445307e-8,1,1.6802816915628682e-8,0.6691287755966187,-2.367664464486552e-8,0.7431464791297913],"p":[76.02019500732422,22.940336227416992,-624.060546875]},"j":false},{"t":4.476820707321167,"c":{"r":[0.7431464195251465,-2.838610013711218e-9,-0.6691288352012634,-3.401668635660826e-8,1,-4.202178516266031e-8,0.6691288352012634,5.398988633942281e-8,0.7431464195251465],"p":[77.09357452392578,22.940336227416992,-625.2529296875]},"j":false},{"t":4.517288446426392,"c":{"r":[0.7477996349334717,-3.863794173497581e-9,-0.6639244556427002,-7.974124116572057e-8,1,-9.563477476604021e-8,0.6639244556427002,1.2445781294445624e-7,0.7477996349334717],"p":[78.0652847290039,22.940336227416992,-626.3405151367188]},"j":false},{"t":4.53067684173584,"c":{"r":[0.7477996349334717,-3.0996030186969392e-9,-0.6639244556427002,-6.567992016925928e-8,1,-7.864603190910202e-8,0.6639244556427002,1.0241798520382872e-7,0.7477996349334717],"p":[78.2589340209961,22.940336227416992,-626.5586547851562]},"j":true},{"t":4.538597583770752,"c":{"r":[0.7477996349334717,-2.3357362710640928e-9,-0.6639244556427002,-5.1624613917056195e-8,1,-6.16645507989233e-8,0.6639244556427002,8.038757215445003e-8,0.7477996349334717],"p":[78.45258331298828,23.379873275756836,-626.7767944335938]},"j":true},{"t":4.546491384506226,"c":{"r":[0.7477996349334717,-1.572191821175295e-9,-0.6639244556427002,-3.7575315303683965e-8,1,-4.469032077736301e-8,0.6639244556427002,5.836657734903383e-8,0.7477996349334717],"p":[78.64623260498047,23.805788040161133,-626.9949340820312]},"j":true},{"t":4.560695171356201,"c":{"r":[0.7387205958366394,-3.5787457441927017e-9,-0.674011766910553,-8.923156435969304e-9,1,-1.5089447913396725e-8,0.674011766910553,1.7161198684334522e-8,0.7387205958366394],"p":[79.03465270996094,24.61673927307129,-627.43017578125]},"j":false},{"t":4.604268312454224,"c":{"r":[0.7337343692779541,-4.0996255279424076e-8,-0.679436445236206,7.292938875025357e-8,1,1.841900321153389e-8,0.679436445236206,-6.30655421218762e-8,0.7337343692779541],"p":[80.12210845947266,26.565841674804688,-628.609375]},"j":false},{"t":4.6519081592559814,"c":{"r":[0.7337311506271362,-8.127918960099123e-8,-0.679439902305603,1.5481688819818373e-7,1,4.7560916982547496e-8,0.679439902305603,-1.400857030375846e-7,0.7337311506271362],"p":[81.21202087402344,28.102785110473633,-629.7863159179688]},"j":false},{"t":4.696522951126099,"c":{"r":[0.7337306141853333,-3.258438496800409e-8,-0.6794404983520508,6.485554138180305e-8,1,2.20800924211062e-8,0.6794404983520508,-6.026631638178515e-8,0.7337306141853333],"p":[82.30193328857422,29.227575302124023,-630.9632568359375]},"j":false},{"t":4.739356756210327,"c":{"r":[0.7337316274642944,1.9656066996276422e-8,-0.6794394254684448,-3.233273915270729e-8,1,-5.986532158885893e-9,0.6794394254684448,2.6360645222212042e-8,0.7337316274642944],"p":[83.29276275634766,29.892452239990234,-632.033203125]},"j":false},{"t":4.783389568328857,"c":{"r":[0.7337305545806885,7.699178183884214e-8,-0.6794405579566956,-1.3900027795443748e-7,1,-3.679052795746429e-8,0.6794405579566956,1.2143675576226087e-7,0.7337305545806885],"p":[84.38267517089844,30.230398178100586,-633.2101440429688]},"j":false},{"t":4.8272693157196045,"c":{"r":[0.7337305545806885,4.124012775719166e-8,-0.6794405579566956,-7.61608376365075e-8,1,-2.1549208639726203e-8,0.6794405579566956,6.755807646641188e-8,0.7337305545806885],"p":[85.47258758544922,30.156185150146484,-634.3870849609375]},"j":false},{"t":4.870853662490845,"c":{"r":[0.7337311506271362,3.702073092526348e-10,-0.6794399619102478,-3.791583935708331e-9,1,-3.5496821038094595e-9,0.6794399619102478,5.180665674231477e-9,0.7337311506271362],"p":[86.46341705322266,29.731063842773438,-635.45703125]},"j":false},{"t":4.91357684135437,"c":{"r":[0.7337306141853333,-4.0412544421997154e-8,-0.6794404983520508,6.842325461775545e-8,1,1.4411404514191872e-8,0.6794404983520508,-5.706361605462007e-8,0.7337306141853333],"p":[87.4542465209961,28.96531867980957,-636.5269775390625]},"j":false},{"t":4.955476760864258,"c":{"r":[0.7698786854743958,-1.2056392506565317e-7,-0.6381902694702148,1.2959510797827534e-7,1,-3.2578704178831686e-8,0.6381902694702148,-5.7624689020485675e-8,0.7698786854743958],"p":[88.42943572998047,27.858949661254883,-637.6111450195312]},"j":false},{"t":5.0003297328948975,"c":{"r":[0.8363925218582153,-1.1817894574051024e-7,-0.548130989074707,2.1485410783839143e-8,1,-1.8281890845628368e-7,0.548130989074707,1.4113153667949518e-7,0.8363925218582153],"p":[89.31950378417969,26.41195297241211,-638.7654418945312]},"j":false},{"t":5.044193744659424,"c":{"r":[0.8855749368667603,-8.449788424513827e-8,-0.46449658274650574,3.031046524881731e-9,1,-1.7613405134397908e-7,0.46449658274650574,1.5457199253887666e-7,0.8855749368667603],"p":[90.15917205810547,24.426837921142578,-640.1314086914062]},"j":false},{"t":5.0876336097717285,"c":{"r":[0.9348172545433044,2.7261087609531387e-8,-0.35512906312942505,-5.905497868496923e-9,1,6.121866391595177e-8,0.35512906312942505,-5.513104994747664e-8,0.9348172545433044],"p":[90.84557342529297,23.689327239990234,-641.5799560546875]},"j":false},{"t":5.120842456817627,"c":{"r":[0.9510567784309387,3.9564568510286335e-8,-0.3090161383152008,-9.714637094759837e-9,1,9.81353096562998e-8,0.3090161383152008,-9.033027481564204e-8,0.9510567784309387],"p":[91.19927215576172,23.58270263671875,-642.5374755859375]},"j":true},{"t":5.128421783447266,"c":{"r":[0.9552788734436035,3.402462667168038e-8,-0.2957063317298889,-8.446298771502825e-9,1,8.777646343105516e-8,0.2957063317298889,-8.13533844734593e-8,0.9552788734436035],"p":[91.29724884033203,24.025646209716797,-642.8121337890625]},"j":true},{"t":5.133087158203125,"c":{"r":[0.9631629586219788,2.7466908747442176e-8,-0.2689184546470642,-6.889892656403163e-9,1,7.7461479008889e-8,0.2689184546470642,-7.275520630400933e-8,0.9631629586219788],"p":[91.39522552490234,24.458372116088867,-643.0867919921875]},"j":false},{"t":5.143200159072876,"c":{"r":[0.9683964252471924,1.9963493969044066e-8,-0.24941599369049072,-4.772133799235689e-9,1,6.151240228291499e-8,0.24941599369049072,-5.837814498477201e-8,0.9683964252471924],"p":[91.4861068725586,24.877473831176758,-643.36376953125]},"j":true},{"t":5.17811918258667,"c":{"r":[0.9982399344444275,-6.12464603477747e-8,-0.059304963797330856,3.3744775862487586e-8,1,-4.647346827368892e-7,0.059304963797330856,4.619154765350686e-7,0.9982399344444275],"p":[91.7762222290039,26.594818115234375,-644.6412353515625]},"j":false},{"t":5.2226550579071045,"c":{"r":[0.9931501150131226,2.4719573943343676e-8,0.1168452724814415,2.12500701479712e-8,1,-3.9217746916619944e-7,-0.1168452724814415,3.9197408341351547e-7,0.9931501150131226],"p":[91.86520385742188,28.179384231567383,-646.0899658203125]},"j":false},{"t":5.265470743179321,"c":{"r":[0.9902722239494324,2.1622160062406692e-8,0.13914336264133453,-1.5474132197823565e-8,1,-4.526667041204746e-8,-0.13914336264133453,4.267320719009149e-8,0.9902722239494324],"p":[91.69993591308594,29.52898597717285,-647.6810913085938]},"j":false},{"t":5.308748006820679,"c":{"r":[0.990267813205719,4.6618469085046854e-9,0.13917484879493713,-2.377281482779381e-8,1,1.3565386325353757e-7,-0.13917484879493713,-1.3764223183443391e-7,0.990267813205719],"p":[91.49700164794922,30.398239135742188,-649.1251831054688]},"j":false},{"t":5.3518030643463135,"c":{"r":[0.9921076893806458,-7.467410689798726e-9,0.12538866698741913,-3.3218103823173806e-9,1,8.583714361520833e-8,-0.12538866698741913,-8.55762039009278e-8,0.9921076893806458],"p":[91.30494689941406,30.926868438720703,-650.5706787109375]},"j":false},{"t":5.394607782363892,"c":{"r":[0.9964221715927124,-1.6366771049547424e-8,0.08451513200998306,2.0587968663221545e-8,1,-4.9074508012836304e-8,-0.08451513200998306,5.063892416501403e-8,0.9964221715927124],"p":[91.13610076904297,31.114870071411133,-652.01904296875]},"j":false},{"t":5.435726165771484,"c":{"r":[0.999202311038971,-1.7499287352507054e-8,-0.03993397578597069,1.0178477616307191e-8,1,-1.8352616848460457e-7,0.03993397578597069,1.8297329518190963e-7,0.999202311038971],"p":[91.06956481933594,30.962249755859375,-653.4750366210938]},"j":false},{"t":5.4795615673065186,"c":{"r":[0.9458667039871216,-2.923456747794262e-7,-0.3245553970336914,2.823830769216329e-8,1,-8.184612170225591e-7,0.3245553970336914,7.649903182027629e-7,0.9458667039871216],"p":[91.2183837890625,30.400943756103516,-655.0693969726562]},"j":false},{"t":5.521929740905762,"c":{"r":[0.6577091813087463,-0.0000011853910564241232,-0.7532719373703003,-4.252664353998625e-8,1,-0.00000161078776272916,0.7532719373703003,0.0000010914640142800636,0.6577091813087463],"p":[91.56575012207031,29.781768798828125,-656.3194580078125]},"j":false},{"t":5.567775249481201,"c":{"r":[0.08710438758134842,-6.201838118613523e-7,-0.9961991906166077,5.989671336692481e-8,1,-6.173128213049495e-7,0.9961991906166077,-5.89839821429905e-9,0.08710438758134842],"p":[92.61988830566406,29.16581153869629,-657.3952026367188]},"j":false},{"t":5.598203420639038,"c":{"r":[-0.22903814911842346,-3.728127353497257e-7,-0.9734174609184265,5.9700342447399635e-9,1,-3.84398390451679e-7,0.9734174609184265,-9.385323096466891e-8,-0.22903814911842346],"p":[93.55789947509766,28.552515029907227,-657.6201171875]},"j":true},{"t":5.608525514602661,"c":{"r":[-0.26942166686058044,-1.8143310853702133e-7,-0.9630222916603088,1.4588653840519328e-8,1,-1.9248111016167968e-7,0.9630222916603088,-6.590777701376282e-8,-0.26942166686058044],"p":[93.83751678466797,28.99205207824707,-657.63427734375]},"j":true},{"t":5.614161729812622,"c":{"r":[-0.39259323477745056,-4.585121473610343e-7,-0.9197121858596802,5.381392753633918e-8,1,-5.21510003181902e-7,0.9197121858596802,-2.5423460670026543e-7,-0.39259323477745056],"p":[94.25714874267578,29.62581443786621,-657.6406860351562]},"j":false},{"t":5.6173014640808105,"c":{"r":[-0.39259323477745056,-4.585121473610343e-7,-0.9197121858596802,5.381392753633918e-8,1,-5.21510003181902e-7,0.9197121858596802,-2.5423460670026543e-7,-0.39259323477745056],"p":[94.25714874267578,29.62581443786621,-657.6406860351562]},"j":true},{"t":5.657320261001587,"c":{"r":[-0.5114226937294006,-3.984739578299923e-7,-0.8593292832374573,2.0046925897077017e-8,1,-4.756342377731926e-7,0.8593292832374573,-2.604770656944311e-7,-0.5114226937294006],"p":[95.63605499267578,31.516942977905273,-657.502197265625]},"j":false},{"t":5.7018492221832275,"c":{"r":[-0.5120399594306946,9.788359278672942e-8,-0.8589616417884827,-4.567789702036862e-9,1,1.1667864896480751e-7,0.8589616417884827,6.366768445786875e-8,-0.5120399594306946],"p":[97.0960693359375,33.20376205444336,-657.06884765625]},"j":false},{"t":5.745871543884277,"c":{"r":[-0.47046786546707153,6.994105916646731e-8,-0.8824171423912048,-3.317766728017091e-9,1,8.1029661203047e-8,0.8824171423912048,4.104950690475562e-8,-0.47046786546707153],"p":[98.49964141845703,34.47842788696289,-656.35400390625]},"j":false},{"t":5.790103912353516,"c":{"r":[-0.36327680945396423,-1.384680246019343e-7,-0.9316812753677368,1.0976659581274362e-8,1,-1.529016344647971e-7,0.93168127536