{"d":[{"t":0.05061173439025879,"c":{"r":[-0.9348244667053223,-7.1700139159247559e-9,-0.35511016845703127,-2.7069961827663748e-9,1,-1.3064812343088761e-8,0.35511016845703127,-1.125202420126925e-8,-0.9348244667053223],"p":[833.4630737304688,68.18724822998047,-426.9364318847656]},"j":false},{"t":0.09104371070861817,"c":{"r":[-0.9348241090774536,3.6807431769148027e-8,-0.3551110625267029,1.3253974806559654e-8,1,6.87596042325822e-8,0.3551110625267029,5.9571501509481098e-8,-0.9348241090774536],"p":[833.524169921875,68.18724822998047,-426.77557373046877]},"j":false},{"t":0.131516695022583,"c":{"r":[-0.9420563578605652,4.142484399949353e-8,-0.3354546129703522,1.565265250746961e-8,1,7.953136105243175e-8,0.3354546129703522,6.967226795495663e-8,-0.9420563578605652],"p":[833.9283447265625,68.18788146972656,-425.6930847167969]},"j":false},{"t":0.1723778247833252,"c":{"r":[-0.944375216960907,-3.7342986480837229e-9,-0.32886987924575808,-1.8264522116950844e-9,1,-6.110144390447658e-9,0.32886987924575808,-5.169604300192532e-9,-0.944375216960907],"p":[834.363037109375,68.19384002685547,-424.4549255371094]},"j":false},{"t":0.21956896781921388,"c":{"r":[-0.944375216960907,-5.821647874881819e-8,-0.32886987924575808,-2.314413194426379e-8,1,-1.1055963966555282e-7,0.32886987924575808,-9.679837376097567e-8,-0.944375216960907],"p":[834.8907470703125,68.1990966796875,-422.93994140625]},"j":false},{"t":0.2647428512573242,"c":{"r":[-0.944375216960907,-1.2177277852742919e-8,-0.32886987924575808,-4.642178641489636e-9,1,-2.3697271700484636e-8,0.32886987924575808,-2.085244510396933e-8,-0.944375216960907],"p":[835.41845703125,68.19953155517578,-421.4249572753906]},"j":false},{"t":0.31462979316711428,"c":{"r":[-0.944375216960907,3.792399638768984e-8,-0.32886987924575808,1.549221018137814e-8,1,7.082903152877407e-8,0.32886987924575808,6.179426037533631e-8,-0.944375216960907],"p":[835.994140625,68.1994400024414,-419.7722473144531]},"j":false},{"t":0.3626072406768799,"c":{"r":[-0.944375216960907,3.163098583058854e-8,-0.32886987924575808,1.2779902469617355e-8,1,5.9482381686848387e-8,0.32886987924575808,5.1970761916209088e-8,-0.944375216960907],"p":[836.5674438476563,68.14820861816406,-418.12615966796877]},"j":false},{"t":0.41296887397766116,"c":{"r":[-0.944375216960907,-3.0839697018336668e-8,-0.32886987924575808,-1.2691315554036464e-8,1,-5.733067709456918e-8,0.32886987924575808,-4.9967880499934839e-8,-0.944375216960907],"p":[837.1306762695313,67.6225357055664,-416.50946044921877]},"j":false},{"t":0.4591524600982666,"c":{"r":[-0.944375216960907,-3.948289872823807e-8,-0.32886987924575808,-1.6144314329835653e-8,1,-7.36966541126094e-8,0.32886987924575808,-6.428791010648638e-8,-0.944375216960907],"p":[837.6572265625,66.68122863769531,-414.99774169921877]},"j":false},{"t":0.5078144073486328,"c":{"r":[-0.944375216960907,1.4495965316996262e-8,-0.32886987924575808,6.034782007446893e-9,1,2.674877386255048e-8,0.32886987924575808,2.3276221838841594e-8,-0.944375216960907],"p":[838.23291015625,66.65773010253906,-413.34503173828127]},"j":false},{"t":0.5539038181304932,"c":{"r":[-0.944375216960907,6.38551682641264e-8,-0.32886987924575808,2.6315733592241487e-8,1,1.1859778936695875e-7,0.32886987924575808,1.033463590260908e-7,-0.944375216960907],"p":[838.7606201171875,66.6921157836914,-411.8300476074219]},"j":false},{"t":0.6005289554595947,"c":{"r":[-0.944375216960907,7.305287930137183e-9,-0.32886987924575808,2.975298896146228e-9,1,1.3669507303859519e-8,0.32886987924575808,1.1930657350944785e-8,-0.944375216960907],"p":[839.288330078125,66.69876098632813,-410.3150634765625]},"j":false},{"t":0.6471457481384277,"c":{"r":[-0.9510554075241089,-4.8723794776606158e-8,-0.30902034044265749,-2.1768732594296126e-8,1,-9.067532857898186e-8,0.30902034044265749,-7.951027924946175e-8,-0.9510554075241089],"p":[839.8030395507813,66.69999694824219,-408.7957458496094]},"j":false},{"t":0.6938073635101318,"c":{"r":[-0.9510554075241089,-2.1380195391884628e-8,-0.30902034044265749,-9.674720580221674e-9,1,-3.941164194998237e-8,0.30902034044265749,-3.4492970257815617e-8,-0.9510554075241089],"p":[840.2986450195313,66.70024108886719,-407.2700500488281]},"j":false},{"t":0.7337820529937744,"c":{"r":[-0.9510554075241089,1.6134555025359988e-8,-0.30902034044265749,7.012149083607255e-9,1,3.0631035485839678e-8,0.30902034044265749,2.6964917410055024e-8,-0.9510554075241089],"p":[840.7040405273438,66.70027160644531,-406.021728515625]},"j":true},{"t":0.7419579029083252,"c":{"r":[-0.9510554075241089,2.8623443171227337e-8,-0.30902034044265749,1.2567312523970032e-8,1,5.394865354446665e-8,0.30902034044265749,4.74246029114056e-8,-0.9510554075241089],"p":[840.8391723632813,67.3544692993164,-405.6056213378906]},"j":false},{"t":0.743645429611206,"c":{"r":[-0.9510554075241089,2.8623443171227337e-8,-0.30902034044265749,1.2567312523970032e-8,1,5.394865354446665e-8,0.30902034044265749,4.74246029114056e-8,-0.9510554075241089],"p":[840.8391723632813,67.3544692993164,-405.6056213378906]},"j":true},{"t":0.7520408630371094,"c":{"r":[-0.9510554075241089,3.6944921788517607e-8,-0.30902034044265749,1.626877832450191e-8,1,6.948542363716115e-8,0.30902034044265749,6.105710781412199e-8,-0.9510554075241089],"p":[840.9292602539063,67.77356719970703,-405.3282165527344]},"j":true},{"t":0.7877655029296875,"c":{"r":[-0.9510554075241089,7.434757520741187e-8,-0.30902034044265749,3.290582029080724e-8,1,1.39318700576041e-7,0.30902034044265749,1.2233124380145456e-7,-0.9510554075241089],"p":[841.3346557617188,69.49092102050781,-404.07989501953127]},"j":false},{"t":0.8333477973937988,"c":{"r":[-0.9510554075241089,4.591046121049658e-8,-0.30902034044265749,2.0371018649711915e-8,1,8.5872962074518e-8,0.30902034044265749,7.537488500020118e-8,-0.9510554075241089],"p":[841.8301391601563,71.2152099609375,-402.5541687011719]},"j":false},{"t":0.8815746307373047,"c":{"r":[-0.9531137943267822,-1.0354328061623619e-8,-0.30261215567588808,-4.524302710251504e-9,1,-1.99666558842182e-8,0.30261215567588808,-1.7661387019529685e-8,-0.9531137943267822],"p":[842.3256225585938,72.52734375,-401.0284423828125]},"j":false},{"t":0.9218471050262451,"c":{"r":[-0.9490658640861511,-6.683328024337243e-8,-0.3150777220726013,-2.625396255950818e-8,1,-1.3303555590482575e-7,0.3150777220726013,-1.1798746868407761e-7,-0.9490658640861511],"p":[842.76953125,73.36253356933594,-399.6393127441406]},"j":false},{"t":0.9621119499206543,"c":{"r":[-0.9444600939750671,-5.4322068621104339e-8,-0.32862603664398196,-1.2689814532507171e-8,1,-1.2883045030775976e-7,0.32862603664398196,-1.1750502437735122e-7,-0.9444600939750671],"p":[843.2363891601563,73.85710144042969,-398.25775146484377]},"j":false},{"t":1.0096397399902344,"c":{"r":[-0.94437575340271,-4.326109959151836e-8,-0.32886841893196108,3.182591079564645e-9,1,-1.4068442055759079e-7,0.32886841893196108,-1.3390560127390928e-7,-0.94437575340271],"p":[843.7634887695313,74.00770568847656,-396.74261474609377]},"j":false},{"t":1.0505712032318116,"c":{"r":[-0.94205641746521,2.0227689745411227e-8,-0.33545446395874026,9.499249387090459e-9,1,3.3622630013496749e-8,0.33545446395874026,2.8487848524605398e-8,-0.94205641746521],"p":[844.2470092773438,74.22115325927735,-395.3674621582031]},"j":false},{"t":1.0981981754302979,"c":{"r":[-0.9420560002326965,3.100193879390645e-8,-0.33545562624931338,3.149048355410855e-9,1,8.357397263125677e-8,0.33545562624931338,7.767499710098491e-8,-0.9420560002326965],"p":[844.7847900390625,74.24881744384766,-393.8568420410156]},"j":false},{"t":1.1473851203918458,"c":{"r":[-0.94205641746521,1.728830056890729e-8,-0.3354544937610626,-1.0096816716043122e-8,1,7.98918264877102e-8,0.3354544937610626,7.864963436077233e-8,-0.94205641746521],"p":[845.4203491210938,74.19207000732422,-392.0715637207031]},"j":false},{"t":1.1946420669555665,"c":{"r":[-0.94205641746521,5.714235307152649e-9,-0.3354544937610626,-2.127616305358515e-8,1,7.678413282974361e-8,0.3354544937610626,7.947216573711558e-8,-0.94205641746521],"p":[845.9581298828125,74.14398193359375,-390.5609436035156]},"j":false},{"t":1.2348268032073975,"c":{"r":[-0.94205641746521,-3.735247666725172e-9,-0.3354544937610626,-3.0403384698729499e-8,1,7.424689840718202e-8,0.3354544937610626,8.014372099296452e-8,-0.94205641746521],"p":[846.3981323242188,74.1046371459961,-389.3249816894531]},"j":false},{"t":1.2750470638275147,"c":{"r":[-0.94205641746521,-1.4213391352768668e-8,-0.3354544937610626,-4.0524177791212426e-8,1,7.143344760152104e-8,0.3354544937610626,8.088835556918639e-8,-0.94205641746521],"p":[846.8870239257813,74.06092071533203,-387.9516906738281]},"j":false},{"t":1.3228099346160889,"c":{"r":[-0.9488745331764221,-2.741544768980475e-8,-0.3156534433364868,-5.164728378304062e-8,1,6.840206623337508e-8,0.3156534433364868,8.120761663121812e-8,-0.9488745331764221],"p":[847.4234008789063,74.01285552978516,-386.4405822753906]},"j":false},{"t":1.3723547458648682,"c":{"r":[-0.9593127369880676,-4.2759111806844888e-8,-0.2823456823825836,-6.386147788361996e-8,1,6.553673870257626e-8,0.2823456823825836,8.090123770898572e-8,-0.9593127369880676],"p":[847.9593505859375,73.96220397949219,-384.7755126953125]},"j":false},{"t":1.4221279621124268,"c":{"r":[-0.9631615281105042,-5.63744180226422e-8,-0.2689235210418701,-7.610048413653203e-8,1,6.292733445434351e-8,0.2689235210418701,8.107439697369046e-8,-0.9631615281105042],"p":[848.4721069335938,73.76875305175781,-383.1031188964844]},"j":false},{"t":1.471651315689087,"c":{"r":[-0.9685821533203125,-7.051635719790284e-8,-0.24869370460510255,-8.836395437583633e-8,1,6.06022467763978e-8,0.24869370460510255,8.067381429555098e-8,-0.9685821533203125],"p":[848.9296264648438,74.54979705810547,-381.41400146484377]},"j":false},{"t":1.5158722400665284,"c":{"r":[-0.9702945947647095,-8.143152285811084e-8,-0.24192635715007783,-9.857934912815836e-8,1,5.8776105760216527e-8,0.24192635715007783,8.087908298648472e-8,-0.9702945947647095],"p":[849.2908325195313,74.69768524169922,-380.0010681152344]},"j":false},{"t":1.5682523250579835,"c":{"r":[-0.9702945947647095,-9.485514596008216e-8,-0.24192635715007783,-1.118350141382507e-7,1,5.645421552458174e-8,0.24192635715007783,8.183305766351623e-8,-0.9702945947647095],"p":[849.74951171875,74.71553039550781,-378.1614685058594]},"j":false},{"t":1.6158561706542969,"c":{"r":[-0.9702945947647095,-1.0618447277011e-7,-0.24192635715007783,-1.230225734616397e-7,1,5.4494563528351139e-8,0.24192635715007783,8.263818784826072e-8,-0.9702945947647095],"p":[850.1375732421875,74.71553039550781,-376.6048583984375]},"j":false},{"t":1.664388656616211,"c":{"r":[-0.9634015560150147,-1.1843834357705419e-7,-0.2680623531341553,-1.345460702850687e-7,1,4.1719978582932529e-8,0.2680623531341553,7.625983045045359e-8,-0.9634015560150147],"p":[850.5624389648438,74.562255859375,-374.9071044921875]},"j":false},{"t":1.7073767185211182,"c":{"r":[-0.8952648043632507,-2.2509277641802329e-7,-0.4455344080924988,1.858320963776805e-8,1,-5.425611675491382e-7,0.4455344080924988,-4.940153530696989e-7,-0.8952648043632507],"p":[851.0602416992188,74.00022888183594,-373.3841247558594]},"j":false},{"t":1.749089002609253,"c":{"r":[-0.8211733102798462,1.0041949849437515e-7,-0.5706788897514343,-1.331070631493958e-8,1,1.95118303736308e-7,0.5706788897514343,1.6782207978849329e-7,-0.8211733102798462],"p":[851.7158813476563,73.23382568359375,-372.2494201660156]},"j":false},{"t":1.7967593669891358,"c":{"r":[-0.8211470246315002,-1.4453334529207496e-8,-0.5707167387008667,-2.1023659257934925e-8,1,4.923950580604242e-9,0.5707167387008667,1.604184163284117e-8,-0.8211470246315002],"p":[852.7129516601563,72.15605163574219,-370.81121826171877]},"j":false},{"t":1.8093535900115967,"c":{"r":[-0.8211470246315002,-4.6601233094634156e-8,-0.5707167387008667,-2.1981710673912859e-8,1,-5.002659975161805e-8,0.5707167387008667,-2.853386149581638e-8,-0.8211470246315002],"p":[852.9627075195313,72.02623748779297,-370.45196533203127]},"j":true},{"t":1.8187916278839112,"c":{"r":[-0.8211470246315002,-6.802172691777742e-8,-0.5707167387008667,-2.2620076478574448e-8,1,-8.664073192221622e-8,0.5707167387008667,-5.8235123390204538e-8,-0.8211470246315002],"p":[853.1292114257813,72.46577453613281,-370.21246337890627]},"j":true},{"t":1.828077793121338,"c":{"r":[-0.8211470246315002,-8.94330653977704e-8,-0.5707167387008667,-2.3258174053353288e-8,1,-1.2323923215262767e-7,0.5707167387008667,-8.792369499133201e-8,-0.8211470246315002],"p":[853.2957153320313,72.89168548583985,-369.97296142578127]},"j":true},{"t":1.8469064235687256,"c":{"r":[-0.8211470246315002,-8.182996680261567e-8,-0.5707167387008667,-1.4097510714350392e-8,1,-1.2309756414197182e-7,0.5707167387008667,-9.303550996264676e-8,-0.8211470246315002],"p":[853.7119750976563,73.89686584472656,-369.37420654296877]},"j":false},{"t":1.895993709564209,"c":{"r":[-0.8358038067817688,-7.572165117153418e-8,-0.5490282773971558,9.65189439483538e-9,1,-1.5261279884271063e-7,0.5490282773971558,-1.32853514855924e-7,-0.8358038067817688],"p":[854.7109985351563,75.96184539794922,-367.93719482421877]},"j":false},{"t":1.9370384216308594,"c":{"r":[-0.8817384839057922,-7.832427684206778e-8,-0.4717385768890381,1.0451364218511117e-8,1,-1.8556814040948667e-7,0.4717385768890381,-1.6855287299222255e-7,-0.8817384839057922],"p":[855.4793090820313,77.30797576904297,-366.6983337402344]},"j":false},{"t":1.978175401687622,"c":{"r":[-0.9183791875839233,-7.836637649916156e-8,-0.39570152759552,1.1156518375798896e-8,1,-2.239371923451472e-7,0.39570152759552,-2.100739067145696e-7,-0.9183791875839233],"p":[856.1361694335938,78.31348419189453,-365.3971252441406]},"j":false},{"t":2.019834041595459,"c":{"r":[-0.9245305061340332,-5.262946345396813e-8,-0.3811080753803253,7.388460065982372e-9,1,-1.56019567043586e-7,0.3811080753803253,-1.4706066053804535e-7,-0.9245305061340332],"p":[856.6981811523438,78.97836303710938,-364.0514831542969]},"j":false},{"t":2.064436435699463,"c":{"r":[-0.9245447516441345,-3.624897004783634e-8,-0.38107356429100039,4.150718435624867e-9,1,-1.0519358539795576e-7,0.38107356429100039,-9.88379085242741e-8,-0.9245447516441345],"p":[857.309814453125,79.3163070678711,-362.5683898925781]},"j":false},{"t":2.105964183807373,"c":{"r":[-0.9271115064620972,-2.2344373462601653e-8,-0.3747856020927429,1.6930874480181047e-9,1,-6.380729189459089e-8,0.3747856020927429,-5.97910201349805e-8,-0.9271115064620972],"p":[857.8624877929688,79.26587677001953,-361.21881103515627]},"j":false},{"t":2.1524405479431154,"c":{"r":[-0.9297648072242737,-1.2601262255884649e-8,-0.3681540787220001,1.837511531821434e-10,1,-3.469228815333736e-8,0.3681540787220001,-3.232331735603111e-8,-0.9297648072242737],"p":[858.4046020507813,78.87481689453125,-359.864990234375]},"j":false},{"t":2.1937990188598635,"c":{"r":[-0.9372430443763733,-3.0037778486757819e-8,-0.34867677092552187,3.683043203750458e-9,1,-9.604794115602999e-8,0.34867677092552187,-9.130445732807857e-8,-0.9372430443763733],"p":[858.9251708984375,78.14313507080078,-358.5027770996094]},"j":false},{"t":2.2388641834259035,"c":{"r":[-0.9396904110908508,-3.619618027528304e-8,-0.3420262336730957,5.306262096382852e-9,1,-1.2040720775985393e-7,0.3420262336730957,-1.1496037188862829e-7,-0.9396904110908508],"p":[859.4782104492188,76.94485473632813,-356.99700927734377]},"j":false},{"t":2.289130687713623,"c":{"r":[-0.9228056073188782,-5.0810996299333058e-8,-0.38526588678359988,6.809074193370179e-9,1,-1.4819492832884863e-7,0.38526588678359988,-1.393784145875543e-7,-0.9228056073188782],"p":[860.097412109375,75.16758728027344,-355.3603515625]},"j":false},{"t":2.331866979598999,"c":{"r":[-0.8832016587257385,-4.151802102114743e-8,-0.4689934253692627,5.9608851188386328e-9,1,-9.975125436767485e-8,0.4689934253692627,-9.089608710155517e-8,-0.8832016587257385],"p":[860.7800903320313,73.10753631591797,-353.9095764160156]},"j":false},{"t":2.3745641708374025,"c":{"r":[-0.8553635478019714,4.565005440326786e-8,-0.518028199672699,-1.2541484295525152e-8,1,1.0883110235226923e-7,0.518028199672699,9.958699820344919e-8,-0.8553635478019714],"p":[861.41796875,71.11547088623047,-352.76263427734377]},"j":false},{"t":2.3776307106018068,"c":{"r":[-0.8553635478019714,4.565005440326786e-8,-0.518028199672699,-1.2541484295525152e-8,1,1.0883110235226923e-7,0.518028199672699,9.958699820344919e-8,-0.8553635478019714],"p":[861.41796875,71.11547088623047,-352.76263427734377]},"j":true},{"t":2.386500835418701,"c":{"r":[-0.8517255187034607,4.1808778661334148e-8,-0.5239882469177246,-1.0044828968602815e-8,1,9.611706985879209e-8,0.5239882469177246,8.712873267313626e-8,-0.8517255187034607],"p":[861.626708984375,70.39013671875,-352.3951721191406]},"j":true},{"t":2.3961288928985597,"c":{"r":[-0.8517249226570129,3.8786762246445508e-8,-0.523989200592041,-8.381308091998108e-9,1,8.76455743537008e-8,0.523989200592041,7.904163368266382e-8,-0.8517249226570129],"p":[861.763427734375,70.82967376708985,-352.1545104980469]},"j":true},{"t":2.4044740200042726,"c":{"r":[-0.8481786847114563,3.6010700199540227e-8,-0.5297102332115173,-6.606315050561307e-9,1,7.855999939465619e-8,0.5297102332115173,7.013235148178865e-8,-0.8481786847114563],"p":[861.9068603515625,71.25558471679688,-351.91064453125]},"j":true},{"t":2.4268453121185304,"c":{"r":[-0.8337786197662354,6.7497922806580849e-9,-0.5520989298820496,1.6406511704758487e-9,1,9.747985529884318e-9,0.5520989298820496,7.221860442996331e-9,-0.8337786197662354],"p":[862.3693237304688,72.45158386230469,-351.1708068847656]},"j":false},{"t":2.477954387664795,"c":{"r":[-0.792880117893219,-8.457497102654088e-8,-0.6093776822090149,1.0198349720269562e-8,1,-1.5205847603283474e-7,0.6093776822090149,-1.267787865799619e-7,-0.792880117893219],"p":[863.3817138671875,74.4756851196289,-349.744140625]},"j":false},{"t":2.5240118503570558,"c":{"r":[-0.7838706374168396,-7.640649357654184e-8,-0.6209241151809692,4.24252721842322e-9,1,-1.2840874319408614e-7,0.6209241151809692,-1.032901337794101e-7,-0.7838706374168396],"p":[864.456787109375,76.00929260253906,-348.3633728027344]},"j":false},{"t":2.614508628845215,"c":{"r":[-0.7836927175521851,2.3955003314313218e-8,-0.6211487054824829,-8.13339617877773e-9,1,4.882741677647573e-8,0.6211487054824829,4.3317740505699479e-8,-0.7836927175521851],"p":[866.35888671875,77.5128402709961,-345.96331787109377]},"j":false},{"t":2.660518169403076,"c":{"r":[-0.7836908102035523,7.636020882273442e-8,-0.6211510896682739,-1.4592076880148852e-8,1,1.413438468489403e-7,0.6211510896682739,1.1983375713953138e-7,-0.7836908102035523],"p":[867.355224609375,77.70091247558594,-344.7061462402344]},"j":false},{"t":2.7062952518463136,"c":{"r":[-0.7836912870407105,4.990966573359401e-8,-0.621150553226471,-7.736881357800485e-9,1,9.011179713525053e-8,0.621150553226471,7.542559643525237e-8,-0.7836912870407105],"p":[868.3515625,77.47682189941406,-343.448974609375]},"j":false},{"t":2.7478370666503908,"c":{"r":[-0.7965105772018433,-3.455804886698388e-8,-0.6046245694160461,3.86421339371168e-9,1,-6.224678372745984e-8,0.6046245694160461,-5.1916618559744168e-8,-0.7965105772018433],"p":[869.2411499023438,76.91545104980469,-342.29345703125]},"j":false},{"t":2.7911880016326906,"c":{"r":[-0.7965279221534729,-6.703103849758918e-8,-0.6046018004417419,8.568797227326286e-9,1,-1.2215697609008203e-7,0.6046018004417419,-1.0248215431829522e-7,-0.7965279221534729],"p":[870.1231079101563,76.01345825195313,-341.1319580078125]},"j":false},{"t":2.83577823638916,"c":{"r":[-0.7965278625488281,-5.742744590975235e-8,-0.6046018004417419,8.052217559395558e-9,1,-1.0559224250528132e-7,0.6046018004417419,-8.897554693021448e-8,-0.7965278625488281],"p":[871.1814575195313,74.48143768310547,-339.7381591796875]},"j":false},{"t":2.8846237659454347,"c":{"r":[-0.7965277433395386,-4.784847007499593e-8,-0.6046019792556763,7.536954171882826e-9,1,-8.906994253266021e-8,0.6046019792556763,-7.55035358679379e-8,-0.7965277433395386],"p":[872.2398071289063,72.45891571044922,-338.3443603515625]},"j":false},{"t":2.9326133728027345,"c":{"r":[-0.8283856511116028,-6.821280607027802e-8,-0.5601581931114197,9.399801825793475e-9,1,-1.3567500900535379e-7,0.5601581931114197,-1.1765661156459828e-7,-0.8283856511116028],"p":[873.196533203125,70.17404174804688,-337.05682373046877]},"j":false},{"t":2.9818553924560549,"c":{"r":[-0.8822458386421204,-7.510239896646454e-8,-0.47078898549079897,8.12181610854168e-9,1,-1.7474461344590964e-7,0.47078898549079897,-1.5799136576788443e-7,-0.8822458386421204],"p":[874.0490112304688,67.47702026367188,-335.6986999511719]},"j":false},{"t":3.0223963260650636,"c":{"r":[-0.9163573980331421,-3.831952533062122e-9,-0.40036123991012576,4.645723361562659e-9,1,-2.0204492301445499e-8,0.40036123991012576,-2.0374502085473979e-8,-0.9163573980331421],"p":[874.66943359375,68.27928161621094,-334.6014709472656]},"j":false},{"t":3.069413661956787,"c":{"r":[-0.9245444536209106,3.57561091846037e-8,-0.3810742497444153,3.799860870401517e-9,1,8.461072553700433e-8,0.3810742497444153,7.677834190644717e-8,-0.9245444536209106],"p":[875.3280029296875,70.11356353759766,-333.1187438964844]},"j":false},{"t":3.1182823181152345,"c":{"r":[-0.9396914839744568,1.369867597134089e-8,-0.3420232832431793,-3.137461845881262e-9,1,4.867189673518624e-8,0.3420232832431793,4.6809653042600988e-8,-0.9396914839744568],"p":[875.9118041992188,70.5000991821289,-331.6247253417969]},"j":false},{"t":3.1647844314575197,"c":{"r":[-0.9510553479194641,-6.710284328192984e-9,-0.3090205490589142,-1.130572435670274e-8,1,1.3080311944690948e-8,0.3090205490589142,1.5933801833512008e-8,-0.9510553479194641],"p":[876.4403686523438,70.46855163574219,-330.11016845703127]},"j":false},{"t":3.2067511081695558,"c":{"r":[-0.9573185443878174,-2.4284956268161296e-8,-0.28903499245643618,-1.9637877102240965e-8,1,-1.897781665149978e-8,0.28903499245643618,-1.2491782719337153e-8,-0.9573185443878174],"p":[876.8797607421875,70.08368682861328,-328.7196960449219]},"j":true},{"t":3.2145416736602785,"c":{"r":[-0.9573185443878174,-2.7760608034554936e-8,-0.28903499245643618,-2.1337962508027887e-8,1,-2.5371946321683937e-8,0.28903499245643618,-1.8121616207622538e-8,-0.9573185443878174],"p":[876.96435546875,70.52322387695313,-328.4405822753906]},"j":false},{"t":3.2163591384887697,"c":{"r":[-0.9573185443878174,-2.7760608034554936e-8,-0.28903499245643618,-2.1337962508027887e-8,1,-2.5371946321683937e-8,0.28903499245643618,-1.8121616207622538e-8,-0.9573185443878174],"p":[876.96435546875,70.52322387695313,-328.4405822753906]},"j":true},{"t":3.2249839305877687,"c":{"r":[-0.9573185443878174,-3.2971300356621217e-8,-0.28903499245643618,-2.3886730815547709e-8,1,-3.49580204783706e-8,0.28903499245643618,-2.6561860266838268e-8,-0.9573185443878174],"p":[877.0908813476563,71.156982421875,-328.0217590332031]},"j":true},{"t":3.2601077556610109,"c":{"r":[-0.9573186635971069,-4.685015753125299e-8,-0.2890346050262451,-3.067547282853411e-8,1,-6.049087630799477e-8,0.2890346050262451,-4.904277162154358e-8,-0.9573186635971069],"p":[877.4282836914063,72.6971435546875,-326.9048156738281]},"j":false},{"t":3.309880018234253,"c":{"r":[-0.9573181867599487,-6.762415694083757e-8,-0.2890360653400421,-4.083684856936998e-8,1,-9.870841921610918e-8,0.2890360653400421,-8.269204698763133e-8,-0.9573181867599487],"p":[877.9343872070313,74.59862518310547,-325.2294006347656]},"j":false},{"t":3.3221795558929445,"c":{"r":[-0.9573183059692383,-7.10812741999689e-8,-0.2890357971191406,-4.252788698977383e-8,1,-1.0506848724389784e-7,0.2890357971191406,-8.82918982370029e-8,-0.9573183059692383],"p":[878.0187377929688,74.86785125732422,-324.9501647949219]},"j":true},{"t":3.3593363761901857,"c":{"r":[-0.9533411264419556,-9.051543514715377e-8,-0.3018952012062073,-5.081842147092175e-8,1,-1.3934685227923183e-7,0.3018952012062073,-1.1750324802051182e-7,-0.9533411264419556],"p":[878.4404907226563,76.00960540771485,-323.5539855957031]},"j":false},{"t":3.4075052738189699,"c":{"r":[-0.9224463105201721,-6.857695922235507e-8,-0.3861254155635834,5.282846382570483e-10,1,-1.7886486602947117e-7,0.3861254155635834,-1.6519722123575776e-7,-0.9224463105201721],"p":[878.9596557617188,76.87210845947266,-322.03662109375]},"j":false},{"t":3.4554388523101808,"c":{"r":[-0.9078007936477661,-4.3895955315065296e-8,-0.4194015860557556,1.793121917614826e-8,1,-1.4347568821904134e-7,0.4194015860557556,-1.3776772789242387e-7,-0.9078007936477661],"p":[879.6666259765625,77.34296417236328,-320.43609619140627]},"j":false},{"t":3.5024075508117677,"c":{"r":[-0.9077762961387634,-2.189658232509828e-8,-0.4194546043872833,2.641689533788849e-8,1,-1.0937348804418434e-7,0.4194546043872833,-1.1036735259040143e-7,-0.9077762961387634],"p":[880.33935546875,77.34369659423828,-318.9798583984375]},"j":false},{"t":3.5501761436462404,"c":{"r":[-0.9160935282707214,-2.1310031517174368e-9,-0.4009645879268646,3.6930728697370799e-8,1,-8.969122688995412e-8,0.4009645879268646,-9.697347280734903e-8,-0.9160935282707214],"p":[881.0669555664063,76.87442779541016,-317.3883361816406]},"j":false},{"t":3.5972442626953127,"c":{"r":[-0.9107968211174011,-1.081989431384045e-8,-0.412854939699173,5.031171212976915e-8,1,-1.371998621380044e-7,0.412854939699173,-1.45732641954055e-7,-0.9107968211174011],"p":[881.7139892578125,76.01337432861328,-315.9203796386719]},"j":false},{"t":3.6451079845428469,"c":{"r":[-0.877074122428894,-5.999977759074682e-8,-0.48035502433776858,2.040594893060188e-8,1,-1.6216613119013346e-7,0.48035502433776858,-1.5203382019990387e-7,-0.877074122428894],"p":[882.46044921875,74.60397338867188,-314.3377990722656]},"j":false},{"t":3.6924264430999758,"c":{"r":[-0.7629805207252502,-2.5582826879144707e-7,-0.646421492099762,2.6004501663123848e-8,1,-4.2645422126952328e-7,0.646421492099762,-3.421861265451298e-7,-0.7629805207252502],"p":[883.3043212890625,72.88113403320313,-312.976806640625]},"j":false},{"t":3.7319960594177248,"c":{"r":[-0.7524543404579163,-1.1445131775644768e-7,-0.658644437789917,8.777722548813927e-9,1,-1.8379590471795383e-7,0.658644437789917,-1.4407942217076198e-7,-0.7524543404579163],"p":[884.1498413085938,71.16498565673828,-311.9741516113281]},"j":true},{"t":3.73994517326355,"c":{"r":[-0.7524300813674927,-7.2900725456293e-8,-0.6586721539497376,3.909895074372116e-9,1,-1.1514476483398539e-7,0.6586721539497376,-8.921372085524126e-8,-0.7524300813674927],"p":[884.4380493164063,70.5316162109375,-311.6449279785156]},"j":false},{"t":3.74971342086792,"c":{"r":[-0.7524160146713257,-4.5213965904622458e-8,-0.6586881875991821,6.681844522127278e-10,1,-6.940570784763622e-8,0.6586881875991821,-5.2662088023680556e-8,-0.7524160146713257],"p":[884.6268310546875,70.42100524902344,-311.4292907714844]},"j":true},{"t":3.7849576473236086,"c":{"r":[-0.7836911678314209,6.364448523754618e-8,-0.6211506724357605,-8.772713222526818e-9,1,1.1353056095231295e-7,0.6211506724357605,9.442207726806373e-8,-0.7836911678314209],"p":[885.3231201171875,70.40290832519531,-310.6267395019531]},"j":false},{"t":3.7964799404144289,"c":{"r":[-0.7965275049209595,6.335001501156512e-8,-0.6046023368835449,-5.612567299806415e-9,1,1.1217387196893469e-7,0.6046023368835449,9.274294399119754e-8,-0.7965275049209595],"p":[885.5403442382813,70.40290069580078,-310.3553771972656]},"j":true},{"t":3.8068506717681886,"c":{"r":[-0.8171423077583313,6.120544071563927e-8,-0.5764359831809998,-3.5397591524599649e-9,1,1.1119696097239285e-7,0.5764359831809998,9.290418745422358e-8,-0.8171423077583313],"p":[885.6846313476563,70.84243774414063,-310.1738586425781]},"j":true},{"t":3.816009759902954,"c":{"r":[-0.8286150097846985,5.7448463763876137e-8,-0.5598188638687134,-1.2720160480483856e-9,1,1.0450251153315549e-7,0.5598188638687134,8.730444989168973e-8,-0.8286150097846985],"p":[885.831787109375,71.26834869384766,-309.9854736328125]},"j":true},{"t":3.8246970176696779,"c":{"r":[-0.8362548351287842,4.4573734925279498e-8,-0.5483410358428955,1.785492642625286e-9,1,7.856535688688382e-8,0.5483410358428955,6.472159697068492e-8,-0.8362548351287842],"p":[885.9819946289063,71.6806411743164,-309.78765869140627]},"j":true},{"t":3.831468105316162,"c":{"r":[-0.8438282608985901,2.1586526344208324e-8,-0.5366133451461792,5.463262731097984e-9,1,3.163631845382042e-8,0.5366133451461792,2.376395791259256e-8,-0.8438282608985901],"p":[886.1343383789063,72.07930755615235,-309.58013916015627]},"j":false},{"t":3.878321409225464,"c":{"r":[-0.851708173751831,-5.914931122674716e-8,-0.5240164399147034,7.499072474104196e-9,1,-1.2506541224865942e-7,0.5240164399147034,-1.1044887315847518e-7,-0.851708173751831],"p":[887.0551147460938,74.1851577758789,-308.1561584472656]},"j":false},{"t":3.9260942935943605,"c":{"r":[-0.8589512705802918,-8.352559177637886e-8,-0.512057363986969,-9.926315325259339e-10,1,-1.6145256154231903e-7,0.512057363986969,-1.381716003834299e-7,-0.8589512705802918],"p":[887.8828125,75.68463897705078,-306.7820129394531]},"j":false},{"t":3.97298002243042,"c":{"r":[-0.8623853325843811,-5.587188667277587e-8,-0.5062524676322937,-4.585319679506483e-9,1,-1.0255273252823827e-7,0.5062524676322937,-8.611863933083441e-8,-0.8623853325843811],"p":[888.7039184570313,76.77196502685547,-305.40399169921877]},"j":false},{"t":4.019594669342041,"c":{"r":[-0.9151056408882141,-6.791352546997587e-8,-0.4032142162322998,8.597947243060844e-9,1,-1.8794365530538926e-7,0.4032142162322998,-1.754551135491056e-7,-0.9151056408882141],"p":[889.5376586914063,77.48806762695313,-303.866455078125]},"j":false},{"t":4.06788444519043,"c":{"r":[-0.9371925592422485,-4.577756484991369e-8,-0.34881243109703066,8.377734950215654e-9,1,-1.537477203328308e-7,0.34881243109703066,-1.4701348050039088e-7,-0.9371925592422485],"p":[890.1400756835938,77.71360778808594,-302.38031005859377]},"j":false},{"t":4.11402440071106,"c":{"r":[-0.9485770463943481,-3.4810003768370737e-8,-0.31654632091522219,8.960586050932307e-9,1,-1.3681982125035575e-7,0.31654632091522219,-1.3262058473628714e-7,-0.9485770463943481],"p":[890.6956787109375,77.52698516845703,-300.8753967285156]},"j":false},{"t":4.160017490386963,"c":{"r":[-0.9531680345535278,-4.118025387356283e-8,-0.30244123935699465,9.402987721784939e-9,1,-1.6579379291670194e-7,0.30244123935699465,-1.6087319920643496e-7,-0.9531680345535278],"p":[891.237548828125,76.85334014892578,-299.2114562988281]},"j":false},{"t":4.205456972122192,"c":{"r":[-0.9700642228126526,-2.9658750122507628e-8,-0.2428484410047531,9.210678442173048e-9,1,-1.589209261965152e-7,0.2428484410047531,-1.5640030426311569e-7,-0.9700642228126526],"p":[891.6531982421875,75.91728973388672,-297.8138122558594]},"j":false},{"t":4.25295615196228,"c":{"r":[-0.9719573259353638,-1.9566973818996304e-8,-0.23515726625919343,4.89575935347375e-9,1,-1.0344329837153055e-7,0.23515726625919343,-1.0169375030955053e-7,-0.9719573259353638],"p":[892.0696411132813,74.34439086914063,-296.1141052246094]},"j":false},{"t":4.299350738525391,"c":{"r":[-0.9632751941680908,-1.929549853230128e-8,-0.26851600408554079,8.84538386980438e-10,1,-7.503296473032606e-8,0.26851600408554079,-7.251490785620263e-8,-0.9632751941680908],"p":[892.4624633789063,72.92265319824219,-294.5588073730469]},"j":false},{"t":4.340902090072632,"c":{"r":[-0.9348249435424805,-3.6963456295779909e-8,-0.3551088571548462,1.73707703776671e-9,1,-1.0866335031778363e-7,0.3551088571548462,-1.0219806512168361e-7,-0.9348249435424805],"p":[892.8378295898438,72.85516357421875,-293.3013916015625]},"j":false},{"t":4.387741565704346,"c":{"r":[-0.7384527921676636,-3.3805530819108756e-8,-0.6743051409721375,-1.605614308175518e-9,1,-4.8375515149245987e-8,0.6743051409721375,-3.464036169020801e-8,-0.7384527921676636],"p":[893.646240234375,72.08901977539063,-291.75897216796877]},"j":false},{"t":4.421304702758789,"c":{"r":[-0.699661135673523,1.8359344267082635e-8,-0.7144748568534851,-2.0804810318963974e-8,1,4.6069725812003529e-8,0.7144748568534851,4.709771062039181e-8,-0.699661135673523],"p":[894.217041015625,71.41532135009766,-290.91259765625]},"j":true},{"t":4.429597854614258,"c":{"r":[-0.699661135673523,3.3581848413177798e-8,-0.7144748568534851,-2.652716801776478e-8,1,7.297930437744071e-8,0.7144748568534851,7.0013776110045e-8,-0.699661135673523],"p":[894.380126953125,71.85826873779297,-290.6707763671875]},"j":true},{"t":4.43647313117981,"c":{"r":[-0.6996607780456543,4.879789017309122e-8,-0.7144752144813538,-3.224709388405245e-8,1,9.987738280869962e-8,0.7144752144813538,9.292003966265838e-8,-0.6996607780456543],"p":[894.5489501953125,72.2909927368164,-290.4337158203125]},"j":false},{"t":4.438200235366821,"c":{"r":[-0.6996607780456543,4.879789017309122e-8,-0.7144752144813538,-3.224709388405245e-8,1,9.987738280869962e-8,0.7144752144813538,9.292003966265838e-8,-0.6996607780456543],"p":[894.5489501953125,72.2909927368164,-290.4337158203125]},"j":true},{"t":4.482249736785889,"c":{"r":[-0.6996607780456543,5.557588167448557e-8,-0.7144752144813538,-2.39423787462556e-8,1,1.0123154225993858e-7,0.7144752144813538,8.793397654471846e-8,-0.6996607780456543],"p":[895.7147216796875,74.60122680664063,-289.1388854980469]},"j":false},{"t":4.531513452529907,"c":{"r":[-0.7092364430427551,2.7275257608039284e-8,-0.70497065782547,-1.4091379174629993e-9,1,4.01075830325226e-8,0.70497065782547,2.9439160442734648e-8,-0.7092364430427551],"p":[896.9611206054688,76.42095947265625,-287.9105224609375]},"j":false},{"t":4.578301429748535,"c":{"r":[-0.7510498762130737,-6.831255916495138e-8,-0.660245418548584,1.652935388563037e-8,1,-1.2226806234139077e-7,0.660245418548584,-1.0274284534261824e-7,-0.7510498762130737],"p":[898.07275390625,77.65815734863281,-286.7543029785156]},"j":false},{"t":4.626742839813232,"c":{"r":[-0.7961428165435791,-9.035235848386947e-8,-0.6051087379455566,4.803788922203012e-9,1,-1.5563624344849814e-7,0.6051087379455566,-1.2681549321769126e-7,-0.7961428165435791],"p":[899.0916748046875,78.48319244384766,-285.5158996582031]},"j":false},{"t":4.673361301422119,"c":{"r":[-0.8087644577026367,-8.295943842995257e-8,-0.5881326794624329,-4.117684249127507e-10,1,-1.4048940499833407e-7,0.5881326794624329,-1.1338067196220436e-7,-0.8087644577026367],"p":[900.1414184570313,78.91316986083985,-284.1158447265625]},"j":false},{"t":4.715478897094727,"c":{"r":[-0.8472452163696289,-9.290127422900696e-8,-0.5312020182609558,4.549614462945328e-9,1,-1.8214522867765482e-7,0.5312020182609558,-1.567384373402092e-7,-0.8472452163696289],"p":[900.89599609375,78.91377258300781,-283.04217529296877]},"j":false},{"t":4.763784408569336,"c":{"r":[-0.8761751651763916,-6.378947858820539e-8,-0.48199281096458437,9.832972658330164e-9,1,-1.5021984722807248e-7,0.48199281096458437,-1.3635832374347957e-7,-0.8761751651763916],"p":[901.7830200195313,78.4853744506836,-281.5341796875]},"j":false},{"t":4.809074640274048,"c":{"r":[-0.886010468006134,-2.1479500844634459e-8,-0.463665246963501,6.6730483361254759e-9,1,-5.907686784212274e-8,0.463665246963501,-5.5436785828533178e-8,-0.886010468006134],"p":[902.5496826171875,77.66178894042969,-280.1251220703125]},"j":false},{"t":4.856917858123779,"c":{"r":[-0.8956179618835449,-9.673533973852955e-9,-0.44482409954071047,8.531533701727767e-9,1,-3.892443700692638e-8,0.44482409954071047,-3.865645936684814e-8,-0.8956179618835449],"p":[903.2841796875,76.42604064941406,-278.69903564453127]},"j":false},{"t":4.903640508651733,"c":{"r":[-0.9160709381103516,-3.933947922973857e-8,-0.4010162949562073,1.2926071768504244e-8,1,-1.2762743040184433e-7,0.4010162949562073,-1.2209933686335717e-7,-0.9160709381103516],"p":[904.0375366210938,74.60789489746094,-277.11968994140627]},"j":false},{"t":4.943673610687256,"c":{"r":[-0.9369218945503235,-5.371914113538878e-8,-0.3495388329029083,8.023850028848756e-9,1,-1.751932927618327e-7,0.3495388329029083,-1.6694707483111416e-7,-0.9369218945503235],"p":[904.5916748046875,72.71809387207031,-275.7710266113281]},"j":false},{"t":4.994440317153931,"c":{"r":[-0.9420514106750488,-3.7364436877851406e-8,-0.3354685604572296,2.3928019565744309e-9,1,-1.1809922995098532e-7,0.3354685604572296,-1.1205825245497181e-7,-0.9420514106750488],"p":[905.1373291015625,70.24588012695313,-274.26251220703127]},"j":false},{"t":5.007750749588013,"c":{"r":[-0.9420543909072876,-3.480874610772844e-8,-0.33546024560928347,1.0537795080978186e-9,1,-1.067234265406114e-7,0.33546024560928347,-1.0089276969438288e-7,-0.9420543909072876],"p":[905.2841796875,69.50010681152344,-273.850341796875]},"j":true},{"t":5.045263051986694,"c":{"r":[-0.94205641746521,-2.715616709281221e-8,-0.335454523563385,-2.959968270488389e-9,1,-7.264087287239818e-8,0.335454523563385,-6.74388687116334e-8,-0.94205641746521],"p":[905.7247314453125,68.04183197021485,-272.61383056640627]},"j":false},{"t":5.047137260437012,"c":{"r":[-0.94205641746521,-2.715616709281221e-8,-0.335454523563385,-2.959968270488389e-9,1,-7.264087287239818e-8,0.335454523563385,-6.74388687116334e-8,-0.94205641746521],"p":[905.7247314453125,68.04183197021485,-272.61383056640627]},"j":true},{"t":5.0901939868927,"c":{"r":[-0.9420562982559204,-1.7823877485056984e-8,-0.3354547619819641,-7.855364358988482e-9,1,-3.107328439000412e-8,0.3354547619819641,-2.6637664518602834e-8,-0.9420562982559204],"p":[906.26318359375,69.2750015258789,-271.1025390625]},"j":false},{"t":5.092421054840088,"c":{"r":[-0.9420562982559204,-1.7823877485056984e-8,-0.3354547619819641,-7.855364358988482e-9,1,-3.107328439000412e-8,0.3354547619819641,-2.6637664518602834e-8,-0.9420562982559204],"p":[906.26318359375,69.2750015258789,-271.1025390625]},"j":true},{"t":5.1050262451171879,"c":{"r":[-0.94205641746521,-1.5282493492918549e-8,-0.335454523563385,-9.188469540788447e-9,1,-1.975361030304157e-8,0.335454523563385,-1.5526701702128777e-8,-0.94205641746521],"p":[906.4100341796875,69.9360122680664,-270.69036865234377]},"j":true},{"t":5.120948314666748,"c":{"r":[-0.9420562982559204,-1.1050485859698256e-8,-0.3354547619819641,-1.1408414657410049e-8,1,-9.0359902893411e-10,0.3354547619819641,2.9757658559503854e-9,-0.9420562982559204],"p":[906.65478515625,70.97525024414063,-270.00341796875]},"j":true},{"t":5.131373405456543,"c":{"r":[-0.9420562982559204,-8.513447724567414e-9,-0.3354547619819641,-1.2739242549741903e-8,1,1.039674035752114e-8,0.3354547619819641,1.4067754960933599e-8,-0.9420562982559204],"p":[906.8016357421875,71.55792236328125,-269.59124755859377]},"j":false},{"t":5.172081470489502,"c":{"r":[-0.9420565366744995,-9.121075006390811e-10,-0.3354541063308716,-1.6726600549077376e-8,1,4.425432464927326e-8,0.3354541063308716,4.7301082162221067e-8,-0.9420565366744995],"p":[907.2421875,73.12197875976563,-268.354736328125]},"j":false},{"t":5.2205469608306889,"c":{"r":[-0.9420565366744995,9.20033649265406e-9,-0.33545419573783877,-2.2031146684753368e-8,1,8.929660566536768e-8,0.33545419573783877,9.151288793418644e-8,-0.9420565366744995],"p":[907.82958984375,74.77821350097656,-266.7060546875]},"j":false},{"t":5.269057035446167,"c":{"r":[-0.9349669814109802,1.7089751835897006e-8,-0.3547346889972687,-2.6432520172647857e-8,1,1.1784381115376164e-7,0.3547346889972687,1.195566028400208e-7,-0.9349669814109802],"p":[908.3753662109375,75.86553955078125,-265.197509765625]},"j":false},{"t":5.317718982696533,"c":{"r":[-0.9323242902755737,-2.302906346521305e-12,-0.3616233766078949,-2.7448878725522264e-8,1,7.076133101691085e-8,0.3616233766078949,7.589866157786673e-8,-0.9323242902755737],"p":[909.0042114257813,76.5816421508789,-263.5644226074219]},"j":false},{"t":5.369604587554932,"c":{"r":[-0.9298112392425537,-1.869051935443622e-8,-0.36803680658340456,-2.804116938648349e-8,1,2.005906374336064e-8,0.36803680658340456,2.897132489465548e-8,-0.9298112392425537],"p":[909.5842895507813,76.80718231201172,-262.06890869140627]},"j":false},{"t":5.412992000579834,"c":{"r":[-0.9297756552696228,-4.0528998823674559e-8,-0.3681267201900482,-2.8135685781194298e-8,1,-3.903308964936514e-8,0.3681267201900482,-2.5934518532721996e-8,-0.9297756552696228],"p":[910.2280883789063,76.58316040039063,-260.44158935546877]},"j":false},{"t":5.458873748779297,"c":{"r":[-0.9193137884140015,-7.032502225001736e-8,-0.39352527260780337,-2.622260453222225e-8,1,-1.1744663197532646e-7,0.39352527260780337,-9.765105346559722e-8,-0.9193137884140015],"p":[910.8284301757813,75.94691467285156,-258.9540710449219]},"j":false},{"t":5.506542444229126,"c":{"r":[-0.9135463237762451,-5.733063446200504e-8,-0.40673467516