{"v":1,"name":"macro1_macro2_merged","d":[{"t":0.041426658630371094,"c":{"r":[0.5060338973999023,3.102789847275744e-8,-0.8625136017799377,-1.613054934068714e-8,1,2.6510065254115034e-8,0.8625136017799377,4.978263357102719e-10,0.5060338973999023],"p":[1013.5576171875,72.80072784423828,-110.23477172851562]},"j":false},{"t":0.08292984962463379,"c":{"r":[0.5060338973999023,-6.389301177023299e-8,-0.8625136017799377,3.553880745243987e-8,1,-5.322718621414424e-8,0.8625136017799377,-3.7179435086187596e-9,0.5060338973999023],"p":[1014.101806640625,72.79615020751953,-110.5540542602539]},"j":false},{"t":0.12426638603210449,"c":{"r":[0.5060338973999023,-7.129704471253717e-8,-0.8625136017799377,3.9108005722710004e-8,1,-5.97174008021284e-8,0.8625136017799377,-3.5121561214879193e-9,0.5060338973999023],"p":[1015.33154296875,72.80313873291016,-111.27545928955078]},"j":false},{"t":0.16567564010620117,"c":{"r":[0.5060338973999023,8.535872453308002e-9,-0.8625136017799377,-5.269136238439387e-9,1,6.8051226875809334e-9,0.8625136017799377,1.1010790057497388e-9,0.5060338973999023],"p":[1016.5894775390625,72.80839538574219,-112.0134506225586]},"j":false},{"t":0.20859098434448242,"c":{"r":[0.5180269479751587,8.821602648367843e-8,-0.8553643226623535,-5.0428035081040434e-8,1,7.259239964696462e-8,0.8553643226623535,5.529522173475243e-9,0.5180269479751587],"p":[1017.8402099609375,72.81185913085938,-112.76349639892578]},"j":false},{"t":0.2570192813873291,"c":{"r":[0.523985743522644,4.048983370807946e-8,-0.8517270088195801,-2.3201733867495022e-8,1,3.326471187392599e-8,0.8517270088195801,2.3313095898203073e-9,0.523985743522644],"p":[1019.3331909179688,72.80941772460938,-113.67648315429688]},"j":false},{"t":0.29877424240112305,"c":{"r":[0.5239859223365784,-5.8801546742870414e-8,-0.8517268896102905,3.3405118671225864e-8,1,-4.8487059700619284e-8,0.8517268896102905,-3.0455014066177455e-9,0.5239859223365784],"p":[1020.5752563476562,72.65682220458984,-114.44062805175781]},"j":false},{"t":0.3446023464202881,"c":{"r":[0.5239859223365784,-8.38985272366699e-8,-0.8517268896102905,4.777054485316512e-8,1,-6.9115387191232e-8,0.8517268896102905,-4.4719667968706744e-9,0.5239859223365784],"p":[1021.8165893554688,71.98656463623047,-115.20436096191406]},"j":false},{"t":0.38968729972839355,"c":{"r":[0.5239859223365784,1.0483880430456338e-8,-0.8517268896102905,-5.880069764430118e-9,1,8.691525721360449e-9,0.8517268896102905,4.5397630099586195e-10,0.5239859223365784],"p":[1023.1814575195312,70.8558578491211,-116.04411315917969]},"j":false},{"t":0.4311201572418213,"c":{"r":[0.5239859223365784,9.609355799966579e-8,-0.8517268896102905,-5.45439569066275e-8,1,7.926635703370266e-8,0.8517268896102905,4.922097840420747e-9,0.5239859223365784],"p":[1024.421142578125,70.54910278320312,-116.8067855834961]},"j":false},{"t":0.47453856468200684,"c":{"r":[0.5239859223365784,4.3312940789519416e-8,-0.8517268896102905,-2.461850456825232e-8,1,3.570768214444797e-8,0.8517268896102905,2.2579200731343008e-9,0.5239859223365784],"p":[1025.7869873046875,70.64476013183594,-117.64704132080078]},"j":false},{"t":0.5152499675750732,"c":{"r":[0.5239859223365784,-5.45332987655911e-8,-0.8517268896102905,3.090496036861623e-8,1,-4.501388062294609e-8,0.8517268896102905,-2.7359450260888707e-9,0.5239859223365784],"p":[1027.0296630859375,70.66856384277344,-118.41120147705078]},"j":false},{"t":0.5292422771453857,"c":{"r":[0.5239853858947754,-7.407744107013059e-8,-0.8517272472381592,4.1995402710881535e-8,1,-6.113749151381853e-8,0.8517272472381592,-3.73347797122392e-9,0.5239853858947754],"p":[1027.2781982421875,70.67032623291016,-118.56403350830078]},"j":true},{"t":0.5338363647460938,"c":{"r":[0.5239859223365784,-9.361324515566594e-8,-0.8517269492149353,5.3081119943954036e-8,1,-7.725420658744042e-8,0.8517269492149353,-4.730503988525925e-9,0.5239859223365784],"p":[1027.5267333984375,71.10986328125,-118.71686553955078]},"j":true},{"t":0.5419125556945801,"c":{"r":[0.5182406306266785,-1.1366197583129178e-7,-0.8552348613739014,6.410525799083189e-8,1,-9.405606959944635e-8,0.8552348613739014,-6.081370962363053e-9,0.5182406306266785],"p":[1027.7752685546875,71.53577423095703,-118.86969757080078]},"j":true},{"t":0.5567512512207031,"c":{"r":[0.5065067410469055,-1.4136517734186782e-7,-0.8622360229492188,7.694868031649094e-8,1,-1.1874956840074447e-7,0.8622360229492188,-6.200468138928272e-9,0.5065067410469055],"p":[1028.27392578125,72.34673309326172,-119.17239379882812]},"j":false},{"t":0.6028850078582764,"c":{"r":[0.4880828261375427,-1.4620302124512818e-7,-0.8727973103523254,3.9258171824485544e-8,1,-1.4555702421148453e-7,0.8727973103523254,3.677945414892747e-8,0.4880828261375427],"p":[1029.66357421875,74.29582977294922,-119.97351837158203]},"j":false},{"t":0.6450872421264648,"c":{"r":[0.48176896572113037,-9.476875817426844e-8,-0.8762983083724976,1.2958707440446915e-9,1,-1.074342534934658e-7,0.8762983083724976,5.0622919189891036e-8,0.48176896572113037],"p":[1030.9393310546875,75.71009063720703,-120.68018341064453]},"j":false},{"t":0.6903622150421143,"c":{"r":[0.4694824516773224,2.947048161061616e-9,-0.8829417824745178,-4.144560961094612e-8,1,-1.8699916282116646e-8,0.8829417824745178,4.5373344192967124e-8,0.4694824516773224],"p":[1032.352294921875,76.87235260009766,-121.43975067138672]},"j":false},{"t":0.7317378520965576,"c":{"r":[0.4572526812553406,7.533179058327732e-8,-0.8893368244171143,-7.848888117223396e-8,1,4.43505108194131e-8,0.8893368244171143,4.952365983967866e-8,0.4572526812553406],"p":[1033.644775390625,77.5712890625,-122.11549377441406]},"j":false},{"t":0.7731704711914062,"c":{"r":[0.4205450415611267,9.203959905335068e-8,-0.907271683216095,-1.116654857469257e-7,1,4.968659084170213e-8,0.907271683216095,8.041547516768333e-8,0.4205450415611267],"p":[1034.9488525390625,77.92960357666016,-122.76789855957031]},"j":false},{"t":0.8139750957489014,"c":{"r":[0.36258333921432495,-7.052398132145754e-8,-0.9319513440132141,-8.193551792601284e-8,1,-1.075511448789257e-7,0.9319513440132141,1.1535616550872874e-7,0.36258333921432495],"p":[1036.1494140625,77.96086120605469,-123.29769897460938]},"j":false},{"t":0.8581466674804688,"c":{"r":[0.3486209213733673,-1.4173475904044608e-7,-0.9372637867927551,5.662402458028737e-8,1,-1.3016020261602534e-7,0.9372637867927551,-7.695077464120459e-9,0.3486209213733673],"p":[1037.6490478515625,77.6243667602539,-123.86741638183594]},"j":false},{"t":0.907020092010498,"c":{"r":[0.34857216477394104,-4.212084903087998e-8,-0.9372819662094116,1.0772350123033902e-7,1,-4.877329207175762e-9,0.9372819662094116,-9.926719712893828e-8,0.34857216477394104],"p":[1039.2896728515625,76.78722381591797,-124.47743225097656]},"j":false},{"t":0.9481508731842041,"c":{"r":[0.34857216477394104,2.9605969231738527e-8,-0.9372819662094116,1.2206670874093106e-7,1,7.698326953686774e-8,0.9372819662094116,-1.4124515246294322e-7,0.34857216477394104],"p":[1040.6568603515625,75.71491241455078,-124.98577880859375]},"j":false},{"t":0.9897477626800537,"c":{"r":[0.34857216477394104,5.68738549588943e-8,-0.9372819662094116,2.3944163984879197e-8,1,6.958431697512424e-8,0.9372819662094116,-4.66975862423169e-8,0.34857216477394104],"p":[1042.0240478515625,74.3019790649414,-125.49412536621094]},"j":false},{"t":1.0322840213775635,"c":{"r":[0.34857216477394104,8.408354545963448e-8,-0.9372819662094116,-7.396900514322624e-8,1,6.220114556754197e-8,0.9372819662094116,4.764822492120402e-8,0.34857216477394104],"p":[1043.3912353515625,72.54842376708984,-126.00247192382812]},"j":false},{"t":1.0723214149475098,"c":{"r":[0.34857216477394104,6.762302717788771e-8,-0.9372819662094116,-1.0401529948467214e-7,1,3.346504939827355e-8,0.9372819662094116,8.582667732071059e-8,0.34857216477394104],"p":[1044.6217041015625,70.6789779663086,-126.4599838256836]},"j":false},{"t":1.1148765087127686,"c":{"r":[0.34857216477394104,-5.231175137510036e-8,-0.9372819662094116,6.992708079245347e-10,1,-5.555212467811543e-8,0.9372819662094116,1.8708510296505665e-8,0.34857216477394104],"p":[1046.1256103515625,69.59262084960938,-127.0191650390625]},"j":false},{"t":1.1572012901306152,"c":{"r":[0.34857216477394104,-7.361393983273956e-8,-0.9372819662094116,4.661439945152779e-8,1,-6.120405515730454e-8,0.9372819662094116,-2.2356806184120614e-8,0.34857216477394104],"p":[1047.4927978515625,69.7231674194336,-127.52751159667969]},"j":false},{"t":1.1979053020477295,"c":{"r":[0.34857216477394104,-7.479021846279466e-9,-0.9372819662094116,4.3417287542979466e-8,1,8.167270415526673e-9,0.9372819662094116,-4.3541120930967736e-8,0.34857216477394104],"p":[1048.8599853515625,69.75630950927734,-128.03585815429688]},"j":false},{"t":1.2400190830230713,"c":{"r":[0.34857216477394104,5.8514750378435565e-8,-0.9372819662094116,4.0226986186553404e-8,1,7.739054552757807e-8,0.9372819662094116,-6.468021496175425e-8,0.34857216477394104],"p":[1050.2271728515625,69.76359558105469,-128.54412841796875]},"j":false},{"t":1.2816777229309082,"c":{"r":[0.34857216477394104,6.575215394377665e-8,-0.9372819662094116,1.8953947744648758e-8,1,7.720086614426691e-8,0.9372819662094116,-4.4675264376792256e-8,0.34857216477394104],"p":[1051.5943603515625,69.76518249511719,-129.05239868164062]},"j":false},{"t":1.323362112045288,"c":{"r":[0.34857216477394104,-1.4855253915868616e-8,-0.9372819662094116,-2.937905208000302e-8,1,-2.6775266448453294e-8,0.9372819662094116,3.6869568731390245e-8,0.34857216477394104],"p":[1052.9615478515625,69.76551818847656,-129.56065368652344]},"j":false},{"t":1.3351643085479736,"c":{"r":[0.34857216477394104,-3.095607326031313e-8,-0.9372819662094116,-3.9033274390476436e-8,1,-4.754384264060718e-8,0.9372819662094116,5.31576453965954e-8,0.34857216477394104],"p":[1053.2349853515625,69.76554870605469,-129.6623077392578]},"j":true},{"t":1.3452608585357666,"c":{"r":[0.3551064729690552,-5.472258024497023e-8,-0.9348258376121521,-5.328917396241195e-8,1,-7.878035290787011e-8,0.9348258376121521,7.779151189879485e-8,0.3551064729690552],"p":[1053.6451416015625,70.41974639892578,-129.81478881835938]},"j":true},{"t":1.3494625091552734,"c":{"r":[0.36153388023376465,-6.232964011587683e-8,-0.932358980178833,-5.79691388225001e-8,1,-8.932980222198239e-8,0.932358980178833,8.634379611294207e-8,0.36153388023376465],"p":[1053.7816162109375,70.63099670410156,-129.8662109375]},"j":true},{"t":1.3657090663909912,"c":{"r":[0.36159592866897583,-9.567310854663447e-8,-0.9323348999023438,-7.661444101358938e-8,1,-1.3233074014351587e-7,0.9323348999023438,1.1928058540888742e-7,0.36159592866897583],"p":[1054.32568359375,71.44195556640625,-130.07638549804688]},"j":false},{"t":1.4068899154663086,"c":{"r":[0.4376647472381592,-1.465198522510036e-7,-0.8991382122039795,-3.32252314549919e-9,1,-1.6457315155093966e-7,0.8991382122039795,7.501527221620563e-8,0.4376647472381592],"p":[1055.666015625,73.23089599609375,-130.64976501464844]},"j":false},{"t":1.4501845836639404,"c":{"r":[0.4754226505756378,-1.5571367839584127e-7,-0.8797575235366821,3.759681277415439e-8,1,-1.5667873753955064e-7,0.8797575235366821,4.1412544504737525e-8,0.4754226505756378],"p":[1056.9625244140625,74.67921447753906,-131.31735229492188]},"j":false},{"t":1.4922375679016113,"c":{"r":[0.4875977635383606,-1.284053467998092e-7,-0.8730683922767639,4.502734896050242e-8,1,-1.219264333940373e-7,0.8730683922767639,2.0139101053473496e-8,0.4875977635383606],"p":[1058.24365234375,75.78691101074219,-132.01393127441406]},"j":false},{"t":1.5338733196258545,"c":{"r":[0.48785707354545593,-1.5484436843848925e-8,-0.8729234933853149,1.4811215365284625e-8,1,-9.460943140027211e-9,0.8729234933853149,-8.313469912479832e-9,0.48785707354545593],"p":[1059.5169677734375,76.55397033691406,-132.72483825683594]},"j":false},{"t":1.5825138092041016,"c":{"r":[0.48785898089408875,1.1928928245197312e-7,-0.8729224801063538,-2.131544007966113e-8,1,1.2474230004499987e-7,0.8729224801063538,-4.224992267154448e-8,0.48785898089408875],"p":[1061.0447998046875,77.02482604980469,-133.5786590576172]},"j":false},{"t":1.625150203704834,"c":{"r":[0.48785892128944397,9.564605818468408e-8,-0.8729224801063538,-2.2375425956511208e-8,1,9.706475623261213e-8,0.8729224801063538,-2.7821895898227922e-8,0.48785892128944397],"p":[1062.3179931640625,77.04252624511719,-134.29017639160156]},"j":false},{"t":1.6676747798919678,"c":{"r":[0.48785895109176636,3.8166788840499066e-8,-0.8729224801063538,-1.6197139629525736e-8,1,3.4670740944875433e-8,0.8729224801063538,-2.7755835407816676e-9,0.48785895109176636],"p":[1063.5911865234375,76.71958923339844,-135.00169372558594]},"j":false},{"t":1.7113420963287354,"c":{"r":[0.48785898089408875,-2.49187106504678e-8,-0.8729224801063538,-9.416237567450025e-9,1,-3.380885260639843e-8,0.8729224801063538,2.4713598278935933e-8,0.48785898089408875],"p":[1064.99169921875,75.97093963623047,-135.78436279296875]},"j":false},{"t":1.7514822483062744,"c":{"r":[0.4878593683242798,-7.642393740070474e-8,-0.8729222416877747,-3.880046062221254e-9,1,-8.971802145651964e-8,0.8729222416877747,4.715675672173347e-8,0.4878593683242798],"p":[1066.1375732421875,75.05184936523438,-136.4247283935547]},"j":false},{"t":1.8003137111663818,"c":{"r":[0.4818779528141022,-1.477367703728305e-7,-0.8762383460998535,3.508457302459078e-9,1,-1.666739706251974e-7,0.8762383460998535,7.724226946947965e-8,0.4818779528141022],"p":[1067.666015625,73.39720153808594,-137.27720642089844]},"j":false},{"t":1.841618299484253,"c":{"r":[0.4756256341934204,-5.9041276756488514e-8,-0.8796477913856506,4.422650690116825e-9,1,-6.472789237932375e-8,0.8796477913856506,2.6895870419707535e-8,0.4756256341934204],"p":[1068.9447021484375,71.64364624023438,-137.97848510742188]},"j":false},{"t":1.8825948238372803,"c":{"r":[0.47562357783317566,2.9776703769357482e-8,-0.8796489238739014,5.7535336495107e-9,1,3.696158756838486e-8,0.8796489238739014,-2.264089182801854e-8,0.47562357783317566],"p":[1070.2276611328125,70.50823974609375,-138.67221069335938]},"j":false},{"t":1.9243996143341064,"c":{"r":[0.47562357783317566,7.385764178025056e-8,-0.8796489238739014,4.479522974776273e-9,1,8.638470205823978e-8,0.8796489238739014,-4.502700789998926e-8,0.47562357783317566],"p":[1071.5106201171875,70.58979034423828,-139.36587524414062]},"j":false},{"t":1.9651331901550293,"c":{"r":[0.47562336921691895,1.4011122928536679e-8,-0.8796490430831909,-2.8568067911294293e-9,1,1.4383417124008702e-8,0.8796490430831909,-4.328101876893697e-9,0.47562336921691895],"p":[1072.7935791015625,70.61442565917969,-140.05953979492188]},"j":false},{"t":2.0064215660095215,"c":{"r":[0.47562336921691895,-3.974157891661889e-8,-0.8796490430831909,-9.446043058858322e-9,1,-5.028634575410251e-8,0.8796490430831909,3.222656275170266e-8,0.47562336921691895],"p":[1073.9482421875,70.61962890625,-140.683837890625]},"j":false},{"t":2.0469553470611572,"c":{"r":[0.4756242036819458,-9.934566236324827e-8,-0.8796485662460327,-1.6752485620941115e-8,1,-1.2199593868444936e-7,0.8796485662460327,7.276052116367282e-8,0.4756242036819458],"p":[1075.231201171875,70.62100982666016,-141.37750244140625]},"j":false},{"t":2.088893175125122,"c":{"r":[0.45087847113609314,-6.025021814792808e-9,-0.8925853371620178,2.868148829549e-9,1,-5.301269201396508e-9,0.8925853371620178,-1.6983932316083639e-10,0.45087847113609314],"p":[1076.649658203125,70.6213150024414,-142.12680053710938]},"j":false},{"t":2.1239593029022217,"c":{"r":[0.41945257782936096,6.346412817492819e-8,-0.9077772498130798,1.954722606001269e-8,1,7.894366405025721e-8,0.9077772498130798,-5.0857650535363064e-8,0.41945257782936096],"p":[1077.6943359375,70.6213607788086,-142.64617919921875]},"j":true},{"t":2.1318838596343994,"c":{"r":[0.41945257782936096,8.059450351538544e-8,-0.9077772498130798,2.407968757722756e-8,1,9.990863958364571e-8,0.9077772498130798,-6.37659312019423e-8,0.41945257782936096],"p":[1077.957763671875,71.06089782714844,-142.77117919921875]},"j":false},{"t":2.1337833404541016,"c":{"r":[0.41945257782936096,8.059450351538544e-8,-0.9077772498130798,2.407968757722756e-8,1,9.990863958364571e-8,0.9077772498130798,-6.37659312019423e-8,0.41945257782936096],"p":[1077.957763671875,71.06089782714844,-142.77117919921875]},"j":true},{"t":2.1416051387786865,"c":{"r":[0.3886706233024597,8.504228787842294e-8,-0.9213767647743225,3.00281612908293e-8,1,1.0496612645738423e-7,0.9213767647743225,-6.846450162356632e-8,0.3886706233024597],"p":[1078.2222900390625,71.48680877685547,-142.89419555664062]},"j":true},{"t":2.172337770462036,"c":{"r":[0.34917521476745605,-1.0021665985959771e-7,-0.9370574355125427,4.26891766380777e-8,1,-9.10410093979408e-8,0.9370574355125427,-8.212945878938172e-9,0.34917521476745605],"p":[1079.302490234375,73.0542221069336,-143.33416748046875]},"j":false},{"t":2.214463710784912,"c":{"r":[0.34857451915740967,-1.1066482841215475e-7,-0.93728107213974,-4.298573497152347e-9,1,-1.196686980620143e-7,0.93728107213974,4.574243206434403e-8,0.34857451915740967],"p":[1080.6693115234375,74.7069091796875,-143.84324645996094]},"j":false},{"t":2.2565903663635254,"c":{"r":[0.3485710322856903,-3.890237110226735e-8,-0.937282383441925,-4.862743097078237e-8,1,-5.958981574849531e-8,0.937282383441925,6.634891747125948e-8,0.3485710322856903],"p":[1082.0364990234375,76.01897430419922,-144.3515167236328]},"j":false},{"t":2.2975378036499023,"c":{"r":[0.3424302339553833,3.036366535980051e-8,-0.9395432472229004,-9.263813183224556e-8,1,-1.4458405583894773e-9,0.9395432472229004,8.753263358585173e-8,0.3424302339553833],"p":[1083.4036865234375,76.99042510986328,-144.8597869873047]},"j":false},{"t":2.33982253074646,"c":{"r":[0.3420235216617584,7.706786675498734e-8,-0.9396913647651672,-1.310228014972381e-7,1,3.432508322021022e-8,0.9396913647651672,1.1138100575180943e-7,0.3420235216617584],"p":[1084.6370849609375,77.573486328125,-145.30926513671875]},"j":false},{"t":2.38055419921875,"c":{"r":[0.3420204520225525,9.639683185014292e-8,-0.939692497253418,-1.295173888138379e-7,1,5.5442857416210245e-8,0.939692497253418,1.0274393247300395e-7,0.3420204520225525],"p":[1086.14501953125,77.91143035888672,-145.8579559326172]},"j":false},{"t":2.422990322113037,"c":{"r":[0.3420204520225525,2.387037767448419e-8,-0.939692497253418,-1.1217567319476984e-8,1,2.131946352790237e-8,0.939692497253418,3.2493723267634778e-9,0.3420204520225525],"p":[1087.515869140625,77.86100006103516,-146.3567657470703]},"j":false},{"t":2.4641385078430176,"c":{"r":[0.3289927840232849,-4.810073050975916e-8,-0.9443324208259583,9.5269307109902e-8,1,-1.7745671598845547e-8,0.9443324208259583,-8.412769858523461e-8,0.3289927840232849],"p":[1088.750244140625,77.52437591552734,-146.80335998535156]},"j":false},{"t":2.5064170360565186,"c":{"r":[0.2959425151348114,-1.1046738279674173e-7,-0.9552057385444641,1.1132661370538699e-7,1,-8.115645044881603e-8,0.9552057385444641,-8.232217396653141e-8,0.2959425151348114],"p":[1090.1314697265625,76.82675170898438,-147.27114868164062]},"j":false},{"t":2.5483500957489014,"c":{"r":[0.2759370803833008,-1.202109700670917e-7,-0.9611756801605225,2.6452577017721524e-8,1,-1.1747250283633548e-7,0.9611756801605225,6.98944679911051e-9,0.2759370803833008],"p":[1091.5269775390625,75.78850555419922,-147.69464111328125]},"j":false},{"t":2.5901806354522705,"c":{"r":[0.24900256097316742,-9.46159275372338e-8,-0.9685028195381165,-5.444001871524051e-8,1,-1.1168953051310382e-7,0.9685028195381165,8.053628874904462e-8,0.24900256097316742],"p":[1093.073486328125,74.25301361083984,-148.1205291748047]},"j":false},{"t":2.6307077407836914,"c":{"r":[0.241929292678833,-5.657926038793448e-8,-0.9702938795089722,-7.051341555097679e-8,1,-7.589300565769008e-8,0.9702938795089722,8.67794796022281e-8,0.241929292678833],"p":[1094.487548828125,72.49945831298828,-148.4765167236328]},"j":false},{"t":2.6732077598571777,"c":{"r":[0.23514199256896973,-2.2464607951633297e-8,-0.9719610214233398,-8.627907277514169e-8,1,-4.3985757258724334e-8,0.9719610214233398,9.42027966743808e-8,0.23514199256896973],"p":[1095.9031982421875,71.10465240478516,-148.82594299316406]},"j":false},{"t":2.7143712043762207,"c":{"r":[0.23514270782470703,1.220327661144438e-8,-0.9719608426094055,-1.0192236743478134e-7,1,-1.210236533211173e-8,0.9719608426094055,1.0191033794626492e-7,0.23514270782470703],"p":[1097.3204345703125,71.26399993896484,-149.16883850097656]},"j":false},{"t":2.756787061691284,"c":{"r":[0.20107826590538025,4.309770318400297e-8,-0.9795751571655273,-1.169517460652969e-7,1,1.9989530031239156e-8,0.9795751571655273,1.1054356718886993e-7,0.20107826590538025],"p":[1098.7412109375,71.31581115722656,-149.49758911132812]},"j":false},{"t":2.797915458679199,"c":{"r":[0.17364831268787384,5.51523733349768e-8,-0.9848077297210693,-9.854115745611125e-8,1,3.8627710807759286e-8,0.9848077297210693,9.033645653744315e-8,0.17364831268787384],"p":[1100.1728515625,71.32730865478516,-149.77493286132812]},"j":false},{"t":2.841618061065674,"c":{"r":[0.1460830569267273,-7.90924303828433e-9,-0.9892723560333252,4.83261928252432e-8,1,-8.588184607916105e-10,0.9892723560333252,-4.768230610352475e-8,0.1460830569267273],"p":[1101.6119384765625,71.31967163085938,-150.01150512695312]},"j":false},{"t":2.858644723892212,"c":{"r":[0.13917295634746552,-2.654357267317664e-8,-0.9902681112289429,8.943747076273212e-8,1,-1.423482753892813e-8,0.9902681112289429,-8.658597039357119e-8,0.13917295634746552],"p":[1102.1885986328125,71.25898742675781,-150.10073852539062]},"j":true},{"t":2.8677735328674316,"c":{"r":[0.13917295634746552,-2.7401215518807476e-8,-0.9902681112289429,8.407024409962105e-8,1,-1.585521225422326e-8,0.9902681112289429,-8.10454636734903e-8,0.13917295634746552],"p":[1102.4769287109375,71.69852447509766,-150.14535522460938]},"j":true},{"t":2.8760063648223877,"c":{"r":[0.13917295634746552,-2.8258492434929394e-8,-0.9902681112289429,7.870530538411913e-8,1,-1.7474906854886285e-8,0.9902681112289429,-7.55073230607195e-8,0.13917295634746552],"p":[1102.765625,72.12443542480469,-150.18699645996094]},"j":true},{"t":2.882481336593628,"c":{"r":[0.13917295634746552,-2.9115403421542396e-8,-0.9902681112289429,7.334266172165371e-8,1,-1.9093908676381943e-8,0.9902681112289429,-6.997154144983142e-8,0.13917295634746552],"p":[1103.054443359375,72.53672790527344,-150.2277374267578]},"j":false},{"t":2.922647714614868,"c":{"r":[0.13917295634746552,-3.296698025678779e-8,-0.9902681112289429,4.923907326315202e-8,1,-2.637087170853647e-8,0.9902681112289429,-4.508977013983895e-8,0.13917295634746552],"p":[1104.3541259765625,74.22341918945312,-150.410400390625]},"j":false},{"t":2.9643867015838623,"c":{"r":[0.1528157740831375,-4.32608082689967e-8,-0.9882546663284302,2.284001610064479e-8,1,-4.024316169193298e-8,0.9882546663284302,-1.642196423290443e-8,0.1528157740831375],"p":[1105.797607421875,75.77392578125,-150.61729431152344]},"j":false},{"t":3.0067529678344727,"c":{"r":[0.1800035536289215,-1.1173281677656632e-7,-0.983665943145752,-2.372302132513937e-9,1,-1.1402228494716837e-7,0.983665943145752,2.2857969739220607e-8,0.1800035536289215],"p":[1107.3809814453125,77.0860595703125,-150.87548828125]},"j":false},{"t":3.0484225749969482,"c":{"r":[0.18737578392028809,-1.0701188557504793e-7,-0.9822883009910583,-9.708257309171131e-9,1,-1.1079331585506225e-7,0.9822883009910583,3.0296291697595734e-8,0.18737578392028809],"p":[1108.8143310546875,77.92124938964844,-151.14598083496094]},"j":false},{"t":3.0898733139038086,"c":{"r":[0.19398893415927887,-7.095748344454478e-8,-0.9810037016868591,-1.4374708534603542e-8,1,-7.517404299051123e-8,0.9810037016868591,2.8684574715498456e-8,0.19398893415927887],"p":[1110.2474365234375,78.41581726074219,-151.4192657470703]},"j":false},{"t":3.1314303874969482,"c":{"r":[0.20093771815299988,-4.75639332364608e-8,-0.9796040058135986,-1.8657928535503743e-8,1,-5.238138456320485e-8,0.9796040058135986,2.8802778828662667e-8,0.20093771815299988],"p":[1111.6778564453125,78.56976318359375,-151.70339965820312]},"j":false},{"t":3.172584056854248,"c":{"r":[0.22115950286388397,-4.8991275036769366e-8,-0.9752376675605774,-2.181842262416467e-8,1,-5.518309009744371e-8,0.9752376675605774,3.348241151002185e-8,0.22115950286388397],"p":[1113.1046142578125,78.38307189941406,-152.0054168701172]},"j":false},{"t":3.213637590408325,"c":{"r":[0.24150387942790985,-1.0175029530046231e-7,-0.9703998565673828,-2.144489918975978e-8,1,-1.1019098877795841e-7,0.9703998565673828,4.742167902804795e-8,0.24150387942790985],"p":[1114.3831787109375,77.923828125,-152.30136108398438]},"j":false},{"t":3.25675630569458,"c":{"r":[0.2553997337818146,-1.0551684681558982e-7,-0.9668355584144592,-3.487351518671744e-9,1,-1.1005751332504587e-7,0.9668355584144592,3.148035432332108e-8,0.2553997337818146],"p":[1115.9365234375,76.98783874511719,-152.70140075683594]},"j":false},{"t":3.297090768814087,"c":{"r":[0.2554451823234558,-7.322227446593388e-8,-0.9668235182762146,1.5135320552417397e-8,1,-7.173597538212562e-8,0.9668235182762146,3.691424721452563e-9,0.2554451823234558],"p":[1117.2054443359375,75.91545867919922,-153.03662109375]},"j":false},{"t":3.340540885925293,"c":{"r":[0.25544512271881104,-3.38384538167702e-8,-0.9668235778808594,3.7849101630627047e-8,1,-2.499947981959849e-8,0.9668235778808594,-3.0207406354065824e-8,0.25544512271881104],"p":[1118.75634765625,74.23008728027344,-153.4463348388672]},"j":false},{"t":3.3805623054504395,"c":{"r":[0.2554452419281006,1.88485049790188e-9,-0.9668235182762146,5.845170392149157e-8,1,1.7393102069718225e-8,0.9668235182762146,-6.095546467577151e-8,0.2554452419281006],"p":[1120.166259765625,74.04938507080078,-153.8188018798828]},"j":false},{"t":3.4224801063537598,"c":{"r":[0.25544512271881104,3.753199351308467e-8,-0.9668235778808594,7.901028453716208e-8,1,5.969526029048211e-8,0.9668235778808594,-9.163787240140664e-8,0.25544512271881104],"p":[1121.576171875,74.1298828125,-154.19126892089844]},"j":false},{"t":3.46413254737854,"c":{"r":[0.2554452419281006,4.5899451350805975e-8,-0.9668235182762146,6.292625442938515e-8,1,6.410028419168157e-8,0.9668235182762146,-7.721269668081732e-8,0.2554452419281006],"p":[1122.986083984375,74.14856719970703,-154.56373596191406]},"j":false},{"t":3.506767749786377,"c":{"r":[0.25544512271881104,-3.6579510531709047e-9,-0.9668235778808594,-2.8303484000957724e-8,1,-1.1261556132069472e-8,0.9668235778808594,3.024118555572386e-8,0.25544512271881104],"p":[1124.2550048828125,74.14909362792969,-154.89895629882812]},"j":false},{"t":3.5439255237579346,"c":{"r":[0.25544512271881104,-3.2896718238362155e-8,-0.9668235778808594,-7.426638148899656e-8,1,-5.364753619119256e-8,0.9668235778808594,8.550648544769501e-8,0.25544512271881104],"p":[1125.52392578125,73.96744537353516,-155.2341766357422]},"j":true},{"t":3.550354480743408,"c":{"r":[0.2554452419281006,-3.164834794233684e-8,-0.9668235182762146,-6.93486654768094e-8,1,-5.105702882701735e-8,0.9668235182762146,8.009019580867971e-8,0.2554452419281006],"p":[1125.6649169921875,74.18891906738281,-155.27142333984375]},"j":false},{"t":3.551377058029175,"c":{"r":[0.2554452419281006,-3.164834794233684e-8,-0.9668235182762146,-6.93486654768094e-8,1,-5.105702882701735e-8,0.9668235182762146,8.009019580867971e-8,0.2554452419281006],"p":[1125.6649169921875,74.18891906738281,-155.27142333984375]},"j":true},{"t":3.558000087738037,"c":{"r":[0.25544512271881104,-2.915244223800073e-8,-0.9668235778808594,-5.9516384709468184e-8,1,-4.587767321595493e-8,0.9668235778808594,6.92610697683449e-8,0.25544512271881104],"p":[1125.9468994140625,74.62164306640625,-155.34591674804688]},"j":true},{"t":3.597128391265869,"c":{"r":[0.2554452419281006,-1.6688833426314886e-8,-0.9668235182762146,-1.0418011342494538e-8,1,-2.0014061519191273e-8,0.9668235182762146,1.5184875579166146e-8,0.2554452419281006],"p":[1127.3568115234375,76.58090209960938,-155.7183837890625]},"j":false},{"t":3.6407361030578613,"c":{"r":[0.255445271730423,-3.0095508307681484e-9,-0.9668235182762146,4.346904347585223e-8,1,8.372169624237813e-9,0.9668235182762146,-4.416552457087164e-8,0.255445271730423],"p":[1128.90771484375,78.34265899658203,-156.1280975341797]},"j":false},{"t":3.6810855865478516,"c":{"r":[0.255445271730423,9.398327449616772e-9,-0.9668235182762146,9.234738485019989e-8,1,3.4120009928528816e-8,0.9668235182762146,-9.799941835808568e-8,0.255445271730423],"p":[1130.317626953125,79.58660125732422,-156.5005645751953]},"j":false},{"t":3.722520112991333,"c":{"r":[0.2621767520904541,1.862503040683805e-8,-0.9650198817253113,1.4110979407178093e-7,1,5.7636885486545e-8,0.9650198817253113,-1.512848086804297e-7,0.2621767520904541],"p":[1131.7259521484375,80.48992156982422,-156.87937927246094]},"j":false},{"t":3.764349937438965,"c":{"r":[0.22186806797981262,1.700310336971711e-9,-0.9750766754150391,1.3568588030921092e-7,1,3.261761349904191e-8,0.9750766754150391,-1.3954095834378677e-7,0.22186806797981262],"p":[1132.99658203125,81.01167297363281,-157.20787048339844]},"j":false},{"t":3.805358409881592,"c":{"r":[0.19431842863559723,-1.3783856900317915e-7,-0.9809384942054749,1.2195584098151357e-8,1,-1.3810115717660665e-7,0.9809384942054749,1.487248191267554e-8,0.19431842863559723],"p":[1134.4227294921875,81.2677993774414,-157.5118865966797]},"j":false},{"t":3.848045587539673,"c":{"r":[0.19423483312129974,-7.422119807642957e-8,-0.9809550642967224,-8.443993948503703e-8,1,-9.238178222403803e-8,0.9809550642967224,1.0077554435383718e-7,0.19423483312129974],"p":[1135.9964599609375,81.15612030029297,-157.8234405517578]},"j":false},{"t":3.8914570808410645,"c":{"r":[0.1873868852853775,-2.4033521839328387e-8,-0.9822862148284912,-1.373338278654046e-7,1,-5.066556241217768e-8,0.9822862148284912,1.4439518736253376e-7,0.1873868852853775],"p":[1137.428466796875,80.69693756103516,-158.09925842285156]},"j":false},{"t":3.939856767654419,"c":{"r":[0.18738150596618652,4.5748162591507935e-8,-0.9822872281074524,-3.782844970601218e-8,1,3.935693371204252e-8,0.9822872281074524,2.978364044281534e-8,0.18738150596618652],"p":[1139.148193359375,79.69629669189453,-158.4272003173828]},"j":false},{"t":3.9821465015411377,"c":{"r":[0.18738141655921936,1.03763944991897e-7,-0.9822872281074524,4.489803728802144e-8,1,1.1419979273341596e-7,0.9822872281074524,-6.550168762942121e-8,0.18738141655921936],"p":[1140.581298828125,78.48773193359375,-158.7004852294922]},"j":false},{"t":4.022892236709595,"c":{"r":[0.18738141655921936,7.120759448753233e-8,-0.9822872281074524,6.105937444544907e-8,1,8.413932306439165e-8,0.9822872281074524,-7.574399063514647e-8,0.18738141655921936],"p":[1142.014404296875,76.93854522705078,-158.97377014160156]},"j":false},{"t":4.065072298049927,"c":{"r":[0.18738141655921936,-1.3982147687927049e-12,-0.9822872281074524,4.8764341897822305e-8,1,9.300877401585694e-9,0.9822872281074524,-4.964340405422263e-8,0.18738141655921936],"p":[1143.447509765625,75.04874420166016,-159.24705505371094]},"j":false},{"t":4.1070921421051025,"c":{"r":[0.18738141655921936,-7.105837340759535e-8,-0.9822872281074524,3.649553192985877e-8,1,-6.53778116088688e-8,0.9822872281074524,-2.359850981292766e-8,0.18738141655921936],"p":[1144.880615234375,73.34544372558594,-159.5203399658203]},"j":false},{"t":4.148147344589233,"c":{"r":[0.18738141655921936,-9.963808622615034e-8,-0.9822872281074524,1.970965790576429e-8,1,-9.767495612322818e-8,0.9822872281074524,-1.058074183823976e-9,0.18738141655921936],"p":[1146.17041015625,73.54371643066406,-159.76629638671875]},"j":false},{"t":4.159093856811523,"c":{"r":[0.18738141655921936,-6.805012020549839e-8,-0.9822872281074524,7.3963217772643475e-9,1,-6.786628858890253e-8,0.9822872281074524,5.451569418113422e-9,0.18738141655921936],"p":[1146.600341796875,73.58509826660156,-159.84828186035156]},"j":true},{"t":4.1659228801727295,"c":{"r":[0.18738141655921936,-4.700272882018908e-8,-0.9822872281074524,-8.081860736197655e-10,1,-4.8004459074491024e-8,0.9822872281074524,9.789014931982365e-9,0.18738141655921936],"p":[1146.886962890625,74.0246353149414,-159.90293884277344]},"j":true},{"t":4.174855709075928,"c":{"r":[0.18738141655921936,-2.596432935320081e-8,-0.9822872281074524,-9.009188950415137e-9,1,-2.8151116993058167e-8,0.9822872281074524,1.4124608149757023e-8,0.18738141655921936],"p":[1147.173583984375,74.45054626464844,-159.9575958251953]},"j":true},{"t":4.1898698806762695,"c":{"r":[0.18738141655921936,5.576414441321731e-9,-0.9822872281074524,-2.130412468659415e-8,1,1.6129881874604735e-9,0.9822872281074524,2.0624526086976402e-8,0.18738141655921936],"p":[1147.603515625,75.06387329101562,-160.03958129882812]},"j":false},{"t":4.2311012744903564,"c":{"r":[0.18738141655921936,1.1056630455641425e-7,-0.9822872281074524,-6.22303844011185e-8,1,1.0068897182691217e-7,0.9822872281074524,4.2260868582388866e-8,0.18738141655921936],"p":[1149.03662109375,76.88687896728516,-160.3128662109375]},"j":false},{"t":4.273077964782715,"c":{"r":[0.18738141655921936,9.233093578586704e-8,-0.9822872281074524,-4.184697033338125e-8,1,8.601312373457404e-8,0.9822872281074524,2.4988484170762604e-8,0.18738141655921936],"p":[1150.613037109375,78.49876403808594,-160.6134796142578]},"j":false},{"t":4.315118789672852,"c":{"r":[0.18738141655921936,3.033951045949834e-8,-0.9822872281074524,-1.120050607816836e-9,1,3.067293974368113e-8,0.9822872281074524,-4.647326967699428e-9,0.18738141655921936],"p":[1152.046142578125,79.60646057128906,-160.8867645263672]},"j":false},{"t":4.357629299163818,"c":{"r":[0.18738141655921936,-3.151957272962136e-8,-0.9822872281074524,3.9519960637335316e-8,1,-2.4549098753823273e-8,0.9822872281074524,-3.421990868446301e-8,0.18738141655921936],"p":[1153.479248046875,80.37351989746094,-161.16004943847656]},"j":false},{"t":4.4070985317230225,"c":{"r":[0.18738141655921936,-1.0557617713402578e-7,-0.9822872281074524,8.817352181722526e-8,1,-9.06599382233253e-8,0.9822872281074524,-6.962373788610421e-8,0.18738141655921936],"p":[1155.198974609375,80.84437561035156,-161.4879913330078]},"j":false},{"t":4.44872260093689,"c":{"r":[0.18733994662761688,-1.0335934064187313e-7,-0.9822951555252075,7.351902553409673e-8,1,-9.120099520032454e-8,0.9822951555252075,-5.513179246463551e-8,0.18733994662761688],"p":[1156.6324462890625,80.86207580566406,-161.75729370117188]},"j":false},{"t":4.489956378936768,"c":{"r":[0.20077475905418396,-4.245156759452584e-8,-0.9796374440193176,3.999458986214677e-9,1,-4.251427654367035e-8,0.9796374440193176,4.617773718962326e-9,0.20077475905418396],"p":[1158.064697265625,80.53913879394531,-162.03396606445312]},"j":false},{"t":4.531680107116699,"c":{"r":[0.2214006930589676,-5.2053010790586995e-8,-0.9751829504966736,-6.210692760078018e-8,1,-6.747813330321151e-8,0.9751829504966736,7.550532643563201e-8,0.2214006930589676],"p":[1159.489990234375,79.87557983398438,-162.34274291992188]},"j":false},{"t":4.58119797706604,"c":{"r":[0.2215474247932434,-6.924563678012419e-8,-0.9751495718955994,-1.0009882345229926e-7,1,-9.375204967909667e-8,0.9751495718955994,1.1838185542956126e-7,0.2215474247932434],"p":[1161.196533203125,78.62968444824219,-162.73037719726562]},"j":false},{"t":4.622622489929199,"c":{"r":[0.2551938593387604,-7.565752468963183e-8,-0.9668899178504944,-3.1477316753125706e-8,1,-8.655622707465227e-8,0.9668899178504944,5.252371693131863e-8,0.2551938593387604],"p":[1162.613525390625,77.21675109863281,-163.07435607910156]},"j":false},{"t":4.663561820983887,"c":{"r":[0.27537432312965393,-1.3380470420543134e-7,-0.9613370895385742,2.8351662351155937e-8,1,-1.3106473772950267e-7,0.9613370895385742,8.83635653536885e-9,0.27537432312965393],"p":[1164.020263671875,75.46319580078125,-163.45938110351562]},"j":false},{"t":4.706510305404663,"c":{"r":[0.28233882784843445,-8.740228452097654e-8,-0.95931476354599,5.451842355341796e-8,1,-7.506360333309203e-8,0.95931476354599,-3.110696056296547e-8,0.28233882784843445],"p":[1165.4219970703125,73.36900329589844,-163.86073303222656]},"j":false},{"t":4.7486891746521,"c":{"r":[0.28234079480171204,-4.1263124472834534e-8,-0.9593141674995422,8.036037257852513e-8,1,-1.9361865000178113e-8,0.9593141674995422,-7.16241999043632e-8,0.28234079480171204],"p":[1166.821044921875,72.76715850830078,-164.2718505859375]},"j":false},{"t":4.789754152297974,"c":{"r":[0.28234079480171204,4.77773065554743e-9,-0.9593141674995422,1.0614714796020053e-7,1,3.622108479817143e-8,0.9593141674995422,-1.1205515448864389e-7,0.28234079480171204],"p":[1168.219970703125,72.88435363769531,-164.68353271484375]},"j":false},{"t":4.831118583679199,"c":{"r":[0.29570886492729187,2.189868197888245e-8,-0.9552780985832214,4.026992428407539e-8,1,3.5389543739938745e-8,0.9552780985832214,-4.893397687055767e-8,0.29570886492729187],"p":[1169.6158447265625,72.91285705566406,-165.10580444335938]},"j":false},{"t":4.873154401779175,"c":{"r":[0.29570886492729187,2.2581659209208738e-8,-0.9552780985832214,-8.621572789024867e-8,1,-3.049474672778274e-9,0.9552780985832214,8.326175304773642e-8,0.29570886492729187],"p":[1171.0086669921875,72.91911315917969,-165.53701782226562]},"j":false},{"t":4.914424419403076,"c":{"r":[0.29570886492729187,-1.7445695998929978e-9,-0.9552780985832214,-5.707117622932856e-8,1,-1.9492775393814554e-8,0.9552780985832214,6.028302834693022e-8,0.29570886492729187],"p":[1172.4014892578125,72.92047119140625,-165.96823120117188]},"j":false},{"t":4.956489086151123,"c":{"r":[0.29570886492729187,-2.879454186199837e-8,-0.9552780985832214,-1.0745009326740274e-8,1,-3.346871935150375e-8,0.9552780985832214,2.0161470715152063e-8,0.29570886492729187],"p":[1173.7943115234375,72.92076110839844,-166.39944458007812]},"j":false},{"t":4.97472882270813,"c":{"r":[0.29570886492729187,-3.959835126465805e-8,-0.9552780985832214,7.757759767912376e-9,1,-3.905073597820774e-8,0.9552780985832214,4.136830877854436e-9,0.29570886492729187],"p":[1174.3514404296875,72.92079162597656,-166.57192993164062]},"j":true},{"t":4.983443975448608,"c":{"r":[0.29570886492729187,-4.499679562286474e-8,-0.9552780985832214,1.700321661246562e-8,1,-4.18399572765793e-8,0.9552780985832214,-3.870355147483906e-9,0.29570886492729187],"p":[1174.6300048828125,73.36373901367188,-166.65817260742188]},"j":true},{"t":4.997702598571777,"c":{"r":[0.2957088351249695,-5.578676720574549e-8,-0.9552780985832214,3.548228377781015e-8,1,-4.741482229064786e-8,0.9552780985832214,-1.9874466516967004e-8,0.2957088351249695],"p":[1175.1871337890625,74.21556091308594,-166.83065795898438]},"j":false},{"t":4.998632907867432,"c":{"r":[0.2957088351249695,-5.578676720574549e-8,-0.9552780985832214,3.548228377781015e-8,1,-4.741482229064786e-8,0.9552780985832214,-1.9874466516967004e-8,0.2957088351249695],"p":[1175.1871337890625,74.21556091308594,-166.83065795898438]},"j":true},{"t":5.039602994918823,"c":{"r":[0.2957087755203247,-8.272139240261822e-8,-0.9552781581878662,8.161087095004405e-8,1,-6.133118546358673e-8,0.9552781581878662,-5.98249059180489e-8,0.2957087755203247],"p":[1176.5799560546875,76.10669708251953,-167.26187133789062]},"j":false},{"t":5.0812599658966064,"c":{"r":[0.29570871591567993,-1.0959853113945428e-7,-0.9552781581878662,1.2764091650296905e-7,1,-7.521788347730762e-8,0.9552781581878662,-9.968999847842497e-8,0.29570871591567993],"p":[1177.9727783203125,77.6572036743164,-167.69308471679688]},"j":false},{"t":5.1225175857543945,"c":{"r":[0.2957087755203247,-9.964291081132615e-8,-0.9552781581878662,1.2622767542325164e-7,1,-6.523364959321043e-8,0.9552781581878662,-1.0129237892897436e-7,0.2957087755203247],"p":[1179.3656005859375,78.86708068847656,-168.12429809570312]},"j":false},{"t":5.164733648300171,"c":{"r":[0.29570871591567993,-3.990815677923365e-9,-0.9552781581878662,1.4463829245414672e-8,1,2.9966604198072844e-10,0.9552781581878662,-1.3905594009600009e-8,0.29570871591567993],"p":[1180.7584228515625,79.73633575439453,-168.55551147460938]},"j":false},{"t":5.207334280014038,"c":{"r":[0.2892720103263855,9.04522678979447e-8,-0.9572469592094421,-9.69514388771131e-8,1,6.519417894423896e-8,0.9572469592094421,7.394761780687986e-8,0.2892720103263855],"p":[1182.1512451171875,80.26496887207031,-168.98672485351562]},"j":false},{"t":5.257731676101685,"c":{"r":[0.2824288308620453,6.665453611276462e-8,-0.9592882394790649,-8.401563889037789e-8,1,4.474785697539119e-8,0.9592882394790649,6.795713147766946e-8,0.2824288308620453],"p":[1183.6875,80.45304107666016,-169.44949340820312]},"j":false},{"t":5.298252820968628,"c":{"r":[0.2760578989982605