{"d":[{"t":0.04869270324707031,"c":{"r":[-0.006982307881116867,-5.635736854969764e-8,-0.9999756217002869,-1.0170295894340598e-7,1,-5.564860217077694e-8,0.9999756217002869,1.0131192595963512e-7,-0.006982307881116867],"p":[2088.873291015625,72.19239807128906,-146.8893280029297]},"j":false},{"t":0.09297370910644531,"c":{"r":[-0.006982307881116867,-3.0697762554154909e-8,-0.9999756217002869,-4.070717452009376e-8,1,-3.041427376615502e-8,0.9999756217002869,4.049381985282707e-8,-0.006982307881116867],"p":[2089.73388671875,72.19239807128906,-146.88333129882813]},"j":false},{"t":0.1404566764831543,"c":{"r":[-0.006982307881116867,3.971090123400245e-8,-0.9999756217002869,8.774112103537846e-8,1,3.909921986178233e-8,0.9999756217002869,-8.746597757181007e-8,-0.006982307881116867],"p":[2091.478759765625,72.19274139404297,-146.87110900878907]},"j":false},{"t":0.18133544921875,"c":{"r":[0.027920512482523919,2.5559367955452218e-8,-0.9996101260185242,4.655315066770527e-8,1,2.6869630076475916e-8,0.9996101260185242,-4.728521574293154e-8,0.027920512482523919],"p":[2092.936279296875,72.19721221923828,-146.87547302246095]},"j":false},{"t":0.22307872772216798,"c":{"r":[0.041874997317790988,1.3382978281128999e-8,-0.9991228580474854,5.771522371134097e-9,1,1.3636622497870121e-8,0.9991228580474854,-6.3374936409843489e-9,0.041874997317790988],"p":[2094.393798828125,72.19954681396485,-146.92189025878907]},"j":false},{"t":0.264676570892334,"c":{"r":[0.05582047998905182,1.7464193424743258e-9,-0.9984408020973206,-3.471576803804055e-8,1,-1.9173033993791223e-10,0.9984408020973206,3.4672339666030896e-8,0.05582047998905182],"p":[2095.850830078125,72.19998931884766,-146.9918975830078]},"j":false},{"t":0.30916762351989748,"c":{"r":[0.05582047998905182,-1.1115994347221659e-8,-0.9984408020973206,-7.908823818070232e-8,1,-1.5554990184796226e-8,0.9984408020973206,7.983321381743736e-8,0.05582047998905182],"p":[2097.451416015625,72.20003509521485,-147.081298828125]},"j":false},{"t":0.3501601219177246,"c":{"r":[0.06975556910037995,-2.0358378094442743e-8,-0.9975641369819641,-1.1518694265078011e-7,1,-2.8462640244697469e-8,0.9975641369819641,1.1689179046925347e-7,0.06975556910037995],"p":[2098.760986328125,72.19999694824219,-147.16360473632813]},"j":false},{"t":0.3907926082611084,"c":{"r":[0.06975556910037995,-8.327152301035312e-9,-0.9975641369819641,-3.537359560823461e-8,1,-1.0821016083184532e-8,0.9975641369819641,3.604225540243533e-8,0.06975556910037995],"p":[2100.209716796875,71.90160369873047,-147.26480102539063]},"j":false},{"t":0.4311206340789795,"c":{"r":[0.06975556910037995,1.3814328347905303e-8,-0.9975641369819641,9.555149205198177e-8,1,2.0529585142980978e-8,0.9975641369819641,-9.675079581938917e-8,0.06975556910037995],"p":[2101.656982421875,71.2479476928711,-147.36598205566407]},"j":false},{"t":0.4745798110961914,"c":{"r":[0.06975556910037995,9.928543320825156e-9,-0.9975641369819641,5.573978967277071e-8,1,1.385044168245031e-8,0.9975641369819641,-5.6570161888203077e-8,0.06975556910037995],"p":[2103.112060546875,70.51383972167969,-147.46775817871095]},"j":false},{"t":0.5169415473937988,"c":{"r":[0.06975533068180084,6.051043666133182e-9,-0.9975641369819641,1.6013085968324959e-8,1,7.185544603771632e-9,0.9975641369819641,-1.6475310005148459e-8,0.06975533068180084],"p":[2104.567138671875,70.62571716308594,-147.5695343017578]},"j":false},{"t":0.5645298957824707,"c":{"r":[0.055820610374212268,1.3591191505568646e-9,-0.9984408020973206,-3.1609836526058646e-8,1,-4.0599432149512895e-10,0.9984408020973206,3.158321248974971e-8,0.055820610374212268],"p":[2106.313232421875,70.66717529296875,-147.68260192871095]},"j":false},{"t":0.6071312427520752,"c":{"r":[0.027920762076973916,-3.9394203454889979e-9,-0.9996101260185242,-7.131799861781474e-8,1,-5.932986102408222e-9,0.9996101260185242,7.145585101397956e-8,0.027920762076973916],"p":[2107.769775390625,70.67351531982422,-147.75363159179688]},"j":false},{"t":0.6474204063415527,"c":{"r":[0.013961193151772023,-8.954639696412415e-9,-0.9999025464057922,-1.1106245523251346e-7,1,-1.0506227887674413e-8,0.9999025464057922,1.1119831100359079e-7,0.013961193151772023],"p":[2109.227294921875,70.67489624023438,-147.7860870361328]},"j":false},{"t":0.689262866973877,"c":{"r":[0.006980575155466795,-6.210420178121012e-9,-0.9999756217002869,-6.29294802934055e-8,1,-6.6498659911928829e-9,0.9999756217002869,6.297436527802347e-8,0.006980575155466795],"p":[2110.684814453125,70.67520904541016,-147.804931640625]},"j":false},{"t":0.7309830188751221,"c":{"r":[0.006980575155466795,4.744932891043163e-9,-0.9999756217002869,7.283607317276619e-8,1,5.253498525092937e-9,0.9999756217002869,-7.287096792651937e-8,0.006980575155466795],"p":[2112.142333984375,70.6752700805664,-147.81521606445313]},"j":false},{"t":0.7734684944152832,"c":{"r":[0.006980575155466795,5.297344340959853e-9,-0.9999756217002869,6.604795288467358e-8,1,5.758537202638081e-9,0.9999756217002869,-6.608653535522535e-8,0.006980575155466795],"p":[2113.599853515625,70.6752700805664,-147.825439453125]},"j":false},{"t":0.8147952556610107,"c":{"r":[0.006980575155466795,3.256456437839006e-9,-0.9999756217002869,2.3746443034156074e-8,1,3.422303551658956e-9,0.9999756217002869,-2.3769754164959523e-8,0.006980575155466795],"p":[2115.057373046875,70.6752700805664,-147.83566284179688]},"j":false},{"t":0.8572924137115479,"c":{"r":[0.006980575155466795,1.2199240506660658e-9,-0.9999756217002869,-1.8464687556729588e-8,1,1.0910564673949353e-9,0.9999756217002869,1.845662112032187e-8,0.006980575155466795],"p":[2116.514892578125,70.67522430419922,-147.84588623046876]},"j":false},{"t":0.8980939388275147,"c":{"r":[0.006980575155466795,-8.122621464323743e-10,-0.9999756217002869,-6.058563428723574e-8,1,-1.2352148193173207e-9,0.9999756217002869,6.059278234715748e-8,0.006980575155466795],"p":[2117.972412109375,70.67522430419922,-147.85610961914063]},"j":false},{"t":0.940004825592041,"c":{"r":[-7.408671081066132e-7,-3.263109116247165e-9,-1,-1.0263180172387365e-7,1,-3.2630329549476757e-9,1,1.0263179461844629e-7,-7.408671081066132e-7],"p":[2119.429931640625,70.67057800292969,-147.85977172851563]},"j":false},{"t":0.9821875095367432,"c":{"r":[0.020941728726029397,-1.4037503381914008e-9,-0.9997807145118713,-9.122486943624608e-8,1,-3.3148837008667444e-9,0.9997807145118713,9.127428057809084e-8,0.020941728726029397],"p":[2120.887451171875,70.66426849365235,-147.86476135253907]},"j":false},{"t":1.026573896408081,"c":{"r":[0.0488491915166378,2.033599733053393e-9,-0.9988061785697937,4.4396831100357306e-8,1,4.207371784303859e-9,0.9988061785697937,-4.4549356204015569e-8,0.0488491915166378],"p":[2122.344970703125,70.64689636230469,-147.9091339111328]},"j":false},{"t":1.073918104171753,"c":{"r":[0.09758222848176956,-2.141838706393173e-9,-0.9952274560928345,6.590727252842044e-8,1,4.310110046645832e-9,0.9952274560928345,-6.601331392630527e-8,0.09758222848176956],"p":[2124.09130859375,70.61640167236328,-148.0099334716797]},"j":false},{"t":1.1146328449249268,"c":{"r":[0.125332772731781,-5.23968601839897e-9,-0.992114782333374,2.5449899965224178e-8,1,-2.0662724864450867e-9,0.992114782333374,-2.4990249869460969e-8,0.125332772731781],"p":[2125.540283203125,70.54447174072266,-148.15957641601563]},"j":false},{"t":1.1554844379425049,"c":{"r":[0.13225539028644563,-7.151753855794141e-9,-0.9912156462669373,-1.4795393354916087e-8,1,-9.189245808727265e-9,0.9912156462669373,1.5880752712860159e-8,0.13225539028644563],"p":[2126.984619140625,70.45635223388672,-148.3446044921875]},"j":false},{"t":1.1976675987243653,"c":{"r":[0.13225539028644563,-8.999652578722817e-9,-0.9912156462669373,-5.493497567954364e-8,1,-1.6409243741577485e-8,0.9912156462669373,5.662262125838424e-8,0.13225539028644563],"p":[2128.42529296875,70.3381576538086,-148.53680419921876]},"j":false},{"t":1.240877389907837,"c":{"r":[0.13225539028644563,-1.0843606013111185e-8,-0.9912156462669373,-9.498884878667013e-8,1,-2.3613825561596969e-8,0.9912156462669373,9.72774927276987e-8,0.13225539028644563],"p":[2129.857421875,70.14258575439453,-148.7279052734375]},"j":false},{"t":1.2812371253967286,"c":{"r":[0.12533289194107057,-1.172177288566445e-8,-0.9921147227287293,-1.1387218279423905e-7,1,-2.620030059574674e-8,0.9921147227287293,1.1625803608694696e-7,0.12533289194107057],"p":[2131.14501953125,69.95643615722656,-148.8997039794922]},"j":false},{"t":1.3234891891479493,"c":{"r":[0.06278945505619049,2.3183248654135015e-9,-0.9980267882347107,3.09683798604965e-8,1,4.271240694464495e-9,0.9980267882347107,-3.117546043540642e-8,0.06278945505619049],"p":[2132.700439453125,69.60584259033203,-149.07254028320313]},"j":false},{"t":1.364145278930664,"c":{"r":[0.02094138041138649,9.718825744187143e-9,-0.9997807145118713,7.694993087170588e-8,1,1.1332748961478956e-8,0.9997807145118713,-7.71703838609028e-8,0.02094138041138649],"p":[2134.07470703125,69.07510375976563,-149.13546752929688]},"j":false},{"t":1.4059100151062012,"c":{"r":[-0.006981927435845137,5.503249855820513e-9,-0.9999756217002869,3.616319688148906e-8,1,5.250889056895858e-9,0.9999756217002869,-3.612565535604517e-8,-0.006981927435845137],"p":[2135.44873046875,68.58528900146485,-149.15255737304688]},"j":false},{"t":1.4492766857147217,"c":{"r":[-0.013963141478598118,-8.61684959496678e-11,-0.9999024868011475,-4.648656570793719e-9,1,-2.1260717145143994e-11,0.9999024868011475,4.647906504118282e-9,-0.013963141478598118],"p":[2136.774658203125,67.93623352050781,-149.1371612548828]},"j":false},{"t":1.489931583404541,"c":{"r":[-0.027922235429286958,-6.320415302241145e-9,-0.9996101260185242,-4.540152431786737e-8,1,-5.054674012683336e-9,0.9996101260185242,4.524268604200188e-8,-0.027922235429286958],"p":[2138.026611328125,67.1760025024414,-149.1167755126953]},"j":false},{"t":1.531412124633789,"c":{"r":[-0.03490062803030014,-1.2452717079725062e-8,-0.9993907809257507,-8.614031798970245e-8,1,-9.452124416498009e-9,0.9993907809257507,8.575795362730787e-8,-0.03490062803030014],"p":[2139.177734375,66.21806335449219,-149.07925415039063]},"j":false},{"t":1.5723040103912354,"c":{"r":[-0.03490062803030014,-1.8256880451872349e-8,-0.9993907809257507,-1.2679214478339419e-7,1,-1.3840186774416452e-8,0.9993907809257507,1.2623186762539263e-7,-0.03490062803030014],"p":[2140.23974609375,65.44647979736328,-149.04220581054688]},"j":false},{"t":1.60892653465271,"c":{"r":[-0.048850417137145999,-6.628651405549135e-9,-0.9988061189651489,-3.607435417052329e-8,1,-4.872221293084067e-9,0.9988061189651489,3.579327767511131e-8,-0.048850417137145999],"p":[2141.086669921875,64.70990753173828,-149.009033203125]},"j":true},{"t":1.6153790950775147,"c":{"r":[-0.048850417137145999,-2.7326632068280789e-9,-0.9988061189651489,-9.01003804898437e-9,1,-2.295259315943099e-9,0.9988061189651489,8.887156788262019e-9,-0.048850417137145999],"p":[2141.298095703125,65.15284729003906,-148.99893188476563]},"j":false},{"t":1.6164698600769044,"c":{"r":[-0.048850417137145999,-2.7326632068280789e-9,-0.9988061189651489,-9.01003804898437e-9,1,-2.295259315943099e-9,0.9988061189651489,8.887156788262019e-9,-0.048850417137145999],"p":[2141.298095703125,65.15284729003906,-148.99893188476563]},"j":true},{"t":1.633070945739746,"c":{"r":[-0.04885042458772659,5.054323182207554e-9,-0.9988061189651489,4.508392237312364e-8,1,2.8553635011974167e-9,0.9988061189651489,-4.489061211643275e-8,-0.04885042458772659],"p":[2141.728515625,66.00466918945313,-148.97833251953126]},"j":true},{"t":1.655822992324829,"c":{"r":[-0.048850469291210178,1.6722339069019655e-8,-0.9988061189651489,1.261382607253836e-7,1,1.0573049102902133e-8,0.9988061189651489,-1.2547117478334258e-7,-0.048850469291210178],"p":[2142.44482421875,67.18022918701172,-148.94375610351563]},"j":false},{"t":1.6966450214385987,"c":{"r":[-0.048850417137145999,1.4771282863534907e-8,-0.9988061189651489,1.0566438390924304e-7,1,9.621019536609765e-9,0.9988061189651489,-1.0506824565936768e-7,-0.048850417137145999],"p":[2143.683349609375,68.71363067626953,-148.88339233398438]},"j":false},{"t":1.7396352291107178,"c":{"r":[-0.04885049909353256,9.427528091521254e-9,-0.9988061189651489,5.904642108589542e-8,1,6.5509024871346359e-9,0.9988061189651489,-5.8655910351035348e-8,-0.04885049909353256],"p":[2145.2861328125,70.2131118774414,-148.80502319335938]},"j":false},{"t":1.7808732986450196,"c":{"r":[-0.05577424541115761,1.7834958510043465e-10,-0.9984434247016907,1.699880947114707e-8,1,-7.709462512828225e-10,0.9984434247016907,-1.7015347353321887e-8,-0.05577424541115761],"p":[2146.74267578125,71.21862030029297,-148.7303009033203]},"j":false},{"t":1.8222713470458985,"c":{"r":[-0.05582217127084732,-1.556957940351822e-8,-0.9984407424926758,-2.4633765249859608e-8,1,-1.4216636756714252e-8,0.9984407424926758,2.380175168070764e-8,-0.05582217127084732],"p":[2148.19775390625,71.88349914550781,-148.6488800048828]},"j":false},{"t":1.8637449741363526,"c":{"r":[-0.05582239478826523,-3.128886305603373e-8,-0.9984407424926758,-6.617745640369321e-8,1,-2.7637772959110408e-8,0.9984407424926758,6.453145573459551e-8,-0.05582239478826523],"p":[2149.65283203125,72.20774841308594,-148.56739807128907]},"j":false},{"t":1.9056434631347657,"c":{"r":[-0.05582239478826523,-4.697463396041712e-8,-0.9984407424926758,-1.0763250912759759e-7,1,-4.10303044873217e-8,0.9984407424926758,1.051742728463978e-7,-0.05582239478826523],"p":[2151.10791015625,72.1913833618164,-148.4859161376953]},"j":false},{"t":1.9483191967010499,"c":{"r":[-0.04910065606236458,-6.229284821301917e-8,-0.9987938404083252,-1.4895998390329624e-7,1,-5.5045205726855787e-8,0.9987938404083252,1.4607755360884767e-7,-0.04910065606236458],"p":[2152.56298828125,71.83438873291016,-148.40443420410157]},"j":false},{"t":1.9902477264404297,"c":{"r":[-0.021390799432992936,-6.538363805930203e-8,-0.9997711777687073,-9.211370866069046e-8,1,-6.342776970313935e-8,0.9997711777687073,9.073585971464127e-8,-0.021390799432992936],"p":[2154.0205078125,71.13676452636719,-148.34510803222657]},"j":false},{"t":2.033759117126465,"c":{"r":[-0.020945945754647256,-9.040967086093588e-8,-0.9997805953025818,3.1115707344042678e-8,1,-9.10813966470414e-8,0.9997805953025818,-3.3016668510299499e-8,-0.020945945754647256],"p":[2155.47802734375,70.09851837158203,-148.31387329101563]},"j":false},{"t":2.0815157890319826,"c":{"r":[-0.007140503730624914,-6.881463576746683e-8,-0.9999744892120361,9.358709718298997e-8,1,-6.948466335643389e-8,0.9999744892120361,-9.408086754092437e-8,-0.007140503730624914],"p":[2157.22705078125,68.40299987792969,-148.28428649902345]},"j":false},{"t":2.1232471466064455,"c":{"r":[-0.00014313741121441126,-1.6239800615380774e-8,-1,7.493556353210806e-8,1,-1.625052625797707e-8,1,-7.4937887006854e-8,-0.00014313741121441126],"p":[2158.6845703125,66.6153793334961,-148.27552795410157]},"j":false},{"t":2.164182186126709,"c":{"r":[-0.0000013788339856546373,2.828937084586869e-8,-1,5.6531092695877308e-8,1,2.8289292686167756e-8,1,-5.653105361602684e-8,-0.0000013788339856546373],"p":[2160.14208984375,64.48712158203125,-148.2754364013672]},"j":false},{"t":2.2062370777130129,"c":{"r":[-7.572474487460568e-7,7.270412538673554e-8,-1,3.8167655702636696e-8,1,7.270409696502611e-8,1,-3.816760241193151e-8,-7.572474487460568e-7],"p":[2161.599609375,64.44645690917969,-148.2754364013672]},"j":false},{"t":2.2494113445281984,"c":{"r":[-7.587569825773244e-7,1.1702413615921614e-7,-1,1.9843392706775377e-8,1,1.1702412194836143e-7,1,-1.9843303888933407e-8,-7.587569825773244e-7],"p":[2163.05712890625,64.55773162841797,-148.2754364013672]},"j":false},{"t":2.2897818088531496,"c":{"r":[0.041874874383211139,3.746073318211529e-8,-0.9991228580474854,-4.0131640233198599e-9,1,3.7325420976230819e-8,0.9991228580474854,2.446646663045726e-9,0.041874874383211139],"p":[2164.5146484375,64.423828125,-148.2754364013672]},"j":false},{"t":2.3355541229248049,"c":{"r":[0.2890302538871765,-9.120579846921828e-8,-0.957319974899292,-7.1584866923046779e-9,1,-9.743327211708675e-8,0.957319974899292,3.501412493278622e-8,0.2890302538871765],"p":[2165.97216796875,63.94929885864258,-148.2754364013672]},"j":false},{"t":2.3383750915527345,"c":{"r":[0.2890302538871765,-9.120579846921828e-8,-0.957319974899292,-7.1584866923046779e-9,1,-9.743327211708675e-8,0.957319974899292,3.501412493278622e-8,0.2890302538871765],"p":[2165.97216796875,63.94929885864258,-148.2754364013672]},"j":true},{"t":2.3511903285980226,"c":{"r":[0.35510510206222536,-1.413521744098034e-7,-0.9348263740539551,1.1245665509918013e-9,1,-1.5077969806043257e-7,0.9348263740539551,5.2491365920559477e-8,0.35510510206222536],"p":[2166.55517578125,64.82496643066406,-148.2754364013672]},"j":true},{"t":2.359480142593384,"c":{"r":[0.38014137744903567,-1.4047816421225435e-7,-0.9249284267425537,4.162564515297618e-9,1,-1.5016924237443164e-7,0.9249284267425537,5.3235467589729527e-8,0.38014137744903567],"p":[2166.845458984375,65.24406433105469,-148.2827606201172]},"j":true},{"t":2.3814687728881838,"c":{"r":[0.38100725412368777,-1.2173583741059702e-7,-0.9245720505714417,1.0096368185941174e-8,1,-1.2750660971505568e-7,0.9245720505714417,3.924612457240073e-8,0.38100725412368777],"p":[2167.705322265625,66.41962432861328,-148.36318969726563]},"j":false},{"t":2.4219961166381838,"c":{"r":[0.3810676038265228,-6.923556128413111e-8,-0.9245471954345703,1.8171226301433309e-8,1,-6.739634272889816e-8,0.9245471954345703,8.882406810073462e-9,0.3810676038265228],"p":[2169.099365234375,68.10637664794922,-148.6920166015625]},"j":false},{"t":2.482264518737793,"c":{"r":[0.38106808066368105,4.062289615802683e-9,-0.9245469570159912,2.9452378313976625e-8,1,1.6533125091200419e-8,0.9245469570159912,-3.353035182840358e-8,0.38106808066368105],"p":[2170.9912109375,69.89558410644531,-149.44625854492188]},"j":false},{"t":2.531599521636963,"c":{"r":[0.2635303735733032,-1.6120236523420318e-7,-0.9646511077880859,1.778333746926819e-8,1,-1.622513252641511e-7,0.9646511077880859,2.560343403956722e-8,0.2635303735733032],"p":[2172.638671875,70.89781188964844,-150.03369140625]},"j":false},{"t":2.572465181350708,"c":{"r":[0.17461471259593965,-1.6360746712962283e-7,-0.9846368432044983,5.393254731700381e-9,1,-1.6520377243978147e-7,0.9846368432044983,2.3536612658858759e-8,0.17461471259593965],"p":[2174.05810546875,71.35832214355469,-150.36460876464845]},"j":false},{"t":2.613856315612793,"c":{"r":[0.1667800396680832,-9.911219223113221e-8,-0.9859941005706787,3.5670035813950564e-9,1,-9.991671134912394e-8,0.9859941005706787,1.3147068322894029e-8,0.1667800396680832],"p":[2175.49560546875,71.47820281982422,-150.61183166503907]},"j":false},{"t":2.6554148197174074,"c":{"r":[0.16676869988441468,1.0430754926460395e-8,-0.9859960675239563,1.928551901508868e-10,1,1.0611520551151444e-8,0.9859960675239563,-1.9598238587548168e-9,0.16676869988441468],"p":[2176.93359375,71.25745391845703,-150.8550567626953]},"j":false},{"t":2.6981120109558107,"c":{"r":[0.16676868498325349,1.197399370767016e-7,-0.9859960675239563,-3.174452034571118e-9,1,1.209036639693295e-7,0.9859960675239563,-1.7032947496886665e-8,0.16676868498325349],"p":[2178.37158203125,70.69608306884766,-151.09828186035157]},"j":false},{"t":2.7418129444122316,"c":{"r":[0.1667686253786087,1.0440766828878623e-7,-0.9859960675239563,-3.0143543217064918e-9,1,1.0538071393284554e-7,0.9859960675239563,-1.4602055564694183e-8,0.1667686253786087],"p":[2179.8095703125,69.7940902709961,-151.3415069580078]},"j":false},{"t":2.790262460708618,"c":{"r":[0.16676869988441468,2.215263350535679e-8,-0.9859960675239563,-1.0146452567028064e-9,1,2.2295649770853744e-8,0.9859960675239563,-2.7177802230937688e-9,0.16676869988441468],"p":[2181.53515625,68.26206970214844,-151.6333770751953]},"j":false},{"t":2.8313822746276857,"c":{"r":[0.16676869988441468,-4.623241167678316e-8,-0.9859960675239563,6.478733660664204e-10,1,-4.677946563447222e-8,0.9859960675239563,7.162549664485596e-9,0.16676869988441468],"p":[2182.97314453125,68.08406066894531,-151.87660217285157]},"j":false},{"t":2.872704029083252,"c":{"r":[0.1667674034833908,-1.1447161085698099e-7,-0.9859962463378906,2.306816737629447e-9,1,-1.1570723756904045e-7,0.9859962463378906,1.7021683618168028e-8,0.1667674034833908],"p":[2184.4111328125,68.15791320800781,-152.1198272705078]},"j":false},{"t":2.892707109451294,"c":{"r":[0.1667671650648117,-8.899847614429746e-8,-0.9859963059425354,1.8610670782237549e-9,1,-8.994771150128145e-8,0.9859963059425354,1.3165320389418867e-8,0.1667671650648117],"p":[2184.986328125,68.11805725097656,-152.2171173095703]},"j":true},{"t":2.900620460510254,"c":{"r":[0.1322559416294098,-6.788918227584873e-8,-0.9912155866622925,2.2129864607478568e-9,1,-6.819556119808112e-8,0.9912155866622925,6.8257217655798289e-9,0.1322559416294098],"p":[2185.27392578125,68.5575942993164,-152.26576232910157]},"j":true},{"t":2.9082911014556886,"c":{"r":[0.10552434623241425,-5.66373259403008e-8,-0.9944167137145996,3.761357891818307e-9,1,-5.6556178407163318e-8,0.9944167137145996,2.227696693779535e-9,0.10552434623241425],"p":[2185.562255859375,68.98350524902344,-152.30787658691407]},"j":true},{"t":2.914564847946167,"c":{"r":[0.07157015800476074,-9.849104998238545e-8,-0.9974355697631836,8.051535438369229e-9,1,-9.816653800953645e-8,0.9974355697631836,-1.0050936749550488e-9,0.07157015800476074],"p":[2185.85205078125,69.39579772949219,-152.3418731689453]},"j":false},{"t":2.9578871726989748,"c":{"r":[-0.1226992979645729,-3.728788158241514e-7,-0.9924439191818237,1.5520653207090619e-8,1,-3.776366668262199e-7,0.9924439191818237,-6.173912936446868e-8,-0.1226992979645729],"p":[2187.307861328125,71.25286865234375,-152.3699951171875]},"j":false},{"t":2.99814510345459,"c":{"r":[-0.1939256489276886,-1.8960818692903559e-7,-0.981016218662262,1.2731985243874533e-8,1,-1.957941577757083e-7,0.981016218662262,-5.045979278861523e-8,-0.1939256489276886],"p":[2188.74853515625,72.7693099975586,-152.1601104736328]},"j":false},{"t":3.04034423828125,"c":{"r":[-0.20103099942207337,-1.9342703438951504e-8,-0.9795848727226257,1.3384732433507907e-8,1,-2.2492640638915874e-8,0.9795848727226257,-1.763319978920208e-8,-0.20103099942207337],"p":[2190.17822265625,73.94512939453125,-151.87359619140626]},"j":false},{"t":3.081589460372925,"c":{"r":[-0.20107939839363099,1.2575542029935605e-7,-0.9795749187469482,1.3513332675074708e-8,1,1.2560361994928827e-7,0.9795749187469482,1.2018979589356605e-8,-0.20107939839363099],"p":[2191.6064453125,74.78031921386719,-151.58033752441407]},"j":false},{"t":3.1219913959503176,"c":{"r":[-0.2010796070098877,1.1019414358770519e-7,-0.9795749187469482,1.6181476159005115e-9,1,1.1215963979793742e-7,0.9795749187469482,2.0967918956671384e-8,-0.2010796070098877],"p":[2193.03466796875,75.27488708496094,-151.2870635986328]},"j":false},{"t":3.1644105911254885,"c":{"r":[-0.20107954740524293,9.466605632724168e-8,-0.9795749187469482,-1.0251612003742139e-8,1,9.874430162426506e-8,0.9795749187469482,2.9897680775548e-8,-0.20107954740524293],"p":[2194.462890625,75.4288330078125,-150.99378967285157]},"j":false},{"t":3.2065560817718508,"c":{"r":[-0.2010795921087265,7.917107325283723e-8,-0.9795749187469482,-2.2096010354744068e-8,1,8.535756279570706e-8,0.9795749187469482,3.880836274561261e-8,-0.2010795921087265],"p":[2195.89111328125,75.24214172363281,-150.7005157470703]},"j":false},{"t":3.2473361492156984,"c":{"r":[-0.19448013603687287,6.341601022086252e-8,-0.9809064269065857,-3.384505831149909e-8,1,7.136073065794335e-8,0.9809064269065857,4.707708356477269e-8,-0.19448013603687287],"p":[2197.3193359375,74.71483612060547,-150.40724182128907]},"j":false},{"t":3.289222002029419,"c":{"r":[-0.16034021973609925,-1.3078799376842199e-8,-0.9870617985725403,-4.1041811726927338e-8,1,-6.58332233172132e-9,0.9870617985725403,3.945523374682125e-8,-0.16034021973609925],"p":[2198.753173828125,73.84690856933594,-150.14108276367188]},"j":false},{"t":3.3311612606048586,"c":{"r":[-0.11188754439353943,-1.3815004251682695e-7,-0.9937208890914917,-1.3908145746199807e-8,1,-1.3745699334322126e-7,0.9937208890914917,-1.558911111310124e-9,-0.11188754439353943],"p":[2200.1962890625,72.63834381103516,-149.93544006347657]},"j":false},{"t":3.3729567527770998,"c":{"r":[-0.04951458051800728,-1.6547680559142464e-7,-0.9987733960151672,2.321818115547103e-8,1,-1.6683108583492868e-7,0.9987733960151672,-3.1450273496602679e-8,-0.04951458051800728],"p":[2201.649169921875,71.08915710449219,-149.8106231689453]},"j":false},{"t":3.413796901702881,"c":{"r":[-0.048854440450668338,-8.376731308601393e-9,-0.9988058805465698,1.1856854165159803e-8,1,-8.966697606638263e-9,0.9988058805465698,-1.228075863224376e-8,-0.048854440450668338],"p":[2203.104248046875,70.98702239990235,-149.73867797851563]},"j":false},{"t":3.4562389850616457,"c":{"r":[-0.048850663006305698,9.112713428294228e-8,-0.9988061189651489,5.769317801274099e-10,1,9.120784483229727e-8,0.9988061189651489,3.879320864541569e-9,-0.048850663006305698],"p":[2204.559326171875,70.60359954833985,-149.66757202148438]},"j":false},{"t":3.498723268508911,"c":{"r":[-0.04885066673159599,5.964936633517937e-8,-0.9988061189651489,-1.0805395689317266e-8,1,6.024914966928918e-8,0.9988061189651489,1.3735705906015028e-8,-0.04885066673159599],"p":[2206.014404296875,69.7944564819336,-149.59646606445313]},"j":false},{"t":3.5332694053649904,"c":{"r":[-0.06975705921649933,3.414747595797962e-8,-0.9975640177726746,-2.019486267101911e-8,1,3.564303696634852e-8,0.9975640177726746,2.2632022478319415e-8,-0.06975705921649933],"p":[2207.178466796875,68.96221160888672,-149.5325469970703]},"j":true},{"t":3.5401268005371095,"c":{"r":[-0.09063344448804856,2.738926418999199e-8,-0.9958842992782593,-2.2721048154039637e-8,1,2.9570252024768707e-8,0.9958842992782593,2.5307588913392466e-8,-0.09063344448804856],"p":[2207.469482421875,69.40174865722656,-149.51454162597657]},"j":false},{"t":3.5415568351745607,"c":{"r":[-0.09063344448804856,2.738926418999199e-8,-0.9958842992782593,-2.2721048154039637e-8,1,2.9570252024768707e-8,0.9958842992782593,2.5307588913392466e-8,-0.09063344448804856],"p":[2207.469482421875,69.40174865722656,-149.51454162597657]},"j":true},{"t":3.5488123893737795,"c":{"r":[-0.09733418375253678,2.0313446924546953e-8,-0.9952517747879028,-2.52608103323837e-8,1,2.288082967538685e-8,0.9952517747879028,2.7367951460632868e-8,-0.09733418375253678],"p":[2207.760009765625,69.8276596069336,-149.490478515625]},"j":true},{"t":3.5806238651275636,"c":{"r":[-0.11130710691213608,-3.08042302776812e-8,-0.9937860369682312,-3.454726638096872e-8,1,-2.712744340271911e-8,0.9937860369682312,3.1313117432318907e-8,-0.11130710691213608],"p":[2208.920654296875,71.39507293701172,-149.3706512451172]},"j":false},{"t":3.622450351715088,"c":{"r":[-0.11146903783082962,-1.0914210690771142e-7,-0.9937679171562195,-4.554828336722494e-8,1,-1.0471749334328706e-7,0.9937679171562195,3.359166456107232e-8,-0.11146903783082962],"p":[2210.370849609375,73.04776000976563,-149.2082061767578]},"j":false},{"t":3.663973569869995,"c":{"r":[-0.11146967858076096,-1.3490519279457659e-7,-0.9937678575515747,-4.1295344033187578e-8,1,-1.311191795139166e-7,0.9937678575515747,2.642217111770151e-8,-0.11146967858076096],"p":[2211.821044921875,74.35982513427735,-149.0457000732422]},"j":false},{"t":3.705834150314331,"c":{"r":[-0.11146918684244156,-3.837110895688056e-8,-0.9937679171562195,-1.5472664260940406e-9,1,-3.8438184191136318e-8,0.9937679171562195,-2.7470494767811717e-9,-0.11146918684244156],"p":[2213.271240234375,75.3312759399414,-148.88319396972657]},"j":false},{"t":3.7466554641723635,"c":{"r":[-0.11146992444992066,5.7956913934731349e-8,-0.9937677979469299,3.811600635117429e-8,1,5.404494629601686e-8,0.9937677979469299,-3.185407493333514e-8,-0.11146992444992066],"p":[2214.721435546875,75.96208953857422,-148.72068786621095]},"j":false},{"t":3.788613796234131,"c":{"r":[-0.11839910596609116,1.453266662565511e-7,-0.9929661154747009,7.878806940198047e-8,1,1.3696160294784932e-7,0.9929661154747009,-6.201775448744229e-8,-0.11839910596609116],"p":[2216.169677734375,76.25228118896485,-148.5506591796875]},"j":false},{"t":3.831171751022339,"c":{"r":[-0.11840458959341049,6.893325377177462e-8,-0.9929654598236084,3.421346761456334e-8,1,6.534187235729405e-8,0.9929654598236084,-2.623601425000288e-8,-0.11840458959341049],"p":[2217.617431640625,76.20185089111328,-148.3779296875]},"j":false},{"t":3.8726038932800295,"c":{"r":[-0.1184045821428299,-7.297663806582477e-9,-0.9929654598236084,-1.0265749139648506e-8,1,-6.125240314958091e-9,0.9929654598236084,9.468276829238676e-9,-0.1184045821428299],"p":[2219.065185546875,75.810791015625,-148.2052001953125]},"j":false},{"t":3.9150824546813967,"c":{"r":[-0.1184045821428299,-8.336588308566206e-8,-0.9929654598236084,-5.465011554406374e-8,1,-7.743981456087568e-8,0.9929654598236084,4.5096445688841416e-8,-0.1184045821428299],"p":[2220.512939453125,75.07910919189453,-148.032470703125]},"j":false},{"t":3.9736757278442385,"c":{"r":[-0.1184045821428299,-9.561862412965638e-8,-0.9929654598236084,-5.8672057434705496e-8,1,-8.929976758054181e-8,0.9929654598236084,4.7685823290066767e-8,-0.1184045821428299],"p":[2222.539794921875,73.48249816894531,-147.7906494140625]},"j":false},{"t":4.01479959487915,"c":{"r":[-0.13225793838500977,-1.5456429025562103e-8,-0.9912153482437134,-5.617588616502189e-9,1,-1.4843856810387024e-8,0.9912153482437134,3.605022280694925e-9,-0.13225793838500977],"p":[2223.720458984375,73.29476928710938,-147.6444854736328]},"j":false},{"t":4.056175708770752,"c":{"r":[-0.13917340338230134,6.513592154533399e-8,-0.9902680516242981,4.789325558363089e-8,1,5.904508171283851e-8,0.9902680516242981,-3.9209655966487847e-8,-0.13917340338230134],"p":[2225.146484375,73.06095123291016,-147.45428466796876]},"j":false},{"t":4.073989629745483,"c":{"r":[-0.13917399942874909,9.728701400035789e-8,-0.9902679324150086,6.934810414804815e-8,1,8.849681876199611e-8,0.9902679324150086,-5.635675037751753e-8,-0.13917399942874909],"p":[2225.724609375,73.06085968017578,-147.37713623046876]},"j":true},{"t":4.082968473434448,"c":{"r":[-0.13917399942874909,1.133522431473466e-7,-0.9902679324150086,8.006865215293146e-8,1,1.032132459499735e-7,0.9902679324150086,-6.492481929853966e-8,-0.13917399942874909],"p":[2226.013671875,73.50039672851563,-147.33856201171876]},"j":true},{"t":4.091069221496582,"c":{"r":[-0.13917399942874909,1.2941060845150788e-7,-0.9902679324150086,9.078461715716912e-8,1,1.1792339194016677e-7,0.9902679324150086,-7.348922537175895e-8,-0.13917399942874909],"p":[2226.302734375,73.92630767822266,-147.29849243164063]},"j":true},{"t":4.096514701843262,"c":{"r":[-0.13917399942874909,1.301873737702408e-7,-0.9902679324150086,9.091866104427027e-8,1,1.1868895199995677e-7,0.9902679324150086,-7.351541597699907e-8,-0.13917399942874909],"p":[2226.591796875,74.3386001586914,-147.25796508789063]},"j":false},{"t":4.138448715209961,"c":{"r":[-0.13917399942874909,5.777410905238867e-8,-0.9902679324150086,3.875781473539064e-8,1,5.289480142778302e-8,0.9902679324150086,-3.101904155755619e-8,-0.13917399942874909],"p":[2228.037109375,76.19567108154297,-147.05502319335938]},"j":false},{"t":4.181636810302734,"c":{"r":[-0.13917399942874909,-1.4484580646012546e-8,-0.9902679324150086,-1.329163268337652e-8,1,-1.2758901490883546e-8,0.9902679324150086,1.1386570797355944e-8,-0.13917399942874909],"p":[2229.482421875,77.71211242675781,-146.85208129882813]},"j":false},{"t":4.222266435623169,"c":{"r":[-0.13917399942874909,-8.658901151648024e-8,-0.9902679324150086,-6.522991924384769e-8,1,-7.827245696034879e-8,0.9902679324150086,5.37016084933839e-8,-0.13917399942874909],"p":[2230.927734375,78.88793182373047,-146.64913940429688]},"j":false},{"t":4.2648773193359379,"c":{"r":[-0.13917337357997895,-1.1388868870199076e-7,-0.9902680516242981,-8.415027963337707e-8,1,-1.0318136389741994e-7,0.9902680516242981,6.8971232281001e-8,-0.13917337357997895],"p":[2232.373046875,79.7231216430664,-146.44619750976563]},"j":false},{"t":4.30616307258606,"c":{"r":[-0.13917408883571626,-3.705618922822396e-8,-0.9902679324150086,-2.632923035150725e-8,1,-3.372000989543267e-8,0.9902679324150086,2.13800408488396e-8,-0.13917408883571626],"p":[2233.818359375,80.21768951416016,-146.24325561523438]},"j":false},{"t":4.347243309020996,"c":{"r":[-0.13917286694049836,3.961236672012092e-8,-0.9902681112289429,3.136833015560114e-8,1,3.559313199730241e-8,0.9902681112289429,-2.610945948333665e-8,-0.13917286694049836],"p":[2235.263671875,80.37163543701172,-146.04031372070313]},"j":false},{"t":4.388462066650391,"c":{"r":[-0.13917438685894013,1.1611736283612118e-7,-0.9902678728103638,8.894269853954029e-8,1,1.0475834244516591e-7,0.9902678728103638,-7.349741792950226e-8,-0.13917438685894013],"p":[2236.708984375,80.18494415283203,-145.83737182617188]},"j":false},{"t":4.430495977401733,"c":{"r":[-0.1391734629869461,8.576483878641739e-8,-0.9902679920196533,6.515482908753256e-8,1,7.745076402443374e-8,0.9902679920196533,-5.374165468197134e-8,-0.1391734629869461],"p":[2238.154296875,79.65763854980469,-145.63442993164063]},"j":false},{"t":4.471592903137207,"c":{"r":[-0.12572374939918519,5.553259629920149e-9,-0.9920653104782105,7.158189596623288e-9,1,4.6905230810523339e-9,0.9920653104782105,-6.511681416299098e-9,-0.12572374939918519],"p":[2239.599609375,78.78971099853516,-145.4329833984375]},"j":false},{"t":4.513948202133179,"c":{"r":[-0.11842359602451325,-1.1113822040442756e-7,-0.9929631948471069,-4.7477808351459319e-8,1,-1.0626348512232653e-7,0.9929631948471069,3.4559608508288878e-8,-0.11842359602451325],"p":[2241.047119140625,77.58114624023438,-145.25498962402345]},"j":false},{"t":4.556127309799194,"c":{"r":[-0.11840490996837616,-9.868527683920547e-8,-0.9929654002189636,-4.303928591298245e-8,1,-9.425224334336235e-8,0.9929654002189636,3.157659378416611e-8,-0.11840490996837616],"p":[2242.494873046875,76.0319595336914,-145.08226013183595]},"j":false},{"t":4.59760046005249,"c":{"r":[-0.11148586869239807,-5.917458167914447e-8,-0.9937660098075867,-2.3938360627084877e-8,1,-5.686025872364553e-8,0.9937660098075867,1.745001299013893e-8,-0.11148586869239807],"p":[2243.94384765625,74.14215850830078,-144.91500854492188]},"j":false},{"t":4.639514207839966,"c":{"r":[-0.11146972328424454,-2.3972665630367375e-8,-0.9937678575515747,-4.699977740330041e-9,1,-2.359581330324545e-8,0.9937678575515747,2.040468016772934e-9,-0.11146972328424454],"p":[2245.267578125,72.26565551757813,-144.76657104492188]},"j":false},{"t":4.682321548461914,"c":{"r":[-0.11146962642669678,1.1153213463899192e-8,-0.9937678575515747,1.449772124573201e-8,1,9.596967665004286e-9,0.9937678575515747,-1.333759858113126e-8,-0.11146962642669678],"p":[2246.46142578125,72.21309661865235,-144.63262939453126]},"j":false},{"t":4.722579002380371,"c":{"r":[-0.11146962642669678,4.62040823379084e-8,-0.9937678575515747,3.36544623280588e-8,1,4.2718863113577757e-8,0.9937678575515747,-2.8682867636575794e-8,-0.11146962642669678],"p":[2247.57373046875,71.90612030029297,-144.50784301757813]},"j":false},{"t":4.764691114425659,"c":{"r":[-0.11146962642669678,8.118009731106213e-8,-0.9937678575515747,5.277032144590521e-8,1,7.577001781555737e-8,0.9937678575515747,-4.399539221822124e-8,-0.11146962642669678],"p":[2248.837646484375,72.00374603271485,-144.36607360839845]},"j":false},{"t":4.806106805801392,"c":{"r":[-0.11146962642669678,1.1608143779540114e-7,-0.9937678575515747,7.184539185800532e-8,1,1.0875060496573497e-7,0.9937678575515747,-5.927524782123328e-8,-0.11146962642669678],"p":[2249.9912109375,71.8480224609375,-144.23670959472657]},"j":false},{"t":4.847919940948486,"c":{"r":[-0.11146962642669678,-4.541651499323507e-9,-0.9937678575515747,-4.281162091501756e-9,1,-4.089920846439554e-9,0.9937678575515747,3.79857922894189e-9,-0.11146962642669678],"p":[2251.211669921875,71.7821273803711,-144.09983825683595]},"j":false},{"t":4.88963770866394,"c":{"r":[-0.11146962642669678,-7.749248709387757e-8,-0.9937678575515747,-4.9805574775518838e-8,1,-7.239183474894162e-8,0.9937678575515747,4.142568954534909e-8,-0.11146962642669678],"p":[2252.45068359375,71.33604431152344,-143.9608612060547]},"j":false},{"t":4.931103229522705,"c":{"r":[-0.11146962642669678,-3.9771478554939679e-8,-0.9937678575515747,-2.428269496590474e-8,1,-3.7297137822633888e-8,0.9937678575515747,1.9973864340272486e-8,-0.11146962642669678],"p":[2253.70556640625,70.54052734375,-143.8200225830078]},"j":false},{"t":4.9729228019714359,"c":{"r":[-0.09063322097063065,-2.0384967047704096e-9,-0.995884358882904,9.890575025650606e-10,1,-2.1369330749365646e-9,0.995884358882904,-1.1786639442235015e-9,-0.09063322097063065],"p":[2254.830078125,70.97621154785156,-143.6949005126953]},"j":false},{"t":5.014330863952637,"c":{"r":[-0.041876256465911868,3.509861912220913e-8,-0.9991227984428406,2.451157676830462e-8,1,3.410207938259191e-8,0.9991227984428406,-2.3062007414864639e-8,-0.041876256465911868],"p":[2255.96435546875,71.64127349853516,-143.6035614013672]},"j":false},{"t":5.055617570877075,"c":{"r":[-0.013963043689727784,7.177047933737413e-8,-0.9999024868011475,4.660636676590002e-8,1,7.112664235364719e-8,0.9999024868011475,-4.560867949976455e-8,-0.013963043689727784],"p":[2257.018798828125,72.27690887451172,-143.57223510742188]},"j":false},{"t":5.0973076820373539,"c":{"r":[-7.525086402893066e-7,1.0831629992935632e-7,-1,6.823997722449349e-8,1,1.0831625019136482e-7,1,-6.823989906479255e-8,-7.525086402893066e-7],"p":[2258.27978515625,72.42609405517578,-143.5550537109375]},"j":false},{"t":5.1395862102508549,"c":{"r":[0.03489866852760315,8.041772581179885e-9,-0.9993908405303955,6.0790799061294369e-9,1,8.258955297435478e-9,0.9993908405303955,-6.363603421988273e-9,0.03489866852760315],"p":[2259.350830078125,72.2347183227539,-143.5675811767578]},"j":false},{"t":5.180567026138306,"c":{"r":[0.04187464341521263,-7.590877970642396e-8,-0.9991228580474854,-4.52419612884114e-8,1,-7.787156874883294e-8,0.9991228580474854,4.8463121515851529e-8,0.04187464341521263],"p":[2260.519287109375,71.9603042602539,-143.61309814453126]},"j":false},{"t":5.222299814224243,"c":{"r":[0.04187464341521263,-4.146063403709377e-8,-0.9991228580474854,-2.57685250915074e-8,1,-4.2577028125379e-8,0.9991228580474854,2.7528820112365794e-8,0.04187464341521263],"p":[2261.65234375,71.60421752929688,-143.66062927246095]},"j":false},{"t":5.264784097671509,"c":{"r":[0.04187464341521263,-7.086012665524777e-9,-0.9991228580474854,-6.3366702995892869e-9,1,-7.3578121373429898e-9,0.9991228580474854,6.639218064208308e-9,0.04187464341521263],"p":[2262.8974609375,72.02629089355469,-143.71279907226563]},"j":false},{"t":5.300542831420898,"c":{"r":[0.04187464341521263,2.0360861441304224e-8,-0.9991228580474854,9.178925175490349e-9,1,2.076343896817434e-8,0.9991228580474854,-1.0040335673977552e-8,0.04187464341521263],"p":[2263.89111328125,72.65058898925781,-143.7544403076172]},"j":true},{"t":5.306757688522339,"c":{"r":[0.04187464341521263,2.7215254050361183e-8,-0.9991228580474854,1.305367902659782e-8,1,2.778624441646116e-8,0.9991228580474854,-1.4205768117392381e-8,0.04187464341521263],"p":[2264.14404296875,73.09012603759766,-143.76502990722657]},"j":false},{"t":5.30777645111084,"c":{"r":[0.04187464341521263,2.7215254050361183e-8,-0.9991228580474854,1.305367902659782e-8,1,2.778624441646116e-8,0.9991228580474854,-1.4205768117392381e-8,0.04187464341521263],"p":[2264.14404296875,73.09012603759766,-143.76502990722657]},"j":true},{"t":5.316816091537476,"c":{"r":[0.04187465459108353,3.406671922334681e-8,-0.9991228580474854,1.692677642495255e-8,1,3.480604959804623e-8,0.9991228580474854,-1.8369419763075713e-8,0.04187465459108353],"p":[2264.404296875,73.51603698730469,-143.77593994140626]},"j":true},{"t":5.346972465515137,"c":{"r":[0.04187459498643875,6.14433233181444e-8,-0.9991228580474854,3.2402621030769299e-8,1,6.285529963179215e-8,0.9991228580474854,-3.500623790841928e-8,0.04187459498643875],"p":[2265.534912109375,75.08345031738281,-143.8233184814453]},"j":false},{"t":5.389815330505371,"c":{"r":[0.04187466949224472,9.559833813455043e-8,-0.9991228580474854,5.1710241422142647e-8,1,9.784951515712237e-8,0.9991228580474854,-5.576230321935327e-8,0.04187466949224472],"p":[2266.992431640625,76.73613739013672,-143.8843536376953]},"j":false},{"t":5.431210994720459,"c":{"r":[0.007485491689294577,8.583307931075979e-8,-0.9999719858169556,7.34765