{"d":[{"t":0.048935890197753909,"c":{"r":[0.7524170875549316,-7.327517437261122e-8,-0.6586869359016419,5.836285410509845e-8,1,-4.457650248923528e-8,0.6586869359016419,-4.902727113176297e-9,0.7524170875549316],"p":[2331.912353515625,64.40973663330078,-138.99632263183595]},"j":false},{"t":0.09007382392883301,"c":{"r":[0.7524170875549316,-6.635899296725256e-8,-0.6586869359016419,5.3255750032121799e-8,1,-3.9910396765208137e-8,0.6586869359016419,-5.049602513906848e-9,0.7524170875549316],"p":[2332.32861328125,64.41053771972656,-139.47105407714845]},"j":false},{"t":0.13370203971862794,"c":{"r":[0.7524170875549316,2.0582909598942935e-8,-0.6586869359016419,-1.5899328076329767e-8,1,1.308661623511398e-8,0.6586869359016419,6.260859608531177e-10,0.7524170875549316],"p":[2333.36279296875,64.41647338867188,-140.65342712402345]},"j":false},{"t":0.18330621719360352,"c":{"r":[0.7524170875549316,1.1519588838382333e-7,-0.6586869359016419,-9.11560888994245e-8,1,7.075970387404596e-8,0.6586869359016419,6.802513663473064e-9,0.7524170875549316],"p":[2334.51416015625,64.4150390625,-141.9701385498047]},"j":false},{"t":0.2242577075958252,"c":{"r":[0.7524170875549316,2.986251601555523e-8,-0.6586869359016419,-2.3797026571514836e-8,1,1.815312700159666e-8,0.6586869359016419,2.016067979226932e-9,0.7524170875549316],"p":[2335.4736328125,64.41979217529297,-143.06739807128907]},"j":false},{"t":0.2653617858886719,"c":{"r":[0.7524170875549316,-6.316525258398542e-8,-0.6586869359016419,4.968325839627141e-8,1,-3.9142598495800487e-8,0.6586869359016419,-3.2741542810299508e-9,0.7524170875549316],"p":[2336.337158203125,64.42166137695313,-144.054931640625]},"j":false},{"t":0.3063178062438965,"c":{"r":[0.7524170875549316,-7.512718269708785e-8,-0.6586869359016419,5.9258852047605617e-8,1,-4.636468275975858e-8,0.6586869359016419,-4.14745260357563e-9,0.7524170875549316],"p":[2337.296630859375,63.974205017089847,-145.15219116210938]},"j":false},{"t":0.34882640838623049,"c":{"r":[0.7524170875549316,4.03170341556347e-9,-0.6586869359016419,-3.01278890724177e-9,1,2.679314325959581e-9,0.6586869359016419,-3.147711605255843e-11,0.7524170875549316],"p":[2338.256103515625,63.15119934082031,-146.24945068359376]},"j":false},{"t":0.38976550102233889,"c":{"r":[0.7524170875549316,8.302166065732308e-8,-0.6586869359016419,-6.515151795838392e-8,1,5.161867733249892e-8,0.6586869359016419,4.075678017301243e-9,0.7524170875549316],"p":[2339.215576171875,62.542354583740237,-147.34671020507813]},"j":false},{"t":0.4315171241760254,"c":{"r":[0.7524170875549316,7.105151667019527e-8,-0.6586869359016419,-5.58314603438248e-8,1,4.409221787682327e-8,0.6586869359016419,3.599715192592612e-9,0.7524170875549316],"p":[2340.175048828125,62.640533447265628,-148.4439697265625]},"j":false},{"t":0.4732484817504883,"c":{"r":[0.7524170875549316,-4.183955937264727e-8,-0.6586869359016419,3.276424465070704e-8,1,-2.6093093907775257e-8,0.6586869359016419,-1.948491146208653e-9,0.7524170875549316],"p":[2341.23046875,62.6687126159668,-149.6509552001953]},"j":false},{"t":0.5169646739959717,"c":{"r":[0.7524170875549316,-9.005843537579494e-8,-0.6586869359016419,7.063176354904499e-8,1,-5.60416282269216e-8,0.6586869359016419,-4.357543659239127e-9,0.7524170875549316],"p":[2342.18994140625,62.673851013183597,-150.7482147216797]},"j":false},{"t":0.565136194229126,"c":{"r":[0.7524170875549316,3.7226830507108845e-9,-0.6586869359016419,-2.8632785031845744e-9,1,2.380954100544841e-9,0.6586869359016419,9.453361010658412e-11,0.7524170875549316],"p":[2343.34130859375,62.6750602722168,-152.06492614746095]},"j":false},{"t":0.608046293258667,"c":{"r":[0.7524170875549316,8.169016751935487e-8,-0.6586869359016419,-6.396535212616073e-8,1,5.0952184693642269e-8,0.6586869359016419,3.795848080301312e-9,0.7524170875549316],"p":[2344.30078125,62.67524337768555,-153.1621856689453]},"j":false},{"t":0.6571760177612305,"c":{"r":[0.7524170875549316,4.9813866809245158e-8,-0.6586869359016419,-3.903035050711878e-8,1,3.104170431811326e-8,0.6586869359016419,2.3524715508926876e-9,0.7524170875549316],"p":[2345.4521484375,62.6752815246582,-154.47889709472657]},"j":false},{"t":0.6982104778289795,"c":{"r":[0.7478002905845642,-5.115956724921489e-8,-0.6639236807823181,3.958018979233202e-8,1,-3.247585311783041e-8,0.6639236807823181,-1.9927715033674078e-9,0.7478002905845642],"p":[2346.41845703125,62.6752815246582,-155.57118225097657]},"j":false},{"t":0.7396883964538574,"c":{"r":[0.7431467771530151,-8.853647415207888e-8,-0.6691284775733948,6.868769730772328e-8,1,-5.6030252437722086e-8,0.6691284775733948,-4.322194602224272e-9,0.7431467771530151],"p":[2347.291259765625,62.6752815246582,-156.55224609375]},"j":false},{"t":0.7809329032897949,"c":{"r":[0.733730137348175,-1.1746943862078752e-8,-0.679440975189209,9.229739639238233e-9,1,-7.321909745172661e-9,0.679440975189209,-8.987575128571734e-10,0.733730137348175],"p":[2348.263916015625,62.56930923461914,-157.6278533935547]},"j":false},{"t":0.8237411975860596,"c":{"r":[0.7144724726676941,6.483177372729188e-8,-0.699663519859314,-4.879017723169454e-8,1,4.2838493641284006e-8,0.699663519859314,3.5297820222268685e-9,0.7144724726676941],"p":[2349.2236328125,62.14396286010742,-158.64364624023438]},"j":false},{"t":0.8647372722625732,"c":{"r":[0.7046311497688294,8.851901611706126e-8,-0.7095737457275391,-6.637321803282248e-8,1,5.883867260081388e-8,0.7095737457275391,5.637130762181641e-9,0.7046311497688294],"p":[2350.18896484375,61.59942626953125,-159.62393188476563]},"j":false},{"t":0.9067826271057129,"c":{"r":[0.6996627449989319,-1.0530000871256107e-8,-0.7144732475280762,8.006504792490432e-9,1,-6.897595827837222e-9,0.7144732475280762,-8.944427420942702e-10,0.6996627449989319],"p":[2351.148193359375,61.037109375,-160.5668182373047]},"j":false},{"t":0.9480161666870117,"c":{"r":[0.6996627449989319,-1.0932627247939308e-7,-0.7144732475280762,8.222762204468381e-8,1,-7.249349920357418e-8,0.7144732475280762,-8.028432141315989e-9,0.6996627449989319],"p":[2352.036865234375,60.27982711791992,-161.43707275390626]},"j":false},{"t":0.984393835067749,"c":{"r":[0.6996627449989319,-4.1607730594250827e-8,-0.7144732475280762,3.124908687368588e-8,1,-2.763421491636109e-8,0.7144732475280762,-2.992006198354602e-9,0.6996627449989319],"p":[2352.680908203125,59.30942153930664,-162.0679168701172]},"j":true},{"t":0.9910333156585693,"c":{"r":[0.6996627449989319,-2.657683673135125e-8,-0.7144732475280762,1.9933825257112404e-8,1,-1.7677191266329829e-8,0.7144732475280762,-1.874112864896915e-9,0.6996627449989319],"p":[2352.805419921875,59.75236892700195,-162.18980407714845]},"j":false},{"t":0.9922149181365967,"c":{"r":[0.6996627449989319,-2.657683673135125e-8,-0.7144732475280762,1.9933825257112404e-8,1,-1.7677191266329829e-8,0.7144732475280762,-1.874112864896915e-9,0.6996627449989319],"p":[2352.805419921875,59.75236892700195,-162.18980407714845]},"j":true},{"t":1.0079283714294434,"c":{"r":[0.6996627449989319,3.46569839493327e-9,-0.7144732475280762,-2.6822040144480754e-9,1,2.2241002373135645e-9,0.7144732475280762,3.6024278005086787e-10,0.6996627449989319],"p":[2353.0595703125,60.60419845581055,-162.4387969970703]},"j":true},{"t":1.0313608646392823,"c":{"r":[0.7045754194259644,3.8272407465456129e-8,-0.7096290588378906,-3.090413258632907e-8,1,2.324892633964737e-8,0.7096290588378906,5.54984991296692e-9,0.7045754194259644],"p":[2353.414794921875,61.59233856201172,-162.7871551513672]},"j":false},{"t":1.0730443000793458,"c":{"r":[0.7046339511871338,1.0501590708145159e-7,-0.7095710039138794,-8.708003917945462e-8,1,6.152500020562002e-8,0.7095710039138794,1.84368662559109e-8,0.7046339511871338],"p":[2354.255615234375,63.31315612792969,-163.61680603027345]},"j":false},{"t":1.115370273590088,"c":{"r":[0.7094966769218445,1.6909017119814963e-7,-0.7047088146209717,-1.4300331940830802e-7,1,9.596842431847108e-8,0.7047088146209717,3.268641535214556e-8,0.7094966769218445],"p":[2355.256591796875,64.69332885742188,-164.6105499267578]},"j":false},{"t":1.1583294868469239,"c":{"r":[0.7287687063217163,1.9066442646931138e-8,-0.6847599148750305,-4.8123819595957687e-8,1,-2.3372702884216779e-8,0.6847599148750305,4.998655711574429e-8,0.7287687063217163],"p":[2356.37451171875,65.81812286376953,-165.76089477539063]},"j":false},{"t":1.2074334621429444,"c":{"r":[0.7431221008300781,-1.230231276849736e-7,-0.6691558361053467,4.5570260454042e-8,1,-1.332407890686227e-7,0.6691558361053467,6.852057055084515e-8,0.7431221008300781],"p":[2357.55712890625,66.57510375976563,-167.0508270263672]},"j":false},{"t":1.247581958770752,"c":{"r":[0.7477681040763855,-1.5605657210926439e-7,-0.6639599800109863,8.199310030931884e-8,1,-1.4269646442244267e-7,0.6639599800109863,5.226372223887665e-8,0.7477681040763855],"p":[2358.433349609375,66.8209457397461,-168.0284881591797]},"j":false},{"t":1.2891697883605958,"c":{"r":[0.7703589797019959,-7.109855459930259e-8,-0.6376103758811951,3.7201562719246797e-8,1,-6.656101447788387e-8,0.6376103758811951,2.7555774551046853e-8,0.7703589797019959],"p":[2359.39208984375,66.77051544189453,-169.12762451171876]},"j":false},{"t":1.3313367366790772,"c":{"r":[0.7833748459815979,-6.447724132385702e-8,-0.6215495467185974,-6.391382534332024e-9,1,-1.1179171366393348e-7,0.6215495467185974,9.154737767858023e-8,0.7833748459815979],"p":[2360.406494140625,66.32161712646485,-170.3700714111328]},"j":false},{"t":1.3730394840240479,"c":{"r":[0.7921058535575867,-5.7740525249982969e-8,-0.6103837490081787,-2.4450665492281588e-8,1,-1.2632715140625806e-7,0.6103837490081787,1.1498876517634926e-7,0.7921058535575867],"p":[2361.21923828125,65.64777374267578,-171.40042114257813]},"j":false},{"t":1.41510009765625,"c":{"r":[0.8287478685379028,-7.247091105000436e-8,-0.5596221685409546,-1.709002894756395e-8,1,-1.548084469504829e-7,0.5596221685409546,1.3786113584046689e-7,0.8287478685379028],"p":[2362.091552734375,64.5754623413086,-172.56918334960938]},"j":false},{"t":1.4626984596252442,"c":{"r":[0.8547425866127014,-9.581436444250358e-8,-0.5190521478652954,1.900009216626586e-8,1,-1.5330670066759922e-7,0.5190521478652954,1.2117573078285205e-7,0.8547425866127014],"p":[2363.048583984375,62.83905792236328,-174.03399658203126]},"j":false},{"t":1.5057249069213868,"c":{"r":[0.865929365158081,-7.102700294581155e-8,-0.5001662969589233,1.825927853360554e-8,1,-1.1039478664542912e-7,0.5001662969589233,8.646141225199244e-8,0.865929365158081],"p":[2363.794921875,61.01736831665039,-175.28660583496095]},"j":false},{"t":1.5249505043029786,"c":{"r":[0.866011917591095,-5.4355336231992626e-8,-0.5000234246253967,1.4740331621965197e-8,1,-8.317617528064147e-8,0.5000234246253967,6.466104451874344e-8,0.866011917591095],"p":[2364.0869140625,60.19332504272461,-175.791748046875]},"j":true},{"t":1.547757863998413,"c":{"r":[0.8660227656364441,-2.9451907579414184e-8,-0.5000045299530029,9.483223983863809e-9,1,-4.24780530750013e-8,0.5000045299530029,3.2045306852523939e-8,0.8660227656364441],"p":[2364.52490234375,58.855064392089847,-176.54953002929688]},"j":false},{"t":1.5597891807556153,"c":{"r":[0.866022527217865,-1.7013313424740774e-8,-0.5000049471855164,6.8575172207374639e-9,1,-2.2148880063355138e-8,0.5000049471855164,1.5752636528532095e-8,0.866022527217865],"p":[2364.736083984375,58.13994598388672,-176.91551208496095]},"j":true},{"t":1.5682127475738526,"c":{"r":[0.8660228848457336,-8.725329792014236e-9,-0.5000044107437134,5.1079784846308488e-9,1,-8.603332268819486e-9,0.5000044107437134,4.896670624532362e-9,0.8660228848457336],"p":[2364.874267578125,58.57948684692383,-177.1551971435547]},"j":true},{"t":1.5770540237426758,"c":{"r":[0.8660230040550232,-4.4089634720911876e-10,-0.5000041723251343,3.3591860404413866e-9,1,4.936430819668658e-9,0.5000041723251343,-5.954669646257571e-9,0.8660230040550232],"p":[2365.016357421875,59.005401611328128,-177.40133666992188]},"j":true},{"t":1.5888302326202393,"c":{"r":[0.8660230040550232,1.1979112812809945e-8,-0.5000041723251343,7.374004185045635e-10,1,2.5235227241182657e-8,0.5000041723251343,-2.2222989670694916e-8,0.8660230040550232],"p":[2365.234375,59.61872482299805,-177.77899169921876]},"j":false},{"t":1.6317923069000245,"c":{"r":[0.869478702545166,5.222259247261718e-8,-0.49397042393684389,-8.138558271753027e-9,1,9.139472467722953e-8,0.49397042393684389,-7.544556268612723e-8,0.869478702545166],"p":[2365.9609375,61.44173049926758,-179.04360961914063]},"j":false},{"t":1.6726093292236329,"c":{"r":[0.8694936633110046,9.161686165271021e-8,-0.49394407868385317,-1.713946851111814e-8,1,1.553094932660315e-7,0.49394407868385317,-1.2657469028454217e-7,0.8694936633110046],"p":[2366.68115234375,62.924102783203128,-180.31161499023438]},"j":false},{"t":1.715547800064087,"c":{"r":[0.8694926500320435,4.878950932152293e-8,-0.4939459264278412,-9.986803384265386e-9,1,8.119523897676118e-8,0.4939459264278412,-6.566571641997143e-8,0.8694926500320435],"p":[2367.4013671875,64.06585693359375,-181.57962036132813]},"j":false},{"t":1.757200002670288,"c":{"r":[0.8694927096366882,-1.4459890174123302e-8,-0.49394580721855166,1.1800991295274344e-9,1,-2.7196914942351215e-8,0.49394580721855166,2.3064613330348039e-8,0.8694927096366882],"p":[2368.12158203125,64.8669662475586,-182.84762573242188]},"j":false},{"t":1.7983484268188477,"c":{"r":[0.8694933652877808,-7.757429898447299e-8,-0.49394458532333376,1.2323316589402112e-8,1,-1.3535780851725577e-7,0.49394458532333376,1.1160568647028413e-7,0.8694933652877808],"p":[2368.841796875,65.32747650146485,-184.11563110351563]},"j":false},{"t":1.8396294116973878,"c":{"r":[0.8625427484512329,-6.039650912725847e-8,-0.5059841871261597,9.47640987902787e-9,1,-1.0321014087821823e-7,0.5059841871261597,8.422824748777202e-8,0.8625427484512329],"p":[2369.571533203125,65.44735717773438,-185.37815856933595]},"j":false},{"t":1.8826103210449219,"c":{"r":[0.8625156283378601,-3.4811836968628998e-8,-0.5060304403305054,5.2316022625120699e-9,1,-5.987683238117825e-8,0.5060304403305054,4.8997350177160118e-8,0.8625156283378601],"p":[2370.382568359375,65.18579864501953,-186.76173400878907]},"j":false},{"t":1.922837257385254,"c":{"r":[0.8589841723442078,-1.6846943395876225e-8,-0.5120021104812622,2.1990189669196526e-9,1,-2.921476571771109e-8,0.5120021104812622,2.396912002211593e-8,0.8589841723442078],"p":[2371.049560546875,64.66524505615235,-187.89198303222657]},"j":false},{"t":1.9647986888885499,"c":{"r":[0.8589595556259155,1.8979136040542245e-9,-0.5120434165000916,-1.0807518213695744e-9,1,1.89357263202794e-9,0.5120434165000916,-1.0731106003802893e-9,0.8589595556259155],"p":[2371.871337890625,63.654296875,-189.2698516845703]},"j":false},{"t":2.006941080093384,"c":{"r":[0.8589578866958618,1.889980438818384e-8,-0.5120462775230408,-4.055806801517292e-9,1,3.01067260011223e-8,0.5120462775230408,-2.378365060451415e-8,0.8589578866958618],"p":[2372.618408203125,62.37761306762695,-190.52244567871095]},"j":false},{"t":2.0485148429870607,"c":{"r":[0.855367124080658,2.982552516073156e-8,-0.5180222392082214,-6.142840902612079e-9,1,4.74325965171829e-8,0.5180222392082214,-3.739015497217224e-8,0.855367124080658],"p":[2373.295654296875,60.9373664855957,-191.64646911621095]},"j":false},{"t":2.058366298675537,"c":{"r":[0.8553669452667236,3.197666487153583e-8,-0.5180225372314453,-6.5798042570008878e-9,1,5.086365106876656e-8,0.5180225372314453,-4.009860177234259e-8,0.8553669452667236],"p":[2373.446533203125,60.57984161376953,-191.8959503173828]},"j":true},{"t":2.091623306274414,"c":{"r":[0.8483144044876099,3.9791476780237647e-8,-0.5294928550720215,-8.174717791575859e-9,1,6.205323899166615e-8,0.5294928550720215,-4.83121986860624e-8,0.8483144044876099],"p":[2374.050048828125,59.013492584228519,-192.8938751220703]},"j":false},{"t":2.0998620986938478,"c":{"r":[0.8444780111312866,3.7850437450970278e-8,-0.5355902314186096,-8.190551348263853e-9,1,5.775627798243477e-8,0.5355902314186096,-4.438712508658682e-8,0.8444780111312866],"p":[2374.197265625,59.057918548583987,-193.13699340820313]},"j":true},{"t":2.109409809112549,"c":{"r":[0.8368778824806213,3.540689164083233e-8,-0.5473896265029907,-8.202281520652832e-9,1,5.2143082740485627e-8,0.5473896265029907,-3.9147547425955057e-8,0.8368778824806213],"p":[2374.1240234375,59.565025329589847,-193.04302978515626]},"j":true},{"t":2.115884304046631,"c":{"r":[0.8293694853782654,3.028316086783889e-8,-0.5587005019187927,-8.087822855884497e-9,1,4.219678828576434e-8,0.5587005019187927,-3.0478055634830528e-8,0.8293694853782654],"p":[2374.05517578125,60.05850601196289,-192.9552001953125]},"j":true},{"t":2.1399099826812746,"c":{"r":[0.813548743724823,-4.7036824213364528e-8,-0.5814967155456543,-4.343227111291981e-9,1,-8.696567022070667e-8,0.5814967155456543,7.327638940068937e-8,0.813548743724823],"p":[2373.858642578125,61.678401947021487,-192.71151733398438]},"j":false},{"t":2.1804497241973879,"c":{"r":[0.8049014806747437,-7.497101961462249e-8,-0.593408465385437,2.3573849539104687e-9,1,-1.2314208674979455e-7,0.593408465385437,9.771834896810106e-8,0.8049014806747437],"p":[2373.71240234375,63.515865325927737,-192.54205322265626]},"j":false},{"t":2.2222723960876467,"c":{"r":[0.8048921227455139,-5.4490929102257726e-8,-0.5934211015701294,8.034371390408524e-9,1,-8.092757042277299e-8,0.5934211015701294,6.037019772975327e-8,0.8048921227455139],"p":[2373.69189453125,65.23390197753906,-192.54209899902345]},"j":false},{"t":2.2638866901397707,"c":{"r":[0.8089652061462402,-3.4253208269774407e-8,-0.5878565311431885,1.3638479678945714e-8,1,-3.949969595851144e-8,0.5878565311431885,2.3936408410918376e-8,0.8089652061462402],"p":[2373.82080078125,66.61131286621094,-192.74034118652345]},"j":false},{"t":2.306648015975952,"c":{"r":[0.8130193948745728,-1.762017198814192e-8,-0.582236647605896,1.919701730912493e-8,1,-3.4567106954597195e-9,0.582236647605896,-8.366834336470675e-9,0.8130193948745728],"p":[2374.098388671875,67.64810180664063,-193.1377410888672]},"j":false},{"t":2.347867727279663,"c":{"r":[0.8209234476089478,-9.193890981862296e-9,-0.5710382461547852,2.5133875425353837e-8,1,2.003210397560906e-8,0.5710382461547852,-3.0797227879020286e-8,0.8209234476089478],"p":[2374.521728515625,68.34426879882813,-193.73583984375]},"j":false},{"t":2.3901236057281496,"c":{"r":[0.8328800797462463,-4.7754948440115189e-8,-0.5534535050392151,3.5202116777099948e-8,1,-3.3310488589677337e-8,0.5534535050392151,8.260907513601979e-9,0.8328800797462463],"p":[2375.083984375,68.69979858398438,-194.5396728515625]},"j":false},{"t":2.43251895904541,"c":{"r":[0.8366712927818298,-1.0951620765808912e-7,-0.547705352306366,4.847365175919549e-8,1,-1.2590655273925223e-7,0.547705352306366,7.879312136083172e-8,0.8366712927818298],"p":[2375.8486328125,68.69747161865235,-195.6703643798828]},"j":false},{"t":2.4735000133514406,"c":{"r":[0.872612714767456,-1.0085908286328049e-7,-0.4884127378463745,2.890418393519667e-8,1,-1.5486271820464027e-7,0.4884127378463745,1.2101800450636802e-7,0.872612714767456],"p":[2376.5400390625,68.38900756835938,-196.76795959472657]},"j":false},{"t":2.5156044960021974,"c":{"r":[0.8892439603805542,-6.531504226359175e-8,-0.4574332535266876,-5.774825506676962e-9,1,-1.5401214170651657e-7,0.4574332535266876,1.395959543515346e-7,0.8892439603805542],"p":[2377.307861328125,67.63729858398438,-198.17636108398438]},"j":false},{"t":2.558712959289551,"c":{"r":[0.9134082794189453,-6.011383391069103e-8,-0.4070446491241455,-1.069907984430074e-8,1,-1.716923634376144e-7,0.4070446491241455,1.611802389334116e-7,0.9134082794189453],"p":[2377.881103515625,66.7156982421875,-199.35678100585938]},"j":false},{"t":2.6069893836975099,"c":{"r":[0.9320103526115418,-5.81392036735906e-8,-0.3624315857887268,7.670952761884564e-9,1,-1.4068805853639788e-7,0.3624315857887268,1.28342534821968e-7,0.9320103526115418],"p":[2378.576416015625,65.05772399902344,-200.9623565673828]},"j":false},{"t":2.6093170642852785,"c":{"r":[0.9320103526115418,-5.81392036735906e-8,-0.3624315857887268,7.670952761884564e-9,1,-1.4068805853639788e-7,0.3624315857887268,1.28342534821968e-7,0.9320103526115418],"p":[2378.576416015625,65.05772399902344,-200.9623565673828]},"j":true},{"t":2.625633716583252,"c":{"r":[0.9441977143287659,-5.1892751429249986e-8,-0.3293791711330414,1.000162885844702e-8,1,-1.2887650768789173e-7,0.3293791711330414,1.1839058089435639e-7,0.9441977143287659],"p":[2378.7822265625,64.39605712890625,-201.5024871826172]},"j":true},{"t":2.6496500968933107,"c":{"r":[0.9510498046875,6.7377676771229748e-9,-0.3090376555919647,9.826967017900757e-10,1,2.4826624311913293e-8,0.3090376555919647,-2.3915045943567749e-8,0.9510498046875],"p":[2379.100830078125,64.18583679199219,-202.43270874023438]},"j":false},{"t":2.667870044708252,"c":{"r":[0.9510549306869507,2.6799453323178569e-8,-0.30902186036109927,-3.040627305495036e-9,1,7.736556284498875e-8,0.30902186036109927,-7.263928125667008e-8,0.9510549306869507],"p":[2379.277587890625,64.04544067382813,-202.97438049316407]},"j":true},{"t":2.677405834197998,"c":{"r":[0.9510578513145447,2.8732177526080706e-8,-0.3090129494667053,-3.639998524818111e-9,1,8.177756427585337e-8,0.3090129494667053,-7.665038737059149e-8,0.9510578513145447],"p":[2379.322509765625,64.26691436767578,-203.1123809814453]},"j":true},{"t":2.689667224884033,"c":{"r":[0.9489558935165405,3.682279015038148e-8,-0.31540876626968386,-5.9661955376100199e-9,1,9.87960291354284e-8,0.31540876626968386,-9.187128569010383e-8,0.9489558935165405],"p":[2379.502197265625,65.11873626708985,-203.6654052734375]},"j":false},{"t":2.690964937210083,"c":{"r":[0.9489558935165405,3.682279015038148e-8,-0.31540876626968386,-5.9661955376100199e-9,1,9.87960291354284e-8,0.31540876626968386,-9.187128569010383e-8,0.9489558935165405],"p":[2379.502197265625,65.11873626708985,-203.6654052734375]},"j":true},{"t":2.7306599617004396,"c":{"r":[0.8843010067939758,-1.0688320628560177e-7,-0.4669173061847687,4.692989996613051e-9,1,-2.2002437560786348e-7,0.4669173061847687,1.923765324818305e-7,0.8843010067939758],"p":[2380.017822265625,67.00987243652344,-205.02821350097657]},"j":false},{"t":2.773256540298462,"c":{"r":[0.7715210914611816,-3.587029482332582e-7,-0.6362037658691406,2.273871579916431e-8,1,-5.362425667954085e-7,0.6362037658691406,3.9925598116496987e-7,0.7715210914611816],"p":[2380.822998046875,68.69669342041016,-206.4104766845703]},"j":false},{"t":2.814018726348877,"c":{"r":[0.7570333480834961,-1.8811633140103369e-8,-0.6533762812614441,1.2562100693003231e-8,1,-1.423636586395105e-8,0.6533762812614441,2.56962540134964e-9,0.7570333480834961],"p":[2381.6513671875,69.77025604248047,-207.42599487304688]},"j":false},{"t":2.8560783863067629,"c":{"r":[0.7569947242736816,8.706165033345315e-8,-0.6534209847450256,-2.9089513020608139e-9,1,1.298697185347919e-7,0.6534209847450256,-9.640992004733562e-8,0.7569947242736816],"p":[2382.603515625,70.63951110839844,-208.52996826171876]},"j":false},{"t":2.8981971740722658,"c":{"r":[0.7569945454597473,7.14058359108094e-8,-0.65342116355896,-1.2115954461933143e-8,1,9.524350730316655e-8,0.65342116355896,-6.418199660629398e-8,0.7569945454597473],"p":[2383.5556640625,71.16814422607422,-209.63394165039063]},"j":false},{"t":2.9398651123046877,"c":{"r":[0.7478673458099365,5.150017301502885e-8,-0.6638481616973877,-2.1199737076926796e-8,1,5.3695380586304967e-8,0.6638481616973877,-2.6083613491323378e-8,0.7478673458099365],"p":[2384.511962890625,71.35614776611328,-210.7342529296875]},"j":false},{"t":2.982091188430786,"c":{"r":[0.7477998733520508,2.3026734297104669e-8,-0.6639241576194763,-3.1050849003122497e-8,1,-2.9082752872611197e-10,0.6639241576194763,2.0832889191524374e-8,0.7477998733520508],"p":[2385.5771484375,71.16952514648438,-211.93423461914063]},"j":false},{"t":3.022599458694458,"c":{"r":[0.7431492209434509,-4.660011043711165e-9,-0.6691257357597351,-3.9000365603669709e-8,1,-5.027919058875341e-8,0.6691257357597351,6.346108705201914e-8,0.7431492209434509],"p":[2386.45263671875,70.71028137207031,-212.91273498535157]},"j":false},{"t":3.0647106170654299,"c":{"r":[0.743142306804657,-4.167537070998151e-8,-0.6691334247589111,-4.853048451991526e-8,1,-1.1618075745900569e-7,0.6691334247589111,1.1881220274290172e-7,0.743142306804657],"p":[2387.52685546875,69.7742919921875,-214.1048126220703]},"j":false},{"t":3.1060400009155275,"c":{"r":[0.7431421279907227,-6.454774137409913e-8,-0.6691336035728455,-5.113861334393732e-8,1,-1.5325936431054289e-7,0.6691336035728455,1.4811205062414957e-7,0.7431421279907227],"p":[2388.40576171875,68.70191192626953,-215.0801239013672]},"j":false},{"t":3.1482295989990236,"c":{"r":[0.7431419491767883,-2.4664966957743674e-8,-0.6691337823867798,-8.09566280679519e-9,1,-4.585210788832228e-8,0.6691337823867798,3.9491705905447819e-8,0.7431419491767883],"p":[2389.38232421875,67.1867904663086,-216.16380310058595]},"j":false},{"t":3.189925193786621,"c":{"r":[0.7431419491767883,1.5132862074551668e-8,-0.6691337823867798,3.485521915536083e-8,1,6.132590613106004e-8,0.6691337823867798,-6.889666082088297e-8,0.7431419491767883],"p":[2390.35888671875,65.33104705810547,-217.2474822998047]},"j":false},{"t":3.20234751701355,"c":{"r":[0.7431460618972778,2.705520607548806e-8,-0.6691292524337769,4.772240913553105e-8,1,9.343474971501564e-8,0.6691292524337769,-1.0136812278460639e-7,0.7431460618972778],"p":[2390.65185546875,64.70790100097656,-217.5725860595703]},"j":true},{"t":3.2321767807006838,"c":{"r":[0.7523021697998047,3.6959548310733228e-8,-0.658818244934082,6.201081959034127e-8,1,1.2690969697359834e-7,0.658818244934082,-1.3632829620746635e-7,0.7523021697998047],"p":[2391.330810546875,63.134666442871097,-218.335205078125]},"j":false},{"t":3.2511253356933595,"c":{"r":[0.7658470869064331,1.5321447222049757e-8,-0.6430227756500244,4.944829967712394e-8,1,8.272068185988246e-8,0.6430227756500244,-9.51477758803776e-8,0.7658470869064331],"p":[2391.713134765625,62.63570785522461,-218.77603149414063]},"j":true},{"t":3.2726247310638429,"c":{"r":[0.8130937218666077,-2.7187903484104937e-8,-0.5821327567100525,3.5645683738039227e-8,1,3.084136945830096e-9,0.5821327567100525,-2.3258211356846915e-8,0.8130937218666077],"p":[2392.260498046875,63.31161117553711,-219.45828247070313]},"j":false},{"t":3.3001303672790529,"c":{"r":[0.8553639054298401,-6.390231988007145e-8,-0.518027663230896,2.7828455984035828e-8,1,-7.74067956399449e-8,0.518027663230896,5.1795069566651367e-8,0.8553639054298401],"p":[2392.756103515625,63.7224006652832,-220.17886352539063]},"j":true},{"t":3.3109676837921144,"c":{"r":[0.8694934248924255,-7.471159335636912e-8,-0.4939444661140442,2.6662709373681538e-8,1,-1.0432051311681789e-7,0.4939444661140442,7.753610731242589e-8,0.8694934248924255],"p":[2392.914794921875,64.16194152832031,-220.4234619140625]},"j":true},{"t":3.3142666816711427,"c":{"r":[0.8917920589447022,-8.67075513610871e-8,-0.45244544744491579,2.5595388919441576e-8,1,-1.4119224545083854e-7,0.45244544744491579,1.1433361635226902e-7,0.8917920589447022],"p":[2393.0673828125,64.58785247802735,-220.67193603515626]},"j":false},{"t":3.35593581199646,"c":{"r":[0.9318357706069946,-8.137547524711408e-8,-0.3628803491592407,1.0504769498709266e-8,1,-1.9727372091438156e-7,0.3628803491592407,1.8001473733875174e-7,0.9318357706069946],"p":[2393.711181640625,66.51304626464844,-221.97825622558595]},"j":false},{"t":3.399045705795288,"c":{"r":[0.9420304298400879,-6.576638611477392e-8,-0.33552736043930056,5.645439227208726e-9,1,-1.8015880698385446e-7,0.33552736043930056,1.678208860766972e-7,0.9420304298400879],"p":[2394.27099609375,68.23733520507813,-223.4814453125]},"j":false},{"t":3.439485549926758,"c":{"r":[0.9420580267906189,-3.50870941190351e-8,-0.33545002341270449,1.737271215773717e-9,1,-9.971823544674408e-8,0.33545002341270449,9.335759187933945e-8,0.9420580267906189],"p":[2394.71044921875,69.341552734375,-224.71792602539063]},"j":false},{"t":3.481461524963379,"c":{"r":[0.9397414326667786,1.8447574134938806e-8,-0.34188592433929446,-3.2389861903681096e-9,1,4.5055273290017797e-8,0.34188592433929446,-4.1232944170133126e-8,0.9397414326667786],"p":[2395.200439453125,70.244873046875,-226.09129333496095]},"j":false},{"t":3.5235047340393068,"c":{"r":[0.9274366497993469,5.656875146087259e-8,-0.373980313539505,-3.3516094344321347e-9,1,1.4294963079919399e-7,0.373980313539505,-1.3132327580933635e-7,0.9274366497993469],"p":[2395.71044921875,70.80756378173828,-227.4573211669922]},"j":false},{"t":3.5654501914978029,"c":{"r":[0.9109403491020203,2.3453422315355966e-8,-0.4125380516052246,6.166573474075676e-9,1,7.046817529499094e-8,0.4125380516052246,-6.673624852737703e-8,0.9109403491020203],"p":[2396.27197265625,71.02963256835938,-228.8031768798828]},"j":false},{"t":3.6058101654052736,"c":{"r":[0.9048524498939514,-6.212261638438577e-8,-0.4257253408432007,1.4709056195272297e-8,1,-1.1465864702131512e-7,0.4257253408432007,9.748713836188472e-8,0.9048524498939514],"p":[2396.883544921875,70.91107177734375,-230.1269989013672]},"j":false},{"t":3.6483051776885988,"c":{"r":[0.9076732993125916,-6.360956916751093e-8,-0.4196774661540985,6.427762322402941e-9,1,-1.3766585027497059e-7,0.4196774661540985,1.2225802947796184e-7,0.9076732993125916],"p":[2397.565673828125,70.38723754882813,-231.5785369873047]},"j":false},{"t":3.6900506019592287,"c":{"r":[0.9317839741706848,-4.807471754020298e-8,-0.3630131781101227,-9.356740937604969e-10,1,-1.3483412431014586e-7,0.3630131781101227,1.2597594434282656e-7,0.9317839741706848],"p":[2398.147705078125,69.5533676147461,-232.91519165039063]},"j":false},{"t":3.7318480014801027,"c":{"r":[0.9484845399856567,-5.701924976619921e-8,-0.3168233335018158,8.169200427232682e-9,1,-1.555153374965812e-7,0.3168233335018158,1.4491570254904219e-7,0.9484845399856567],"p":[2398.654296875,68.37886810302735,-234.2825164794922]},"j":false},{"t":3.772801399230957,"c":{"r":[0.9630106091499329,-5.80392729432333e-8,-0.26946356892585757,1.3554105393609462e-8,1,-1.6694846749487625e-7,0.26946356892585757,1.5712079459717644e-7,0.9630106091499329],"p":[2399.045654296875,67.03058624267578,-235.53509521484376]},"j":false},{"t":3.8145511150360109,"c":{"r":[0.9701380729675293,-3.6449730345111678e-8,-0.24255330860614777,9.65465218882855e-9,1,-1.1165951008251796e-7,0.24255330860614777,1.0598337496503518e-7,0.9701380729675293],"p":[2399.4296875,65.20890808105469,-236.94189453125]},"j":false},{"t":3.8570396900177,"c":{"r":[0.9889062643051148,-3.639971168922784e-8,-0.1485409438610077,1.012149475343449e-8,1,-1.776648161921912e-7,0.1485409438610077,1.7419040432287148e-7,0.9889062643051148],"p":[2399.7705078125,62.81162643432617,-238.5088653564453]},"j":false},{"t":3.8991739749908449,"c":{"r":[0.9902645349502564,-1.9594633471342605e-8,-0.1391981840133667,5.017032123078025e-9,1,-1.0507639558454685e-7,0.1391981840133667,1.0335507028003122e-7,0.9902645349502564],"p":[2399.9775390625,60.27463150024414,-239.95230102539063]},"j":false},{"t":3.948216199874878,"c":{"r":[0.9912148118019104,8.739806212076929e-9,-0.1322617083787918,-3.771236656291421e-9,1,3.781669377644903e-8,0.1322617083787918,-3.6985674967127127e-8,0.9912148118019104],"p":[2400.19921875,57.768707275390628,-241.541015625]},"j":false},{"t":3.989082098007202,"c":{"r":[0.9912148118019104,1.5925669671901234e-8,-0.13226166367530824,-5.650297563164486e-9,1,7.806502821949835e-8,0.13226166367530824,-7.663189194317965e-8,0.9912148118019104],"p":[2400.39208984375,58.04597473144531,-242.98648071289063]},"j":false},{"t":4.030946493148804,"c":{"r":[0.9912148118019104,4.6925547891873979e-9,-0.13226166367530824,-8.651094840494977e-10,1,2.8995895462458067e-8,0.13226166367530824,-2.8626741865878104e-8,0.9912148118019104],"p":[2400.5849609375,58.1465950012207,-244.43194580078126]},"j":false},{"t":4.072200298309326,"c":{"r":[0.9912148118019104,-6.516593487049249e-9,-0.13226166367530824,3.909891521658437e-9,1,-1.9968377173995578e-8,0.13226166367530824,1.9275821827591245e-8,0.9912148118019104],"p":[2400.77783203125,58.05927658081055,-245.87741088867188]},"j":false},{"t":4.114437103271484,"c":{"r":[0.9912148118019104,-1.770182578297863e-8,-0.13226166367530824,8.67472760290866e-9,1,-6.882800818175383e-8,0.13226166367530824,6.707600874733544e-8,0.9912148118019104],"p":[2400.970703125,57.6341667175293,-247.3228759765625]},"j":false},{"t":4.1558637619018559,"c":{"r":[0.9912148118019104,-2.886313765770865e-8,-0.13226187229156495,1.3429336753745247e-8,1,-1.1758324802713105e-7,0.13226187229156495,1.1477406758331199e-7,0.9912148118019104],"p":[2401.16357421875,56.86842727661133,-248.76834106445313]},"j":false},{"t":4.1973631381988529,"c":{"r":[0.99452143907547,-4.15151024668603e-9,-0.10453294962644577,1.3909629004160707e-9,1,-2.6481295378744109e-8,0.10453294962644577,2.6190814850224343e-8,0.99452143907547],"p":[2401.35107421875,55.76206970214844,-250.2144775390625]},"j":false},{"t":4.238858222961426,"c":{"r":[0.9975640177726746,2.7107191158393108e-8,-0.06975705176591873,-2.0285410684550699e-8,1,9.850179338855014e-8,0.06975705176591873,-9.684679014299036e-8,0.9975640177726746],"p":[2401.477294921875,55.71625518798828,-251.66712951660157]},"j":false},{"t":4.2820329666137699,"c":{"r":[0.9975640177726746,1.2356323075835008e-8,-0.06975705176591873,-8.780825844212359e-9,1,5.1563063152570979e-8,0.06975705176591873,-5.082493004238131e-8,0.9975640177726746],"p":[2401.579833984375,55.7698974609375,-253.1219024658203]},"j":false},{"t":4.322486400604248,"c":{"r":[0.9975640177726746,-2.363017337358997e-9,-0.06975685060024262,2.6991568979894966e-9,1,4.724472812966951e-9,0.06975685060024262,-4.9012487401967068e-9,0.9975640177726746],"p":[2401.682373046875,55.69184112548828,-254.57667541503907]},"j":false},{"t":4.365709543228149,"c":{"r":[0.9970524907112122,-1.8739521934207916e-8,-0.07672228664159775,1.5200923186853289e-8,1,-4.6706166045851208e-8,0.07672228664159775,4.5402252624171527e-8,0.9970524907112122],"p":[2401.795166015625,55.222862243652347,-256.17694091796877]},"j":false},{"t":4.406213283538818,"c":{"r":[0.9902685880661011,-3.572699114329225e-8,-0.1391693502664566,2.355636397055605e-8,1,-8.909908899568109e-8,0.1391693502664566,8.495371162098309e-8,0.9902685880661011],"p":[2401.91943359375,54.53258514404297,-257.48333740234377]},"j":false},{"t":4.448902606964111,"c":{"r":[0.9795754551887512,-4.250287588547508e-8,-0.20107705891132356,2.2506871033556309e-8,1,-1.0173064168839119e-7,0.20107705891132356,9.512721987903206e-8,0.9795754551887512],"p":[2402.15087890625,53.442020416259769,-258.9228515625]},"j":false},{"t":4.497971534729004,"c":{"r":[0.9323235750198364,2.116515496197735e-8,-0.3616251051425934,-2.278391253440759e-9,1,5.265385993880045e-8,0.3616251051425934,-4.826651078815303e-8,0.9323235750198364],"p":[2402.596435546875,53.274410247802737,-260.6133728027344]},"j":false},{"t":4.542208671569824,"c":{"r":[0.8443273305892944,3.7989288159678838e-8,-0.5358277559280396,-1.4247862889504859e-9,1,6.865322887961156e-8,0.5358277559280396,-5.720235307649091e-8,0.8443273305892944],"p":[2403.173583984375,53.212215423583987,-262.1101379394531]},"j":false},{"t":4.590681552886963,"c":{"r":[0.7569926381111145,1.0485252666114775e-8,-0.6534233689308167,-7.682559477473206e-9,1,7.146380376354955e-9,0.6534233689308167,-3.897937250751937e-10,0.7569926381111145],"p":[2403.806396484375,52.682861328125,-263.7416076660156]},"j":false},{"t":4.600709676742554,"c":{"r":[0.7569925785064697,7.65005392366902e-9,-0.6534234285354614,-8.343458368642587e-9,1,2.041735447377846e-9,0.6534234285354614,3.906232670658483e-9,0.7569925785064697],"p":[2403.859130859375,52.616607666015628,-263.8775634765625]},"j":true},{"t":4.6089277267456059,"c":{"r":[0.7569925785064697,-8.519095984205194e-10,-0.6534234285354614,-1.0325301502689399e-8,1,-1.3265649911886613e-8,0.6534234285354614,1.6788792578381618e-8,0.7569925785064697],"p":[2404.017333984375,53.270809173583987,-264.2854309082031]},"j":true},{"t":4.615677118301392,"c":{"r":[0.7569926381111145,-3.684686777916113e-9,-0.6534234285354614,-1.0985631071491753e-8,1,-1.836592922188629e-8,0.6534234285354614,2.1081142165257917e-8,0.7569926381111145],"p":[2404.072265625,53.48206329345703,-264.42010498046877]},"j":true},{"t":4.6309638023376469,"c":{"r":[0.7569926977157593,-1.500975876922439e-8,-0.6534233093261719,-1.362552115580229e-8,1,-3.875615917081632e-8,0.6534233093261719,3.824136385333077e-8,0.7569926977157593],"p":[2404.31298828125,54.29301452636719,-264.9460754394531]},"j":false},{"t":4.672996520996094,"c":{"r":[0.7569928169250488,-4.6103934892016699e-8,-0.6534231901168823,-2.087350559065726e-8,1,-9.473956907868342e-8,0.6534231901168823,8.535640461104777e-8,0.7569928169250488],"p":[2405.150390625,56.24211883544922,-266.2869567871094]},"j":false},{"t":4.715948581695557,"c":{"r":[0.7659414410591126,-7.990981742977965e-8,-0.642910361289978,-2.6559231258715955e-8,1,-1.55935637735638e-7,0.642910361289978,1.3651276731252438e-7,0.7659414410591126],"p":[2406.083740234375,57.656368255615237,-267.4039001464844]},"j":false},{"t":4.756052017211914,"c":{"r":[0.766041100025177,-4.709931289426095e-8,-0.6427915692329407,-1.0345494239061282e-8,1,-8.560222397591133e-8,0.6427915692329407,7.222482167890121e-8,0.766041100025177],"p":[2406.927490234375,58.637962341308597,-268.40936279296877]},"j":false},{"t":4.798743963241577,"c":{"r":[0.7660419344902039,-5.546398895717175e-10,-0.6427906155586243,1.0454709098439708e-8,1,1.1596474891462094e-8,0.6427906155586243,-1.560357532071066e-8,0.7660419344902039],"p":[2407.864990234375,59.405033111572269,-269.526611328125]},"j":false},{"t":4.838841915130615,"c":{"r":[0.7660419344902039,4.589069746430141e-8,-0.6427906155586243,3.121044755971525e-8,1,1.0858778409783554e-7,0.6427906155586243,-1.0324457377919316e-7,0.7660419344902039],"p":[2408.802490234375,59.83147430419922,-270.64385986328127]},"j":false},{"t":4.88091778755188,"c":{"r":[0.7660419344902039,4.71077505892481e-8,-0.6427906155586243,2.618297223477839e-8,1,1.0448970755305709e-7,0.6427906155586243,-9.68736628692568e-8,0.7660419344902039],"p":[2409.739990234375,59.91728591918945,-271.7611083984375]},"j":false},{"t":4.923370122909546,"c":{"r":[0.7615984082221985,1.8126087297787309e-8,-0.6480492949485779,3.906660328567568e-9,1,3.256140246321593e-8,0.6480492949485779,-2.7330420593330019e-8,0.7615984082221985],"p":[2410.6787109375,59.66248321533203,-272.8773498535156]},"j":false},{"t":4.964731216430664,"c":{"r":[0.7615389227867127,-1.3029432643918426e-8,-0.6481191515922546,-1.8515109445615964e-8,1,-4.18586765249529e-8,0.6481191515922546,4.387700869301625e-8,0.7615389227867127],"p":[2411.62353515625,59.06705093383789,-273.9879455566406]},"j":false},{"t":5.006333351135254,"c":{"r":[0.766014575958252,-4.6819245369533749e-8,-0.6428232192993164,-4.037346812424403e-8,1,-1.2094446333321685e-7,0.6428232192993164,1.1859822279802757e-7,0.766014575958252],"p":[2412.565673828125,58.13098907470703,-275.10076904296877]},"j":false},{"t":5.050584316253662,"c":{"r":[0.7704516053199768,-4.7998032215446076e-8,-0.6374984979629517,-3.033359163850946e-8,1,-1.1195099602900882e-7,0.6374984979629517,1.0559044483215985e-7,0.7704516053199768],"p":[2413.501220703125,56.854305267333987,-276.2195739746094]},"j":false},{"t":5.098027944564819,"c":{"r":[0.7705127596855164,-2.6738270264559106e-8,-0.6374245882034302,1.0480594170303448e-8,1,-2.927850317746561e-8,0.6374245882034302,1.5878869774610395e-8,0.7705127596855164],"p":[2414.71044921875,54.68538284301758,-277.6803283691406]},"j":false},{"t":5.138869762420654,"c":{"r":[0.7705128788948059,-1.2072943533780745e-8,-0.6374244689941406,3.8674119906545459e-8,1,2.7808727764977449e-8,0.6374244689941406,-4.607881010088022e-8,0.7705128788948059],"p":[2415.547607421875,52.84660339355469,-278.6916198730469]},"j":false},{"t":5.181940793991089,"c":{"r":[0.7705128788948059,5.813152181843861e-9,-0.6374244689941406,7.305930438405994e-8,1,9.743317264110374e-8,0.6374244689941406,-1.2164329632469163e-7,0.7705128788948059],"p":[2416.57080078125,50.22451400756836,-279.9276428222656]},"j":false},{"t":5.223174571990967,"c":{"r":[0.770512580871582,1.6083534504218734e-8,-0.6374247670173645,8.206087187545563e-8,1,1.2442640695553565e-7,0.6374247670173645,-1.4817975113601279e-7,0.770512580871582],"p":[2417.407958984375,47.772605895996097,-280.9389343261719]},"j":false},{"t":5.264343500137329,"c":{"r":[0.7705104351043701,1.0641524994525753e-8,-0.6374273896