{"d":[{"t":0.040876150131225589,"c":{"r":[-0.5475642681121826,6.20750171265172e-8,-0.8367636203765869,1.1004876121489815e-8,1,6.69832402877546e-8,0.8367636203765869,2.746914873341666e-8,-0.5475642681121826],"p":[2549.001708984375,44.06322479248047,-413.75787353515627]},"j":false},{"t":0.08199763298034668,"c":{"r":[-0.5475642681121826,6.877642277913765e-8,-0.8367636203765869,1.219291068110806e-8,1,7.421453318556814e-8,0.8367636203765869,3.043464147367558e-8,-0.5475642681121826],"p":[2549.52978515625,44.06401443481445,-413.41241455078127]},"j":false},{"t":0.12822294235229493,"c":{"r":[-0.5417070388793945,-1.6507518907360464e-8,-0.8405673503875732,-2.809178001328405e-9,1,-1.7828158505039938e-8,0.8405673503875732,-7.296335535755816e-9,-0.5417070388793945],"p":[2550.834716796875,44.06817626953125,-412.55859375]},"j":false},{"t":0.17512178421020509,"c":{"r":[-0.5299192070960999,-1.0965028707232705e-7,-0.8480481505393982,-1.7745437119742747e-8,1,-1.1820866063771973e-7,0.8480481505393982,-4.759205651794218e-8,-0.5299192070960999],"p":[2552.309814453125,44.071136474609378,-411.6180725097656]},"j":false},{"t":0.21660709381103517,"c":{"r":[-0.4632943570613861,-2.3149658190391166e-8,-0.8862044811248779,-5.871896302522828e-9,1,-2.3052514563914884e-8,0.8862044811248779,-5.476399334014559e-9,-0.4632943570613861],"p":[2553.561279296875,44.071327209472659,-410.8705139160156]},"j":false},{"t":0.2588529586791992,"c":{"r":[-0.4131027162075043,6.517029760289006e-8,-0.9106844663619995,-2.277926069993441e-9,1,7.259519207991616e-8,0.9106844663619995,3.206374188380323e-8,-0.4131027162075043],"p":[2554.87451171875,44.0712890625,-410.2379455566406]},"j":false},{"t":0.30034947395324709,"c":{"r":[-0.4003496468067169,5.8438512695602188e-8,-0.916362464427948,7.073615582164905e-10,1,6.346322578565378e-8,0.916362464427948,2.475928084777479e-8,-0.4003496468067169],"p":[2556.20458984375,43.61907958984375,-409.6400451660156]},"j":false},{"t":0.3413729667663574,"c":{"r":[-0.38107040524482729,-1.2045981989672328e-8,-0.9245460033416748,5.342394970853093e-9,1,-1.5231053751563196e-8,0.9245460033416748,-1.0743394618373259e-8,-0.38107040524482729],"p":[2557.5478515625,42.78763961791992,-409.0731201171875]},"j":false},{"t":0.3823270797729492,"c":{"r":[-0.38107040524482729,-8.278916396875502e-8,-0.9245460033416748,1.0186955279323229e-8,1,-9.374451082067026e-8,0.9245460033416748,-4.514156870527586e-8,-0.38107040524482729],"p":[2558.8955078125,42.61016845703125,-408.51739501953127]},"j":false},{"t":0.4235992431640625,"c":{"r":[-0.36812224984169009,-4.4730473547360819e-8,-0.9297773838043213,3.678368942772181e-9,1,-4.956515553544705e-8,0.9297773838043213,-2.1666101801542937e-8,-0.36812224984169009],"p":[2560.246337890625,42.66011047363281,-407.9681396484375]},"j":false},{"t":0.4669680595397949,"c":{"r":[-0.36812514066696169,4.0680024682160368e-8,-0.9297762513160706,-8.039187093800138e-9,1,4.693543331768524e-8,0.9297762513160706,2.4752758065460513e-8,-0.36812514066696169],"p":[2561.601318359375,42.671966552734378,-407.4312438964844]},"j":false},{"t":0.5159165859222412,"c":{"r":[-0.3681231439113617,6.42335749034828e-8,-0.9297770261764526,-9.777439302638414e-9,1,7.2956062524554e-8,0.9297770261764526,3.594765374259623e-8,-0.3681231439113617],"p":[2563.227294921875,42.67475128173828,-406.7870788574219]},"j":false},{"t":0.5601005554199219,"c":{"r":[-0.3681243658065796,-7.90148657614509e-9,-0.9297765493392944,3.100299794667194e-9,1,-9.725758864931322e-9,0.9297765493392944,-6.462875123958156e-9,-0.3681243658065796],"p":[2564.582275390625,42.675174713134769,-406.2502746582031]},"j":false},{"t":0.6089332103729248,"c":{"r":[-0.38107097148895266,-9.369157538685613e-8,-0.9245457649230957,1.8056455886039658e-8,1,-1.0878029854666238e-7,0.9245457649230957,-5.8147033854538679e-8,-0.38107097148895266],"p":[2566.207275390625,42.67527389526367,-405.60284423828127]},"j":false},{"t":0.6491599082946777,"c":{"r":[-0.3939421474933624,-2.8170971333452145e-8,-0.9191352128982544,4.17345580316919e-9,1,-3.243817658926673e-8,0.9191352128982544,-1.6614736253472985e-8,-0.3939421474933624],"p":[2567.55322265625,42.6752815246582,-405.0406799316406]},"j":false},{"t":0.6906280517578125,"c":{"r":[-0.4067339301109314,5.158644000857748e-8,-0.9135466814041138,-1.1417577105987675e-8,1,6.155170950705724e-8,0.9135466814041138,3.5465657077793369e-8,-0.4067339301109314],"p":[2568.892578125,42.6752815246582,-404.4639892578125]},"j":false},{"t":0.7332651615142822,"c":{"r":[-0.41310593485832217,6.953825959499227e-8,-0.9106829762458801,-1.3650424790512261e-8,1,8.255049976924056e-8,0.9106829762458801,4.6533312314522848e-8,-0.41310593485832217],"p":[2570.223876953125,42.6752815246582,-403.86785888671877]},"j":false},{"t":0.7736873626708984,"c":{"r":[-0.41945406794548037,3.1069125050464665e-9,-0.9077765941619873,8.981235199989612e-10,1,3.007558424528156e-9,0.9077765941619873,4.4623704731350246e-10,-0.41945406794548037],"p":[2571.419189453125,42.6752815246582,-403.32568359375]},"j":false},{"t":0.8153412342071533,"c":{"r":[-0.45087629556655886,-6.965924370661014e-8,-0.8925864696502686,1.4877522325207338e-8,1,-8.555716135560943e-8,0.8925864696502686,-5.185517082395563e-8,-0.45087629556655886],"p":[2572.737060546875,42.6752815246582,-402.7017517089844]},"j":false},{"t":0.856299877166748,"c":{"r":[-0.46329596638679507,-3.629481426514758e-8,-0.8862035870552063,6.699794941056325e-9,1,-4.4457955539201069e-8,0.8862035870552063,-2.653457364942824e-8,-0.46329596638679507],"p":[2574.16845703125,42.6752815246582,-401.9778747558594]},"j":false},{"t":0.8989529609680176,"c":{"r":[-0.48786038160324099,3.221832400868152e-8,-0.8729216456413269,-6.134004415514482e-9,1,4.033679346093777e-8,0.8729216456413269,2.5033228823190258e-8,-0.48786038160324099],"p":[2575.454833984375,42.6752815246582,-401.29132080078127]},"j":false},{"t":0.9407181739807129,"c":{"r":[-0.5180288553237915,8.489960379165496e-8,-0.855363130569458,-1.3778641339001752e-8,1,1.0760030733081294e-7,0.855363130569458,6.752580361535365e-8,-0.5180288553237915],"p":[2576.71875,42.6752815246582,-400.5635986328125]},"j":false},{"t":0.9829716682434082,"c":{"r":[-0.5180245637893677,1.2816859573661077e-8,-0.8553657531738281,-5.538548508710051e-10,1,1.5319493229526416e-8,0.8553657531738281,8.409622331839728e-9,-0.5180245637893677],"p":[2577.966552734375,42.6752815246582,-399.80877685546877]},"j":false},{"t":1.024195671081543,"c":{"r":[-0.5358291864395142,-5.164903171817059e-8,-0.8443264365196228,1.0294696650703372e-8,1,-6.770513039100479e-8,0.8443264365196228,-4.497046646179115e-8,-0.5358291864395142],"p":[2579.084228515625,42.6752815246582,-399.1203918457031]},"j":false},{"t":1.0647642612457276,"c":{"r":[-0.553390622138977,-5.460671914647719e-8,-0.8329218626022339,9.084523355795682e-9,1,-7.15961618880101e-8,0.8329218626022339,-4.7187342033794269e-8,-0.553390622138977],"p":[2580.309814453125,42.6752815246582,-398.3302307128906]},"j":false},{"t":1.1064255237579346,"c":{"r":[-0.5707151293754578,1.547974548543607e-8,-0.821148157119751,-3.6980019046950476e-9,1,2.142153121553747e-8,0.821148157119751,1.52621986160284e-8,-0.5707151293754578],"p":[2581.640380859375,42.6752815246582,-397.43389892578127]},"j":false},{"t":1.1486999988555909,"c":{"r":[-0.5990248322486877,7.746174901512859e-8,-0.8007304072380066,-1.2545034344668693e-8,1,1.0612377820962138e-7,0.8007304072380066,7.361597198496384e-8,-0.5990248322486877],"p":[2582.82666015625,42.6752815246582,-396.5858154296875]},"j":false},{"t":1.1909656524658204,"c":{"r":[-0.6481180191040039,2.2082215167529286e-8,-0.7615399360656738,-5.298456340341318e-9,1,3.3506111662973129e-8,0.7615399360656738,2.575090007894687e-8,-0.6481180191040039],"p":[2583.974853515625,42.67367172241211,-395.6875]},"j":false},{"t":1.2360749244689942,"c":{"r":[-0.679439902305603,-4.2642152919825097e-8,-0.733731210231781,-1.44375955635212e-9,1,-5.677993186736785e-8,0.733731210231781,-3.7519217954695708e-8,-0.679439902305603],"p":[2585.063720703125,42.662200927734378,-394.7181701660156]},"j":false},{"t":1.28238844871521,"c":{"r":[-0.6946564316749573,-5.1843226600567507e-8,-0.7193416953086853,1.3160403877776617e-9,1,-7.334125484703691e-8,0.7193416953086853,-5.189365737123808e-8,-0.6946564316749573],"p":[2586.342529296875,42.64173889160156,-393.5241394042969]},"j":false},{"t":1.3247020244598389,"c":{"r":[-0.7095701098442078,1.7076482450306686e-8,-0.7046347856521606,4.633559758104866e-9,1,1.9568501485878188e-8,0.7046347856521606,1.0620256674087614e-8,-0.7095701098442078],"p":[2587.38427734375,42.62083053588867,-392.5038146972656]},"j":false},{"t":1.365781545639038,"c":{"r":[-0.7144739627838135,8.498850689875326e-8,-0.6996620893478394,9.044195614649198e-9,1,1.1223512785818457e-7,0.6996620893478394,7.386119449392936e-8,-0.7144739627838135],"p":[2588.408203125,42.5435791015625,-391.4688415527344]},"j":false},{"t":1.4077112674713135,"c":{"r":[-0.7289677262306213,2.0839701520003474e-8,-0.6845480799674988,4.687206733855476e-10,1,2.994387315879976e-8,0.6845480799674988,2.1507254643893249e-8,-0.7289677262306213],"p":[2589.41015625,42.37141036987305,-390.423583984375]},"j":false},{"t":1.4486746788024903,"c":{"r":[-0.7289665937423706,-4.19120347316948e-8,-0.6845492720603943,-8.547295315963766e-9,1,-5.21238483486286e-8,0.6845492720603943,-3.214550048369347e-8,-0.7289665937423706],"p":[2590.402587890625,42.21586227416992,-389.3666687011719]},"j":false},{"t":1.4907076358795167,"c":{"r":[-0.7477970719337463,-7.597431306294311e-8,-0.6639273166656494,-1.4185013164080829e-8,1,-9.845474835401547e-8,0.6639273166656494,-6.420635401127584e-8,-0.7477970719337463],"p":[2591.38232421875,42.093101501464847,-388.2942199707031]},"j":false},{"t":1.5022163391113282,"c":{"r":[-0.7524141073226929,-6.81511380662414e-8,-0.658690333366394,-1.2710322572218047e-8,1,-8.894576097873142e-8,0.658690333366394,-5.855187978909271e-8,-0.7524141073226929],"p":[2591.477783203125,42.07295227050781,-388.1868591308594]},"j":true},{"t":1.5089683532714844,"c":{"r":[-0.7524141073226929,-4.604142134212452e-8,-0.658690333366394,-8.288136399414725e-9,1,-6.04309917662249e-8,0.658690333366394,-4.000981235208201e-8,-0.7524141073226929],"p":[2591.76416015625,42.72715377807617,-387.8647766113281]},"j":true},{"t":1.5174806118011475,"c":{"r":[-0.7524141669273377,-3.130948655893917e-8,-0.658690333366394,-5.341591613472474e-9,1,-4.143129928024791e-8,0.658690333366394,-2.7655040923946218e-8,-0.7524141669273377],"p":[2591.955810546875,43.14625549316406,-387.64654541015627]},"j":true},{"t":1.5327394008636475,"c":{"r":[-0.7524141669273377,-1.86447213224028e-9,-0.658690333366394,5.477325260017096e-10,1,-3.456243069521747e-9,0.658690333366394,-2.961312528526605e-9,-0.7524141669273377],"p":[2592.339599609375,43.943580627441409,-387.2078552246094]},"j":false},{"t":1.5749320983886719,"c":{"r":[-0.7567092180252075,7.0219904557689e-8,-0.6537516117095947,1.5509279194247939e-8,1,8.945889362621529e-8,0.6537516117095947,5.755515175565051e-8,-0.7567092180252075],"p":[2593.299072265625,45.698463439941409,-386.1104736328125]},"j":false},{"t":1.6160218715667725,"c":{"r":[-0.7834770679473877,4.7772278577440377e-8,-0.621420681476593,4.021536170739637e-8,1,2.6173033518261947e-8,0.621420681476593,-4.4846846236623609e-9,-0.7834770679473877],"p":[2594.22802734375,47.11271286010742,-384.9866638183594]},"j":false},{"t":1.6570143699645997,"c":{"r":[-0.7879799604415894,-1.8436889348549813e-8,-0.615700900554657,6.1392945838179e-8,1,-1.0851582743498511e-7,0.615700900554657,-1.233079842677398e-7,-0.7879799604415894],"p":[2595.131591796875,48.18634033203125,-383.84197998046877]},"j":false},{"t":1.6993763446807862,"c":{"r":[-0.788010835647583,-4.902601347112068e-8,-0.6156613826751709,2.0935067013283516e-8,1,-1.0642713021979944e-7,0.6156613826751709,-9.675464696101699e-8,-0.788010835647583],"p":[2596.030029296875,48.919349670410159,-382.6927185058594]},"j":false},{"t":1.7421162128448487,"c":{"r":[-0.7921351194381714,-7.939112833810214e-8,-0.610345721244812,-1.937668869800291e-8,1,-1.0492769320080697e-7,0.610345721244812,-7.129042955966725e-8,-0.7921351194381714],"p":[2596.928466796875,49.311729431152347,-381.5434265136719]},"j":false},{"t":1.7825706005096436,"c":{"r":[-0.7922864556312561,-1.158947213752981e-7,-0.6101492643356323,-5.9069321878268968e-8,1,-1.1324260640321882e-7,0.6101492643356323,-5.367947863987865e-8,-0.7922864556312561],"p":[2597.818359375,49.36347961425781,-380.3883972167969]},"j":false},{"t":1.825181245803833,"c":{"r":[-0.7922874689102173,-1.525218351616786e-7,-0.610148012638092,-9.868431050108484e-8,1,-1.2183190278847179e-7,0.610148012638092,-3.631385681046595e-8,-0.7922874689102173],"p":[2598.70703125,49.07461166381836,-379.2330017089844]},"j":false},{"t":1.865243911743164,"c":{"r":[-0.7964776754379273,-1.682521997281583e-7,-0.6046679019927979,-1.2126993453875912e-7,1,-1.185169722361934e-7,0.6046679019927979,-2.1068089495202004e-8,-0.7964776754379273],"p":[2599.505859375,48.52339553833008,-378.19219970703127]},"j":false},{"t":1.906299114227295,"c":{"r":[-0.796531617641449,1.1992496240509355e-7,-0.6045968532562256,8.208571955492516e-8,1,9.021066915693155e-8,0.6045968532562256,2.2226878115816363e-8,-0.796531617641449],"p":[2600.35498046875,48.15433120727539,-377.0735778808594]},"j":false},{"t":1.9482481479644776,"c":{"r":[-0.8007318377494812,5.425650329016207e-8,-0.5990229845046997,4.0853088023595777e-8,1,3.59654563908407e-8,0.5990229845046997,4.326746516625235e-9,-0.8007318377494812],"p":[2601.0498046875,47.37584686279297,-376.1582946777344]},"j":false},{"t":1.9911036491394044,"c":{"r":[-0.8007319569587708,-1.7757415093910823e-8,-0.5990228056907654,-4.733081038210685e-9,1,-2.3317118902355106e-8,0.5990228056907654,-1.5835539102226904e-8,-0.8007319569587708],"p":[2601.6103515625,46.126102447509769,-375.4203796386719]},"j":false},{"t":2.009493350982666,"c":{"r":[-0.8007319569587708,-4.39023395415461e-8,-0.5990228056907654,-2.1283298679009023e-8,1,-4.483990068138155e-8,0.5990228056907654,-2.3155559247811653e-8,-0.8007319569587708],"p":[2601.8134765625,45.569461822509769,-375.1530456542969]},"j":true},{"t":2.0178916454315187,"c":{"r":[-0.8007319569587708,-5.0435080112265499e-8,-0.5990228056907654,-2.541864141392125e-8,1,-5.02177215366828e-8,0.5990228056907654,-2.49845886202138e-8,-0.8007319569587708],"p":[2601.8642578125,45.79093551635742,-375.0862121582031]},"j":true},{"t":2.027082920074463,"c":{"r":[-0.8046357035636902,-7.087432862817877e-8,-0.5937687754631043,-3.7805957475711696e-8,1,-6.813140629446934e-8,0.5937687754631043,-3.237296297697867e-8,-0.8046357035636902],"p":[2602.025390625,46.43491744995117,-374.8736572265625]},"j":true},{"t":2.0325400829315187,"c":{"r":[-0.80876624584198,-8.666068396223636e-8,-0.5881301760673523,-4.592152791360604e-8,1,-8.420057895364153e-8,0.5881301760673523,-4.1090746805139136e-8,-0.80876624584198],"p":[2602.14013671875,46.847206115722659,-374.72186279296877]},"j":false},{"t":2.0735936164855959,"c":{"r":[-0.828589916229248,-1.1090655505086034e-7,-0.5598559975624085,-4.737399095233741e-8,1,-1.279846060242562e-7,0.5598559975624085,-7.952414193823643e-8,-0.828589916229248],"p":[2602.794921875,48.70426940917969,-373.8385314941406]},"j":false},{"t":2.1166560649871828,"c":{"r":[-0.8550894856452942,-6.961916909631327e-8,-0.5184804797172546,7.490153386413568e-9,1,-1.4662830949419004e-7,0.5184804797172546,-1.2926382453315456e-7,-0.8550894856452942],"p":[2603.548095703125,50.220706939697269,-372.73077392578127]},"j":false},{"t":2.1573574542999269,"c":{"r":[-0.8921260833740234,-5.5097711282314779e-8,-0.45178645849227908,2.4332988957098679e-8,1,-1.700046681207823e-7,0.45178645849227908,-1.6265892099909252e-7,-0.8921260833740234],"p":[2604.273681640625,51.39652633666992,-371.46771240234377]},"j":false},{"t":2.199117422103882,"c":{"r":[-0.9368108510971069,-5.8143395875731588e-8,-0.3498363494873047,9.346869056514607e-9,1,-1.9123125127862296e-7,0.3498363494873047,-1.8241738075630566e-7,-0.9368108510971069],"p":[2604.88037109375,52.231719970703128,-370.1423645019531]},"j":false},{"t":2.241297483444214,"c":{"r":[-0.9421621561050415,-3.811506843476309e-8,-0.3351573944091797,4.5094754597130308e-9,1,-1.2639949886761316e-7,0.3351573944091797,-1.2060020537774108e-7,-0.9421621561050415],"p":[2605.371337890625,52.72628402709961,-368.769287109375]},"j":false},{"t":2.2831501960754396,"c":{"r":[-0.9397289156913757,-2.7495483223560769e-8,-0.3419204354286194,3.50426854200947e-10,1,-8.137796214668924e-8,0.3419204354286194,-7.659303946638829e-8,-0.9397289156913757],"p":[2605.863037109375,52.880226135253909,-367.39642333984377]},"j":false},{"t":2.3242061138153078,"c":{"r":[-0.9573199152946472,-1.5057688429465089e-8,-0.28903040289878847,-2.552638989072875e-9,1,-4.3642451430514487e-8,0.28903040289878847,-4.104200002075231e-8,-0.9573199152946472],"p":[2606.315673828125,52.8660888671875,-366.10308837890627]},"j":false},{"t":2.365833044052124,"c":{"r":[-0.9795745015144348,-3.269696069452266e-9,-0.20108148455619813,-2.1290038620946918e-9,1,-5.889046139628817e-9,0.20108148455619813,-5.34065591750732e-9,-0.9795745015144348],"p":[2606.676513671875,52.34809875488281,-364.76556396484377]},"j":false},{"t":2.40714168548584,"c":{"r":[-0.982286274433136,5.925148816032788e-9,-0.1873864233493805,-2.2842672198208903e-11,1,3.17396882110188e-8,0.1873864233493805,3.118174163319054e-8,-0.982286274433136],"p":[2606.87109375,51.470829010009769,-363.80950927734377]},"j":false},{"t":2.4489383697509767,"c":{"r":[-0.9822871088981628,1.5127421093552586e-8,-0.18738220632076264,2.1837589514461799e-9,1,6.928269158379408e-8,0.18738220632076264,6.764629745248385e-8,-0.9822871088981628],"p":[2607.013427734375,50.2529296875,-363.063232421875]},"j":false},{"t":2.4910380840301515,"c":{"r":[-0.9822871088981628,2.4310272905836429e-8,-0.18738220632076264,4.3857242282285828e-9,1,1.0674563810653126e-7,0.18738220632076264,1.0403305594763879e-7,-0.9822871088981628],"p":[2607.155029296875,48.69441604614258,-362.32012939453127]},"j":false},{"t":2.533217191696167,"c":{"r":[-0.9766712188720703,2.3805290183531725e-8,-0.21474014222621919,4.365247274762396e-9,1,9.10024482436711e-8,0.21474014222621919,8.794207673190613e-8,-0.9766712188720703],"p":[2607.384765625,49.47410202026367,-361.1400146484375]},"j":false},{"t":2.53554630279541,"c":{"r":[-0.9766712188720703,2.3805290183531725e-8,-0.21474014222621919,4.365247274762396e-9,1,9.10024482436711e-8,0.21474014222621919,8.794207673190613e-8,-0.9766712188720703],"p":[2607.384765625,49.47410202026367,-361.1400146484375]},"j":true},{"t":2.5419797897338869,"c":{"r":[-0.9735788702964783,2.1628718371857759e-8,-0.22835113108158112,4.149355969929047e-9,1,7.702608684212464e-8,0.22835113108158112,7.404346291650654e-8,-0.9735788702964783],"p":[2607.413818359375,49.69557571411133,-360.9976501464844]},"j":true},{"t":2.5571019649505617,"c":{"r":[-0.9668733477592468,9.427932212702217e-9,-0.25525668263435366,4.289748112284997e-9,1,2.0686192314656183e-8,0.25525668263435366,1.8905941701063967e-8,-0.9668733477592468],"p":[2607.532470703125,50.54740524291992,-360.42852783203127]},"j":true},{"t":2.574253797531128,"c":{"r":[-0.9516370296478272,-2.1465821120614238e-8,-0.3072245419025421,1.0137396699860801e-8,1,-1.0127102001433741e-7,0.3072245419025421,-9.948771406698143e-8,-0.9516370296478272],"p":[2607.716552734375,51.535545349121097,-359.7234191894531]},"j":false},{"t":2.617130756378174,"c":{"r":[-0.796363115310669,-5.623761012429895e-7,-0.6048188209533691,7.885070374413772e-8,1,-0.0000010336481182093849,0.6048188209533691,-8.70849646616989e-7,-0.796363115310669],"p":[2608.23388671875,53.25636672973633,-358.36309814453127]},"j":false},{"t":2.6671178340911867,"c":{"r":[-0.40990760922431948,-0.0000016391244344049483,-0.9121270775794983,1.2602330912159233e-7,1,-0.0000018536696870796732,0.9121270775794983,-8.747825859245495e-7,-0.40990760922431948],"p":[2609.1328125,54.87171936035156,-356.898681640625]},"j":false},{"t":2.7076730728149416,"c":{"r":[-0.22977936267852784,-3.7347155057432249e-7,-0.9732427597045898,-3.988554819756018e-9,1,-3.8279767977655867e-7,0.9732427597045898,-8.407717189129471e-8,-0.22977936267852784],"p":[2610.0673828125,55.84315872192383,-355.8768615722656]},"j":false},{"t":2.749507188796997,"c":{"r":[-0.22837106883525849,9.660954702894742e-8,-0.973574161529541,-3.656519309558348e-9,1,1.0008953665874287e-7,0.973574161529541,2.6417447784865545e-8,-0.22837106883525849],"p":[2611.147216796875,56.473976135253909,-355.0564270019531]},"j":false},{"t":2.7911746501922609,"c":{"r":[-0.17506951093673707,7.343805918935687e-8,-0.9845560789108276,1.1201966465534952e-8,1,7.259813372684221e-8,0.9845560789108276,1.6807555347497783e-9,-0.17506951093673707],"p":[2612.36767578125,56.7641716003418,-354.4404602050781]},"j":false},{"t":2.8323864936828615,"c":{"r":[-0.042717430740594867,-1.8843739724161424e-7,-0.9990872144699097,1.4220412403176397e-8,1,-1.8921758737633355e-7,0.9990872144699097,-2.2290320700335543e-8,-0.042717430740594867],"p":[2613.706787109375,56.71373748779297,-354.04168701171877]},"j":false},{"t":2.873453378677368,"c":{"r":[-0.04187934845685959,-1.250106294037323e-7,-0.999122679233551,-7.526431922144639e-9,1,-1.2480492728172977e-7,0.999122679233551,2.293079282011945e-9,-0.04187934845685959],"p":[2615.12890625,56.32267379760742,-353.8756103515625]},"j":false},{"t":2.9166111946105959,"c":{"r":[-0.0418747141957283,-6.344414771319862e-8,-0.9991228580474854,-2.904806883918809e-8,1,-6.228239612937614e-8,0.9991228580474854,2.641453100693525e-8,-0.0418747141957283],"p":[2616.586181640625,55.59099578857422,-353.8140563964844]},"j":false},{"t":2.9656028747558595,"c":{"r":[-0.041874732822179797,1.0262130700766648e-8,-0.9991228580474854,-5.4813078520510319e-8,1,1.2568437846027792e-8,0.9991228580474854,5.5291302203386297e-8,-0.041874732822179797],"p":[2618.254150390625,54.76333999633789,-353.7441711425781]},"j":false},{"t":3.0081803798675539,"c":{"r":[-0.03489900007843971,7.202527285699034e-8,-0.9993908405303955,-7.640694832389272e-8,1,7.4737322108831e-8,0.9993908405303955,7.896866094370125e-8,-0.03489900007843971],"p":[2619.528076171875,54.36166000366211,-353.6920166015625]},"j":false},{"t":3.0189576148986818,"c":{"r":[-0.027922041714191438,8.48145802478939e-8,-0.9996101260185242,-8.085865488283162e-8,1,8.710627952268624e-8,0.9996101260185242,8.32593087807254e-8,-0.027922041714191438],"p":[2619.81103515625,54.23145294189453,-353.6820373535156]},"j":true},{"t":3.0261175632476808,"c":{"r":[-0.027922041714191438,9.704918824127162e-8,-0.9996101260185242,-8.530845718723867e-8,1,9.946995760401478e-8,0.9996101260185242,8.805260165445361e-8,-0.027922041714191438],"p":[2620.09521484375,54.67099380493164,-353.6720275878906]},"j":true},{"t":3.033705949783325,"c":{"r":[-0.0279220100492239,1.0927857374554151e-7,-0.9996101260185242,-8.975636234254125e-8,1,1.1182835635281663e-7,0.9996101260185242,9.284384105967547e-8,-0.0279220100492239],"p":[2620.385009765625,55.09690856933594,-353.66339111328127]},"j":true},{"t":3.0488760471343996,"c":{"r":[-0.027921998873353006,1.398291828991205e-7,-0.9996101260185242,-1.0086783674978506e-7,1,1.4270125348048169e-7,0.9996101260185242,1.0481301160325529e-7,-0.027921998873353006],"p":[2621.113525390625,56.102081298828128,-353.6429443359375]},"j":false},{"t":3.090836763381958,"c":{"r":[-0.02792195789515972,5.414612402887542e-8,-0.9996101260185242,-2.6333689007174145e-8,1,5.490282006803682e-8,0.9996101260185242,2.7856415840687988e-8,-0.02792195789515972],"p":[2622.571044921875,57.856964111328128,-353.60235595703127]},"j":false},{"t":3.133706569671631,"c":{"r":[-0.020978951826691629,-2.4507620821623278e-8,-0.9997799396514893,4.1070599365866659e-8,1,-2.5374822243406926e-8,0.9997799396514893,-4.1593896327185578e-8,-0.020978951826691629],"p":[2623.8828125,59.14511489868164,-353.5702209472656]},"j":false},{"t":3.1745219230651857,"c":{"r":[-0.03461787477135658,-1.0541062778202104e-7,-0.9994006156921387,1.0831322327931048e-7,1,-1.0922566673343681e-7,0.9994006156921387,-1.1202946836874617e-7,-0.03461787477135658],"p":[2625.194580078125,60.15736770629883,-353.53924560546877]},"j":false},{"t":3.2159807682037355,"c":{"r":[-0.0554254911839962,-9.726390004516361e-8,-0.9984627962112427,5.382437961998221e-8,1,-1.0040147913059627e-7,0.9984627962112427,-5.9306444200046829e-8,-0.0554254911839962],"p":[2626.7978515625,61.01987838745117,-353.47381591796877]},"j":false},{"t":3.257143974304199,"c":{"r":[-0.07630885392427445,-1.3802598175516324e-7,-0.9970842003822327,6.647965733463934e-9,1,-1.3893838968215278e-7,0.9970842003822327,-1.723081055615694e-8,-0.07630885392427445],"p":[2628.2529296875,61.446319580078128,-353.3861389160156]},"j":false},{"t":3.3009705543518068,"c":{"r":[-0.09056461602449417,-1.1459079019005003e-7,-0.9958905577659607,-2.078527572280109e-8,1,-1.1317345638417464e-7,0.9958905577659607,1.0450349918755819e-8,-0.09056461602449417],"p":[2629.706298828125,61.53213119506836,-353.2650146484375]},"j":false},{"t":3.348832368850708,"c":{"r":[-0.09063196927309036,-4.6156237942796e-8,-0.9958844780921936,-4.3772470093017549e-8,1,-4.236339989915905e-8,0.9958844780921936,3.975284457169437e-8,-0.09063196927309036],"p":[2631.449462890625,61.185489654541019,-353.1064453125]},"j":false},{"t":3.3908424377441408,"c":{"r":[-0.022548051550984384,-6.303271504748409e-8,-0.999745786190033,-5.941016567589941e-8,1,-6.170881761136116e-8,0.999745786190033,5.800364633046229e-8,-0.022548051550984384],"p":[2632.9033203125,60.521934509277347,-352.99371337890627]},"j":false},{"t":3.4334747791290285,"c":{"r":[0.09637144207954407,-1.714763300242339e-7,-0.995345413684845,8.426630060398566e-9,1,-1.7146231812148472e-7,0.995345413684845,8.136664675362227e-9,0.09637144207954407],"p":[2634.35986328125,59.51774978637695,-353.028076171875]},"j":false},{"t":3.4735512733459474,"c":{"r":[0.09757105261087418,1.6804133196046679e-8,-0.9952285885810852,9.742667117507154e-9,1,1.7839857591184228e-8,0.9952285885810852,-1.1436833702305194e-8,0.09757105261087418],"p":[2635.650634765625,59.20258331298828,-353.153076171875]},"j":false},{"t":3.51682186126709,"c":{"r":[0.09758289158344269,1.1792589305059664e-7,-0.9952273964881897,4.396125963257447e-10,1,1.1853450843091196e-7,0.9952273964881897,-1.2004455207659248e-8,0.09758289158344269],"p":[2637.220458984375,58.88127136230469,-353.3070068359375]},"j":false},{"t":3.556875705718994,"c":{"r":[0.07671955227851868,1.2144644756517665e-7,-0.9970527291297913,-1.1566028135234774e-8,1,1.2091548740045256e-7,0.9970527291297913,2.2553585665718858e-9,0.07671955227851868],"p":[2638.652587890625,58.493003845214847,-353.4474182128906]},"j":false},{"t":3.5980732440948488,"c":{"r":[0.0558219812810421,1.2477545396905044e-7,-0.9984407424926758,-2.346768646077635e-8,1,1.236582534147601e-7,0.9984407424926758,1.6528243662605747e-8,0.0558219812810421],"p":[2640.04052734375,58.56321716308594,-353.5410461425781]},"j":false},{"t":3.6396517753601076,"c":{"r":[0.034900639206171039,1.2773216440109537e-7,-0.9993907809257507,-3.530050207700697e-8,1,1.265772624492456e-7,0.9993907809257507,3.086136857177735e-8,0.034900639206171039],"p":[2641.3857421875,59.194740295410159,-353.6114501953125]},"j":false},{"t":3.6822757720947267,"c":{"r":[0.034900639206171039,1.3116952857217257e-7,-0.9993907809257507,-4.7079204534838939e-8,1,1.2960539663708915e-7,0.9993907809257507,4.252721552688854e-8,0.034900639206171039],"p":[2642.6142578125,59.955078125,-353.6560363769531]},"j":false},{"t":3.7233424186706545,"c":{"r":[0.013962089084088803,3.6593764463077608e-8,-0.9999025464057922,-1.8807943646947934e-8,1,3.633470768704683e-8,0.9999025464057922,1.8298802473282195e-8,0.013962089084088803],"p":[2643.6826171875,60.144493103027347,-353.68988037109377]},"j":false},{"t":3.7646093368530275,"c":{"r":[-0.01396166067570448,-8.65369997882226e-8,-0.9999025464057922,2.2912717057010924e-8,1,-8.686537000812678e-8,0.9999025464057922,-2.4123268715925407e-8,-0.01396166067570448],"p":[2644.927490234375,59.734188079833987,-353.69732666015627]},"j":false},{"t":3.807389974594116,"c":{"r":[-0.027921948581933976,-6.917112926885238e-8,-0.9996101260185242,2.4284918964667669e-8,1,-6.9876456620932e-8,0.9996101260185242,-2.622653738626468e-8,-0.027921948581933976],"p":[2646.185791015625,59.81401062011719,-353.6743469238281]},"j":false},{"t":3.8495020866394045,"c":{"r":[-0.041875600814819339,-5.181158257983043e-8,-0.9991228580474854,2.5843448270279624e-8,1,-5.2940229977593847e-8,0.9991228580474854,-2.8037684174364587e-8,-0.041875600814819339],"p":[2647.356201171875,59.79145050048828,-353.6366271972656]},"j":false},{"t":3.899679183959961,"c":{"r":[-0.07671818882226944,-3.046315200094796e-8,-0.997052788734436,2.8356856418554345e-8,1,-3.2735115951254559e-8,0.997052788734436,-3.0784661930738369e-8,-0.07671818882226944],"p":[2648.6689453125,60.13041687011719,-353.5667724609375]},"j":false},{"t":3.948467969894409,"c":{"r":[-0.09063257277011872,-9.753698293479829e-9,-0.9958844184875488,3.134402959403815e-8,1,-1.2646536262650443e-8,0.9958844184875488,-3.2361221258270237e-8,-0.09063257277011872],"p":[2650.061767578125,60.36627960205078,-353.4451904296875]},"j":false},{"t":3.991319179534912,"c":{"r":[-0.09063161909580231,7.103808652431098e-9,-0.9958844780921936,3.382749724778478e-8,1,4.054654390017731e-9,0.9958844780921936,-3.332080211748689e-8,-0.09063161909580231],"p":[2651.20947265625,60.51538848876953,-353.34075927734377]},"j":false},{"t":4.031976938247681,"c":{"r":[-0.09063280373811722,2.392540388029829e-8,-0.995884358882904,3.6305667805436317e-8,1,2.0720195337275983e-8,0.995884358882904,-3.427831529734249e-8,-0.09063280373811722],"p":[2652.367431640625,60.772518157958987,-353.23541259765627]},"j":false},{"t":4.0737221240997318,"c":{"r":[-0.09063245356082916,4.071104342528997e-8,-0.9958844184875488,3.877854837242012e-8,1,3.735016562700366e-8,0.9958844184875488,-3.5233814088542206e-8,-0.09063245356082916],"p":[2653.541259765625,60.89262390136719,-353.1285705566406]},"j":false},{"t":4.116241931915283,"c":{"r":[-0.14509694278240205,-0.026209447532892228,-0.9890702366828919,-0.013678249903023243,0.9996066689491272,-0.02448204904794693,0.9893229007720947,0.009976479224860669,-0.1453983634710312],"p":[2654.144775390625,61.04706573486328,-353.0565185546875]},"j":false},{"t":4.156663656234741,"c":{"r":[-0.09767156839370728,-0.02484685555100441,-0.9949085116386414,0.003972803242504597,0.9996705651283264,-0.025355800986289979,0.9952107667922974,-0.006429115775972605,-0.09754068404436112],"p":[2654.359619140625,61.543296813964847,-353.1065368652344]},"j":false},{"t":4.198925971984863,"c":{"r":[-0.07674986124038696,0.001688924035988748,-0.9970489740371704,-0.00025812312378548086,0.9999985098838806,0.001713789883069694,0.9970503449440002,0.00038889452116563916,-0.07674930989742279],"p":[2654.350830078125,62.56290054321289,-353.1072692871094]},"j":false},{"t":4.240885496139526,"c":{"r":[-0.07671889662742615,-0.00010998646030202508,-0.9970527291297913,0.000015019472812127788,1,-0.00011146725591970608,0.997052788734436,-0.000023526852601207794,-0.07671889662742615],"p":[2654.350830078125,63.58374786376953,-353.1072692871094]},"j":false},{"t":4.281987905502319,"c":{"r":[-0.06278997659683228,0.000006858047527202871,-0.9980267882347107,-8.924549206312804e-7,1,0.000006927754839125555,0.9980267882347107,0.0000013256874353828608,-0.06278997659683228],"p":[2654.350830078125,64.60457611083985,-353.1072692871094]},"j":false},{"t":4.326256036758423,"c":{"r":[-0.02792140655219555,-4.066521626100439e-7,-0.9996101260185242,5.563242666539736e-8,1,-4.083647127117729e-7,0.9996101260185242,-6.701285570898108e-8,-0.02792140655219555],"p":[2654.350830078125,65.6253890991211,-353.1072692871094]},"j":false},{"t":4.373403310775757,"c":{"r":[-0.013961243443191052,8.912739701827377e-8,-0.9999025464057922,-4.937930064841112e-9,1,8.920503091758292e-8,0.9999025464057922,6.1828622222037669e-9,-0.013961243443191052],"p":[2654.350830078125,66.8503646850586,-353.1072692871094]},"j":false},{"t":4.41537618637085,"c":{"r":[-0.013961243443191052,9.593407668262444e-8,-0.9999025464057922,-3.7896729310205049e-8,1,9.647256860034759e-8,0.9999025464057922,3.923991442889019e-8,-0.013961243443191052],"p":[2654.350830078125,67.76909637451172,-353.1072692871094]},"j":false},{"t":4.456991672515869,"c":{"r":[-0.013961243443191052,-2.4013887767182497e-8,-0.9999025464057922,-1.7764401505360185e-8,1,-2.376819097094085e-8,0.9999025464057922,1.7430837218057605e-8,-0.013961243443191052],"p":[2654.350830078125,68.78990936279297,-353.1072692871094]},"j":false},{"t":4.499702453613281,"c":{"r":[-0.013961243443191052,-8.332688139489619e-8,-0.9999025464057922,2.782190478001212e-9,1,-8.337384826972993e-8,0.9999025464057922,-3.9459218115212028e-9,-0.013961243443191052],"p":[2654.350830078125,69.91280364990235,-353.1072692871094]},"j":false},{"t":4.542001962661743,"c":{"r":[-0.013961481861770153,-2.217294792217217e-8,-0.9999025464057922,1.8956834324512785e-8,1,-2.2439799352014235e-8,0.9999025464057922,-1.926827941645115e-8,-0.013961481861770153],"p":[2654.350830078125,70.9336166381836,-353.1072692871094]},"j":false},{"t":4.590218782424927,"c":{"r":[-0.013961481861770153,5.103946065787568e-8,-0.9999025464057922,3.832084516375289e-8,1,5.0509367355289217e-8,0.9999025464057922,-3.7611922465430328e-8,-0.013961481861770153],"p":[2654.350830078125,72.1585922241211,-353.1072692871094]},"j":false},{"t":4.6323487758636479,"c":{"r":[-0.013961481861770153,1.1190653026460495e-7,-0.9999025464057922,5.4419629691437879e-8,1,1.1115758979940438e-7,0.9999025464057922,-5.286240067903236e-8,-0.013961481861770153],"p":[2654.350830078125,73.17940521240235,-353.1072692871094]},"j":false},{"t":4.672670841217041,"c":{"r":[-0.013961481861770153,2.14988666868976e-8,-0.9999025464057922,3.3824185674546926e-9,1,2.1453733012322119e-8,0.9999025464057922,-3.0825630936703875e-9,-0.013961481861770153],"p":[2654.350830078125,74.09813690185547,-353.1072692871094]},"j":false},{"t":4.715880393981934,"c":{"r":[-0.013961481861770153,-8.876349966158159e-8,-0.9999025464057922,-5.886324672133014e-8,1,-8.795025507879473e-8,0.9999025464057922,5.76295953180761e-8,-0.013961481861770153],"p":[2654.350830078125,75.22103118896485,-353.1072692871094]},"j":false},{"t":4.765160083770752,"c":{"r":[-0.013961481861770153,-2.9452786876049687e-8,-0.9999025464057922,-1.2629429946287019e-8,1,-2.9279316748898056e-8,0.9999025464057922,1.2219416589687171e-8,-0.013961481861770153],"p":[2654.350830078125,76.44600677490235,-353.1072692871094]},"j":false},{"t":4.806110858917236,"c":{"r":[-0.013961481861770153,1.9856750910207667e-8,-0.9999025464057922,2.5808279957573178e-8,1,1.949833006165136e-8,0.9999025464057922,-2.5533539727007338e-8,-0.013961481861770153],"p":[2654.350830078125,77.4668197631836,-353.1072692871094]},"j":false},{"t":4.847590684890747,"c":{"r":[-0.013961481861770153,6.9061023566519e-8,-0.9999025464057922,6.416393460995096e-8,1,6.817184328156145e-8,0.9999025464057922,-6.320590273389826e-8,-0.013961481861770153],"p":[2654.350830078125,78.48763275146485,-353.1072692871094]},"j":false},{"t":4.889857053756714,"c":{"r":[-2.468005000366702e-8,5.065794894676401e-8,-1,4.3612949696125727e-8,1,5.065794894676401e-8,1,-4.3612946143412049e-8,-2.468005178002386e-8],"p":[2654.350830078125,79.5084457397461,-353.1072692871094]},"j":false},{"t":4.931995153427124,"c":{"r":[0.00698212580755353,-2.4765595796338858e-8,-0.9999756217002869,-2.7198947094575489e-8,1,-2.4956110067364535e-8,0.9999756217002869,2.737253090856484e-8,0.00698212580755353],"p":[2654.350830078125,80.42717742919922,-353.1072692871094]},"j":false},{"t":4.973164796829224,"c":{"r":[0.013962744735181332,-5.788659507288685e-8,-0.9999024868011475,-5.60564430429622e-8,1,-5.8675016845199937e-8,0.9999024868011475,5.687024540179664e-8,0.013962744735181332],"p":[2654.350830078125,81.44799041748047,-353.1072692871094]},"j":false},{"t":5.015307664871216,"c":{"r":[0.020943397656083108,-1.136564353743097e-8,-0.9997806549072266,-7.519607159167663e-9,1,-1.1525656873345725e-8,0.9997806549072266,7.75934427821312e-9,0.020943397656083108],"p":[2654.350830078125,82.57088470458985,-353.1072692871094]},"j":false},{"t":5.057429552078247,"c":{"r":[0.020943397656083108,3.055564690157553e-8,-0.9997806549072266,3.64245380524153e-8,1,3.132537074179709e-8,0.9997806549072266,-3.707260987084737e-8,0.020943397656083108],"p":[2654.350830078125,83.5916976928711,-353.1072692871094]},"j":false},{"t":5.098888158798218,"c":{"r":[0.020943397656083108,6.820828701847859e-8,-0.9997806549072266,7.589408568264844e-8,1,6.98130762089022e-8,0.9997806549072266,-7.733956408628728e-8,0.020943397656083108],"p":[2654.350830078125,84.51042938232422,-353.1072692871094]},"j":false},{"t":5.140958786010742,"c":{"r":[0.0209424439817667,2.976208079985554e-8,-0.9997806549072266,3.18566790724617e-8,1,3.0435913345172597e-8,0.9997806549072266,-3.2487093903910139e-8,0.0209424439817667],"p":[2654.350830078125,85.6333236694336,-353.1072692871094]},"j":false},{"t":5.181655168533325,"c":{"r":[0.020942682400345804,-4.1033604958329309e-8,-0.9997806549072266,-4.715037604796635e-8,1,-4.203027970106632e-8,0.9997806549072266,4.802026154493433e-8,0.020942682400345804],"p":[2654.350830078125,86.55205535888672,-353.1072692871094]},"j":false},{"t":5.223567724227905,"c":{"r":[0.020942682400345804,-4.289052313311004e-8,-0.9997806549072266,-4.806862108353016e-8,1,-4.390683727706346e-8,0.9997806549072266,4.897760419453334e-8,0.020942682400345804],"p":[2654.350830078125,87.6749496459961,-353.1072692871094]},"j":false},{"t":5.26528787612915,"c":{"r":[0.013962388969957829,-7.973373628011871e-10,-0.9999025464057922,6.846358480139259e-10,1,-7.878550034590148e-10,0.9999025464057922,-6.735687563264037e-10,0.013962388969957829],"p":[2654.350830078125,88.69576263427735,-353.1072692871094]},"j":false},{"t":5.306891679763794,"c":{"r":[-0.06278984993696213,4.2949025669258847e-8,-0.9980267882347107,5.136525516036272e-8,1,3.9802348084094777e-8,0.9980267882347107,-4.876471848547226e-8,-0.06278984993696213],"p":[2654.350830078125,89.7165756225586,-353.1072692871094]},"j":false},{"t":5.34885835647583,"c":{"r":[-0.15842492878437043,-7.861455486590785e-8,-0.987371027469635,6.683527686845992e-8,1,-9.034388170903185e-8,0.987371027469635,-8.03039341690237e-8,-0.15842492878437043],"p":[2654.48681640625,90.55006408691406,-353.0953063964844]},"j":false},{"t":5.389699935913086,"c":{"r":[-0.3537273108959198,-3.033656810202956e-7,-0.9353485703468323,1.3847635038644058e-8,1,-3.2957120765786387e-7,0.9353485703468323,-1.2953070438470605e-7,-0.3537273108959198],"p":[2654.81787109375,91.00896453857422,-353.0483703613281]},"j":false},{"t":5.431289196014404,"c":{"r":[-0.5522076487541199,-4.0937268863672218e-7,-0.8337066173553467,2.2483186867816586e-8,1,-5.059191039435973e-7,0.8337066173553467,-2.981167597226886e-7,-0.5522076487541199],"p":[2655.3974609375,91.19527435302735,-352.8976745605469]},"j":false},{"t":5.47418999671936,"c":{"r":[-0.733694851398468,1.2077022404355376e-7,-0.6794791221618652,2.1574296127369054e-8,1,1.5444369694250782e-7,0.6794791221618652,9.865525640861961e-8,-0.733694851398468],"p":[2656.212158203125,91.40068054199219,-352.3768005371094]},"j":false},{"t":5.51130485534668,"c":{"r":[-0.8991499543190002,-2.2144620359654256e-8,-0.4376406669616699,-1.7892707759870065e-8,1,-1.3838734602700243e-8,0.4376406669616699,-4.612520587699009e-9,-0.8991499543190002],"p":[2656.93115234375,91.95073699951172,-351.4727478027344]},"j":true},{"t":5.517862558364868,"c":{"r":[-0.9298838376998901,-6.226073168136281e-8,-0.3678532540798187,-3.5108168816577748e-8,1,-8.050550803773149e-8,0.3678532540798187,-6.194611756882296e-8,-0.9298838376998901],"p":[2657.07568359375,92.39027404785156,-351.2278747558594]},"j":false},{"t":5.5195183753967289,"c":{"r":[-0.9298838376998901,-6.226073168136281e-8,-0.3678532540798187,-3.5108168816577748e-8,1,-8.050550803773149e-8,0.3678532540798187,-6.194611756882296e-8,-0.9298838376998901],"p":[2657.07568359375,92.39027404785156,-351.2278747558594]},"j":true},{"t":5.5253026485443119,"c":{"r":[-0.9442115426063538,-6.720667045101436e-8,-0.32933956384658816,-3.7671984642884129e-8,1,-9.605997064454641e-8,0.32933956384658816,-7.82940574595159e-8,-