{"d":[{"t":0.04048919677734375,"c":{"r":[0.28903231024742129,6.64020731733217e-8,-0.9573193192481995,-6.753969472583776e-8,1,4.897103167422756e-8,0.9573193192481995,5.0502844572974939e-8,0.28903231024742129],"p":[2683.929443359375,88.27159118652344,-333.935791015625]},"j":false},{"t":0.08964347839355469,"c":{"r":[0.28903231024742129,3.969381268120742e-8,-0.9573193192481995,-4.142061627021576e-8,1,2.895785478074231e-8,0.9573193192481995,3.128300107846371e-8,0.28903231024742129],"p":[2684.957763671875,88.27315521240235,-334.2461853027344]},"j":false},{"t":0.13963699340820313,"c":{"r":[0.30901575088500979,-3.596018061102768e-8,-0.9510568976402283,3.5655070007578618e-8,1,-2.622577355282374e-8,0.9510568976402283,-2.5805821479707448e-8,0.30901575088500979],"p":[2686.626953125,88.26998138427735,-334.7637023925781]},"j":false},{"t":0.18022584915161134,"c":{"r":[0.3354514241218567,-1.001609390982594e-7,-0.9420574903488159,1.009335903745523e-7,1,-7.038065774622737e-8,0.9420574903488159,-7.147595226797421e-8,0.3354514241218567],"p":[2688.009521484375,88.27278137207031,-335.2275390625]},"j":false},{"t":0.2212967872619629,"c":{"r":[0.3420194983482361,-1.5370845929396638e-8,-0.9396928548812866,1.6583136641656894e-8,1,-1.0321553389758265e-8,0.9396928548812866,-1.2052881359636558e-8,0.3420194983482361],"p":[2689.384033203125,88.2760238647461,-335.7160949707031]},"j":false},{"t":0.26407837867736819,"c":{"r":[0.3746069669723511,7.851286909499322e-8,-0.9271836876869202,-7.75399584540537e-8,1,5.3350653672623596e-8,0.9271836876869202,5.190825902445795e-8,0.3746069669723511],"p":[2690.88525390625,88.27625274658203,-336.2800598144531]},"j":false},{"t":0.30535244941711428,"c":{"r":[0.40673837065696719,4.967562716728935e-8,-0.9135447144508362,-4.970136657789226e-8,1,3.224820588343391e-8,0.9135447144508362,3.228783640452093e-8,0.40673837065696719],"p":[2692.084228515625,88.23918914794922,-336.7915954589844]},"j":false},{"t":0.34649205207824709,"c":{"r":[0.42577654123306277,-1.748359679254463e-8,-0.9048283696174622,1.611253885869246e-8,1,-1.1740629801693104e-8,0.9048283696174622,-9.580197968261928e-9,0.42577654123306277],"p":[2693.377685546875,87.84793090820313,-337.3887634277344]},"j":false},{"t":0.3885350227355957,"c":{"r":[0.42577844858169558,-8.510654225801773e-8,-0.9048274755477905,8.184753852447102e-8,1,-5.5543882382380619e-8,0.9048274755477905,-5.0408512919375428e-8,0.42577844858169558],"p":[2694.634521484375,87.0982437133789,-337.9801940917969]},"j":false},{"t":0.4298074245452881,"c":{"r":[0.4257790744304657,-4.332983394306211e-8,-0.9048271775245667,4.1987707533053256e-8,1,-2.8129511164820543e-8,0.9048271775245667,-2.6014660647888378e-8,0.4257790744304657],"p":[2695.828369140625,86.00792694091797,-338.54168701171877]},"j":false},{"t":0.4508953094482422,"c":{"r":[0.4257790744304657,-7.922593248110843e-9,-0.9048271775245667,7.997456918928947e-9,1,-4.992603663822592e-9,0.9048271775245667,-5.1105697451703239e-9,0.4257790744304657],"p":[2696.24462890625,85.47642517089844,-338.73760986328127]},"j":true},{"t":0.45641589164733889,"c":{"r":[0.4194536507129669,9.805540379659306e-9,-0.9077767729759216,-8.905687742810642e-9,1,6.686685427581551e-9,0.9077767729759216,5.279622072862367e-9,0.4194536507129669],"p":[2696.45166015625,85.91596221923828,-338.83514404296877]},"j":true},{"t":0.46579933166503909,"c":{"r":[0.419454425573349,2.749026073445293e-8,-0.907776415348053,-2.5801622172139106e-8,1,1.8360969633590686e-8,0.907776415348053,1.572051289144838e-8,0.419454425573349],"p":[2696.665771484375,86.34187316894531,-338.93560791015627]},"j":true},{"t":0.4718973636627197,"c":{"r":[0.41945505142211916,4.516742890814385e-8,-0.9077761173248291,-4.2690341928164347e-8,1,3.0030257391899798e-8,0.9077761173248291,2.6156929067155944e-8,0.41945505142211916],"p":[2696.888916015625,86.75416564941406,-339.0400390625]},"j":false},{"t":0.5152299404144287,"c":{"r":[0.4194560647010803,1.2699918272573996e-7,-0.9077756404876709,-1.2091213363873977e-7,1,8.403161899650513e-8,0.9077756404876709,7.451352246334864e-8,0.4194560647010803],"p":[2698.268798828125,88.77820587158203,-339.68017578125]},"j":false},{"t":0.5619196891784668,"c":{"r":[0.4194510877132416,5.623922305630913e-8,-0.9077779650688171,-5.374997158469341e-8,1,3.711671681116968e-8,0.9077779650688171,3.322439212638528e-8,0.4194510877132416],"p":[2699.724365234375,90.39009094238281,-340.3529052734375]},"j":false},{"t":0.6047656536102295,"c":{"r":[0.4504591226577759,-4.5984016594502467e-8,-0.89279705286026,1.0646409087655684e-8,1,-4.6133937559034169e-8,0.89279705286026,1.127637094811007e-8,0.4504591226577759],"p":[2701.040283203125,91.49778747558594,-340.9808654785156]},"j":false},{"t":0.6467478275299072,"c":{"r":[0.45088106393814089,-1.1978926295341808e-7,-0.8925840258598328,4.5697369444042127e-8,1,-1.1112139475244476e-7,0.8925840258598328,9.313789739451295e-9,0.45088106393814089],"p":[2702.341796875,92.26484680175781,-341.6378173828125]},"j":false},{"t":0.6901097297668457,"c":{"r":[0.44478753209114077,-1.0672463446326219e-7,-0.8956360816955566,4.719973389910592e-8,1,-9.572055148510117e-8,0.8956360816955566,3.0152291774498965e-10,0.44478753209114077],"p":[2703.7744140625,92.71520233154297,-342.3589782714844]},"j":false},{"t":0.7375340461730957,"c":{"r":[0.38836607336997988,-1.4718247598466406e-7,-0.9215051531791687,4.354367888481647e-8,1,-1.4136826109734103e-7,0.9215051531791687,1.4776911250180547e-8,0.38836607336997988],"p":[2705.222412109375,92.75340270996094,-343.0491638183594]},"j":false},{"t":0.7798492908477783,"c":{"r":[0.3490205705165863,-1.3401896126197244e-7,-0.9371150732040405,-3.802013148757055e-10,1,-1.4315388341401559e-7,0.9371150732040405,5.031994376736293e-8,0.3490205705165863],"p":[2706.57568359375,92.43046569824219,-343.5920104980469]},"j":false},{"t":0.8217818737030029,"c":{"r":[0.33554041385650637,-1.2707127439171018e-7,-0.9420257806777954,-3.540456461337271e-8,1,-1.4750226284832025e-7,0.9420257806777954,8.284498420607633e-8,0.33554041385650637],"p":[2707.945556640625,91.76690673828125,-344.09259033203127]},"j":false},{"t":0.8629605770111084,"c":{"r":[0.3354496657848358,-1.2646174241126574e-7,-0.9420581459999085,-6.550613562694707e-8,1,-1.5756538118694153e-7,0.9420581459999085,1.1456585014002485e-7,0.3354496657848358],"p":[2709.45751953125,90.64356994628906,-344.6307373046875]},"j":false},{"t":0.9042067527770996,"c":{"r":[0.34200161695480349,-3.038151774603648e-8,-0.9396993517875671,-2.9552277069910816e-8,1,-4.308659384832936e-8,0.9396993517875671,4.250594187737988e-8,0.34200161695480349],"p":[2710.692138671875,89.41791534423828,-345.0762023925781]},"j":false},{"t":0.945563793182373,"c":{"r":[0.342020720243454,7.21488575550211e-8,-0.9396923780441284,1.0430895258650708e-8,1,8.057576650344345e-8,0.9396923780441284,-3.7360415205967e-8,0.342020720243454],"p":[2712.05712890625,88.85748291015625,-345.5730895996094]},"j":false},{"t":0.9875831604003906,"c":{"r":[0.26891976594924929,4.737572822932634e-8,-0.9631626009941101,1.9068407297595514e-8,1,5.451166984471456e-8,0.9631626009941101,-3.302524120840644e-8,0.26891976594924929],"p":[2713.4677734375,88.09563446044922,-346.0511779785156]},"j":false},{"t":1.0293488502502442,"c":{"r":[0.09063316881656647,3.232225598281957e-9,-0.995884358882904,1.2465987353493802e-8,1,4.380084295263487e-9,0.995884358882904,-1.2811662841727412e-8,0.09063316881656647],"p":[2714.351318359375,87.16574096679688,-346.3193054199219]},"j":false},{"t":1.031447410583496,"c":{"r":[0.09063316881656647,3.232225598281957e-9,-0.995884358882904,1.2465987353493802e-8,1,4.380084295263487e-9,0.995884358882904,-1.2811662841727412e-8,0.09063316881656647],"p":[2714.351318359375,87.16574096679688,-346.3193054199219]},"j":true},{"t":1.0398266315460206,"c":{"r":[0.0767199769616127,-7.359690190611445e-9,-0.9970526695251465,1.0096922409275067e-8,1,-6.6045204860643029e-9,0.9970526695251465,-9.56046530831145e-9,0.0767199769616127],"p":[2714.540771484375,87.60527801513672,-346.3764953613281]},"j":true},{"t":1.0482819080352784,"c":{"r":[0.06329024583101273,-2.0517056498192688e-8,-0.997995138168335,7.720037942249292e-9,1,-2.006868804471651e-8,0.997995138168335,-6.434408117428347e-9,0.06329024583101273],"p":[2714.7373046875,88.03118896484375,-346.4312744140625]},"j":true},{"t":1.070023775100708,"c":{"r":[0.042349524796009067,-1.0101818048724454e-7,-0.9991028308868408,1.8820169866984317e-9,1,-1.0102911573994789e-7,0.9991028308868408,2.398206744302911e-9,0.042349524796009067],"p":[2715.38232421875,89.22718811035156,-346.5737609863281]},"j":false},{"t":1.11314058303833,"c":{"r":[-0.013225346803665161,-1.6084439380392724e-7,-0.9999125599861145,1.8153014647026567e-9,1,-1.6088246468370927e-7,0.9999125599861145,-3.942869142292693e-9,-0.013225346803665161],"p":[2716.63330078125,90.947998046875,-346.72064208984377]},"j":false},{"t":1.154369592666626,"c":{"r":[-0.013957859948277474,-1.0408506057046907e-7,-0.999902606010437,5.031060457127978e-9,1,-1.0416543005931089e-7,0.999902606010437,-6.484496939407336e-9,-0.013957859948277474],"p":[2718.060302734375,92.32819366455078,-346.7289733886719]},"j":false},{"t":1.1963653564453126,"c":{"r":[-0.013961629942059517,-4.942796394402649e-8,-0.9999025464057922,8.268350448759066e-9,1,-4.954823396019492e-8,0.9999025464057922,-8.959318620327395e-9,-0.013961629942059517],"p":[2719.517822265625,93.36776733398438,-346.7085266113281]},"j":false},{"t":1.2381198406219483,"c":{"r":[-0.013961712829768658,5.112407386320683e-9,-0.9999025464057922,1.1498575425150648e-8,1,4.952350529663363e-9,0.9999025464057922,-1.1428310742189752e-8,-0.013961712829768658],"p":[2720.975341796875,94.06670379638672,-346.6880798339844]},"j":false},{"t":1.2791180610656739,"c":{"r":[0.0065843393094837669,4.577716694598166e-8,-0.9999783039093018,1.4900541245310706e-8,1,4.587627344676548e-8,0.9999783039093018,-1.520228209983543e-8,0.0065843393094837669],"p":[2722.432861328125,94.42501831054688,-346.6767272949219]},"j":false},{"t":1.3205337524414063,"c":{"r":[0.020786892622709276,4.936705266800345e-8,-0.9997839331626892,1.977561225885438e-8,1,4.978888412665583e-8,0.9997839331626892,-2.0806295353281713e-8,0.020786892622709276],"p":[2723.890380859375,94.44271850585938,-346.6932067871094]},"j":false},{"t":1.3627755641937256,"c":{"r":[0.034362342208623889,3.1177609827182098e-8,-0.9994094371795654,2.6286677723419417e-8,1,3.2099837454779848e-8,0.9994094371795654,-2.7374179367711805e-8,0.034362342208623889],"p":[2725.49365234375,94.06875610351563,-346.7301940917969]},"j":false},{"t":1.40574049949646,"c":{"r":[0.09009916335344315,-7.755190978286919e-8,-0.9959328174591065,3.840733597826329e-8,1,-7.439401628062115e-8,0.9959328174591065,-3.1548285761573427e-8,0.09009916335344315],"p":[2726.804443359375,93.45622253417969,-346.79217529296877]},"j":false},{"t":1.454301357269287,"c":{"r":[0.16609787940979005,-1.6121776980071446e-7,-0.9861092567443848,6.723499978988912e-9,1,-1.6235625821536815e-7,0.9861092567443848,2.0336923256536467e-8,0.16609787940979005],"p":[2728.541015625,92.2103271484375,-347.001220703125]},"j":false},{"t":1.4970464706420899,"c":{"r":[0.20055651664733888,-1.2547675964924566e-7,-0.9796821475028992,-4.777451323434434e-9,1,-1.2905707080790308e-7,0.9796821475028992,3.0563619191070759e-8,0.20055651664733888],"p":[2730.11767578125,90.63736724853516,-347.2956848144531]},"j":false},{"t":1.5378410816192628,"c":{"r":[0.20107252895832063,-5.969688032791965e-8,-0.9795763492584229,-7.978866456426204e-9,1,-6.257931062236821e-8,0.9795763492584229,2.0398889688522105e-8,0.20107252895832063],"p":[2731.5458984375,88.84974670410156,-347.5883483886719]},"j":false},{"t":1.5811030864715577,"c":{"r":[0.2010776847600937,5.39716715763916e-9,-0.9795752763748169,-1.1115774967151993e-8,1,3.227963230045816e-9,0.9795752763748169,1.0239666892175592e-8,0.2010776847600937],"p":[2732.97412109375,86.72149658203125,-347.8816223144531]},"j":false},{"t":1.6075844764709473,"c":{"r":[0.2010796219110489,3.789200775372592e-8,-0.9795749187469482,-1.2681677041825879e-8,1,3.60788945386048e-8,0.9795749187469482,5.16792164617641e-9,0.2010796219110489],"p":[2733.684814453125,85.5296401977539,-348.02752685546877]},"j":true},{"t":1.629026174545288,"c":{"r":[0.20791146159172059,7.685345337904437e-8,-0.9781476259231567,-1.469592270098019e-8,1,7.544669244907709e-8,0.9781476259231567,-1.311450170682349e-9,0.20791146159172059],"p":[2734.48779296875,83.98699951171875,-348.19354248046877]},"j":false},{"t":1.6397287845611573,"c":{"r":[0.20791193842887879,9.630873876176338e-8,-0.978147566318512,-1.577074648650978e-8,1,9.510815601743161e-8,0.978147566318512,-4.3480050671007579e-9,0.20791193842887879],"p":[2734.83935546875,83.1697006225586,-348.26788330078127]},"j":true},{"t":1.6485350131988526,"c":{"r":[0.20791368186473847,1.0279105566723956e-7,-0.9781471490859985,-1.6128877788901265e-8,1,1.016591824054558e-7,0.9781471490859985,-5.359916510627727e-9,0.20791368186473847],"p":[2734.9541015625,83.39117431640625,-348.2921447753906]},"j":true},{"t":1.6579186916351319,"c":{"r":[0.20791181921958924,1.2222973566622387e-7,-0.978147566318512,-1.7202783197944883e-8,1,1.213038558489643e-7,0.978147566318512,-8.393644890247743e-9,0.20791181921958924],"p":[2735.31298828125,84.03514862060547,-348.36810302734377]},"j":true},{"t":1.6721220016479493,"c":{"r":[0.20791324973106385,1.4812857784818335e-7,-0.9781472682952881,-1.8633603104944997e-8,1,1.474771806897479e-7,0.9781472682952881,-1.2436051299857809e-8,0.20791324973106385],"p":[2735.82568359375,84.84610748291016,-348.4767761230469]},"j":false},{"t":1.7142210006713868,"c":{"r":[0.22127343714237214,1.070060235974779e-7,-0.9752117991447449,-1.113142111819343e-8,1,1.0720023624344322e-7,0.9752117991447449,-1.28650698982824e-8,0.22127343714237214],"p":[2737.089111328125,86.47148132324219,-348.74822998046877]},"j":false},{"t":1.7628068923950196,"c":{"r":[0.22154822945594788,-8.052462874275079e-8,-0.975149393081665,1.1882137940233406e-8,1,-7.987715378021676e-8,0.975149393081665,6.10978334592005e-9,0.22154822945594788],"p":[2738.794921875,88.20946502685547,-349.1358337402344]},"j":false},{"t":1.8040199279785157,"c":{"r":[0.22154836356639863,-1.137003664553049e-7,-0.975149393081665,1.4731025288483579e-8,1,-1.1325109028348379e-7,0.975149393081665,1.0725644372655552e-8,0.22154836356639863],"p":[2740.2158203125,89.28308868408203,-349.4590148925781]},"j":false},{"t":1.8472163677215577,"c":{"r":[0.22154811024665833,-9.226811670259849e-8,-0.9751494526863098,1.0190628785267109e-8,1,-9.23042122735751e-8,0.9751494526863098,1.0512438031184957e-8,0.22154811024665833],"p":[2741.77880859375,90.0706558227539,-349.81451416015627]},"j":false},{"t":1.89760422706604,"c":{"r":[0.2215486764907837,-6.894484982922222e-8,-0.9751493334770203,5.24966692339035e-9,1,-6.950914155368082e-8,0.9751493334770203,1.0280448492494543e-8,0.2215486764907837],"p":[2743.48388671875,90.45976257324219,-350.20233154296877]},"j":false},{"t":1.938673973083496,"c":{"r":[0.2215486764907837,-4.95543872602866e-8,-0.9751493334770203,1.1418608281132948e-9,1,-5.055780505358598e-8,0.9751493334770203,1.0087529922486738e-8,0.2215486764907837],"p":[2744.90478515625,90.40933227539063,-350.5255126953125]},"j":false},{"t":1.9882829189300538,"c":{"r":[0.27478957176208498,-8.325213940452159e-8,-0.9615043997764587,-3.2040201047855989e-10,1,-8.667685591490226e-8,0.9615043997764587,2.4125965225607616e-8,0.27478957176208498],"p":[2746.463623046875,89.96043395996094,-350.9043273925781]},"j":false},{"t":2.0290586948394777,"c":{"r":[0.3988867998123169,-1.5727873403648119e-7,-0.9170001745223999,9.221375663059917e-9,1,-1.6750317399782944e-7,0.9170001745223999,5.835880401150462e-8,0.3988867998123169],"p":[2747.84375,89.19468688964844,-351.3722839355469]},"j":false},{"t":2.070066452026367,"c":{"r":[0.4810807406902313,-1.5970140054832883e-7,-0.8766763210296631,9.795591005001825e-9,1,-1.767915165373779e-7,0.8766763210296631,7.646342936595829e-8,0.4810807406902313],"p":[2749.156005859375,88.08831024169922,-352.0058288574219]},"j":false},{"t":2.115269184112549,"c":{"r":[0.4877043664455414,-1.555580695367098e-7,-0.8730088472366333,1.0472427369734305e-8,1,-1.7233573146313575e-7,0.8730088472366333,7.490636733109568e-8,0.4877043664455414],"p":[2750.560791015625,86.4778823852539,-352.7800598144531]},"j":false},{"t":2.16281795501709,"c":{"r":[0.4998442828655243,-1.4283105542745035e-7,-0.8661152720451355,1.0316049348091383e-8,1,-1.5895648175501265e-7,0.8661152720451355,7.051859540752048e-8,0.4998442828655243],"p":[2752.083740234375,84.25099182128906,-353.6407165527344]},"j":false},{"t":2.204850435256958,"c":{"r":[0.5060315132141113,-3.347974342204907e-8,-0.8625149726867676,2.5425002103673934e-9,1,-3.732474951334552e-8,0.8625149726867676,1.6694556848051435e-8,0.5060315132141113],"p":[2753.19775390625,83.04816436767578,-354.2839660644531]},"j":false},{"t":2.245723009109497,"c":{"r":[0.5764342546463013,8.660253314474176e-8,-0.8171435594558716,-1.2984349595512868e-8,1,9.682253931941887e-8,0.8171435594558716,-4.520174812228106e-8,0.5764342546463013],"p":[2754.274658203125,83.04553985595703,-354.9461669921875]},"j":false},{"t":2.290823459625244,"c":{"r":[0.6046010255813599,4.810594234072596e-8,-0.7965284585952759,-1.0102647607368454e-8,1,5.272613989859565e-8,0.7965284585952759,-2.3831232098814327e-8,0.6046010255813599],"p":[2755.427734375,83.13681030273438,-355.79669189453127]},"j":false},{"t":2.3400819301605226,"c":{"r":[0.6046010255813599,1.1264025268076239e-8,-0.7965284585952759,-7.11591763291608e-9,1,8.74009487006333e-9,0.7965284585952759,3.837605788703513e-10,0.6046010255813599],"p":[2756.606201171875,83.55936431884766,-356.6912841796875]},"j":false},{"t":2.386794090270996,"c":{"r":[0.6046010255813599,-2.8828459619489878e-8,-0.7965284585952759,-3.865705977545986e-9,1,-3.9126874185058116e-8,0.7965284585952759,2.673529309049627e-8,0.6046010255813599],"p":[2757.892333984375,84.19406127929688,-357.66796875]},"j":false},{"t":2.4295308589935304,"c":{"r":[0.6046010255813599,-6.216034620365463e-8,-0.7965284585952759,-1.163605878318208e-9,1,-7.892230513562026e-8,0.7965284585952759,4.8643354233490757e-8,0.6046010255813599],"p":[2758.964111328125,84.74832916259766,-358.48187255859377]},"j":false},{"t":2.4709901809692385,"c":{"r":[0.6046010255813599,-9.54210221948415e-8,-0.7965284585952759,1.532675208970602e-9,1,-1.186327551749855e-7,0.7965284585952759,7.050466166447223e-8,0.6046010255813599],"p":[2760.038818359375,85.30631256103516,-359.2980651855469]},"j":false},{"t":2.5126805305480959,"c":{"r":[0.6046010255813599,-2.93381230420664e-8,-0.7965284585952759,1.44884604313944e-9,1,-3.573274653945191e-8,0.7965284585952759,2.0450007909289526e-8,0.6046010255813599],"p":[2761.154296875,85.80537414550781,-360.1446533203125]},"j":false},{"t":2.554316282272339,"c":{"r":[0.6046010255813599,7.910352906037588e-8,-0.7965284585952759,1.7756091041931655e-10,1,9.944513834625468e-8,0.7965284585952759,-6.026606058640027e-8,0.6046010255813599],"p":[2762.30810546875,86.1192855834961,-361.02032470703127]},"j":false},{"t":2.5958430767059328,"c":{"r":[0.5417066216468811,4.871699843533861e-8,-0.8405676484107971,-8.530020578767505e-10,1,5.740754360772371e-8,0.8405676484107971,-3.038104168240352e-8,0.5417066216468811],"p":[2763.4873046875,86.28352355957031,-361.87255859375]},"j":false},{"t":2.6370272636413576,"c":{"r":[0.5060321688652039,1.5737855463271445e-8,-0.8625146150588989,-4.5144039617639468e-9,1,1.5597905189679296e-8,0.8625146150588989,-3.9993026668128099e-9,0.5060321688652039],"p":[2764.725341796875,86.36734771728516,-362.6422119140625]},"j":false},{"t":2.679133176803589,"c":{"r":[0.45709794759750368,-1.8497516407478544e-8,-0.8894163370132446,-9.96899274241514e-9,1,-2.592073222729141e-8,0.8894163370132446,2.071489824118089e-8,0.45709794759750368],"p":[2765.99365234375,86.38653564453125,-363.36065673828127]},"j":false},{"t":2.723156452178955,"c":{"r":[0.43208372592926028,-5.292789140298737e-8,-0.9018334746360779,-1.7430606291668483e-8,1,-6.70405029268295e-8,0.9018334746360779,4.4686615296996027e-8,0.43208372592926028],"p":[2767.299072265625,86.42021179199219,-364.00848388671877]},"j":false},{"t":2.7713472843170168,"c":{"r":[0.43208372592926028,-9.665983924378452e-8,-0.9018334746360779,-2.740516968913198e-8,1,-1.203117534487319e-7,0.9018334746360779,7.669964929846174e-8,0.43208372592926028],"p":[2769.00927734375,86.45592498779297,-364.8276062011719]},"j":false},{"t":2.8124547004699709,"c":{"r":[0.43208372592926028,-2.919017738634011e-8,-0.9018334746360779,-7.460807083248256e-9,1,-3.5942189668958238e-8,0.9018334746360779,2.2258442200495666e-8,0.43208372592926028],"p":[2770.193603515625,86.44898223876953,-365.394775390625]},"j":false},{"t":2.853888988494873,"c":{"r":[0.43208372592926028,7.659858880515458e-8,-0.9018334746360779,2.3164204776549014e-8,1,9.6034867169692e-8,0.9018334746360779,-6.238536087721514e-8,0.43208372592926028],"p":[2771.509521484375,86.44314575195313,-366.02496337890627]},"j":false},{"t":2.8956515789031984,"c":{"r":[0.4257788360118866,4.5491518108065068e-8,-0.9048272371292114,1.2753131883869174e-8,1,5.627762789117696e-8,0.9048272371292114,-3.5501205530863447e-8,0.4257788360118866],"p":[2772.824462890625,86.39869689941406,-366.65338134765627]},"j":false},{"t":2.9376001358032228,"c":{"r":[0.4194529056549072,1.4228199951560328e-8,-0.9077771306037903,2.1429242824666518e-9,1,1.6663843638298205e-8,0.9077771306037903,-8.934994966125487e-9,0.4194529056549072],"p":[2774.142822265625,86.33150482177735,-367.2737121582031]},"j":false},{"t":2.979210615158081,"c":{"r":[0.38107040524482729,-1.710534114351958e-8,-0.9245460033416748,-9.7074037697098e-9,1,-2.2502444352312524e-8,0.9245460033416748,1.7549957931350947e-8,0.38107040524482729],"p":[2775.474609375,86.27168273925781,-367.8639831542969]},"j":false},{"t":3.01982045173645,"c":{"r":[0.3616243302822113,-4.880792303652015e-8,-0.9323238730430603,-2.2782115749464539e-8,1,-6.11874213518604e-8,0.9323238730430603,4.336716941111263e-8,0.3616243302822113],"p":[2776.827880859375,86.27276611328125,-368.4047546386719]},"j":false},{"t":3.062964916229248,"c":{"r":[0.34857115149497988,-8.384789396131964e-8,-0.9372823238372803,-3.7659162899217338e-8,1,-1.0346380463488458e-7,0.9372823238372803,7.13617609449102e-8,0.34857115149497988],"p":[2778.3193359375,86.3612060546875,-368.9736328125]},"j":false},{"t":3.1034605503082277,"c":{"r":[0.3485712707042694,-5.8346461884184467e-8,-0.9372822642326355,-2.6082956239292799e-8,1,-7.19508221891374e-8,0.9372822642326355,4.952708465566502e-8,0.3485712707042694],"p":[2779.543212890625,86.48412322998047,-369.42852783203127]},"j":false},{"t":3.1457183361053469,"c":{"r":[0.34857115149497988,4.413614362874796e-8,-0.9372823238372803,1.9939601969554134e-8,1,5.4504937452293237e-8,0.9372823238372803,-3.768788658931044e-8,0.34857115149497988],"p":[2780.9072265625,86.60857391357422,-369.9358215332031]},"j":false},{"t":3.187889337539673,"c":{"r":[0.3485712707042694,5.2952493945213067e-8,-0.9372822642326355,2.3797618098342356e-8,1,6.534601482144353e-8,0.9372822642326355,-4.508282813731057e-8,0.3485712707042694],"p":[2782.2744140625,86.65997314453125,-370.4442443847656]},"j":false},{"t":3.232175350189209,"c":{"r":[0.34857115149497988,2.1743916889249705e-8,-0.9372823238372803,9.638206677209383e-9,1,2.678330446315158e-8,0.9372823238372803,-1.8369608056900689e-8,0.34857115149497988],"p":[2783.6416015625,86.67193603515625,-370.9526672363281]},"j":false},{"t":3.273639678955078,"c":{"r":[0.3485712707042694,-9.398021916240396e-9,-0.9372822642326355,-4.490997795869589e-9,1,-1.1697068202920491e-8,0.9372822642326355,8.286594521678126e-9,0.3485712707042694],"p":[2785.0087890625,86.67455291748047,-371.4610900878906]},"j":true},{"t":3.280808687210083,"c":{"r":[0.34857261180877688,-1.561841322939017e-8,-0.9372817873954773,-7.313208261194859e-9,1,-1.9383282534590763e-8,0.9372817873954773,1.3611018090387006e-8,0.34857261180877688],"p":[2785.2822265625,87.11408996582031,-371.5627746582031]},"j":false},{"t":3.2819454669952394,"c":{"r":[0.34857261180877688,-1.561841322939017e-8,-0.9372817873954773,-7.313208261194859e-9,1,-1.9383282534590763e-8,0.9372817873954773,1.3611018090387006e-8,0.34857261180877688],"p":[2785.2822265625,87.11408996582031,-371.5627746582031]},"j":true},{"t":3.289478063583374,"c":{"r":[0.34857261180877688,-2.183615777084924e-8,-0.9372817873954773,-1.0134213468404596e-8,1,-2.7066212382464984e-8,0.9372817873954773,1.893315371148674e-8,0.34857261180877688],"p":[2785.5556640625,87.54000091552735,-371.6644592285156]},"j":true},{"t":3.322381019592285,"c":{"r":[0.348572701215744,-4.978314649406457e-8,-0.9372817277908325,-2.2813823719047833e-8,1,-6.15987900687287e-8,0.9372817277908325,4.285463717224047e-8,0.348572701215744],"p":[2786.7861328125,89.28800964355469,-372.1220397949219]},"j":false},{"t":3.363567352294922,"c":{"r":[0.348572701215744,-8.077236657300091e-8,-0.9372817277908325,-3.6873714748253408e-8,1,-9.989049942760175e-8,0.9372817277908325,6.938015673085829e-8,0.348572701215744],"p":[2788.1533203125,90.9066390991211,-372.6304626464844]},"j":false},{"t":3.404203414916992,"c":{"r":[0.348572701215744,-1.0860608767870872e-7,-0.9372817277908325,-4.9501956311814868e-8,1,-1.342831126294186e-7,0.9372817277908325,9.320471150431331e-8,0.348572701215744],"p":[2789.3837890625,92.0721664428711,-373.0880432128906]},"j":false},{"t":3.445159435272217,"c":{"r":[0.309171587228775,-1.5014811083347014e-7,-0.951006293296814,-2.7364608357061117e-8,1,-1.6677962833000493e-7,0.951006293296814,7.758743691965719e-8,0.309171587228775],"p":[2790.760009765625,93.04361724853516,-373.57049560546877]},"j":false},{"t":3.487567663192749,"c":{"r":[0.32246729731559756,-1.2453028830350377e-7,-0.9465805888175964,2.7032859506448405e-8,1,-1.2234887947215612e-7,0.9465805888175964,1.3864729808688026e-8,0.32246729731559756],"p":[2792.140869140625,93.67443084716797,-374.038330078125]},"j":false},{"t":3.529350757598877,"c":{"r":[0.3220353424549103,-1.4893299749019207e-7,-0.9467276334762573,8.414702534764729e-8,1,-1.2869031706941315e-7,0.9467276334762573,-3.82214828675842e-8,0.3220353424549103],"p":[2793.52392578125,93.9646224975586,-374.5016784667969]},"j":false},{"t":3.571258783340454,"c":{"r":[0.3548932671546936,-1.4847111629023858e-7,-0.9349068403244019,6.700221888422675e-8,1,-1.3337422899439844e-7,0.9349068403244019,-1.530721505105248e-8,0.3548932671546936],"p":[2794.89697265625,93.91419219970703,-374.99322509765627]},"j":false},{"t":3.61193585395813,"c":{"r":[0.38686418533325198,-1.3905247442380642e-7,-0.9221367239952087,1.790986736693867e-8,1,-1.4328004738217715e-7,0.9221367239952087,3.891457467375403e-8,0.38686418533325198],"p":[2796.256103515625,93.52313232421875,-375.5207824707031]},"j":false},{"t":3.6560771465301515,"c":{"r":[0.48547589778900149,-1.6228155175213033e-7,-0.874250054359436,2.8454947287315237e-9,1,-1.840436141264945e-7,0.874250054359436,8.686106411914807e-8,0.48547589778900149],"p":[2797.7119140625,92.69954681396485,-376.19287109375]},"j":false},{"t":3.703761100769043,"c":{"r":[0.5818136930465698,-1.6229896004915646e-7,-0.813322126865387,1.1830366908327506e-8,1,-1.9108775006770885e-7,0.813322126865387,1.0155557106372726e-7,0.5818136930465698],"p":[2799.064453125,91.46379852294922,-377.0513916015625]},"j":false},{"t":3.7464795112609865,"c":{"r":[0.5821210145950317,-1.5414545373459988e-7,-0.8131021857261658,1.3482842398104822e-8,1,-1.7992425682678005e-7,0.8131021857261658,9.377475862493157e-8,0.5821210145950317],"p":[2800.2509765625,89.98274230957031,-377.9002380371094]},"j":false},{"t":3.7891852855682375,"c":{"r":[0.592717707157135,-3.9809839869064948e-9,-0.8054102659225464,1.263181004240721e-9,1,-4.013202214991907e-9,0.8054102659225464,1.3613169480564125e-9,0.592717707157135],"p":[2801.55615234375,87.96015930175781,-378.8341369628906]},"j":false},{"t":3.8368735313415529,"c":{"r":[0.6266049146652222,7.628883480492732e-8,-0.7793370485305786,-1.1797605559138447e-8,1,8.840385135044926e-8,0.7793370485305786,-4.619997895360939e-8,0.6266049146652222],"p":[2802.82470703125,86.50682067871094,-379.8162536621094]},"j":false},{"t":3.8389248847961427,"c":{"r":[0.6266049146652222,7.628883480492732e-8,-0.7793370485305786,-1.1797605559138447e-8,1,8.840385135044926e-8,0.7793370485305786,-4.619997895360939e-8,0.6266049146652222],"p":[2802.82470703125,86.50682067871094,-379.8162536621094]},"j":true},{"t":3.8488447666168215,"c":{"r":[0.6266062259674072,9.066801709423089e-8,-0.7793359756469727,-1.4302608875027545e-8,1,1.0484042434200092e-7,0.7793359756469727,-5.454712592722899e-8,0.6266062259674072],"p":[2803.05224609375,86.54597473144531,-379.99896240234377]},"j":true},{"t":3.8563339710235597,"c":{"r":[0.6266064643859863,1.0504112424314371e-7,-0.7793358564376831,-1.6806561475846139e-8,1,1.2126994874961384e-7,0.7793358564376831,-6.289057807862264e-8,0.6266064643859863],"p":[2803.27978515625,86.98892211914063,-380.18170166015627]},"j":true},{"t":3.872981071472168,"c":{"r":[0.632031261920929,1.333273615955477e-7,-0.774942934513092,-2.2040387293031928e-8,1,1.540721825676883e-7,0.774942934513092,-8.029839193568478e-8,0.632031261920929],"p":[2803.733642578125,87.84074401855469,-380.5483703613281]},"j":true},{"t":3.879012107849121,"c":{"r":[0.6424034833908081,1.4452930940933585e-7,-0.7663666009902954,-2.466588888694332e-8,1,1.6791422297046666e-7,0.7663666009902954,-8.89655709102044e-8,0.6424034833908081],"p":[2803.959716796875,88.24622344970703,-380.732666015625]},"j":false},{"t":3.921583652496338,"c":{"r":[0.6987565755844116,1.531352822325971e-8,-0.7153595089912415,-2.2343741079566827e-8,1,-4.184032842413643e-10,0.7153595089912415,1.6276169745310655e-8,0.6987565755844116],"p":[2805.05517578125,90.06922912597656,-381.69476318359377]},"j":false},{"t":3.9634218215942385,"c":{"r":[0.8076791763305664,-1.4927046265711398e-7,-0.5896221995353699,1.4130886683005884e-8,1,-2.3380606251066639e-7,0.5896221995353699,1.8050840822070314e-7,0.8076791763305664],"p":[2806.0380859375,91.5516128540039,-382.7692565917969]},"j":false},{"t":4.004257917404175,"c":{"r":[0.8513532280921936,-9.912768916819914e-8,-0.5245928764343262,8.442186505419614e-9,1,-1.7526048168292619e-7,0.5245928764343262,1.4477986098881957e-7,0.8513532280921936],"p":[2806.861572265625,92.69336700439453,-383.9717712402344]},"j":false},{"t":4.046768665313721,"c":{"r":[0.9069103002548218,-8.635988280047968e-8,-0.4213238060474396,9.053936267378049e-9,1,-1.854838700410255e-7,0.4213238060474396,1.644025928726478e-7,0.9069103002548218],"p":[2807.58935546875,93.49449157714844,-385.23480224609377]},"j":false},{"t":4.087774038314819,"c":{"r":[0.9680624604225159,-9.784410082147588e-8,-0.2507091462612152,1.8693643966116725e-8,1,-3.1808764333618458e-7,0.2507091462612152,3.0324204658427336e-7,0.9680624604225159],"p":[2808.134033203125,93.95500183105469,-386.585205078125]},"j":false},{"t":4.128916263580322,"c":{"r":[0.9822288155555725,-4.6407585330143777e-8,-0.18768753111362458,8.86360673746367e-9,1,-2.0087372831767426e-7,0.18768753111362458,1.9564036790598039e-7,0.9822288155555725],"p":[2808.463623046875,94.07488250732422,-388.0044860839844]},"j":false},{"t":4.171578407287598,"c":{"r":[0.9859604239463806,-3.1929587862578049e-8,-0.16697899997234345,4.623317284568884e-9,1,-1.6391989277053654e-7,0.16697899997234345,1.6084653964298924e-7,0.9859604239463806],"p":[2808.72607421875,93.85413360595703,-389.4388732910156]},"j":false},{"t":4.213070869445801,"c":{"r":[0.9902154803276062,-7.706969284981824e-9,-0.13954664766788484,-1.2291090367710922e-9,1,-6.395031704187204e-8,0.13954664766788484,6.349610970346476e-8,0.9902154803276062],"p":[2808.9541015625,93.29276275634766,-390.87921142578127]},"j":false},{"t":4.254053831100464,"c":{"r":[0.9921061992645264,-1.989328840545923e-12,-0.1254006028175354,-4.523439844916766e-9,1,-3.580303697958698e-8,0.1254006028175354,3.608765553053672e-8,0.9921061992645264],"p":[2809.149169921875,92.3907699584961,-392.3244323730469]},"j":false},{"t":4.296197414398193,"c":{"r":[0.9929661750793457,3.8153968873189118e-9,-0.11839847266674042,-6.978334354812432e-9,1,-2.6299774802396315e-8,0.11839847266674042,2.6941011199710375e-8,0.9929661750793457],"p":[2809.33056640625,91.14814758300781,-393.7714538574219]},"j":false},{"t":4.340597152709961,"c":{"r":[0.9984409213066101,9.089553110186444e-9,-0.0558188259601593,-9.996631966657788e-9,1,-1.5971194144981383e-8,0.0558188259601593,1.6504294819696953e-8,0.9984409213066101],"p":[2809.50244140625,90.44645690917969,-395.3662414550781]},"j":false},{"t":4.342737436294556,"c":{"r":[0.9984409213066101,9.089553110186444e-9,-0.0558188259601593,-9.996631966657788e-9,1,-1.5971194144981383e-8,0.0558188259601593,1.6504294819696953e-8,0.9984409213066101],"p":[2809.50244140625,90.44645690917969,-395.3662414550781]},"j":true},{"t":4.352673530578613,"c":{"r":[0.9984409213066101,9.44815248260511e-9,-0.055818822234869,-1.0303927489019316e-8,1,-1.504349356196144e-8,0.055818822234869,1.559519269278553e-8,0.9984409213066101],"p":[2809.514892578125,90.66793060302735,-395.51153564453127]},"j":true},{"t":4.363224267959595,"c":{"r":[0.9996183514595032,1.2070481503201336e-8,0.027625763788819314,-1.1730916682495263e-8,1,-1.2453675424239919e-8,-0.027625763788819314,1.212484690427118e-8,0.9996183514595032],"p":[2809.562255859375,91.5197525024414,-396.09283447265627]},"j":true},{"t":4.388387203216553,"c":{"r":[0.9790986776351929,6.495879034673635e-8,0.20338593423366548,2.3466565579610689e-8,1,-4.3235476709924117e-7,-0.20338593423366548,4.280907432985259e-7,0.9790986776351929],"p":[2809.569580078125,92.6953125,-396.9657897949219]},"j":false},{"t":4.428788900375366,"c":{"r":[0.7711213827133179,0.0000011888537301274483,0.6366881728172302,1.7157060483441456e-7,1,-0.0000020750433122884717,-0.6366881728172302,0.0000017093472024498624,0.7711213827133179],"p":[2809.384765625,94.38206481933594,-398.3956604003906]},"j":false},{"t":4.483158349990845,"c":{"r":[0.5494306683540344,0.000004458263447304489,0.8355392813682556,2.8349148806228188e-7,1,-0.000005522208539332496,-0.8355392813682556,0.0000032709392598917477,0.5494306683540344],"p":[2808.801513671875,96.06561279296875,-400.12030029296877]},"j":false},{"t":4.530039072036743,"c":{"r":[0.5120762586593628,2.1861438881387586e-7,0.8589400053024292,1.2525739556679128e-8,1,-2.619839847284311e-7,-0.8589400053024292,1.4491463673493855e-7,0.5120762586593628],"p":[2808.033447265625,97.04052734375,-401.402587890625]},"j":false},{"t":4.57071852684021,"c":{"r":[0.5120404958724976,-1.1359764329199607e-7,0.8589613437652588,-6.532117957647188e-9,1,1.361439103675366e-7,-0.8589613437652588,-7.532202772608798e-8,0.5120404958724976],"p":[2807.127197265625,97.56916046142578,-402.41119384765627]},"j":false},{"t":4.613166570663452,"c":{"r":[0.5120404362678528,-8.102114890107259e-8,0.8589613437652588,-4.610309911612376e-9,1,9.707282799809036e-8,-0.8589613437652588,-5.3665289101445526e-8,0.5120404362678528],"p":[2806.02294921875,97.75716400146485,-403.2701110839844]},"j":false},{"t":4.654075622558594,"c":{"r":[0.5294674038887024,-2.249081276772813e-8,0.8483303189277649,-1.6690923088091836e-9,1,2.755358785577755e-8,-0.8483303189277649,-1.600466781326304e-8,0.5294674038887024],"p":[2804.779052734375,97.60453796386719,-404.0247802734375]},"j":false},{"t":4.695446491241455,"c":{"r":[0.5475009679794312,9.824660907042926e-8,0.8368050456047058,2.9243512056353895e-9,1,-1.1932013421755983e-7,-0.8368050456047058,6.777500516363944e-8,0.5475009679794312],"p":[2803.55078125,97.11129760742188,-404.8108215332031]},"j":false},{"t":4.7370285987854,"c":{"r":[0.5475619435310364,3.316218055715581e-8,0.8367651104927063,1.4197515385561133e-9,1,-4.056046520872769e-8,-0.8367651104927063,2.339736759893185e-8,0.5475619435310364],"p":[2802.330078125,96.27742767333985,-405.60943603515627]},"j":false},{"t":4.778523921966553,"c":{"r":[0.5358260869979858,-7.500580068153795e-8,0.8443284034729004,-1.967392915247501e-9,1,9.008341095295691e-8,-0.8443284034729004,-4.993016844423437e-8,0.5358260869979858],"p":[2801.109375,95.16828155517578,-406.4080810546875]},"j":false},{"t":4.815435886383057,"c":{"r":[0.4570958912372589,-6.061424073777744e-8,0.8894174098968506,-1.5634996630708998e-9,1,6.895403004136824e-8,-0.8894174098968506,-3.290920602694314e-8,0.4570958912372589],"p":[2800.10888671875,95.20171356201172,-407.0077209472656]},"j":true},{"t":4.822804927825928,"c":{"r":[0.44463440775871279,-5.651360979186393e-8,0.89571213722229,-1.1955733070223574e-9,1,6.368698279857199e-8,-0.89571213722229,-2.9388314004563655e-8,0.44463440775871279],"p":[2799.85302734375,95.64125061035156,-407.1476135253906]},"j":false},{"t":4.823668479919434,"c":{"r":[0.44463440775871279,-5.651360979186393e-8,0.89571213722229,-1.1955733070223574e-9,1,6.368698279857199e-8,-0.89571213722229,-2.9388314004563655e-8,0.44463440775871279],"p":[2799.85302734375,95.64125061035156,-407.1476135253906]},"j":true},{"t":4.830129146575928,"c":{"r":[0.44463443756103518,-5.196138985752441e-8,0.89571213722229,-8.27802992819926e-10,1,5.842218442353442e-8,-0.89571213722229,-2.6717987822166834e-8,0.44463443756103518],"p":[2799.59375,96.0671615600586,-407.2812805175781]},"j":true},{"t":4.863333225250244,"c":{"r":[0.44463440775871279,-3.377194701670305e-8,0.89571213722229,6.417067988095937e-10,1,3.738547249554358e-8,-0.89571213722229,-1.6048083750774823e-8,0.44463440775871279],"p":[2798.549072265625,97.63457489013672,-407.8006896972656]},"j":false},{"t":4.903761625289917,"c":{"r":[0.44463446736335757,-1.1078797435004617e-8,0.89571213722229,2.475051052996946e-9,1,1.1140079969607087e-8,-0.89571213722229,-2.7363302734784158e-9,0.44463446736335757],"p":[2797.242919921875,99.28726196289063,-408.4491882324219]},"j":false},{"t":4.946015357971191,"c":{"r":[0.44463440775871279,1.1565947310998581e-8,0.89571213722229,4.304464784610218e-9,1,-1.5049321788751514e-8,-0.89571213722229,1.0547007711636525e-8,0.44463440775871279],"p":[2795.936767578125,100.59932708740235,-409.0976867675781]},"j":false},{"t":4.9876508712768559,"c":{"r":[0.4141276180744171,7.308643290571126e-8,0.9102188348770142,9.189692562472374e-9,1,-8.447653954135603e-8,-0.9102188348770142,4.334870240541022e-8,0.4141276180744171],"p":[2794.49462890625,101.64918518066406,-409.7998046875]},"j":false},{"t":5.028893947601318,"c":{"r":[0.4067497253417969,1.2269235583062255e-7,0.9135396480560303,1.0569032760088249e-8,1,-1.3901018292017398e-7,-0.9135396480560303,6.619757897396994e-8,0.4067497253417969],"p":[2793.296142578125,102.20159149169922,-410.3363037109375]},"j":false},{"t":5.073070287704468,"c":{"r":[0.3749856948852539,1.4258617397899798e-7,0.927030622959137,9.068404693834964e-9,1,-1.5747775705676759e-7,-0.927030622959137,6.74585933779781e-8,0.3749856948852539],"p":[2791.9619140625,102.49178314208985,-410.92578125]},"j":false},{"t":5.121975898742676,"c":{"r":[0.2964785099029541,1.449288049570896e-7,0.9550395011901856,7.51137996246598e-9,1,-1.5408343756462274e-7,-0.9550395011901856,5.285609105953881e-8,0.2964785099029541],"p":[2790.3203125,102.39038848876953,-411.5297546386719]},"j":false},{"t":5.162884950637817,"c":{"r":[0.20231866836547852,1.6460452911815083e-7,0.9793197512626648,9.274385703861299e-9,1,-1.6999648266846635e-7,-0.9793197512626648,4.3476049427226829e-8,0.20231866836547852],"p":[2788.914306640625,101.93120574951172,-411.9145202636719]},"j":false},{"t":5.204214334487915,"c":{"r":[0.1805274933576584,1.365394268759701e-7,0.9835699200630188,8.152582609000092e-9,1,-1.4031661521585193e-7,-0.9835699200630188,3.3349639494417718e-8,0.1805274933576584],"p":[2787.48193359375,101.13140106201172,-412.18719482421877]},"j":false},{"t":5.247597932815552,"c":{"r":[0.18051892518997193,1.064627142000063e-7,0.9835715293884277,7.131370161062023e-9,1,-1.0954980211863585e-7,-0.9835715293884277,2.679002442107503e-8,0.18051892518997193],"p":[2786.04638671875,99.99095916748047,-412.4505615234375]},"j":false},{"t":5.2742133140563969,"c":{"r":[0.1805187463760376,8.844769894267302e-8,0.9835715293884277,6.520681328225919e-9,1,-9.112179100156936e-8,-0.9835715293884277,2.2862748139118595e-8,0.1805187463760376],"p":[2785.18505859375,99.14320373535156,-412.60858154296877]},"j":true},{"t":5.283926486968994,"c":{"r":[0.1805187463760376,7.